2786091,39.0625,609.375,789.0625,-85.9375,-789.0625,640.625,203.125,-906.25,414.0625,429.6875,-898.4375,156.25,453.125,-859.375,273.4375
2786091,39.0625,609.375,789.0625,-85.9375,-789.0625,640.625,203.125,-906.25,414.0625,429.6875,-898.4375,156.25,453.125,-859.375,273.4375
2786091,39.0625,609.375,796.875,-93.75,-804.6875,648.4375,203.125,-914.0625,398.4375,437.5,-890.625,148.4375,460.9375,-859.375,273.4375
2786091,39.0625,609.375,796.875,-93.75,-804.6875,648.4375,203.125,-914.0625,398.4375,437.5,-890.625,148.4375,460.9375,-859.375,273.4375
2786100,39.0625,609.375,789.0625,-85.9375,-804.6875,632.8125,203.125,-906.25,406.25,437.5,-890.625,156.25,460.9375,-859.375,281.25
2786100,39.0625,609.375,789.0625,-85.9375,-804.6875,632.8125,203.125,-906.25,406.25,437.5,-890.625,156.25,460.9375,-859.375,281.25
2786252,39.0625,617.1875,796.875,-85.9375,-789.0625,656.25,195.3125,-906.25,406.25,421.875,-898.4375,148.4375,445.3125,-843.75,273.4375
2786252,39.0625,617.1875,796.875,-85.9375,-789.0625,656.25,195.3125,-906.25,406.25,421.875,-898.4375,148.4375,445.3125,-843.75,273.4375
2786261,39.0625,609.375,796.875,-101.5625,-796.875,648.4375,195.3125,-906.25,421.875,429.6875,-890.625,156.25,460.9375,-851.5625,281.25
2786261,39.0625,609.375,796.875,-101.5625,-796.875,648.4375,195.3125,-906.25,421.875,429.6875,-890.625,156.25,460.9375,-851.5625,281.25
2786268,39.0625,609.375,789.0625,-101.5625,-796.875,648.4375,203.125,-914.0625,414.0625,437.5,-890.625,156.25,460.9375,-851.5625,281.25
2786268,39.0625,609.375,789.0625,-101.5625,-796.875,648.4375,203.125,-914.0625,414.0625,437.5,-890.625,156.25,460.9375,-851.5625,281.25
2786423,39.0625,609.375,796.875,-85.9375,-796.875,648.4375,195.3125,-914.0625,421.875,429.6875,-890.625,148.4375,460.9375,-851.5625,273.4375
2786423,39.0625,609.375,796.875,-85.9375,-796.875,648.4375,195.3125,-914.0625,421.875,429.6875,-890.625,148.4375,460.9375,-851.5625,273.4375
2786430,46.875,601.5625,789.0625,-85.9375,-789.0625,640.625,195.3125,-906.25,406.25,429.6875,-882.8125,148.4375,453.125,-859.375,273.4375
2786430,46.875,601.5625,789.0625,-85.9375,-789.0625,640.625,195.3125,-906.25,406.25,429.6875,-882.8125,148.4375,453.125,-859.375,273.4375
2786430,46.875,609.375,789.0625,-93.75,-789.0625,640.625,203.125,-906.25,414.0625,437.5,-890.625,156.25,453.125,-843.75,273.4375
2786430,46.875,609.375,789.0625,-93.75,-789.0625,640.625,203.125,-906.25,414.0625,437.5,-890.625,156.25,453.125,-843.75,273.4375
2786575,46.875,609.375,789.0625,-101.5625,-789.0625,640.625,195.3125,-906.25,414.0625,437.5,-890.625,156.25,453.125,-851.5625,281.25
2786575,46.875,609.375,789.0625,-101.5625,-789.0625,640.625,195.3125,-906.25,414.0625,437.5,-890.625,156.25,453.125,-851.5625,281.25
2786575,39.0625,617.1875,789.0625,-93.75,-789.0625,640.625,203.125,-914.0625,414.0625,429.6875,-898.4375,164.0625,460.9375,-851.5625,265.625
2786575,39.0625,617.1875,789.0625,-93.75,-789.0625,640.625,203.125,-914.0625,414.0625,429.6875,-898.4375,164.0625,460.9375,-851.5625,265.625
2786584,46.875,609.375,789.0625,-93.75,-789.0625,632.8125,195.3125,-906.25,414.0625,429.6875,-898.4375,156.25,453.125,-859.375,273.4375
2786584,46.875,609.375,789.0625,-93.75,-789.0625,632.8125,195.3125,-906.25,414.0625,429.6875,-898.4375,156.25,453.125,-859.375,273.4375
2786737,39.0625,617.1875,789.0625,-93.75,-789.0625,648.4375,203.125,-906.25,414.0625,437.5,-882.8125,156.25,453.125,-851.5625,273.4375
2786737,39.0625,617.1875,789.0625,-93.75,-789.0625,648.4375,203.125,-906.25,414.0625,437.5,-882.8125,156.25,453.125,-851.5625,273.4375
2786745,46.875,609.375,789.0625,-93.75,-789.0625,640.625,203.125,-906.25,414.0625,429.6875,-890.625,156.25,453.125,-843.75,273.4375
2786745,46.875,609.375,789.0625,-93.75,-789.0625,640.625,203.125,-906.25,414.0625,429.6875,-890.625,156.25,453.125,-843.75,273.4375
2786753,46.875,609.375,789.0625,-85.9375,-789.0625,648.4375,195.3125,-906.25,414.0625,437.5,-890.625,164.0625,453.125,-851.5625,273.4375
2786753,46.875,609.375,789.0625,-85.9375,-789.0625,648.4375,195.3125,-906.25,414.0625,437.5,-890.625,164.0625,453.125,-851.5625,273.4375
2786906,46.875,601.5625,789.0625,-93.75,-796.875,640.625,195.3125,-914.0625,414.0625,429.6875,-890.625,156.25,460.9375,-859.375,273.4375
2786906,46.875,601.5625,789.0625,-93.75,-796.875,640.625,195.3125,-914.0625,414.0625,429.6875,-890.625,156.25,460.9375,-859.375,273.4375
2786914,39.0625,617.1875,796.875,-85.9375,-796.875,640.625,203.125,-914.0625,406.25,437.5,-898.4375,164.0625,460.9375,-859.375,273.4375
2786914,39.0625,617.1875,796.875,-85.9375,-796.875,640.625,203.125,-914.0625,406.25,437.5,-898.4375,164.0625,460.9375,-859.375,273.4375
2786914,46.875,609.375,796.875,-93.75,-804.6875,640.625,195.3125,-914.0625,421.875,437.5,-898.4375,156.25,460.9375,-859.375,273.4375
2786914,46.875,609.375,796.875,-93.75,-804.6875,640.625,195.3125,-914.0625,421.875,437.5,-898.4375,156.25,460.9375,-859.375,273.4375
2787059,39.0625,609.375,796.875,-93.75,-789.0625,648.4375,195.3125,-914.0625,414.0625,437.5,-890.625,156.25,453.125,-843.75,273.4375
2787059,39.0625,609.375,796.875,-93.75,-789.0625,648.4375,195.3125,-914.0625,414.0625,437.5,-890.625,156.25,453.125,-843.75,273.4375
2787059,46.875,625.0,789.0625,-85.9375,-796.875,648.4375,195.3125,-914.0625,406.25,429.6875,-898.4375,164.0625,460.9375,-859.375,289.0625
2787059,46.875,625.0,789.0625,-85.9375,-796.875,648.4375,195.3125,-914.0625,406.25,429.6875,-898.4375,164.0625,460.9375,-859.375,289.0625
2787067,39.0625,625.0,796.875,-93.75,-796.875,640.625,187.5,-906.25,406.25,429.6875,-890.625,164.0625,460.9375,-859.375,281.25
2787067,39.0625,625.0,796.875,-93.75,-796.875,640.625,187.5,-906.25,406.25,429.6875,-890.625,164.0625,460.9375,-859.375,281.25
2787228,54.6875,617.1875,796.875,-85.9375,-789.0625,640.625,203.125,-906.25,414.0625,429.6875,-882.8125,164.0625,453.125,-851.5625,273.4375
2787228,54.6875,617.1875,796.875,-85.9375,-789.0625,640.625,203.125,-906.25,414.0625,429.6875,-882.8125,164.0625,453.125,-851.5625,273.4375
2787236,46.875,617.1875,781.25,-85.9375,-781.25,640.625,195.3125,-906.25,414.0625,429.6875,-890.625,156.25,460.9375,-851.5625,281.25
2787236,46.875,617.1875,781.25,-85.9375,-781.25,640.625,195.3125,-906.25,414.0625,429.6875,-890.625,156.25,460.9375,-851.5625,281.25
2787236,46.875,617.1875,789.0625,-85.9375,-796.875,640.625,203.125,-898.4375,414.0625,429.6875,-890.625,148.4375,453.125,-851.5625,265.625
2787236,46.875,617.1875,789.0625,-85.9375,-796.875,640.625,203.125,-898.4375,414.0625,429.6875,-890.625,148.4375,453.125,-851.5625,265.625
2787381,39.0625,617.1875,804.6875,-93.75,-796.875,648.4375,195.3125,-906.25,414.0625,437.5,-890.625,156.25,460.9375,-851.5625,281.25
2787381,39.0625,617.1875,804.6875,-93.75,-796.875,648.4375,195.3125,-906.25,414.0625,437.5,-890.625,156.25,460.9375,-851.5625,281.25
2787382,46.875,609.375,789.0625,-93.75,-789.0625,648.4375,203.125,-898.4375,414.0625,437.5,-898.4375,156.25,453.125,-851.5625,281.25
2787382,46.875,609.375,789.0625,-93.75,-789.0625,648.4375,203.125,-898.4375,414.0625,437.5,-898.4375,156.25,453.125,-851.5625,281.25
2787389,39.0625,609.375,789.0625,-93.75,-796.875,648.4375,195.3125,-906.25,406.25,437.5,-890.625,148.4375,453.125,-851.5625,289.0625
2787389,39.0625,609.375,789.0625,-93.75,-796.875,648.4375,195.3125,-906.25,406.25,437.5,-890.625,148.4375,453.125,-851.5625,289.0625
2787552,46.875,617.1875,789.0625,-85.9375,-796.875,648.4375,203.125,-914.0625,414.0625,437.5,-890.625,156.25,453.125,-851.5625,281.25
2787552,46.875,617.1875,789.0625,-85.9375,-796.875,648.4375,203.125,-914.0625,414.0625,437.5,-890.625,156.25,453.125,-851.5625,281.25
2787558,39.0625,609.375,789.0625,-93.75,-796.875,632.8125,195.3125,-906.25,406.25,429.6875,-890.625,148.4375,453.125,-851.5625,281.25
2787558,39.0625,609.375,789.0625,-93.75,-796.875,632.8125,195.3125,-906.25,406.25,429.6875,-890.625,148.4375,453.125,-851.5625,281.25
2787558,46.875,609.375,789.0625,-85.9375,-796.875,640.625,203.125,-906.25,406.25,429.6875,-890.625,156.25,453.125,-859.375,281.25
2787558,46.875,609.375,789.0625,-85.9375,-796.875,640.625,203.125,-906.25,406.25,429.6875,-890.625,156.25,453.125,-859.375,281.25
2787704,46.875,617.1875,789.0625,-85.9375,-789.0625,632.8125,203.125,-898.4375,414.0625,429.6875,-882.8125,148.4375,460.9375,-851.5625,281.25
2787704,46.875,617.1875,789.0625,-85.9375,-789.0625,632.8125,203.125,-898.4375,414.0625,429.6875,-882.8125,148.4375,460.9375,-851.5625,281.25
2787713,46.875,617.1875,796.875,-85.9375,-796.875,640.625,195.3125,-906.25,414.0625,429.6875,-890.625,164.0625,453.125,-851.5625,281.25
2787713,46.875,617.1875,796.875,-85.9375,-796.875,640.625,195.3125,-906.25,414.0625,429.6875,-890.625,164.0625,453.125,-851.5625,281.25
2787720,46.875,617.1875,796.875,-93.75,-804.6875,648.4375,203.125,-906.25,414.0625,437.5,-882.8125,156.25,453.125,-851.5625,273.4375
2787720,46.875,617.1875,796.875,-93.75,-804.6875,648.4375,203.125,-906.25,414.0625,437.5,-882.8125,156.25,453.125,-851.5625,273.4375
2787865,335.9375,750.0,921.875,0.0,-929.6875,820.3125,343.75,-1062.5,492.1875,617.1875,-1109.375,148.4375,742.1875,-953.125,421.875
2787865,335.9375,750.0,921.875,0.0,-929.6875,820.3125,343.75,-1062.5,492.1875,617.1875,-1109.375,148.4375,742.1875,-953.125,421.875
2787866,187.5,828.125,875.0,-101.5625,-976.5625,867.1875,429.6875,-921.875,515.625,-203.125,-1250.0,-375.0,726.5625,-992.1875,492.1875
2787866,187.5,828.125,875.0,-101.5625,-976.5625,867.1875,429.6875,-921.875,515.625,-203.125,-1250.0,-375.0,726.5625,-992.1875,492.1875
2787874,226.5625,835.9375,914.0625,-23.4375,-1046.875,914.0625,234.375,-1195.3125,578.125,796.875,-882.8125,187.5,789.0625,-976.5625,554.6875
2787874,226.5625,835.9375,914.0625,-23.4375,-1046.875,914.0625,234.375,-1195.3125,578.125,796.875,-882.8125,187.5,789.0625,-976.5625,554.6875
2787954,304.6875,1257.8125,875.0,-15.625,-1085.9375,1257.8125,398.4375,-1554.6875,976.5625,1085.9375,-1593.75,617.1875,898.4375,-1359.375,1101.5625
2787954,304.6875,1257.8125,875.0,-15.625,-1085.9375,1257.8125,398.4375,-1554.6875,976.5625,1085.9375,-1593.75,617.1875,898.4375,-1359.375,1101.5625
2787962,585.9375,1289.0625,835.9375,-109.375,-1125.0,1195.3125,320.3125,-1460.9375,835.9375,984.375,-1437.5,492.1875,882.8125,-1328.125,953.125
2787962,585.9375,1289.0625,835.9375,-109.375,-1125.0,1195.3125,320.3125,-1460.9375,835.9375,984.375,-1437.5,492.1875,882.8125,-1328.125,953.125
2787962,757.8125,1757.8125,796.875,-132.8125,-976.5625,1195.3125,257.8125,-1367.1875,757.8125,804.6875,-1296.875,328.125,812.5,-1296.875,789.0625
2787962,757.8125,1757.8125,796.875,-132.8125,-976.5625,1195.3125,257.8125,-1367.1875,757.8125,804.6875,-1296.875,328.125,812.5,-1296.875,789.0625
2787970,507.8125,2585.9375,804.6875,-70.3125,-804.6875,1359.375,250.0,-1203.125,734.375,656.25,-1164.0625,218.75,726.5625,-1242.1875,640.625
2787970,507.8125,2585.9375,804.6875,-70.3125,-804.6875,1359.375,250.0,-1203.125,734.375,656.25,-1164.0625,218.75,726.5625,-1242.1875,640.625
2787978,0.0,3078.125,835.9375,31.25,-710.9375,1515.625,257.8125,-1062.5,750.0,531.25,-1070.3125,203.125,601.5625,-1187.5,476.5625
2787978,0.0,3078.125,835.9375,31.25,-710.9375,1515.625,257.8125,-1062.5,750.0,531.25,-1070.3125,203.125,601.5625,-1187.5,476.5625
2787978,-210.9375,2453.125,945.3125,187.5,-679.6875,1531.25,265.625,-968.75,804.6875,468.75,-1023.4375,234.375,515.625,-1203.125,312.5
2787978,-210.9375,2453.125,945.3125,187.5,-679.6875,1531.25,265.625,-968.75,804.6875,468.75,-1023.4375,234.375,515.625,-1203.125,312.5
2787986,382.8125,1757.8125,1078.125,164.0625,-796.875,1375.0,312.5,-1101.5625,812.5,500.0,-1054.6875,265.625,453.125,-1242.1875,203.125
2787986,382.8125,1757.8125,1078.125,164.0625,-796.875,1375.0,312.5,-1101.5625,812.5,500.0,-1054.6875,265.625,453.125,-1242.1875,203.125
2787986,617.1875,1265.625,968.75,-31.25,-914.0625,1210.9375,250.0,-1250.0,781.25,578.125,-1101.5625,250.0,437.5,-1234.375,187.5
2787986,617.1875,1265.625,968.75,-31.25,-914.0625,1210.9375,250.0,-1250.0,781.25,578.125,-1101.5625,250.0,437.5,-1234.375,187.5
2787994,539.0625,867.1875,921.875,-70.3125,-960.9375,1125.0,179.6875,-1265.625,718.75,546.875,-1203.125,171.875,453.125,-1242.1875,195.3125
2787994,539.0625,867.1875,921.875,-70.3125,-960.9375,1125.0,179.6875,-1265.625,718.75,546.875,-1203.125,171.875,453.125,-1242.1875,195.3125
2788002,351.5625,632.8125,867.1875,-70.3125,-1000.0,1054.6875,156.25,-1273.4375,656.25,539.0625,-1257.8125,109.375,445.3125,-1273.4375,234.375
2788002,351.5625,632.8125,867.1875,-70.3125,-1000.0,1054.6875,156.25,-1273.4375,656.25,539.0625,-1257.8125,109.375,445.3125,-1273.4375,234.375
2788003,179.6875,562.5,773.4375,-78.125,-1023.4375,1007.8125,117.1875,-1242.1875,640.625,500.0,-1296.875,70.3125,437.5,-1273.4375,257.8125
2788003,179.6875,562.5,773.4375,-78.125,-1023.4375,1007.8125,117.1875,-1242.1875,640.625,500.0,-1296.875,70.3125,437.5,-1273.4375,257.8125
2788010,-15.625,625.0,640.625,-164.0625,-1156.25,906.25,109.375,-1375.0,601.5625,476.5625,-1320.3125,85.9375,414.0625,-1242.1875,312.5
2788010,-15.625,625.0,640.625,-164.0625,-1156.25,906.25,109.375,-1375.0,601.5625,476.5625,-1320.3125,85.9375,414.0625,-1242.1875,312.5
2788124,164.0625,726.5625,632.8125,-203.125,-671.875,468.75,-218.75,-835.9375,164.0625,15.625,-867.1875,-148.4375,-70.3125,-906.25,70.3125
2788124,164.0625,726.5625,632.8125,-203.125,-671.875,468.75,-218.75,-835.9375,164.0625,15.625,-867.1875,-148.4375,-70.3125,-906.25,70.3125
2788131,140.625,703.125,578.125,-195.3125,-640.625,445.3125,-156.25,-804.6875,101.5625,15.625,-820.3125,-164.0625,-78.125,-906.25,46.875
2788131,140.625,703.125,578.125,-195.3125,-640.625,445.3125,-156.25,-804.6875,101.5625,15.625,-820.3125,-164.0625,-78.125,-906.25,46.875
2788139,117.1875,726.5625,500.0,-156.25,-625.0,429.6875,-210.9375,-781.25,140.625,62.5,-828.125,-164.0625,-31.25,-859.375,101.5625
2788139,117.1875,726.5625,500.0,-156.25,-625.0,429.6875,-210.9375,-781.25,140.625,62.5,-828.125,-164.0625,-31.25,-859.375,101.5625
2788300,156.25,843.75,-460.9375,406.25,101.5625,867.1875,687.5,-171.875,695.3125,703.125,-125.0,664.0625,570.3125,-101.5625,757.8125
2788300,156.25,843.75,-460.9375,406.25,101.5625,867.1875,687.5,-171.875,695.3125,703.125,-125.0,664.0625,570.3125,-101.5625,757.8125
2788301,171.875,835.9375,-468.75,406.25,117.1875,882.8125,671.875,-171.875,718.75,695.3125,-132.8125,679.6875,570.3125,-109.375,789.0625
2788301,171.875,835.9375,-468.75,406.25,117.1875,882.8125,671.875,-171.875,718.75,695.3125,-132.8125,679.6875,570.3125,-109.375,789.0625
2788309,164.0625,828.125,-507.8125,421.875,132.8125,882.8125,679.6875,-164.0625,710.9375,710.9375,-117.1875,687.5,578.125,-101.5625,796.875
2788309,164.0625,828.125,-507.8125,421.875,132.8125,882.8125,679.6875,-164.0625,710.9375,710.9375,-117.1875,687.5,578.125,-101.5625,796.875
2788373,156.25,703.125,-570.3125,335.9375,156.25,820.3125,593.75,-125.0,671.875,640.625,-125.0,687.5,507.8125,-117.1875,812.5
2788373,156.25,703.125,-570.3125,335.9375,156.25,820.3125,593.75,-125.0,671.875,640.625,-125.0,687.5,507.8125,-117.1875,812.5
2788381,148.4375,703.125,-593.75,359.375,156.25,835.9375,625.0,-132.8125,703.125,656.25,-109.375,679.6875,531.25,-109.375,804.6875
2788381,148.4375,703.125,-593.75,359.375,156.25,835.9375,625.0,-132.8125,703.125,656.25,-109.375,679.6875,531.25,-109.375,804.6875
2788381,125.0,718.75,-617.1875,367.1875,179.6875,843.75,617.1875,-125.0,703.125,648.4375,-93.75,695.3125,531.25,-101.5625,804.6875
2788381,125.0,718.75,-617.1875,367.1875,179.6875,843.75,617.1875,-125.0,703.125,648.4375,-93.75,695.3125,531.25,-101.5625,804.6875
2788454,-46.875,789.0625,-570.3125,242.1875,85.9375,976.5625,585.9375,-250.0,835.9375,664.0625,-281.25,781.25,460.9375,-281.25,945.3125
2788454,-46.875,789.0625,-570.3125,242.1875,85.9375,976.5625,585.9375,-250.0,835.9375,664.0625,-281.25,781.25,460.9375,-281.25,945.3125
2788462,-54.6875,812.5,-562.5,250.0,39.0625,976.5625,585.9375,-304.6875,835.9375,687.5,-328.125,773.4375,460.9375,-328.125,960.9375
2788462,-54.6875,812.5,-562.5,250.0,39.0625,976.5625,585.9375,-304.6875,835.9375,687.5,-328.125,773.4375,460.9375,-328.125,960.9375
2788462,-46.875,828.125,-546.875,273.4375,-15.625,992.1875,601.5625,-367.1875,828.125,695.3125,-375.0,789.0625,468.75,-375.0,976.5625
2788462,-46.875,828.125,-546.875,273.4375,-15.625,992.1875,601.5625,-367.1875,828.125,695.3125,-375.0,789.0625,468.75,-375.0,976.5625
2788857,-820.3125,539.0625,-398.4375,-617.1875,257.8125,851.5625,-296.875,-70.3125,1054.6875,-281.25,-539.0625,953.125,-578.125,-281.25,914.0625
2788857,-820.3125,539.0625,-398.4375,-617.1875,257.8125,851.5625,-296.875,-70.3125,1054.6875,-281.25,-539.0625,953.125,-578.125,-281.25,914.0625
2788865,-812.5,539.0625,-406.25,-609.375,234.375,851.5625,-273.4375,-70.3125,1046.875,-257.8125,-539.0625,945.3125,-554.6875,-296.875,914.0625
2788865,-812.5,539.0625,-406.25,-609.375,234.375,851.5625,-273.4375,-70.3125,1046.875,-257.8125,-539.0625,945.3125,-554.6875,-296.875,914.0625
2788865,-796.875,531.25,-414.0625,-578.125,250.0,875.0,-273.4375,-85.9375,1039.0625,-250.0,-539.0625,937.5,-554.6875,-296.875,914.0625
2788865,-796.875,531.25,-414.0625,-578.125,250.0,875.0,-273.4375,-85.9375,1039.0625,-250.0,-539.0625,937.5,-554.6875,-296.875,914.0625
2788930,-687.5,640.625,-453.125,-445.3125,226.5625,945.3125,-109.375,-117.1875,1039.0625,-78.125,-515.625,945.3125,-351.5625,-312.5,976.5625
2788930,-687.5,640.625,-453.125,-445.3125,226.5625,945.3125,-109.375,-117.1875,1039.0625,-78.125,-515.625,945.3125,-351.5625,-312.5,976.5625
2788938,-695.3125,656.25,-460.9375,-437.5,203.125,937.5,-85.9375,-132.8125,1046.875,-54.6875,-515.625,953.125,-343.75,-320.3125,968.75
2788938,-695.3125,656.25,-460.9375,-437.5,203.125,937.5,-85.9375,-132.8125,1046.875,-54.6875,-515.625,953.125,-343.75,-320.3125,968.75
2788946,-695.3125,671.875,-460.9375,-414.0625,195.3125,953.125,-78.125,-140.625,1054.6875,-39.0625,-515.625,945.3125,-335.9375,-328.125,968.75
2788946,-695.3125,671.875,-460.9375,-414.0625,195.3125,953.125,-78.125,-140.625,1054.6875,-39.0625,-515.625,945.3125,-335.9375,-328.125,968.75
2789107,-593.75,671.875,-421.875,-359.375,164.0625,929.6875,-31.25,-164.0625,976.5625,15.625,-492.1875,882.8125,-242.1875,-328.125,906.25
2789107,-593.75,671.875,-421.875,-359.375,164.0625,929.6875,-31.25,-164.0625,976.5625,15.625,-492.1875,882.8125,-242.1875,-328.125,906.25
2789107,-593.75,695.3125,-421.875,-351.5625,164.0625,921.875,-23.4375,-156.25,984.375,23.4375,-492.1875,890.625,-257.8125,-335.9375,898.4375
2789107,-593.75,695.3125,-421.875,-351.5625,164.0625,921.875,-23.4375,-156.25,984.375,23.4375,-492.1875,890.625,-257.8125,-335.9375,898.4375
2789115,-593.75,695.3125,-421.875,-351.5625,164.0625,921.875,-31.25,-164.0625,976.5625,31.25,-484.375,882.8125,-242.1875,-335.9375,898.4375
2789115,-593.75,695.3125,-421.875,-351.5625,164.0625,921.875,-31.25,-164.0625,976.5625,31.25,-484.375,882.8125,-242.1875,-335.9375,898.4375
2789252,-601.5625,703.125,-421.875,-351.5625,156.25,937.5,-23.4375,-171.875,984.375,31.25,-500.0,890.625,-250.0,-351.5625,914.0625
2789252,-601.5625,703.125,-421.875,-351.5625,156.25,937.5,-23.4375,-171.875,984.375,31.25,-500.0,890.625,-250.0,-351.5625,914.0625
2789260,-609.375,703.125,-421.875,-351.5625,156.25,929.6875,-31.25,-171.875,984.375,23.4375,-507.8125,890.625,-257.8125,-351.5625,914.0625
2789260,-609.375,703.125,-421.875,-351.5625,156.25,929.6875,-31.25,-171.875,984.375,23.4375,-507.8125,890.625,-257.8125,-351.5625,914.0625
2789268,-601.5625,703.125,-414.0625,-359.375,164.0625,929.6875,-39.0625,-164.0625,984.375,23.4375,-507.8125,882.8125,-250.0,-343.75,914.0625
2789268,-601.5625,703.125,-414.0625,-359.375,164.0625,929.6875,-39.0625,-164.0625,984.375,23.4375,-507.8125,882.8125,-250.0,-343.75,914.0625
2789421,-609.375,695.3125,-421.875,-343.75,171.875,945.3125,-23.4375,-171.875,1000.0,31.25,-507.8125,898.4375,-257.8125,-351.5625,921.875
2789421,-609.375,695.3125,-421.875,-343.75,171.875,945.3125,-23.4375,-171.875,1000.0,31.25,-507.8125,898.4375,-257.8125,-351.5625,921.875
2789430,-617.1875,695.3125,-429.6875,-359.375,164.0625,945.3125,-23.4375,-171.875,992.1875,31.25,-515.625,890.625,-257.8125,-351.5625,929.6875
2789430,-617.1875,695.3125,-429.6875,-359.375,164.0625,945.3125,-23.4375,-171.875,992.1875,31.25,-515.625,890.625,-257.8125,-351.5625,929.6875
2789430,-617.1875,695.3125,-429.6875,-351.5625,164.0625,945.3125,-15.625,-171.875,992.1875,31.25,-507.8125,898.4375,-250.0,-343.75,921.875
2789430,-617.1875,695.3125,-429.6875,-351.5625,164.0625,945.3125,-15.625,-171.875,992.1875,31.25,-507.8125,898.4375,-250.0,-343.75,921.875
2789591,-601.5625,687.5,-421.875,-343.75,164.0625,929.6875,-7.8125,-171.875,992.1875,39.0625,-507.8125,890.625,-234.375,-343.75,921.875
2789591,-601.5625,687.5,-421.875,-343.75,164.0625,929.6875,-7.8125,-171.875,992.1875,39.0625,-507.8125,890.625,-234.375,-343.75,921.875
2789591,-601.5625,703.125,-421.875,-335.9375,156.25,937.5,-15.625,-171.875,992.1875,39.0625,-507.8125,882.8125,-250.0,-343.75,921.875
2789591,-601.5625,703.125,-421.875,-335.9375,156.25,937.5,-15.625,-171.875,992.1875,39.0625,-507.8125,882.8125,-250.0,-343.75,921.875
2789599,-593.75,703.125,-421.875,-335.9375,164.0625,937.5,-15.625,-171.875,984.375,31.25,-507.8125,890.625,-234.375,-343.75,906.25
2789599,-593.75,703.125,-421.875,-335.9375,164.0625,937.5,-15.625,-171.875,984.375,31.25,-507.8125,890.625,-234.375,-343.75,906.25
2789736,-609.375,710.9375,-429.6875,-328.125,171.875,960.9375,0.0,-171.875,1000.0,46.875,-500.0,898.4375,-242.1875,-343.75,937.5
2789736,-609.375,710.9375,-429.6875,-328.125,171.875,960.9375,0.0,-171.875,1000.0,46.875,-500.0,898.4375,-242.1875,-343.75,937.5
2789744,-609.375,718.75,-429.6875,-320.3125,164.0625,960.9375,7.8125,-171.875,1007.8125,54.6875,-500.0,898.4375,-242.1875,-335.9375,929.6875
2789744,-609.375,718.75,-429.6875,-320.3125,164.0625,960.9375,7.8125,-171.875,1007.8125,54.6875,-500.0,898.4375,-242.1875,-335.9375,929.6875
2789752,-601.5625,718.75,-437.5,-320.3125,171.875,953.125,15.625,-171.875,1007.8125,46.875,-500.0,898.4375,-234.375,-335.9375,937.5
2789752,-601.5625,718.75,-437.5,-320.3125,171.875,953.125,15.625,-171.875,1007.8125,46.875,-500.0,898.4375,-234.375,-335.9375,937.5
