2112483,231.875,-1483.125,-253.75
2112483,231.875,-1483.125,-253.75
2112493,393.75,-756.875,-74.375
2112493,393.75,-756.875,-74.375
2112504,651.875,96.25,-857.5
2112504,651.875,96.25,-857.5
2112514,726.25,2493.75,-3399.375
2112514,726.25,2493.75,-3399.375
2112524,4309.375,949.375,-6724.375
2112524,4309.375,949.375,-6724.375
2112535,6181.875,-4939.375,-6934.375
2112535,6181.875,-4939.375,-6934.375
2112545,3408.125,-12101.25,-4694.375
2112545,3408.125,-12101.25,-4694.375
2112555,1242.5,-6116.25,-2948.75
2112555,1242.5,-6116.25,-2948.75
2112566,5363.75,-8006.25,-1736.875
2112566,5363.75,-8006.25,-1736.875
2112576,2489.375,-5538.75,-393.75
2112576,2489.375,-5538.75,-393.75
2112586,476.875,-3001.25,1032.5
2112586,476.875,-3001.25,1032.5
2112597,-4278.75,-2813.125,-380.625
2112597,-4278.75,-2813.125,-380.625
2112607,-2891.875,-6466.25,-5381.25
2112607,-2891.875,-6466.25,-5381.25
2112617,1185.625,-8736.875,-3898.125
2112617,1185.625,-8736.875,-3898.125
2112628,10294.375,-9292.5,-2555.0
2112628,10294.375,-9292.5,-2555.0
2112638,12998.125,-5525.625,3644.375
2112638,12998.125,-5525.625,3644.375
2112648,13212.5,-2646.875,15141.875
2112648,13212.5,-2646.875,15141.875
2112658,12915.0,-5031.25,13575.625
2112658,12915.0,-5031.25,13575.625
2112668,7966.875,-6868.75,12044.375
2112668,7966.875,-6868.75,12044.375
2112679,2310.0,-7371.875,18974.375
2112679,2310.0,-7371.875,18974.375
2112689,-9205.0,-6431.25,34776.875
2112689,-9205.0,-6431.25,34776.875
2112700,-26271.875,-9896.25,52408.125
2112700,-26271.875,-9896.25,52408.125
2112710,-37222.5,-19818.75,48943.125
2112710,-37222.5,-19818.75,48943.125
2112720,-57067.5,-45775.625,43846.25
2112720,-57067.5,-45775.625,43846.25
2112731,-90943.125,-90781.25,38793.125
2112731,-90943.125,-90781.25,38793.125
2112741,-89810.0,-143355.625,7686.875
2112741,-89810.0,-143355.625,7686.875
2112751,-45351.25,-143355.625,-45504.375
2112751,-45351.25,-143355.625,-45504.375
2112762,-84686.875,-142436.875,-51686.25
2112762,-84686.875,-142436.875,-51686.25
2112772,-143360.0,-143290.0,-7140.0
2112772,-143360.0,-143290.0,-7140.0
2112782,-143360.0,-143355.625,-5630.625
2112782,-143360.0,-143355.625,-5630.625
2112793,-142051.875,-143342.5,27142.5
2112793,-142051.875,-143342.5,27142.5
2112803,-143360.0,-139606.25,64338.75
2112803,-143360.0,-139606.25,64338.75
2112813,-143360.0,-102375.0,97715.625
2112813,-143360.0,-102375.0,97715.625
2112824,-143333.75,-63621.25,124228.125
2112824,-143333.75,-63621.25,124228.125
2112833,-143360.0,-60340.0,136150.0
2112833,-143360.0,-60340.0,136150.0
2112844,-143360.0,-58607.5,-143360.0
2112844,-143360.0,-58607.5,-143360.0
2112855,-143360.0,-56166.25,-143360.0
2112855,-143360.0,-56166.25,-143360.0
2112865,-143360.0,-57290.625,143198.125
2112865,-143360.0,-57290.625,143198.125
2112875,-143360.0,-19880.0,-143360.0
2112875,-143360.0,-19880.0,-143360.0
2112885,-143360.0,18239.375,-143360.0
2112885,-143360.0,18239.375,-143360.0
2112896,-143360.0,-18020.625,143355.625
2112896,-143360.0,-18020.625,143355.625
2112906,-143360.0,-130615.625,-143360.0
2112906,-143360.0,-130615.625,-143360.0
2112916,-143360.0,-143355.625,-143360.0
2112916,-143360.0,-143355.625,-143360.0
2112927,-143360.0,-141995.0,-143360.0
2112927,-143360.0,-141995.0,-143360.0
2112937,-141050.0,-142843.75,-143360.0
2112937,-141050.0,-142843.75,-143360.0
2112947,-9502.5,-119463.75,-143360.0
2112947,-9502.5,-119463.75,-143360.0
2112958,143355.625,56065.625,-143360.0
2112958,143355.625,56065.625,-143360.0
2112968,143355.625,-143360.0,-143360.0
2112968,143355.625,-143360.0,-143360.0
2112978,139925.625,-143360.0,-143360.0
2112978,139925.625,-143360.0,-143360.0
2112989,143355.625,141106.875,-143360.0
2112989,143355.625,141106.875,-143360.0
2112999,143355.625,-143360.0,135323.125
2112999,143355.625,-143360.0,135323.125
2113009,143290.0,-143360.0,108613.75
2113009,143290.0,-143360.0,108613.75
2113020,143355.625,143307.5,88029.375
2113020,143355.625,143307.5,88029.375
2113030,143355.625,-143360.0,75236.875
2113030,143355.625,-143360.0,75236.875
2113039,143355.625,-143360.0,82722.5
2113039,143355.625,-143360.0,82722.5
2113051,143355.625,132593.125,73548.125
2113051,143355.625,132593.125,73548.125
2113061,143355.625,49770.0,43863.75
2113061,143355.625,49770.0,43863.75
2113071,143355.625,-2686.25,6803.125
2113071,143355.625,-2686.25,6803.125
2113081,137134.375,40223.75,-30568.125
2113081,137134.375,40223.75,-30568.125
2113092,74138.75,83422.5,-48890.625
2113092,74138.75,83422.5,-48890.625
2113102,65152.5,74816.875,-59736.25
2113102,65152.5,74816.875,-59736.25
2113112,90510.0,60764.375,-32322.5
2113112,90510.0,60764.375,-32322.5
2113123,53637.5,30056.25,-6492.5
2113123,53637.5,30056.25,-6492.5
2113132,10027.5,6387.5,-590.625
2113132,10027.5,6387.5,-590.625
2113143,2441.25,-4816.875,-2415.0
2113143,2441.25,-4816.875,-2415.0
2113153,12674.375,393.75,-14857.5
2113153,12674.375,393.75,-14857.5
2113164,35310.625,5385.625,-22710.625
2113164,35310.625,5385.625,-22710.625
2113175,58218.125,2607.5,-17679.375
2113175,58218.125,2607.5,-17679.375
2113185,65970.625,-2301.25,-7555.625
2113185,65970.625,-2301.25,-7555.625
2113195,51918.125,-18112.5,5722.5
2113195,51918.125,-18112.5,5722.5
2113205,30467.5,-39423.125,17307.5
2113205,30467.5,-39423.125,17307.5
2113216,10622.5,-47840.625,17066.875
2113216,10622.5,-47840.625,17066.875
2113226,-7840.0,-43137.5,4361.875
2113226,-7840.0,-43137.5,4361.875
2113236,-13540.625,-28595.0,-284.375
2113236,-13540.625,-28595.0,-284.375
2113246,-16716.875,-18882.5,3298.75
2113246,-16716.875,-18882.5,3298.75
2113257,-38762.5,-13383.125,4125.625
2113257,-38762.5,-13383.125,4125.625
2113267,-61394.375,-8032.5,3027.5
2113267,-61394.375,-8032.5,3027.5
2113277,-77363.125,2458.75,380.625
2113277,-77363.125,2458.75,380.625
2113288,-93953.125,22894.375,-6286.875
2113288,-93953.125,22894.375,-6286.875
2113298,-111776.875,36347.5,-18077.5
2113298,-111776.875,36347.5,-18077.5
2113308,-123208.75,43220.625,-36325.625
2113308,-123208.75,43220.625,-36325.625
2113319,-141640.625,49113.75,-49564.375
2113319,-141640.625,49113.75,-49564.375
2113329,-143360.0,50815.625,-55251.875
2113329,-143360.0,50815.625,-55251.875
2113340,-143115.0,54665.625,-59036.25
2113340,-143115.0,54665.625,-59036.25
2113350,-143281.25,66307.5,-62422.5
2113350,-143281.25,66307.5,-62422.5
2113360,-143360.0,79804.375,-65651.25
2113360,-143360.0,79804.375,-65651.25
2113371,-143355.625,88694.375,-68359.375
2113371,-143355.625,88694.375,-68359.375
2113381,-143355.625,92736.875,-71400.0
2113381,-143355.625,92736.875,-71400.0
2113391,-143360.0,96875.625,-68858.125
2113391,-143360.0,96875.625,-68858.125
2113401,-143360.0,103451.25,-59381.875
2113401,-143360.0,103451.25,-59381.875
2113412,-143360.0,109869.375,-45158.75
2113412,-143360.0,109869.375,-45158.75
2113422,-143360.0,114730.0,-27483.75
2113422,-143360.0,114730.0,-27483.75
2113432,-143360.0,120776.25,-12302.5
2113432,-143360.0,120776.25,-12302.5
2113443,-143360.0,132601.875,-3311.875
2113443,-143360.0,132601.875,-3311.875
2113453,-143360.0,-143360.0,1312.5
2113453,-143360.0,-143360.0,1312.5
2113463,-143360.0,-143360.0,301.875
2113463,-143360.0,-143360.0,301.875
2113473,-143360.0,143132.5,-3500.0
2113473,-143360.0,143132.5,-3500.0
2113484,-143360.0,-143360.0,-8273.125
2113484,-143360.0,-143360.0,-8273.125
2113494,-143360.0,-143360.0,-11860.625
2113494,-143360.0,-143360.0,-11860.625
2113504,-134382.5,143355.625,-15207.5
2113504,-134382.5,143355.625,-15207.5
2113515,-109392.5,-143360.0,-21271.25
2113515,-109392.5,-143360.0,-21271.25
2113525,-92050.0,-143360.0,-30568.125
2113525,-92050.0,-143360.0,-30568.125
2113535,-84993.125,-143360.0,-35161.875
2113535,-84993.125,-143360.0,-35161.875
2113546,-86008.125,-143360.0,-34776.875
2113546,-86008.125,-143360.0,-34776.875
2113556,-85601.25,140560.0,-29745.625
2113556,-85601.25,140560.0,-29745.625
2113566,-77109.375,124429.375,-21726.25
2113566,-77109.375,124429.375,-21726.25
2113575,-64618.75,110289.375,-14616.875
2113575,-64618.75,110289.375,-14616.875
2113587,-49245.0,102025.0,-10193.75
2113587,-49245.0,102025.0,-10193.75
2113597,-32388.125,96455.625,-7638.75
2113597,-32388.125,96455.625,-7638.75
2113608,-12210.625,88948.125,-1916.25
2113608,-12210.625,88948.125,-1916.25
2113618,398.125,77266.875,6654.375
2113618,398.125,77266.875,6654.375
2113628,5512.5,57728.125,16550.625
2113628,5512.5,57728.125,16550.625
2113639,6768.125,33197.5,24504.375
2113639,6768.125,33197.5,24504.375
2113649,11265.625,9992.5,27225.625
2113649,11265.625,9992.5,27225.625
2113659,21984.375,-7105.0,21455.0
2113659,21984.375,-7105.0,21455.0
2113670,40683.125,-14765.625,9765.0
2113670,40683.125,-14765.625,9765.0
2113680,55698.125,-18948.125,2021.25
2113680,55698.125,-18948.125,2021.25
2113690,61105.625,-35910.0,8225.0
2113690,61105.625,-35910.0,8225.0
2113700,58961.875,-68250.0,24478.125
2113700,58961.875,-68250.0,24478.125
2113711,52661.875,-98923.125,37222.5
2113711,52661.875,-98923.125,37222.5
2113721,48702.5,-123445.0,36286.25
2113721,48702.5,-123445.0,36286.25
2113731,58021.25,-129863.125,23874.375
2113731,58021.25,-129863.125,23874.375
2113742,75845.0,-121883.125,13531.875
2113742,75845.0,-121883.125,13531.875
2113752,92526.875,-112971.25,15185.625
2113752,92526.875,-112971.25,15185.625
2113763,111720.0,-115867.5,30388.75
2113763,111720.0,-115867.5,30388.75
2113773,123720.625,-130716.25,51922.5
2113773,123720.625,-130716.25,51922.5
2113783,130217.5,-142905.0,65572.5
2113783,130217.5,-142905.0,65572.5
2113793,141925.0,-143355.625,68582.5
2113793,141925.0,-143355.625,68582.5
2113804,143355.625,-140463.75,68341.875
2113804,143355.625,-140463.75,68341.875
2113814,143220.0,-134955.625,67046.875
2113814,143220.0,-134955.625,67046.875
2113824,143303.125,-129066.875,66294.375
2113824,143303.125,-129066.875,66294.375
2113835,143355.625,-125728.75,65423.75
2113835,143355.625,-125728.75,65423.75
2113845,143355.625,-130410.0,66924.375
2113845,143355.625,-130410.0,66924.375
2113855,142541.875,-143355.625,60243.75
2113855,142541.875,-143355.625,60243.75
2113866,127605.625,-142121.875,46025.0
2113866,127605.625,-142121.875,46025.0
2113876,112437.5,-125737.5,37362.5
2113876,112437.5,-125737.5,37362.5
2113886,110525.625,-100576.875,36526.875
2113886,110525.625,-100576.875,36526.875
2113896,111969.375,-73473.75,41335.0
2113896,111969.375,-73473.75,41335.0
2113907,110595.625,-52080.0,49993.125
2113907,110595.625,-52080.0,49993.125
2113917,100839.375,-41120.625,53943.75
2113917,100839.375,-41120.625,53943.75
2113927,80876.25,-36163.75,45526.25
2113927,80876.25,-36163.75,45526.25
2113938,46370.625,-30082.5,26783.75
2113938,46370.625,-30082.5,26783.75
2113949,14498.75,-21052.5,6549.375
2113949,14498.75,-21052.5,6549.375
2113959,-7354.375,-4361.875,-9747.5
2113959,-7354.375,-4361.875,-9747.5
2113969,-17626.875,18265.625,-17430.0
2113969,-17626.875,18265.625,-17430.0
2113979,-25335.625,33363.75,-22076.25
2113979,-25335.625,33363.75,-22076.25
2113989,-43929.375,44401.875,-28170.625
2113989,-43929.375,44401.875,-28170.625
2114000,-60484.375,53414.375,-35336.875
2114000,-60484.375,53414.375,-35336.875
2114010,-75508.125,64526.875,-42980.0
2114010,-75508.125,64526.875,-42980.0
2114020,-89849.375,75818.75,-53694.375
2114020,-89849.375,75818.75,-53694.375
2114031,-101434.375,85518.125,-64286.25
2114031,-101434.375,85518.125,-64286.25
2114041,-108670.625,92334.375,-69873.125
2114041,-108670.625,92334.375,-69873.125
2114051,-112805.0,97483.75,-71058.75
2114051,-112805.0,97483.75,-71058.75
2114062,-113960.0,104378.75,-70266.875
2114062,-113960.0,104378.75,-70266.875
2114072,-113732.5,110131.875,-66355.625
2114072,-113732.5,110131.875,-66355.625
2114082,-115788.75,113019.375,-62055.0
2114082,-115788.75,113019.375,-62055.0
2114093,-115211.25,115871.875,-57120.0
2114093,-115211.25,115871.875,-57120.0
2114103,-109606.875,119638.75,-51489.375
2114103,-109606.875,119638.75,-51489.375
2114114,-103210.625,123655.0,-48829.375
2114114,-103210.625,123655.0,-48829.375
2114123,-100065.0,126328.125,-52097.5
2114123,-100065.0,126328.125,-52097.5
2114134,-103460.0,125851.25,-57946.875
2114134,-103460.0,125851.25,-57946.875
2114144,-106443.75,125728.75,-60768.75
2114144,-106443.75,125728.75,-60768.75
2114155,-101871.875,127461.25,-59683.75
2114155,-101871.875,127461.25,-59683.75
2114165,-93275.0,126577.5,-56179.375
2114165,-93275.0,126577.5,-56179.375
2114175,-82915.0,123230.625,-52548.125
2114175,-82915.0,123230.625,-52548.125
2114185,-76435.625,118291.25,-52311.875
2114185,-76435.625,118291.25,-52311.875
2114196,-72362.5,111155.625,-54411.875
2114196,-72362.5,111155.625,-54411.875
2114206,-70293.125,102388.125,-56271.25
2114206,-70293.125,102388.125,-56271.25
2114216,-67235.0,93170.0,-56721.875
2114216,-67235.0,93170.0,-56721.875
2114227,-62002.5,84380.625,-55085.625
2114227,-62002.5,84380.625,-55085.625
2114237,-60405.625,75298.125,-51104.375
2114237,-60405.625,75298.125,-51104.375
2114247,-62903.75,63542.5,-44021.25
2114247,-62903.75,63542.5,-44021.25
2114258,-63122.5,50260.0,-36828.75
2114258,-63122.5,50260.0,-36828.75
2114268,-55164.375,41934.375,-31285.625
2114268,-55164.375,41934.375,-31285.625
2114278,-41492.5,38701.25,-24775.625
2114278,-41492.5,38701.25,-24775.625
2114288,-28586.25,34562.5,-16384.375
2114288,-28586.25,34562.5,-16384.375
2114299,-15741.25,28275.625,-7634.375
2114299,-15741.25,28275.625,-7634.375
2114310,-3578.75,21643.125,-288.75
2114310,-3578.75,21643.125,-288.75
2114319,7402.5,13636.875,5980.625
2114319,7402.5,13636.875,5980.625
2114330,15395.625,1500.625,12722.5
2114330,15395.625,1500.625,12722.5
2114340,19390.0,-13619.375,18506.25
2114340,19390.0,-13619.375,18506.25
2114351,25090.625,-26748.75,22225.0
2114351,25090.625,-26748.75,22225.0
2114361,34772.5,-35962.5,24552.5
2114361,34772.5,-35962.5,24552.5
2114371,44419.375,-42415.625,22518.125
2114371,44419.375,-42415.625,22518.125
2114382,47101.25,-50115.625,15872.5
2114382,47101.25,-50115.625,15872.5
2114392,42691.25,-62006.875,7345.625
2114392,42691.25,-62006.875,7345.625
2114402,34943.125,-77411.25,3268.125
2114402,34943.125,-77411.25,3268.125
2114412,26136.25,-92220.625,2716.875
2114412,26136.25,-92220.625,2716.875
2114423,25510.625,-97317.5,5070.625
2114423,25510.625,-97317.5,5070.625
2114433,40368.125,-93948.75,10215.625
2114433,40368.125,-93948.75,10215.625
2114443,59535.0,-86349.375,20177.5
2114443,59535.0,-86349.375,20177.5
2114454,80788.75,-79590.0,33985.0
2114454,80788.75,-79590.0,33985.0
2114463,106806.875,-79270.625,48488.125
2114463,106806.875,-79270.625,48488.125
2114474,127986.25,-82315.625,60816.875
2114474,127986.25,-82315.625,60816.875
2114485,136871.875,-95090.625,67856.25
2114485,136871.875,-95090.625,67856.25
2114495,134155.0,-110967.5,70153.125
2114495,134155.0,-110967.5,70153.125
2114506,133428.75,-123138.75,68740.0
2114506,133428.75,-123138.75,68740.0
2114516,139418.125,-128441.25,63157.5
2114516,139418.125,-128441.25,63157.5
2114526,143355.625,-124346.25,54075.0
2114526,143355.625,-124346.25,54075.0
2114536,143355.625,-118510.0,43518.125
2114536,143355.625,-118510.0,43518.125
2114546,143263.75,-117258.75,34807.5
2114546,143263.75,-117258.75,34807.5
2114557,143355.625,-118759.375,27046.25
2114557,143355.625,-118759.375,27046.25
2114567,142051.875,-118597.5,17399.375
2114567,142051.875,-118597.5,17399.375
2114577,130156.25,-116221.875,8592.5
2114577,130156.25,-116221.875,8592.5
2114588,114830.625,-109344.375,870.625
2114588,114830.625,-109344.375,870.625
2114598,99780.625,-93883.125,-5608.75
2114598,99780.625,-93883.125,-5608.75
2114608,86051.875,-72677.5,-10552.5
2114608,86051.875,-72677.5,-10552.5
2114619,76383.125,-47621.875,-11051.25
2114619,76383.125,-47621.875,-11051.25
2114629,65677.5,-26241.25,-9773.75
2114629,65677.5,-26241.25,-9773.75
2114640,47236.875,-12201.875,-10578.75
2114640,47236.875,-12201.875,-10578.75
2114650,20129.375,-2222.5,-15391.25
2114650,20129.375,-2222.5,-15391.25
2114661,-8846.25,7280.0,-22850.625
2114661,-8846.25,7280.0,-22850.625
2114670,-34195.0,19722.5,-27496.875
2114670,-34195.0,19722.5,-27496.875
2114681,-51196.25,32278.75,-25550.0
2114681,-51196.25,32278.75,-25550.0
2114691,-61775.0,45237.5,-18086.25
2114691,-61775.0,45237.5,-18086.25
2114702,-67256.875,56205.625,-10705.625
2114702,-67256.875,56205.625,-10705.625
2114712,-73981.25,63196.875,-6422.5
2114712,-73981.25,63196.875,-6422.5
2114722,-82005.0,68525.625,-3723.125
2114722,-82005.0,68525.625,-3723.125
2114732,-92483.125,72541.875,-2568.125
2114732,-92483.125,72541.875,-2568.125
2114743,-106295.0,78120.0,-4515.0
2114743,-106295.0,78120.0,-4515.0
2114753,-111440.0,83020.0,-5180.0
2114753,-111440.0,83020.0,-5180.0
2114763,-110407.5,85404.375,-2756.25
2114763,-110407.5,85404.375,-2756.25
2114774,-110468.75,90549.375,-1855.0
2114774,-110468.75,90549.375,-1855.0
2114784,-106859.375,100660.0,-3801.875
2114784,-106859.375,100660.0,-3801.875
2114794,-101539.375,110341.875,-7743.75
2114794,-101539.375,110341.875,-7743.75
2114804,-99649.375,113995.0,-13300.0
2114804,-99649.375,113995.0,-13300.0
2114815,-104348.125,116523.75,-21100.625
2114815,-104348.125,116523.75,-21100.625
2114825,-107870.0,121205.0,-29697.5
2114825,-107870.0,121205.0,-29697.5
2114836,-102445.0,123803.75,-34584.375
2114836,-102445.0,123803.75,-34584.375
2114846,-99671.25,122469.375,-37716.875
2114846,-99671.25,122469.375,-37716.875
2114856,-99955.625,121401.875,-40665.625
2114856,-99955.625,121401.875,-40665.625
2114866,-101823.75,117232.5,-44410.625
2114866,-101823.75,117232.5,-44410.625
2114877,-105984.375,111387.5,-47770.625
2114877,-105984.375,111387.5,-47770.625
2114887,-110083.75,107279.375,-50570.625
2114887,-110083.75,107279.375,-50570.625
2114898,-107935.625,106968.75,-52259.375
2114898,-107935.625,106968.75,-52259.375
2114908,-98923.125,106688.75,-49730.625
2114908,-98923.125,106688.75,-49730.625
2114918,-87556.875,102068.75,-44524.375
2114918,-87556.875,102068.75,-44524.375
2114928,-78837.5,95165.0,-39243.75
2114928,-78837.5,95165.0,-39243.75
2114939,-71063.125,88519.375,-36461.25
2114939,-71063.125,88519.375,-36461.25
2114949,-63643.125,82600.0,-36404.375
2114949,-63643.125,82600.0,-36404.375
2114959,-58756.25,75989.375,-36881.25
2114959,-58756.25,75989.375,-36881.25
2114970,-54744.375,66539.375,-37541.875
2114970,-54744.375,66539.375,-37541.875
2114980,-50885.625,54875.625,-36828.75
2114980,-50885.625,54875.625,-36828.75
2114990,-48864.375,42739.375,-34881.875
2114990,-48864.375,42739.375,-34881.875
2115000,-42787.5,31815.0,-31906.875
2115000,-42787.5,31815.0,-31906.875
2115011,-31705.625,22286.25,-28061.25
2115011,-31705.625,22286.25,-28061.25
2115021,-19009.375,14870.625,-22627.5
2115021,-19009.375,14870.625,-22627.5
2115031,-2839.375,8618.75,-15566.25
2115031,-2839.375,8618.75,-15566.25
2115042,13601.875,1211.875,-8824.375
2115042,13601.875,1211.875,-8824.375
2115053,26298.125,-7546.875,-3753.75
2115053,26298.125,-7546.875,-3753.75
2115062,34068.125,-17640.0,-673.75
2115062,34068.125,-17640.0,-673.75
2115073,40193.125,-28638.75,809.375
2115073,40193.125,-28638.75,809.375
2115083,48212.5,-39204.375,4690.0
2115083,48212.5,-39204.375,4690.0
2115094,54779.375,-50137.5,7910.0
2115094,54779.375,-50137.5,7910.0
2115104,58034.375,-59661.875,7350.0
2115104,58034.375,-59661.875,7350.0
2115114,62265.0,-66342.5,6610.625
2115114,62265.0,-66342.5,6610.625
2115125,70861.875,-73386.25,9546.25
2115125,70861.875,-73386.25,9546.25
2115135,81720.625,-81580.625,16086.875
2115135,81720.625,-81580.625,16086.875
2115145,93393.125,-86121.875,26621.875
2115145,93393.125,-86121.875,26621.875
2115155,108998.75,-86913.75,38220.0
2115155,108998.75,-86913.75,38220.0
2115166,121336.25,-86436.875,51953.125
2115166,121336.25,-86436.875,51953.125
2115176,131425.0,-87373.125,57885.625
2115176,131425.0,-87373.125,57885.625
2115186,137357.5,-92706.25,53991.875
2115186,137357.5,-92706.25,53991.875
2115196,131875.625,-99855.0,41138.125
2115196,131875.625,-99855.0,41138.125
2115207,115749.375,-107839.375,28997.5
2115207,115749.375,-107839.375,28997.5
2115217,101438.75,-115141.25,23388.75
2115217,101438.75,-115141.25,23388.75
2115227,99531.25,-115001.25,26241.25
2115227,99531.25,-115001.25,26241.25
2115238,112717.5,-107515.625,37305.625
2115238,112717.5,-107515.625,37305.625
2115249,128397.5,-96490.625,54215.0
2115249,128397.5,-96490.625,54215.0
2115258,142502.5,-89998.125,72800.0
2115258,142502.5,-89998.125,72800.0
2115269,143355.625,-83615.0,82998.125
2115269,143355.625,-83615.0,82998.125
2115279,143171.875,-77796.25,83886.25
2115279,143171.875,-77796.25,83886.25
2115289,143311.875,-74239.375,81738.125
2115289,143311.875,-74239.375,81738.125
2115299,143307.5,-71102.5,79716.875
2115299,143307.5,-71102.5,79716.875
2115310,142983.75,-69190.625,79673.125
2115310,142983.75,-69190.625,79673.125
2115320,143355.625,-66941.875,84297.5
2115320,143355.625,-66941.875,84297.5
2115331,143355.625,-65896.25,91459.375
2115331,143355.625,-65896.25,91459.375
2115341,142966.25,-72336.25,96026.875
2115341,142966.25,-72336.25,96026.875
2115351,132593.125,-78824.375,91861.875
2115351,132593.125,-78824.375,91861.875
2115362,113334.375,-77826.875,81882.5
2115362,113334.375,-77826.875,81882.5
2115372,99439.375,-74545.625,69978.125
2115372,99439.375,-74545.625,69978.125
2115382,90540.625,-70091.875,57238.125
2115382,90540.625,-70091.875,57238.125
2115393,78045.625,-63905.625,53558.75
2115393,78045.625,-63905.625,53558.75
2115404,69203.75,-63017.5,54569.375
2115404,69203.75,-63017.5,54569.375
2115413,71260.0,-53046.875,61166.875
2115413,71260.0,-53046.875,61166.875
2115423,73421.25,-45530.625,69606.25
2115423,73421.25,-45530.625,69606.25
2115434,76597.5,-38828.125,74790.625
2115434,76597.5,-38828.125,74790.625
2115445,70975.625,-34956.25,73185.0
2115445,70975.625,-34956.25,73185.0
2115454,60130.0,-33245.625,66981.25
2115454,60130.0,-33245.625,66981.25
2115465,47744.375,-31228.75,57417.5
2115465,47744.375,-31228.75,57417.5
2115475,34938.75,-26595.625,47971.875
2115475,34938.75,-26595.625,47971.875
2115484,25309.375,-19932.5,41326.25
2115484,25309.375,-19932.5,41326.25
2115496,21358.75,-12578.125,36763.125
2115496,21358.75,-12578.125,36763.125
2115506,16651.25,-6317.5,32978.75
2115506,16651.25,-6317.5,32978.75
2115516,12197.5,-1176.875,30318.75
2115516,12197.5,-1176.875,30318.75
2115527,8566.25,2905.0,26976.25
2115527,8566.25,2905.0,26976.25
2115537,3753.75,5499.375,22645.0
2115537,3753.75,5499.375,22645.0
