2156126,-62.5,812.5,601.5625,-156.25,-804.6875,632.8125,179.6875,-921.875,398.4375,406.25,-906.25,101.5625,468.75,-867.1875,164.0625
2156126,-62.5,812.5,601.5625,-156.25,-804.6875,632.8125,179.6875,-921.875,398.4375,406.25,-906.25,101.5625,468.75,-867.1875,164.0625
2156126,-78.125,812.5,617.1875,-140.625,-804.6875,632.8125,179.6875,-921.875,398.4375,414.0625,-914.0625,109.375,476.5625,-867.1875,156.25
2156126,-78.125,812.5,617.1875,-140.625,-804.6875,632.8125,179.6875,-921.875,398.4375,414.0625,-914.0625,109.375,476.5625,-867.1875,156.25
2156134,-70.3125,804.6875,609.375,-148.4375,-812.5,625.0,179.6875,-921.875,390.625,406.25,-914.0625,117.1875,476.5625,-882.8125,156.25
2156134,-70.3125,804.6875,609.375,-148.4375,-812.5,625.0,179.6875,-921.875,390.625,406.25,-914.0625,117.1875,476.5625,-882.8125,156.25
2156142,-78.125,812.5,601.5625,-140.625,-812.5,625.0,179.6875,-929.6875,406.25,414.0625,-914.0625,109.375,476.5625,-875.0,156.25
2156142,-78.125,812.5,601.5625,-140.625,-812.5,625.0,179.6875,-929.6875,406.25,414.0625,-914.0625,109.375,476.5625,-875.0,156.25
2156207,-62.5,804.6875,593.75,-140.625,-796.875,617.1875,171.875,-906.25,382.8125,414.0625,-898.4375,109.375,468.75,-859.375,156.25
2156207,-62.5,804.6875,593.75,-140.625,-796.875,617.1875,171.875,-906.25,382.8125,414.0625,-898.4375,109.375,468.75,-859.375,156.25
2156207,-62.5,812.5,601.5625,-148.4375,-796.875,632.8125,187.5,-914.0625,390.625,414.0625,-914.0625,109.375,460.9375,-867.1875,156.25
2156207,-62.5,812.5,601.5625,-148.4375,-796.875,632.8125,187.5,-914.0625,390.625,414.0625,-914.0625,109.375,460.9375,-867.1875,156.25
2156215,-62.5,812.5,609.375,-140.625,-789.0625,632.8125,179.6875,-914.0625,398.4375,406.25,-898.4375,117.1875,460.9375,-867.1875,156.25
2156215,-62.5,812.5,609.375,-140.625,-789.0625,632.8125,179.6875,-914.0625,398.4375,406.25,-898.4375,117.1875,460.9375,-867.1875,156.25
2156223,-70.3125,804.6875,609.375,-148.4375,-796.875,617.1875,179.6875,-914.0625,390.625,406.25,-906.25,109.375,468.75,-867.1875,156.25
2156223,-70.3125,804.6875,609.375,-148.4375,-796.875,617.1875,179.6875,-914.0625,390.625,406.25,-906.25,109.375,468.75,-867.1875,156.25
2156368,-70.3125,804.6875,601.5625,-148.4375,-796.875,625.0,171.875,-921.875,398.4375,414.0625,-906.25,109.375,468.75,-875.0,156.25
2156368,-70.3125,804.6875,601.5625,-148.4375,-796.875,625.0,171.875,-921.875,398.4375,414.0625,-906.25,109.375,468.75,-875.0,156.25
2156368,-62.5,812.5,601.5625,-156.25,-796.875,625.0,179.6875,-921.875,398.4375,406.25,-914.0625,117.1875,468.75,-867.1875,156.25
2156368,-62.5,812.5,601.5625,-156.25,-796.875,625.0,179.6875,-921.875,398.4375,406.25,-914.0625,117.1875,468.75,-867.1875,156.25
2156376,-70.3125,804.6875,601.5625,-148.4375,-804.6875,625.0,171.875,-914.0625,398.4375,398.4375,-914.0625,109.375,468.75,-867.1875,156.25
2156376,-70.3125,804.6875,601.5625,-148.4375,-804.6875,625.0,171.875,-914.0625,398.4375,398.4375,-914.0625,109.375,468.75,-867.1875,156.25
2156384,-78.125,804.6875,609.375,-140.625,-796.875,632.8125,179.6875,-921.875,398.4375,406.25,-914.0625,109.375,460.9375,-875.0,148.4375
2156384,-78.125,804.6875,609.375,-140.625,-796.875,632.8125,179.6875,-921.875,398.4375,406.25,-914.0625,109.375,460.9375,-875.0,148.4375
2156529,-78.125,796.875,601.5625,-164.0625,-812.5,617.1875,164.0625,-929.6875,390.625,406.25,-921.875,109.375,476.5625,-882.8125,148.4375
2156529,-78.125,796.875,601.5625,-164.0625,-812.5,617.1875,164.0625,-929.6875,390.625,406.25,-921.875,109.375,476.5625,-882.8125,148.4375
2156530,-70.3125,804.6875,609.375,-148.4375,-796.875,617.1875,179.6875,-929.6875,406.25,414.0625,-921.875,109.375,468.75,-875.0,140.625
2156530,-70.3125,804.6875,609.375,-148.4375,-796.875,617.1875,179.6875,-929.6875,406.25,414.0625,-921.875,109.375,468.75,-875.0,140.625
2156537,-78.125,812.5,601.5625,-148.4375,-820.3125,625.0,179.6875,-921.875,390.625,414.0625,-906.25,101.5625,476.5625,-882.8125,156.25
2156537,-78.125,812.5,601.5625,-148.4375,-820.3125,625.0,179.6875,-921.875,390.625,414.0625,-906.25,101.5625,476.5625,-882.8125,156.25
2156545,-70.3125,796.875,609.375,-140.625,-804.6875,632.8125,171.875,-921.875,382.8125,414.0625,-898.4375,101.5625,468.75,-851.5625,148.4375
2156545,-70.3125,796.875,609.375,-140.625,-804.6875,632.8125,171.875,-921.875,382.8125,414.0625,-898.4375,101.5625,468.75,-851.5625,148.4375
2156691,-70.3125,804.6875,609.375,-148.4375,-804.6875,625.0,171.875,-921.875,390.625,398.4375,-906.25,101.5625,468.75,-867.1875,156.25
2156691,-70.3125,804.6875,609.375,-148.4375,-804.6875,625.0,171.875,-921.875,390.625,398.4375,-906.25,101.5625,468.75,-867.1875,156.25
2156691,-70.3125,804.6875,593.75,-140.625,-796.875,625.0,179.6875,-921.875,390.625,406.25,-906.25,101.5625,468.75,-875.0,156.25
2156691,-70.3125,804.6875,593.75,-140.625,-796.875,625.0,179.6875,-921.875,390.625,406.25,-906.25,101.5625,468.75,-875.0,156.25
2156699,-70.3125,804.6875,609.375,-156.25,-796.875,625.0,171.875,-914.0625,390.625,406.25,-914.0625,109.375,468.75,-875.0,148.4375
2156699,-70.3125,804.6875,609.375,-156.25,-796.875,625.0,171.875,-914.0625,390.625,406.25,-914.0625,109.375,468.75,-875.0,148.4375
2156707,-70.3125,804.6875,601.5625,-148.4375,-804.6875,625.0,179.6875,-921.875,398.4375,406.25,-906.25,109.375,468.75,-882.8125,156.25
2156707,-70.3125,804.6875,601.5625,-148.4375,-804.6875,625.0,179.6875,-921.875,398.4375,406.25,-906.25,109.375,468.75,-882.8125,156.25
2156852,-70.3125,796.875,609.375,-148.4375,-804.6875,625.0,171.875,-921.875,390.625,406.25,-914.0625,101.5625,468.75,-875.0,148.4375
2156852,-70.3125,796.875,609.375,-148.4375,-804.6875,625.0,171.875,-921.875,390.625,406.25,-914.0625,101.5625,468.75,-875.0,148.4375
2156852,-70.3125,804.6875,601.5625,-148.4375,-804.6875,625.0,171.875,-921.875,398.4375,414.0625,-906.25,101.5625,468.75,-875.0,148.4375
2156852,-70.3125,804.6875,601.5625,-148.4375,-804.6875,625.0,171.875,-921.875,398.4375,414.0625,-906.25,101.5625,468.75,-875.0,148.4375
2156859,-70.3125,804.6875,601.5625,-148.4375,-812.5,617.1875,179.6875,-921.875,390.625,398.4375,-921.875,109.375,476.5625,-867.1875,148.4375
2156859,-70.3125,804.6875,601.5625,-148.4375,-812.5,617.1875,179.6875,-921.875,390.625,398.4375,-921.875,109.375,476.5625,-867.1875,148.4375
2156868,-78.125,804.6875,609.375,-156.25,-812.5,617.1875,171.875,-929.6875,390.625,414.0625,-914.0625,109.375,476.5625,-882.8125,148.4375
2156868,-78.125,804.6875,609.375,-156.25,-812.5,617.1875,171.875,-929.6875,390.625,414.0625,-914.0625,109.375,476.5625,-882.8125,148.4375
2157013,-70.3125,812.5,593.75,-148.4375,-804.6875,625.0,179.6875,-921.875,398.4375,406.25,-906.25,101.5625,476.5625,-875.0,156.25
2157013,-70.3125,812.5,593.75,-148.4375,-804.6875,625.0,179.6875,-921.875,398.4375,406.25,-906.25,101.5625,476.5625,-875.0,156.25
2157013,-78.125,804.6875,601.5625,-140.625,-804.6875,625.0,171.875,-921.875,390.625,414.0625,-914.0625,109.375,468.75,-875.0,148.4375
2157013,-78.125,804.6875,601.5625,-140.625,-804.6875,625.0,171.875,-921.875,390.625,414.0625,-914.0625,109.375,468.75,-875.0,148.4375
2157021,-70.3125,804.6875,601.5625,-148.4375,-804.6875,617.1875,171.875,-921.875,390.625,406.25,-921.875,109.375,468.75,-875.0,156.25
2157021,-70.3125,804.6875,601.5625,-148.4375,-804.6875,617.1875,171.875,-921.875,390.625,406.25,-921.875,109.375,468.75,-875.0,156.25
2157028,-70.3125,812.5,601.5625,-156.25,-804.6875,632.8125,179.6875,-914.0625,390.625,406.25,-914.0625,101.5625,476.5625,-882.8125,156.25
2157028,-70.3125,812.5,601.5625,-156.25,-804.6875,632.8125,179.6875,-914.0625,390.625,406.25,-914.0625,101.5625,476.5625,-882.8125,156.25
2157166,-70.3125,804.6875,601.5625,-148.4375,-804.6875,617.1875,179.6875,-921.875,390.625,406.25,-906.25,109.375,460.9375,-867.1875,148.4375
2157166,-70.3125,804.6875,601.5625,-148.4375,-804.6875,617.1875,179.6875,-921.875,390.625,406.25,-906.25,109.375,460.9375,-867.1875,148.4375
2157174,-70.3125,796.875,601.5625,-140.625,-828.125,617.1875,179.6875,-937.5,406.25,414.0625,-945.3125,101.5625,476.5625,-875.0,164.0625
2157174,-70.3125,796.875,601.5625,-140.625,-828.125,617.1875,179.6875,-937.5,406.25,414.0625,-945.3125,101.5625,476.5625,-875.0,164.0625
2157175,-78.125,796.875,609.375,-156.25,-812.5,625.0,179.6875,-929.6875,390.625,421.875,-921.875,109.375,453.125,-898.4375,164.0625
2157175,-78.125,796.875,609.375,-156.25,-812.5,625.0,179.6875,-929.6875,390.625,421.875,-921.875,109.375,453.125,-898.4375,164.0625
2157183,-70.3125,804.6875,593.75,-148.4375,-812.5,625.0,179.6875,-929.6875,406.25,406.25,-929.6875,109.375,476.5625,-890.625,148.4375
2157183,-70.3125,804.6875,593.75,-148.4375,-812.5,625.0,179.6875,-929.6875,406.25,406.25,-929.6875,109.375,476.5625,-890.625,148.4375
2157328,-62.5,820.3125,585.9375,-140.625,-796.875,640.625,195.3125,-914.0625,406.25,414.0625,-914.0625,101.5625,476.5625,-875.0,156.25
2157328,-62.5,820.3125,585.9375,-140.625,-796.875,640.625,195.3125,-914.0625,406.25,414.0625,-914.0625,101.5625,476.5625,-875.0,156.25
2157336,-62.5,812.5,601.5625,-132.8125,-796.875,640.625,187.5,-906.25,406.25,414.0625,-898.4375,117.1875,468.75,-867.1875,156.25
2157336,-62.5,812.5,601.5625,-132.8125,-796.875,640.625,187.5,-906.25,406.25,414.0625,-898.4375,117.1875,468.75,-867.1875,156.25
2157336,-54.6875,812.5,585.9375,-132.8125,-789.0625,632.8125,195.3125,-914.0625,398.4375,414.0625,-906.25,109.375,476.5625,-859.375,156.25
2157336,-54.6875,812.5,585.9375,-132.8125,-789.0625,632.8125,195.3125,-914.0625,398.4375,414.0625,-906.25,109.375,476.5625,-859.375,156.25
2157344,-62.5,820.3125,601.5625,-132.8125,-796.875,617.1875,187.5,-914.0625,406.25,421.875,-898.4375,109.375,476.5625,-867.1875,164.0625
2157344,-62.5,820.3125,601.5625,-132.8125,-796.875,617.1875,187.5,-914.0625,406.25,421.875,-898.4375,109.375,476.5625,-867.1875,164.0625
2157489,-39.0625,828.125,593.75,-125.0,-828.125,671.875,210.9375,-937.5,429.6875,437.5,-929.6875,125.0,492.1875,-875.0,187.5
2157489,-39.0625,828.125,593.75,-125.0,-828.125,671.875,210.9375,-937.5,429.6875,437.5,-929.6875,125.0,492.1875,-875.0,187.5
2157497,-46.875,835.9375,585.9375,-125.0,-812.5,679.6875,210.9375,-937.5,437.5,445.3125,-921.875,132.8125,500.0,-890.625,179.6875
2157497,-46.875,835.9375,585.9375,-125.0,-812.5,679.6875,210.9375,-937.5,437.5,445.3125,-921.875,132.8125,500.0,-890.625,179.6875
2157497,-46.875,843.75,585.9375,-132.8125,-812.5,679.6875,218.75,-929.6875,429.6875,437.5,-921.875,140.625,500.0,-890.625,187.5
2157497,-46.875,843.75,585.9375,-132.8125,-812.5,679.6875,218.75,-929.6875,429.6875,437.5,-921.875,140.625,500.0,-890.625,187.5
2157505,-23.4375,843.75,585.9375,-125.0,-820.3125,687.5,218.75,-929.6875,429.6875,437.5,-929.6875,125.0,500.0,-890.625,179.6875
2157505,-23.4375,843.75,585.9375,-125.0,-820.3125,687.5,218.75,-929.6875,429.6875,437.5,-929.6875,125.0,500.0,-890.625,179.6875
2157651,351.5625,1523.4375,617.1875,15.625,-500.0,773.4375,273.4375,-601.5625,351.5625,492.1875,-671.875,140.625,710.9375,-1132.8125,312.5
2157651,351.5625,1523.4375,617.1875,15.625,-500.0,773.4375,273.4375,-601.5625,351.5625,492.1875,-671.875,140.625,710.9375,-1132.8125,312.5
2157659,-359.375,1164.0625,382.8125,-23.4375,-421.875,796.875,226.5625,-585.9375,390.625,453.125,-585.9375,125.0,695.3125,-898.4375,265.625
2157659,-359.375,1164.0625,382.8125,-23.4375,-421.875,796.875,226.5625,-585.9375,390.625,453.125,-585.9375,125.0,695.3125,-898.4375,265.625
2157659,-593.75,945.3125,375.0,0.0,-437.5,789.0625,226.5625,-664.0625,414.0625,445.3125,-640.625,132.8125,726.5625,-843.75,257.8125
2157659,-593.75,945.3125,375.0,0.0,-437.5,789.0625,226.5625,-664.0625,414.0625,445.3125,-640.625,132.8125,726.5625,-843.75,257.8125
2157667,-195.3125,1031.25,203.125,54.6875,-343.75,789.0625,328.125,-632.8125,492.1875,460.9375,-679.6875,179.6875,671.875,-812.5,140.625
2157667,-195.3125,1031.25,203.125,54.6875,-343.75,789.0625,328.125,-632.8125,492.1875,460.9375,-679.6875,179.6875,671.875,-812.5,140.625
2157811,-703.125,257.8125,234.375,-593.75,-453.125,-54.6875,-609.375,-437.5,-359.375,-562.5,-390.625,-617.1875,-273.4375,-765.625,-625.0
2157811,-703.125,257.8125,234.375,-593.75,-453.125,-54.6875,-609.375,-437.5,-359.375,-562.5,-390.625,-617.1875,-273.4375,-765.625,-625.0
2157820,-648.4375,289.0625,281.25,-601.5625,-421.875,-101.5625,-625.0,-460.9375,-398.4375,-515.625,-367.1875,-585.9375,-250.0,-601.5625,-609.375
2157820,-648.4375,289.0625,281.25,-601.5625,-421.875,-101.5625,-625.0,-460.9375,-398.4375,-515.625,-367.1875,-585.9375,-250.0,-601.5625,-609.375
2157820,-601.5625,320.3125,328.125,-648.4375,-398.4375,-140.625,-640.625,-445.3125,-429.6875,-484.375,-398.4375,-546.875,-218.75,-421.875,-593.75
2157820,-601.5625,320.3125,328.125,-648.4375,-398.4375,-140.625,-640.625,-445.3125,-429.6875,-484.375,-398.4375,-546.875,-218.75,-421.875,-593.75
2157828,-570.3125,343.75,367.1875,-671.875,-414.0625,-203.125,-664.0625,-460.9375,-398.4375,-460.9375,-453.125,-468.75,-234.375,93.75,-523.4375
2157828,-570.3125,343.75,367.1875,-671.875,-414.0625,-203.125,-664.0625,-460.9375,-398.4375,-460.9375,-453.125,-468.75,-234.375,93.75,-523.4375
2157973,-593.75,632.8125,1250.0,-1093.75,-1125.0,-179.6875,-937.5,-1242.1875,-226.5625,-789.0625,-1218.75,-601.5625,-687.5,-1265.625,-625.0
2157973,-593.75,632.8125,1250.0,-1093.75,-1125.0,-179.6875,-937.5,-1242.1875,-226.5625,-789.0625,-1218.75,-601.5625,-687.5,-1265.625,-625.0
2157981,-562.5,750.0,1320.3125,-1140.625,-1156.25,-148.4375,-992.1875,-1289.0625,-250.0,-867.1875,-1257.8125,-648.4375,-734.375,-1304.6875,-695.3125
2157981,-562.5,750.0,1320.3125,-1140.625,-1156.25,-148.4375,-992.1875,-1289.0625,-250.0,-867.1875,-1257.8125,-648.4375,-734.375,-1304.6875,-695.3125
2157981,-523.4375,804.6875,1367.1875,-1164.0625,-1203.125,-109.375,-1046.875,-1335.9375,-273.4375,-914.0625,-1304.6875,-687.5,-789.0625,-1359.375,-750.0
2157981,-523.4375,804.6875,1367.1875,-1164.0625,-1203.125,-109.375,-1046.875,-1335.9375,-273.4375,-914.0625,-1304.6875,-687.5,-789.0625,-1359.375,-750.0
2157989,-539.0625,812.5,1359.375,-1187.5,-1250.0,-78.125,-1085.9375,-1375.0,-281.25,-945.3125,-1359.375,-734.375,-804.6875,-1406.25,-789.0625
2157989,-539.0625,812.5,1359.375,-1187.5,-1250.0,-78.125,-1085.9375,-1375.0,-281.25,-945.3125,-1359.375,-734.375,-804.6875,-1406.25,-789.0625
2158134,-585.9375,1023.4375,968.75,-953.125,-984.375,289.0625,-804.6875,-1226.5625,39.0625,-695.3125,-1257.8125,-406.25,-632.8125,-1265.625,-437.5
2158134,-585.9375,1023.4375,968.75,-953.125,-984.375,289.0625,-804.6875,-1226.5625,39.0625,-695.3125,-1257.8125,-406.25,-632.8125,-1265.625,-437.5
2158142,-609.375,937.5,937.5,-984.375,-953.125,226.5625,-828.125,-1195.3125,0.0,-734.375,-1226.5625,-421.875,-640.625,-1242.1875,-453.125
2158142,-609.375,937.5,937.5,-984.375,-953.125,226.5625,-828.125,-1195.3125,0.0,-734.375,-1226.5625,-421.875,-640.625,-1242.1875,-453.125
2158143,-625.0,796.875,929.6875,-1015.625,-953.125,164.0625,-859.375,-1164.0625,-39.0625,-742.1875,-1218.75,-445.3125,-593.75,-1218.75,-406.25
2158143,-625.0,796.875,929.6875,-1015.625,-953.125,164.0625,-859.375,-1164.0625,-39.0625,-742.1875,-1218.75,-445.3125,-593.75,-1218.75,-406.25
2158150,-609.375,640.625,937.5,-1023.4375,-953.125,85.9375,-882.8125,-1132.8125,-78.125,-718.75,-1171.875,-453.125,-546.875,-1179.6875,-328.125
2158150,-609.375,640.625,937.5,-1023.4375,-953.125,85.9375,-882.8125,-1132.8125,-78.125,-718.75,-1171.875,-453.125,-546.875,-1179.6875,-328.125
2158296,-320.3125,335.9375,70.3125,-281.25,-39.0625,164.0625,-156.25,-164.0625,164.0625,-164.0625,-195.3125,54.6875,-179.6875,-218.75,-78.125
2158296,-320.3125,335.9375,70.3125,-281.25,-39.0625,164.0625,-156.25,-164.0625,164.0625,-164.0625,-195.3125,54.6875,-179.6875,-218.75,-78.125
2158304,-328.125,328.125,46.875,-242.1875,-15.625,171.875,-117.1875,-148.4375,179.6875,-140.625,-187.5,70.3125,-140.625,-203.125,-39.0625
2158304,-328.125,328.125,46.875,-242.1875,-15.625,171.875,-117.1875,-148.4375,179.6875,-140.625,-187.5,70.3125,-140.625,-203.125,-39.0625
2158304,-343.75,296.875,15.625,-226.5625,-7.8125,195.3125,-93.75,-125.0,187.5,-93.75,-171.875,93.75,-132.8125,-187.5,-7.8125
2158304,-343.75,296.875,15.625,-226.5625,-7.8125,195.3125,-93.75,-125.0,187.5,-93.75,-171.875,93.75,-132.8125,-187.5,-7.8125
2158312,-335.9375,265.625,0.0,-226.5625,0.0,195.3125,-78.125,-101.5625,203.125,-85.9375,-140.625,117.1875,-117.1875,-164.0625,0.0
2158312,-335.9375,265.625,0.0,-226.5625,0.0,195.3125,-78.125,-101.5625,203.125,-85.9375,-140.625,117.1875,-117.1875,-164.0625,0.0
2158619,-1085.9375,609.375,1171.875,-1750.0,-937.5,-187.5,-1546.875,-1296.875,31.25,-1304.6875,-1554.6875,-312.5,-1210.9375,-1492.1875,-476.5625
2158619,-1085.9375,609.375,1171.875,-1750.0,-937.5,-187.5,-1546.875,-1296.875,31.25,-1304.6875,-1554.6875,-312.5,-1210.9375,-1492.1875,-476.5625
2158626,-1125.0,554.6875,1218.75,-1820.3125,-968.75,-210.9375,-1609.375,-1351.5625,46.875,-1343.75,-1601.5625,-304.6875,-1296.875,-1531.25,-523.4375
2158626,-1125.0,554.6875,1218.75,-1820.3125,-968.75,-210.9375,-1609.375,-1351.5625,46.875,-1343.75,-1601.5625,-304.6875,-1296.875,-1531.25,-523.4375
2158626,-1164.0625,531.25,1265.625,-1882.8125,-984.375,-218.75,-1656.25,-1390.625,54.6875,-1390.625,-1640.625,-304.6875,-1359.375,-1546.875,-546.875
2158626,-1164.0625,531.25,1265.625,-1882.8125,-984.375,-218.75,-1656.25,-1390.625,54.6875,-1390.625,-1640.625,-304.6875,-1359.375,-1546.875,-546.875
2158634,-1195.3125,546.875,1289.0625,-1929.6875,-992.1875,-210.9375,-1679.6875,-1414.0625,78.125,-1445.3125,-1671.875,-304.6875,-1406.25,-1593.75,-609.375
2158634,-1195.3125,546.875,1289.0625,-1929.6875,-992.1875,-210.9375,-1679.6875,-1414.0625,78.125,-1445.3125,-1671.875,-304.6875,-1406.25,-1593.75,-609.375
2158683,-1406.25,757.8125,1468.75,-2289.0625,-1125.0,-179.6875,-1984.375,-1640.625,179.6875,-1703.125,-1898.4375,-281.25,-1671.875,-1789.0625,-585.9375
2158683,-1406.25,757.8125,1468.75,-2289.0625,-1125.0,-179.6875,-1984.375,-1640.625,179.6875,-1703.125,-1898.4375,-281.25,-1671.875,-1789.0625,-585.9375
2158684,-1421.875,742.1875,1453.125,-2296.875,-1117.1875,-203.125,-1976.5625,-1632.8125,195.3125,-1718.75,-1898.4375,-273.4375,-1640.625,-1757.8125,-593.75
2158684,-1421.875,742.1875,1453.125,-2296.875,-1117.1875,-203.125,-1976.5625,-1632.8125,195.3125,-1718.75,-1898.4375,-273.4375,-1640.625,-1757.8125,-593.75
2158692,-1421.875,703.125,1421.875,-2281.25,-1093.75,-187.5,-1953.125,-1617.1875,203.125,-1695.3125,-1867.1875,-265.625,-1640.625,-1765.625,-617.1875
2158692,-1421.875,703.125,1421.875,-2281.25,-1093.75,-187.5,-1953.125,-1617.1875,203.125,-1695.3125,-1867.1875,-265.625,-1640.625,-1765.625,-617.1875
2158692,-1406.25,656.25,1359.375,-2242.1875,-1070.3125,-179.6875,-1914.0625,-1585.9375,203.125,-1687.5,-1820.3125,-265.625,-1632.8125,-1750.0,-648.4375
2158692,-1406.25,656.25,1359.375,-2242.1875,-1070.3125,-179.6875,-1914.0625,-1585.9375,203.125,-1687.5,-1820.3125,-265.625,-1632.8125,-1750.0,-648.4375
2158845,-648.4375,492.1875,421.875,-804.6875,-343.75,125.0,-601.5625,-593.75,234.375,-570.3125,-671.875,0.0,-601.5625,-625.0,-164.0625
2158845,-648.4375,492.1875,421.875,-804.6875,-343.75,125.0,-601.5625,-593.75,234.375,-570.3125,-671.875,0.0,-601.5625,-625.0,-164.0625
2158845,-648.4375,500.0,421.875,-796.875,-328.125,117.1875,-593.75,-578.125,226.5625,-578.125,-656.25,7.8125,-585.9375,-601.5625,-164.0625
2158845,-648.4375,500.0,421.875,-796.875,-328.125,117.1875,-593.75,-578.125,226.5625,-578.125,-656.25,7.8125,-585.9375,-601.5625,-164.0625
2158853,-625.0,500.0,429.6875,-781.25,-320.3125,101.5625,-585.9375,-562.5,218.75,-593.75,-640.625,-15.625,-570.3125,-585.9375,-171.875
2158853,-625.0,500.0,429.6875,-781.25,-320.3125,101.5625,-585.9375,-562.5,218.75,-593.75,-640.625,-15.625,-570.3125,-585.9375,-171.875
2158853,-593.75,492.1875,429.6875,-757.8125,-304.6875,117.1875,-578.125,-570.3125,195.3125,-593.75,-632.8125,-39.0625,-585.9375,-585.9375,-195.3125
2158853,-593.75,492.1875,429.6875,-757.8125,-304.6875,117.1875,-578.125,-570.3125,195.3125,-593.75,-632.8125,-39.0625,-585.9375,-585.9375,-195.3125
2158925,-492.1875,296.875,312.5,-593.75,-210.9375,54.6875,-460.9375,-375.0,156.25,-421.875,-421.875,15.625,-382.8125,-390.625,-93.75
2158925,-492.1875,296.875,312.5,-593.75,-210.9375,54.6875,-460.9375,-375.0,156.25,-421.875,-421.875,15.625,-382.8125,-390.625,-93.75
2158925,-492.1875,312.5,296.875,-578.125,-171.875,54.6875,-445.3125,-351.5625,164.0625,-406.25,-398.4375,23.4375,-390.625,-390.625,-101.5625
2158925,-492.1875,312.5,296.875,-578.125,-171.875,54.6875,-445.3125,-351.5625,164.0625,-406.25,-398.4375,23.4375,-390.625,-390.625,-101.5625
2158933,-492.1875,328.125,281.25,-570.3125,-164.0625,54.6875,-429.6875,-335.9375,171.875,-406.25,-382.8125,31.25,-398.4375,-359.375,-109.375
2158933,-492.1875,328.125,281.25,-570.3125,-164.0625,54.6875,-429.6875,-335.9375,171.875,-406.25,-382.8125,31.25,-398.4375,-359.375,-109.375
2158933,-476.5625,328.125,273.4375,-546.875,-148.4375,70.3125,-406.25,-328.125,171.875,-406.25,-367.1875,31.25,-406.25,-351.5625,-125.0
2158933,-476.5625,328.125,273.4375,-546.875,-148.4375,70.3125,-406.25,-328.125,171.875,-406.25,-367.1875,31.25,-406.25,-351.5625,-125.0
2159086,-328.125,273.4375,46.875,-281.25,15.625,148.4375,-156.25,-101.5625,203.125,-164.0625,-164.0625,117.1875,-203.125,-140.625,15.625
2159086,-328.125,273.4375,46.875,-281.25,15.625,148.4375,-156.25,-101.5625,203.125,-164.0625,-164.0625,117.1875,-203.125,-140.625,15.625
2159087,-320.3125,265.625,46.875,-289.0625,15.625,132.8125,-179.6875,-101.5625,195.3125,-164.0625,-164.0625,117.1875,-187.5,-156.25,31.25
2159087,-320.3125,265.625,46.875,-289.0625,15.625,132.8125,-179.6875,-101.5625,195.3125,-164.0625,-164.0625,117.1875,-187.5,-156.25,31.25
2159095,-328.125,265.625,54.6875,-312.5,15.625,125.0,-195.3125,-109.375,187.5,-187.5,-171.875,125.0,-203.125,-156.25,31.25
2159095,-328.125,265.625,54.6875,-312.5,15.625,125.0,-195.3125,-109.375,187.5,-187.5,-171.875,125.0,-203.125,-156.25,31.25
2159095,-351.5625,273.4375,54.6875,-312.5,15.625,125.0,-203.125,-109.375,195.3125,-187.5,-179.6875,132.8125,-210.9375,-164.0625,46.875
2159095,-351.5625,273.4375,54.6875,-312.5,15.625,125.0,-203.125,-109.375,195.3125,-187.5,-179.6875,132.8125,-210.9375,-164.0625,46.875
2159167,-578.125,343.75,453.125,-750.0,-367.1875,-7.8125,-593.75,-539.0625,101.5625,-632.8125,-546.875,-93.75,-585.9375,-546.875,-281.25
2159167,-578.125,343.75,453.125,-750.0,-367.1875,-7.8125,-593.75,-539.0625,101.5625,-632.8125,-546.875,-93.75,-585.9375,-546.875,-281.25
2159167,-578.125,375.0,515.625,-804.6875,-414.0625,-7.8125,-656.25,-625.0,93.75,-664.0625,-632.8125,-109.375,-671.875,-625.0,-289.0625
2159167,-578.125,375.0,515.625,-804.6875,-414.0625,-7.8125,-656.25,-625.0,93.75,-664.0625,-632.8125,-109.375,-671.875,-625.0,-289.0625
2159175,-578.125,421.875,562.5,-851.5625,-476.5625,0.0,-695.3125,-687.5,93.75,-718.75,-703.125,-125.0,-671.875,-687.5,-289.0625
2159175,-578.125,421.875,562.5,-851.5625,-476.5625,0.0,-695.3125,-687.5,93.75,-718.75,-703.125,-125.0,-671.875,-687.5,-289.0625
2159175,-601.5625,484.375,601.5625,-898.4375,-531.25,31.25,-742.1875,-757.8125,117.1875,-726.5625,-773.4375,-125.0,-742.1875,-804.6875,-281.25
2159175,-601.5625,484.375,601.5625,-898.4375,-531.25,31.25,-742.1875,-757.8125,117.1875,-726.5625,-773.4375,-125.0,-742.1875,-804.6875,-281.25
