2130466,-1260.0,-3626.875,-7065.625
2130466,-1260.0,-3626.875,-7065.625
2130476,-2240.0,-6370.0,-8369.375
2130476,-2240.0,-6370.0,-8369.375
2130487,-4130.0,-9454.375,-7402.5
2130487,-4130.0,-9454.375,-7402.5
2130498,-6448.75,-11261.25,-5394.375
2130498,-6448.75,-11261.25,-5394.375
2130507,-10268.125,-12092.5,-3863.125
2130507,-10268.125,-12092.5,-3863.125
2130518,-13181.875,-11173.75,-3513.125
2130518,-13181.875,-11173.75,-3513.125
2130528,-18003.125,-8820.0,-1728.125
2130528,-18003.125,-8820.0,-1728.125
2130539,-19359.375,-6571.25,-1435.0
2130539,-19359.375,-6571.25,-1435.0
2130549,-21035.0,-3329.375,-450.625
2130549,-21035.0,-3329.375,-450.625
2130559,-21035.0,-949.375,-8089.375
2130559,-21035.0,-949.375,-8089.375
2130569,-22955.625,245.0,-9712.5
2130569,-22955.625,245.0,-9712.5
2130580,-24373.125,1124.375,-6514.375
2130580,-24373.125,1124.375,-6514.375
2130590,-21039.375,-6409.375,-7848.75
2130590,-21039.375,-6409.375,-7848.75
2130600,-18742.5,-19376.875,-4970.0
2130600,-18742.5,-19376.875,-4970.0
2130611,-29785.0,-11515.0,-7280.0
2130611,-29785.0,-11515.0,-7280.0
2130621,-44883.125,-9349.375,2743.125
2130621,-44883.125,-9349.375,2743.125
2130631,-44734.375,-9301.25,-9703.75
2130631,-44734.375,-9301.25,-9703.75
2130641,-45495.625,-12110.0,-13829.375
2130641,-45495.625,-12110.0,-13829.375
2130652,-57771.875,-647.5,-13440.0
2130652,-57771.875,-647.5,-13440.0
2130662,-72261.875,3871.875,-11388.125
2130662,-72261.875,3871.875,-11388.125
2130673,-46287.5,3565.625,-28358.75
2130673,-46287.5,3565.625,-28358.75
2130683,-39348.75,26560.625,-48348.125
2130683,-39348.75,26560.625,-48348.125
2130694,-135393.125,24841.25,-69890.625
2130694,-135393.125,24841.25,-69890.625
2130703,-143360.0,15968.75,-89915.0
2130703,-143360.0,15968.75,-89915.0
2130714,-43452.5,-19228.125,-64356.25
2130714,-43452.5,-19228.125,-64356.25
2130724,11488.75,-61376.875,-26556.25
2130724,11488.75,-61376.875,-26556.25
2130735,-14577.5,-25125.625,-14625.625
2130735,-14577.5,-25125.625,-14625.625
2130745,-38316.25,4983.125,55776.875
2130745,-38316.25,4983.125,55776.875
2130755,-90098.75,25060.0,100384.375
2130755,-90098.75,25060.0,100384.375
2130766,-122373.125,13768.125,123904.375
2130766,-122373.125,13768.125,123904.375
2130776,-133958.125,-16559.375,143241.875
2130776,-133958.125,-16559.375,143241.875
2130786,-123593.75,-27693.75,-143360.0
2130786,-123593.75,-27693.75,-143360.0
2130796,-93183.125,-8071.875,143066.875
2130796,-93183.125,-8071.875,143066.875
2130807,-76833.75,21905.625,143320.625
2130807,-76833.75,21905.625,143320.625
2130817,-103250.0,33403.125,-143360.0
2130817,-103250.0,33403.125,-143360.0
2130826,-142073.75,22526.875,143355.625
2130826,-142073.75,22526.875,143355.625
2130838,-143360.0,-10285.625,-143360.0
2130838,-143360.0,-10285.625,-143360.0
2130847,-142800.0,-58520.0,-143360.0
2130847,-142800.0,-58520.0,-143360.0
2130858,-143259.375,-87259.375,-143360.0
2130858,-143259.375,-87259.375,-143360.0
2130869,-143360.0,-75026.875,-143360.0
2130869,-143360.0,-75026.875,-143360.0
2130879,-143351.25,-53795.0,-143360.0
2130879,-143351.25,-53795.0,-143360.0
2130890,-143355.625,-54600.0,-143360.0
2130890,-143355.625,-54600.0,-143360.0
2130899,-143360.0,-61306.875,-143360.0
2130899,-143360.0,-61306.875,-143360.0
2130910,-143360.0,-47814.375,-143360.0
2130910,-143360.0,-47814.375,-143360.0
2130920,-131621.875,-21516.25,-143360.0
2130920,-131621.875,-21516.25,-143360.0
2130930,-86625.0,201.25,-143360.0
2130930,-86625.0,201.25,-143360.0
2130941,-63560.0,9034.375,137571.875
2130941,-63560.0,9034.375,137571.875
2130951,-48400.625,20693.75,108972.5
2130951,-48400.625,20693.75,108972.5
2130962,-3968.125,93716.875,103228.125
2130962,-3968.125,93716.875,103228.125
2130972,-14713.125,-143360.0,140621.25
2130972,-14713.125,-143360.0,140621.25
2130982,-44922.5,142541.875,123055.625
2130982,-44922.5,142541.875,123055.625
2130992,-51734.375,102952.5,100025.625
2130992,-51734.375,102952.5,100025.625
2131002,-62230.0,95462.5,87828.125
2131002,-62230.0,95462.5,87828.125
2131013,-64338.75,132623.75,78579.375
2131013,-64338.75,132623.75,78579.375
2131023,-60602.5,-143360.0,77424.375
2131023,-60602.5,-143360.0,77424.375
2131034,-46331.25,143259.375,76916.875
2131034,-46331.25,143259.375,76916.875
2131045,-35931.875,143049.375,76063.75
2131045,-35931.875,143049.375,76063.75
2131054,-38408.125,-143360.0,75105.625
2131054,-38408.125,-143360.0,75105.625
2131065,-39786.25,-143360.0,75722.5
2131065,-39786.25,-143360.0,75722.5
2131075,-32195.625,143351.25,73198.125
2131075,-32195.625,143351.25,73198.125
2131085,-32480.0,-143360.0,57859.375
2131085,-32480.0,-143360.0,57859.375
2131096,-38088.75,-143360.0,34483.75
2131096,-38088.75,-143360.0,34483.75
2131106,-34374.375,-143360.0,12390.0
2131106,-34374.375,-143360.0,12390.0
2131116,-23485.0,-143360.0,-4366.25
2131116,-23485.0,-143360.0,-4366.25
2131127,-14875.0,138341.875,-15146.25
2131127,-14875.0,138341.875,-15146.25
2131137,-16795.625,121323.125,-22106.875
2131137,-16795.625,121323.125,-22106.875
2131147,-23957.5,100419.375,-26385.625
2131147,-23957.5,100419.375,-26385.625
2131157,-25764.375,78675.625,-28205.625
2131157,-25764.375,78675.625,-28205.625
2131168,-22308.125,60125.625,-32449.375
2131168,-22308.125,60125.625,-32449.375
2131178,-16581.25,46641.875,-38093.125
2131178,-16581.25,46641.875,-38093.125
2131188,-2673.125,44082.5,-44506.875
2131188,-2673.125,44082.5,-44506.875
2131199,18108.125,40298.125,-48243.125
2131199,18108.125,40298.125,-48243.125
2131209,41365.625,34050.625,-52075.625
2131209,41365.625,34050.625,-52075.625
2131219,55510.0,31618.125,-55908.125
2131219,55510.0,31618.125,-55908.125
2131230,59570.0,22605.625,-55908.125
2131230,59570.0,22605.625,-55908.125
2131240,73600.625,1837.5,-58047.5
2131240,73600.625,1837.5,-58047.5
2131250,80784.375,-7918.75,-57942.5
2131250,80784.375,-7918.75,-57942.5
2131261,89223.75,-8299.375,-47455.625
2131261,89223.75,-8299.375,-47455.625
2131271,103193.125,-16611.875,-27965.0
2131271,103193.125,-16611.875,-27965.0
2131281,119188.125,-27243.125,-4768.75
2131281,119188.125,-27243.125,-4768.75
2131292,128870.0,-32138.75,18068.75
2131292,128870.0,-32138.75,18068.75
2131302,136657.5,-35660.625,29846.25
2131302,136657.5,-35660.625,29846.25
2131312,142935.625,-32786.25,30113.125
2131312,142935.625,-32786.25,30113.125
2131323,132768.125,-31981.25,19547.5
2131323,132768.125,-31981.25,19547.5
2131333,115600.625,-44690.625,6921.25
2131333,115600.625,-44690.625,6921.25
2131343,103048.75,-69418.125,2270.625
2131343,103048.75,-69418.125,2270.625
2131354,91336.875,-81475.625,3451.875
2131354,91336.875,-81475.625,3451.875
2131364,72625.0,-89250.0,7805.0
2131364,72625.0,-89250.0,7805.0
2131374,56293.125,-96827.5,9948.75
2131374,56293.125,-96827.5,9948.75
2131384,41278.125,-95401.25,14183.75
2131384,41278.125,-95401.25,14183.75
2131395,30471.875,-91993.125,19298.125
2131395,30471.875,-91993.125,19298.125
2131405,25025.0,-83492.5,22614.375
2131405,25025.0,-83492.5,22614.375
2131415,23471.875,-66093.125,26530.0
2131415,23471.875,-66093.125,26530.0
2131426,22019.375,-44318.75,33171.25
2131426,22019.375,-44318.75,33171.25
2131436,14288.75,-25545.625,36929.375
2131436,14288.75,-25545.625,36929.375
2131446,-3180.625,-9021.25,35288.75
2131446,-3180.625,-9021.25,35288.75
2131457,-26394.375,1614.375,25265.625
2131457,-26394.375,1614.375,25265.625
2131466,-48181.875,11528.125,12411.875
2131466,-48181.875,11528.125,12411.875
2131477,-68333.125,20584.375,70.0
2131477,-68333.125,20584.375,70.0
2131488,-87066.875,25361.875,-11121.25
2131488,-87066.875,25361.875,-11121.25
2131498,-102851.875,29627.5,-22085.0
2131498,-102851.875,29627.5,-22085.0
2131508,-114086.875,34103.125,-33582.5
2131508,-114086.875,34103.125,-33582.5
2131519,-121590.0,40341.875,-44830.625
2131519,-121590.0,40341.875,-44830.625
2131529,-127246.875,48098.75,-49175.0
2131529,-127246.875,48098.75,-49175.0
2131539,-130471.25,54486.25,-49030.625
2131539,-130471.25,54486.25,-49030.625
2131549,-132540.625,59920.0,-47394.375
2131549,-132540.625,59920.0,-47394.375
2131560,-133122.5,63358.75,-47635.0
2131560,-133122.5,63358.75,-47635.0
2131570,-136924.375,63284.375,-49573.125
2131570,-136924.375,63284.375,-49573.125
2131580,-139129.375,65506.875,-50063.125
2131580,-139129.375,65506.875,-50063.125
2131590,-139234.375,63214.375,-49301.875
2131590,-139234.375,63214.375,-49301.875
2131601,-133835.625,69300.0,-43535.625
2131601,-133835.625,69300.0,-43535.625
2131611,-122071.25,78015.0,-36955.625
2131611,-122071.25,78015.0,-36955.625
2131622,-109768.75,85242.5,-31836.875
2131622,-109768.75,85242.5,-31836.875
2131632,-101815.0,88952.5,-29719.375
2131632,-101815.0,88952.5,-29719.375
2131642,-95576.25,89201.875,-31517.5
2131642,-95576.25,89201.875,-31517.5
2131652,-92544.375,88401.25,-36216.25
2131652,-92544.375,88401.25,-36216.25
2131663,-91516.25,84704.375,-39694.375
2131663,-91516.25,84704.375,-39694.375
2131674,-90269.375,77800.625,-41851.25
2131674,-90269.375,77800.625,-41851.25
2131684,-88265.625,68919.375,-44314.375
2131684,-88265.625,68919.375,-44314.375
2131694,-82315.625,65870.0,-44651.25
2131694,-82315.625,65870.0,-44651.25
2131704,-73259.375,63901.25,-42700.0
2131704,-73259.375,63901.25,-42700.0
2131715,-61976.25,60541.25,-38871.875
2131715,-61976.25,60541.25,-38871.875
2131725,-50321.25,57194.375,-34623.75
2131725,-50321.25,57194.375,-34623.75
2131735,-38272.5,53532.5,-30769.375
2131735,-38272.5,53532.5,-30769.375
2131745,-26726.875,49249.375,-27488.125
2131745,-26726.875,49249.375,-27488.125
2131756,-17727.5,43085.0,-24241.875
2131756,-17727.5,43085.0,-24241.875
2131766,-10504.375,35581.875,-19595.625
2131766,-10504.375,35581.875,-19595.625
2131776,-1050.0,28783.125,-13895.0
2131776,-1050.0,28783.125,-13895.0
2131787,9909.375,22028.125,-7953.75
2131787,9909.375,22028.125,-7953.75
2131797,24285.625,17386.25,-2078.125
2131797,24285.625,17386.25,-2078.125
2131807,36785.0,10062.5,1028.125
2131807,36785.0,10062.5,1028.125
2131818,46121.25,2353.75,2358.125
2131818,46121.25,2353.75,2358.125
2131828,53882.5,-6488.125,2817.5
2131828,53882.5,-6488.125,2817.5
2131838,59171.875,-20829.375,3281.25
2131838,59171.875,-20829.375,3281.25
2131849,60305.0,-35840.0,4930.625
2131849,60305.0,-35840.0,4930.625
2131859,61324.375,-55400.625,9165.625
2131859,61324.375,-55400.625,9165.625
2131870,55676.25,-83925.625,11900.0
2131870,55676.25,-83925.625,11900.0
2131880,48256.25,-110241.25,11725.0
2131880,48256.25,-110241.25,11725.0
2131890,53143.125,-117958.75,13973.75
2131890,53143.125,-117958.75,13973.75
2131900,67803.75,-116952.5,19770.625
2131900,67803.75,-116952.5,19770.625
2131911,84498.75,-112520.625,27868.75
2131911,84498.75,-112520.625,27868.75
2131921,96998.125,-111658.75,35017.5
2131921,96998.125,-111658.75,35017.5
2131931,107393.125,-110963.125,41177.5
2131931,107393.125,-110963.125,41177.5
2131942,119144.375,-106522.5,48199.375
2131942,119144.375,-106522.5,48199.375
2131952,125619.375,-107800.0,54416.25
2131952,125619.375,-107800.0,54416.25
2131962,121629.375,-113470.0,55912.5
2131962,121629.375,-113470.0,55912.5
2131972,112651.875,-117547.5,55006.875
2131972,112651.875,-117547.5,55006.875
2131983,106793.75,-118321.875,54928.125
2131983,106793.75,-118321.875,54928.125
2131993,107874.375,-112030.625,59290.0
2131993,107874.375,-112030.625,59290.0
2132003,111426.875,-100922.5,64526.875
2132003,111426.875,-100922.5,64526.875
2132014,111995.625,-89621.875,66613.75
2132014,111995.625,-89621.875,66613.75
2132025,103254.375,-81410.0,61223.75
2132025,103254.375,-81410.0,61223.75
2132034,83733.125,-74812.5,49752.5
2132034,83733.125,-74812.5,49752.5
2132045,60606.875,-69374.375,37073.75
2132045,60606.875,-69374.375,37073.75
2132055,39869.375,-62641.25,25515.0
2132055,39869.375,-62641.25,25515.0
2132065,24736.25,-48776.875,18471.25
2132065,24736.25,-48776.875,18471.25
2132076,13081.25,-32917.5,14380.625
2132076,13081.25,-32917.5,14380.625
2132086,2585.625,-16905.0,11550.0
2132086,2585.625,-16905.0,11550.0
2132096,-8754.375,-2174.375,7857.5
2132096,-8754.375,-2174.375,7857.5
2132107,-22461.25,9261.875,2493.75
2132107,-22461.25,9261.875,2493.75
2132117,-36566.25,17154.375,-2800.0
2132117,-36566.25,17154.375,-2800.0
2132127,-49446.25,23756.25,-7647.5
2132127,-49446.25,23756.25,-7647.5
2132138,-58371.25,30791.25,-10377.5
2132138,-58371.25,30791.25,-10377.5
2132148,-63258.125,37296.875,-10482.5
2132148,-63258.125,37296.875,-10482.5
2132158,-66968.125,41387.5,-10075.625
2132158,-66968.125,41387.5,-10075.625
2132169,-71623.125,42931.875,-11615.625
2132169,-71623.125,42931.875,-11615.625
2132180,-76418.125,42179.375,-14752.5
2132180,-76418.125,42179.375,-14752.5
2132189,-82136.25,40000.625,-18445.0
2132189,-82136.25,40000.625,-18445.0
2132199,-84778.75,41181.875,-20466.25
2132199,-84778.75,41181.875,-20466.25
2132210,-83304.375,43509.375,-20107.5
2132210,-83304.375,43509.375,-20107.5
2132221,-81830.0,44835.0,-18869.375
2132221,-81830.0,44835.0,-18869.375
2132230,-79546.25,46515.0,-17167.5
2132230,-79546.25,46515.0,-17167.5
2132241,-77275.625,47070.625,-14542.5
2132241,-77275.625,47070.625,-14542.5
2132251,-74742.5,48986.875,-12096.875
2132251,-74742.5,48986.875,-12096.875
2132261,-70910.0,50439.375,-10771.25
2132261,-70910.0,50439.375,-10771.25
2132272,-69947.5,50395.625,-10561.25
2132272,-69947.5,50395.625,-10561.25
2132282,-70643.125,49835.625,-12026.875
2132282,-70643.125,49835.625,-12026.875
2132292,-69833.75,49542.5,-14070.0
2132292,-69833.75,49542.5,-14070.0
2132303,-68595.625,47175.625,-15474.375
2132303,-68595.625,47175.625,-15474.375
2132313,-66355.625,48658.75,-16043.125
2132313,-66355.625,48658.75,-16043.125
2132323,-60685.625,48663.125,-15758.75
2132323,-60685.625,48663.125,-15758.75
2132334,-54328.75,47490.625,-14901.25
2132334,-54328.75,47490.625,-14901.25
2132344,-50071.875,45316.25,-14074.375
2132344,-50071.875,45316.25,-14074.375
2132354,-47429.375,41728.75,-15019.375
2132354,-47429.375,41728.75,-15019.375
2132365,-44970.625,38565.625,-18396.875
2132365,-44970.625,38565.625,-18396.875
2132375,-42634.375,35485.625,-21284.375
2132375,-42634.375,35485.625,-21284.375
2132385,-39795.0,30874.375,-22863.75
2132385,-39795.0,30874.375,-22863.75
2132396,-34947.5,27391.875,-22951.25
2132396,-34947.5,27391.875,-22951.25
2132406,-28070.0,25449.375,-22907.5
2132406,-28070.0,25449.375,-22907.5
2132416,-20540.625,23773.75,-22995.0
2132416,-20540.625,23773.75,-22995.0
2132427,-13816.25,20969.375,-23695.0
2132427,-13816.25,20969.375,-23695.0
2132437,-8876.875,15806.875,-24206.875
2132437,-8876.875,15806.875,-24206.875
2132447,-4536.875,11291.875,-24263.75
2132447,-4536.875,11291.875,-24263.75
2132457,2349.375,10714.375,-22898.75
2132457,2349.375,10714.375,-22898.75
2132468,14446.25,9773.75,-18567.5
2132468,14446.25,9773.75,-18567.5
2132478,25952.5,7048.125,-13273.75
2132478,25952.5,7048.125,-13273.75
2132488,36229.375,3416.875,-8706.25
2132488,36229.375,3416.875,-8706.25
2132499,44331.875,-2296.875,-5810.0
2132499,44331.875,-2296.875,-5810.0
2132509,48352.5,-10556.875,-5359.375
2132509,48352.5,-10556.875,-5359.375
2132519,48479.375,-21179.375,-7962.5
2132519,48479.375,-21179.375,-7962.5
2132530,47197.5,-30905.0,-11182.5
2132530,47197.5,-30905.0,-11182.5
2132540,49021.875,-38351.25,-11755.625
2132540,49021.875,-38351.25,-11755.625
2132550,53493.125,-44804.375,-10701.25
2132550,53493.125,-44804.375,-10701.25
2132561,59714.375,-48020.0,-8290.625
2132561,59714.375,-48020.0,-8290.625
2132571,65585.625,-50911.875,-4681.25
2132571,65585.625,-50911.875,-4681.25
2132581,68131.875,-58463.125,-1732.5
2132581,68131.875,-58463.125,-1732.5
2132592,66390.625,-70157.5,-411.25
2132592,66390.625,-70157.5,-411.25
2132602,62938.75,-83715.625,-1465.625
2132602,62938.75,-83715.625,-1465.625
2132612,57785.0,-96648.125,-4816.875
2132612,57785.0,-96648.125,-4816.875
2132622,55033.125,-104969.375,-7245.0
2132622,55033.125,-104969.375,-7245.0
2132633,58896.25,-105586.25,-5600.0
2132633,58896.25,-105586.25,-5600.0
2132643,70752.5,-98581.875,800.625
2132643,70752.5,-98581.875,800.625
2132653,89674.375,-86673.125,13540.625
2132653,89674.375,-86673.125,13540.625
2132664,110766.25,-74978.75,28271.25
2132664,110766.25,-74978.75,28271.25
2132674,130834.375,-63708.75,40197.5
2132674,130834.375,-63708.75,40197.5
2132685,142498.125,-58213.75,44905.0
2132685,142498.125,-58213.75,44905.0
2132695,137055.625,-61079.375,38635.625
2132695,137055.625,-61079.375,38635.625
2132705,120806.875,-63542.5,27540.625
2132705,120806.875,-63542.5,27540.625
2132715,103871.25,-68687.5,18309.375
2132715,103871.25,-68687.5,18309.375
2132726,94535.0,-70739.375,14402.5
2132726,94535.0,-70739.375,14402.5
2132735,90536.25,-65401.875,13606.25
2132735,90536.25,-65401.875,13606.25
2132746,89547.5,-59727.5,13851.25
2132746,89547.5,-59727.5,13851.25
2132757,85601.25,-55216.875,13195.0
2132757,85601.25,-55216.875,13195.0
2132768,73346.875,-50448.125,9419.375
2132768,73346.875,-50448.125,9419.375
2132777,57977.5,-47573.75,4795.0
2132777,57977.5,-47573.75,4795.0
2132787,41216.875,-46239.375,-428.75
2132787,41216.875,-46239.375,-428.75
2132797,22233.75,-44817.5,-6986.875
2132797,22233.75,-44817.5,-6986.875
2132809,3447.5,-39956.875,-12971.875
2132809,3447.5,-39956.875,-12971.875
2132819,-14398.125,-32453.75,-15820.0
2132819,-14398.125,-32453.75,-15820.0
2132829,-29133.125,-24631.25,-14791.875
2132829,-29133.125,-24631.25,-14791.875
2132839,-38858.75,-15627.5,-8911.875
2132839,-38858.75,-15627.5,-8911.875
2132849,-43841.875,-3338.125,385.0
2132849,-43841.875,-3338.125,385.0
2132860,-43115.625,10788.75,11873.75
2132860,-43115.625,10788.75,11873.75
2132870,-43973.125,21651.875,20155.625
2132870,-43973.125,21651.875,20155.625
2132881,-49577.5,27899.375,23314.375
2132881,-49577.5,27899.375,23314.375
2132891,-53532.5,34886.25,25497.5
2132891,-53532.5,34886.25,25497.5
2132901,-55991.25,39904.375,26009.375
2132901,-55991.25,39904.375,26009.375
2132911,-61516.875,40893.125,24889.375
2132911,-61516.875,40893.125,24889.375
2132922,-65454.375,40718.125,23380.0
2132922,-65454.375,40718.125,23380.0
2132932,-70896.875,38679.375,21035.0
2132932,-70896.875,38679.375,21035.0
2132942,-74838.75,35175.0,19503.75
2132942,-74838.75,35175.0,19503.75
2132953,-77280.0,33617.5,18908.75
2132953,-77280.0,33617.5,18908.75
2132963,-78041.25,33276.25,19586.875
2132963,-78041.25,33276.25,19586.875
2132973,-75985.0,33228.125,21288.75
2132973,-75985.0,33228.125,21288.75
2132984,-71194.375,36885.625,23922.5
2132984,-71194.375,36885.625,23922.5
2132994,-63074.375,42048.125,26888.75
2132994,-63074.375,42048.125,26888.75
2133004,-55094.375,46410.0,27921.25
2133004,-55094.375,46410.0,27921.25
2133015,-49555.625,49752.5,26530.0
2133015,-49555.625,49752.5,26530.0
2133025,-46751.25,52136.875,23502.5
2133025,-46751.25,52136.875,23502.5
2133035,-45657.5,51183.125,21402.5
2133035,-45657.5,51183.125,21402.5
2133046,-43911.875,48912.5,21192.5
2133046,-43911.875,48912.5,21192.5
2133056,-42017.5,45985.625,21647.5
2133056,-42017.5,45985.625,21647.5
2133066,-37485.0,44555.0,22640.625
2133066,-37485.0,44555.0,22640.625
2133077,-34291.25,42061.25,22058.75
2133077,-34291.25,42061.25,22058.75
2133087,-33586.875,39116.875,18720.625
2133087,-33586.875,39116.875,18720.625
2133097,-33538.75,36058.75,13702.5
2133097,-33538.75,36058.75,13702.5
2133107,-34203.75,31163.125,8754.375
2133107,-34203.75,31163.125,8754.375
2133117,-35870.625,25366.25,4068.75
2133117,-35870.625,25366.25,4068.75
2133128,-36281.875,19000.625,-166.25
2133128,-36281.875,19000.625,-166.25
2133138,-35573.125,14170.625,-3893.75
2133138,-35573.125,14170.625,-3893.75
2133149,-33293.75,11900.0,-6138.125
2133149,-33293.75,11900.0,-6138.125
2133159,-27470.625,10263.75,-5845.0
2133159,-27470.625,10263.75,-5845.0
2133169,-24106.25,7634.375,-5980.625
2133169,-24106.25,7634.375,-5980.625
2133180,-23139.375,3784.375,-5551.875
2133180,-23139.375,3784.375,-5551.875
2133190,-22028.125,91.875,-4900.0
2133190,-22028.125,91.875,-4900.0
2133200,-20794.375,-4361.875,-5070.625
2133200,-20794.375,-4361.875,-5070.625
2133211,-18025.0,-6282.5,-5140.625
2133211,-18025.0,-6282.5,-5140.625
2133221,-12223.75,-5936.875,-4182.5
2133221,-12223.75,-5936.875,-4182.5
2133231,-4970.0,-4379.375,-2576.875
2133231,-4970.0,-4379.375,-2576.875
2133242,2139.375,-2922.5,-516.25
2133242,2139.375,-2922.5,-516.25
2133252,8776.25,-2861.25,936.25
2133252,8776.25,-2861.25,936.25
2133262,14196.875,-4392.5,1561.875
2133262,14196.875,-4392.5,1561.875
2133271,17745.0,-7205.625,835.625
2133271,17745.0,-7205.625,835.625
2133283,20173.125,-10504.375,-975.625
2133283,20173.125,-10504.375,-975.625
2133293,22776.25,-14122.5,-4370.625
2133293,22776.25,-14122.5,-4370.625
2133304,25370.625,-18541.25,-8421.875
2133304,25370.625,-18541.25,-8421.875
2133314,29168.125,-22548.75,-12425.0
2133314,29168.125,-22548.75,-12425.0
2133324,34339.375,-25204.375,-16791.25
2133324,34339.375,-25204.375,-16791.25
2133334,38298.75,-27050.625,-20448.75
2133334,38298.75,-27050.625,-20448.75
2133345,45430.0,-30191.875,-24062.5
2133345,45430.0,-30191.875,-24062.5
2133355,50645.0,-31653.125,-29120.0
2133355,50645.0,-31653.125,-29120.0
2133365,61945.625,-36124.375,-35074.375
2133365,61945.625,-36124.375,-35074.375
2133375,74965.625,-39143.125,-41873.125
2133375,74965.625,-39143.125,-41873.125
2133386,75639.375,-50089.375,-46908.75
2133386,75639.375,-50089.375,-46908.75
2133396,77630.0,-63013.125,-56341.25
2133396,77630.0,-63013.125,-56341.25
2133407,86603.125,-70997.5,-65690.625
2133407,86603.125,-70997.5,-65690.625
2133417,95965.625,-80228.75,-75228.125
2133417,95965.625,-80228.75,-75228.125
2133428,101018.75,-88165.0,-88711.875
2133428,101018.75,-88165.0,-88711.875
2133438,94473.75,-96473.125,-105393.75
2133438,94473.75,-96473.125,-105393.75
2133448,83934.375,-105774.375,-122801.875
2133448,83934.375,-105774.375,-122801.875
2133458,76326.25,-115027.5,-139321.875
2133458,76326.25,-115027.5,-139321.875
2133469,69081.25,-125969.375,-143355.625
2133469,69081.25,-125969.375,-143355.625
2133479,59058.125,-139111.875,-143311.875
2133479,59058.125,-139111.875,-143311.875
2133489,49371.875,-143355.625,-143241.875
2133489,49371.875,-143355.625,-143241.875
2133500,38832.5,-143355.625,-143355.625
2133500,38832.5,-143355.625,-143355.625
2133510,26971.875,-143246.25,-143355.625
2133510,26971.875,-143246.25,-143355.625
2133520,19031.25,-143355.625,-143355.625
2133520,19031.25,-143355.625,-143355.625
2133530,32392.5,-141942.5,-143355.625
2133530,32392.5,-141942.5,-143355.625
2133541,33350.625,-123856.25,-143355.625
2133541,33350.625,-123856.25,-143355.625
