2139525,-23231.25,-24381.875,-25536.875
2139525,-23231.25,-24381.875,-25536.875
2139535,-28708.75,-26516.875,-27335.0
2139535,-28708.75,-26516.875,-27335.0
2139545,-31045.0,-27072.5,-30721.25
2139545,-31045.0,-27072.5,-30721.25
2139556,-33753.125,-25427.5,-35376.25
2139556,-33753.125,-25427.5,-35376.25
2139566,-45329.375,-26919.375,-40350.625
2139566,-45329.375,-26919.375,-40350.625
2139577,-57509.375,-42039.375,-44695.0
2139577,-57509.375,-42039.375,-44695.0
2139587,-44660.0,-60116.875,-50391.25
2139587,-44660.0,-60116.875,-50391.25
2139597,-44896.25,-64531.25,-51401.875
2139597,-44896.25,-64531.25,-51401.875
2139607,-70704.375,-66561.25,-53274.375
2139607,-70704.375,-66561.25,-53274.375
2139618,-94640.0,-57964.375,-63319.375
2139618,-94640.0,-57964.375,-63319.375
2139628,-101815.0,-39016.25,-46051.25
2139628,-101815.0,-39016.25,-46051.25
2139638,-65283.75,-56910.0,-54495.0
2139638,-65283.75,-56910.0,-54495.0
2139649,3710.0,-119389.375,-80469.375
2139649,3710.0,-119389.375,-80469.375
2139659,-22588.125,-143355.625,-89101.25
2139659,-22588.125,-143355.625,-89101.25
2139669,4248.125,-110425.0,-100034.375
2139669,4248.125,-110425.0,-100034.375
2139680,-6247.5,-119866.25,-80889.375
2139680,-6247.5,-119866.25,-80889.375
2139690,-127465.625,-143355.625,-66132.5
2139690,-127465.625,-143355.625,-66132.5
2139700,-143360.0,-141658.125,-87421.25
2139700,-143360.0,-141658.125,-87421.25
2139710,-141916.25,-139138.125,-143355.625
2139710,-141916.25,-139138.125,-143355.625
2139721,-132238.75,-143355.625,-127951.25
2139721,-132238.75,-143355.625,-127951.25
2139732,-141741.25,-143355.625,-39685.625
2139732,-141741.25,-143355.625,-39685.625
2139741,-143360.0,-143263.75,-32265.625
2139741,-143360.0,-143263.75,-32265.625
2139752,-143202.5,-143355.625,-41055.0
2139752,-143202.5,-143355.625,-41055.0
2139762,-143294.375,-143355.625,-9471.875
2139762,-143294.375,-143355.625,-9471.875
2139773,-143360.0,-143355.625,31548.125
2139773,-143360.0,-143355.625,31548.125
2139783,-143360.0,-143355.625,54411.875
2139783,-143360.0,-143355.625,54411.875
2139793,-143360.0,-143355.625,114117.5
2139793,-143360.0,-143355.625,114117.5
2139804,-143360.0,-143355.625,-143360.0
2139804,-143360.0,-143355.625,-143360.0
2139814,-143360.0,-143355.625,-143360.0
2139814,-143360.0,-143355.625,-143360.0
2139824,-137366.25,-143355.625,142616.25
2139824,-137366.25,-143355.625,142616.25
2139834,-78820.0,-143355.625,-143360.0
2139834,-78820.0,-143355.625,-143360.0
2139845,-13965.0,-143355.625,-143360.0
2139845,-13965.0,-143355.625,-143360.0
2139855,56962.5,-101316.25,143342.5
2139855,56962.5,-101316.25,143342.5
2139865,143355.625,83720.0,-143360.0
2139865,143355.625,83720.0,-143360.0
2139876,143355.625,-143360.0,-143360.0
2139876,143355.625,-143360.0,-143360.0
2139886,141929.375,143268.125,-143360.0
2139886,141929.375,143268.125,-143360.0
2139896,143211.25,141697.5,-143360.0
2139896,143211.25,141697.5,-143360.0
2139906,142961.875,-143360.0,-143360.0
2139906,142961.875,-143360.0,-143360.0
2139917,129880.625,-143360.0,-143360.0
2139917,129880.625,-143360.0,-143360.0
2139928,113640.625,143320.625,-143360.0
2139928,113640.625,143320.625,-143360.0
2139937,109655.0,-143360.0,-143360.0
2139937,109655.0,-143360.0,-143360.0
2139948,110328.75,-143360.0,-143360.0
2139948,110328.75,-143360.0,-143360.0
2139958,108718.75,-143360.0,-143360.0
2139958,108718.75,-143360.0,-143360.0
2139969,101276.875,-143360.0,143346.875
2139969,101276.875,-143360.0,143346.875
2139979,72318.75,-143360.0,126813.75
2139979,72318.75,-143360.0,126813.75
2139989,30436.875,-143360.0,90396.25
2139989,30436.875,-143360.0,90396.25
2139999,118.125,-143360.0,64579.375
2139999,118.125,-143360.0,64579.375
2140010,-19355.0,-143360.0,55146.875
2140010,-19355.0,-143360.0,55146.875
2140020,-34356.875,133183.75,49376.25
2140020,-34356.875,133183.75,49376.25
2140030,-44388.75,104698.125,39173.75
2140030,-44388.75,104698.125,39173.75
2140040,-51419.375,87451.875,28726.25
2140040,-51419.375,87451.875,28726.25
2140052,-33131.875,73670.625,18891.25
2140052,-33131.875,73670.625,18891.25
2140061,-656.25,56809.375,10268.125
2140061,-656.25,56809.375,10268.125
2140072,18541.25,44200.625,1281.875
2140072,18541.25,44200.625,1281.875
2140082,31355.625,38920.0,-5438.125
2140082,31355.625,38920.0,-5438.125
2140091,34195.0,31679.375,-7918.75
2140091,34195.0,31679.375,-7918.75
2140102,30734.375,14975.625,-10491.25
2140102,30734.375,14975.625,-10491.25
2140113,28840.0,-7638.75,-14923.125
2140113,28840.0,-7638.75,-14923.125
2140123,22548.75,-28332.5,-25738.125
2140123,22548.75,-28332.5,-25738.125
2140134,21778.75,-42157.5,-32130.0
2140134,21778.75,-42157.5,-32130.0
2140144,35100.625,-46217.5,-33302.5
2140144,35100.625,-46217.5,-33302.5
2140154,49988.75,-36837.5,-27098.75
2140154,49988.75,-36837.5,-27098.75
2140165,71238.125,-28363.125,-18287.5
2140165,71238.125,-28363.125,-18287.5
2140175,93410.625,-24202.5,-4711.875
2140175,93410.625,-24202.5,-4711.875
2140185,102375.0,-28988.75,13606.25
2140185,102375.0,-28988.75,13606.25
2140195,102138.75,-39270.0,29955.625
2140195,102138.75,-39270.0,29955.625
2140206,96613.125,-44135.0,36649.375
2140206,96613.125,-44135.0,36649.375
2140216,89320.0,-50150.625,34724.375
2140216,89320.0,-50150.625,34724.375
2140226,85106.875,-48825.0,30690.625
2140226,85106.875,-48825.0,30690.625
2140237,84538.125,-39952.5,27921.25
2140237,84538.125,-39952.5,27921.25
2140247,89862.5,-31504.375,31206.875
2140247,89862.5,-31504.375,31206.875
2140257,95239.375,-27247.5,43238.125
2140257,95239.375,-27247.5,43238.125
2140268,91616.875,-27536.25,54031.25
2140268,91616.875,-27536.25,54031.25
2140278,86913.75,-34383.125,58852.5
2140278,86913.75,-34383.125,58852.5
2140288,75910.625,-38272.5,59123.75
2140288,75910.625,-38272.5,59123.75
2140299,52788.75,-36404.375,52491.25
2140299,52788.75,-36404.375,52491.25
2140309,48737.5,-34527.5,46571.875
2140309,48737.5,-34527.5,46571.875
2140319,46913.125,-27339.375,45854.375
2140319,46913.125,-27339.375,45854.375
2140330,32309.375,-19236.875,45937.5
2140330,32309.375,-19236.875,45937.5
2140340,26320.0,-10823.75,45198.125
2140340,26320.0,-10823.75,45198.125
2140350,21791.875,5915.0,44782.5
2140350,21791.875,5915.0,44782.5
2140361,13921.25,24456.25,42135.625
2140361,13921.25,24456.25,42135.625
2140371,5718.125,39414.375,37445.625
2140371,5718.125,39414.375,37445.625
2140381,-9388.75,46930.625,28590.625
2140381,-9388.75,46930.625,28590.625
2140392,-30821.875,50246.875,16423.75
2140392,-30821.875,50246.875,16423.75
2140402,-53099.375,50846.25,4366.25
2140402,-53099.375,50846.25,4366.25
2140412,-71413.125,54604.375,-5398.75
2140412,-71413.125,54604.375,-5398.75
2140422,-82613.125,61958.75,-12932.5
2140422,-82613.125,61958.75,-12932.5
2140433,-89923.75,70376.25,-17933.125
2140433,-89923.75,70376.25,-17933.125
2140443,-95515.0,72200.625,-23415.0
2140443,-95515.0,72200.625,-23415.0
2140453,-104020.0,71824.375,-30607.5
2140453,-104020.0,71824.375,-30607.5
2140464,-111916.875,71513.75,-36115.625
2140464,-111916.875,71513.75,-36115.625
2140474,-115451.875,70048.125,-38666.25
2140474,-115451.875,70048.125,-38666.25
2140484,-116939.375,69055.0,-38841.25
2140484,-116939.375,69055.0,-38841.25
2140495,-117455.625,69505.625,-36456.875
2140495,-117455.625,69505.625,-36456.875
2140505,-114734.375,72191.875,-34300.0
2140505,-114734.375,72191.875,-34300.0
2140515,-109173.75,77861.875,-33538.75
2140515,-109173.75,77861.875,-33538.75
2140526,-100878.75,82031.25,-35262.5
2140526,-100878.75,82031.25,-35262.5
2140536,-94185.0,81650.625,-37073.75
2140536,-94185.0,81650.625,-37073.75
2140546,-91914.375,80570.0,-40000.625
2140546,-91914.375,80570.0,-40000.625
2140557,-88550.0,76383.125,-41724.375
2140557,-88550.0,76383.125,-41724.375
2140567,-88764.375,70004.375,-42538.125
2140567,-88764.375,70004.375,-42538.125
2140577,-83072.5,64295.0,-42752.5
2140577,-83072.5,64295.0,-42752.5
2140588,-73723.125,62833.75,-42595.0
2140588,-73723.125,62833.75,-42595.0
2140598,-63883.75,66535.0,-42131.25
2140598,-63883.75,66535.0,-42131.25
2140608,-53326.875,66031.875,-42350.0
2140608,-53326.875,66031.875,-42350.0
2140618,-47569.375,60996.25,-43181.25
2140618,-47569.375,60996.25,-43181.25
2140629,-46410.0,53501.875,-45237.5
2140629,-46410.0,53501.875,-45237.5
2140639,-47600.0,46545.625,-47573.75
2140639,-47600.0,46545.625,-47573.75
2140649,-46466.875,41580.0,-47967.5
2140649,-46466.875,41580.0,-47967.5
2140660,-40643.75,36815.625,-43435.0
2140660,-40643.75,36815.625,-43435.0
2140670,-35634.375,29531.25,-35787.5
2140670,-35634.375,29531.25,-35787.5
2140680,-28441.875,21280.0,-26740.0
2140680,-28441.875,21280.0,-26740.0
2140690,-18768.75,15531.25,-19350.625
2140690,-18768.75,15531.25,-19350.625
2140701,-7546.875,12022.5,-14656.25
2140701,-7546.875,12022.5,-14656.25
2140711,6860.0,7380.625,-9703.75
2140711,6860.0,7380.625,-9703.75
2140722,18956.875,783.125,-3841.25
2140722,18956.875,783.125,-3841.25
2140732,28450.625,-6969.375,-603.75
2140732,28450.625,-6969.375,-603.75
2140742,38753.75,-17071.25,-43.75
2140742,38753.75,-17071.25,-43.75
2140753,45364.375,-27553.75,2051.875
2140753,45364.375,-27553.75,2051.875
2140763,51537.5,-38683.75,6265.0
2140763,51537.5,-38683.75,6265.0
2140773,61040.0,-45421.25,12818.75
2140773,61040.0,-45421.25,12818.75
2140783,71715.0,-50693.125,21651.875
2140783,71715.0,-50693.125,21651.875
2140794,81781.875,-55391.875,30406.25
2140794,81781.875,-55391.875,30406.25
2140804,92850.625,-62059.375,36334.375
2140804,92850.625,-62059.375,36334.375
2140814,98735.0,-72270.625,39261.25
2140814,98735.0,-72270.625,39261.25
2140825,97772.5,-82893.125,38998.75
2140825,97772.5,-82893.125,38998.75
2140835,95628.75,-90680.625,37896.25
2140835,95628.75,-90680.625,37896.25
2140845,98468.125,-93900.625,38368.75
2140845,98468.125,-93900.625,38368.75
2140856,105091.875,-93625.0,42450.625
2140856,105091.875,-93625.0,42450.625
2140866,114419.375,-91861.875,50627.5
2140866,114419.375,-91861.875,50627.5
2140876,121681.875,-91586.25,60016.25
2140876,121681.875,-91586.25,60016.25
2140887,126424.375,-90230.0,66902.5
2140887,126424.375,-90230.0,66902.5
2140897,127478.75,-88585.0,69912.5
2140897,127478.75,-88585.0,69912.5
2140907,124460.0,-83816.25,70323.75
2140907,124460.0,-83816.25,70323.75
2140918,121730.0,-79183.125,70857.5
2140918,121730.0,-79183.125,70857.5
2140928,117258.75,-75140.625,72887.5
2140928,117258.75,-75140.625,72887.5
2140938,112223.125,-69234.375,77122.5
2140938,112223.125,-69234.375,77122.5
2140949,105310.625,-61722.5,82285.0
2140949,105310.625,-61722.5,82285.0
2140959,98525.0,-55706.875,83448.75
2140959,98525.0,-55706.875,83448.75
2140969,83063.75,-50102.5,78093.75
2140969,83063.75,-50102.5,78093.75
2140980,61993.75,-42323.75,66784.375
2140980,61993.75,-42323.75,66784.375
2140990,40385.625,-28546.875,52670.625
2140990,40385.625,-28546.875,52670.625
2141000,22780.625,-15684.375,39585.0
2141000,22780.625,-15684.375,39585.0
2141010,7551.25,-2948.75,27523.125
2141010,7551.25,-2948.75,27523.125
2141021,-11746.875,8618.75,14433.125
2141021,-11746.875,8618.75,14433.125
2141031,-32366.25,17893.75,643.125
2141031,-32366.25,17893.75,643.125
2141041,-51380.0,26166.875,-11725.0
2141041,-51380.0,26166.875,-11725.0
2141052,-66832.5,36203.125,-23393.125
2141052,-66832.5,36203.125,-23393.125
2141062,-76838.125,46773.125,-34702.5
2141062,-76838.125,46773.125,-34702.5
2141072,-84428.75,54302.5,-42791.875
2141072,-84428.75,54302.5,-42791.875
2141083,-90566.875,59395.0,-48461.875
2141083,-90566.875,59395.0,-48461.875
2141093,-98157.5,61306.875,-53580.625
2141093,-98157.5,61306.875,-53580.625
2141104,-103333.125,62685.0,-57758.75
2141104,-103333.125,62685.0,-57758.75
2141113,-105975.625,65839.375,-60900.0
2141113,-105975.625,65839.375,-60900.0
2141124,-109891.25,66561.25,-62825.0
2141124,-109891.25,66561.25,-62825.0
2141134,-112402.5,65528.75,-63354.375
2141134,-112402.5,65528.75,-63354.375
2141145,-114178.75,62273.75,-62098.75
2141145,-114178.75,62273.75,-62098.75
2141155,-112901.25,62033.125,-61372.5
2141155,-112901.25,62033.125,-61372.5
2141165,-111068.125,64723.75,-59622.5
2141165,-111068.125,64723.75,-59622.5
2141176,-105516.25,66858.75,-55658.75
2141176,-105516.25,66858.75,-55658.75
2141186,-94635.625,69615.0,-50382.5
2141186,-94635.625,69615.0,-50382.5
2141196,-86305.625,70371.875,-47582.5
2141196,-86305.625,70371.875,-47582.5
2141207,-81143.125,69374.375,-48711.25
2141207,-81143.125,69374.375,-48711.25
2141217,-76308.75,67545.625,-49914.375
2141217,-76308.75,67545.625,-49914.375
2141227,-73443.125,63783.125,-49931.875
2141227,-73443.125,63783.125,-49931.875
2141237,-69864.375,60318.125,-48873.125
2141237,-69864.375,60318.125,-48873.125
2141248,-63192.5,56927.5,-46458.125
2141248,-63192.5,56927.5,-46458.125
2141258,-55378.75,53375.0,-43045.625
2141258,-55378.75,53375.0,-43045.625
2141268,-48050.625,49354.375,-39160.625
2141268,-48050.625,49354.375,-39160.625
2141279,-40201.875,43658.125,-35905.625
2141279,-40201.875,43658.125,-35905.625
2141289,-32952.5,39598.125,-32834.375
2141289,-32952.5,39598.125,-32834.375
2141301,-24928.75,36592.5,-30848.125
2141301,-24928.75,36592.5,-30848.125
2141310,-15045.625,33079.375,-27593.125
2141310,-15045.625,33079.375,-27593.125
2141320,-7634.375,26621.875,-22776.25
2141320,-7634.375,26621.875,-22776.25
2141331,179.375,20230.0,-16730.0
2141331,179.375,20230.0,-16730.0
2141341,9826.25,12919.375,-11090.625
2141341,9826.25,12919.375,-11090.625
2141351,19586.875,4090.625,-5145.0
2141351,19586.875,4090.625,-5145.0
2141361,27348.125,-4768.75,-542.5
2141361,27348.125,-4768.75,-542.5
2141372,35485.625,-11882.5,923.125
2141372,35485.625,-11882.5,923.125
2141382,42787.5,-18466.875,1579.375
2141382,42787.5,-18466.875,1579.375
2141392,48492.5,-26206.25,1995.0
2141392,48492.5,-26206.25,1995.0
2141403,52508.75,-34505.625,3609.375
2141403,52508.75,-34505.625,3609.375
2141413,56844.375,-41846.875,8382.5
2141413,56844.375,-41846.875,8382.5
2141423,62711.25,-50277.5,15505.0
2141423,62711.25,-50277.5,15505.0
2141434,69562.5,-56542.5,21621.25
2141434,69562.5,-56542.5,21621.25
2141444,76488.125,-58056.25,26534.375
2141444,76488.125,-58056.25,26534.375
2141454,83461.875,-56218.75,31535.0
2141454,83461.875,-56218.75,31535.0
2141464,92001.875,-53777.5,37380.0
2141464,92001.875,-53777.5,37380.0
2141475,101290.0,-54656.875,44003.75
2141475,101290.0,-54656.875,44003.75
2141485,105923.125,-60375.0,48470.625
2141485,105923.125,-60375.0,48470.625
2141496,104343.75,-66220.0,48650.0
2141496,104343.75,-66220.0,48650.0
2141506,99448.125,-70175.0,46878.125
2141506,99448.125,-70175.0,46878.125
2141516,96936.875,-73215.625,45263.75
2141516,96936.875,-73215.625,45263.75
2141526,92750.0,-75521.25,45136.875
2141526,92750.0,-75521.25,45136.875
2141537,91048.125,-75140.625,48943.125
2141537,91048.125,-75140.625,48943.125
2141547,95453.75,-69028.75,56188.125
2141547,95453.75,-69028.75,56188.125
2141557,102935.0,-59320.625,63910.0
2141557,102935.0,-59320.625,63910.0
2141568,106299.375,-52893.75,68263.125
2141568,106299.375,-52893.75,68263.125
2141578,97453.125,-50548.75,65581.25
2141578,97453.125,-50548.75,65581.25
2141588,80937.5,-46917.5,60081.875
2141588,80937.5,-46917.5,60081.875
2141599,68573.75,-43054.375,55711.25
2141599,68573.75,-43054.375,55711.25
2141609,59263.75,-36894.375,52994.375
2141609,59263.75,-36894.375,52994.375
2141619,48063.75,-30712.5,49240.625
2141619,48063.75,-30712.5,49240.625
2141629,34330.625,-25348.75,42498.75
2141629,34330.625,-25348.75,42498.75
2141640,17941.875,-19425.0,31828.125
2141640,17941.875,-19425.0,31828.125
2141650,-612.5,-11191.25,17543.75
2141650,-612.5,-11191.25,17543.75
2141660,-20339.375,-555.625,1990.625
2141660,-20339.375,-555.625,1990.625
2141671,-37108.75,10132.5,-11151.875
2141671,-37108.75,10132.5,-11151.875
2141681,-51896.25,18987.5,-21061.25
2141681,-51896.25,18987.5,-21061.25
2141692,-66115.0,25576.25,-28376.25
2141692,-66115.0,25576.25,-28376.25
2141702,-79126.25,31386.25,-34352.5
2141702,-79126.25,31386.25,-34352.5
2141712,-89219.375,34741.875,-37948.75
2141712,-89219.375,34741.875,-37948.75
2141723,-97741.875,36715.0,-40131.875
2141723,-97741.875,36715.0,-40131.875
2141733,-104960.625,39073.125,-39186.875
2141733,-104960.625,39073.125,-39186.875
2141743,-105805.0,43128.75,-37506.875
2141743,-105805.0,43128.75,-37506.875
2141753,-107502.5,46812.5,-35179.375
2141753,-107502.5,46812.5,-35179.375
2141764,-107270.625,50771.875,-34400.625
2141764,-107270.625,50771.875,-34400.625
2141774,-106894.375,52233.125,-33556.25
2141774,-106894.375,52233.125,-33556.25
2141784,-106688.75,50715.0,-32221.875
2141784,-106688.75,50715.0,-32221.875
2141795,-108858.75,47853.75,-31198.125
2141795,-108858.75,47853.75,-31198.125
2141805,-109340.0,46550.0,-30244.375
2141805,-109340.0,46550.0,-30244.375
2141815,-105476.875,45946.25,-26993.75
2141815,-105476.875,45946.25,-26993.75
2141825,-99360.625,45902.5,-22745.625
2141825,-99360.625,45902.5,-22745.625
2141836,-91205.625,48895.0,-17657.5
2141836,-91205.625,48895.0,-17657.5
2141847,-81296.25,51607.5,-13978.125
2141847,-81296.25,51607.5,-13978.125
2141857,-75280.625,50513.75,-15071.875
2141857,-75280.625,50513.75,-15071.875
2141867,-70888.125,50343.125,-20960.625
2141867,-70888.125,50343.125,-20960.625
2141877,-67987.5,49608.125,-26096.875
2141877,-67987.5,49608.125,-26096.875
2141888,-63065.625,46663.75,-28354.375
2141888,-63065.625,46663.75,-28354.375
2141898,-58454.375,43531.25,-28284.375
2141898,-58454.375,43531.25,-28284.375
2141908,-51835.0,41326.25,-27724.375
2141908,-51835.0,41326.25,-27724.375
2141918,-45710.0,38333.75,-26468.75
2141918,-45710.0,38333.75,-26468.75
2141929,-41247.5,34041.875,-24045.0
2141929,-41247.5,34041.875,-24045.0
2141939,-35065.625,30953.125,-21866.25
2141939,-35065.625,30953.125,-21866.25
2141949,-28306.25,28918.75,-20838.125
2141949,-28306.25,28918.75,-20838.125
2141960,-23428.125,24696.875,-20510.0
2141960,-23428.125,24696.875,-20510.0
2141970,-16856.875,21354.375,-20606.25
2141970,-16856.875,21354.375,-20606.25
2141980,-8378.125,18208.75,-18606.875
2141980,-8378.125,18208.75,-18606.875
2141991,-35.0,11895.625,-15995.0
2141991,-35.0,11895.625,-15995.0
2142001,10906.875,8071.875,-13728.75
2142001,10906.875,8071.875,-13728.75
2142011,19757.5,1789.375,-13877.5
2142011,19757.5,1789.375,-13877.5
2142022,24661.875,-5630.625,-15750.0
2142022,24661.875,-5630.625,-15750.0
2142032,28481.25,-13011.25,-19162.5
2142032,28481.25,-13011.25,-19162.5
2142043,32541.25,-22098.125,-21380.625
2142043,32541.25,-22098.125,-21380.625
2142053,32287.5,-31416.875,-22150.625
2142053,32287.5,-31416.875,-22150.625
2142063,32808.125,-38771.25,-22369.375
2142063,32808.125,-38771.25,-22369.375
2142073,37975.0,-45771.25,-20860.0
2142073,37975.0,-45771.25,-20860.0
2142084,41943.125,-50544.375,-17281.25
2142084,41943.125,-50544.375,-17281.25
2142094,48199.375,-54525.625,-12411.875
2142094,48199.375,-54525.625,-12411.875
2142104,54998.125,-54556.25,-4974.375
2142104,54998.125,-54556.25,-4974.375
2142115,65677.5,-50881.25,4178.125
2142115,65677.5,-50881.25,4178.125
2142125,79800.0,-47083.75,14761.25
2142125,79800.0,-47083.75,14761.25
2142135,91179.375,-45036.25,22741.25
2142135,91179.375,-45036.25,22741.25
2142145,93642.5,-47796.875,23668.75
2142145,93642.5,-47796.875,23668.75
2142156,89468.75,-52031.875,19586.875
2142156,89468.75,-52031.875,19586.875
2142166,83186.25,-62103.125,14288.75
2142166,83186.25,-62103.125,14288.75
2142176,72808.75,-72275.0,9856.875
2142176,72808.75,-72275.0,9856.875
2142187,63971.25,-80618.125,8566.25
2142187,63971.25,-80618.125,8566.25
2142197,60077.5,-85715.0,8522.5
2142197,60077.5,-85715.0,8522.5
2142207,58603.125,-87364.375,8312.5
2142207,58603.125,-87364.375,8312.5
2142218,60663.75,-83838.125,8391.25
2142218,60663.75,-83838.125,8391.25
2142228,68866.875,-73220.0,11462.5
2142228,68866.875,-73220.0,11462.5
2142239,81401.25,-61849.375,13790.0
2142239,81401.25,-61849.375,13790.0
2142249,88952.5,-53913.125,12442.5
2142249,88952.5,-53913.125,12442.5
2142259,86957.5,-51493.75,8054.375
2142259,86957.5,-51493.75,8054.375
2142269,80377.5,-51353.75,2226.875
2142269,80377.5,-51353.75,2226.875
2142280,74125.625,-53073.125,962.5
2142280,74125.625,-53073.125,962.5
2142290,65620.625,-56813.75,1010.625
2142290,65620.625,-56813.75,1010.625
2142300,59206.875,-53204.375,3718.75
2142300,59206.875,-53204.375,3718.75
2142310,58331.875,-48168.75,3815.0
2142310,58331.875,-48168.75,3815.0
2142321,58432.5,-39996.25,450.625
2142321,58432.5,-39996.25,450.625
2142331,57579.375,-33149.375,-4060.0
2142331,57579.375,-33149.375,-4060.0
2142341,54223.75,-29456.875,-9900.625
2142341,54223.75,-29456.875,-9900.625
2142352,48995.625,-28507.5,-16323.125
2142352,48995.625,-28507.5,-16323.125
2142362,42993.125,-30380.0,-24259.375
2142362,42993.125,-30380.0,-24259.375
2142372,34593.125,-35153.125,-31963.75
2142372,34593.125,-35153.125,-31963.75
2142383,26950.0,-45968.125,-39156.25
2142383,26950.0,-45968.125,-39156.25
2142393,18007.5,-56625.625,-47031.25
2142393,18007.5,-56625.625,-47031.25
2142403,9730.0,-57750.0,-55492.5
2142403,9730.0,-57750.0,-55492.5
2142414,393.75,-53427.5,-63778.75
2142414,393.75,-53427.5,-63778.75
2142424,-6033.125,-50955.625,-71658.125
2142424,-6033.125,-50955.625,-71658.125
2142435,-5893.125,-51931.25,-77756.875
2142435,-5893.125,-51931.25,-77756.875
2142445,-3097.5,-52399.375,-81821.25
2142445,-3097.5,-52399.375,-81821.25
2142455,3578.75,-58944.375,-85461.25
2142455,3578.75,-58944.375,-85461.25
2142465,8225.0,-77647.5,-89613.125
2142465,8225.0,-77647.5,-89613.125
2142476,6142.5,-94955.0,-95948.125
2142476,6142.5,-94955.0,-95948.125
2142486,6698.125,-111260.625,-102576.25
2142486,6698.125,-111260.625,-102576.25
2142496,12118.75,-124188.75,-109598.125
2142496,12118.75,-124188.75,-109598.125
2142507,11620.0,-131665.625,-118243.125
2142507,11620.0,-131665.625,-118243.125
2142517,4956.875,-135568.125,-129167.5
2142517,4956.875,-135568.125,-129167.5
2142527,-15448.125,-142467.5,-130077.5
2142527,-15448.125,-142467.5,-130077.5
2142537,-41562.5,-140883.75,-119975.625
2142537,-41562.5,-140883.75,-119975.625
2142548,21940.625,-136071.25,-137917.5
2142548,21940.625,-136071.25,-137917.5
2142558,64500.625,-120548.75,-143355.625
2142558,64500.625,-120548.75,-143355.625
2142568,49192.5,-106255.625,-143342.5
2142568,49192.5,-106255.625,-143342.5
2142579,26495.0,-115670.625,-143206.875
2142579,26495.0,-115670.625,-143206.875
2142588,18808.125,-139391.875,-143355.625
2142588,18808.125,-139391.875,-143355.625
2142599,19915.0,-143355.625,-143355.625
2142599,19915.0,-143355.625,-143355.625
2142609,29343.125,-143119.375,-143355.625
2142609,29343.125,-143119.375,-143355.625
