2148574,511.875,-551.25,56.875
2148574,511.875,-551.25,56.875
2148583,485.625,-752.5,21.875
2148583,485.625,-752.5,21.875
2148594,498.75,-621.25,70.0
2148594,498.75,-621.25,70.0
2148604,590.625,-647.5,91.875
2148604,590.625,-647.5,91.875
2148613,669.375,-686.875,157.5
2148613,669.375,-686.875,157.5
2148625,713.125,-568.75,183.75
2148625,713.125,-568.75,183.75
2148635,813.75,-485.625,293.125
2148635,813.75,-485.625,293.125
2148644,883.75,-481.25,214.375
2148644,883.75,-481.25,214.375
2148656,945.0,-560.0,170.625
2148656,945.0,-560.0,170.625
2148666,1133.125,-673.75,39.375
2148666,1133.125,-673.75,39.375
2148676,1255.625,-669.375,52.5
2148676,1255.625,-669.375,52.5
2148687,1141.875,-616.875,26.25
2148687,1141.875,-616.875,26.25
2148697,1155.0,-595.0,-74.375
2148697,1155.0,-595.0,-74.375
2148707,840.0,-708.75,-109.375
2148707,840.0,-708.75,-109.375
2148718,713.125,-704.375,-8.75
2148718,713.125,-704.375,-8.75
2148728,756.875,-656.25,-13.125
2148728,756.875,-656.25,-13.125
2148738,743.75,-581.875,74.375
2148738,743.75,-581.875,74.375
2148749,940.625,-608.125,210.0
2148749,940.625,-608.125,210.0
2148759,1321.25,-634.375,205.625
2148759,1321.25,-634.375,205.625
2148769,1614.375,-498.75,-39.375
2148769,1614.375,-498.75,-39.375
2148779,1421.875,-306.25,83.125
2148779,1421.875,-306.25,83.125
2148790,791.875,-332.5,371.875
2148790,791.875,-332.5,371.875
2148800,100.625,-507.5,441.875
2148800,100.625,-507.5,441.875
2148810,-328.125,-691.25,4.375
2148810,-328.125,-691.25,4.375
2148821,-175.0,-783.125,-301.875
2148821,-175.0,-783.125,-301.875
2148831,560.0,-717.5,-140.0
2148831,560.0,-717.5,-140.0
2148841,879.375,-595.0,-249.375
2148841,879.375,-595.0,-249.375
2148852,936.25,-573.125,-560.0
2148852,936.25,-573.125,-560.0
2148862,551.25,-577.5,-310.625
2148862,551.25,-577.5,-310.625
2148872,43.75,-406.875,214.375
2148872,43.75,-406.875,214.375
2148883,-306.25,-367.5,266.875
2148883,-306.25,-367.5,266.875
2148893,-341.25,-577.5,70.0
2148893,-341.25,-577.5,70.0
2148903,-428.75,-888.125,-192.5
2148903,-428.75,-888.125,-192.5
2148914,-551.25,-1133.125,-223.125
2148914,-551.25,-1133.125,-223.125
2148924,-354.375,-1150.625,-411.25
2148924,-354.375,-1150.625,-411.25
2148934,-896.875,-765.625,196.875
2148934,-896.875,-765.625,196.875
2148945,-778.75,-109.375,958.125
2148945,-778.75,-109.375,958.125
2148955,-660.625,411.25,1216.25
2148955,-660.625,411.25,1216.25
2148965,-870.625,853.125,1146.25
2148965,-870.625,853.125,1146.25
2148974,-1273.125,551.25,945.0
2148974,-1273.125,551.25,945.0
2148986,-1150.625,669.375,818.125
2148986,-1150.625,669.375,818.125
2148997,-1513.75,2078.125,-538.125
2148997,-1513.75,2078.125,-538.125
2149006,-6041.875,1470.0,-3215.625
2149006,-6041.875,1470.0,-3215.625
2149017,-13243.125,1649.375,770.0
2149017,-13243.125,1649.375,770.0
2149027,-23248.75,3045.0,-8741.25
2149027,-23248.75,3045.0,-8741.25
2149038,-28100.625,-3937.5,-10823.75
2149038,-28100.625,-3937.5,-10823.75
2149048,-26565.0,-9550.625,498.75
2149048,-26565.0,-9550.625,498.75
2149058,-45338.125,-11423.125,-15614.375
2149058,-45338.125,-11423.125,-15614.375
2149068,-61547.5,-34527.5,-35616.875
2149068,-61547.5,-34527.5,-35616.875
2149078,-25344.375,-57684.375,-32510.625
2149078,-25344.375,-57684.375,-32510.625
2149089,-97177.5,-12433.75,1850.625
2149089,-97177.5,-12433.75,1850.625
2149099,-143360.0,1111.25,9856.875
2149099,-143360.0,1111.25,9856.875
2149110,-126275.625,-53593.75,-13706.875
2149110,-126275.625,-53593.75,-13706.875
2149120,-68652.5,-97615.0,22806.875
2149120,-68652.5,-97615.0,22806.875
2149130,-73775.625,-60593.75,84577.5
2149130,-73775.625,-60593.75,84577.5
2149141,-99395.625,-40495.0,110048.75
2149141,-99395.625,-40495.0,110048.75
2149151,-108815.0,-36540.0,131731.25
2149151,-108815.0,-36540.0,131731.25
2149161,-120286.25,-25904.375,-143360.0
2149161,-120286.25,-25904.375,-143360.0
2149171,-140301.875,-41335.0,-143360.0
2149171,-140301.875,-41335.0,-143360.0
2149182,-143360.0,-68302.5,143075.625
2149182,-143360.0,-68302.5,143075.625
2149192,-143150.0,-94141.25,-143360.0
2149192,-143150.0,-94141.25,-143360.0
2149202,-143250.625,-120356.25,-143360.0
2149202,-143250.625,-120356.25,-143360.0
2149213,-143360.0,-138775.0,143355.625
2149213,-143360.0,-138775.0,143355.625
2149223,-143360.0,-143355.625,-143360.0
2149223,-143360.0,-143355.625,-143360.0
2149233,-143355.625,-143311.875,-143360.0
2149233,-143355.625,-143311.875,-143360.0
2149244,-143360.0,-143224.375,-143360.0
2149244,-143360.0,-143224.375,-143360.0
2149254,-143360.0,-143355.625,129784.375
2149254,-143360.0,-143355.625,129784.375
2149265,-143360.0,-143355.625,90951.875
2149265,-143360.0,-143355.625,90951.875
2149275,-140201.25,-143355.625,81270.0
2149275,-140201.25,-143355.625,81270.0
2149285,-52311.875,-78295.0,136027.5
2149285,-52311.875,-78295.0,136027.5
2149295,65870.0,-143360.0,-143360.0
2149295,65870.0,-143360.0,-143360.0
2149306,84000.0,-143360.0,142576.875
2149306,84000.0,-143360.0,142576.875
2149316,50999.375,123703.125,143062.5
2149316,50999.375,123703.125,143062.5
2149325,25252.5,-143360.0,-143360.0
2149325,25252.5,-143360.0,-143360.0
2149337,2638.125,-143360.0,143355.625
2149337,2638.125,-143360.0,143355.625
2149347,-4322.5,143001.25,143351.25
2149347,-4322.5,143001.25,143351.25
2149357,2603.125,143316.25,142485.0
2149357,2603.125,143316.25,142485.0
2149368,8176.875,-143360.0,138455.625
2149368,8176.875,-143360.0,138455.625
2149378,23310.0,143355.625,135673.125
2149378,23310.0,143355.625,135673.125
2149388,32615.625,-143360.0,129819.375
2149388,32615.625,-143360.0,129819.375
2149398,13426.875,-143360.0,110127.5
2149398,13426.875,-143360.0,110127.5
2149409,-26989.375,-143360.0,83216.875
2149409,-26989.375,-143360.0,83216.875
2149419,-46138.75,-143360.0,69667.5
2149419,-46138.75,-143360.0,69667.5
2149430,-45915.625,-143360.0,59963.75
2149430,-45915.625,-143360.0,59963.75
2149440,-34470.625,-143360.0,52889.375
2149440,-34470.625,-143360.0,52889.375
2149450,-23060.625,-143360.0,47337.5
2149450,-23060.625,-143360.0,47337.5
2149460,-19385.625,-143360.0,39038.125
2149460,-19385.625,-143360.0,39038.125
2149471,-17972.5,-143360.0,28415.625
2149471,-17972.5,-143360.0,28415.625
2149480,-15487.5,-143360.0,17434.375
2149480,-15487.5,-143360.0,17434.375
2149491,-10959.375,143031.875,6356.875
2149491,-10959.375,143031.875,6356.875
2149501,-4681.25,137243.75,293.125
2149501,-4681.25,137243.75,293.125
2149511,-3841.25,125724.375,-4943.75
2149511,-3841.25,125724.375,-4943.75
2149522,3062.5,109020.625,-8986.25
2149522,3062.5,109020.625,-8986.25
2149533,10701.25,92693.125,-12044.375
2149533,10701.25,92693.125,-12044.375
2149543,11550.0,74668.125,-9655.625
2149543,11550.0,74668.125,-9655.625
2149553,14844.375,59443.125,-6531.875
2149553,14844.375,59443.125,-6531.875
2149564,24609.375,44397.5,-5092.5
2149564,24609.375,44397.5,-5092.5
2149574,34925.625,32808.125,-3850.0
2149574,34925.625,32808.125,-3850.0
2149584,44870.0,24395.0,-1933.75
2149584,44870.0,24395.0,-1933.75
2149595,55785.625,14166.25,-1890.0
2149595,55785.625,14166.25,-1890.0
2149605,66198.125,9528.75,109.375
2149605,66198.125,9528.75,109.375
2149615,77695.625,3145.625,1592.5
2149615,77695.625,3145.625,1592.5
2149626,83444.375,-6251.875,4760.0
2149626,83444.375,-6251.875,4760.0
2149636,92491.875,-14253.75,10723.125
2149636,92491.875,-14253.75,10723.125
2149646,90825.0,-20825.0,17434.375
2149646,90825.0,-20825.0,17434.375
2149657,89477.5,-29968.75,20461.875
2149657,89477.5,-29968.75,20461.875
2149667,102987.5,-40425.0,23878.75
2149667,102987.5,-40425.0,23878.75
2149677,101618.125,-40460.0,24806.25
2149677,101618.125,-40460.0,24806.25
2149687,105761.25,-36745.625,26569.375
2149687,105761.25,-36745.625,26569.375
2149698,120688.75,-34820.625,31106.25
2149698,120688.75,-34820.625,31106.25
2149708,129762.5,-29036.875,37371.25
2149708,129762.5,-29036.875,37371.25
2149718,132580.0,-29351.875,44782.5
2149718,132580.0,-29351.875,44782.5
2149729,132803.125,-36041.25,51082.5
2149729,132803.125,-36041.25,51082.5
2149739,133463.75,-44681.875,55195.0
2149739,133463.75,-44681.875,55195.0
2149749,128541.875,-50050.0,55698.125
2149749,128541.875,-50050.0,55698.125
2149760,127115.625,-51362.5,54687.5
2149760,127115.625,-51362.5,54687.5
2149770,127618.75,-51856.875,54958.75
2149770,127618.75,-51856.875,54958.75
2149781,126848.75,-52653.125,57246.875
2149781,126848.75,-52653.125,57246.875
2149790,124123.125,-52959.375,61385.625
2149790,124123.125,-52959.375,61385.625
2149801,116795.0,-54696.25,65450.0
2149801,116795.0,-54696.25,65450.0
2149811,100957.5,-59753.75,64334.375
2149811,100957.5,-59753.75,64334.375
2149822,77568.75,-60633.125,53891.25
2149822,77568.75,-60633.125,53891.25
2149832,54936.875,-48811.875,37830.625
2149832,54936.875,-48811.875,37830.625
2149842,34938.75,-30760.625,19551.875
2149842,34938.75,-30760.625,19551.875
2149853,10788.75,-16686.25,1675.625
2149853,10788.75,-16686.25,1675.625
2149863,-19464.375,-7301.875,-14437.5
2149863,-19464.375,-7301.875,-14437.5
2149872,-48593.125,2318.75,-25851.875
2149872,-48593.125,2318.75,-25851.875
2149883,-70043.75,13203.75,-34133.75
2149883,-70043.75,13203.75,-34133.75
2149894,-87836.875,25965.625,-42105.0
2149894,-87836.875,25965.625,-42105.0
2149904,-100200.625,44975.0,-46313.75
2149904,-100200.625,44975.0,-46313.75
2149914,-104706.875,59360.0,-47967.5
2149914,-104706.875,59360.0,-47967.5
2149925,-115189.375,66285.625,-51406.25
2149925,-115189.375,66285.625,-51406.25
2149935,-130825.625,68298.125,-56223.125
2149935,-130825.625,68298.125,-56223.125
2149945,-143360.0,65065.0,-59600.625
2149945,-143360.0,65065.0,-59600.625
2149956,-143360.0,67991.875,-59364.375
2149956,-143360.0,67991.875,-59364.375
2149966,-143119.375,68893.125,-59596.25
2149966,-143119.375,68893.125,-59596.25
2149976,-143355.625,69055.0,-59889.375
2149976,-143355.625,69055.0,-59889.375
2149987,-143360.0,69282.5,-60760.0
2149987,-143360.0,69282.5,-60760.0
2149997,-143355.625,66745.0,-61635.0
2149997,-143355.625,66745.0,-61635.0
2150007,-143360.0,62654.375,-61267.5
2150007,-143360.0,62654.375,-61267.5
2150018,-143360.0,58751.875,-59259.375
2150018,-143360.0,58751.875,-59259.375
2150028,-143360.0,56713.125,-56560.0
2150028,-143360.0,56713.125,-56560.0
2150038,-142957.5,61709.375,-51703.75
2150038,-142957.5,61709.375,-51703.75
2150049,-131884.375,71719.375,-44821.875
2150049,-131884.375,71719.375,-44821.875
2150059,-112936.25,76702.5,-41387.5
2150059,-112936.25,76702.5,-41387.5
2150069,-102970.0,76584.375,-41654.375
2150069,-102970.0,76584.375,-41654.375
2150079,-95917.5,76728.75,-41903.75
2150079,-95917.5,76728.75,-41903.75
2150090,-83790.0,72730.0,-40464.375
2150090,-83790.0,72730.0,-40464.375
2150100,-77179.375,64439.375,-38451.875
2150100,-77179.375,64439.375,-38451.875
2150110,-73237.5,55776.875,-37843.75
2150110,-73237.5,55776.875,-37843.75
2150121,-64426.25,49415.625,-36828.75
2150121,-64426.25,49415.625,-36828.75
2150131,-53895.625,41951.875,-34645.625
2150131,-53895.625,41951.875,-34645.625
2150141,-42791.875,36579.375,-31578.75
2150141,-42791.875,36579.375,-31578.75
2150151,-29417.5,30581.25,-27103.125
2150151,-29417.5,30581.25,-27103.125
2150161,-14787.5,24784.375,-19971.875
2150161,-14787.5,24784.375,-19971.875
2150172,-4287.5,16786.875,-12372.5
2150172,-4287.5,16786.875,-12372.5
2150182,4033.75,8592.5,-8233.75
2150182,4033.75,8592.5,-8233.75
2150193,15093.75,2362.5,-5884.375
2150193,15093.75,2362.5,-5884.375
2150203,24893.75,-5153.75,-3351.25
2150203,24893.75,-5153.75,-3351.25
2150214,33420.625,-12814.375,-280.0
2150214,33420.625,-12814.375,-280.0
2150224,42682.5,-17333.75,3145.625
2150224,42682.5,-17333.75,3145.625
2150234,52858.75,-25628.75,8085.0
2150234,52858.75,-25628.75,8085.0
2150245,59408.125,-36321.25,14061.25
2150245,59408.125,-36321.25,14061.25
2150255,64395.625,-42140.0,20440.0
2150255,64395.625,-42140.0,20440.0
2150265,70437.5,-47140.625,26092.5
2150265,70437.5,-47140.625,26092.5
2150275,75770.625,-51865.625,31727.5
2150275,75770.625,-51865.625,31727.5
2150286,85750.0,-54425.0,37471.875
2150286,85750.0,-54425.0,37471.875
2150296,99334.375,-52224.375,45119.375
2150296,99334.375,-52224.375,45119.375
2150306,113623.125,-52985.625,51078.125
2150306,113623.125,-52985.625,51078.125
2150317,125142.5,-54621.875,56196.875
2150317,125142.5,-54621.875,56196.875
2150327,131901.875,-56135.625,57614.375
2150327,131901.875,-56135.625,57614.375
2150337,138893.125,-56778.75,60029.375
2150337,138893.125,-56778.75,60029.375
2150348,143355.625,-63144.375,64535.625
2150348,143355.625,-63144.375,64535.625
2150358,143355.625,-71960.0,65865.625
2150358,143355.625,-71960.0,65865.625
2150369,143255.0,-77420.0,64430.625
2150369,143255.0,-77420.0,64430.625
2150379,143329.375,-80762.5,61118.75
2150379,143329.375,-80762.5,61118.75
2150389,139571.25,-80360.0,58524.375
2150389,139571.25,-80360.0,58524.375
2150399,133608.125,-78942.5,58069.375
2150399,133608.125,-78942.5,58069.375
2150410,127929.375,-77113.75,55370.0
2150410,127929.375,-77113.75,55370.0
2150420,118785.625,-68455.625,50190.0
2150420,118785.625,-68455.625,50190.0
2150430,107913.75,-61814.375,44467.5
2150430,107913.75,-61814.375,44467.5
2150441,94963.75,-54026.875,40048.75
2150441,94963.75,-54026.875,40048.75
2150451,80364.375,-42638.75,34619.375
2150451,80364.375,-42638.75,34619.375
2150461,62562.5,-33394.375,24775.625
2150461,62562.5,-33394.375,24775.625
2150472,35643.125,-23883.125,9913.75
2150472,35643.125,-23883.125,9913.75
2150482,6772.5,-15391.25,-7822.5
2150482,6772.5,-15391.25,-7822.5
2150492,-19735.625,-5486.25,-24990.0
2150492,-19735.625,-5486.25,-24990.0
2150502,-41405.0,6164.375,-36627.5
2150502,-41405.0,6164.375,-36627.5
2150513,-56323.75,16760.625,-41505.625
2150513,-56323.75,16760.625,-41505.625
2150523,-70853.125,27549.375,-43303.75
2150523,-70853.125,27549.375,-43303.75
2150533,-84402.5,35332.5,-44270.625
2150533,-84402.5,35332.5,-44270.625
2150544,-96136.25,40184.375,-43951.25
2150544,-96136.25,40184.375,-43951.25
2150554,-107506.875,41553.75,-43386.875
2150554,-107506.875,41553.75,-43386.875
2150565,-116641.875,43146.25,-42166.25
2150565,-116641.875,43146.25,-42166.25
2150575,-125181.875,46221.875,-41776.875
2150575,-125181.875,46221.875,-41776.875
2150585,-129941.875,47757.5,-41654.375
2150585,-129941.875,47757.5,-41654.375
2150596,-132851.25,46926.25,-40048.75
2150596,-132851.25,46926.25,-40048.75
2150606,-134155.0,48846.875,-36736.875
2150606,-134155.0,48846.875,-36736.875
2150616,-134045.625,49958.125,-32935.0
2150616,-134045.625,49958.125,-32935.0
2150626,-134290.625,50846.25,-29618.75
2150626,-134290.625,50846.25,-29618.75
2150637,-133686.875,53563.125,-27221.25
2150637,-133686.875,53563.125,-27221.25
2150647,-127365.0,57662.5,-24766.875
2150647,-127365.0,57662.5,-24766.875
2150657,-121126.25,61560.625,-24635.625
2150657,-121126.25,61560.625,-24635.625
2150668,-115710.0,64662.5,-25593.75
2150668,-115710.0,64662.5,-25593.75
2150678,-111492.5,65082.5,-27444.375
2150678,-111492.5,65082.5,-27444.375
2150688,-106601.25,64820.0,-30078.125
2150688,-106601.25,64820.0,-30078.125
2150698,-98638.75,64522.5,-32344.375
2150698,-98638.75,64522.5,-32344.375
2150709,-90440.0,63188.125,-34120.625
2150709,-90440.0,63188.125,-34120.625
2150720,-81926.25,60038.125,-35896.875
2150720,-81926.25,60038.125,-35896.875
2150729,-74256.875,54538.75,-35603.75
2150729,-74256.875,54538.75,-35603.75
2150740,-65782.5,49105.0,-34028.75
2150740,-65782.5,49105.0,-34028.75
2150750,-55181.875,43303.75,-32462.5
2150750,-55181.875,43303.75,-32462.5
2150761,-44821.875,38675.0,-29592.5
2150761,-44821.875,38675.0,-29592.5
2150771,-33674.375,34173.125,-25431.875
2150771,-33674.375,34173.125,-25431.875
2150781,-23196.25,29583.75,-21966.875
2150781,-23196.25,29583.75,-21966.875
2150792,-14577.5,25646.25,-19254.375
2150792,-14577.5,25646.25,-19254.375
2150802,-5228.125,22395.625,-16891.875
2150802,-5228.125,22395.625,-16891.875
2150812,5884.375,17115.0,-13912.5
2150812,5884.375,17115.0,-13912.5
2150822,15185.625,9485.0,-11095.0
2150822,15185.625,9485.0,-11095.0
2150833,23559.375,-288.75,-8771.875
2150833,23559.375,-288.75,-8771.875
2150843,28905.625,-12127.5,-5215.0
2150843,28905.625,-12127.5,-5215.0
2150853,36260.0,-22089.375,1290.625
2150853,36260.0,-22089.375,1290.625
2150864,44349.375,-30769.375,7052.5
2150864,44349.375,-30769.375,7052.5
2150874,49791.875,-36885.625,9568.125
2150874,49791.875,-36885.625,9568.125
2150884,56481.25,-40639.375,12761.875
2150884,56481.25,-40639.375,12761.875
2150894,66224.375,-45701.25,18235.0
2150894,66224.375,-45701.25,18235.0
2150905,74602.5,-51786.875,24303.125
2150905,74602.5,-51786.875,24303.125
2150915,82241.25,-55518.75,30769.375
2150915,82241.25,-55518.75,30769.375
2150925,91511.875,-56682.5,38517.5
2150925,91511.875,-56682.5,38517.5
2150936,101342.5,-56301.875,46388.125
2150936,101342.5,-56301.875,46388.125
2150946,110184.375,-56796.25,52972.5
2150946,110184.375,-56796.25,52972.5
2150957,116401.25,-56332.5,57089.375
2150957,116401.25,-56332.5,57089.375
2150967,118466.25,-57933.75,57505.0
2150967,118466.25,-57933.75,57505.0
2150977,117630.625,-61753.125,55965.0
2150977,117630.625,-61753.125,55965.0
2150988,116383.75,-66097.5,53414.375
2150988,116383.75,-66097.5,53414.375
2150998,114909.375,-66780.0,52325.0
2150998,114909.375,-66780.0,52325.0
2151008,114856.875,-65436.875,54621.875
2151008,114856.875,-65436.875,54621.875
2151018,117845.0,-64299.375,60956.875
2151018,117845.0,-64299.375,60956.875
2151029,123458.125,-64610.0,68508.125
2151029,123458.125,-64610.0,68508.125
2151039,126345.625,-62041.875,72441.25
2151039,126345.625,-62041.875,72441.25
2151049,125295.625,-61083.75,70275.625
2151049,125295.625,-61083.75,70275.625
2151060,114331.875,-60528.125,62409.375
2151060,114331.875,-60528.125,62409.375
2151070,99470.0,-57535.625,49988.75
2151070,99470.0,-57535.625,49988.75
2151080,84765.625,-53195.625,37498.125
2151080,84765.625,-53195.625,37498.125
2151091,68079.375,-47626.25,27085.625
2151091,68079.375,-47626.25,27085.625
2151101,53856.25,-41085.625,17447.5
2151101,53856.25,-41085.625,17447.5
2151112,37375.625,-32130.0,6195.0
2151112,37375.625,-32130.0,6195.0
2151121,18029.375,-20934.375,-6203.75
2151121,18029.375,-20934.375,-6203.75
2151132,-1093.75,-9896.25,-18970.0
2151132,-1093.75,-9896.25,-18970.0
2151142,-21056.875,2366.875,-30730.0
2151142,-21056.875,2366.875,-30730.0
2151153,-40180.0,13934.375,-39204.375
2151153,-40180.0,13934.375,-39204.375
2151163,-56490.0,23174.375,-43351.875
2151163,-56490.0,23174.375,-43351.875
2151173,-69098.75,32318.125,-43658.125
2151173,-69098.75,32318.125,-43658.125
2151183,-76698.125,40928.125,-40521.25
2151183,-76698.125,40928.125,-40521.25
2151194,-81361.875,47683.125,-36338.75
2151194,-81361.875,47683.125,-36338.75
2151204,-87565.625,50028.125,-32191.25
2151204,-87565.625,50028.125,-32191.25
2151214,-93397.5,49113.75,-27938.75
2151214,-93397.5,49113.75,-27938.75
2151224,-97466.25,49350.0,-23410.625
2151224,-97466.25,49350.0,-23410.625
2151234,-98669.375,52723.125,-18458.125
2151234,-98669.375,52723.125,-18458.125
2151245,-99225.0,57137.5,-13549.375
2151245,-99225.0,57137.5,-13549.375
2151256,-96831.875,63122.5,-7616.875
2151256,-96831.875,63122.5,-7616.875
2151266,-95370.625,66180.625,-4795.0
2151266,-95370.625,66180.625,-4795.0
2151276,-97588.75,69063.75,-6698.125
2151276,-97588.75,69063.75,-6698.125
2151287,-97352.5,71736.875,-9314.375
2151287,-97352.5,71736.875,-9314.375
2151297,-98879.375,71277.5,-13606.25
2151297,-98879.375,71277.5,-13606.25
2151308,-99575.0,71575.0,-18147.5
2151308,-99575.0,71575.0,-18147.5
2151318,-94976.875,73058.125,-21918.75
2151318,-94976.875,73058.125,-21918.75
2151328,-88143.125,75180.0,-23362.5
2151328,-88143.125,75180.0,-23362.5
2151338,-80863.125,75341.875,-24543.75
2151338,-80863.125,75341.875,-24543.75
2151349,-77336.875,73150.0,-27107.5
2151349,-77336.875,73150.0,-27107.5
2151359,-74160.625,69431.25,-28634.375
2151359,-74160.625,69431.25,-28634.375
2151369,-72130.625,63380.625,-30187.5
2151369,-72130.625,63380.625,-30187.5
2151379,-68901.875,58638.125,-30891.875
2151379,-68901.875,58638.125,-30891.875
2151389,-64496.25,53816.875,-31688.125
2151389,-64496.25,53816.875,-31688.125
2151400,-60830.0,47761.875,-32571.875
2151400,-60830.0,47761.875,-32571.875
2151410,-57649.375,41575.625,-32112.5
2151410,-57649.375,41575.625,-32112.5
2151421,-53558.75,37590.0,-31045.0
2151421,-53558.75,37590.0,-31045.0
2151431,-49293.125,32926.25,-30196.25
2151431,-49293.125,32926.25,-30196.25
2151441,-45189.375,28647.5,-28245.0
2151441,-45189.375,28647.5,-28245.0
2151452,-37598.75,27549.375,-22780.625
2151452,-37598.75,27549.375,-22780.625
2151462,-26096.875,26433.75,-15723.75
2151462,-26096.875,26433.75,-15723.75
2151472,-16865.625,24928.75,-9961.875
2151472,-16865.625,24928.75,-9961.875
2151483,-10075.625,21888.125,-5635.0
2151483,-10075.625,21888.125,-5635.0
2151493,-5775.0,17390.625,-2533.125
2151493,-5775.0,17390.625,-2533.125
2151504,-643.125,12403.125,-883.75
2151504,-643.125,12403.125,-883.75
2151514,5993.75,7306.25,-1299.375
2151514,5993.75,7306.25,-1299.375
2151524,11453.75,4121.25,-3014.375
2151524,11453.75,4121.25,-3014.375
2151533,16782.5,1754.375,-4685.625
2151533,16782.5,1754.375,-4685.625
2151545,22649.375,-831.25,-5823.125
2151545,22649.375,-831.25,-5823.125
2151555,28070.0,-5805.625,-6492.5
2151555,28070.0,-5805.625,-6492.5
2151565,31915.625,-12543.125,-7533.75
2151565,31915.625,-12543.125,-7533.75
2151576,31911.25,-18768.75,-8925.0
2151576,31911.25,-18768.75,-8925.0
2151586,31823.75,-24675.0,-9716.875
2151586,31823.75,-24675.0,-9716.875
2151596,34195.0,-29404.375,-8491.875
2151596,34195.0,-29404.375,-8491.875
2151606,39987.5,-32738.125,-5608.75
2151606,39987.5,-32738.125,-5608.75
2151617,50124.375,-35713.125,-5455.625
2151617,50124.375,-35713.125,-5455.625
2151627,49310.625,-38333.75,-10259.375
2151627,49310.625,-38333.75,-10259.375
2151637,56573.125,-38508.75,-16200.625
2151637,56573.125,-38508.75,-16200.625
2151648,63708.75,-40451.25,-22439.375
2151648,63708.75,-40451.25,-22439.375
2151658,65423.75,-43627.5,-24688.125
2151658,65423.75,-43627.5,-24688.125
