2138268,-46.875,750.0,671.875,-70.3125,-734.375,718.75,70.3125,-906.25,460.9375,460.9375,-875.0,132.8125,507.8125,-804.6875,304.6875
2138268,-46.875,750.0,671.875,-70.3125,-734.375,718.75,70.3125,-906.25,460.9375,460.9375,-875.0,132.8125,507.8125,-804.6875,304.6875
2138276,-54.6875,742.1875,671.875,-85.9375,-726.5625,710.9375,62.5,-914.0625,453.125,468.75,-875.0,132.8125,515.625,-812.5,296.875
2138276,-54.6875,742.1875,671.875,-85.9375,-726.5625,710.9375,62.5,-914.0625,453.125,468.75,-875.0,132.8125,515.625,-812.5,296.875
2138276,-62.5,750.0,679.6875,-78.125,-734.375,718.75,78.125,-906.25,453.125,453.125,-875.0,125.0,507.8125,-812.5,304.6875
2138276,-62.5,750.0,679.6875,-78.125,-734.375,718.75,78.125,-906.25,453.125,453.125,-875.0,125.0,507.8125,-812.5,304.6875
2138284,-62.5,742.1875,671.875,-70.3125,-726.5625,710.9375,70.3125,-906.25,453.125,460.9375,-882.8125,125.0,515.625,-812.5,296.875
2138284,-62.5,742.1875,671.875,-70.3125,-726.5625,710.9375,70.3125,-906.25,453.125,460.9375,-882.8125,125.0,515.625,-812.5,296.875
2138422,-62.5,750.0,671.875,-70.3125,-726.5625,718.75,78.125,-914.0625,460.9375,460.9375,-882.8125,125.0,507.8125,-820.3125,296.875
2138422,-62.5,750.0,671.875,-70.3125,-726.5625,718.75,78.125,-914.0625,460.9375,460.9375,-882.8125,125.0,507.8125,-820.3125,296.875
2138430,-62.5,742.1875,679.6875,-70.3125,-734.375,710.9375,78.125,-914.0625,460.9375,468.75,-882.8125,125.0,515.625,-812.5,304.6875
2138430,-62.5,742.1875,679.6875,-70.3125,-734.375,710.9375,78.125,-914.0625,460.9375,468.75,-882.8125,125.0,515.625,-812.5,304.6875
2138438,-54.6875,750.0,671.875,-70.3125,-734.375,710.9375,78.125,-914.0625,453.125,460.9375,-882.8125,132.8125,507.8125,-812.5,304.6875
2138438,-54.6875,750.0,671.875,-70.3125,-734.375,710.9375,78.125,-914.0625,453.125,460.9375,-882.8125,132.8125,507.8125,-812.5,304.6875
2138438,-54.6875,742.1875,679.6875,-78.125,-734.375,710.9375,70.3125,-914.0625,468.75,460.9375,-882.8125,125.0,515.625,-812.5,296.875
2138438,-54.6875,742.1875,679.6875,-78.125,-734.375,710.9375,70.3125,-914.0625,468.75,460.9375,-882.8125,125.0,515.625,-812.5,296.875
2138487,-54.6875,750.0,679.6875,-70.3125,-734.375,710.9375,70.3125,-898.4375,453.125,460.9375,-882.8125,132.8125,507.8125,-804.6875,304.6875
2138487,-54.6875,750.0,679.6875,-70.3125,-734.375,710.9375,70.3125,-898.4375,453.125,460.9375,-882.8125,132.8125,507.8125,-804.6875,304.6875
2138487,-62.5,742.1875,671.875,-70.3125,-742.1875,718.75,70.3125,-906.25,460.9375,468.75,-875.0,132.8125,515.625,-812.5,312.5
2138487,-62.5,742.1875,671.875,-70.3125,-742.1875,718.75,70.3125,-906.25,460.9375,468.75,-875.0,132.8125,515.625,-812.5,312.5
2138495,-54.6875,750.0,671.875,-70.3125,-734.375,710.9375,78.125,-906.25,460.9375,460.9375,-882.8125,125.0,507.8125,-804.6875,289.0625
2138495,-54.6875,750.0,671.875,-70.3125,-734.375,710.9375,78.125,-906.25,460.9375,460.9375,-882.8125,125.0,507.8125,-804.6875,289.0625
2138503,-62.5,750.0,671.875,-70.3125,-742.1875,710.9375,70.3125,-914.0625,460.9375,468.75,-882.8125,132.8125,500.0,-812.5,296.875
2138503,-62.5,750.0,671.875,-70.3125,-742.1875,710.9375,70.3125,-914.0625,460.9375,468.75,-882.8125,132.8125,500.0,-812.5,296.875
2138648,-54.6875,742.1875,679.6875,-70.3125,-742.1875,710.9375,70.3125,-921.875,460.9375,460.9375,-890.625,125.0,515.625,-812.5,296.875
2138648,-54.6875,742.1875,679.6875,-70.3125,-742.1875,710.9375,70.3125,-921.875,460.9375,460.9375,-890.625,125.0,515.625,-812.5,296.875
2138648,-54.6875,742.1875,679.6875,-70.3125,-742.1875,718.75,70.3125,-914.0625,460.9375,460.9375,-882.8125,125.0,507.8125,-820.3125,304.6875
2138648,-54.6875,742.1875,679.6875,-70.3125,-742.1875,718.75,70.3125,-914.0625,460.9375,460.9375,-882.8125,125.0,507.8125,-820.3125,304.6875
2138656,-62.5,742.1875,671.875,-78.125,-734.375,710.9375,78.125,-914.0625,460.9375,468.75,-882.8125,125.0,507.8125,-812.5,296.875
2138656,-62.5,742.1875,671.875,-78.125,-734.375,710.9375,78.125,-914.0625,460.9375,468.75,-882.8125,125.0,507.8125,-812.5,296.875
2138664,-54.6875,742.1875,671.875,-78.125,-742.1875,718.75,70.3125,-906.25,460.9375,453.125,-882.8125,125.0,507.8125,-812.5,304.6875
2138664,-54.6875,742.1875,671.875,-78.125,-742.1875,718.75,70.3125,-906.25,460.9375,453.125,-882.8125,125.0,507.8125,-812.5,304.6875
2138809,-54.6875,750.0,679.6875,-62.5,-734.375,718.75,70.3125,-890.625,460.9375,453.125,-882.8125,140.625,507.8125,-804.6875,296.875
2138809,-54.6875,750.0,679.6875,-62.5,-734.375,718.75,70.3125,-890.625,460.9375,453.125,-882.8125,140.625,507.8125,-804.6875,296.875
2138809,-54.6875,734.375,671.875,-78.125,-734.375,710.9375,70.3125,-898.4375,453.125,460.9375,-875.0,125.0,507.8125,-812.5,296.875
2138809,-54.6875,734.375,671.875,-78.125,-734.375,710.9375,70.3125,-898.4375,453.125,460.9375,-875.0,125.0,507.8125,-812.5,296.875
2138817,-62.5,757.8125,671.875,-78.125,-726.5625,710.9375,70.3125,-906.25,460.9375,468.75,-882.8125,132.8125,507.8125,-820.3125,304.6875
2138817,-62.5,757.8125,671.875,-78.125,-726.5625,710.9375,70.3125,-906.25,460.9375,468.75,-882.8125,132.8125,507.8125,-820.3125,304.6875
2138825,-62.5,750.0,671.875,-78.125,-742.1875,718.75,70.3125,-906.25,460.9375,468.75,-890.625,125.0,507.8125,-812.5,304.6875
2138825,-62.5,750.0,671.875,-78.125,-742.1875,718.75,70.3125,-906.25,460.9375,468.75,-890.625,125.0,507.8125,-812.5,304.6875
2138970,-54.6875,750.0,679.6875,-78.125,-734.375,710.9375,78.125,-906.25,468.75,460.9375,-882.8125,132.8125,515.625,-812.5,304.6875
2138970,-54.6875,750.0,679.6875,-78.125,-734.375,710.9375,78.125,-906.25,468.75,460.9375,-882.8125,132.8125,515.625,-812.5,304.6875
2138971,-54.6875,750.0,671.875,-70.3125,-734.375,710.9375,85.9375,-914.0625,468.75,460.9375,-882.8125,132.8125,507.8125,-812.5,304.6875
2138971,-54.6875,750.0,671.875,-70.3125,-734.375,710.9375,85.9375,-914.0625,468.75,460.9375,-882.8125,132.8125,507.8125,-812.5,304.6875
2138978,-54.6875,750.0,671.875,-70.3125,-734.375,718.75,70.3125,-898.4375,460.9375,468.75,-882.8125,125.0,507.8125,-812.5,296.875
2138978,-54.6875,750.0,671.875,-70.3125,-734.375,718.75,70.3125,-898.4375,460.9375,468.75,-882.8125,125.0,507.8125,-812.5,296.875
2138986,-54.6875,750.0,679.6875,-62.5,-734.375,710.9375,70.3125,-898.4375,460.9375,460.9375,-882.8125,132.8125,515.625,-812.5,296.875
2138986,-54.6875,750.0,679.6875,-62.5,-734.375,710.9375,70.3125,-898.4375,460.9375,460.9375,-882.8125,132.8125,515.625,-812.5,296.875
2139051,-62.5,757.8125,679.6875,-78.125,-734.375,710.9375,78.125,-914.0625,460.9375,468.75,-882.8125,125.0,507.8125,-812.5,296.875
2139051,-62.5,757.8125,679.6875,-78.125,-734.375,710.9375,78.125,-914.0625,460.9375,468.75,-882.8125,125.0,507.8125,-812.5,296.875
2139051,-62.5,757.8125,671.875,-70.3125,-734.375,718.75,85.9375,-914.0625,460.9375,468.75,-875.0,125.0,507.8125,-804.6875,296.875
2139051,-62.5,757.8125,671.875,-70.3125,-734.375,718.75,85.9375,-914.0625,460.9375,468.75,-875.0,125.0,507.8125,-804.6875,296.875
2139059,-54.6875,742.1875,671.875,-70.3125,-734.375,710.9375,70.3125,-906.25,468.75,468.75,-875.0,125.0,507.8125,-812.5,296.875
2139059,-54.6875,742.1875,671.875,-70.3125,-734.375,710.9375,70.3125,-906.25,468.75,468.75,-875.0,125.0,507.8125,-812.5,296.875
2139067,-54.6875,757.8125,679.6875,-78.125,-734.375,710.9375,70.3125,-906.25,453.125,460.9375,-882.8125,125.0,507.8125,-812.5,304.6875
2139067,-54.6875,757.8125,679.6875,-78.125,-734.375,710.9375,70.3125,-906.25,453.125,460.9375,-882.8125,125.0,507.8125,-812.5,304.6875
2139212,-62.5,750.0,671.875,-78.125,-742.1875,703.125,62.5,-914.0625,460.9375,460.9375,-882.8125,117.1875,507.8125,-820.3125,304.6875
2139212,-62.5,750.0,671.875,-78.125,-742.1875,703.125,62.5,-914.0625,460.9375,460.9375,-882.8125,117.1875,507.8125,-820.3125,304.6875
2139213,-62.5,750.0,679.6875,-78.125,-742.1875,710.9375,70.3125,-914.0625,453.125,460.9375,-882.8125,132.8125,507.8125,-812.5,296.875
2139213,-62.5,750.0,679.6875,-78.125,-742.1875,710.9375,70.3125,-914.0625,453.125,460.9375,-882.8125,132.8125,507.8125,-812.5,296.875
2139220,-54.6875,750.0,679.6875,-78.125,-742.1875,703.125,70.3125,-906.25,460.9375,460.9375,-882.8125,117.1875,515.625,-820.3125,289.0625
2139220,-54.6875,750.0,679.6875,-78.125,-742.1875,703.125,70.3125,-906.25,460.9375,460.9375,-882.8125,117.1875,515.625,-820.3125,289.0625
2139228,-62.5,742.1875,679.6875,-78.125,-734.375,710.9375,70.3125,-906.25,453.125,460.9375,-890.625,125.0,515.625,-812.5,296.875
2139228,-62.5,742.1875,679.6875,-78.125,-734.375,710.9375,70.3125,-906.25,453.125,460.9375,-890.625,125.0,515.625,-812.5,296.875
2139374,-54.6875,742.1875,679.6875,-70.3125,-742.1875,695.3125,78.125,-914.0625,445.3125,460.9375,-875.0,117.1875,507.8125,-812.5,289.0625
2139374,-54.6875,742.1875,679.6875,-70.3125,-742.1875,695.3125,78.125,-914.0625,445.3125,460.9375,-875.0,117.1875,507.8125,-812.5,289.0625
2139374,-62.5,742.1875,679.6875,-62.5,-742.1875,710.9375,70.3125,-906.25,453.125,460.9375,-875.0,125.0,515.625,-820.3125,296.875
2139374,-62.5,742.1875,679.6875,-62.5,-742.1875,710.9375,70.3125,-906.25,453.125,460.9375,-875.0,125.0,515.625,-820.3125,296.875
2139382,-62.5,750.0,679.6875,-70.3125,-742.1875,710.9375,70.3125,-906.25,453.125,468.75,-882.8125,117.1875,515.625,-812.5,304.6875
2139382,-62.5,750.0,679.6875,-70.3125,-742.1875,710.9375,70.3125,-906.25,453.125,468.75,-882.8125,117.1875,515.625,-812.5,304.6875
2139390,-54.6875,742.1875,671.875,-70.3125,-742.1875,710.9375,78.125,-906.25,460.9375,468.75,-882.8125,117.1875,507.8125,-812.5,289.0625
2139390,-54.6875,742.1875,671.875,-70.3125,-742.1875,710.9375,78.125,-906.25,460.9375,468.75,-882.8125,117.1875,507.8125,-812.5,289.0625
2139535,-62.5,750.0,687.5,-62.5,-742.1875,726.5625,78.125,-906.25,460.9375,468.75,-898.4375,132.8125,523.4375,-828.125,289.0625
2139535,-62.5,750.0,687.5,-62.5,-742.1875,726.5625,78.125,-906.25,460.9375,468.75,-898.4375,132.8125,523.4375,-828.125,289.0625
2139535,-62.5,742.1875,679.6875,-70.3125,-742.1875,734.375,78.125,-914.0625,460.9375,468.75,-890.625,125.0,515.625,-812.5,289.0625
2139535,-62.5,742.1875,679.6875,-70.3125,-742.1875,734.375,78.125,-914.0625,460.9375,468.75,-890.625,125.0,515.625,-812.5,289.0625
2139543,-62.5,742.1875,679.6875,-78.125,-750.0,718.75,78.125,-929.6875,460.9375,476.5625,-898.4375,125.0,507.8125,-828.125,281.25
2139543,-62.5,742.1875,679.6875,-78.125,-750.0,718.75,78.125,-929.6875,460.9375,476.5625,-898.4375,125.0,507.8125,-828.125,281.25
2139551,-62.5,742.1875,679.6875,-85.9375,-757.8125,703.125,70.3125,-921.875,453.125,460.9375,-890.625,109.375,507.8125,-828.125,289.0625
2139551,-62.5,742.1875,679.6875,-85.9375,-757.8125,703.125,70.3125,-921.875,453.125,460.9375,-890.625,109.375,507.8125,-828.125,289.0625
