2121531,-2021.25,-2047.5,-7669.375
2121531,-2021.25,-2047.5,-7669.375
2121541,-3158.75,-1898.75,-8951.25
2121541,-3158.75,-1898.75,-8951.25
2121552,-2520.0,-1207.5,-8168.125
2121552,-2520.0,-1207.5,-8168.125
2121562,-3307.5,-1824.375,-7905.625
2121562,-3307.5,-1824.375,-7905.625
2121573,-6383.125,-4563.125,-9056.25
2121573,-6383.125,-4563.125,-9056.25
2121583,-11125.625,-6908.125,-9384.375
2121583,-11125.625,-6908.125,-9384.375
2121593,-16397.5,-10128.125,-6269.375
2121593,-16397.5,-10128.125,-6269.375
2121604,-19556.25,-14568.75,-4978.75
2121604,-19556.25,-14568.75,-4978.75
2121614,-23156.875,-17933.125,-11987.5
2121614,-23156.875,-17933.125,-11987.5
2121625,-21892.5,-12980.625,-19197.5
2121625,-21892.5,-12980.625,-19197.5
2121635,-10408.125,-2113.125,-19976.25
2121635,-10408.125,-2113.125,-19976.25
2121645,682.5,2563.75,-20667.5
2121645,682.5,2563.75,-20667.5
2121655,-2047.5,-2922.5,-20440.0
2121655,-2047.5,-2922.5,-20440.0
2121664,-9528.75,-5359.375,-20545.0
2121664,-9528.75,-5359.375,-20545.0
2121676,-4563.125,-1268.75,-19805.625
2121676,-4563.125,-1268.75,-19805.625
2121686,-9191.875,-8588.125,-11821.25
2121686,-9191.875,-8588.125,-11821.25
2121697,-39860.625,-23511.25,-1470.0
2121697,-39860.625,-23511.25,-1470.0
2121707,-56315.0,-33573.75,-13361.25
2121707,-56315.0,-33573.75,-13361.25
2121717,-68328.75,-36413.125,-12569.375
2121717,-68328.75,-36413.125,-12569.375
2121727,-82280.625,-42608.125,-11952.5
2121727,-82280.625,-42608.125,-11952.5
2121738,-92929.375,-32125.625,10915.625
2121738,-92929.375,-32125.625,10915.625
2121747,-99841.875,-17832.5,31211.25
2121747,-99841.875,-17832.5,31211.25
2121758,-104973.75,-13116.25,61595.625
2121758,-104973.75,-13116.25,61595.625
2121769,-100791.25,-11606.875,95843.125
2121769,-100791.25,-11606.875,95843.125
2121780,-92413.125,-7721.875,125234.375
2121780,-92413.125,-7721.875,125234.375
2121789,-90986.875,-5250.0,-143360.0
2121789,-90986.875,-5250.0,-143360.0
2121800,-93520.0,3806.25,-143360.0
2121800,-93520.0,3806.25,-143360.0
2121810,-96792.5,26735.625,143049.375
2121810,-96792.5,26735.625,143049.375
2121819,-117726.875,36365.0,143346.875
2121819,-117726.875,36365.0,143346.875
2121831,-143360.0,29369.375,-143360.0
2121831,-143360.0,29369.375,-143360.0
2121841,-143360.0,12932.5,143355.625
2121841,-143360.0,12932.5,143355.625
2121851,-142926.875,-10381.875,-143360.0
2121851,-142926.875,-10381.875,-143360.0
2121862,-143325.0,-27746.25,-143360.0
2121862,-143325.0,-27746.25,-143360.0
2121872,-143360.0,-40468.75,-143360.0
2121872,-143360.0,-40468.75,-143360.0
2121882,-143351.25,-58371.25,-143360.0
2121882,-143351.25,-58371.25,-143360.0
2121892,-143360.0,-68709.375,-143360.0
2121892,-143360.0,-68709.375,-143360.0
2121903,-143307.5,-65165.625,-143360.0
2121903,-143307.5,-65165.625,-143360.0
2121912,-128030.0,-39790.625,-143360.0
2121912,-128030.0,-39790.625,-143360.0
2121923,-108893.75,1233.75,-143360.0
2121923,-108893.75,1233.75,-143360.0
2121934,-90685.0,31058.125,-143360.0
2121934,-90685.0,31058.125,-143360.0
2121944,-40805.625,49931.875,-143360.0
2121944,-40805.625,49931.875,-143360.0
2121954,18095.0,57430.625,-143360.0
2121954,18095.0,57430.625,-143360.0
2121965,60151.875,63700.0,134745.625
2121965,60151.875,63700.0,134745.625
2121975,126660.625,124258.75,125553.75
2121975,126660.625,124258.75,125553.75
2121984,121975.0,-143360.0,-143360.0
2121984,121975.0,-143360.0,-143360.0
2121996,113758.75,142996.875,107436.875
2121996,113758.75,142996.875,107436.875
2122006,76615.0,142786.875,82381.25
2122006,76615.0,142786.875,82381.25
2122017,60952.5,-143360.0,57684.375
2122017,60952.5,-143360.0,57684.375
2122027,93721.25,-143360.0,48173.125
2122027,93721.25,-143360.0,48173.125
2122037,115876.25,143346.875,48768.125
2122037,115876.25,143346.875,48768.125
2122047,97081.25,-143360.0,49892.5
2122047,97081.25,-143360.0,49892.5
2122058,61271.875,-143360.0,45084.375
2122058,61271.875,-143360.0,45084.375
2122068,49844.375,-143360.0,41698.125
2122068,49844.375,-143360.0,41698.125
2122078,69492.5,139160.0,32843.125
2122078,69492.5,139160.0,32843.125
2122089,65603.125,106286.25,1916.25
2122089,65603.125,106286.25,1916.25
2122099,41383.125,88165.0,-28476.875
2122099,41383.125,88165.0,-28476.875
2122109,43461.25,74265.625,-44716.875
2122109,43461.25,74265.625,-44716.875
2122119,51918.125,54232.5,-49441.875
2122119,51918.125,54232.5,-49441.875
2122130,42761.25,30813.125,-45683.75
2122130,42761.25,30813.125,-45683.75
2122140,42621.25,3381.875,-29671.25
2122140,42621.25,3381.875,-29671.25
2122150,63140.0,-7231.875,-17421.25
2122150,63140.0,-7231.875,-17421.25
2122161,85500.625,5744.375,-11278.75
2122161,85500.625,5744.375,-11278.75
2122170,95506.25,16940.0,-9502.5
2122170,95506.25,16940.0,-9502.5
2122181,103040.0,22898.75,-5687.5
2122181,103040.0,22898.75,-5687.5
2122192,100594.375,12446.875,1093.75
2122192,100594.375,12446.875,1093.75
2122202,89718.125,-8273.125,3473.75
2122202,89718.125,-8273.125,3473.75
2122213,77840.0,-23852.5,3005.625
2122213,77840.0,-23852.5,3005.625
2122223,62689.375,-40442.5,-546.875
2122223,62689.375,-40442.5,-546.875
2122233,46799.375,-52596.25,-5455.625
2122233,46799.375,-52596.25,-5455.625
2122243,29719.375,-52552.5,-7818.125
2122243,29719.375,-52552.5,-7818.125
2122254,23883.125,-34273.75,-3438.75
2122254,23883.125,-34273.75,-3438.75
2122264,17705.625,-12976.25,3600.625
2122264,17705.625,-12976.25,3600.625
2122274,2270.625,546.875,7428.75
2122274,2270.625,546.875,7428.75
2122285,-23104.375,844.375,91.875
2122285,-23104.375,844.375,91.875
2122295,-43465.625,6930.0,-15579.375
2122295,-43465.625,6930.0,-15579.375
2122305,-61394.375,15881.25,-31766.875
2122305,-61394.375,15881.25,-31766.875
2122315,-82928.125,17565.625,-45806.25
2122315,-82928.125,17565.625,-45806.25
2122326,-102108.125,22220.625,-57487.5
2122326,-102108.125,22220.625,-57487.5
2122336,-120435.0,26674.375,-64850.625
2122336,-120435.0,26674.375,-64850.625
2122346,-131915.0,33621.875,-65533.125
2122346,-131915.0,33621.875,-65533.125
2122357,-137326.875,40744.375,-61875.625
2122357,-137326.875,40744.375,-61875.625
2122368,-142782.5,43925.0,-59281.25
2122368,-142782.5,43925.0,-59281.25
2122377,-143360.0,43019.375,-58651.25
2122377,-143360.0,43019.375,-58651.25
2122388,-143294.375,37900.625,-58668.75
2122388,-143294.375,37900.625,-58668.75
2122398,-143338.125,33818.75,-55881.875
2122398,-143338.125,33818.75,-55881.875
2122407,-143360.0,34632.5,-49000.0
2122407,-143360.0,34632.5,-49000.0
2122419,-143360.0,40166.875,-43098.125
2122419,-143360.0,40166.875,-43098.125
2122429,-143163.125,47363.75,-40512.5
2122429,-143163.125,47363.75,-40512.5
2122440,-139243.125,50815.625,-38390.625
2122440,-139243.125,50815.625,-38390.625
2122449,-134789.375,50063.125,-36688.75
2122449,-134789.375,50063.125,-36688.75
2122460,-131398.75,47376.875,-36736.875
2122460,-131398.75,47376.875,-36736.875
2122470,-122644.375,44905.0,-34160.0
2122470,-122644.375,44905.0,-34160.0
2122480,-113106.875,42678.125,-29338.75
2122480,-113106.875,42678.125,-29338.75
2122491,-101727.5,47853.75,-25283.125
2122491,-101727.5,47853.75,-25283.125
2122501,-86900.625,55890.625,-27111.875
2122501,-86900.625,55890.625,-27111.875
2122512,-72279.375,60593.75,-32541.25
2122512,-72279.375,60593.75,-32541.25
2122522,-64347.5,60042.5,-38626.875
2122522,-64347.5,60042.5,-38626.875
2122532,-54534.375,55733.125,-43198.75
2122532,-54534.375,55733.125,-43198.75
2122542,-47862.5,47302.5,-45080.0
2122542,-47862.5,47302.5,-45080.0
2122553,-41973.75,36356.25,-42984.375
2122553,-41973.75,36356.25,-42984.375
2122563,-35599.375,23677.5,-38447.5
2122563,-35599.375,23677.5,-38447.5
2122573,-29439.375,14516.25,-30769.375
2122573,-29439.375,14516.25,-30769.375
2122584,-18186.875,9240.0,-18751.25
2122584,-18186.875,9240.0,-18751.25
2122593,-2095.625,5884.375,-4978.75
2122593,-2095.625,5884.375,-4978.75
2122604,10285.625,4331.25,7280.0
2122604,10285.625,4331.25,7280.0
2122614,18996.25,1605.625,17390.625
2122614,18996.25,1605.625,17390.625
2122625,26105.625,-6466.25,24486.875
2122625,26105.625,-6466.25,24486.875
2122636,30983.75,-16375.625,29124.375
2122636,30983.75,-16375.625,29124.375
2122646,34413.75,-22439.375,32029.375
2122646,34413.75,-22439.375,32029.375
2122656,38613.75,-28135.625,34553.75
2122656,38613.75,-28135.625,34553.75
2122666,44905.0,-33761.875,40223.75
2122666,44905.0,-33761.875,40223.75
2122677,45653.125,-43417.5,51331.875
2122677,45653.125,-43417.5,51331.875
2122687,42945.0,-62221.25,62873.125
2122687,42945.0,-62221.25,62873.125
2122697,46344.375,-77774.375,69650.0
2122697,46344.375,-77774.375,69650.0
2122708,55803.125,-82175.625,65371.25
2122708,55803.125,-82175.625,65371.25
2122718,61547.5,-75245.625,54258.75
2122718,61547.5,-75245.625,54258.75
2122728,70875.0,-62689.375,45276.875
2122728,70875.0,-62689.375,45276.875
2122738,88935.0,-54556.25,44703.75
2122738,88935.0,-54556.25,44703.75
2122749,101771.25,-49726.25,50658.125
2122749,101771.25,-49726.25,50658.125
2122759,104772.5,-50190.0,60606.875
2122759,104772.5,-50190.0,60606.875
2122769,105590.625,-60318.125,73154.375
2122769,105590.625,-60318.125,73154.375
2122780,106465.625,-67484.375,81186.875
2122780,106465.625,-67484.375,81186.875
2122789,103302.5,-66123.75,80552.5
2122789,103302.5,-66123.75,80552.5
2122800,99618.75,-61530.0,72646.875
2122800,99618.75,-61530.0,72646.875
2122811,98017.5,-56533.75,62833.75
2122811,98017.5,-56533.75,62833.75
2122821,94185.0,-48068.125,55335.0
2122821,94185.0,-48068.125,55335.0
2122831,94679.375,-39235.0,54337.5
2122831,94679.375,-39235.0,54337.5
2122842,93576.875,-36863.75,55811.875
2122842,93576.875,-36863.75,55811.875
2122852,79240.0,-41501.25,53335.625
2122852,79240.0,-41501.25,53335.625
2122862,62903.75,-46480.0,45618.125
2122862,62903.75,-46480.0,45618.125
2122873,46904.375,-47722.5,35065.625
2122873,46904.375,-47722.5,35065.625
2122882,29872.5,-45180.625,23038.75
2122882,29872.5,-45180.625,23038.75
2122893,16502.5,-40691.875,13580.0
2122893,16502.5,-40691.875,13580.0
2122904,6711.25,-33464.375,7507.5
2122904,6711.25,-33464.375,7507.5
2122915,1614.375,-20103.125,5232.5
2122915,1614.375,-20103.125,5232.5
2122924,-2362.5,-4484.375,1946.875
2122924,-2362.5,-4484.375,1946.875
2122935,-11895.625,6619.375,-5543.125
2122935,-11895.625,6619.375,-5543.125
2122945,-26490.625,12757.5,-15430.625
2122945,-26490.625,12757.5,-15430.625
2122955,-41916.875,17241.875,-24688.125
2122955,-41916.875,17241.875,-24688.125
2122965,-54005.0,19236.875,-31045.0
2122965,-54005.0,19236.875,-31045.0
2122976,-63787.5,23051.875,-33569.375
2122976,-63787.5,23051.875,-33569.375
2122986,-69094.375,28660.625,-33285.0
2122986,-69094.375,28660.625,-33285.0
2122996,-74313.75,35586.25,-35236.25
2122996,-74313.75,35586.25,-35236.25
2123007,-82971.875,42065.625,-40337.5
2123007,-82971.875,42065.625,-40337.5
2123017,-92636.25,45644.375,-47048.75
2123017,-92636.25,45644.375,-47048.75
2123027,-99548.75,45880.625,-51572.5
2123027,-99548.75,45880.625,-51572.5
2123038,-106211.875,43785.0,-53020.625
2123038,-106211.875,43785.0,-53020.625
2123048,-110945.625,44231.25,-51983.75
2123048,-110945.625,44231.25,-51983.75
2123058,-109353.125,48746.25,-47608.75
2123058,-109353.125,48746.25,-47608.75
2123069,-104842.5,54862.5,-42428.75
2123069,-104842.5,54862.5,-42428.75
2123079,-100091.25,59723.125,-39453.75
2123079,-100091.25,59723.125,-39453.75
2123089,-97785.625,62356.875,-39256.875
2123089,-97785.625,62356.875,-39256.875
2123099,-96433.75,61796.875,-39296.25
2123099,-96433.75,61796.875,-39296.25
2123110,-90374.375,62164.375,-36155.0
2123110,-90374.375,62164.375,-36155.0
2123120,-81930.625,65800.0,-30559.375
2123120,-81930.625,65800.0,-30559.375
2123131,-71028.125,71277.5,-24377.5
2123131,-71028.125,71277.5,-24377.5
2123141,-55300.0,77201.25,-17718.75
2123141,-55300.0,77201.25,-17718.75
2123150,-40735.625,79388.75,-12740.0
2123150,-40735.625,79388.75,-12740.0
2123161,-31141.25,78614.375,-12551.875
2123161,-31141.25,78614.375,-12551.875
2123172,-27405.0,75665.625,-15846.25
2123172,-27405.0,75665.625,-15846.25
2123182,-25510.625,69304.375,-20558.125
2123182,-25510.625,69304.375,-20558.125
2123192,-22741.25,64137.5,-24683.75
2123192,-22741.25,64137.5,-24683.75
2123203,-17045.0,55737.5,-26136.25
2123203,-17045.0,55737.5,-26136.25
2123213,-12989.375,46847.5,-25440.625
2123213,-12989.375,46847.5,-25440.625
2123224,-10850.0,37804.375,-23458.75
2123224,-10850.0,37804.375,-23458.75
2123234,-6510.0,29365.0,-20256.25
2123234,-6510.0,29365.0,-20256.25
2123244,621.25,23756.25,-16996.875
2123244,621.25,23756.25,-16996.875
2123254,8321.25,22754.375,-13483.75
2123254,8321.25,22754.375,-13483.75
2123265,19070.625,22395.625,-8710.625
2123265,19070.625,22395.625,-8710.625
2123275,29102.5,19958.75,-4536.875
2123275,29102.5,19958.75,-4536.875
2123285,37362.5,15194.375,-1391.25
2123285,37362.5,15194.375,-1391.25
2123295,43903.125,6864.375,1907.5
2123295,43903.125,6864.375,1907.5
2123306,47320.0,-4055.625,4900.0
2123306,47320.0,-4055.625,4900.0
2123316,50045.625,-15365.0,7091.875
2123316,50045.625,-15365.0,7091.875
2123327,52745.0,-25690.0,6265.0
2123327,52745.0,-25690.0,6265.0
2123337,52110.625,-31570.0,560.0
2123337,52110.625,-31570.0,560.0
2123347,49634.375,-35008.75,-8268.75
2123347,49634.375,-35008.75,-8268.75
2123358,53405.625,-35910.0,-17521.875
2123358,53405.625,-35910.0,-17521.875
2123368,64793.75,-31495.625,-22605.625
2123368,64793.75,-31495.625,-22605.625
2123377,80001.25,-23375.625,-20440.0
2123377,80001.25,-23375.625,-20440.0
2123388,95191.25,-20514.375,-11878.125
2123388,95191.25,-20514.375,-11878.125
2123399,107555.0,-27050.625,-1557.5
2123399,107555.0,-27050.625,-1557.5
2123409,113124.375,-36863.75,4545.625
2123409,113124.375,-36863.75,4545.625
2123420,113163.75,-44550.625,1684.375
2123420,113163.75,-44550.625,1684.375
2123430,114690.625,-51931.25,-4278.75
2123430,114690.625,-51931.25,-4278.75
2123440,115408.125,-59631.25,-7463.75
2123440,115408.125,-59631.25,-7463.75
2123450,114323.125,-68985.0,-5232.5
2123450,114323.125,-68985.0,-5232.5
2123461,111348.125,-79817.5,0.0
2123461,111348.125,-79817.5,0.0
2123471,109200.0,-89836.25,6873.125
2123471,109200.0,-89836.25,6873.125
2123481,109983.125,-94893.75,15833.125
2123481,109983.125,-94893.75,15833.125
2123492,109138.75,-95493.125,26608.75
2123492,109138.75,-95493.125,26608.75
2123502,108836.875,-87066.875,36500.625
2123502,108836.875,-87066.875,36500.625
2123512,111457.5,-68455.625,44069.375
2123512,111457.5,-68455.625,44069.375
2123523,112380.625,-49861.875,47241.25
2123523,112380.625,-49861.875,47241.25
2123533,104825.0,-39663.75,44944.375
2123533,104825.0,-39663.75,44944.375
2123543,90181.875,-39173.75,38193.75
2123543,90181.875,-39173.75,38193.75
2123554,70376.25,-44673.125,26495.0
2123554,70376.25,-44673.125,26495.0
2123564,47368.125,-47744.375,13243.125
2123564,47368.125,-47744.375,13243.125
2123574,28630.0,-45053.75,3491.25
2123574,28630.0,-45053.75,3491.25
2123584,14271.25,-38469.375,-2100.0
2123584,14271.25,-38469.375,-2100.0
2123595,542.5,-30721.25,-4453.75
2123595,542.5,-30721.25,-4453.75
2123605,-11130.0,-22553.125,-4204.375
2123605,-11130.0,-22553.125,-4204.375
2123616,-23940.0,-14039.375,-4191.25
2123616,-23940.0,-14039.375,-4191.25
2123626,-38154.375,-4431.875,-5368.125
2123626,-38154.375,-4431.875,-5368.125
2123636,-51870.0,6068.125,-5928.125
2123636,-51870.0,6068.125,-5928.125
2123647,-61092.5,14761.25,-5276.25
2123647,-61092.5,14761.25,-5276.25
2123657,-69173.125,18528.125,-4055.625
2123657,-69173.125,18528.125,-4055.625
2123667,-78478.75,19026.875,-3307.5
2123667,-78478.75,19026.875,-3307.5
2123677,-85903.125,18904.375,-1413.125
2123677,-85903.125,18904.375,-1413.125
2123687,-92544.375,19950.0,-35.0
2123687,-92544.375,19950.0,-35.0
2123698,-98516.25,23555.0,-1400.0
2123698,-98516.25,23555.0,-1400.0
2123708,-98844.375,28870.625,-1925.0
2123708,-98844.375,28870.625,-1925.0
2123719,-99172.5,32445.0,-1417.5
2123719,-99172.5,32445.0,-1417.5
2123729,-99185.625,33915.0,-61.25
2123729,-99185.625,33915.0,-61.25
2123739,-100126.25,33302.5,765.625
2123739,-100126.25,33302.5,765.625
2123750,-99159.375,32812.5,1518.125
2123750,-99159.375,32812.5,1518.125
2123760,-98787.5,35494.375,1268.75
2123760,-98787.5,35494.375,1268.75
2123770,-97562.5,38666.25,949.375
2123770,-97562.5,38666.25,949.375
2123781,-92631.875,44025.625,2419.375
2123781,-92631.875,44025.625,2419.375
2123791,-87447.5,49446.25,3189.375
2123791,-87447.5,49446.25,3189.375
2123801,-81239.375,51528.75,2712.5
2123801,-81239.375,51528.75,2712.5
2123812,-76610.625,51065.0,761.25
2123812,-76610.625,51065.0,761.25
2123822,-73928.75,50019.375,-1443.75
2123822,-73928.75,50019.375,-1443.75
2123832,-71793.75,47582.5,-4690.0
2123832,-71793.75,47582.5,-4690.0
2123843,-68324.375,44677.5,-9891.875
2123843,-68324.375,44677.5,-9891.875
2123853,-64583.75,42603.75,-15548.75
2123853,-64583.75,42603.75,-15548.75
2123863,-62326.25,37786.875,-20151.25
2123863,-62326.25,37786.875,-20151.25
2123873,-61031.25,31469.375,-24115.0
2123873,-61031.25,31469.375,-24115.0
2123884,-57933.75,27396.25,-27772.5
2123884,-57933.75,27396.25,-27772.5
2123894,-50802.5,25943.75,-29281.875
2123894,-50802.5,25943.75,-29281.875
2123904,-40285.0,26880.0,-27890.625
2123904,-40285.0,26880.0,-27890.625
2123915,-29268.75,27234.375,-26000.625
2123915,-29268.75,27234.375,-26000.625
2123925,-21087.5,24438.75,-25095.0
2123925,-21087.5,24438.75,-25095.0
2123935,-15754.375,18891.25,-25405.625
2123935,-15754.375,18891.25,-25405.625
2123946,-11147.5,14538.125,-26293.75
2123946,-11147.5,14538.125,-26293.75
2123956,-5420.625,9970.625,-26709.375
2123956,-5420.625,9970.625,-26709.375
2123966,1408.75,7980.0,-27256.25
2123966,1408.75,7980.0,-27256.25
2123977,9266.25,7538.125,-26508.125
2123977,9266.25,7538.125,-26508.125
2123987,15023.75,4790.625,-25900.0
2123987,15023.75,4790.625,-25900.0
2123997,19928.125,245.0,-25917.5
2123997,19928.125,245.0,-25917.5
2124008,28100.625,-2100.0,-24325.0
2124008,28100.625,-2100.0,-24325.0
2124018,37913.75,-3364.375,-22439.375
2124018,37913.75,-3364.375,-22439.375
2124028,47910.625,-4641.875,-21905.625
2124028,47910.625,-4641.875,-21905.625
2124039,56367.5,-6969.375,-24045.0
2124039,56367.5,-6969.375,-24045.0
2124049,59587.5,-8868.125,-28319.375
2124049,59587.5,-8868.125,-28319.375
2124059,62387.5,-11335.625,-32458.125
2124059,62387.5,-11335.625,-32458.125
2124069,66915.625,-12906.25,-35385.0
2124069,66915.625,-12906.25,-35385.0
2124080,76164.375,-10836.875,-37170.0
2124080,76164.375,-10836.875,-37170.0
2124090,86086.875,-7433.125,-38421.25
2124090,86086.875,-7433.125,-38421.25
2124100,95208.75,-3574.375,-37222.5
2124100,95208.75,-3574.375,-37222.5
2124111,99820.0,-5219.375,-31500.0
2124111,99820.0,-5219.375,-31500.0
2124121,100126.25,-14682.5,-22780.625
2124121,100126.25,-14682.5,-22780.625
2124131,102856.25,-24788.75,-12206.25
2124131,102856.25,-24788.75,-12206.25
2124142,107966.25,-29491.875,-2121.875
2124142,107966.25,-29491.875,-2121.875
2124152,117184.375,-30476.25,8715.0
2124152,117184.375,-30476.25,8715.0
2124162,128003.75,-30183.125,17898.125
2124162,128003.75,-30183.125,17898.125
2124173,133424.375,-31793.125,21354.375
2124173,133424.375,-31793.125,21354.375
2124183,133599.375,-37721.25,20085.625
2124183,133599.375,-37721.25,20085.625
2124193,131551.875,-45206.875,15736.875
2124193,131551.875,-45206.875,15736.875
2124204,126358.75,-54267.5,11563.125
2124204,126358.75,-54267.5,11563.125
2124214,120890.0,-63122.5,12083.75
2124214,120890.0,-63122.5,12083.75
2124224,119634.375,-68210.625,16248.75
2124224,119634.375,-68210.625,16248.75
2124235,124228.125,-65043.125,23944.375
2124235,124228.125,-65043.125,23944.375
2124245,131967.5,-57566.25,33709.375
2124245,131967.5,-57566.25,33709.375
2124255,137291.875,-47477.5,43461.25
2124255,137291.875,-47477.5,43461.25
2124265,140643.125,-40967.5,50942.5
2124265,140643.125,-40967.5,50942.5
2124276,136727.5,-42599.375,50343.125
2124276,136727.5,-42599.375,50343.125
2124286,124678.75,-46340.0,42035.0
2124286,124678.75,-46340.0,42035.0
2124296,111435.625,-51301.25,29911.875
2124296,111435.625,-51301.25,29911.875
2124307,97899.375,-55256.25,17574.375
2124307,97899.375,-55256.25,17574.375
2124317,83426.875,-58410.625,6580.0
2124317,83426.875,-58410.625,6580.0
2124327,69864.375,-59819.375,-1881.25
2124327,69864.375,-59819.375,-1881.25
2124337,59307.5,-57890.0,-5713.75
2124337,59307.5,-57890.0,-5713.75
2124348,51327.5,-53851.875,-6190.625
2124348,51327.5,-53851.875,-6190.625
2124358,45294.375,-49175.0,-6370.0
2124358,45294.375,-49175.0,-6370.0
2124369,38355.625,-46305.0,-8732.5
2124369,38355.625,-46305.0,-8732.5
2124379,31963.75,-38701.25,-13588.75
2124379,31963.75,-38701.25,-13588.75
2124389,18191.25,-37905.0,-16073.75
2124389,18191.25,-37905.0,-16073.75
2124400,9778.125,-43553.125,-21546.875
2124400,9778.125,-43553.125,-21546.875
2124410,5118.75,-38460.625,-25436.25
2124410,5118.75,-38460.625,-25436.25
2124420,-3565.625,-39996.25,-32410.0
2124420,-3565.625,-39996.25,-32410.0
2124431,-12355.0,-46930.625,-39633.125
2124431,-12355.0,-46930.625,-39633.125
2124441,-14393.75,-52119.375,-45163.125
2124441,-14393.75,-52119.375,-45163.125
2124451,-14660.625,-59259.375,-49910.0
2124451,-14660.625,-59259.375,-49910.0
2124461,-13409.375,-69063.75,-54127.5
2124461,-13409.375,-69063.75,-54127.5
2124472,-6531.875,-81532.5,-58633.75
2124472,-6531.875,-81532.5,-58633.75
2124482,-3815.0,-94530.625,-63008.75
2124482,-3815.0,-94530.625,-63008.75
2124492,-3211.25,-110341.875,-67965.625
2124492,-3211.25,-110341.875,-67965.625
2124503,-1986.25,-131451.25,-73469.375
2124503,-1986.25,-131451.25,-73469.375
2124513,-8986.25,-143355.625,-80513.125
2124513,-8986.25,-143355.625,-80513.125
2124523,-20251.875,-143355.625,-88729.375
2124523,-20251.875,-143355.625,-88729.375
2124533,-31933.125,-143115.0,-96783.75
2124533,-31933.125,-143115.0,-96783.75
2124544,-51703.75,-143355.625,-115968.125
2124544,-51703.75,-143355.625,-115968.125
2124554,-61197.5,-142922.5,-138726.875
2124554,-61197.5,-142922.5,-138726.875
2124565,-62540.625,-143097.5,-143088.75
2124565,-62540.625,-143097.5,-143088.75
2124575,-57588.125,-141894.375,-143355.625
2124575,-57588.125,-141894.375,-143355.625
2124585,-54945.625,-133367.5,-143329.375
2124585,-54945.625,-133367.5,-143329.375
2124596,-67453.75,-140686.875,-143346.875
2124596,-67453.75,-140686.875,-143346.875
2124606,-69825.0,-143342.5,-143355.625
2124606,-69825.0,-143342.5,-143355.625
