2165128,-31.25,773.4375,648.4375,-117.1875,-820.3125,617.1875,171.875,-921.875,390.625,429.6875,-898.4375,101.5625,468.75,-851.5625,242.1875
2165128,-31.25,773.4375,648.4375,-117.1875,-820.3125,617.1875,171.875,-921.875,390.625,429.6875,-898.4375,101.5625,468.75,-851.5625,242.1875
2165136,-23.4375,765.625,648.4375,-117.1875,-812.5,609.375,171.875,-929.6875,398.4375,429.6875,-898.4375,109.375,476.5625,-851.5625,250.0
2165136,-23.4375,765.625,648.4375,-117.1875,-812.5,609.375,171.875,-929.6875,398.4375,429.6875,-898.4375,109.375,476.5625,-851.5625,250.0
2165136,-23.4375,773.4375,648.4375,-125.0,-820.3125,609.375,164.0625,-921.875,398.4375,429.6875,-898.4375,117.1875,468.75,-859.375,257.8125
2165136,-23.4375,773.4375,648.4375,-125.0,-820.3125,609.375,164.0625,-921.875,398.4375,429.6875,-898.4375,117.1875,468.75,-859.375,257.8125
2165144,-23.4375,773.4375,648.4375,-117.1875,-812.5,617.1875,164.0625,-929.6875,390.625,429.6875,-898.4375,117.1875,468.75,-851.5625,250.0
2165144,-23.4375,773.4375,648.4375,-117.1875,-812.5,617.1875,164.0625,-929.6875,390.625,429.6875,-898.4375,117.1875,468.75,-851.5625,250.0
2165289,-31.25,773.4375,648.4375,-117.1875,-812.5,609.375,171.875,-921.875,398.4375,429.6875,-906.25,101.5625,476.5625,-859.375,242.1875
2165289,-31.25,773.4375,648.4375,-117.1875,-812.5,609.375,171.875,-921.875,398.4375,429.6875,-906.25,101.5625,476.5625,-859.375,242.1875
2165297,-39.0625,765.625,640.625,-125.0,-812.5,609.375,164.0625,-929.6875,398.4375,429.6875,-914.0625,109.375,476.5625,-859.375,250.0
2165297,-39.0625,765.625,640.625,-125.0,-812.5,609.375,164.0625,-929.6875,398.4375,429.6875,-914.0625,109.375,476.5625,-859.375,250.0
2165297,-31.25,765.625,648.4375,-117.1875,-820.3125,617.1875,164.0625,-929.6875,390.625,437.5,-906.25,109.375,476.5625,-851.5625,257.8125
2165297,-31.25,765.625,648.4375,-117.1875,-820.3125,617.1875,164.0625,-929.6875,390.625,437.5,-906.25,109.375,476.5625,-851.5625,257.8125
2165305,-31.25,757.8125,656.25,-117.1875,-820.3125,617.1875,164.0625,-921.875,398.4375,437.5,-898.4375,109.375,468.75,-851.5625,250.0
2165305,-31.25,757.8125,656.25,-117.1875,-820.3125,617.1875,164.0625,-921.875,398.4375,437.5,-898.4375,109.375,468.75,-851.5625,250.0
2165369,-31.25,773.4375,656.25,-125.0,-820.3125,609.375,164.0625,-929.6875,390.625,429.6875,-906.25,109.375,468.75,-859.375,242.1875
2165369,-31.25,773.4375,656.25,-125.0,-820.3125,609.375,164.0625,-929.6875,390.625,429.6875,-906.25,109.375,468.75,-859.375,242.1875
2165377,-31.25,773.4375,640.625,-117.1875,-828.125,609.375,171.875,-929.6875,398.4375,437.5,-906.25,117.1875,476.5625,-859.375,250.0
2165377,-31.25,773.4375,640.625,-117.1875,-828.125,609.375,171.875,-929.6875,398.4375,437.5,-906.25,117.1875,476.5625,-859.375,250.0
2165378,-31.25,773.4375,648.4375,-125.0,-812.5,609.375,164.0625,-929.6875,390.625,429.6875,-898.4375,109.375,476.5625,-851.5625,242.1875
2165378,-31.25,773.4375,648.4375,-125.0,-812.5,609.375,164.0625,-929.6875,390.625,429.6875,-898.4375,109.375,476.5625,-851.5625,242.1875
2165385,-31.25,773.4375,640.625,-117.1875,-812.5,609.375,179.6875,-914.0625,375.0,421.875,-898.4375,109.375,476.5625,-851.5625,242.1875
2165385,-31.25,773.4375,640.625,-117.1875,-812.5,609.375,179.6875,-914.0625,375.0,421.875,-898.4375,109.375,476.5625,-851.5625,242.1875
2165531,-23.4375,773.4375,640.625,-117.1875,-804.6875,617.1875,171.875,-929.6875,398.4375,429.6875,-898.4375,109.375,468.75,-851.5625,242.1875
2165531,-23.4375,773.4375,640.625,-117.1875,-804.6875,617.1875,171.875,-929.6875,398.4375,429.6875,-898.4375,109.375,468.75,-851.5625,242.1875
2165539,-23.4375,781.25,648.4375,-117.1875,-812.5,617.1875,171.875,-921.875,406.25,429.6875,-898.4375,109.375,468.75,-851.5625,242.1875
2165539,-23.4375,781.25,648.4375,-117.1875,-812.5,617.1875,171.875,-921.875,406.25,429.6875,-898.4375,109.375,468.75,-851.5625,242.1875
2165539,-15.625,781.25,640.625,-117.1875,-812.5,617.1875,171.875,-921.875,398.4375,437.5,-898.4375,117.1875,468.75,-851.5625,250.0
2165539,-15.625,781.25,640.625,-117.1875,-812.5,617.1875,171.875,-921.875,398.4375,437.5,-898.4375,117.1875,468.75,-851.5625,250.0
2165547,-15.625,773.4375,640.625,-117.1875,-812.5,617.1875,171.875,-921.875,390.625,437.5,-898.4375,117.1875,468.75,-851.5625,250.0
2165547,-15.625,773.4375,640.625,-117.1875,-812.5,617.1875,171.875,-921.875,390.625,437.5,-898.4375,117.1875,468.75,-851.5625,250.0
2165692,-23.4375,773.4375,648.4375,-125.0,-820.3125,617.1875,171.875,-921.875,390.625,437.5,-898.4375,117.1875,468.75,-859.375,250.0
2165692,-23.4375,773.4375,648.4375,-125.0,-820.3125,617.1875,171.875,-921.875,390.625,437.5,-898.4375,117.1875,468.75,-859.375,250.0
2165700,-15.625,773.4375,648.4375,-117.1875,-820.3125,625.0,171.875,-921.875,398.4375,429.6875,-898.4375,109.375,468.75,-851.5625,242.1875
2165700,-15.625,773.4375,648.4375,-117.1875,-820.3125,625.0,171.875,-921.875,398.4375,429.6875,-898.4375,109.375,468.75,-851.5625,242.1875
2165700,-31.25,773.4375,648.4375,-117.1875,-812.5,617.1875,171.875,-921.875,398.4375,429.6875,-898.4375,125.0,476.5625,-851.5625,250.0
2165700,-31.25,773.4375,648.4375,-117.1875,-812.5,617.1875,171.875,-921.875,398.4375,429.6875,-898.4375,125.0,476.5625,-851.5625,250.0
2165708,-15.625,773.4375,648.4375,-109.375,-812.5,609.375,171.875,-929.6875,390.625,437.5,-898.4375,109.375,460.9375,-851.5625,250.0
2165708,-15.625,773.4375,648.4375,-109.375,-812.5,609.375,171.875,-929.6875,390.625,437.5,-898.4375,109.375,460.9375,-851.5625,250.0
2165854,-23.4375,773.4375,640.625,-117.1875,-820.3125,617.1875,179.6875,-929.6875,382.8125,429.6875,-906.25,117.1875,468.75,-851.5625,242.1875
2165854,-23.4375,773.4375,640.625,-117.1875,-820.3125,617.1875,179.6875,-929.6875,382.8125,429.6875,-906.25,117.1875,468.75,-851.5625,242.1875
2165862,-23.4375,773.4375,640.625,-117.1875,-812.5,609.375,171.875,-929.6875,390.625,429.6875,-898.4375,117.1875,476.5625,-859.375,257.8125
2165862,-23.4375,773.4375,640.625,-117.1875,-812.5,609.375,171.875,-929.6875,390.625,429.6875,-898.4375,117.1875,476.5625,-859.375,257.8125
2165862,-23.4375,773.4375,640.625,-117.1875,-812.5,617.1875,171.875,-929.6875,390.625,429.6875,-898.4375,109.375,476.5625,-851.5625,242.1875
2165862,-23.4375,773.4375,640.625,-117.1875,-812.5,617.1875,171.875,-929.6875,390.625,429.6875,-898.4375,109.375,476.5625,-851.5625,242.1875
2165870,-15.625,773.4375,648.4375,-117.1875,-804.6875,617.1875,171.875,-921.875,390.625,429.6875,-890.625,117.1875,468.75,-851.5625,250.0
2165870,-15.625,773.4375,648.4375,-117.1875,-804.6875,617.1875,171.875,-921.875,390.625,429.6875,-890.625,117.1875,468.75,-851.5625,250.0
2166015,-23.4375,781.25,648.4375,-109.375,-804.6875,617.1875,171.875,-921.875,390.625,437.5,-898.4375,117.1875,476.5625,-843.75,242.1875
2166015,-23.4375,781.25,648.4375,-109.375,-804.6875,617.1875,171.875,-921.875,390.625,437.5,-898.4375,117.1875,476.5625,-843.75,242.1875
2166023,-23.4375,781.25,640.625,-117.1875,-812.5,617.1875,164.0625,-921.875,398.4375,429.6875,-906.25,109.375,460.9375,-851.5625,242.1875
2166023,-23.4375,781.25,640.625,-117.1875,-812.5,617.1875,164.0625,-921.875,398.4375,429.6875,-906.25,109.375,460.9375,-851.5625,242.1875
2166023,-15.625,773.4375,648.4375,-117.1875,-812.5,609.375,179.6875,-921.875,390.625,429.6875,-898.4375,117.1875,468.75,-859.375,250.0
2166023,-15.625,773.4375,648.4375,-117.1875,-812.5,609.375,179.6875,-921.875,390.625,429.6875,-898.4375,117.1875,468.75,-859.375,250.0
2166031,-23.4375,765.625,648.4375,-117.1875,-820.3125,617.1875,179.6875,-914.0625,382.8125,437.5,-898.4375,101.5625,460.9375,-859.375,242.1875
2166031,-23.4375,765.625,648.4375,-117.1875,-820.3125,617.1875,179.6875,-914.0625,382.8125,437.5,-898.4375,101.5625,460.9375,-859.375,242.1875
2166168,-23.4375,773.4375,648.4375,-117.1875,-812.5,609.375,171.875,-921.875,390.625,429.6875,-898.4375,109.375,468.75,-851.5625,242.1875
2166168,-23.4375,773.4375,648.4375,-117.1875,-812.5,609.375,171.875,-921.875,390.625,429.6875,-898.4375,109.375,468.75,-851.5625,242.1875
2166176,-23.4375,773.4375,648.4375,-117.1875,-812.5,617.1875,164.0625,-914.0625,382.8125,429.6875,-890.625,109.375,468.75,-851.5625,242.1875
2166176,-23.4375,773.4375,648.4375,-117.1875,-812.5,617.1875,164.0625,-914.0625,382.8125,429.6875,-890.625,109.375,468.75,-851.5625,242.1875
2166184,-15.625,773.4375,648.4375,-109.375,-804.6875,625.0,171.875,-929.6875,390.625,429.6875,-898.4375,109.375,468.75,-843.75,234.375
2166184,-15.625,773.4375,648.4375,-109.375,-804.6875,625.0,171.875,-929.6875,390.625,429.6875,-898.4375,109.375,468.75,-843.75,234.375
2166184,-15.625,781.25,640.625,-117.1875,-804.6875,617.1875,171.875,-921.875,390.625,437.5,-898.4375,109.375,468.75,-851.5625,242.1875
2166184,-15.625,781.25,640.625,-117.1875,-804.6875,617.1875,171.875,-921.875,390.625,437.5,-898.4375,109.375,468.75,-851.5625,242.1875
2166330,-15.625,781.25,640.625,-117.1875,-812.5,617.1875,179.6875,-921.875,406.25,445.3125,-914.0625,109.375,484.375,-859.375,242.1875
2166330,-15.625,781.25,640.625,-117.1875,-812.5,617.1875,179.6875,-921.875,406.25,445.3125,-914.0625,109.375,484.375,-859.375,242.1875
2166337,-23.4375,781.25,640.625,-117.1875,-812.5,609.375,171.875,-921.875,390.625,429.6875,-898.4375,109.375,460.9375,-859.375,234.375
2166337,-23.4375,781.25,640.625,-117.1875,-812.5,609.375,171.875,-921.875,390.625,429.6875,-898.4375,109.375,460.9375,-859.375,234.375
2166345,-23.4375,773.4375,640.625,-117.1875,-804.6875,617.1875,171.875,-921.875,382.8125,421.875,-890.625,109.375,468.75,-843.75,242.1875
2166345,-23.4375,773.4375,640.625,-117.1875,-804.6875,617.1875,171.875,-921.875,382.8125,421.875,-890.625,109.375,468.75,-843.75,242.1875
2166345,-15.625,773.4375,640.625,-117.1875,-804.6875,593.75,179.6875,-921.875,390.625,429.6875,-890.625,109.375,468.75,-835.9375,242.1875
2166345,-15.625,773.4375,640.625,-117.1875,-804.6875,593.75,179.6875,-921.875,390.625,429.6875,-890.625,109.375,468.75,-835.9375,242.1875
2166491,-23.4375,773.4375,632.8125,-125.0,-812.5,617.1875,171.875,-921.875,390.625,429.6875,-898.4375,109.375,468.75,-859.375,242.1875
2166491,-23.4375,773.4375,632.8125,-125.0,-812.5,617.1875,171.875,-921.875,390.625,429.6875,-898.4375,109.375,468.75,-859.375,242.1875
2166498,-23.4375,773.4375,648.4375,-125.0,-812.5,617.1875,171.875,-929.6875,375.0,437.5,-906.25,101.5625,476.5625,-859.375,242.1875
2166498,-23.4375,773.4375,648.4375,-125.0,-812.5,617.1875,171.875,-929.6875,375.0,437.5,-906.25,101.5625,476.5625,-859.375,242.1875
2166507,-15.625,773.4375,640.625,-117.1875,-812.5,617.1875,171.875,-929.6875,390.625,437.5,-898.4375,101.5625,476.5625,-851.5625,242.1875
2166507,-15.625,773.4375,640.625,-117.1875,-812.5,617.1875,171.875,-929.6875,390.625,437.5,-898.4375,101.5625,476.5625,-851.5625,242.1875
2166507,-23.4375,773.4375,632.8125,-117.1875,-812.5,617.1875,179.6875,-929.6875,390.625,437.5,-898.4375,101.5625,476.5625,-859.375,250.0
2166507,-23.4375,773.4375,632.8125,-117.1875,-812.5,617.1875,179.6875,-929.6875,390.625,437.5,-898.4375,101.5625,476.5625,-859.375,250.0
2166652,-31.25,773.4375,640.625,-117.1875,-812.5,617.1875,179.6875,-921.875,390.625,437.5,-898.4375,101.5625,468.75,-851.5625,242.1875
2166652,-31.25,773.4375,640.625,-117.1875,-812.5,617.1875,179.6875,-921.875,390.625,437.5,-898.4375,101.5625,468.75,-851.5625,242.1875
2166660,-15.625,773.4375,640.625,-117.1875,-812.5,617.1875,171.875,-921.875,390.625,437.5,-898.4375,109.375,468.75,-859.375,242.1875
2166660,-15.625,773.4375,640.625,-117.1875,-812.5,617.1875,171.875,-921.875,390.625,437.5,-898.4375,109.375,468.75,-859.375,242.1875
2166668,-15.625,773.4375,640.625,-117.1875,-812.5,609.375,171.875,-921.875,382.8125,437.5,-906.25,101.5625,468.75,-851.5625,242.1875
2166668,-15.625,773.4375,640.625,-117.1875,-812.5,609.375,171.875,-921.875,382.8125,437.5,-906.25,101.5625,468.75,-851.5625,242.1875
2166668,-15.625,773.4375,640.625,-117.1875,-812.5,609.375,171.875,-921.875,390.625,429.6875,-898.4375,101.5625,476.5625,-859.375,242.1875
2166668,-15.625,773.4375,640.625,-117.1875,-812.5,609.375,171.875,-921.875,390.625,429.6875,-898.4375,101.5625,476.5625,-859.375,242.1875
2166813,-23.4375,757.8125,640.625,-125.0,-812.5,609.375,171.875,-929.6875,390.625,429.6875,-898.4375,101.5625,468.75,-851.5625,234.375
2166813,-23.4375,757.8125,640.625,-125.0,-812.5,609.375,171.875,-929.6875,390.625,429.6875,-898.4375,101.5625,468.75,-851.5625,234.375
2166821,-15.625,773.4375,640.625,-117.1875,-812.5,617.1875,171.875,-921.875,390.625,429.6875,-898.4375,101.5625,468.75,-843.75,242.1875
2166821,-15.625,773.4375,640.625,-117.1875,-812.5,617.1875,171.875,-921.875,390.625,429.6875,-898.4375,101.5625,468.75,-843.75,242.1875
2166829,-23.4375,773.4375,648.4375,-117.1875,-812.5,609.375,171.875,-921.875,375.0,429.6875,-906.25,101.5625,468.75,-859.375,234.375
2166829,-23.4375,773.4375,648.4375,-117.1875,-812.5,609.375,171.875,-921.875,375.0,429.6875,-906.25,101.5625,468.75,-859.375,234.375
2166829,-23.4375,781.25,648.4375,-117.1875,-812.5,617.1875,179.6875,-921.875,390.625,429.6875,-898.4375,101.5625,476.5625,-851.5625,234.375
2166829,-23.4375,781.25,648.4375,-117.1875,-812.5,617.1875,179.6875,-921.875,390.625,429.6875,-898.4375,101.5625,476.5625,-851.5625,234.375
2166975,-15.625,796.875,640.625,-101.5625,-804.6875,640.625,187.5,-914.0625,398.4375,437.5,-882.8125,125.0,476.5625,-835.9375,242.1875
2166975,-15.625,796.875,640.625,-101.5625,-804.6875,640.625,187.5,-914.0625,398.4375,437.5,-882.8125,125.0,476.5625,-835.9375,242.1875
2166983,0.0,765.625,625.0,-93.75,-796.875,632.8125,195.3125,-906.25,398.4375,445.3125,-882.8125,109.375,476.5625,-835.9375,242.1875
2166983,0.0,765.625,625.0,-93.75,-796.875,632.8125,195.3125,-906.25,398.4375,445.3125,-882.8125,109.375,476.5625,-835.9375,242.1875
2166991,-23.4375,781.25,648.4375,-101.5625,-789.0625,640.625,195.3125,-914.0625,406.25,445.3125,-875.0,125.0,476.5625,-843.75,242.1875
2166991,-23.4375,781.25,648.4375,-101.5625,-789.0625,640.625,195.3125,-914.0625,406.25,445.3125,-875.0,125.0,476.5625,-843.75,242.1875
2166991,0.0,796.875,656.25,-78.125,-804.6875,640.625,195.3125,-921.875,406.25,437.5,-867.1875,125.0,476.5625,-843.75,250.0
2166991,0.0,796.875,656.25,-78.125,-804.6875,640.625,195.3125,-921.875,406.25,437.5,-867.1875,125.0,476.5625,-843.75,250.0
2167137,-117.1875,1054.6875,671.875,0.0,-875.0,710.9375,242.1875,-1210.9375,523.4375,703.125,-1289.0625,375.0,781.25,-1609.375,625.0
2167137,-117.1875,1054.6875,671.875,0.0,-875.0,710.9375,242.1875,-1210.9375,523.4375,703.125,-1289.0625,375.0,781.25,-1609.375,625.0
2167144,-140.625,890.625,648.4375,-132.8125,-992.1875,679.6875,257.8125,-1218.75,507.8125,687.5,-1265.625,312.5,1007.8125,-2007.8125,882.8125
2167144,-140.625,890.625,648.4375,-132.8125,-992.1875,679.6875,257.8125,-1218.75,507.8125,687.5,-1265.625,312.5,1007.8125,-2007.8125,882.8125
2167152,-132.8125,859.375,578.125,15.625,-1039.0625,664.0625,1398.4375,-1062.5,398.4375,968.75,-1578.125,-125.0,1320.3125,-2195.3125,1070.3125
2167152,-132.8125,859.375,578.125,15.625,-1039.0625,664.0625,1398.4375,-1062.5,398.4375,968.75,-1578.125,-125.0,1320.3125,-2195.3125,1070.3125
2167152,-85.9375,750.0,679.6875,-210.9375,-968.75,664.0625,304.6875,-1203.125,382.8125,414.0625,-1203.125,203.125,1140.625,-2085.9375,1234.375
2167152,-85.9375,750.0,679.6875,-210.9375,-968.75,664.0625,304.6875,-1203.125,382.8125,414.0625,-1203.125,203.125,1140.625,-2085.9375,1234.375
2167297,-406.25,445.3125,460.9375,-554.6875,54.6875,-156.25,-515.625,-15.625,-132.8125,-406.25,-7.8125,-132.8125,-367.1875,-85.9375,-328.125
2167297,-406.25,445.3125,460.9375,-554.6875,54.6875,-156.25,-515.625,-15.625,-132.8125,-406.25,-7.8125,-132.8125,-367.1875,-85.9375,-328.125
2167305,-343.75,320.3125,429.6875,-507.8125,54.6875,-101.5625,-484.375,-78.125,-70.3125,-453.125,-101.5625,-117.1875,-546.875,-179.6875,-375.0
2167305,-343.75,320.3125,429.6875,-507.8125,54.6875,-101.5625,-484.375,-78.125,-70.3125,-453.125,-101.5625,-117.1875,-546.875,-179.6875,-375.0
2167313,-312.5,164.0625,335.9375,-398.4375,78.125,-39.0625,-437.5,-132.8125,-15.625,-515.625,-117.1875,-117.1875,-593.75,-203.125,-398.4375
2167313,-312.5,164.0625,335.9375,-398.4375,78.125,-39.0625,-437.5,-132.8125,-15.625,-515.625,-117.1875,-117.1875,-593.75,-203.125,-398.4375
2167313,-320.3125,15.625,250.0,-546.875,-93.75,-93.75,-429.6875,-101.5625,0.0,-531.25,-148.4375,-125.0,-679.6875,-242.1875,-460.9375
2167313,-320.3125,15.625,250.0,-546.875,-93.75,-93.75,-429.6875,-101.5625,0.0,-531.25,-148.4375,-125.0,-679.6875,-242.1875,-460.9375
2167459,-843.75,390.625,1062.5,-1218.75,-789.0625,-125.0,-1132.8125,-945.3125,-101.5625,-1273.4375,-726.5625,-375.0,-1312.5,-664.0625,-406.25
2167459,-843.75,390.625,1062.5,-1218.75,-789.0625,-125.0,-1132.8125,-945.3125,-101.5625,-1273.4375,-726.5625,-375.0,-1312.5,-664.0625,-406.25
2167466,-882.8125,460.9375,1117.1875,-1265.625,-820.3125,-101.5625,-1195.3125,-976.5625,-101.5625,-1351.5625,-773.4375,-398.4375,-1437.5,-695.3125,-445.3125
2167466,-882.8125,460.9375,1117.1875,-1265.625,-820.3125,-101.5625,-1195.3125,-976.5625,-101.5625,-1351.5625,-773.4375,-398.4375,-1437.5,-695.3125,-445.3125
2167474,-906.25,515.625,1179.6875,-1328.125,-859.375,-109.375,-1273.4375,-1023.4375,-117.1875,-1476.5625,-789.0625,-445.3125,-1468.75,-726.5625,-484.375
2167474,-906.25,515.625,1179.6875,-1328.125,-859.375,-109.375,-1273.4375,-1023.4375,-117.1875,-1476.5625,-789.0625,-445.3125,-1468.75,-726.5625,-484.375
2167475,-937.5,531.25,1250.0,-1406.25,-898.4375,-125.0,-1375.0,-1078.125,-132.8125,-1523.4375,-851.5625,-468.75,-1546.875,-773.4375,-484.375
2167475,-937.5,531.25,1250.0,-1406.25,-898.4375,-125.0,-1375.0,-1078.125,-132.8125,-1523.4375,-851.5625,-468.75,-1546.875,-773.4375,-484.375
2167700,-562.5,445.3125,531.25,-781.25,-453.125,54.6875,-703.125,-601.5625,46.875,-773.4375,-539.0625,-156.25,-765.625,-500.0,-195.3125
2167700,-562.5,445.3125,531.25,-781.25,-453.125,54.6875,-703.125,-601.5625,46.875,-773.4375,-539.0625,-156.25,-765.625,-500.0,-195.3125
2167708,-546.875,414.0625,515.625,-757.8125,-437.5,39.0625,-679.6875,-570.3125,39.0625,-734.375,-492.1875,-164.0625,-734.375,-468.75,-195.3125
2167708,-546.875,414.0625,515.625,-757.8125,-437.5,39.0625,-679.6875,-570.3125,39.0625,-734.375,-492.1875,-164.0625,-734.375,-468.75,-195.3125
2167716,-531.25,375.0,500.0,-750.0,-414.0625,15.625,-656.25,-546.875,31.25,-703.125,-476.5625,-156.25,-695.3125,-445.3125,-171.875
2167716,-531.25,375.0,500.0,-750.0,-414.0625,15.625,-656.25,-546.875,31.25,-703.125,-476.5625,-156.25,-695.3125,-445.3125,-171.875
2167716,-523.4375,351.5625,484.375,-718.75,-390.625,7.8125,-625.0,-523.4375,39.0625,-664.0625,-453.125,-132.8125,-656.25,-429.6875,-156.25
2167716,-523.4375,351.5625,484.375,-718.75,-390.625,7.8125,-625.0,-523.4375,39.0625,-664.0625,-453.125,-132.8125,-656.25,-429.6875,-156.25
