2138264,-48.125,-35.0,26.25
2138264,-48.125,-35.0,26.25
2138275,21.875,-8.75,-8.75
2138275,21.875,-8.75,-8.75
2138426,-13.125,-8.75,-52.5
2138426,-13.125,-8.75,-52.5
2138436,-8.75,-17.5,-48.125
2138436,-8.75,-17.5,-48.125
2138487,-4.375,-13.125,-30.625
2138487,-4.375,-13.125,-30.625
2138496,-13.125,-8.75,-26.25
2138496,-13.125,-8.75,-26.25
2138648,0.0,-21.875,-74.375
2138648,0.0,-21.875,-74.375
2138658,-52.5,-4.375,-65.625
2138658,-52.5,-4.375,-65.625
2138810,-30.625,-21.875,-70.0
2138810,-30.625,-21.875,-70.0
2138819,4.375,-35.0,-39.375
2138819,4.375,-35.0,-39.375
2138971,-61.25,-4.375,-87.5
2138971,-61.25,-4.375,-87.5
2138981,-52.5,0.0,-100.625
2138981,-52.5,0.0,-100.625
2139051,-30.625,0.0,-87.5
2139051,-30.625,0.0,-87.5
2139062,-4.375,0.0,-96.25
2139062,-4.375,0.0,-96.25
2139213,0.0,-4.375,-118.125
2139213,0.0,-4.375,-118.125
2139223,-17.5,-4.375,-91.875
2139223,-17.5,-4.375,-91.875
2139374,-8.75,8.75,-135.625
2139374,-8.75,8.75,-135.625
2139385,-4.375,4.375,-148.75
2139385,-4.375,4.375,-148.75
2139536,481.25,-144.375,-253.75
2139536,481.25,-144.375,-253.75
2139546,476.875,-122.5,-323.75
2139546,476.875,-122.5,-323.75
