2165128,-26.25,-8.75,-35.0
2165128,-26.25,-8.75,-35.0
2165138,-48.125,-4.375,-43.75
2165138,-48.125,-4.375,-43.75
2165290,17.5,-17.5,-48.125
2165290,17.5,-17.5,-48.125
2165300,-17.5,4.375,-65.625
2165300,-17.5,4.375,-65.625
2165370,-70.0,-17.5,39.375
2165370,-70.0,-17.5,39.375
2165381,-74.375,4.375,52.5
2165381,-74.375,4.375,52.5
2165532,-74.375,4.375,17.5
2165532,-74.375,4.375,17.5
2165542,-65.625,-8.75,4.375
2165542,-65.625,-8.75,4.375
2165693,-39.375,-13.125,-26.25
2165693,-39.375,-13.125,-26.25
2165703,-26.25,-13.125,-30.625
2165703,-26.25,-13.125,-30.625
2165855,-26.25,-17.5,0.0
2165855,-26.25,-17.5,0.0
2165865,-26.25,-17.5,4.375
2165865,-26.25,-17.5,4.375
2166016,-8.75,-30.625,-30.625
2166016,-8.75,-30.625,-30.625
2166026,-30.625,-48.125,8.75
2166026,-30.625,-48.125,8.75
2166168,-70.0,26.25,39.375
2166168,-70.0,26.25,39.375
2166178,-61.25,35.0,43.75
2166178,-61.25,35.0,43.75
2166330,-39.375,39.375,-30.625
2166330,-39.375,39.375,-30.625
2166339,8.75,118.125,-52.5
2166339,8.75,118.125,-52.5
2166491,0.0,-8.75,-74.375
2166491,0.0,-8.75,-74.375
2166501,-13.125,-8.75,-78.75
2166501,-13.125,-8.75,-78.75
2166652,-17.5,-17.5,-26.25
2166652,-17.5,-17.5,-26.25
2166662,-4.375,-26.25,-35.0
2166662,-4.375,-26.25,-35.0
2166814,-39.375,-13.125,4.375
2166814,-39.375,-13.125,4.375
2166824,-65.625,-26.25,21.875
2166824,-65.625,-26.25,21.875
2166975,-122.5,192.5,-109.375
2166975,-122.5,192.5,-109.375
2166985,-170.625,315.0,-52.5
2166985,-170.625,315.0,-52.5
2167137,2082.5,-7831.25,-19648.125
2167137,2082.5,-7831.25,-19648.125
2167147,3570.0,-4965.625,-20208.125
2167147,3570.0,-4965.625,-20208.125
2167298,-2191.875,5114.375,-8058.75
2167298,-2191.875,5114.375,-8058.75
2167308,3535.0,5433.75,-6746.25
2167308,3535.0,5433.75,-6746.25
2167459,6597.5,1824.375,1211.875
2167459,6597.5,1824.375,1211.875
2167469,5963.125,1636.25,866.25
2167469,5963.125,1636.25,866.25
2167702,-6886.25,-10246.25,393.75
2167702,-6886.25,-10246.25,393.75
2167712,-6409.375,-10548.125,393.75
2167712,-6409.375,-10548.125,393.75
