2147155,-30.625,-13.125,-43.75
2147155,-30.625,-13.125,-43.75
2147165,-30.625,-13.125,-43.75
2147165,-30.625,-13.125,-43.75
2147236,-13.125,-35.0,-26.25
2147236,-13.125,-35.0,-26.25
2147246,-13.125,-21.875,-30.625
2147246,-13.125,-21.875,-30.625
2147397,-52.5,39.375,-70.0
2147397,-52.5,39.375,-70.0
2147408,-43.75,13.125,-48.125
2147408,-43.75,13.125,-48.125
2147478,-61.25,26.25,8.75
2147478,-61.25,26.25,8.75
2147488,-30.625,17.5,-13.125
2147488,-30.625,17.5,-13.125
2147640,17.5,4.375,-74.375
2147640,17.5,4.375,-74.375
2147650,30.625,8.75,-65.625
2147650,30.625,8.75,-65.625
2147801,65.625,-4.375,-135.625
2147801,65.625,-4.375,-135.625
2147811,65.625,0.0,-135.625
2147811,65.625,0.0,-135.625
2147963,83.125,-8.75,-113.75
2147963,83.125,-8.75,-113.75
2147973,70.0,8.75,-122.5
2147973,70.0,8.75,-122.5
2148124,52.5,-8.75,-87.5
2148124,52.5,-8.75,-87.5
2148134,21.875,-13.125,-61.25
2148134,21.875,-13.125,-61.25
2148285,-70.0,8.75,-8.75
2148285,-70.0,8.75,-8.75
2148295,-52.5,-8.75,-21.875
2148295,-52.5,-8.75,-21.875
2148447,-126.875,-43.75,-113.75
2148447,-126.875,-43.75,-113.75
2148457,-157.5,-74.375,-144.375
2148457,-157.5,-74.375,-144.375
2148608,-1741.25,1946.875,2594.375
2148608,-1741.25,1946.875,2594.375
2148618,-1890.0,2047.5,3014.375
2148618,-1890.0,2047.5,3014.375
2148689,14765.625,-28144.375,-7511.875
2148689,14765.625,-28144.375,-7511.875
2148699,5823.125,-13195.0,-3255.0
2148699,5823.125,-13195.0,-3255.0
2148851,-3425.625,87.5,-18029.375
2148851,-3425.625,87.5,-18029.375
2148861,-5713.75,2756.25,-15111.25
2148861,-5713.75,2756.25,-15111.25
2149013,2773.75,6383.125,7498.75
2149013,2773.75,6383.125,7498.75
2149022,4270.0,5936.875,6260.625
2149022,4270.0,5936.875,6260.625
2149053,6772.5,4147.5,1312.5
2149053,6772.5,4147.5,1312.5
2149062,6864.375,3793.125,1085.0
2149062,6864.375,3793.125,1085.0
2149153,-1015.0,-5788.125,691.25
2149153,-1015.0,-5788.125,691.25
2149163,-1894.375,-6588.75,367.5
2149163,-1894.375,-6588.75,367.5
2149234,-4847.5,-9021.25,-2436.875
2149234,-4847.5,-9021.25,-2436.875
2149244,-5180.0,-8977.5,-2563.75
2149244,-5180.0,-8977.5,-2563.75
2149395,-1505.0,-10613.75,-984.375
2149395,-1505.0,-10613.75,-984.375
2149406,-1273.125,-9918.125,-752.5
2149406,-1273.125,-9918.125,-752.5
2149557,2331.875,5381.25,840.0
2149557,2331.875,5381.25,840.0
2149568,2795.625,5766.25,783.125
2149568,2795.625,5766.25,783.125
2149718,3937.5,8841.875,-3285.625
2149718,3937.5,8841.875,-3285.625
2149729,3285.625,8413.125,-3040.625
2149729,3285.625,8413.125,-3040.625
2149818,-3727.5,-4274.375,879.375
2149818,-3727.5,-4274.375,879.375
2149829,-4729.375,-5188.75,1225.0
2149829,-4729.375,-5188.75,1225.0
2149981,-3906.875,-6978.125,-660.625
2149981,-3906.875,-6978.125,-660.625
2149991,-3596.25,-6488.125,-573.125
2149991,-3596.25,-6488.125,-573.125
