2129172,-74.375,-70.0,-17.5
2129172,-74.375,-70.0,-17.5
2129182,-70.0,-56.875,17.5
2129182,-70.0,-56.875,17.5
2129333,-91.875,13.125,8.75
2129333,-91.875,13.125,8.75
2129343,-65.625,13.125,-13.125
2129343,-65.625,13.125,-13.125
2129495,-8.75,-30.625,-17.5
2129495,-8.75,-30.625,-17.5
2129505,4.375,-35.0,-48.125
2129505,4.375,-35.0,-48.125
2129656,-26.25,13.125,-35.0
2129656,-26.25,13.125,-35.0
2129666,-8.75,4.375,-43.75
2129666,-8.75,4.375,-43.75
2129818,4.375,-4.375,-74.375
2129818,4.375,-4.375,-74.375
2129828,-4.375,4.375,-74.375
2129828,-4.375,4.375,-74.375
2129979,0.0,-13.125,26.25
2129979,0.0,-13.125,26.25
2129989,17.5,13.125,30.625
2129989,17.5,13.125,30.625
2130141,0.0,0.0,-65.625
2130141,0.0,0.0,-65.625
2130151,30.625,-8.75,-87.5
2130151,30.625,-8.75,-87.5
2130282,13.125,13.125,-83.125
2130282,13.125,13.125,-83.125
2130292,30.625,4.375,-118.125
2130292,30.625,4.375,-118.125
2130363,-35.0,30.625,-223.125
2130363,-35.0,30.625,-223.125
2130372,-13.125,78.75,-297.5
2130372,-13.125,78.75,-297.5
2130443,126.875,157.5,-105.0
2130443,126.875,157.5,-105.0
2130453,74.375,188.125,-56.875
2130453,74.375,188.125,-56.875
2130524,0.0,560.0,126.875
2130524,0.0,560.0,126.875
2130534,35.0,665.0,113.75
2130534,35.0,665.0,113.75
2130605,35.0,748.125,-258.125
2130605,35.0,748.125,-258.125
2130615,48.125,875.0,-336.875
2130615,48.125,875.0,-336.875
2130686,-157.5,5757.5,-446.25
2130686,-157.5,5757.5,-446.25
2130696,315.0,5941.25,-778.75
2130696,315.0,5941.25,-778.75
2130847,-1496.25,-11081.875,-20698.125
2130847,-1496.25,-11081.875,-20698.125
2130857,-4816.875,-5442.5,-16738.75
2130857,-4816.875,-5442.5,-16738.75
2131008,1868.125,5197.5,-4891.25
2131008,1868.125,5197.5,-4891.25
2131019,6466.25,214.375,-4300.625
2131019,6466.25,214.375,-4300.625
2131171,-630.0,-14328.125,-888.125
2131171,-630.0,-14328.125,-888.125
2131180,-1570.625,-13020.0,-555.625
2131180,-1570.625,-13020.0,-555.625
2131331,91.875,923.125,332.5
2131331,91.875,923.125,332.5
2131341,253.75,2248.75,415.625
2131341,253.75,2248.75,415.625
2131412,4274.375,9174.375,-459.375
2131412,4274.375,9174.375,-459.375
2131422,2480.625,10705.625,-358.75
2131422,2480.625,10705.625,-358.75
2131493,13431.25,8671.25,-4322.5
2131493,13431.25,8671.25,-4322.5
2131503,12486.25,9257.5,-4090.625
2131503,12486.25,9257.5,-4090.625
2131655,-4383.75,-5845.0,2047.5
2131655,-4383.75,-5845.0,2047.5
2131664,-5359.375,-7857.5,2244.375
2131664,-5359.375,-7857.5,2244.375
2131816,-10342.5,-8456.875,2130.625
2131816,-10342.5,-8456.875,2130.625
2131826,-9975.0,-8553.125,2301.25
2131826,-9975.0,-8553.125,2301.25
2131977,-284.375,-1281.875,-770.0
2131977,-284.375,-1281.875,-770.0
2131987,135.625,-428.75,-1015.0
2131987,135.625,-428.75,-1015.0
2132139,10080.0,12731.25,-3736.25
2132139,10080.0,12731.25,-3736.25
2132149,10600.625,13164.375,-3959.375
2132149,10600.625,13164.375,-3959.375
