2147158,-70.3125,804.6875,601.5625,-46.875,-765.625,679.6875,218.75,-906.25,390.625,468.75,-875.0,125.0,546.875,-820.3125,187.5
2147158,-70.3125,804.6875,601.5625,-46.875,-765.625,679.6875,218.75,-906.25,390.625,468.75,-875.0,125.0,546.875,-820.3125,187.5
2147158,-78.125,804.6875,601.5625,-46.875,-765.625,679.6875,226.5625,-906.25,398.4375,468.75,-875.0,109.375,554.6875,-812.5,187.5
2147158,-78.125,804.6875,601.5625,-46.875,-765.625,679.6875,226.5625,-906.25,398.4375,468.75,-875.0,109.375,554.6875,-812.5,187.5
2147166,-70.3125,812.5,601.5625,-54.6875,-765.625,679.6875,218.75,-914.0625,398.4375,468.75,-875.0,125.0,546.875,-820.3125,187.5
2147166,-70.3125,812.5,601.5625,-54.6875,-765.625,679.6875,218.75,-914.0625,398.4375,468.75,-875.0,125.0,546.875,-820.3125,187.5
2147174,-70.3125,812.5,601.5625,-54.6875,-765.625,687.5,218.75,-906.25,406.25,468.75,-882.8125,125.0,554.6875,-812.5,195.3125
2147174,-70.3125,812.5,601.5625,-54.6875,-765.625,687.5,218.75,-906.25,406.25,468.75,-882.8125,125.0,554.6875,-812.5,195.3125
2147238,-70.3125,804.6875,601.5625,-54.6875,-781.25,671.875,218.75,-914.0625,398.4375,468.75,-890.625,132.8125,546.875,-820.3125,187.5
2147238,-70.3125,804.6875,601.5625,-54.6875,-781.25,671.875,218.75,-914.0625,398.4375,468.75,-890.625,132.8125,546.875,-820.3125,187.5
2147238,-78.125,804.6875,601.5625,-54.6875,-773.4375,687.5,226.5625,-914.0625,398.4375,468.75,-875.0,125.0,546.875,-820.3125,179.6875
2147238,-78.125,804.6875,601.5625,-54.6875,-773.4375,687.5,226.5625,-914.0625,398.4375,468.75,-875.0,125.0,546.875,-820.3125,179.6875
2147246,-78.125,812.5,609.375,-54.6875,-781.25,671.875,218.75,-906.25,398.4375,468.75,-875.0,117.1875,539.0625,-820.3125,187.5
2147246,-78.125,812.5,609.375,-54.6875,-781.25,671.875,218.75,-906.25,398.4375,468.75,-875.0,117.1875,539.0625,-820.3125,187.5
2147254,-78.125,804.6875,601.5625,-62.5,-773.4375,671.875,218.75,-906.25,398.4375,468.75,-875.0,125.0,546.875,-820.3125,179.6875
2147254,-78.125,804.6875,601.5625,-62.5,-773.4375,671.875,218.75,-906.25,398.4375,468.75,-875.0,125.0,546.875,-820.3125,179.6875
2147399,-70.3125,804.6875,601.5625,-46.875,-773.4375,679.6875,218.75,-906.25,406.25,476.5625,-882.8125,117.1875,539.0625,-812.5,195.3125
2147399,-70.3125,804.6875,601.5625,-46.875,-773.4375,679.6875,218.75,-906.25,406.25,476.5625,-882.8125,117.1875,539.0625,-812.5,195.3125
2147400,-62.5,804.6875,601.5625,-46.875,-765.625,679.6875,218.75,-914.0625,390.625,460.9375,-875.0,125.0,539.0625,-812.5,187.5
2147400,-62.5,804.6875,601.5625,-46.875,-765.625,679.6875,218.75,-914.0625,390.625,460.9375,-875.0,125.0,539.0625,-812.5,187.5
2147408,-70.3125,804.6875,601.5625,-54.6875,-757.8125,679.6875,226.5625,-906.25,398.4375,460.9375,-875.0,125.0,546.875,-820.3125,179.6875
2147408,-70.3125,804.6875,601.5625,-54.6875,-757.8125,679.6875,226.5625,-906.25,398.4375,460.9375,-875.0,125.0,546.875,-820.3125,179.6875
2147415,-70.3125,812.5,609.375,-46.875,-765.625,679.6875,210.9375,-898.4375,398.4375,476.5625,-875.0,117.1875,539.0625,-812.5,187.5
2147415,-70.3125,812.5,609.375,-46.875,-765.625,679.6875,210.9375,-898.4375,398.4375,476.5625,-875.0,117.1875,539.0625,-812.5,187.5
2147480,-70.3125,796.875,601.5625,-46.875,-765.625,671.875,226.5625,-906.25,390.625,468.75,-867.1875,117.1875,546.875,-820.3125,187.5
2147480,-70.3125,796.875,601.5625,-46.875,-765.625,671.875,226.5625,-906.25,390.625,468.75,-867.1875,117.1875,546.875,-820.3125,187.5
2147480,-78.125,804.6875,593.75,-46.875,-757.8125,679.6875,218.75,-906.25,390.625,468.75,-867.1875,125.0,546.875,-812.5,187.5
2147480,-78.125,804.6875,593.75,-46.875,-757.8125,679.6875,218.75,-906.25,390.625,468.75,-867.1875,125.0,546.875,-812.5,187.5
2147488,-70.3125,804.6875,601.5625,-54.6875,-765.625,679.6875,218.75,-906.25,390.625,468.75,-867.1875,125.0,539.0625,-804.6875,179.6875
2147488,-70.3125,804.6875,601.5625,-54.6875,-765.625,679.6875,218.75,-906.25,390.625,468.75,-867.1875,125.0,539.0625,-804.6875,179.6875
2147496,-70.3125,804.6875,601.5625,-46.875,-765.625,671.875,218.75,-906.25,398.4375,468.75,-867.1875,117.1875,546.875,-812.5,179.6875
2147496,-70.3125,804.6875,601.5625,-46.875,-765.625,671.875,218.75,-906.25,398.4375,468.75,-867.1875,117.1875,546.875,-812.5,179.6875
2147641,-78.125,804.6875,601.5625,-46.875,-773.4375,679.6875,218.75,-914.0625,398.4375,468.75,-875.0,125.0,546.875,-820.3125,187.5
2147641,-78.125,804.6875,601.5625,-46.875,-773.4375,679.6875,218.75,-914.0625,398.4375,468.75,-875.0,125.0,546.875,-820.3125,187.5
2147641,-78.125,812.5,601.5625,-54.6875,-773.4375,679.6875,226.5625,-906.25,398.4375,468.75,-875.0,125.0,546.875,-820.3125,179.6875
2147641,-78.125,812.5,601.5625,-54.6875,-773.4375,679.6875,226.5625,-906.25,398.4375,468.75,-875.0,125.0,546.875,-820.3125,179.6875
2147650,-78.125,804.6875,593.75,-46.875,-773.4375,679.6875,218.75,-906.25,398.4375,468.75,-875.0,125.0,546.875,-812.5,179.6875
2147650,-78.125,804.6875,593.75,-46.875,-773.4375,679.6875,218.75,-906.25,398.4375,468.75,-875.0,125.0,546.875,-812.5,179.6875
2147657,-78.125,812.5,601.5625,-62.5,-773.4375,671.875,218.75,-914.0625,390.625,468.75,-875.0,125.0,546.875,-820.3125,187.5
2147657,-78.125,812.5,601.5625,-62.5,-773.4375,671.875,218.75,-914.0625,390.625,468.75,-875.0,125.0,546.875,-820.3125,187.5
2147802,-70.3125,804.6875,601.5625,-54.6875,-773.4375,671.875,218.75,-914.0625,390.625,468.75,-875.0,117.1875,554.6875,-828.125,187.5
2147802,-70.3125,804.6875,601.5625,-54.6875,-773.4375,671.875,218.75,-914.0625,390.625,468.75,-875.0,117.1875,554.6875,-828.125,187.5
2147803,-70.3125,796.875,617.1875,-46.875,-773.4375,671.875,226.5625,-914.0625,406.25,468.75,-882.8125,117.1875,546.875,-820.3125,187.5
2147803,-70.3125,796.875,617.1875,-46.875,-773.4375,671.875,226.5625,-914.0625,406.25,468.75,-882.8125,117.1875,546.875,-820.3125,187.5
2147811,-78.125,804.6875,609.375,-46.875,-773.4375,671.875,218.75,-906.25,390.625,468.75,-882.8125,125.0,554.6875,-820.3125,187.5
2147811,-78.125,804.6875,609.375,-46.875,-773.4375,671.875,218.75,-906.25,390.625,468.75,-882.8125,125.0,554.6875,-820.3125,187.5
2147819,-78.125,804.6875,601.5625,-54.6875,-773.4375,671.875,218.75,-914.0625,398.4375,468.75,-882.8125,125.0,546.875,-828.125,187.5
2147819,-78.125,804.6875,601.5625,-54.6875,-773.4375,671.875,218.75,-914.0625,398.4375,468.75,-882.8125,125.0,546.875,-828.125,187.5
2147964,-78.125,804.6875,601.5625,-54.6875,-773.4375,679.6875,218.75,-914.0625,390.625,468.75,-882.8125,117.1875,554.6875,-820.3125,187.5
2147964,-78.125,804.6875,601.5625,-54.6875,-773.4375,679.6875,218.75,-914.0625,390.625,468.75,-882.8125,117.1875,554.6875,-820.3125,187.5
2147964,-78.125,804.6875,609.375,-54.6875,-773.4375,671.875,218.75,-921.875,390.625,468.75,-882.8125,117.1875,546.875,-820.3125,179.6875
2147964,-78.125,804.6875,609.375,-54.6875,-773.4375,671.875,218.75,-921.875,390.625,468.75,-882.8125,117.1875,546.875,-820.3125,179.6875
2147972,-78.125,804.6875,609.375,-54.6875,-781.25,671.875,218.75,-914.0625,390.625,460.9375,-882.8125,125.0,546.875,-820.3125,187.5
2147972,-78.125,804.6875,609.375,-54.6875,-781.25,671.875,218.75,-914.0625,390.625,460.9375,-882.8125,125.0,546.875,-820.3125,187.5
2147980,-85.9375,796.875,609.375,-54.6875,-773.4375,664.0625,218.75,-914.0625,390.625,468.75,-875.0,125.0,546.875,-820.3125,179.6875
2147980,-85.9375,796.875,609.375,-54.6875,-773.4375,664.0625,218.75,-914.0625,390.625,468.75,-875.0,125.0,546.875,-820.3125,179.6875
2148126,-85.9375,796.875,617.1875,-54.6875,-773.4375,671.875,210.9375,-914.0625,390.625,468.75,-875.0,117.1875,539.0625,-820.3125,187.5
2148126,-85.9375,796.875,617.1875,-54.6875,-773.4375,671.875,210.9375,-914.0625,390.625,468.75,-875.0,117.1875,539.0625,-820.3125,187.5
2148126,-85.9375,789.0625,609.375,-54.6875,-773.4375,664.0625,218.75,-914.0625,390.625,460.9375,-875.0,117.1875,546.875,-820.3125,179.6875
2148126,-85.9375,789.0625,609.375,-54.6875,-773.4375,664.0625,218.75,-914.0625,390.625,460.9375,-875.0,117.1875,546.875,-820.3125,179.6875
2148134,-78.125,796.875,617.1875,-54.6875,-773.4375,664.0625,210.9375,-914.0625,390.625,476.5625,-875.0,117.1875,546.875,-812.5,179.6875
2148134,-78.125,796.875,617.1875,-54.6875,-773.4375,664.0625,210.9375,-914.0625,390.625,476.5625,-875.0,117.1875,546.875,-812.5,179.6875
2148142,-78.125,796.875,617.1875,-54.6875,-773.4375,664.0625,203.125,-914.0625,382.8125,460.9375,-882.8125,109.375,539.0625,-820.3125,171.875
2148142,-78.125,796.875,617.1875,-54.6875,-773.4375,664.0625,203.125,-914.0625,382.8125,460.9375,-882.8125,109.375,539.0625,-820.3125,171.875
2148287,-78.125,796.875,617.1875,-62.5,-773.4375,656.25,218.75,-906.25,382.8125,453.125,-875.0,117.1875,546.875,-812.5,179.6875
2148287,-78.125,796.875,617.1875,-62.5,-773.4375,656.25,218.75,-906.25,382.8125,453.125,-875.0,117.1875,546.875,-812.5,179.6875
2148287,-85.9375,796.875,601.5625,-54.6875,-765.625,664.0625,218.75,-898.4375,390.625,460.9375,-875.0,117.1875,539.0625,-812.5,179.6875
2148287,-85.9375,796.875,601.5625,-54.6875,-765.625,664.0625,218.75,-898.4375,390.625,460.9375,-875.0,117.1875,539.0625,-812.5,179.6875
2148295,-78.125,789.0625,601.5625,-54.6875,-765.625,671.875,218.75,-906.25,382.8125,460.9375,-875.0,117.1875,539.0625,-812.5,179.6875
2148295,-78.125,789.0625,601.5625,-54.6875,-765.625,671.875,218.75,-906.25,382.8125,460.9375,-875.0,117.1875,539.0625,-812.5,179.6875
2148303,-78.125,796.875,601.5625,-54.6875,-773.4375,656.25,210.9375,-898.4375,382.8125,468.75,-875.0,125.0,539.0625,-812.5,179.6875
2148303,-78.125,796.875,601.5625,-54.6875,-773.4375,656.25,210.9375,-898.4375,382.8125,468.75,-875.0,125.0,539.0625,-812.5,179.6875
2148448,-70.3125,804.6875,609.375,-46.875,-773.4375,679.6875,234.375,-914.0625,398.4375,476.5625,-890.625,117.1875,546.875,-812.5,187.5
2148448,-70.3125,804.6875,609.375,-46.875,-773.4375,679.6875,234.375,-914.0625,398.4375,476.5625,-890.625,117.1875,546.875,-812.5,187.5
2148448,-70.3125,804.6875,609.375,-46.875,-781.25,679.6875,226.5625,-914.0625,398.4375,476.5625,-875.0,132.8125,554.6875,-820.3125,195.3125
2148448,-70.3125,804.6875,609.375,-46.875,-781.25,679.6875,226.5625,-914.0625,398.4375,476.5625,-875.0,132.8125,554.6875,-820.3125,195.3125
2148456,-62.5,796.875,609.375,-46.875,-773.4375,679.6875,218.75,-914.0625,398.4375,468.75,-875.0,125.0,554.6875,-820.3125,195.3125
2148456,-62.5,796.875,609.375,-46.875,-773.4375,679.6875,218.75,-914.0625,398.4375,468.75,-875.0,125.0,554.6875,-820.3125,195.3125
2148464,-62.5,804.6875,617.1875,-39.0625,-773.4375,687.5,226.5625,-914.0625,406.25,476.5625,-875.0,132.8125,554.6875,-812.5,187.5
2148464,-62.5,804.6875,617.1875,-39.0625,-773.4375,687.5,226.5625,-914.0625,406.25,476.5625,-875.0,132.8125,554.6875,-812.5,187.5
2148609,-23.4375,820.3125,570.3125,-46.875,-859.375,781.25,210.9375,-984.375,367.1875,507.8125,-929.6875,101.5625,523.4375,-921.875,117.1875
2148609,-23.4375,820.3125,570.3125,-46.875,-859.375,781.25,210.9375,-984.375,367.1875,507.8125,-929.6875,101.5625,523.4375,-921.875,117.1875
2148609,-15.625,890.625,617.1875,93.75,-804.6875,710.9375,257.8125,-1000.0,359.375,476.5625,-960.9375,117.1875,617.1875,-820.3125,218.75
2148609,-15.625,890.625,617.1875,93.75,-804.6875,710.9375,257.8125,-1000.0,359.375,476.5625,-960.9375,117.1875,617.1875,-820.3125,218.75
2148617,-62.5,859.375,640.625,-31.25,-867.1875,796.875,250.0,-984.375,429.6875,523.4375,-960.9375,132.8125,632.8125,-828.125,195.3125
2148617,-62.5,859.375,640.625,-31.25,-867.1875,796.875,250.0,-984.375,429.6875,523.4375,-960.9375,132.8125,632.8125,-828.125,195.3125
2148625,0.0,843.75,625.0,-117.1875,-859.375,781.25,273.4375,-1023.4375,390.625,492.1875,-953.125,70.3125,632.8125,-945.3125,179.6875
2148625,0.0,843.75,625.0,-117.1875,-859.375,781.25,273.4375,-1023.4375,390.625,492.1875,-953.125,70.3125,632.8125,-945.3125,179.6875
2148690,-546.875,1015.625,851.5625,-31.25,-976.5625,1054.6875,343.75,-1257.8125,539.0625,609.375,-1195.3125,257.8125,773.4375,-1382.8125,429.6875
2148690,-546.875,1015.625,851.5625,-31.25,-976.5625,1054.6875,343.75,-1257.8125,539.0625,609.375,-1195.3125,257.8125,773.4375,-1382.8125,429.6875
2148690,-1070.3125,937.5,750.0,-7.8125,-976.5625,1117.1875,296.875,-1351.5625,593.75,734.375,-1187.5,351.5625,804.6875,-1312.5,375.0
2148690,-1070.3125,937.5,750.0,-7.8125,-976.5625,1117.1875,296.875,-1351.5625,593.75,734.375,-1187.5,351.5625,804.6875,-1312.5,375.0
2148698,-914.0625,1117.1875,593.75,23.4375,-1007.8125,1171.875,367.1875,-1406.25,656.25,851.5625,-1265.625,398.4375,789.0625,-1234.375,343.75
2148698,-914.0625,1117.1875,593.75,23.4375,-1007.8125,1171.875,367.1875,-1406.25,656.25,851.5625,-1265.625,398.4375,789.0625,-1234.375,343.75
2148705,-242.1875,1265.625,554.6875,54.6875,-945.3125,1242.1875,359.375,-1414.0625,695.3125,773.4375,-1304.6875,406.25,695.3125,-1328.125,421.875
2148705,-242.1875,1265.625,554.6875,54.6875,-945.3125,1242.1875,359.375,-1414.0625,695.3125,773.4375,-1304.6875,406.25,695.3125,-1328.125,421.875
2148851,-601.5625,-226.5625,210.9375,-398.4375,-281.25,-171.875,-335.9375,-312.5,-226.5625,-156.25,-359.375,-203.125,85.9375,-523.4375,-31.25
2148851,-601.5625,-226.5625,210.9375,-398.4375,-281.25,-171.875,-335.9375,-312.5,-226.5625,-156.25,-359.375,-203.125,85.9375,-523.4375,-31.25
2148851,-585.9375,-257.8125,242.1875,-453.125,-296.875,-242.1875,-343.75,-273.4375,-242.1875,-164.0625,-320.3125,-195.3125,54.6875,-437.5,-62.5
2148851,-585.9375,-257.8125,242.1875,-453.125,-296.875,-242.1875,-343.75,-273.4375,-242.1875,-164.0625,-320.3125,-195.3125,54.6875,-437.5,-62.5
2148859,-585.9375,-273.4375,257.8125,-484.375,-289.0625,-328.125,-351.5625,-289.0625,-242.1875,-156.25,-351.5625,-203.125,31.25,-382.8125,-125.0
2148859,-585.9375,-273.4375,257.8125,-484.375,-289.0625,-328.125,-351.5625,-289.0625,-242.1875,-156.25,-351.5625,-203.125,31.25,-382.8125,-125.0
2148867,-585.9375,-296.875,250.0,-531.25,-289.0625,-359.375,-398.4375,-273.4375,-250.0,-187.5,-296.875,-226.5625,-31.25,-296.875,-242.1875
2148867,-585.9375,-296.875,250.0,-531.25,-289.0625,-359.375,-398.4375,-273.4375,-250.0,-187.5,-296.875,-226.5625,-31.25,-296.875,-242.1875
2149012,-367.1875,687.5,593.75,-468.75,-546.875,218.75,-320.3125,-750.0,85.9375,-296.875,-726.5625,-203.125,-304.6875,-750.0,-234.375
2149012,-367.1875,687.5,593.75,-468.75,-546.875,218.75,-320.3125,-750.0,85.9375,-296.875,-726.5625,-203.125,-304.6875,-750.0,-234.375
2149013,-375.0,718.75,625.0,-460.9375,-562.5,257.8125,-289.0625,-781.25,117.1875,-320.3125,-773.4375,-210.9375,-359.375,-789.0625,-250.0
2149013,-375.0,718.75,625.0,-460.9375,-562.5,257.8125,-289.0625,-781.25,117.1875,-320.3125,-773.4375,-210.9375,-359.375,-789.0625,-250.0
2149020,-398.4375,765.625,664.0625,-468.75,-617.1875,281.25,-289.0625,-820.3125,179.6875,-343.75,-789.0625,-218.75,-406.25,-828.125,-281.25
2149020,-398.4375,765.625,664.0625,-468.75,-617.1875,281.25,-289.0625,-820.3125,179.6875,-343.75,-789.0625,-218.75,-406.25,-828.125,-281.25
2149028,-421.875,765.625,781.25,-500.0,-703.125,273.4375,-171.875,-820.3125,289.0625,-375.0,-796.875,-210.9375,-445.3125,-851.5625,-312.5
2149028,-421.875,765.625,781.25,-500.0,-703.125,273.4375,-171.875,-820.3125,289.0625,-375.0,-796.875,-210.9375,-445.3125,-851.5625,-312.5
2149053,-531.25,656.25,984.375,-859.375,-984.375,31.25,-757.8125,-1140.625,-78.125,-742.1875,-1085.9375,-460.9375,-625.0,-1117.1875,-390.625
2149053,-531.25,656.25,984.375,-859.375,-984.375,31.25,-757.8125,-1140.625,-78.125,-742.1875,-1085.9375,-460.9375,-625.0,-1117.1875,-390.625
2149053,-500.0,585.9375,1078.125,-1007.8125,-1117.1875,-70.3125,-875.0,-1195.3125,-148.4375,-835.9375,-1070.3125,-531.25,-625.0,-1078.125,-460.9375
2149053,-500.0,585.9375,1078.125,-1007.8125,-1117.1875,-70.3125,-875.0,-1195.3125,-148.4375,-835.9375,-1070.3125,-531.25,-625.0,-1078.125,-460.9375
2149061,-507.8125,570.3125,1125.0,-1101.5625,-1171.875,-101.5625,-984.375,-1250.0,-187.5,-921.875,-1125.0,-585.9375,-695.3125,-1117.1875,-523.4375
2149061,-507.8125,570.3125,1125.0,-1101.5625,-1171.875,-101.5625,-984.375,-1250.0,-187.5,-921.875,-1125.0,-585.9375,-695.3125,-1117.1875,-523.4375
2149069,-554.6875,554.6875,1195.3125,-1179.6875,-1218.75,-125.0,-1046.875,-1296.875,-218.75,-984.375,-1148.4375,-640.625,-804.6875,-1210.9375,-585.9375
2149069,-554.6875,554.6875,1195.3125,-1179.6875,-1218.75,-125.0,-1046.875,-1296.875,-218.75,-984.375,-1148.4375,-640.625,-804.6875,-1210.9375,-585.9375
2149150,-632.8125,1218.75,1328.125,-1304.6875,-1625.0,375.0,-921.875,-1953.125,140.625,-984.375,-1843.75,-609.375,-867.1875,-1843.75,-570.3125
2149150,-632.8125,1218.75,1328.125,-1304.6875,-1625.0,375.0,-921.875,-1953.125,140.625,-984.375,-1843.75,-609.375,-867.1875,-1843.75,-570.3125
2149158,-617.1875,1218.75,1281.25,-1296.875,-1554.6875,390.625,-914.0625,-1882.8125,140.625,-953.125,-1773.4375,-585.9375,-851.5625,-1781.25,-554.6875
2149158,-617.1875,1218.75,1281.25,-1296.875,-1554.6875,390.625,-914.0625,-1882.8125,140.625,-953.125,-1773.4375,-585.9375,-851.5625,-1781.25,-554.6875
2149166,-609.375,1210.9375,1242.1875,-1281.25,-1507.8125,406.25,-898.4375,-1835.9375,164.0625,-945.3125,-1734.375,-570.3125,-828.125,-1726.5625,-546.875
2149166,-609.375,1210.9375,1242.1875,-1281.25,-1507.8125,406.25,-898.4375,-1835.9375,164.0625,-945.3125,-1734.375,-570.3125,-828.125,-1726.5625,-546.875
2149166,-601.5625,1218.75,1187.5,-1250.0,-1453.125,421.875,-867.1875,-1781.25,171.875,-929.6875,-1695.3125,-531.25,-835.9375,-1695.3125,-539.0625
2149166,-601.5625,1218.75,1187.5,-1250.0,-1453.125,421.875,-867.1875,-1781.25,171.875,-929.6875,-1695.3125,-531.25,-835.9375,-1695.3125,-539.0625
2149231,-625.0,859.375,867.1875,-1015.625,-1023.4375,257.8125,-710.9375,-1289.0625,117.1875,-765.625,-1234.375,-382.8125,-710.9375,-1234.375,-406.25
2149231,-625.0,859.375,867.1875,-1015.625,-1023.4375,257.8125,-710.9375,-1289.0625,117.1875,-765.625,-1234.375,-382.8125,-710.9375,-1234.375,-406.25
2149239,-632.8125,812.5,859.375,-992.1875,-992.1875,257.8125,-703.125,-1250.0,101.5625,-773.4375,-1171.875,-382.8125,-703.125,-1187.5,-406.25
2149239,-632.8125,812.5,859.375,-992.1875,-992.1875,257.8125,-703.125,-1250.0,101.5625,-773.4375,-1171.875,-382.8125,-703.125,-1187.5,-406.25
2149247,-609.375,765.625,843.75,-968.75,-968.75,226.5625,-710.9375,-1203.125,93.75,-757.8125,-1117.1875,-382.8125,-687.5,-1132.8125,-414.0625
2149247,-609.375,765.625,843.75,-968.75,-968.75,226.5625,-710.9375,-1203.125,93.75,-757.8125,-1117.1875,-382.8125,-687.5,-1132.8125,-414.0625
2149247,-593.75,726.5625,843.75,-953.125,-945.3125,203.125,-695.3125,-1156.25,70.3125,-750.0,-1078.125,-375.0,-679.6875,-1093.75,-406.25
2149247,-593.75,726.5625,843.75,-953.125,-945.3125,203.125,-695.3125,-1156.25,70.3125,-750.0,-1078.125,-375.0,-679.6875,-1093.75,-406.25
2149392,-335.9375,273.4375,148.4375,-351.5625,-125.0,93.75,-195.3125,-234.375,109.375,-203.125,-257.8125,-15.625,-171.875,-257.8125,-46.875
2149392,-335.9375,273.4375,148.4375,-351.5625,-125.0,93.75,-195.3125,-234.375,109.375,-203.125,-257.8125,-15.625,-171.875,-257.8125,-46.875
2149400,-328.125,257.8125,117.1875,-328.125,-117.1875,93.75,-164.0625,-226.5625,117.1875,-164.0625,-234.375,15.625,-148.4375,-242.1875,-23.4375
2149400,-328.125,257.8125,117.1875,-328.125,-117.1875,93.75,-164.0625,-226.5625,117.1875,-164.0625,-234.375,15.625,-148.4375,-242.1875,-23.4375
2149408,-320.3125,234.375,93.75,-289.0625,-101.5625,117.1875,-132.8125,-195.3125,132.8125,-125.0,-218.75,23.4375,-117.1875,-234.375,7.8125
2149408,-320.3125,234.375,93.75,-289.0625,-101.5625,117.1875,-132.8125,-195.3125,132.8125,-125.0,-218.75,23.4375,-117.1875,-234.375,7.8125
2149408,-304.6875,226.5625,62.5,-265.625,-62.5,125.0,-101.5625,-171.875,140.625,-78.125,-203.125,54.6875,-85.9375,-203.125,23.4375
2149408,-304.6875,226.5625,62.5,-265.625,-62.5,125.0,-101.5625,-171.875,140.625,-78.125,-203.125,54.6875,-85.9375,-203.125,23.4375
2149553,-234.375,343.75,70.3125,-242.1875,-78.125,203.125,-70.3125,-218.75,179.6875,-93.75,-265.625,62.5,-117.1875,-273.4375,31.25
2149553,-234.375,343.75,70.3125,-242.1875,-78.125,203.125,-70.3125,-218.75,179.6875,-93.75,-265.625,62.5,-117.1875,-273.4375,31.25
2149561,-242.1875,367.1875,101.5625,-265.625,-109.375,195.3125,-109.375,-257.8125,156.25,-148.4375,-289.0625,31.25,-171.875,-296.875,-7.8125
2149561,-242.1875,367.1875,101.5625,-265.625,-109.375,195.3125,-109.375,-257.8125,156.25,-148.4375,-289.0625,31.25,-171.875,-296.875,-7.8125
2149569,-257.8125,414.0625,140.625,-289.0625,-132.8125,187.5,-140.625,-289.0625,156.25,-195.3125,-320.3125,15.625,-226.5625,-328.125,-39.0625
2149569,-257.8125,414.0625,140.625,-289.0625,-132.8125,187.5,-140.625,-289.0625,156.25,-195.3125,-320.3125,15.625,-226.5625,-328.125,-39.0625
2149569,-257.8125,445.3125,179.6875,-312.5,-156.25,203.125,-179.6875,-335.9375,140.625,-226.5625,-343.75,-15.625,-257.8125,-359.375,-62.5
2149569,-257.8125,445.3125,179.6875,-312.5,-156.25,203.125,-179.6875,-335.9375,140.625,-226.5625,-343.75,-15.625,-257.8125,-359.375,-62.5
2149714,-1234.375,781.25,976.5625,-1726.5625,-789.0625,54.6875,-1398.4375,-1257.8125,289.0625,-1289.0625,-1367.1875,-31.25,-1257.8125,-1304.6875,-70.3125
2149714,-1234.375,781.25,976.5625,-1726.5625,-789.0625,54.6875,-1398.4375,-1257.8125,289.0625,-1289.0625,-1367.1875,-31.25,-1257.8125,-1304.6875,-70.3125
2149722,-1257.8125,843.75,1031.25,-1804.6875,-843.75,62.5,-1468.75,-1320.3125,296.875,-1359.375,-1437.5,-54.6875,-1320.3125,-1367.1875,-85.9375
2149722,-1257.8125,843.75,1031.25,-1804.6875,-843.75,62.5,-1468.75,-1320.3125,296.875,-1359.375,-1437.5,-54.6875,-1320.3125,-1367.1875,-85.9375
2149730,-1304.6875,906.25,1101.5625,-1867.1875,-890.625,78.125,-1523.4375,-1406.25,296.875,-1421.875,-1539.0625,-78.125,-1375.0,-1437.5,-109.375
2149730,-1304.6875,906.25,1101.5625,-1867.1875,-890.625,78.125,-1523.4375,-1406.25,296.875,-1421.875,-1539.0625,-78.125,-1375.0,-1437.5,-109.375
2149731,-1320.3125,953.125,1171.875,-1929.6875,-960.9375,78.125,-1585.9375,-1492.1875,281.25,-1476.5625,-1609.375,-93.75,-1429.6875,-1523.4375,-140.625
2149731,-1320.3125,953.125,1171.875,-1929.6875,-960.9375,78.125,-1585.9375,-1492.1875,281.25,-1476.5625,-1609.375,-93.75,-1429.6875,-1523.4375,-140.625
2149818,-1218.75,945.3125,1156.25,-1914.0625,-1039.0625,156.25,-1492.1875,-1562.5,312.5,-1312.5,-1742.1875,-70.3125,-1351.5625,-1632.8125,-101.5625
2149818,-1218.75,945.3125,1156.25,-1914.0625,-1039.0625,156.25,-1492.1875,-1562.5,312.5,-1312.5,-1742.1875,-70.3125,-1351.5625,-1632.8125,-101.5625
2149818,-1164.0625,921.875,1117.1875,-1828.125,-1000.0,164.0625,-1437.5,-1515.625,289.0625,-1281.25,-1687.5,-93.75,-1335.9375,-1585.9375,-125.0
2149818,-1164.0625,921.875,1117.1875,-1828.125,-1000.0,164.0625,-1437.5,-1515.625,289.0625,-1281.25,-1687.5,-93.75,-1335.9375,-1585.9375,-125.0
2149827,-1125.0,906.25,1062.5,-1734.375,-976.5625,156.25,-1375.0,-1460.9375,289.0625,-1242.1875,-1609.375,-101.5625,-1304.6875,-1515.625,-164.0625
2149827,-1125.0,906.25,1062.5,-1734.375,-976.5625,156.25,-1375.0,-1460.9375,289.0625,-1242.1875,-1609.375,-101.5625,-1304.6875,-1515.625,-164.0625
2149835,-1085.9375,898.4375,1015.625,-1656.25,-945.3125,171.875,-1312.5,-1414.0625,257.8125,-1210.9375,-1539.0625,-117.1875,-1281.25,-1453.125,-179.6875
2149835,-1085.9375,898.4375,1015.625,-1656.25,-945.3125,171.875,-1312.5,-1414.0625,257.8125,-1210.9375,-1539.0625,-117.1875,-1281.25,-1453.125,-179.6875
2149980,-531.25,328.125,203.125,-562.5,-78.125,93.75,-414.0625,-273.4375,203.125,-398.4375,-359.375,78.125,-421.875,-335.9375,31.25
2149980,-531.25,328.125,203.125,-562.5,-78.125,93.75,-414.0625,-273.4375,203.125,-398.4375,-359.375,78.125,-421.875,-335.9375,31.25
2149980,-515.625,320.3125,187.5,-546.875,-78.125,109.375,-406.25,-273.4375,195.3125,-375.0,-351.5625,101.5625,-398.4375,-335.9375,46.875
2149980,-515.625,320.3125,187.5,-546.875,-78.125,109.375,-406.25,-273.4375,195.3125,-375.0,-351.5625,101.5625,-398.4375,-335.9375,46.875
2149988,-500.0,312.5,179.6875,-523.4375,-78.125,117.1875,-382.8125,-273.4375,203.125,-367.1875,-359.375,109.375,-390.625,-335.9375,78.125
2149988,-500.0,312.5,179.6875,-523.4375,-78.125,117.1875,-382.8125,-273.4375,203.125,-367.1875,-359.375,109.375,-390.625,-335.9375,78.125
2149996,-484.375,296.875,164.0625,-507.8125,-85.9375,125.0,-367.1875,-273.4375,218.75,-343.75,-367.1875,125.0,-375.0,-343.75,85.9375
2149996,-484.375,296.875,164.0625,-507.8125,-85.9375,125.0,-367.1875,-273.4375,218.75,-343.75,-367.1875,125.0,-375.0,-343.75,85.9375
