2156126,-4.375,-61.25,-48.125
2156126,-4.375,-61.25,-48.125
2156136,8.75,-74.375,-35.0
2156136,8.75,-74.375,-35.0
2156207,-8.75,-4.375,-52.5
2156207,-8.75,-4.375,-52.5
2156217,8.75,-30.625,-74.375
2156217,8.75,-30.625,-74.375
2156369,4.375,-8.75,-100.625
2156369,4.375,-8.75,-100.625
2156379,13.125,-8.75,-113.75
2156379,13.125,-8.75,-113.75
2156530,-48.125,8.75,35.0
2156530,-48.125,8.75,35.0
2156540,-43.75,4.375,35.0
2156540,-43.75,4.375,35.0
2156692,-52.5,-8.75,-43.75
2156692,-52.5,-8.75,-43.75
2156702,-52.5,-8.75,-30.625
2156702,-52.5,-8.75,-30.625
2156853,-26.25,-8.75,-26.25
2156853,-26.25,-8.75,-26.25
2156862,-48.125,-8.75,-39.375
2156862,-48.125,-8.75,-39.375
2157015,-96.25,-39.375,21.875
2157015,-96.25,-39.375,21.875
2157025,-91.875,-35.0,26.25
2157025,-91.875,-35.0,26.25
2157167,-52.5,-65.625,122.5
2157167,-52.5,-65.625,122.5
2157176,-48.125,-70.0,153.125
2157176,-48.125,-70.0,153.125
2157328,-43.75,56.875,91.875
2157328,-43.75,56.875,91.875
2157337,-61.25,56.875,87.5
2157337,-61.25,56.875,87.5
2157490,-704.375,258.125,476.875
2157490,-704.375,258.125,476.875
2157499,-940.625,301.875,669.375
2157499,-940.625,301.875,669.375
2157651,13212.5,-15741.25,-23813.125
2157651,13212.5,-15741.25,-23813.125
2157660,17990.0,-18090.625,-19048.75
2157660,17990.0,-18090.625,-19048.75
2157811,-10066.875,13015.625,-10491.25
2157811,-10066.875,13015.625,-10491.25
2157822,-10193.75,15745.625,-8601.25
2157822,-10193.75,15745.625,-8601.25
2157973,1806.875,6033.125,5888.75
2157973,1806.875,6033.125,5888.75
2157983,2323.125,4891.25,6181.875
2157983,2323.125,4891.25,6181.875
2158135,-1001.875,-12595.625,-1701.875
2158135,-1001.875,-12595.625,-1701.875
2158145,1006.25,-12985.0,-2485.0
2158145,1006.25,-12985.0,-2485.0
2158296,-4283.125,-9642.5,573.125
2158296,-4283.125,-9642.5,573.125
2158306,-3504.375,-8977.5,363.125
2158306,-3504.375,-8977.5,363.125
2158619,9349.375,8338.75,-3705.625
2158619,9349.375,8338.75,-3705.625
2158628,8417.5,7070.0,-3150.0
2158628,8417.5,7070.0,-3150.0
2158679,3381.875,297.5,-1544.375
2158679,3381.875,297.5,-1544.375
2158690,1776.25,-1408.75,-861.875
2158690,1776.25,-1408.75,-861.875
2158841,-5792.5,-7026.25,599.375
2158841,-5792.5,-7026.25,599.375
2158851,-5744.375,-6755.0,420.0
2158851,-5744.375,-6755.0,420.0
2158922,-3591.875,-5831.875,297.5
2158922,-3591.875,-5831.875,297.5
2158932,-3679.375,-5560.625,490.0
2158932,-3679.375,-5560.625,490.0
2159083,3031.875,3438.75,315.0
2159083,3031.875,3438.75,315.0
2159094,3631.25,4033.75,328.125
2159094,3631.25,4033.75,328.125
2159164,7266.875,8426.25,-962.5
2159164,7266.875,8426.25,-962.5
2159175,6991.25,8531.25,-787.5
2159175,6991.25,8531.25,-787.5
