1513759,345.625,638.75,-3272.5
1513759,345.625,638.75,-3272.5
1513769,-1246.875,481.25,-3495.625
1513769,-1246.875,481.25,-3495.625
1513779,-4151.875,-735.0,-3408.125
1513779,-4151.875,-735.0,-3408.125
1513790,-8750.0,-2025.625,-2441.25
1513790,-8750.0,-2025.625,-2441.25
1513799,-12193.125,-1417.5,-1015.0
1513799,-12193.125,-1417.5,-1015.0
1513811,-11515.0,-1268.75,-459.375
1513811,-11515.0,-1268.75,-459.375
1513821,-6518.75,-1933.75,1229.375
1513821,-6518.75,-1933.75,1229.375
1513831,-6085.625,-2428.125,1295.0
1513831,-6085.625,-2428.125,1295.0
1513842,-6059.375,-1907.5,1837.5
1513842,-6059.375,-1907.5,1837.5
1513852,-2813.125,1596.875,616.875
1513852,-2813.125,1596.875,616.875
1513863,2725.625,2471.875,109.375
1513863,2725.625,2471.875,109.375
1513872,3535.0,7420.0,-131.25
1513872,3535.0,7420.0,-131.25
1513883,2353.75,4348.75,-756.875
1513883,2353.75,4348.75,-756.875
1513893,4926.25,5464.375,-13.125
1513893,4926.25,5464.375,-13.125
1513903,1955.625,3591.875,-805.0
1513903,1955.625,3591.875,-805.0
1513914,2047.5,3850.0,-1303.75
1513914,2047.5,3850.0,-1303.75
1513924,2708.125,2743.125,-1767.5
1513924,2708.125,2743.125,-1767.5
1513934,2896.25,2187.5,-2498.125
1513934,2896.25,2187.5,-2498.125
1513944,4099.375,1264.375,-2445.625
1513944,4099.375,1264.375,-2445.625
1513953,4252.5,555.625,-2218.125
1513953,4252.5,555.625,-2218.125
1513965,4248.125,231.875,-1890.0
1513965,4248.125,231.875,-1890.0
1513976,3933.125,-555.625,-1465.625
1513976,3933.125,-555.625,-1465.625
1513986,1688.75,-3084.375,-1185.625
1513986,1688.75,-3084.375,-1185.625
1513996,2288.125,-4388.125,-415.625
1513996,2288.125,-4388.125,-415.625
1514006,2292.5,-4121.25,-441.875
1514006,2292.5,-4121.25,-441.875
1514018,2537.5,-3307.5,-284.375
1514018,2537.5,-3307.5,-284.375
1514027,2983.75,-1806.875,-109.375
1514027,2983.75,-1806.875,-109.375
1514038,3609.375,-490.0,-503.125
1514038,3609.375,-490.0,-503.125
1514048,5490.625,573.125,-109.375
1514048,5490.625,573.125,-109.375
1514058,6816.25,1233.75,708.75
1514058,6816.25,1233.75,708.75
1514068,6081.25,1522.5,848.75
1514068,6081.25,1522.5,848.75
1514079,5600.0,975.625,861.875
1514079,5600.0,975.625,861.875
1514089,4930.625,-441.875,188.125
1514089,4930.625,-441.875,188.125
1514099,2244.375,485.625,-665.0
1514099,2244.375,485.625,-665.0
1514110,2095.625,2301.25,-161.875
1514110,2095.625,2301.25,-161.875
1514120,3587.5,3696.875,1273.125
1514120,3587.5,3696.875,1273.125
1514130,2992.5,5009.375,1763.125
1514130,2992.5,5009.375,1763.125
1514141,2528.75,3150.0,1308.125
1514141,2528.75,3150.0,1308.125
1514151,1544.375,2270.625,879.375
1514151,1544.375,2270.625,879.375
1514161,914.375,2218.125,826.875
1514161,914.375,2218.125,826.875
1514172,1102.5,380.625,870.625
1514172,1102.5,380.625,870.625
1514182,1863.75,1426.25,778.75
1514182,1863.75,1426.25,778.75
1514192,2502.5,3591.875,857.5
1514192,2502.5,3591.875,857.5
1514203,2432.5,5206.25,1596.875
1514203,2432.5,5206.25,1596.875
1514213,-1010.625,5709.375,4195.625
1514213,-1010.625,5709.375,4195.625
1514223,341.25,4090.625,4471.25
1514223,341.25,4090.625,4471.25
1514234,1990.625,2222.5,4379.375
1514234,1990.625,2222.5,4379.375
1514244,2773.75,805.0,5136.25
1514244,2773.75,805.0,5136.25
1514254,3386.25,214.375,4987.5
1514254,3386.25,214.375,4987.5
1514265,3224.375,796.25,4270.0
1514265,3224.375,796.25,4270.0
1514275,1448.125,-231.875,4160.625
1514275,1448.125,-231.875,4160.625
1514285,-3005.625,-2826.25,3351.25
1514285,-3005.625,-2826.25,3351.25
1514295,-4217.5,-2800.0,765.625
1514295,-4217.5,-2800.0,765.625
1514306,-5648.125,-787.5,-1601.25
1514306,-5648.125,-787.5,-1601.25
1514316,-6496.875,275.625,-3613.75
1514316,-6496.875,275.625,-3613.75
1514326,-6352.5,-472.5,-4068.75
1514326,-6352.5,-472.5,-4068.75
1514337,-6890.625,-2905.0,-3797.5
1514337,-6890.625,-2905.0,-3797.5
1514347,-7035.0,-5958.75,-3543.75
1514347,-7035.0,-5958.75,-3543.75
1514358,-7196.875,-8588.125,-3705.625
1514358,-7196.875,-8588.125,-3705.625
1514368,-7004.375,-10758.125,-4226.25
1514368,-7004.375,-10758.125,-4226.25
1514378,-5880.0,-11200.0,-4283.125
1514378,-5880.0,-11200.0,-4283.125
1514388,-3281.25,-10237.5,-4011.875
1514388,-3281.25,-10237.5,-4011.875
1514399,761.25,-8194.375,-3101.875
1514399,761.25,-8194.375,-3101.875
1514409,6256.25,-6606.25,-1610.0
1514409,6256.25,-6606.25,-1610.0
1514419,12569.375,-5893.125,-630.0
1514419,12569.375,-5893.125,-630.0
1514430,14385.0,-4663.75,-980.0
1514430,14385.0,-4663.75,-980.0
1514440,11344.375,188.125,-1596.875
1514440,11344.375,188.125,-1596.875
1514450,6671.875,7551.25,-1316.875
1514450,6671.875,7551.25,-1316.875
1514461,616.875,11978.75,3443.125
1514461,616.875,11978.75,3443.125
1514471,1435.0,21214.375,8290.625
1514471,1435.0,21214.375,8290.625
1514481,5429.375,23384.375,9681.875
1514481,5429.375,23384.375,9681.875
1514492,4532.5,20383.125,9900.625
1514492,4532.5,20383.125,9900.625
1514502,704.375,13746.25,9581.25
1514502,704.375,13746.25,9581.25
1514512,-6790.0,2450.0,7354.375
1514512,-6790.0,2450.0,7354.375
1514523,-11746.875,-8885.625,6168.75
1514523,-11746.875,-8885.625,6168.75
1514533,-11571.875,-19980.625,6645.625
1514533,-11571.875,-19980.625,6645.625
1514543,-9716.875,-28787.5,5193.125
1514543,-9716.875,-28787.5,5193.125
1514553,-5131.875,-32313.75,2751.875
1514553,-5131.875,-32313.75,2751.875
1514564,-1859.375,-33477.5,1268.75
1514564,-1859.375,-33477.5,1268.75
1514574,-1343.125,-31972.5,288.75
1514574,-1343.125,-31972.5,288.75
1514584,-332.5,-28538.125,634.375
1514584,-332.5,-28538.125,634.375
1514595,-253.75,-24731.875,1688.75
1514595,-253.75,-24731.875,1688.75
1514605,533.75,-19779.375,2288.125
1514605,533.75,-19779.375,2288.125
1514615,1990.625,-13317.5,2668.75
1514615,1990.625,-13317.5,2668.75
1514626,2161.25,-7367.5,2401.875
1514626,2161.25,-7367.5,2401.875
1514636,2270.625,-1487.5,1395.625
1514636,2270.625,-1487.5,1395.625
1514646,3801.875,3871.875,1850.625
1514646,3801.875,3871.875,1850.625
1514656,1491.875,7958.125,2506.875
1514656,1491.875,7958.125,2506.875
1514667,-2266.25,11335.625,1898.75
1514667,-2266.25,11335.625,1898.75
1514677,-3626.875,12888.75,1242.5
1514677,-3626.875,12888.75,1242.5
1514688,-5070.625,14363.125,805.0
1514688,-5070.625,14363.125,805.0
1514698,-5976.25,15443.75,770.0
1514698,-5976.25,15443.75,770.0
1514708,-5656.875,15614.375,945.0
1514708,-5656.875,15614.375,945.0
1514719,-5232.5,13724.375,945.0
1514719,-5232.5,13724.375,945.0
1514729,-3972.5,13545.0,778.75
1514729,-3972.5,13545.0,778.75
1514738,-2485.0,12219.375,958.125
1514738,-2485.0,12219.375,958.125
1514750,-2121.875,10469.375,997.5
1514750,-2121.875,10469.375,997.5
1514760,-765.625,6947.5,1413.125
1514760,-765.625,6947.5,1413.125
1514770,-179.375,3740.625,1583.75
1514770,-179.375,3740.625,1583.75
1514780,586.25,1054.375,1710.625
1514780,586.25,1054.375,1710.625
1514791,1356.25,-1334.375,1850.625
1514791,1356.25,-1334.375,1850.625
1514801,1728.125,-3395.0,1907.5
1514801,1728.125,-3395.0,1907.5
1514811,1386.875,-5407.5,1916.25
1514811,1386.875,-5407.5,1916.25
1514822,1185.625,-7083.125,1872.5
1514822,1185.625,-7083.125,1872.5
1514832,1190.0,-8741.25,1675.625
1514832,1190.0,-8741.25,1675.625
1514842,888.125,-10106.25,1229.375
1514842,888.125,-10106.25,1229.375
1514853,651.875,-11261.25,743.75
1514853,651.875,-11261.25,743.75
1514863,791.875,-11738.125,332.5
1514863,791.875,-11738.125,332.5
1514874,997.5,-11252.5,-109.375
1514874,997.5,-11252.5,-109.375
1514884,1273.125,-10053.75,-511.875
1514884,1273.125,-10053.75,-511.875
1514894,1518.125,-9003.75,-853.125
1514894,1518.125,-9003.75,-853.125
1514904,1535.625,-7984.375,-1141.875
1514904,1535.625,-7984.375,-1141.875
1514915,1645.0,-6728.75,-1133.125
1514915,1645.0,-6728.75,-1133.125
1514925,1470.0,-5433.75,-1185.625
1514925,1470.0,-5433.75,-1185.625
1514935,1286.25,-4344.375,-1290.625
1514935,1286.25,-4344.375,-1290.625
1514946,1290.625,-3246.25,-1452.5
1514946,1290.625,-3246.25,-1452.5
1514956,1163.75,-2135.0,-1378.125
1514956,1163.75,-2135.0,-1378.125
1514966,958.125,-1146.25,-1548.75
1514966,958.125,-1146.25,-1548.75
1514976,949.375,-555.625,-1548.75
1514976,949.375,-555.625,-1548.75
1514987,730.625,-157.5,-1408.75
1514987,730.625,-157.5,-1408.75
1514997,205.625,122.5,-1316.875
1514997,205.625,122.5,-1316.875
1515007,-354.375,201.25,-1238.125
1515007,-354.375,201.25,-1238.125
1515018,-678.125,113.75,-1150.625
1515018,-678.125,113.75,-1150.625
1515028,-1019.375,126.875,-1185.625
1515028,-1019.375,126.875,-1185.625
1515038,-1010.625,380.625,-1155.0
1515038,-1010.625,380.625,-1155.0
1515048,-931.875,870.625,-1150.625
1515048,-931.875,870.625,-1150.625
1515059,-1295.0,1627.5,-1106.875
1515059,-1295.0,1627.5,-1106.875
1515070,-1806.875,1846.25,-918.75
1515070,-1806.875,1846.25,-918.75
1515080,-1631.875,1973.125,-756.875
1515080,-1631.875,1973.125,-756.875
1515090,-1693.125,2130.625,-831.25
1515090,-1693.125,2130.625,-831.25
1515100,-1820.0,1531.25,-866.25
1515100,-1820.0,1531.25,-866.25
1515111,-1334.375,896.875,-748.125
1515111,-1334.375,896.875,-748.125
1515121,-363.125,1036.875,-691.25
1515121,-363.125,1036.875,-691.25
1515131,-376.25,1566.25,-739.375
1515131,-376.25,1566.25,-739.375
1515142,-1505.0,1802.5,-752.5
1515142,-1505.0,1802.5,-752.5
1515151,-1719.375,1386.875,-774.375
1515151,-1719.375,1386.875,-774.375
1515162,-1089.375,975.625,-595.0
1515162,-1089.375,975.625,-595.0
1515172,-1198.75,516.25,-660.625
1515172,-1198.75,516.25,-660.625
1515183,-1483.125,-586.25,-665.0
1515183,-1483.125,-586.25,-665.0
1515193,-2213.75,-1290.625,-695.625
1515193,-2213.75,-1290.625,-695.625
1515203,-2769.375,-1470.0,-774.375
1515203,-2769.375,-1470.0,-774.375
1515214,-2380.0,-1540.0,-861.875
1515214,-2380.0,-1540.0,-861.875
1515225,-1509.375,-826.875,-1015.0
1515225,-1509.375,-826.875,-1015.0
1515234,-490.0,-161.875,-1111.25
1515234,-490.0,-161.875,-1111.25
1515245,450.625,4.375,-1036.875
1515245,450.625,4.375,-1036.875
1515254,748.125,-126.875,-1137.5
1515254,748.125,-126.875,-1137.5
1515266,962.5,-555.625,-1067.5
1515266,962.5,-555.625,-1067.5
1515275,822.5,-708.75,-875.0
1515275,822.5,-708.75,-875.0
1515286,43.75,-708.75,-791.875
1515286,43.75,-708.75,-791.875
1515296,-621.25,-1045.625,-621.25
1515296,-621.25,-1045.625,-621.25
1515307,-1268.75,-1369.375,-516.25
1515307,-1268.75,-1369.375,-516.25
1515317,-1557.5,-1566.25,-398.125
1515317,-1557.5,-1566.25,-398.125
1515327,-1386.875,-1483.125,-231.875
1515327,-1386.875,-1483.125,-231.875
1515338,-1106.875,-1168.125,-271.25
1515338,-1106.875,-1168.125,-271.25
1515348,-669.375,-945.0,-306.25
1515348,-669.375,-945.0,-306.25
1515358,-245.0,-621.25,-236.25
1515358,-245.0,-621.25,-236.25
1515369,188.125,-573.125,-201.25
1515369,188.125,-573.125,-201.25
1515380,385.0,-516.25,-131.25
1515380,385.0,-516.25,-131.25
1515389,196.875,-411.25,-161.875
1515389,196.875,-411.25,-161.875
1515399,-455.0,-201.25,-70.0
1515399,-455.0,-201.25,-70.0
1515410,-433.125,-376.25,26.25
1515410,-433.125,-376.25,26.25
1515420,437.5,-336.875,148.75
1515420,437.5,-336.875,148.75
1515430,310.625,336.875,105.0
1515430,310.625,336.875,105.0
1515441,74.375,371.875,262.5
1515441,74.375,371.875,262.5
1515451,-402.5,266.875,420.0
1515451,-402.5,266.875,420.0
1515461,-966.875,48.125,376.25
1515461,-966.875,48.125,376.25
1515472,-1006.25,-131.25,350.0
1515472,-1006.25,-131.25,350.0
1515482,-875.0,91.875,323.75
1515482,-875.0,91.875,323.75
1515492,-481.25,385.0,258.125
1515492,-481.25,385.0,258.125
1515503,-455.0,472.5,196.875
1515503,-455.0,472.5,196.875
1515513,-188.125,490.0,210.0
1515513,-188.125,490.0,210.0
1515523,144.375,13.125,240.625
1515523,144.375,13.125,240.625
1515534,498.75,-393.75,284.375
1515534,498.75,-393.75,284.375
1515544,603.75,-905.625,428.75
1515544,603.75,-905.625,428.75
1515554,503.125,-1391.25,494.375
1515554,503.125,-1391.25,494.375
1515565,26.25,-1535.625,542.5
1515565,26.25,-1535.625,542.5
1515575,-166.25,-1741.25,621.25
1515575,-166.25,-1741.25,621.25
1515585,109.375,-2025.625,599.375
1515585,109.375,-2025.625,599.375
1515596,96.25,-1981.875,481.25
1515596,96.25,-1981.875,481.25
1515606,301.875,-1837.5,406.875
1515606,301.875,-1837.5,406.875
1515616,669.375,-1570.625,345.625
1515616,669.375,-1570.625,345.625
1515626,770.0,-1071.875,367.5
1515626,770.0,-1071.875,367.5
1515637,765.625,-962.5,385.0
1515637,765.625,-962.5,385.0
1515646,573.125,-1050.0,341.25
1515646,573.125,-1050.0,341.25
1515657,323.75,-1251.25,284.375
1515657,323.75,-1251.25,284.375
1515668,476.875,-1636.25,275.625
1515668,476.875,-1636.25,275.625
1515678,551.25,-1815.625,323.75
1515678,551.25,-1815.625,323.75
1515688,393.75,-1706.25,323.75
1515688,393.75,-1706.25,323.75
1515699,240.625,-1623.125,131.25
1515699,240.625,-1623.125,131.25
1515709,328.125,-1395.625,284.375
1515709,328.125,-1395.625,284.375
1515720,345.625,-1071.875,245.0
1515720,345.625,-1071.875,245.0
1515730,503.125,-888.125,336.875
1515730,503.125,-888.125,336.875
1515740,310.625,-568.75,485.625
1515740,310.625,-568.75,485.625
1515750,420.0,-503.125,507.5
1515750,420.0,-503.125,507.5
1515761,319.375,-393.75,564.375
1515761,319.375,-393.75,564.375
1515771,56.875,-306.25,542.5
1515771,56.875,-306.25,542.5
1515781,175.0,-739.375,551.25
1515781,175.0,-739.375,551.25
1515792,148.75,-774.375,538.125
1515792,148.75,-774.375,538.125
1515802,148.75,-822.5,424.375
1515802,148.75,-822.5,424.375
1515812,297.5,-1168.125,306.25
1515812,297.5,-1168.125,306.25
1515823,415.625,-1176.875,284.375
1515823,415.625,-1176.875,284.375
1515833,520.625,-1058.75,266.875
1515833,520.625,-1058.75,266.875
1515843,367.5,-1050.0,192.5
1515843,367.5,-1050.0,192.5
1515853,-118.125,-818.125,188.125
1515853,-118.125,-818.125,188.125
1515864,126.875,-770.0,113.75
1515864,126.875,-770.0,113.75
1515874,354.375,-721.875,-8.75
1515874,354.375,-721.875,-8.75
1515885,516.25,-415.625,-8.75
1515885,516.25,-415.625,-8.75
1515895,56.875,-126.875,-148.75
1515895,56.875,-126.875,-148.75
1515905,-153.125,-717.5,-118.125
1515905,-153.125,-717.5,-118.125
1515916,389.375,-1045.625,-43.75
1515916,389.375,-1045.625,-43.75
1515926,581.875,-634.375,30.625
1515926,581.875,-634.375,30.625
1515936,-415.625,-656.25,-214.375
1515936,-415.625,-656.25,-214.375
1515946,-380.625,-1373.75,-223.125
1515946,-380.625,-1373.75,-223.125
1515957,490.0,-1478.75,-161.875
1515957,490.0,-1478.75,-161.875
1515967,1085.0,-393.75,-153.125
1515967,1085.0,-393.75,-153.125
1515977,765.625,529.375,-218.75
1515977,765.625,529.375,-218.75
1515988,-109.375,669.375,-441.875
1515988,-109.375,669.375,-441.875
1515998,-161.875,183.75,-332.5
1515998,-161.875,183.75,-332.5
1516008,-542.5,-984.375,-26.25
1516008,-542.5,-984.375,-26.25
1516019,-1054.375,-1553.125,231.875
1516019,-1054.375,-1553.125,231.875
1516029,-1487.5,-1710.625,271.25
1516029,-1487.5,-1710.625,271.25
1516039,-1260.0,-1509.375,122.5
1516039,-1260.0,-1509.375,122.5
1516049,-529.375,-1080.625,8.75
1516049,-529.375,-1080.625,8.75
1516060,-13.125,-350.0,-144.375
1516060,-13.125,-350.0,-144.375
1516070,30.625,253.75,-481.25
1516070,30.625,253.75,-481.25
1516081,765.625,-494.375,-437.5
1516081,765.625,-494.375,-437.5
1516091,1159.375,-1063.125,-280.0
1516091,1159.375,-1063.125,-280.0
1516101,1303.75,-1242.5,-131.25
1516101,1303.75,-1242.5,-131.25
1516112,1557.5,-1246.875,-30.625
1516112,1557.5,-1246.875,-30.625
1516122,1513.75,-1220.625,96.25
1516122,1513.75,-1220.625,96.25
1516132,1045.625,-910.0,315.0
1516132,1045.625,-910.0,315.0
1516142,166.25,-511.875,166.25
1516142,166.25,-511.875,166.25
1516153,-354.375,-170.625,262.5
1516153,-354.375,-170.625,262.5
1516163,-376.25,21.875,144.375
1516163,-376.25,21.875,144.375
1516173,236.25,468.125,109.375
1516173,236.25,468.125,109.375
1516184,603.75,971.25,113.75
1516184,603.75,971.25,113.75
1516194,472.5,1308.125,-17.5
1516194,472.5,1308.125,-17.5
1516204,840.0,1373.75,105.0
1516204,840.0,1373.75,105.0
1516215,1163.75,1596.875,100.625
1516215,1163.75,1596.875,100.625
1516225,1220.625,1710.625,210.0
1516225,1220.625,1710.625,210.0
1516235,879.375,1911.875,196.875
1516235,879.375,1911.875,196.875
1516246,665.0,1767.5,214.375
1516246,665.0,1767.5,214.375
1516256,1102.5,1570.625,153.125
1516256,1102.5,1570.625,153.125
1516266,1526.875,1715.0,135.625
1516266,1526.875,1715.0,135.625
1516277,1050.0,1898.75,262.5
1516277,1050.0,1898.75,262.5
1516287,91.875,1701.875,288.75
1516287,91.875,1701.875,288.75
1516297,-367.5,1535.625,157.5
1516297,-367.5,1535.625,157.5
1516306,-188.125,1474.375,144.375
1516306,-188.125,1474.375,144.375
1516318,135.625,1601.25,153.125
1516318,135.625,1601.25,153.125
1516328,520.625,1640.625,113.75
1516328,520.625,1640.625,113.75
1516338,1019.375,1330.0,122.5
1516338,1019.375,1330.0,122.5
1516348,1548.75,1128.75,245.0
1516348,1548.75,1128.75,245.0
1516358,2038.75,962.5,393.75
1516358,2038.75,962.5,393.75
1516369,1828.75,748.125,315.0
1516369,1828.75,748.125,315.0
1516379,1172.5,638.75,91.875
1516379,1172.5,638.75,91.875
1516390,1071.875,161.875,105.0
1516390,1071.875,161.875,105.0
1516400,1207.5,-83.125,48.125
1516400,1207.5,-83.125,48.125
1516411,1491.875,35.0,135.625
1516411,1491.875,35.0,135.625
1516421,1640.625,315.0,126.875
1516421,1640.625,315.0,126.875
1516432,1579.375,367.5,65.625
1516432,1579.375,367.5,65.625
1516442,1513.75,275.625,113.75
1516442,1513.75,275.625,113.75
1516452,1575.0,393.75,96.25
1516452,1575.0,393.75,96.25
1516462,1929.375,568.75,-43.75
1516462,1929.375,568.75,-43.75
1516473,1789.375,962.5,-223.125
1516473,1789.375,962.5,-223.125
1516483,2458.75,1820.0,-297.5
1516483,2458.75,1820.0,-297.5
1516493,2835.0,1080.625,183.75
1516493,2835.0,1080.625,183.75
1516504,1561.875,634.375,48.125
1516504,1561.875,634.375,48.125
1516514,1071.875,682.5,13.125
1516514,1071.875,682.5,13.125
1516524,984.375,564.375,39.375
1516524,984.375,564.375,39.375
1516534,927.5,564.375,-78.75
1516534,927.5,564.375,-78.75
1516545,1465.625,726.25,-266.875
1516545,1465.625,726.25,-266.875
1516555,1820.0,1041.25,-455.0
1516555,1820.0,1041.25,-455.0
1516565,1815.625,1273.125,-354.375
1516565,1815.625,1273.125,-354.375
1516576,1413.125,1238.125,-380.625
1516576,1413.125,1238.125,-380.625
1516586,1255.625,1133.125,-371.875
1516586,1255.625,1133.125,-371.875
1516596,1531.25,940.625,-201.25
1516596,1531.25,940.625,-201.25
1516606,1636.25,1111.25,-100.625
1516606,1636.25,1111.25,-100.625
1516617,1496.25,1400.0,-148.75
1516617,1496.25,1400.0,-148.75
1516628,1233.75,1290.625,-266.875
1516628,1233.75,1290.625,-266.875
1516638,940.625,1111.25,-157.5
1516638,940.625,1111.25,-157.5
1516648,761.25,993.125,-245.0
1516648,761.25,993.125,-245.0
1516658,708.75,643.125,-214.375
1516658,708.75,643.125,-214.375
1516668,700.0,669.375,-258.125
1516668,700.0,669.375,-258.125
1516679,870.625,691.25,-376.25
1516679,870.625,691.25,-376.25
1516689,1102.5,704.375,-315.0
1516689,1102.5,704.375,-315.0
1516700,1260.0,980.0,-310.625
1516700,1260.0,980.0,-310.625
1516710,1417.5,1133.125,-319.375
1516710,1417.5,1133.125,-319.375
1516720,1566.25,1181.25,-323.75
1516720,1566.25,1181.25,-323.75
1516730,1378.125,1273.125,-385.0
1516730,1378.125,1273.125,-385.0
1516741,1321.25,1417.5,-323.75
1516741,1321.25,1417.5,-323.75
1516751,1697.5,1662.5,-205.625
1516751,1697.5,1662.5,-205.625
1516761,1540.0,1680.0,-262.5
1516761,1540.0,1680.0,-262.5
1516772,866.25,953.75,-371.875
1516772,866.25,953.75,-371.875
1516782,805.0,249.375,-227.5
1516782,805.0,249.375,-227.5
1516792,1946.875,538.125,-87.5
1516792,1946.875,538.125,-87.5
1516803,2095.625,1592.5,-218.75
1516803,2095.625,1592.5,-218.75
1516813,936.25,1890.0,-472.5
1516813,936.25,1890.0,-472.5
