1477533,148.75,336.875,-358.75
1477533,148.75,336.875,-358.75
1477544,30.625,175.0,-363.125
1477544,30.625,175.0,-363.125
1477554,-122.5,140.0,-336.875
1477554,-122.5,140.0,-336.875
1477563,4.375,91.875,-196.875
1477563,4.375,91.875,-196.875
1477574,-43.75,61.25,118.125
1477574,-43.75,61.25,118.125
1477585,-61.25,393.75,231.875
1477585,-61.25,393.75,231.875
1477594,-153.125,704.375,144.375
1477594,-153.125,704.375,144.375
1477605,-297.5,700.0,83.125
1477605,-297.5,700.0,83.125
1477616,-608.125,717.5,-35.0
1477616,-608.125,717.5,-35.0
1477626,-612.5,678.125,-30.625
1477626,-612.5,678.125,-30.625
1477636,-525.0,468.125,87.5
1477636,-525.0,468.125,87.5
1477647,-581.875,682.5,17.5
1477647,-581.875,682.5,17.5
1477657,-310.625,511.875,4.375
1477657,-310.625,511.875,4.375
1477667,293.125,332.5,56.875
1477667,293.125,332.5,56.875
1477677,437.5,577.5,-65.625
1477677,437.5,577.5,-65.625
1477688,236.25,993.125,-297.5
1477688,236.25,993.125,-297.5
1477698,26.25,1032.5,-529.375
1477698,26.25,1032.5,-529.375
1477708,21.875,1010.625,-573.125
1477708,21.875,1010.625,-573.125
1477719,113.75,1023.75,-433.125
1477719,113.75,1023.75,-433.125
1477729,-52.5,1085.0,-175.0
1477729,-52.5,1085.0,-175.0
1477740,-140.0,1220.625,-231.875
1477740,-140.0,1220.625,-231.875
1477750,175.0,1548.75,-315.0
1477750,175.0,1548.75,-315.0
1477760,507.5,2021.25,-520.625
1477760,507.5,2021.25,-520.625
1477770,805.0,2170.0,-673.75
1477770,805.0,2170.0,-673.75
1477781,1321.25,2458.75,-844.375
1477781,1321.25,2458.75,-844.375
1477791,1723.75,2738.75,-673.75
1477791,1723.75,2738.75,-673.75
1477801,1876.875,2585.625,-463.75
1477801,1876.875,2585.625,-463.75
1477812,1933.75,2603.125,-463.75
1477812,1933.75,2603.125,-463.75
1477822,1592.5,3959.375,-424.375
1477822,1592.5,3959.375,-424.375
1477832,1277.5,5385.625,-673.75
1477832,1277.5,5385.625,-673.75
1477843,1728.125,6291.25,-1019.375
1477843,1728.125,6291.25,-1019.375
1477853,2310.0,6098.75,-691.25
1477853,2310.0,6098.75,-691.25
1477863,2353.75,6724.375,2625.0
1477863,2353.75,6724.375,2625.0
1477874,113.75,18221.875,4003.125
1477874,113.75,18221.875,4003.125
1477884,2100.0,9047.5,9222.5
1477884,2100.0,9047.5,9222.5
1477894,-498.75,4803.75,15264.375
1477894,-498.75,4803.75,15264.375
1477905,923.125,9607.5,18917.5
1477905,923.125,9607.5,18917.5
1477915,10097.5,1098.125,20606.25
1477915,10097.5,1098.125,20606.25
1477925,9686.25,-3745.0,24381.875
1477925,9686.25,-3745.0,24381.875
1477936,1885.625,-8085.0,25493.125
1477936,1885.625,-8085.0,25493.125
1477946,879.375,-10885.0,27479.375
1477946,879.375,-10885.0,27479.375
1477956,-18151.875,-39515.0,19565.0
1477956,-18151.875,-39515.0,19565.0
1477966,-23568.125,-53567.5,4563.125
1477966,-23568.125,-53567.5,4563.125
1477977,-3346.875,3189.375,11370.625
1477977,-3346.875,3189.375,11370.625
1477987,5411.875,16222.5,15715.0
1477987,5411.875,16222.5,15715.0
1477997,9331.875,1583.75,26162.5
1477997,9331.875,1583.75,26162.5
1478008,7721.875,-275.625,32856.25
1478008,7721.875,-275.625,32856.25
1478018,10421.25,953.75,19460.0
1478018,10421.25,953.75,19460.0
1478028,6680.625,10058.125,6440.0
1478028,6680.625,10058.125,6440.0
1478039,8050.0,13960.625,4571.875
1478039,8050.0,13960.625,4571.875
1478049,8881.25,10075.625,4685.625
1478049,8881.25,10075.625,4685.625
1478059,6313.125,5315.625,4878.125
1478059,6313.125,5315.625,4878.125
1478070,3517.5,538.125,4497.5
1478070,3517.5,538.125,4497.5
1478080,2660.0,-70.0,3062.5
1478080,2660.0,-70.0,3062.5
1478090,2782.5,306.25,1750.0
1478090,2782.5,306.25,1750.0
1478101,3863.125,231.875,551.25
1478101,3863.125,231.875,551.25
1478111,3871.875,-310.625,774.375
1478111,3871.875,-310.625,774.375
1478121,4248.125,-201.25,1010.625
1478121,4248.125,-201.25,1010.625
1478132,3294.375,953.75,643.125
1478132,3294.375,953.75,643.125
1478142,1522.5,1028.125,153.125
1478142,1522.5,1028.125,153.125
1478151,993.125,446.25,0.0
1478151,993.125,446.25,0.0
1478163,1911.875,201.25,-603.75
1478163,1911.875,201.25,-603.75
1478173,2607.5,140.0,-840.0
1478173,2607.5,140.0,-840.0
1478183,1085.0,-345.625,-525.0
1478183,1085.0,-345.625,-525.0
1478193,2130.625,214.375,-1071.875
1478193,2130.625,214.375,-1071.875
1478204,2231.25,188.125,-1386.875
1478204,2231.25,188.125,-1386.875
1478214,2835.0,-17.5,-1194.375
1478214,2835.0,-17.5,-1194.375
1478224,3780.0,1216.25,-603.75
1478224,3780.0,1216.25,-603.75
1478235,3806.25,2747.5,306.25
1478235,3806.25,2747.5,306.25
1478245,4335.625,4221.875,1391.25
1478245,4335.625,4221.875,1391.25
1478255,3574.375,4725.0,1421.875
1478255,3574.375,4725.0,1421.875
1478266,2891.875,4865.0,1032.5
1478266,2891.875,4865.0,1032.5
1478276,3237.5,3950.625,809.375
1478276,3237.5,3950.625,809.375
1478287,4558.75,2467.5,840.0
1478287,4558.75,2467.5,840.0
1478297,4383.75,1732.5,848.75
1478297,4383.75,1732.5,848.75
1478307,4353.125,1382.5,56.875
1478307,4353.125,1382.5,56.875
1478317,5083.75,1019.375,-315.0
1478317,5083.75,1019.375,-315.0
1478328,5153.75,-358.75,214.375
1478328,5153.75,-358.75,214.375
1478338,4965.625,-13.125,35.0
1478338,4965.625,-13.125,35.0
1478348,2843.75,700.0,-643.125
1478348,2843.75,700.0,-643.125
1478359,748.125,105.0,-1185.625
1478359,748.125,105.0,-1185.625
1478369,595.0,-665.0,-1146.25
1478369,595.0,-665.0,-1146.25
1478379,914.375,529.375,-476.875
1478379,914.375,529.375,-476.875
1478389,1526.875,3491.25,-1780.625
1478389,1526.875,3491.25,-1780.625
1478400,1876.875,4698.75,-1885.625
1478400,1876.875,4698.75,-1885.625
1478410,997.5,5534.375,-1592.5
1478410,997.5,5534.375,-1592.5
1478419,-122.5,6343.75,-1111.25
1478419,-122.5,6343.75,-1111.25
1478431,-2257.5,6461.875,-253.75
1478431,-2257.5,6461.875,-253.75
1478441,-3430.0,6203.75,-310.625
1478441,-3430.0,6203.75,-310.625
1478451,-2948.75,5705.0,100.625
1478451,-2948.75,5705.0,100.625
1478461,-1426.25,6685.0,1850.625
1478461,-1426.25,6685.0,1850.625
1478472,65.625,6339.375,3408.125
1478472,65.625,6339.375,3408.125
1478483,2205.0,3346.875,3364.375
1478483,2205.0,3346.875,3364.375
1478493,-743.75,1347.5,1439.375
1478493,-743.75,1347.5,1439.375
1478503,-6256.25,-1133.125,-997.5
1478503,-6256.25,-1133.125,-997.5
1478513,-7735.0,-2323.125,-1911.875
1478513,-7735.0,-2323.125,-1911.875
1478524,-8990.625,-949.375,-2970.625
1478524,-8990.625,-949.375,-2970.625
1478534,-12565.0,892.5,-3215.625
1478534,-12565.0,892.5,-3215.625
1478544,-15916.25,621.25,-2454.375
1478544,-15916.25,621.25,-2454.375
1478555,-20768.125,-3176.25,-231.875
1478555,-20768.125,-3176.25,-231.875
1478565,-23751.875,-12398.75,-96.25
1478565,-23751.875,-12398.75,-96.25
1478575,-28157.5,-17850.0,-3666.25
1478575,-28157.5,-17850.0,-3666.25
1478584,-28783.125,-14345.625,-6216.875
1478584,-28783.125,-14345.625,-6216.875
1478596,-26783.75,-9065.0,-5140.625
1478596,-26783.75,-9065.0,-5140.625
1478606,-22767.5,-11900.0,-2283.75
1478606,-22767.5,-11900.0,-2283.75
1478616,-17163.125,-18698.75,-393.75
1478616,-17163.125,-18698.75,-393.75
1478627,-12901.875,-21148.75,2113.125
1478627,-12901.875,-21148.75,2113.125
1478637,-8251.25,-18729.375,7577.5
1478637,-8251.25,-18729.375,7577.5
1478647,1421.875,-12954.375,11571.875
1478647,1421.875,-12954.375,11571.875
1478658,10189.375,-6391.875,9323.125
1478658,10189.375,-6391.875,9323.125
1478668,16021.25,15666.875,4449.375
1478668,16021.25,15666.875,4449.375
1478679,21533.75,45215.625,7017.5
1478679,21533.75,45215.625,7017.5
1478688,26455.625,71334.375,6138.125
1478688,26455.625,71334.375,6138.125
1478699,30139.375,92365.0,5691.875
1478699,30139.375,92365.0,5691.875
1478709,27733.125,95961.25,4865.0
1478709,27733.125,95961.25,4865.0
1478720,15579.375,76899.375,2410.625
1478720,15579.375,76899.375,2410.625
1478730,-2388.75,50413.125,2686.25
1478730,-2388.75,50413.125,2686.25
1478740,-11891.25,24815.0,4698.75
1478740,-11891.25,24815.0,4698.75
1478750,-21713.125,-507.5,2244.375
1478750,-21713.125,-507.5,2244.375
1478761,-25151.875,-18427.5,1303.75
1478761,-25151.875,-18427.5,1303.75
1478771,-23690.625,-26827.5,61.25
1478771,-23690.625,-26827.5,61.25
1478782,-24071.25,-40131.875,-3456.25
1478782,-24071.25,-40131.875,-3456.25
1478792,-24294.375,-47573.75,-5285.0
1478792,-24294.375,-47573.75,-5285.0
1478802,-22264.375,-48059.375,-2673.125
1478802,-22264.375,-48059.375,-2673.125
1478812,-21297.5,-43916.25,-328.125
1478812,-21297.5,-43916.25,-328.125
1478823,-17920.0,-37738.75,1465.625
1478823,-17920.0,-37738.75,1465.625
1478834,-10631.25,-29868.125,3815.0
1478834,-10631.25,-29868.125,3815.0
1478843,-2852.5,-21293.125,4948.125
1478843,-2852.5,-21293.125,4948.125
1478854,1933.75,-11996.25,4659.375
1478854,1933.75,-11996.25,4659.375
1478864,5096.875,-590.625,4410.0
1478864,5096.875,-590.625,4410.0
1478875,6383.125,9095.625,2699.375
1478875,6383.125,9095.625,2699.375
1478885,4703.125,17539.375,2712.5
1478885,4703.125,17539.375,2712.5
1478895,3403.75,21503.125,3670.625
1478895,3403.75,21503.125,3670.625
1478905,2021.25,22671.25,4108.125
1478905,2021.25,22671.25,4108.125
1478916,-8.75,21927.5,3828.125
1478916,-8.75,21927.5,3828.125
1478926,-1763.125,18663.75,3578.75
1478926,-1763.125,18663.75,3578.75
1478936,-2397.5,13960.625,2835.0
1478936,-2397.5,13960.625,2835.0
1478947,-2699.375,8776.25,2305.625
1478947,-2699.375,8776.25,2305.625
1478957,-3416.875,3517.5,2331.875
1478957,-3416.875,3517.5,2331.875
1478967,-4935.0,-997.5,1907.5
1478967,-4935.0,-997.5,1907.5
1478978,-4383.75,-3758.125,1452.5
1478978,-4383.75,-3758.125,1452.5
1478989,-2419.375,-5140.625,1391.25
1478989,-2419.375,-5140.625,1391.25
1478998,-616.875,-4637.5,980.0
1478998,-616.875,-4637.5,980.0
1479009,1592.5,-3885.0,651.875
1479009,1592.5,-3885.0,651.875
1479019,3451.875,-4182.5,437.5
1479019,3451.875,-4182.5,437.5
1479029,4243.75,-5162.5,91.875
1479029,4243.75,-5162.5,91.875
1479039,4865.0,-6374.375,-161.875
1479039,4865.0,-6374.375,-161.875
1479050,5026.875,-7748.125,-441.875
1479050,5026.875,-7748.125,-441.875
1479060,5407.5,-8925.0,-770.0
1479060,5407.5,-8925.0,-770.0
1479071,5678.75,-9152.5,-1032.5
1479071,5678.75,-9152.5,-1032.5
1479081,5092.5,-8929.375,-1216.25
1479081,5092.5,-8929.375,-1216.25
1479091,3797.5,-9178.75,-1343.125
1479091,3797.5,-9178.75,-1343.125
1479101,2747.5,-10128.125,-1198.75
1479101,2747.5,-10128.125,-1198.75
1479112,1579.375,-10399.375,-1093.75
1479112,1579.375,-10399.375,-1093.75
1479122,1076.25,-10119.375,-1198.75
1479122,1076.25,-10119.375,-1198.75
1479132,1448.125,-9905.0,-1277.5
1479132,1448.125,-9905.0,-1277.5
1479143,1500.625,-8601.25,-997.5
1479143,1500.625,-8601.25,-997.5
1479153,953.75,-6606.25,-787.5
1479153,953.75,-6606.25,-787.5
1479163,503.125,-5578.125,-726.25
1479163,503.125,-5578.125,-726.25
1479174,398.125,-4913.125,-433.125
1479174,398.125,-4913.125,-433.125
1479185,498.75,-3736.25,56.875
1479185,498.75,-3736.25,56.875
1479194,463.75,-2283.75,490.0
1479194,463.75,-2283.75,490.0
1479205,538.125,-1316.875,695.625
1479205,538.125,-1316.875,695.625
1479215,695.625,-713.125,778.75
1479215,695.625,-713.125,778.75
1479225,586.25,4.375,1220.625
1479225,586.25,4.375,1220.625
1479235,-87.5,988.75,1566.25
1479235,-87.5,988.75,1566.25
1479246,-581.875,1006.25,1806.875
1479246,-581.875,1006.25,1806.875
1479256,-962.5,455.0,1933.75
1479256,-962.5,455.0,1933.75
1479266,-1133.125,218.75,1846.25
1479266,-1133.125,218.75,1846.25
1479277,-695.625,-179.375,1846.25
1479277,-695.625,-179.375,1846.25
1479287,-258.125,-280.0,1907.5
1479287,-258.125,-280.0,1907.5
1479298,-61.25,-218.75,1763.125
1479298,-61.25,-218.75,1763.125
1479308,223.125,-599.375,1697.5
1479308,223.125,-599.375,1697.5
1479318,363.125,-940.625,1592.5
1479318,363.125,-940.625,1592.5
1479329,-153.125,-1308.125,1378.125
1479329,-153.125,-1308.125,1378.125
1479339,-665.0,-2121.875,1268.75
1479339,-665.0,-2121.875,1268.75
1479349,-1505.0,-2913.75,1159.375
1479349,-1505.0,-2913.75,1159.375
1479359,-1942.5,-3373.125,988.75
1479359,-1942.5,-3373.125,988.75
1479370,-1255.625,-3460.625,984.375
1479370,-1255.625,-3460.625,984.375
1479380,-844.375,-2935.625,756.875
1479380,-844.375,-2935.625,756.875
1479390,-96.25,-2485.0,393.75
1479390,-96.25,-2485.0,393.75
1479401,1601.25,-2366.875,271.25
1479401,1601.25,-2366.875,271.25
1479411,2270.625,-1465.625,472.5
1479411,2270.625,-1465.625,472.5
1479421,1500.625,-813.75,686.875
1479421,1500.625,-813.75,686.875
1479431,787.5,-1351.875,708.75
1479431,787.5,-1351.875,708.75
1479442,730.625,-1894.375,752.5
1479442,730.625,-1894.375,752.5
1479452,1190.0,-2296.875,997.5
1479452,1190.0,-2296.875,997.5
1479462,1400.0,-2323.125,1010.625
1479462,1400.0,-2323.125,1010.625
1479473,1286.25,-2590.0,1137.5
1479473,1286.25,-2590.0,1137.5
1479483,704.375,-2830.625,1207.5
1479483,704.375,-2830.625,1207.5
1479494,323.75,-2786.875,1216.25
1479494,323.75,-2786.875,1216.25
1479504,931.875,-2712.5,1325.625
1479504,931.875,-2712.5,1325.625
1479514,1618.75,-2445.625,1408.75
1479514,1618.75,-2445.625,1408.75
1479524,2078.125,-2121.875,1435.0
1479524,2078.125,-2121.875,1435.0
1479535,2926.875,-2301.25,1456.875
1479535,2926.875,-2301.25,1456.875
1479545,3228.75,-2730.0,1373.75
1479545,3228.75,-2730.0,1373.75
1479555,3150.0,-2944.375,1128.75
1479555,3150.0,-2944.375,1128.75
1479566,2905.0,-2983.75,1421.875
1479566,2905.0,-2983.75,1421.875
1479576,1426.25,-3718.75,1522.5
1479576,1426.25,-3718.75,1522.5
1479586,-48.125,-4528.125,1828.75
1479586,-48.125,-4528.125,1828.75
1479597,-1378.125,-4773.125,2056.25
1479597,-1378.125,-4773.125,2056.25
1479607,-2135.0,-4427.5,1990.625
1479607,-2135.0,-4427.5,1990.625
1479617,-1706.25,-3631.25,1995.0
1479617,-1706.25,-3631.25,1995.0
1479628,-1303.75,-1855.0,1666.875
1479628,-1303.75,-1855.0,1666.875
1479638,-560.0,-581.875,1483.125
1479638,-560.0,-581.875,1483.125
1479647,26.25,78.75,1277.5
1479647,26.25,78.75,1277.5
1479659,170.625,380.625,1233.75
1479659,170.625,380.625,1233.75
1479669,74.375,87.5,1290.625
1479669,74.375,87.5,1290.625
1479679,-529.375,-96.25,1277.5
1479679,-529.375,-96.25,1277.5
1479690,-726.25,-450.625,1242.5
1479690,-726.25,-450.625,1242.5
1479700,-131.25,-608.125,1347.5
1479700,-131.25,-608.125,1347.5
1479710,113.75,-118.125,1268.75
1479710,113.75,-118.125,1268.75
1479720,21.875,-26.25,1211.875
1479720,21.875,-26.25,1211.875
1479731,35.0,-573.125,1159.375
1479731,35.0,-573.125,1159.375
1479741,-581.875,-1198.75,1141.875
1479741,-581.875,-1198.75,1141.875
1479751,-1063.125,-1754.375,1220.625
1479751,-1063.125,-1754.375,1220.625
1479762,-1036.875,-2187.5,1168.125
1479762,-1036.875,-2187.5,1168.125
1479772,-896.875,-2305.625,966.875
1479772,-896.875,-2305.625,966.875
1479782,-223.125,-2270.625,774.375
1479782,-223.125,-2270.625,774.375
1479792,630.0,-1798.125,490.0
1479792,630.0,-1798.125,490.0
1479803,1058.75,-1080.625,170.625
1479803,1058.75,-1080.625,170.625
1479813,1338.75,-770.0,-21.875
1479813,1338.75,-770.0,-21.875
1479824,1623.125,-1137.5,-48.125
1479824,1623.125,-1137.5,-48.125
1479834,1351.875,-1163.75,-271.25
1479834,1351.875,-1163.75,-271.25
1479844,1181.25,-1400.0,-284.375
1479844,1181.25,-1400.0,-284.375
1479854,813.75,-1540.0,-231.875
1479854,813.75,-1540.0,-231.875
1479865,555.625,-1526.875,-288.75
1479865,555.625,-1526.875,-288.75
1479875,507.5,-1592.5,-240.625
1479875,507.5,-1592.5,-240.625
1479886,310.625,-1286.25,-91.875
1479886,310.625,-1286.25,-91.875
1479896,26.25,-743.75,-293.125
1479896,26.25,-743.75,-293.125
1479906,-21.875,-647.5,-227.5
1479906,-21.875,-647.5,-227.5
1479917,-428.75,-726.25,-319.375
1479917,-428.75,-726.25,-319.375
1479927,-345.625,-879.375,-262.5
1479927,-345.625,-879.375,-262.5
1479937,-625.625,-866.25,-35.0
1479937,-625.625,-866.25,-35.0
1479947,-1190.0,-542.5,-21.875
1479947,-1190.0,-542.5,-21.875
1479958,-962.5,-481.25,-144.375
1479958,-962.5,-481.25,-144.375
1479968,-616.875,-428.75,-153.125
1479968,-616.875,-428.75,-153.125
1479978,-494.375,-96.25,-109.375
1479978,-494.375,-96.25,-109.375
1479989,-437.5,210.0,-192.5
1479989,-437.5,210.0,-192.5
1479999,-310.625,65.625,-231.875
1479999,-310.625,65.625,-231.875
1480009,-210.0,-301.875,-144.375
1480009,-210.0,-301.875,-144.375
1480020,-266.875,-774.375,-236.25
1480020,-266.875,-774.375,-236.25
1480030,-275.625,-1028.125,-275.625
1480030,-275.625,-1028.125,-275.625
1480041,-310.625,-1128.75,-183.75
1480041,-310.625,-1128.75,-183.75
1480051,-476.875,-1242.5,-21.875
1480051,-476.875,-1242.5,-21.875
1480061,-511.875,-1181.25,48.125
1480061,-511.875,-1181.25,48.125
1480071,-245.0,-1032.5,-56.875
1480071,-245.0,-1032.5,-56.875
1480082,8.75,-826.875,-87.5
1480082,8.75,-826.875,-87.5
1480092,0.0,-507.5,-240.625
1480092,0.0,-507.5,-240.625
1480102,131.25,-525.0,-293.125
1480102,131.25,-525.0,-293.125
1480113,590.625,-577.5,-249.375
1480113,590.625,-577.5,-249.375
1480123,428.75,-371.875,-170.625
1480123,428.75,-371.875,-170.625
1480133,-490.0,-490.0,-135.625
1480133,-490.0,-490.0,-135.625
1480143,-708.75,-717.5,122.5
1480143,-708.75,-717.5,122.5
1480154,-245.0,-389.375,245.0
1480154,-245.0,-389.375,245.0
1480164,-131.25,-354.375,-52.5
1480164,-131.25,-354.375,-52.5
1480175,415.625,-586.25,-192.5
1480175,415.625,-586.25,-192.5
1480185,1474.375,-1015.0,-223.125
1480185,1474.375,-1015.0,-223.125
1480196,2038.75,-835.625,-205.625
1480196,2038.75,-835.625,-205.625
1480205,1719.375,-389.375,-39.375
1480205,1719.375,-389.375,-39.375
1480216,1063.125,-599.375,249.375
1480216,1063.125,-599.375,249.375
1480226,1102.5,-1063.125,393.75
1480226,1102.5,-1063.125,393.75
1480237,1360.625,-1146.25,529.375
1480237,1360.625,-1146.25,529.375
1480247,1277.5,-984.375,980.0
1480247,1277.5,-984.375,980.0
1480257,516.25,-962.5,1273.125
1480257,516.25,-962.5,1273.125
1480267,-245.0,-1491.875,1168.125
1480267,-245.0,-1491.875,1168.125
1480278,-245.0,-2270.625,350.0
1480278,-245.0,-2270.625,350.0
1480288,-901.25,-3080.0,993.125
1480288,-901.25,-3080.0,993.125
1480298,-1942.5,-1330.0,743.75
1480298,-1942.5,-1330.0,743.75
1480309,-275.625,-437.5,791.875
1480309,-275.625,-437.5,791.875
1480319,459.375,-634.375,573.125
1480319,459.375,-634.375,573.125
1480329,638.75,-1356.25,284.375
1480329,638.75,-1356.25,284.375
1480340,774.375,-1977.5,266.875
1480340,774.375,-1977.5,266.875
1480350,105.0,-2030.0,350.0
1480350,105.0,-2030.0,350.0
1480360,-721.875,-1850.625,433.125
1480360,-721.875,-1850.625,433.125
1480371,-1395.625,-1697.5,564.375
1480371,-1395.625,-1697.5,564.375
1480381,-1649.375,-1693.125,660.625
1480381,-1649.375,-1693.125,660.625
1480392,-1688.75,-1338.75,678.125
1480392,-1688.75,-1338.75,678.125
1480401,-1373.75,-809.375,809.375
1480401,-1373.75,-809.375,809.375
1480412,-1198.75,-201.25,568.75
1480412,-1198.75,-201.25,568.75
1480422,-590.625,-43.75,455.0
1480422,-590.625,-43.75,455.0
1480432,-205.625,310.625,315.0
1480432,-205.625,310.625,315.0
1480443,341.25,573.125,236.25
1480443,341.25,573.125,236.25
1480453,809.375,660.625,315.0
1480453,809.375,660.625,315.0
1480463,424.375,686.875,380.625
1480463,424.375,686.875,380.625
1480474,437.5,288.75,411.25
1480474,437.5,288.75,411.25
1480484,831.25,-17.5,336.875
1480484,831.25,-17.5,336.875
1480494,1225.0,175.0,192.5
1480494,1225.0,175.0,192.5
1480505,1465.625,332.5,249.375
1480505,1465.625,332.5,249.375
1480515,1211.875,166.25,371.875
1480515,1211.875,166.25,371.875
1480525,1023.75,205.625,472.5
1480525,1023.75,205.625,472.5
1480536,980.0,288.75,380.625
1480536,980.0,288.75,380.625
1480547,1159.375,735.0,463.75
1480547,1159.375,735.0,463.75
1480556,1540.0,1067.5,542.5
1480556,1540.0,1067.5,542.5
1480566,1859.375,1478.75,402.5
1480566,1859.375,1478.75,402.5
1480577,2380.0,1540.0,450.625
1480577,2380.0,1540.0,450.625
