1521314,-35.0,4.375,-148.75
1521314,-35.0,4.375,-148.75
1521324,35.0,-13.125,-157.5
1521324,35.0,-13.125,-157.5
1521475,-26.25,-8.75,-83.125
1521475,-26.25,-8.75,-83.125
1521485,-43.75,13.125,-74.375
1521485,-43.75,13.125,-74.375
1521636,4.375,-39.375,-17.5
1521636,4.375,-39.375,-17.5
1521647,-39.375,-35.0,0.0
1521647,-39.375,-35.0,0.0
1521798,65.625,-39.375,310.625
1521798,65.625,-39.375,310.625
1521808,52.5,-43.75,323.75
1521808,52.5,-43.75,323.75
1521960,721.875,-30.625,1242.5
1521960,721.875,-30.625,1242.5
1521970,809.375,-21.875,1233.75
1521970,809.375,-21.875,1233.75
1522040,1627.5,-297.5,2371.25
1522040,1627.5,-297.5,2371.25
1522051,2078.125,-306.25,2366.875
1522051,2078.125,-306.25,2366.875
1522141,3723.125,-140.0,3556.875
1522141,3723.125,-140.0,3556.875
1522151,3062.5,-214.375,3447.5
1522151,3062.5,-214.375,3447.5
1522303,-11742.5,9108.75,-2226.875
1522303,-11742.5,9108.75,-2226.875
1522313,-13645.625,6711.25,-2795.625
1522313,-13645.625,6711.25,-2795.625
1522464,-15032.5,323.75,-10005.625
1522464,-15032.5,323.75,-10005.625
1522474,-15430.625,-1045.625,-10871.875
1522474,-15430.625,-1045.625,-10871.875
1522626,-1268.75,-15723.75,-2931.25
1522626,-1268.75,-15723.75,-2931.25
1522636,-459.375,-15168.125,-2918.125
1522636,-459.375,-15168.125,-2918.125
1522787,22281.875,24854.375,8395.625
1522787,22281.875,24854.375,8395.625
1522797,21175.0,18230.625,4348.75
1522797,21175.0,18230.625,4348.75
1522949,-83.125,1627.5,730.625
1522949,-83.125,1627.5,730.625
1522959,958.125,2165.625,21.875
1522959,958.125,2165.625,21.875
1523120,-91.875,-511.875,-765.625
1523120,-91.875,-511.875,-765.625
1523130,105.0,-323.75,-945.0
1523130,105.0,-323.75,-945.0
1523282,-13.125,52.5,-446.25
1523282,-13.125,52.5,-446.25
1523291,-161.875,8.75,-538.125
1523291,-161.875,8.75,-538.125
1523443,166.25,-100.625,-157.5
1523443,166.25,-100.625,-157.5
1523453,201.25,-118.125,-153.125
1523453,201.25,-118.125,-153.125
1523604,350.0,-376.25,-91.875
1523604,350.0,-376.25,-91.875
1523615,240.625,-336.875,-105.0
1523615,240.625,-336.875,-105.0
1523766,-105.0,-74.375,-962.5
1523766,-105.0,-74.375,-962.5
1523776,-48.125,-118.125,-708.75
1523776,-48.125,-118.125,-708.75
1524089,-43.75,70.0,201.25
1524089,-43.75,70.0,201.25
1524099,-83.125,43.75,227.5
1524099,-83.125,43.75,227.5
1524250,-122.5,-91.875,65.625
1524250,-122.5,-91.875,65.625
1524261,-131.25,-96.25,118.125
1524261,-131.25,-96.25,118.125
