1503209,-83.125,0.0,-13.125
1503209,-83.125,0.0,-13.125
1503219,-43.75,13.125,-26.25
1503219,-43.75,13.125,-26.25
1503370,-17.5,4.375,-26.25
1503370,-17.5,4.375,-26.25
1503380,-21.875,-8.75,-30.625
1503380,-21.875,-8.75,-30.625
1503471,-35.0,-8.75,-21.875
1503471,-35.0,-8.75,-21.875
1503481,-61.25,-17.5,-17.5
1503481,-61.25,-17.5,-17.5
1503633,-26.25,0.0,48.125
1503633,-26.25,0.0,48.125
1503643,0.0,-8.75,35.0
1503643,0.0,-8.75,35.0
1503794,-43.75,-13.125,-30.625
1503794,-43.75,-13.125,-30.625
1503804,-61.25,-4.375,-26.25
1503804,-61.25,-4.375,-26.25
1503956,-35.0,-17.5,-30.625
1503956,-35.0,-17.5,-30.625
1503966,-30.625,-8.75,-21.875
1503966,-30.625,-8.75,-21.875
1504117,-56.875,8.75,-8.75
1504117,-56.875,8.75,-8.75
1504127,-43.75,17.5,-13.125
1504127,-43.75,17.5,-13.125
1504279,-8.75,-17.5,-17.5
1504279,-8.75,-17.5,-17.5
1504289,13.125,-17.5,-13.125
1504289,13.125,-17.5,-13.125
1504431,21.875,21.875,-30.625
1504431,21.875,21.875,-30.625
1504440,21.875,-8.75,-30.625
1504440,21.875,-8.75,-30.625
1504592,297.5,-131.25,468.125
1504592,297.5,-131.25,468.125
1504601,231.875,-157.5,590.625
1504601,231.875,-157.5,590.625
1504652,-48.125,-236.25,1426.25
1504652,-48.125,-236.25,1426.25
1504662,179.375,-446.25,1513.75
1504662,179.375,-446.25,1513.75
1504814,-3123.75,70.0,109.375
1504814,-3123.75,70.0,109.375
1504824,-3259.375,-284.375,-201.25
1504824,-3259.375,-284.375,-201.25
1504975,-16988.125,2432.5,-9620.625
1504975,-16988.125,2432.5,-9620.625
1504985,-16721.25,1596.875,-10399.375
1504985,-16721.25,1596.875,-10399.375
1505056,-16555.0,-2620.625,-15137.5
1505056,-16555.0,-2620.625,-15137.5
1505066,-16463.125,-2668.75,-15334.375
1505066,-16463.125,-2668.75,-15334.375
1505217,-8653.75,643.125,-2568.125
1505217,-8653.75,643.125,-2568.125
1505227,-6746.25,3968.125,463.75
1505227,-6746.25,3968.125,463.75
1505379,16091.25,11235.0,7739.375
1505379,16091.25,11235.0,7739.375
1505389,11186.875,7455.0,4611.25
1505389,11186.875,7455.0,4611.25
1505540,-511.875,1120.0,437.5
1505540,-511.875,1120.0,437.5
1505550,-525.0,1185.625,166.25
1505550,-525.0,1185.625,166.25
1505702,-306.25,78.75,-297.5
1505702,-306.25,78.75,-297.5
1505712,-883.75,538.125,113.75
1505712,-883.75,538.125,113.75
1505863,-848.75,253.75,-358.75
1505863,-848.75,253.75,-358.75
1505873,-678.125,175.0,-472.5
1505873,-678.125,175.0,-472.5
