1512262,4.375,-26.25,0.0
1512262,4.375,-26.25,0.0
1512271,-35.0,-8.75,17.5
1512271,-35.0,-8.75,17.5
1512423,52.5,-4.375,-21.875
1512423,52.5,-4.375,-21.875
1512433,105.0,-17.5,-48.125
1512433,105.0,-17.5,-48.125
1512584,-56.875,8.75,-30.625
1512584,-56.875,8.75,-30.625
1512594,-43.75,0.0,-30.625
1512594,-43.75,0.0,-30.625
1512746,-8.75,-21.875,-61.25
1512746,-8.75,-21.875,-61.25
1512756,-13.125,-8.75,-48.125
1512756,-13.125,-8.75,-48.125
1512907,-4.375,-4.375,-21.875
1512907,-4.375,-4.375,-21.875
1512917,-30.625,0.0,-21.875
1512917,-30.625,0.0,-21.875
1513068,-8.75,17.5,0.0
1513068,-8.75,17.5,0.0
1513079,-61.25,26.25,-13.125
1513079,-61.25,26.25,-13.125
1513230,678.125,-30.625,840.0
1513230,678.125,-30.625,840.0
1513240,380.625,56.875,1019.375
1513240,380.625,56.875,1019.375
1513392,1150.625,564.375,-2196.25
1513392,1150.625,564.375,-2196.25
1513402,-945.0,463.75,-2935.625
1513402,-945.0,463.75,-2935.625
1513553,-10657.5,5171.25,52.5
1513553,-10657.5,5171.25,52.5
1513563,-11711.875,5591.25,144.375
1513563,-11711.875,5591.25,144.375
1513593,-11313.75,1190.0,-2533.125
1513593,-11313.75,1190.0,-2533.125
1513604,-9642.5,485.625,-3788.75
1513604,-9642.5,485.625,-3788.75
1513765,-7975.625,-4860.625,-12066.25
1513765,-7975.625,-4860.625,-12066.25
1513775,-6750.625,-6120.625,-12407.5
1513775,-6750.625,-6120.625,-12407.5
1513926,5258.75,-5967.5,-1592.5
1513926,5258.75,-5967.5,-1592.5
1513937,9638.125,-4921.875,3478.125
1513937,9638.125,-4921.875,3478.125
1514088,17228.75,13916.875,-328.125
1514088,17228.75,13916.875,-328.125
1514098,13781.25,8181.25,-1378.125
1514098,13781.25,8181.25,-1378.125
1514249,-1885.625,516.25,-752.5
1514249,-1885.625,516.25,-752.5
1514260,-665.0,411.25,-1128.75
1514260,-665.0,411.25,-1128.75
1514411,-148.75,-980.0,-345.625
1514411,-148.75,-980.0,-345.625
1514421,61.25,-1036.875,-297.5
1514421,61.25,-1036.875,-297.5
1514572,-301.875,-227.5,376.25
1514572,-301.875,-227.5,376.25
1514583,-253.75,-236.25,188.125
1514583,-253.75,-236.25,188.125
1514734,-56.875,227.5,166.25
1514734,-56.875,227.5,166.25
1514744,-113.75,245.0,406.875
1514744,-113.75,245.0,406.875
1514895,-4.375,-328.125,-135.625
1514895,-4.375,-328.125,-135.625
1514905,48.125,-262.5,-245.0
1514905,48.125,-262.5,-245.0
1515057,-126.875,-100.625,-13.125
1515057,-126.875,-100.625,-13.125
1515067,-70.0,-188.125,-43.75
1515067,-70.0,-188.125,-43.75
