1494024,8.75,-26.25,-35.0
1494024,8.75,-26.25,-35.0
1494035,4.375,-21.875,-35.0
1494035,4.375,-21.875,-35.0
1494187,-17.5,-13.125,-65.625
1494187,-17.5,-13.125,-65.625
1494197,13.125,-39.375,-78.75
1494197,13.125,-39.375,-78.75
1494348,-118.125,-4.375,13.125
1494348,-118.125,-4.375,13.125
1494358,-113.75,0.0,8.75
1494358,-113.75,0.0,8.75
1494509,-43.75,0.0,26.25
1494509,-43.75,0.0,26.25
1494520,-43.75,-13.125,21.875
1494520,-43.75,-13.125,21.875
1494672,-43.75,-13.125,-4.375
1494672,-43.75,-13.125,-4.375
1494681,-35.0,-13.125,0.0
1494681,-35.0,-13.125,0.0
1494833,-39.375,-21.875,-13.125
1494833,-39.375,-21.875,-13.125
1494843,-35.0,-17.5,-8.75
1494843,-35.0,-17.5,-8.75
1494994,-30.625,-4.375,-48.125
1494994,-30.625,-4.375,-48.125
1495004,-13.125,-17.5,-35.0
1495004,-13.125,-17.5,-35.0
1495156,-8.75,-61.25,-13.125
1495156,-8.75,-61.25,-13.125
1495165,-52.5,-48.125,-4.375
1495165,-52.5,-48.125,-4.375
1495317,-56.875,-4.375,8.75
1495317,-56.875,-4.375,8.75
1495327,-35.0,-8.75,17.5
1495327,-35.0,-8.75,17.5
1495479,39.375,-26.25,-56.875
1495479,39.375,-26.25,-56.875
1495489,48.125,-26.25,-61.25
1495489,48.125,-26.25,-61.25
1495640,-17.5,0.0,-65.625
1495640,-17.5,0.0,-65.625
1495650,-4.375,-4.375,-56.875
1495650,-4.375,-4.375,-56.875
1495801,323.75,-135.625,-122.5
1495801,323.75,-135.625,-122.5
1495812,385.0,-166.25,-131.25
1495812,385.0,-166.25,-131.25
1495963,6641.25,-3154.375,2712.5
1495963,6641.25,-3154.375,2712.5
1495973,441.875,761.25,2607.5
1495973,441.875,761.25,2607.5
1496124,-5140.625,12350.625,-17233.125
1496124,-5140.625,12350.625,-17233.125
1496134,170.625,4361.875,-21323.75
1496134,170.625,4361.875,-21323.75
1496306,-18965.625,-6426.875,-20291.25
1496306,-18965.625,-6426.875,-20291.25
1496457,-7350.0,-7756.875,-10780.0
1496457,-7350.0,-7756.875,-10780.0
1496468,-7205.625,-5512.5,-7643.125
1496468,-7205.625,-5512.5,-7643.125
1496609,33836.25,26980.625,26543.125
1496609,33836.25,26980.625,26543.125
1496619,29522.5,21280.0,15308.125
1496619,29522.5,21280.0,15308.125
1496629,22548.75,12166.875,8093.75
1496629,22548.75,12166.875,8093.75
1496770,485.625,595.0,-1054.375
1496770,485.625,595.0,-1054.375
1496780,805.0,315.0,-966.875
1496780,805.0,315.0,-966.875
1496932,1050.0,-109.375,-13.125
1496932,1050.0,-109.375,-13.125
1496942,695.625,-227.5,161.875
1496942,695.625,-227.5,161.875
