1521318,-351.5625,703.125,640.625,-179.6875,-750.0,687.5,148.4375,-882.8125,476.5625,414.0625,-890.625,187.5,460.9375,-859.375,218.75
1521318,-351.5625,703.125,640.625,-179.6875,-750.0,687.5,148.4375,-882.8125,476.5625,414.0625,-890.625,187.5,460.9375,-859.375,218.75
1521318,-351.5625,703.125,632.8125,-164.0625,-750.0,679.6875,148.4375,-882.8125,468.75,414.0625,-882.8125,179.6875,460.9375,-867.1875,203.125
1521318,-351.5625,703.125,632.8125,-164.0625,-750.0,679.6875,148.4375,-882.8125,468.75,414.0625,-882.8125,179.6875,460.9375,-867.1875,203.125
1521326,-351.5625,695.3125,640.625,-171.875,-742.1875,687.5,148.4375,-882.8125,468.75,406.25,-890.625,179.6875,460.9375,-859.375,210.9375
1521326,-351.5625,695.3125,640.625,-171.875,-742.1875,687.5,148.4375,-882.8125,468.75,406.25,-890.625,179.6875,460.9375,-859.375,210.9375
1521326,-359.375,695.3125,640.625,-164.0625,-742.1875,679.6875,140.625,-882.8125,468.75,406.25,-890.625,187.5,460.9375,-867.1875,210.9375
1521326,-359.375,695.3125,640.625,-164.0625,-742.1875,679.6875,140.625,-882.8125,468.75,406.25,-890.625,187.5,460.9375,-867.1875,210.9375
1521479,-359.375,695.3125,640.625,-164.0625,-750.0,687.5,148.4375,-898.4375,460.9375,421.875,-890.625,171.875,476.5625,-867.1875,203.125
1521479,-359.375,695.3125,640.625,-164.0625,-750.0,687.5,148.4375,-898.4375,460.9375,421.875,-890.625,171.875,476.5625,-867.1875,203.125
1521479,-359.375,695.3125,648.4375,-156.25,-757.8125,687.5,148.4375,-890.625,468.75,421.875,-898.4375,171.875,484.375,-859.375,203.125
1521479,-359.375,695.3125,648.4375,-156.25,-757.8125,687.5,148.4375,-890.625,468.75,421.875,-898.4375,171.875,484.375,-859.375,203.125
1521487,-351.5625,687.5,648.4375,-164.0625,-757.8125,679.6875,148.4375,-890.625,468.75,421.875,-890.625,171.875,476.5625,-867.1875,203.125
1521487,-351.5625,687.5,648.4375,-164.0625,-757.8125,679.6875,148.4375,-890.625,468.75,421.875,-890.625,171.875,476.5625,-867.1875,203.125
1521487,-351.5625,695.3125,648.4375,-171.875,-750.0,687.5,156.25,-898.4375,468.75,421.875,-898.4375,179.6875,468.75,-859.375,203.125
1521487,-351.5625,695.3125,648.4375,-171.875,-750.0,687.5,156.25,-898.4375,468.75,421.875,-898.4375,179.6875,468.75,-859.375,203.125
1521641,-359.375,687.5,648.4375,-164.0625,-750.0,679.6875,148.4375,-890.625,460.9375,414.0625,-898.4375,179.6875,468.75,-859.375,203.125
1521641,-359.375,687.5,648.4375,-164.0625,-750.0,679.6875,148.4375,-890.625,460.9375,414.0625,-898.4375,179.6875,468.75,-859.375,203.125
1521641,-351.5625,687.5,648.4375,-171.875,-757.8125,679.6875,156.25,-898.4375,468.75,414.0625,-890.625,171.875,468.75,-867.1875,203.125
1521641,-351.5625,687.5,648.4375,-171.875,-757.8125,679.6875,156.25,-898.4375,468.75,414.0625,-890.625,171.875,468.75,-867.1875,203.125
1521649,-351.5625,695.3125,640.625,-164.0625,-750.0,671.875,140.625,-890.625,460.9375,414.0625,-890.625,171.875,468.75,-859.375,203.125
1521649,-351.5625,695.3125,640.625,-164.0625,-750.0,671.875,140.625,-890.625,460.9375,414.0625,-890.625,171.875,468.75,-859.375,203.125
1521649,-351.5625,687.5,640.625,-164.0625,-750.0,671.875,148.4375,-890.625,453.125,414.0625,-890.625,179.6875,468.75,-859.375,203.125
1521649,-351.5625,687.5,640.625,-164.0625,-750.0,671.875,148.4375,-890.625,453.125,414.0625,-890.625,179.6875,468.75,-859.375,203.125
1521802,-351.5625,687.5,640.625,-179.6875,-757.8125,679.6875,148.4375,-890.625,468.75,414.0625,-890.625,179.6875,468.75,-867.1875,203.125
1521802,-351.5625,687.5,640.625,-179.6875,-757.8125,679.6875,148.4375,-890.625,468.75,414.0625,-890.625,179.6875,468.75,-867.1875,203.125
1521802,-351.5625,687.5,648.4375,-179.6875,-757.8125,687.5,140.625,-890.625,453.125,414.0625,-890.625,171.875,468.75,-859.375,203.125
1521802,-351.5625,687.5,648.4375,-179.6875,-757.8125,687.5,140.625,-890.625,453.125,414.0625,-890.625,171.875,468.75,-859.375,203.125
1521810,-351.5625,687.5,648.4375,-179.6875,-742.1875,679.6875,140.625,-890.625,460.9375,406.25,-890.625,164.0625,468.75,-859.375,195.3125
1521810,-351.5625,687.5,648.4375,-179.6875,-742.1875,679.6875,140.625,-890.625,460.9375,406.25,-890.625,164.0625,468.75,-859.375,195.3125
1521810,-359.375,695.3125,640.625,-179.6875,-750.0,679.6875,148.4375,-890.625,460.9375,414.0625,-882.8125,171.875,453.125,-859.375,203.125
1521810,-359.375,695.3125,640.625,-179.6875,-750.0,679.6875,148.4375,-890.625,460.9375,414.0625,-882.8125,171.875,453.125,-859.375,203.125
1521963,-335.9375,695.3125,648.4375,-156.25,-742.1875,679.6875,164.0625,-882.8125,460.9375,421.875,-882.8125,164.0625,484.375,-859.375,203.125
1521963,-335.9375,695.3125,648.4375,-156.25,-742.1875,679.6875,164.0625,-882.8125,460.9375,421.875,-882.8125,164.0625,484.375,-859.375,203.125
1521963,-335.9375,695.3125,656.25,-156.25,-750.0,679.6875,164.0625,-882.8125,460.9375,421.875,-890.625,164.0625,492.1875,-843.75,187.5
1521963,-335.9375,695.3125,656.25,-156.25,-750.0,679.6875,164.0625,-882.8125,460.9375,421.875,-890.625,164.0625,492.1875,-843.75,187.5
1521971,-328.125,679.6875,648.4375,-148.4375,-750.0,671.875,171.875,-898.4375,460.9375,437.5,-890.625,171.875,492.1875,-851.5625,195.3125
1521971,-328.125,679.6875,648.4375,-148.4375,-750.0,671.875,171.875,-898.4375,460.9375,437.5,-890.625,171.875,492.1875,-851.5625,195.3125
1521971,-328.125,679.6875,656.25,-148.4375,-757.8125,687.5,171.875,-890.625,453.125,453.125,-882.8125,164.0625,500.0,-851.5625,195.3125
1521971,-328.125,679.6875,656.25,-148.4375,-757.8125,687.5,171.875,-890.625,453.125,453.125,-882.8125,164.0625,500.0,-851.5625,195.3125
1522044,-328.125,750.0,648.4375,-156.25,-726.5625,695.3125,164.0625,-875.0,468.75,421.875,-882.8125,156.25,484.375,-851.5625,179.6875
1522044,-328.125,750.0,648.4375,-156.25,-726.5625,695.3125,164.0625,-875.0,468.75,421.875,-882.8125,156.25,484.375,-851.5625,179.6875
1522044,-335.9375,710.9375,656.25,-156.25,-750.0,679.6875,156.25,-875.0,453.125,445.3125,-875.0,156.25,500.0,-843.75,187.5
1522044,-335.9375,710.9375,656.25,-156.25,-750.0,679.6875,156.25,-875.0,453.125,445.3125,-875.0,156.25,500.0,-843.75,187.5
1522052,-328.125,687.5,664.0625,-148.4375,-750.0,687.5,179.6875,-882.8125,460.9375,437.5,-882.8125,164.0625,484.375,-859.375,187.5
1522052,-328.125,687.5,664.0625,-148.4375,-750.0,687.5,179.6875,-882.8125,460.9375,437.5,-882.8125,164.0625,484.375,-859.375,187.5
1522052,-312.5,679.6875,656.25,-140.625,-757.8125,695.3125,179.6875,-890.625,460.9375,445.3125,-890.625,148.4375,492.1875,-851.5625,195.3125
1522052,-312.5,679.6875,656.25,-140.625,-757.8125,695.3125,179.6875,-890.625,460.9375,445.3125,-890.625,148.4375,492.1875,-851.5625,195.3125
1522141,-250.0,734.375,734.375,-93.75,-835.9375,726.5625,250.0,-953.125,460.9375,515.625,-898.4375,132.8125,593.75,-898.4375,203.125
1522141,-250.0,734.375,734.375,-93.75,-835.9375,726.5625,250.0,-953.125,460.9375,515.625,-898.4375,132.8125,593.75,-898.4375,203.125
1522149,-273.4375,734.375,734.375,-85.9375,-843.75,726.5625,273.4375,-945.3125,492.1875,531.25,-875.0,132.8125,617.1875,-898.4375,179.6875
1522149,-273.4375,734.375,734.375,-85.9375,-843.75,726.5625,273.4375,-945.3125,492.1875,531.25,-875.0,132.8125,617.1875,-898.4375,179.6875
1522149,-281.25,718.75,742.1875,-70.3125,-867.1875,765.625,289.0625,-953.125,500.0,546.875,-898.4375,125.0,570.3125,-882.8125,179.6875
1522149,-281.25,718.75,742.1875,-70.3125,-867.1875,765.625,289.0625,-953.125,500.0,546.875,-898.4375,125.0,570.3125,-882.8125,179.6875
1522157,-257.8125,695.3125,765.625,-46.875,-882.8125,789.0625,312.5,-953.125,500.0,554.6875,-914.0625,140.625,585.9375,-906.25,203.125
1522157,-257.8125,695.3125,765.625,-46.875,-882.8125,789.0625,312.5,-953.125,500.0,554.6875,-914.0625,140.625,585.9375,-906.25,203.125
1522302,7.8125,1328.125,1171.875,164.0625,-1359.375,1210.9375,617.1875,-1328.125,773.4375,1015.625,-1226.5625,148.4375,1156.25,-1351.5625,406.25
1522302,7.8125,1328.125,1171.875,164.0625,-1359.375,1210.9375,617.1875,-1328.125,773.4375,1015.625,-1226.5625,148.4375,1156.25,-1351.5625,406.25
1522310,23.4375,1460.9375,1117.1875,85.9375,-1406.25,1164.0625,531.25,-1351.5625,781.25,984.375,-1335.9375,117.1875,1085.9375,-1335.9375,375.0
1522310,23.4375,1460.9375,1117.1875,85.9375,-1406.25,1164.0625,531.25,-1351.5625,781.25,984.375,-1335.9375,117.1875,1085.9375,-1335.9375,375.0
1522310,-54.6875,1578.125,1039.0625,39.0625,-1351.5625,1093.75,453.125,-1390.625,632.8125,921.875,-1460.9375,39.0625,1015.625,-1265.625,312.5
1522310,-54.6875,1578.125,1039.0625,39.0625,-1351.5625,1093.75,453.125,-1390.625,632.8125,921.875,-1460.9375,39.0625,1015.625,-1265.625,312.5
1522318,-140.625,1625.0,945.3125,54.6875,-1320.3125,1078.125,359.375,-1523.4375,492.1875,867.1875,-1500.0,-23.4375,992.1875,-1304.6875,265.625
1522318,-140.625,1625.0,945.3125,54.6875,-1320.3125,1078.125,359.375,-1523.4375,492.1875,867.1875,-1500.0,-23.4375,992.1875,-1304.6875,265.625
1522462,-164.0625,710.9375,992.1875,7.8125,-1375.0,468.75,62.5,-1468.75,-101.5625,117.1875,-1304.6875,-695.3125,31.25,-1398.4375,-390.625
1522462,-164.0625,710.9375,992.1875,7.8125,-1375.0,468.75,62.5,-1468.75,-101.5625,117.1875,-1304.6875,-695.3125,31.25,-1398.4375,-390.625
1522471,-148.4375,765.625,968.75,-7.8125,-1328.125,406.25,23.4375,-1437.5,-164.0625,46.875,-1257.8125,-703.125,15.625,-1382.8125,-375.0
1522471,-148.4375,765.625,968.75,-7.8125,-1328.125,406.25,23.4375,-1437.5,-164.0625,46.875,-1257.8125,-703.125,15.625,-1382.8125,-375.0
1522471,-148.4375,773.4375,945.3125,-54.6875,-1281.25,335.9375,-85.9375,-1367.1875,-234.375,-23.4375,-1226.5625,-765.625,0.0,-1343.75,-390.625
1522471,-148.4375,773.4375,945.3125,-54.6875,-1281.25,335.9375,-85.9375,-1367.1875,-234.375,-23.4375,-1226.5625,-765.625,0.0,-1343.75,-390.625
1522479,-171.875,750.0,906.25,-117.1875,-1234.375,250.0,-140.625,-1281.25,-335.9375,-93.75,-1101.5625,-757.8125,-54.6875,-1296.875,-453.125
1522479,-171.875,750.0,906.25,-117.1875,-1234.375,250.0,-140.625,-1281.25,-335.9375,-93.75,-1101.5625,-757.8125,-54.6875,-1296.875,-453.125
1522624,210.9375,-382.8125,-554.6875,203.125,609.375,-218.75,453.125,710.9375,218.75,562.5,679.6875,367.1875,632.8125,632.8125,195.3125
1522624,210.9375,-382.8125,-554.6875,203.125,609.375,-218.75,453.125,710.9375,218.75,562.5,679.6875,367.1875,632.8125,632.8125,195.3125
1522632,195.3125,-500.0,-687.5,320.3125,734.375,-140.625,523.4375,812.5,257.8125,687.5,734.375,406.25,726.5625,726.5625,265.625
1522632,195.3125,-500.0,-687.5,320.3125,734.375,-140.625,523.4375,812.5,257.8125,687.5,734.375,406.25,726.5625,726.5625,265.625
1522632,132.8125,-632.8125,-843.75,421.875,875.0,-109.375,523.4375,945.3125,257.8125,632.8125,906.25,445.3125,718.75,898.4375,218.75
1522632,132.8125,-632.8125,-843.75,421.875,875.0,-109.375,523.4375,945.3125,257.8125,632.8125,906.25,445.3125,718.75,898.4375,218.75
1522640,109.375,-726.5625,-984.375,484.375,1070.3125,-85.9375,531.25,1164.0625,203.125,562.5,1125.0,421.875,679.6875,1101.5625,132.8125
1522640,109.375,-726.5625,-984.375,484.375,1070.3125,-85.9375,531.25,1164.0625,203.125,562.5,1125.0,421.875,679.6875,1101.5625,132.8125
1522786,-70.3125,2843.75,3992.1875,-523.4375,-3992.1875,171.875,-1320.3125,-3992.1875,-2445.3125,-1750.0,-3992.1875,-3070.3125,-2445.3125,-3992.1875,-1265.625
1522786,-70.3125,2843.75,3992.1875,-523.4375,-3992.1875,171.875,-1320.3125,-3992.1875,-2445.3125,-1750.0,-3992.1875,-3070.3125,-2445.3125,-3992.1875,-1265.625
1522794,-195.3125,3062.5,3992.1875,-1031.25,-3992.1875,179.6875,-1632.8125,-3992.1875,-2218.75,-1882.8125,-3992.1875,-2882.8125,-2562.5,-3992.1875,-1000.0
1522794,-195.3125,3062.5,3992.1875,-1031.25,-3992.1875,179.6875,-1632.8125,-3992.1875,-2218.75,-1882.8125,-3992.1875,-2882.8125,-2562.5,-3992.1875,-1000.0
1522794,-476.5625,3085.9375,3992.1875,-1421.875,-3992.1875,187.5,-1875.0,-3992.1875,-2023.4375,-1968.75,-3992.1875,-2671.875,-2593.75,-3992.1875,-773.4375
1522794,-476.5625,3085.9375,3992.1875,-1421.875,-3992.1875,187.5,-1875.0,-3992.1875,-2023.4375,-1968.75,-3992.1875,-2671.875,-2593.75,-3992.1875,-773.4375
1522802,-742.1875,3054.6875,3992.1875,-1742.1875,-3992.1875,203.125,-2023.4375,-3992.1875,-1789.0625,-1953.125,-3992.1875,-2398.4375,-2492.1875,-3992.1875,-554.6875
1522802,-742.1875,3054.6875,3992.1875,-1742.1875,-3992.1875,203.125,-2023.4375,-3992.1875,-1789.0625,-1953.125,-3992.1875,-2398.4375,-2492.1875,-3992.1875,-554.6875
1522947,-335.9375,992.1875,367.1875,-265.625,-703.125,515.625,7.8125,-906.25,39.0625,23.4375,-882.8125,-265.625,-109.375,-929.6875,-70.3125
1522947,-335.9375,992.1875,367.1875,-265.625,-703.125,515.625,7.8125,-906.25,39.0625,23.4375,-882.8125,-265.625,-109.375,-929.6875,-70.3125
1522955,-351.5625,875.0,414.0625,-289.0625,-804.6875,476.5625,7.8125,-968.75,7.8125,46.875,-929.6875,-281.25,-85.9375,-976.5625,-70.3125
1522955,-351.5625,875.0,414.0625,-289.0625,-804.6875,476.5625,7.8125,-968.75,7.8125,46.875,-929.6875,-281.25,-85.9375,-976.5625,-70.3125
1522955,-359.375,804.6875,484.375,-312.5,-882.8125,421.875,-23.4375,-1007.8125,-15.625,23.4375,-960.9375,-289.0625,-117.1875,-992.1875,-54.6875
1522955,-359.375,804.6875,484.375,-312.5,-882.8125,421.875,-23.4375,-1007.8125,-15.625,23.4375,-960.9375,-289.0625,-117.1875,-992.1875,-54.6875
1522963,-335.9375,796.875,539.0625,-320.3125,-929.6875,382.8125,-70.3125,-1046.875,-54.6875,-31.25,-976.5625,-312.5,-156.25,-1015.625,-78.125
1522963,-335.9375,796.875,539.0625,-320.3125,-929.6875,382.8125,-70.3125,-1046.875,-54.6875,-31.25,-976.5625,-312.5,-156.25,-1015.625,-78.125
1523125,-328.125,734.375,507.8125,-289.0625,-828.125,367.1875,-54.6875,-945.3125,-31.25,-23.4375,-898.4375,-289.0625,-156.25,-929.6875,-78.125
1523125,-328.125,734.375,507.8125,-289.0625,-828.125,367.1875,-54.6875,-945.3125,-31.25,-23.4375,-898.4375,-289.0625,-156.25,-929.6875,-78.125
1523133,-335.9375,703.125,523.4375,-296.875,-843.75,359.375,-70.3125,-945.3125,-31.25,-31.25,-898.4375,-281.25,-156.25,-929.6875,-78.125
1523133,-335.9375,703.125,523.4375,-296.875,-843.75,359.375,-70.3125,-945.3125,-31.25,-31.25,-898.4375,-281.25,-156.25,-929.6875,-78.125
1523133,-312.5,703.125,523.4375,-328.125,-859.375,343.75,-85.9375,-953.125,-39.0625,-39.0625,-898.4375,-273.4375,-156.25,-921.875,-78.125
1523133,-312.5,703.125,523.4375,-328.125,-859.375,343.75,-85.9375,-953.125,-39.0625,-39.0625,-898.4375,-273.4375,-156.25,-921.875,-78.125
1523141,-335.9375,710.9375,539.0625,-335.9375,-867.1875,328.125,-85.9375,-953.125,-46.875,-46.875,-906.25,-281.25,-164.0625,-937.5,-85.9375
1523141,-335.9375,710.9375,539.0625,-335.9375,-867.1875,328.125,-85.9375,-953.125,-46.875,-46.875,-906.25,-281.25,-164.0625,-937.5,-85.9375
1523286,-398.4375,765.625,640.625,-390.625,-976.5625,312.5,-187.5,-1070.3125,-85.9375,-132.8125,-1015.625,-320.3125,-265.625,-1039.0625,-70.3125
1523286,-398.4375,765.625,640.625,-390.625,-976.5625,312.5,-187.5,-1070.3125,-85.9375,-132.8125,-1015.625,-320.3125,-265.625,-1039.0625,-70.3125
1523293,-390.625,757.8125,632.8125,-390.625,-960.9375,312.5,-171.875,-1054.6875,-78.125,-125.0,-1007.8125,-312.5,-250.0,-1031.25,-85.9375
1523293,-390.625,757.8125,632.8125,-390.625,-960.9375,312.5,-171.875,-1054.6875,-78.125,-125.0,-1007.8125,-312.5,-250.0,-1031.25,-85.9375
1523293,-398.4375,734.375,625.0,-382.8125,-960.9375,304.6875,-164.0625,-1046.875,-70.3125,-125.0,-992.1875,-320.3125,-250.0,-1015.625,-78.125
1523293,-398.4375,734.375,625.0,-382.8125,-960.9375,304.6875,-164.0625,-1046.875,-70.3125,-125.0,-992.1875,-320.3125,-250.0,-1015.625,-78.125
1523302,-398.4375,718.75,617.1875,-382.8125,-953.125,320.3125,-164.0625,-1031.25,-62.5,-117.1875,-984.375,-312.5,-242.1875,-1015.625,-85.9375
1523302,-398.4375,718.75,617.1875,-382.8125,-953.125,320.3125,-164.0625,-1031.25,-62.5,-117.1875,-984.375,-312.5,-242.1875,-1015.625,-85.9375
1523447,-421.875,718.75,578.125,-406.25,-906.25,265.625,-203.125,-984.375,-70.3125,-148.4375,-953.125,-281.25,-281.25,-968.75,-46.875
1523447,-421.875,718.75,578.125,-406.25,-906.25,265.625,-203.125,-984.375,-70.3125,-148.4375,-953.125,-281.25,-281.25,-968.75,-46.875
1523455,-414.0625,703.125,585.9375,-406.25,-898.4375,265.625,-203.125,-984.375,-54.6875,-156.25,-953.125,-273.4375,-281.25,-960.9375,-54.6875
1523455,-414.0625,703.125,585.9375,-406.25,-898.4375,265.625,-203.125,-984.375,-54.6875,-156.25,-953.125,-273.4375,-281.25,-960.9375,-54.6875
1523455,-398.4375,695.3125,593.75,-398.4375,-898.4375,273.4375,-203.125,-984.375,-62.5,-171.875,-953.125,-273.4375,-281.25,-960.9375,-54.6875
1523455,-398.4375,695.3125,593.75,-398.4375,-898.4375,273.4375,-203.125,-984.375,-62.5,-171.875,-953.125,-273.4375,-281.25,-960.9375,-54.6875
1523463,-414.0625,695.3125,593.75,-398.4375,-898.4375,273.4375,-210.9375,-992.1875,-54.6875,-156.25,-960.9375,-257.8125,-281.25,-960.9375,-39.0625
1523463,-414.0625,695.3125,593.75,-398.4375,-898.4375,273.4375,-210.9375,-992.1875,-54.6875,-156.25,-960.9375,-257.8125,-281.25,-960.9375,-39.0625
1523608,-390.625,710.9375,585.9375,-359.375,-921.875,304.6875,-156.25,-1007.8125,-62.5,-109.375,-960.9375,-281.25,-250.0,-976.5625,-70.3125
1523608,-390.625,710.9375,585.9375,-359.375,-921.875,304.6875,-156.25,-1007.8125,-62.5,-109.375,-960.9375,-281.25,-250.0,-976.5625,-70.3125
1523617,-398.4375,726.5625,585.9375,-367.1875,-921.875,304.6875,-156.25,-1007.8125,-54.6875,-109.375,-968.75,-289.0625,-234.375,-984.375,-70.3125
1523617,-398.4375,726.5625,585.9375,-367.1875,-921.875,304.6875,-156.25,-1007.8125,-54.6875,-109.375,-968.75,-289.0625,-234.375,-984.375,-70.3125
1523617,-390.625,734.375,593.75,-367.1875,-929.6875,312.5,-164.0625,-1015.625,-62.5,-117.1875,-968.75,-289.0625,-250.0,-992.1875,-70.3125
1523617,-390.625,734.375,593.75,-367.1875,-929.6875,312.5,-164.0625,-1015.625,-62.5,-117.1875,-968.75,-289.0625,-250.0,-992.1875,-70.3125
1523624,-382.8125,726.5625,593.75,-367.1875,-921.875,304.6875,-164.0625,-1007.8125,-70.3125,-117.1875,-968.75,-289.0625,-250.0,-984.375,-78.125
1523624,-382.8125,726.5625,593.75,-367.1875,-921.875,304.6875,-164.0625,-1007.8125,-70.3125,-117.1875,-968.75,-289.0625,-250.0,-984.375,-78.125
1523769,-421.875,609.375,593.75,-398.4375,-875.0,203.125,-234.375,-921.875,-62.5,-187.5,-890.625,-257.8125,-304.6875,-906.25,-62.5
1523769,-421.875,609.375,593.75,-398.4375,-875.0,203.125,-234.375,-921.875,-62.5,-187.5,-890.625,-257.8125,-304.6875,-906.25,-62.5
1523778,-437.5,609.375,578.125,-398.4375,-859.375,210.9375,-234.375,-921.875,-78.125,-195.3125,-890.625,-257.8125,-312.5,-898.4375,-70.3125
1523778,-437.5,609.375,578.125,-398.4375,-859.375,210.9375,-234.375,-921.875,-78.125,-195.3125,-890.625,-257.8125,-312.5,-898.4375,-70.3125
1523778,-429.6875,625.0,593.75,-398.4375,-859.375,203.125,-242.1875,-914.0625,-70.3125,-195.3125,-882.8125,-250.0,-296.875,-898.4375,-78.125
1523778,-429.6875,625.0,593.75,-398.4375,-859.375,203.125,-242.1875,-914.0625,-70.3125,-195.3125,-882.8125,-250.0,-296.875,-898.4375,-78.125
1523786,-421.875,656.25,593.75,-398.4375,-843.75,218.75,-242.1875,-914.0625,-70.3125,-187.5,-890.625,-265.625,-304.6875,-890.625,-70.3125
1523786,-421.875,656.25,593.75,-398.4375,-843.75,218.75,-242.1875,-914.0625,-70.3125,-187.5,-890.625,-265.625,-304.6875,-890.625,-70.3125
1524093,-421.875,710.9375,593.75,-375.0,-898.4375,273.4375,-203.125,-992.1875,-62.5,-164.0625,-953.125,-265.625,-304.6875,-953.125,-54.6875
1524093,-421.875,710.9375,593.75,-375.0,-898.4375,273.4375,-203.125,-992.1875,-62.5,-164.0625,-953.125,-265.625,-304.6875,-953.125,-54.6875
1524101,-414.0625,718.75,593.75,-375.0,-898.4375,273.4375,-203.125,-992.1875,-62.5,-164.0625,-953.125,-265.625,-304.6875,-960.9375,-54.6875
1524101,-414.0625,718.75,593.75,-375.0,-898.4375,273.4375,-203.125,-992.1875,-62.5,-164.0625,-953.125,-265.625,-304.6875,-960.9375,-54.6875
1524101,-414.0625,726.5625,593.75,-375.0,-898.4375,273.4375,-195.3125,-984.375,-62.5,-156.25,-953.125,-265.625,-296.875,-960.9375,-62.5
1524101,-414.0625,726.5625,593.75,-375.0,-898.4375,273.4375,-195.3125,-984.375,-62.5,-156.25,-953.125,-265.625,-296.875,-960.9375,-62.5
1524109,-429.6875,710.9375,593.75,-390.625,-898.4375,257.8125,-210.9375,-976.5625,-62.5,-148.4375,-945.3125,-273.4375,-296.875,-960.9375,-54.6875
1524109,-429.6875,710.9375,593.75,-390.625,-898.4375,257.8125,-210.9375,-976.5625,-62.5,-148.4375,-945.3125,-273.4375,-296.875,-960.9375,-54.6875
1524254,-421.875,687.5,609.375,-375.0,-914.0625,250.0,-195.3125,-984.375,-78.125,-156.25,-945.3125,-281.25,-289.0625,-960.9375,-70.3125
1524254,-421.875,687.5,609.375,-375.0,-914.0625,250.0,-195.3125,-984.375,-78.125,-156.25,-945.3125,-281.25,-289.0625,-960.9375,-70.3125
1524262,-421.875,695.3125,609.375,-375.0,-914.0625,250.0,-203.125,-984.375,-78.125,-156.25,-937.5,-289.0625,-289.0625,-960.9375,-62.5
1524262,-421.875,695.3125,609.375,-375.0,-914.0625,250.0,-203.125,-984.375,-78.125,-156.25,-937.5,-289.0625,-289.0625,-960.9375,-62.5
1524262,-406.25,703.125,609.375,-375.0,-914.0625,257.8125,-195.3125,-968.75,-70.3125,-148.4375,-945.3125,-289.0625,-289.0625,-953.125,-78.125
1524262,-406.25,703.125,609.375,-375.0,-914.0625,257.8125,-195.3125,-968.75,-70.3125,-148.4375,-945.3125,-289.0625,-289.0625,-953.125,-78.125
1524270,-406.25,710.9375,609.375,-367.1875,-906.25,257.8125,-187.5,-976.5625,-78.125,-148.4375,-945.3125,-281.25,-289.0625,-953.125,-78.125
1524270,-406.25,710.9375,609.375,-367.1875,-906.25,257.8125,-187.5,-976.5625,-78.125,-148.4375,-945.3125,-281.25,-289.0625,-953.125,-78.125
