1512262,-304.6875,695.3125,648.4375,-132.8125,-781.25,640.625,125.0,-953.125,335.9375,453.125,-882.8125,31.25,554.6875,-820.3125,171.875
1512262,-304.6875,695.3125,648.4375,-132.8125,-781.25,640.625,125.0,-953.125,335.9375,453.125,-882.8125,31.25,554.6875,-820.3125,171.875
1512269,-304.6875,710.9375,656.25,-125.0,-781.25,648.4375,132.8125,-945.3125,335.9375,453.125,-890.625,23.4375,546.875,-820.3125,187.5
1512269,-304.6875,710.9375,656.25,-125.0,-781.25,648.4375,132.8125,-945.3125,335.9375,453.125,-890.625,23.4375,546.875,-820.3125,187.5
1512270,-304.6875,710.9375,648.4375,-125.0,-796.875,648.4375,125.0,-945.3125,335.9375,453.125,-890.625,39.0625,539.0625,-820.3125,179.6875
1512270,-304.6875,710.9375,648.4375,-125.0,-796.875,648.4375,125.0,-945.3125,335.9375,453.125,-890.625,39.0625,539.0625,-820.3125,179.6875
1512277,-304.6875,710.9375,648.4375,-125.0,-789.0625,648.4375,125.0,-945.3125,328.125,453.125,-890.625,31.25,539.0625,-820.3125,179.6875
1512277,-304.6875,710.9375,648.4375,-125.0,-789.0625,648.4375,125.0,-945.3125,328.125,453.125,-890.625,31.25,539.0625,-820.3125,179.6875
1512423,-296.875,710.9375,640.625,-140.625,-781.25,640.625,125.0,-953.125,343.75,445.3125,-882.8125,31.25,539.0625,-812.5,179.6875
1512423,-296.875,710.9375,640.625,-140.625,-781.25,640.625,125.0,-953.125,343.75,445.3125,-882.8125,31.25,539.0625,-812.5,179.6875
1512431,-304.6875,718.75,648.4375,-125.0,-781.25,640.625,125.0,-945.3125,320.3125,453.125,-882.8125,31.25,531.25,-812.5,171.875
1512431,-304.6875,718.75,648.4375,-125.0,-781.25,640.625,125.0,-945.3125,320.3125,453.125,-882.8125,31.25,531.25,-812.5,171.875
1512431,-304.6875,703.125,640.625,-125.0,-773.4375,640.625,125.0,-945.3125,335.9375,445.3125,-890.625,23.4375,546.875,-820.3125,171.875
1512431,-304.6875,703.125,640.625,-125.0,-773.4375,640.625,125.0,-945.3125,335.9375,445.3125,-890.625,23.4375,546.875,-820.3125,171.875
1512439,-304.6875,703.125,640.625,-125.0,-789.0625,648.4375,125.0,-953.125,335.9375,445.3125,-890.625,39.0625,546.875,-828.125,164.0625
1512439,-304.6875,703.125,640.625,-125.0,-789.0625,648.4375,125.0,-953.125,335.9375,445.3125,-890.625,39.0625,546.875,-828.125,164.0625
1512584,-304.6875,718.75,656.25,-125.0,-789.0625,648.4375,132.8125,-945.3125,335.9375,453.125,-890.625,31.25,539.0625,-820.3125,171.875
1512584,-304.6875,718.75,656.25,-125.0,-789.0625,648.4375,132.8125,-945.3125,335.9375,453.125,-890.625,31.25,539.0625,-820.3125,171.875
1512592,-296.875,710.9375,648.4375,-125.0,-781.25,648.4375,132.8125,-953.125,343.75,460.9375,-898.4375,23.4375,539.0625,-820.3125,179.6875
1512592,-296.875,710.9375,648.4375,-125.0,-781.25,648.4375,132.8125,-953.125,343.75,460.9375,-898.4375,23.4375,539.0625,-820.3125,179.6875
1512592,-296.875,710.9375,656.25,-125.0,-789.0625,648.4375,132.8125,-945.3125,335.9375,445.3125,-898.4375,31.25,546.875,-820.3125,179.6875
1512592,-296.875,710.9375,656.25,-125.0,-789.0625,648.4375,132.8125,-945.3125,335.9375,445.3125,-898.4375,31.25,546.875,-820.3125,179.6875
1512600,-304.6875,703.125,648.4375,-125.0,-789.0625,648.4375,132.8125,-953.125,335.9375,453.125,-890.625,39.0625,546.875,-820.3125,187.5
1512600,-304.6875,703.125,648.4375,-125.0,-789.0625,648.4375,132.8125,-953.125,335.9375,453.125,-890.625,39.0625,546.875,-820.3125,187.5
1512745,-304.6875,710.9375,648.4375,-125.0,-789.0625,640.625,125.0,-953.125,328.125,453.125,-890.625,31.25,546.875,-820.3125,179.6875
1512745,-304.6875,710.9375,648.4375,-125.0,-789.0625,640.625,125.0,-953.125,328.125,453.125,-890.625,31.25,546.875,-820.3125,179.6875
1512753,-304.6875,710.9375,648.4375,-125.0,-789.0625,640.625,125.0,-953.125,335.9375,453.125,-898.4375,31.25,546.875,-820.3125,171.875
1512753,-304.6875,710.9375,648.4375,-125.0,-789.0625,640.625,125.0,-953.125,335.9375,453.125,-898.4375,31.25,546.875,-820.3125,171.875
1512753,-296.875,703.125,648.4375,-117.1875,-789.0625,640.625,125.0,-953.125,335.9375,453.125,-890.625,31.25,546.875,-828.125,179.6875
1512753,-296.875,703.125,648.4375,-117.1875,-789.0625,640.625,125.0,-953.125,335.9375,453.125,-890.625,31.25,546.875,-828.125,179.6875
1512761,-296.875,703.125,648.4375,-125.0,-781.25,648.4375,132.8125,-953.125,343.75,460.9375,-890.625,31.25,554.6875,-812.5,179.6875
1512761,-296.875,703.125,648.4375,-125.0,-781.25,648.4375,132.8125,-953.125,343.75,460.9375,-890.625,31.25,554.6875,-812.5,179.6875
1512906,-296.875,710.9375,656.25,-117.1875,-796.875,640.625,125.0,-960.9375,335.9375,460.9375,-898.4375,31.25,546.875,-828.125,171.875
1512906,-296.875,710.9375,656.25,-117.1875,-796.875,640.625,125.0,-960.9375,335.9375,460.9375,-898.4375,31.25,546.875,-828.125,171.875
1512914,-312.5,718.75,656.25,-125.0,-789.0625,640.625,125.0,-960.9375,335.9375,445.3125,-898.4375,39.0625,554.6875,-820.3125,179.6875
1512914,-312.5,718.75,656.25,-125.0,-789.0625,640.625,125.0,-960.9375,335.9375,445.3125,-898.4375,39.0625,554.6875,-820.3125,179.6875
1512914,-296.875,718.75,648.4375,-132.8125,-789.0625,640.625,125.0,-953.125,335.9375,445.3125,-898.4375,31.25,546.875,-828.125,171.875
1512914,-296.875,718.75,648.4375,-132.8125,-789.0625,640.625,125.0,-953.125,335.9375,445.3125,-898.4375,31.25,546.875,-828.125,171.875
1512921,-304.6875,710.9375,648.4375,-132.8125,-789.0625,648.4375,125.0,-953.125,335.9375,453.125,-890.625,31.25,554.6875,-828.125,171.875
1512921,-304.6875,710.9375,648.4375,-132.8125,-789.0625,648.4375,125.0,-953.125,335.9375,453.125,-890.625,31.25,554.6875,-828.125,171.875
1513068,-296.875,710.9375,656.25,-117.1875,-796.875,640.625,125.0,-960.9375,343.75,460.9375,-898.4375,23.4375,546.875,-828.125,171.875
1513068,-296.875,710.9375,656.25,-117.1875,-796.875,640.625,125.0,-960.9375,343.75,460.9375,-898.4375,23.4375,546.875,-828.125,171.875
1513076,-304.6875,710.9375,656.25,-125.0,-796.875,648.4375,132.8125,-960.9375,320.3125,460.9375,-898.4375,23.4375,546.875,-828.125,171.875
1513076,-304.6875,710.9375,656.25,-125.0,-796.875,648.4375,132.8125,-960.9375,320.3125,460.9375,-898.4375,23.4375,546.875,-828.125,171.875
1513076,-296.875,710.9375,656.25,-125.0,-796.875,656.25,125.0,-960.9375,343.75,460.9375,-898.4375,23.4375,554.6875,-828.125,171.875
1513076,-296.875,710.9375,656.25,-125.0,-796.875,656.25,125.0,-960.9375,343.75,460.9375,-898.4375,23.4375,554.6875,-828.125,171.875
1513084,-296.875,703.125,656.25,-117.1875,-796.875,648.4375,132.8125,-968.75,335.9375,453.125,-890.625,23.4375,554.6875,-828.125,171.875
1513084,-296.875,703.125,656.25,-117.1875,-796.875,648.4375,132.8125,-968.75,335.9375,453.125,-890.625,23.4375,554.6875,-828.125,171.875
1513229,-304.6875,703.125,656.25,-101.5625,-781.25,679.6875,148.4375,-953.125,351.5625,468.75,-898.4375,23.4375,578.125,-796.875,179.6875
1513229,-304.6875,703.125,656.25,-101.5625,-781.25,679.6875,148.4375,-953.125,351.5625,468.75,-898.4375,23.4375,578.125,-796.875,179.6875
1513237,-289.0625,695.3125,679.6875,-101.5625,-781.25,671.875,156.25,-960.9375,351.5625,468.75,-898.4375,31.25,554.6875,-765.625,164.0625
1513237,-289.0625,695.3125,679.6875,-101.5625,-781.25,671.875,156.25,-960.9375,351.5625,468.75,-898.4375,31.25,554.6875,-765.625,164.0625
1513237,-296.875,710.9375,664.0625,-109.375,-781.25,671.875,125.0,-960.9375,343.75,460.9375,-906.25,23.4375,546.875,-757.8125,156.25
1513237,-296.875,710.9375,664.0625,-109.375,-781.25,671.875,125.0,-960.9375,343.75,460.9375,-906.25,23.4375,546.875,-757.8125,156.25
1513245,-304.6875,718.75,671.875,-125.0,-796.875,664.0625,132.8125,-960.9375,328.125,445.3125,-867.1875,23.4375,554.6875,-765.625,156.25
1513245,-304.6875,718.75,671.875,-125.0,-796.875,664.0625,132.8125,-960.9375,328.125,445.3125,-867.1875,23.4375,554.6875,-765.625,156.25
1513391,-109.375,1125.0,718.75,85.9375,-1023.4375,1101.5625,328.125,-1210.9375,546.875,1007.8125,-1421.875,218.75,1226.5625,-1312.5,671.875
1513391,-109.375,1125.0,718.75,85.9375,-1023.4375,1101.5625,328.125,-1210.9375,546.875,1007.8125,-1421.875,218.75,1226.5625,-1312.5,671.875
1513399,-117.1875,1085.9375,757.8125,78.125,-1062.5,1093.75,367.1875,-1398.4375,546.875,960.9375,-1367.1875,226.5625,1226.5625,-851.5625,664.0625
1513399,-117.1875,1085.9375,757.8125,78.125,-1062.5,1093.75,367.1875,-1398.4375,546.875,960.9375,-1367.1875,226.5625,1226.5625,-851.5625,664.0625
1513399,-132.8125,1078.125,765.625,93.75,-1054.6875,1046.875,359.375,-1390.625,546.875,875.0,-1312.5,234.375,1187.5,-679.6875,601.5625
1513399,-132.8125,1078.125,765.625,93.75,-1054.6875,1046.875,359.375,-1390.625,546.875,875.0,-1312.5,234.375,1187.5,-679.6875,601.5625
1513407,-125.0,1148.4375,773.4375,62.5,-1093.75,1023.4375,304.6875,-1515.625,609.375,859.375,-1273.4375,203.125,1117.1875,-906.25,570.3125
1513407,-125.0,1148.4375,773.4375,62.5,-1093.75,1023.4375,304.6875,-1515.625,609.375,859.375,-1273.4375,203.125,1117.1875,-906.25,570.3125
1513552,-257.8125,1125.0,679.6875,-93.75,-1148.4375,953.125,218.75,-1421.875,445.3125,656.25,-1335.9375,-78.125,812.5,-1289.0625,218.75
1513552,-257.8125,1125.0,679.6875,-93.75,-1148.4375,953.125,218.75,-1421.875,445.3125,656.25,-1335.9375,-78.125,812.5,-1289.0625,218.75
1513560,-234.375,1140.625,710.9375,-85.9375,-1171.875,945.3125,226.5625,-1453.125,460.9375,648.4375,-1351.5625,-62.5,796.875,-1296.875,210.9375
1513560,-234.375,1140.625,710.9375,-85.9375,-1171.875,945.3125,226.5625,-1453.125,460.9375,648.4375,-1351.5625,-62.5,796.875,-1296.875,210.9375
1513560,-187.5,1171.875,765.625,-85.9375,-1210.9375,937.5,218.75,-1476.5625,460.9375,648.4375,-1375.0,-54.6875,781.25,-1281.25,210.9375
1513560,-187.5,1171.875,765.625,-85.9375,-1210.9375,937.5,218.75,-1476.5625,460.9375,648.4375,-1375.0,-54.6875,781.25,-1281.25,210.9375
1513567,-117.1875,1218.75,820.3125,-85.9375,-1234.375,929.6875,218.75,-1515.625,460.9375,656.25,-1406.25,-54.6875,742.1875,-1281.25,203.125
1513567,-117.1875,1218.75,820.3125,-85.9375,-1234.375,929.6875,218.75,-1515.625,460.9375,656.25,-1406.25,-54.6875,742.1875,-1281.25,203.125
1513592,-187.5,1468.75,781.25,-109.375,-1218.75,921.875,125.0,-1445.3125,312.5,546.875,-1351.5625,-187.5,671.875,-1257.8125,54.6875
1513592,-187.5,1468.75,781.25,-109.375,-1218.75,921.875,125.0,-1445.3125,312.5,546.875,-1351.5625,-187.5,671.875,-1257.8125,54.6875
1513600,-218.75,1437.5,734.375,-117.1875,-1187.5,914.0625,117.1875,-1421.875,304.6875,523.4375,-1312.5,-218.75,632.8125,-1250.0,15.625
1513600,-218.75,1437.5,734.375,-117.1875,-1187.5,914.0625,117.1875,-1421.875,304.6875,523.4375,-1312.5,-218.75,632.8125,-1250.0,15.625
1513600,-242.1875,1398.4375,703.125,-125.0,-1171.875,898.4375,125.0,-1398.4375,304.6875,507.8125,-1296.875,-226.5625,617.1875,-1257.8125,0.0
1513600,-242.1875,1398.4375,703.125,-125.0,-1171.875,898.4375,125.0,-1398.4375,304.6875,507.8125,-1296.875,-226.5625,617.1875,-1257.8125,0.0
1513608,-273.4375,1359.375,695.3125,-140.625,-1148.4375,882.8125,125.0,-1375.0,328.125,500.0,-1281.25,-218.75,609.375,-1281.25,0.0
1513608,-273.4375,1359.375,695.3125,-140.625,-1148.4375,882.8125,125.0,-1375.0,328.125,500.0,-1281.25,-218.75,609.375,-1281.25,0.0
1513769,-226.5625,539.0625,281.25,-234.375,-445.3125,218.75,-218.75,-500.0,-93.75,-203.125,-507.8125,-328.125,-109.375,-656.25,-226.5625
1513769,-226.5625,539.0625,281.25,-234.375,-445.3125,218.75,-218.75,-500.0,-93.75,-203.125,-507.8125,-328.125,-109.375,-656.25,-226.5625
1513778,-273.4375,500.0,226.5625,-250.0,-382.8125,171.875,-273.4375,-445.3125,-117.1875,-218.75,-453.125,-367.1875,-46.875,-625.0,-203.125
1513778,-273.4375,500.0,226.5625,-250.0,-382.8125,171.875,-273.4375,-445.3125,-117.1875,-218.75,-453.125,-367.1875,-46.875,-625.0,-203.125
1513778,-328.125,515.625,171.875,-304.6875,-304.6875,140.625,-250.0,-398.4375,-78.125,-210.9375,-492.1875,-281.25,-54.6875,-554.6875,-156.25
1513778,-328.125,515.625,171.875,-304.6875,-304.6875,140.625,-250.0,-398.4375,-78.125,-210.9375,-492.1875,-281.25,-54.6875,-554.6875,-156.25
1513785,-320.3125,500.0,148.4375,-296.875,-257.8125,93.75,-195.3125,-421.875,-78.125,-140.625,-445.3125,-171.875,-7.8125,-507.8125,-140.625
1513785,-320.3125,500.0,148.4375,-296.875,-257.8125,93.75,-195.3125,-421.875,-78.125,-140.625,-445.3125,-171.875,-7.8125,-507.8125,-140.625
1513930,429.6875,-1156.25,-1007.8125,132.8125,2179.6875,-671.875,-39.0625,2273.4375,250.0,-23.4375,2125.0,585.9375,164.0625,2085.9375,-312.5
1513930,429.6875,-1156.25,-1007.8125,132.8125,2179.6875,-671.875,-39.0625,2273.4375,250.0,-23.4375,2125.0,585.9375,164.0625,2085.9375,-312.5
1513939,343.75,-1359.375,-1289.0625,234.375,2187.5,-640.625,93.75,2453.125,148.4375,7.8125,2351.5625,531.25,296.875,2281.25,-367.1875
1513939,343.75,-1359.375,-1289.0625,234.375,2187.5,-640.625,93.75,2453.125,148.4375,7.8125,2351.5625,531.25,296.875,2281.25,-367.1875
1513939,234.375,-1429.6875,-1484.375,328.125,2281.25,-648.4375,179.6875,2632.8125,156.25,148.4375,2531.25,515.625,382.8125,2406.25,-437.5
1513939,234.375,-1429.6875,-1484.375,328.125,2281.25,-648.4375,179.6875,2632.8125,156.25,148.4375,2531.25,515.625,382.8125,2406.25,-437.5
1513947,250.0,-1421.875,-1531.25,460.9375,2414.0625,-632.8125,351.5625,2750.0,156.25,312.5,2593.75,476.5625,570.3125,2460.9375,-429.6875
1513947,250.0,-1421.875,-1531.25,460.9375,2414.0625,-632.8125,351.5625,2750.0,156.25,312.5,2593.75,476.5625,570.3125,2460.9375,-429.6875
1514092,-734.375,1523.4375,3992.1875,-1312.5,-3992.1875,-1007.8125,-2078.125,-3992.1875,-1921.875,-2101.5625,-3992.1875,-1960.9375,-2289.0625,-3992.1875,-726.5625
1514092,-734.375,1523.4375,3992.1875,-1312.5,-3992.1875,-1007.8125,-2078.125,-3992.1875,-1921.875,-2101.5625,-3992.1875,-1960.9375,-2289.0625,-3992.1875,-726.5625
1514100,-796.875,1414.0625,3921.875,-1195.3125,-3992.1875,-953.125,-1867.1875,-3992.1875,-1781.25,-1867.1875,-3898.4375,-1851.5625,-2125.0,-3929.6875,-632.8125
1514100,-796.875,1414.0625,3921.875,-1195.3125,-3992.1875,-953.125,-1867.1875,-3992.1875,-1781.25,-1867.1875,-3898.4375,-1851.5625,-2125.0,-3929.6875,-632.8125
1514100,-1015.625,1421.875,3648.4375,-1218.75,-3992.1875,-781.25,-1789.0625,-3992.1875,-1617.1875,-1804.6875,-3765.625,-1750.0,-2117.1875,-3765.625,-609.375
1514100,-1015.625,1421.875,3648.4375,-1218.75,-3992.1875,-781.25,-1789.0625,-3992.1875,-1617.1875,-1804.6875,-3765.625,-1750.0,-2117.1875,-3765.625,-609.375
1514108,-1000.0,1632.8125,3531.25,-1195.3125,-3992.1875,-656.25,-1750.0,-3781.25,-1453.125,-1828.125,-3578.125,-1609.375,-2093.75,-3578.125,-554.6875
1514108,-1000.0,1632.8125,3531.25,-1195.3125,-3992.1875,-656.25,-1750.0,-3781.25,-1453.125,-1828.125,-3578.125,-1609.375,-2093.75,-3578.125,-554.6875
1514253,-304.6875,609.375,492.1875,-257.8125,-609.375,78.125,-218.75,-609.375,-164.0625,-250.0,-593.75,-250.0,-359.375,-617.1875,-148.4375
1514253,-304.6875,609.375,492.1875,-257.8125,-609.375,78.125,-218.75,-609.375,-164.0625,-250.0,-593.75,-250.0,-359.375,-617.1875,-148.4375
1514261,-296.875,507.8125,531.25,-281.25,-640.625,46.875,-250.0,-640.625,-171.875,-273.4375,-617.1875,-265.625,-359.375,-640.625,-140.625
1514261,-296.875,507.8125,531.25,-281.25,-640.625,46.875,-250.0,-640.625,-171.875,-273.4375,-617.1875,-265.625,-359.375,-640.625,-140.625
1514261,-335.9375,468.75,546.875,-296.875,-664.0625,7.8125,-289.0625,-640.625,-179.6875,-296.875,-625.0,-273.4375,-367.1875,-656.25,-140.625
1514261,-335.9375,468.75,546.875,-296.875,-664.0625,7.8125,-289.0625,-640.625,-179.6875,-296.875,-625.0,-273.4375,-367.1875,-656.25,-140.625
1514269,-359.375,414.0625,570.3125,-320.3125,-710.9375,-23.4375,-296.875,-679.6875,-210.9375,-320.3125,-656.25,-289.0625,-398.4375,-687.5,-148.4375
1514269,-359.375,414.0625,570.3125,-320.3125,-710.9375,-23.4375,-296.875,-679.6875,-210.9375,-320.3125,-656.25,-289.0625,-398.4375,-687.5,-148.4375
1514415,-250.0,625.0,687.5,-234.375,-882.8125,62.5,-171.875,-835.9375,-304.6875,-218.75,-757.8125,-453.125,-335.9375,-820.3125,-296.875
1514415,-250.0,625.0,687.5,-234.375,-882.8125,62.5,-171.875,-835.9375,-304.6875,-218.75,-757.8125,-453.125,-335.9375,-820.3125,-296.875
1514423,-257.8125,609.375,687.5,-234.375,-890.625,70.3125,-187.5,-843.75,-296.875,-234.375,-773.4375,-453.125,-335.9375,-820.3125,-281.25
1514423,-257.8125,609.375,687.5,-234.375,-890.625,70.3125,-187.5,-843.75,-296.875,-234.375,-773.4375,-453.125,-335.9375,-820.3125,-281.25
1514423,-265.625,578.125,703.125,-218.75,-898.4375,62.5,-195.3125,-835.9375,-312.5,-234.375,-765.625,-453.125,-335.9375,-820.3125,-281.25
1514423,-265.625,578.125,703.125,-218.75,-898.4375,62.5,-195.3125,-835.9375,-312.5,-234.375,-765.625,-453.125,-335.9375,-820.3125,-281.25
1514431,-273.4375,539.0625,695.3125,-226.5625,-914.0625,39.0625,-210.9375,-859.375,-320.3125,-257.8125,-781.25,-460.9375,-359.375,-828.125,-281.25
1514431,-273.4375,539.0625,695.3125,-226.5625,-914.0625,39.0625,-210.9375,-859.375,-320.3125,-257.8125,-781.25,-460.9375,-359.375,-828.125,-281.25
1514576,-234.375,656.25,773.4375,-171.875,-1031.25,117.1875,-164.0625,-976.5625,-335.9375,-234.375,-875.0,-500.0,-359.375,-929.6875,-296.875
1514576,-234.375,656.25,773.4375,-171.875,-1031.25,117.1875,-164.0625,-976.5625,-335.9375,-234.375,-875.0,-500.0,-359.375,-929.6875,-296.875
1514584,-234.375,664.0625,773.4375,-187.5,-1023.4375,109.375,-164.0625,-968.75,-335.9375,-234.375,-867.1875,-515.625,-351.5625,-929.6875,-312.5
1514584,-234.375,664.0625,773.4375,-187.5,-1023.4375,109.375,-164.0625,-968.75,-335.9375,-234.375,-867.1875,-515.625,-351.5625,-929.6875,-312.5
1514584,-250.0,671.875,757.8125,-195.3125,-1023.4375,101.5625,-164.0625,-960.9375,-343.75,-210.9375,-867.1875,-507.8125,-328.125,-929.6875,-304.6875
1514584,-250.0,671.875,757.8125,-195.3125,-1023.4375,101.5625,-164.0625,-960.9375,-343.75,-210.9375,-867.1875,-507.8125,-328.125,-929.6875,-304.6875
1514592,-250.0,648.4375,757.8125,-203.125,-1007.8125,93.75,-164.0625,-953.125,-320.3125,-203.125,-859.375,-507.8125,-320.3125,-914.0625,-304.6875
1514592,-250.0,648.4375,757.8125,-203.125,-1007.8125,93.75,-164.0625,-953.125,-320.3125,-203.125,-859.375,-507.8125,-320.3125,-914.0625,-304.6875
1514737,-296.875,562.5,726.5625,-265.625,-945.3125,31.25,-226.5625,-882.8125,-304.6875,-250.0,-812.5,-437.5,-351.5625,-851.5625,-257.8125
1514737,-296.875,562.5,726.5625,-265.625,-945.3125,31.25,-226.5625,-882.8125,-304.6875,-250.0,-812.5,-437.5,-351.5625,-851.5625,-257.8125
1514745,-296.875,570.3125,718.75,-257.8125,-937.5,46.875,-218.75,-882.8125,-304.6875,-265.625,-812.5,-437.5,-375.0,-851.5625,-250.0
1514745,-296.875,570.3125,718.75,-257.8125,-937.5,46.875,-218.75,-882.8125,-304.6875,-265.625,-812.5,-437.5,-375.0,-851.5625,-250.0
1514745,-304.6875,570.3125,718.75,-250.0,-945.3125,46.875,-226.5625,-890.625,-304.6875,-265.625,-820.3125,-437.5,-375.0,-851.5625,-257.8125
1514745,-304.6875,570.3125,718.75,-250.0,-945.3125,46.875,-226.5625,-890.625,-304.6875,-265.625,-820.3125,-437.5,-375.0,-851.5625,-257.8125
1514753,-296.875,585.9375,726.5625,-250.0,-945.3125,54.6875,-226.5625,-898.4375,-304.6875,-273.4375,-820.3125,-445.3125,-390.625,-867.1875,-265.625
1514753,-296.875,585.9375,726.5625,-250.0,-945.3125,54.6875,-226.5625,-898.4375,-304.6875,-273.4375,-820.3125,-445.3125,-390.625,-867.1875,-265.625
1514898,-273.4375,632.8125,757.8125,-210.9375,-1000.0,101.5625,-187.5,-960.9375,-328.125,-218.75,-867.1875,-500.0,-335.9375,-921.875,-304.6875
1514898,-273.4375,632.8125,757.8125,-210.9375,-1000.0,101.5625,-187.5,-960.9375,-328.125,-218.75,-867.1875,-500.0,-335.9375,-921.875,-304.6875
1514907,-281.25,632.8125,742.1875,-210.9375,-1000.0,109.375,-164.0625,-953.125,-328.125,-218.75,-859.375,-500.0,-343.75,-914.0625,-304.6875
1514907,-281.25,632.8125,742.1875,-210.9375,-1000.0,109.375,-164.0625,-953.125,-328.125,-218.75,-859.375,-500.0,-343.75,-914.0625,-304.6875
1514907,-281.25,632.8125,757.8125,-210.9375,-1007.8125,109.375,-164.0625,-953.125,-312.5,-218.75,-875.0,-500.0,-351.5625,-929.6875,-296.875
1514907,-281.25,632.8125,757.8125,-210.9375,-1007.8125,109.375,-164.0625,-953.125,-312.5,-218.75,-875.0,-500.0,-351.5625,-929.6875,-296.875
1514914,-265.625,640.625,750.0,-210.9375,-1015.625,101.5625,-171.875,-968.75,-320.3125,-210.9375,-875.0,-484.375,-343.75,-921.875,-289.0625
1514914,-265.625,640.625,750.0,-210.9375,-1015.625,101.5625,-171.875,-968.75,-320.3125,-210.9375,-875.0,-484.375,-343.75,-921.875,-289.0625
1515060,-281.25,609.375,757.8125,-242.1875,-1000.0,70.3125,-210.9375,-937.5,-320.3125,-250.0,-851.5625,-476.5625,-351.5625,-898.4375,-289.0625
1515060,-281.25,609.375,757.8125,-242.1875,-1000.0,70.3125,-210.9375,-937.5,-320.3125,-250.0,-851.5625,-476.5625,-351.5625,-898.4375,-289.0625
1515068,-281.25,593.75,757.8125,-250.0,-992.1875,70.3125,-218.75,-937.5,-328.125,-250.0,-851.5625,-484.375,-351.5625,-898.4375,-289.0625
1515068,-281.25,593.75,757.8125,-250.0,-992.1875,70.3125,-218.75,-937.5,-328.125,-250.0,-851.5625,-484.375,-351.5625,-898.4375,-289.0625
1515068,-273.4375,601.5625,757.8125,-242.1875,-992.1875,62.5,-210.9375,-929.6875,-320.3125,-242.1875,-835.9375,-476.5625,-359.375,-890.625,-289.0625
1515068,-273.4375,601.5625,757.8125,-242.1875,-992.1875,62.5,-210.9375,-929.6875,-320.3125,-242.1875,-835.9375,-476.5625,-359.375,-890.625,-289.0625
1515076,-281.25,593.75,750.0,-242.1875,-992.1875,62.5,-210.9375,-929.6875,-312.5,-257.8125,-851.5625,-476.5625,-359.375,-890.625,-289.0625
1515076,-281.25,593.75,750.0,-242.1875,-992.1875,62.5,-210.9375,-929.6875,-312.5,-257.8125,-851.5625,-476.5625,-359.375,-890.625,-289.0625
