1503213,-70.3125,703.125,718.75,-54.6875,-804.6875,632.8125,210.9375,-968.75,226.5625,351.5625,-929.6875,-140.625,554.6875,-828.125,-23.4375
1503213,-70.3125,703.125,718.75,-54.6875,-804.6875,632.8125,210.9375,-968.75,226.5625,351.5625,-929.6875,-140.625,554.6875,-828.125,-23.4375
1503213,-70.3125,695.3125,718.75,-62.5,-804.6875,632.8125,203.125,-968.75,226.5625,351.5625,-921.875,-140.625,570.3125,-828.125,-15.625
1503213,-70.3125,695.3125,718.75,-62.5,-804.6875,632.8125,203.125,-968.75,226.5625,351.5625,-921.875,-140.625,570.3125,-828.125,-15.625
1503221,-70.3125,695.3125,718.75,-62.5,-812.5,632.8125,203.125,-976.5625,226.5625,351.5625,-929.6875,-140.625,554.6875,-835.9375,-15.625
1503221,-70.3125,695.3125,718.75,-62.5,-812.5,632.8125,203.125,-976.5625,226.5625,351.5625,-929.6875,-140.625,554.6875,-835.9375,-15.625
1503221,-62.5,687.5,726.5625,-62.5,-812.5,632.8125,203.125,-976.5625,218.75,359.375,-929.6875,-140.625,554.6875,-828.125,-15.625
1503221,-62.5,687.5,726.5625,-62.5,-812.5,632.8125,203.125,-976.5625,218.75,359.375,-929.6875,-140.625,554.6875,-828.125,-15.625
1503374,-70.3125,703.125,718.75,-62.5,-804.6875,632.8125,203.125,-960.9375,226.5625,351.5625,-921.875,-140.625,562.5,-828.125,-15.625
1503374,-70.3125,703.125,718.75,-62.5,-804.6875,632.8125,203.125,-960.9375,226.5625,351.5625,-921.875,-140.625,562.5,-828.125,-15.625
1503374,-62.5,695.3125,726.5625,-62.5,-804.6875,640.625,203.125,-968.75,218.75,359.375,-929.6875,-156.25,554.6875,-828.125,-15.625
1503374,-62.5,695.3125,726.5625,-62.5,-804.6875,640.625,203.125,-968.75,218.75,359.375,-929.6875,-156.25,554.6875,-828.125,-15.625
1503382,-70.3125,695.3125,718.75,-62.5,-804.6875,640.625,210.9375,-968.75,226.5625,351.5625,-921.875,-148.4375,554.6875,-828.125,-15.625
1503382,-70.3125,695.3125,718.75,-62.5,-804.6875,640.625,210.9375,-968.75,226.5625,351.5625,-921.875,-148.4375,554.6875,-828.125,-15.625
1503382,-78.125,695.3125,718.75,-62.5,-804.6875,632.8125,203.125,-968.75,226.5625,351.5625,-921.875,-140.625,554.6875,-828.125,-7.8125
1503382,-78.125,695.3125,718.75,-62.5,-804.6875,632.8125,203.125,-968.75,226.5625,351.5625,-921.875,-140.625,554.6875,-828.125,-7.8125
1503471,-78.125,695.3125,718.75,-62.5,-804.6875,632.8125,203.125,-960.9375,226.5625,351.5625,-914.0625,-140.625,554.6875,-820.3125,-23.4375
1503471,-78.125,695.3125,718.75,-62.5,-804.6875,632.8125,203.125,-960.9375,226.5625,351.5625,-914.0625,-140.625,554.6875,-820.3125,-23.4375
1503479,-70.3125,695.3125,710.9375,-54.6875,-804.6875,632.8125,203.125,-960.9375,226.5625,343.75,-921.875,-148.4375,554.6875,-828.125,-23.4375
1503479,-70.3125,695.3125,710.9375,-54.6875,-804.6875,632.8125,203.125,-960.9375,226.5625,343.75,-921.875,-148.4375,554.6875,-828.125,-23.4375
1503479,-70.3125,695.3125,718.75,-54.6875,-804.6875,625.0,203.125,-968.75,226.5625,351.5625,-914.0625,-140.625,554.6875,-820.3125,-15.625
1503479,-70.3125,695.3125,718.75,-54.6875,-804.6875,625.0,203.125,-968.75,226.5625,351.5625,-914.0625,-140.625,554.6875,-820.3125,-15.625
1503487,-70.3125,703.125,718.75,-62.5,-796.875,632.8125,203.125,-960.9375,226.5625,351.5625,-921.875,-156.25,554.6875,-820.3125,-23.4375
1503487,-70.3125,703.125,718.75,-62.5,-796.875,632.8125,203.125,-960.9375,226.5625,351.5625,-921.875,-156.25,554.6875,-820.3125,-23.4375
1503632,-70.3125,695.3125,718.75,-54.6875,-796.875,625.0,203.125,-960.9375,226.5625,351.5625,-906.25,-132.8125,554.6875,-812.5,-23.4375
1503632,-70.3125,695.3125,718.75,-54.6875,-796.875,625.0,203.125,-960.9375,226.5625,351.5625,-906.25,-132.8125,554.6875,-812.5,-23.4375
1503640,-70.3125,687.5,718.75,-54.6875,-796.875,640.625,203.125,-953.125,226.5625,359.375,-914.0625,-140.625,554.6875,-820.3125,-23.4375
1503640,-70.3125,687.5,718.75,-54.6875,-796.875,640.625,203.125,-953.125,226.5625,359.375,-914.0625,-140.625,554.6875,-820.3125,-23.4375
1503640,-70.3125,695.3125,718.75,-54.6875,-796.875,632.8125,203.125,-960.9375,234.375,359.375,-914.0625,-140.625,554.6875,-820.3125,-15.625
1503640,-70.3125,695.3125,718.75,-54.6875,-796.875,632.8125,203.125,-960.9375,234.375,359.375,-914.0625,-140.625,554.6875,-820.3125,-15.625
1503648,-62.5,687.5,703.125,-62.5,-796.875,625.0,203.125,-953.125,234.375,359.375,-914.0625,-140.625,554.6875,-820.3125,-15.625
1503648,-62.5,687.5,703.125,-62.5,-796.875,625.0,203.125,-953.125,234.375,359.375,-914.0625,-140.625,554.6875,-820.3125,-15.625
1503794,-70.3125,695.3125,726.5625,-62.5,-804.6875,632.8125,210.9375,-968.75,226.5625,343.75,-914.0625,-148.4375,546.875,-835.9375,-15.625
1503794,-70.3125,695.3125,726.5625,-62.5,-804.6875,632.8125,210.9375,-968.75,226.5625,343.75,-914.0625,-148.4375,546.875,-835.9375,-15.625
1503801,-78.125,710.9375,718.75,-62.5,-796.875,625.0,210.9375,-968.75,234.375,359.375,-921.875,-148.4375,562.5,-828.125,-23.4375
1503801,-78.125,710.9375,718.75,-62.5,-796.875,625.0,210.9375,-968.75,234.375,359.375,-921.875,-148.4375,562.5,-828.125,-23.4375
1503802,-70.3125,703.125,718.75,-54.6875,-796.875,632.8125,210.9375,-968.75,218.75,359.375,-921.875,-148.4375,554.6875,-820.3125,-31.25
1503802,-70.3125,703.125,718.75,-54.6875,-796.875,632.8125,210.9375,-968.75,218.75,359.375,-921.875,-148.4375,554.6875,-820.3125,-31.25
1503810,-70.3125,703.125,718.75,-54.6875,-804.6875,632.8125,203.125,-968.75,226.5625,351.5625,-921.875,-132.8125,554.6875,-820.3125,-23.4375
1503810,-70.3125,703.125,718.75,-54.6875,-804.6875,632.8125,203.125,-968.75,226.5625,351.5625,-921.875,-132.8125,554.6875,-820.3125,-23.4375
1503955,-78.125,703.125,718.75,-62.5,-804.6875,632.8125,203.125,-968.75,218.75,351.5625,-921.875,-140.625,562.5,-820.3125,-23.4375
1503955,-78.125,703.125,718.75,-62.5,-804.6875,632.8125,203.125,-968.75,218.75,351.5625,-921.875,-140.625,562.5,-820.3125,-23.4375
1503963,-78.125,703.125,710.9375,-62.5,-796.875,632.8125,203.125,-968.75,226.5625,343.75,-914.0625,-140.625,562.5,-828.125,-15.625
1503963,-78.125,703.125,710.9375,-62.5,-796.875,632.8125,203.125,-968.75,226.5625,343.75,-914.0625,-140.625,562.5,-828.125,-15.625
1503963,-70.3125,703.125,718.75,-54.6875,-804.6875,632.8125,203.125,-960.9375,226.5625,351.5625,-929.6875,-132.8125,554.6875,-835.9375,-31.25
1503963,-70.3125,703.125,718.75,-54.6875,-804.6875,632.8125,203.125,-960.9375,226.5625,351.5625,-929.6875,-132.8125,554.6875,-835.9375,-31.25
1503971,-70.3125,703.125,710.9375,-62.5,-804.6875,632.8125,195.3125,-960.9375,218.75,359.375,-921.875,-140.625,554.6875,-820.3125,-15.625
1503971,-70.3125,703.125,710.9375,-62.5,-804.6875,632.8125,195.3125,-960.9375,218.75,359.375,-921.875,-140.625,554.6875,-820.3125,-15.625
1504116,-78.125,703.125,718.75,-62.5,-804.6875,632.8125,210.9375,-968.75,218.75,351.5625,-929.6875,-148.4375,562.5,-828.125,-15.625
1504116,-78.125,703.125,718.75,-62.5,-804.6875,632.8125,210.9375,-968.75,218.75,351.5625,-929.6875,-148.4375,562.5,-828.125,-15.625
1504124,-70.3125,703.125,718.75,-62.5,-804.6875,625.0,203.125,-960.9375,226.5625,351.5625,-921.875,-140.625,554.6875,-828.125,-23.4375
1504124,-70.3125,703.125,718.75,-62.5,-804.6875,625.0,203.125,-960.9375,226.5625,351.5625,-921.875,-140.625,554.6875,-828.125,-23.4375
1504124,-70.3125,695.3125,726.5625,-62.5,-804.6875,625.0,210.9375,-968.75,218.75,343.75,-929.6875,-148.4375,562.5,-828.125,-23.4375
1504124,-70.3125,695.3125,726.5625,-62.5,-804.6875,625.0,210.9375,-968.75,218.75,343.75,-929.6875,-148.4375,562.5,-828.125,-23.4375
1504131,-70.3125,703.125,710.9375,-54.6875,-804.6875,632.8125,203.125,-976.5625,218.75,351.5625,-921.875,-148.4375,554.6875,-820.3125,-23.4375
1504131,-70.3125,703.125,710.9375,-54.6875,-804.6875,632.8125,203.125,-976.5625,218.75,351.5625,-921.875,-148.4375,554.6875,-820.3125,-23.4375
1504277,-78.125,703.125,710.9375,-62.5,-804.6875,625.0,203.125,-960.9375,226.5625,351.5625,-914.0625,-148.4375,554.6875,-820.3125,-15.625
1504277,-78.125,703.125,710.9375,-62.5,-804.6875,625.0,203.125,-960.9375,226.5625,351.5625,-914.0625,-148.4375,554.6875,-820.3125,-15.625
1504285,-78.125,703.125,710.9375,-62.5,-796.875,625.0,203.125,-968.75,226.5625,343.75,-929.6875,-148.4375,554.6875,-820.3125,-31.25
1504285,-78.125,703.125,710.9375,-62.5,-796.875,625.0,203.125,-968.75,226.5625,343.75,-929.6875,-148.4375,554.6875,-820.3125,-31.25
1504285,-78.125,703.125,718.75,-62.5,-812.5,632.8125,203.125,-976.5625,218.75,351.5625,-921.875,-140.625,554.6875,-820.3125,-23.4375
1504285,-78.125,703.125,718.75,-62.5,-812.5,632.8125,203.125,-976.5625,218.75,351.5625,-921.875,-140.625,554.6875,-820.3125,-23.4375
1504293,-70.3125,703.125,718.75,-62.5,-796.875,632.8125,210.9375,-960.9375,226.5625,351.5625,-914.0625,-148.4375,562.5,-828.125,-23.4375
1504293,-70.3125,703.125,718.75,-62.5,-796.875,632.8125,210.9375,-960.9375,226.5625,351.5625,-914.0625,-148.4375,562.5,-828.125,-23.4375
1504431,-62.5,695.3125,710.9375,-62.5,-796.875,625.0,203.125,-960.9375,218.75,351.5625,-921.875,-156.25,562.5,-820.3125,-23.4375
1504431,-62.5,695.3125,710.9375,-62.5,-796.875,625.0,203.125,-960.9375,218.75,351.5625,-921.875,-156.25,562.5,-820.3125,-23.4375
1504438,-70.3125,703.125,718.75,-46.875,-796.875,632.8125,203.125,-953.125,218.75,359.375,-921.875,-132.8125,546.875,-812.5,-31.25
1504438,-70.3125,703.125,718.75,-46.875,-796.875,632.8125,203.125,-953.125,218.75,359.375,-921.875,-132.8125,546.875,-812.5,-31.25
1504446,-70.3125,695.3125,710.9375,-54.6875,-804.6875,625.0,210.9375,-960.9375,218.75,351.5625,-906.25,-140.625,546.875,-820.3125,-23.4375
1504446,-70.3125,695.3125,710.9375,-54.6875,-804.6875,625.0,210.9375,-960.9375,218.75,351.5625,-906.25,-140.625,546.875,-820.3125,-23.4375
1504447,-70.3125,687.5,710.9375,-54.6875,-789.0625,632.8125,203.125,-953.125,226.5625,351.5625,-914.0625,-140.625,554.6875,-812.5,-23.4375
1504447,-70.3125,687.5,710.9375,-54.6875,-789.0625,632.8125,203.125,-953.125,226.5625,351.5625,-914.0625,-140.625,554.6875,-812.5,-23.4375
1504592,-101.5625,710.9375,726.5625,-78.125,-804.6875,648.4375,195.3125,-976.5625,234.375,335.9375,-937.5,-132.8125,546.875,-851.5625,-7.8125
1504592,-101.5625,710.9375,726.5625,-78.125,-804.6875,648.4375,195.3125,-976.5625,234.375,335.9375,-937.5,-132.8125,546.875,-851.5625,-7.8125
1504600,-85.9375,710.9375,734.375,-78.125,-820.3125,648.4375,210.9375,-960.9375,226.5625,343.75,-929.6875,-148.4375,562.5,-843.75,-23.4375
1504600,-85.9375,710.9375,734.375,-78.125,-820.3125,648.4375,210.9375,-960.9375,226.5625,343.75,-929.6875,-148.4375,562.5,-843.75,-23.4375
1504608,-85.9375,703.125,734.375,-78.125,-820.3125,625.0,203.125,-976.5625,242.1875,359.375,-937.5,-140.625,578.125,-843.75,-15.625
1504608,-85.9375,703.125,734.375,-78.125,-820.3125,625.0,203.125,-976.5625,242.1875,359.375,-937.5,-140.625,578.125,-843.75,-15.625
1504608,-62.5,710.9375,726.5625,-70.3125,-820.3125,640.625,195.3125,-992.1875,234.375,359.375,-937.5,-140.625,570.3125,-843.75,-15.625
1504608,-62.5,710.9375,726.5625,-70.3125,-820.3125,640.625,195.3125,-992.1875,234.375,359.375,-937.5,-140.625,570.3125,-843.75,-15.625
1504656,-46.875,765.625,718.75,-46.875,-781.25,640.625,210.9375,-984.375,226.5625,359.375,-937.5,-148.4375,578.125,-906.25,-15.625
1504656,-46.875,765.625,718.75,-46.875,-781.25,640.625,210.9375,-984.375,226.5625,359.375,-937.5,-148.4375,578.125,-906.25,-15.625
1504664,-46.875,765.625,703.125,-54.6875,-804.6875,648.4375,195.3125,-976.5625,218.75,367.1875,-945.3125,-125.0,570.3125,-875.0,-7.8125
1504664,-46.875,765.625,703.125,-54.6875,-804.6875,648.4375,195.3125,-976.5625,218.75,367.1875,-945.3125,-125.0,570.3125,-875.0,-7.8125
1504664,-62.5,726.5625,710.9375,-54.6875,-804.6875,648.4375,218.75,-968.75,242.1875,375.0,-937.5,-132.8125,601.5625,-828.125,0.0
1504664,-62.5,726.5625,710.9375,-54.6875,-804.6875,648.4375,218.75,-968.75,242.1875,375.0,-937.5,-132.8125,601.5625,-828.125,0.0
1504672,-70.3125,703.125,726.5625,-62.5,-804.6875,640.625,234.375,-960.9375,242.1875,382.8125,-921.875,-148.4375,601.5625,-820.3125,-15.625
1504672,-70.3125,703.125,726.5625,-62.5,-804.6875,640.625,234.375,-960.9375,242.1875,382.8125,-921.875,-148.4375,601.5625,-820.3125,-15.625
1504817,218.75,1179.6875,906.25,140.625,-1234.375,1062.5,531.25,-1585.9375,453.125,1117.1875,-1546.875,117.1875,1265.625,-1257.8125,507.8125
1504817,218.75,1179.6875,906.25,140.625,-1234.375,1062.5,531.25,-1585.9375,453.125,1117.1875,-1546.875,117.1875,1265.625,-1257.8125,507.8125
1504825,218.75,1140.625,914.0625,164.0625,-1257.8125,1132.8125,570.3125,-1585.9375,460.9375,1070.3125,-1476.5625,93.75,1281.25,-1218.75,476.5625
1504825,218.75,1140.625,914.0625,164.0625,-1257.8125,1132.8125,570.3125,-1585.9375,460.9375,1070.3125,-1476.5625,93.75,1281.25,-1218.75,476.5625
1504825,195.3125,1187.5,906.25,195.3125,-1281.25,1164.0625,601.5625,-1585.9375,507.8125,1023.4375,-1406.25,39.0625,1281.25,-1164.0625,445.3125
1504825,195.3125,1187.5,906.25,195.3125,-1281.25,1164.0625,601.5625,-1585.9375,507.8125,1023.4375,-1406.25,39.0625,1281.25,-1164.0625,445.3125
1504834,140.625,1218.75,906.25,210.9375,-1281.25,1187.5,562.5,-1765.625,570.3125,1000.0,-1281.25,0.0,1304.6875,-1125.0,390.625
1504834,140.625,1218.75,906.25,210.9375,-1281.25,1187.5,562.5,-1765.625,570.3125,1000.0,-1281.25,0.0,1304.6875,-1125.0,390.625
1504979,-195.3125,1085.9375,875.0,-62.5,-1375.0,625.0,203.125,-1570.3125,23.4375,507.8125,-1406.25,-492.1875,726.5625,-1375.0,-148.4375
1504979,-195.3125,1085.9375,875.0,-62.5,-1375.0,625.0,203.125,-1570.3125,23.4375,507.8125,-1406.25,-492.1875,726.5625,-1375.0,-148.4375
1504987,-218.75,1023.4375,875.0,-54.6875,-1343.75,648.4375,210.9375,-1562.5,23.4375,484.375,-1398.4375,-515.625,687.5,-1398.4375,-171.875
1504987,-218.75,1023.4375,875.0,-54.6875,-1343.75,648.4375,210.9375,-1562.5,23.4375,484.375,-1398.4375,-515.625,687.5,-1398.4375,-171.875
1504987,-226.5625,1000.0,859.375,-31.25,-1328.125,632.8125,210.9375,-1546.875,31.25,468.75,-1382.8125,-515.625,640.625,-1406.25,-195.3125
1504987,-226.5625,1000.0,859.375,-31.25,-1328.125,632.8125,210.9375,-1546.875,31.25,468.75,-1382.8125,-515.625,640.625,-1406.25,-195.3125
1504995,-210.9375,968.75,843.75,-31.25,-1312.5,601.5625,234.375,-1515.625,31.25,460.9375,-1343.75,-531.25,609.375,-1382.8125,-234.375
1504995,-210.9375,968.75,843.75,-31.25,-1312.5,601.5625,234.375,-1515.625,31.25,460.9375,-1343.75,-531.25,609.375,-1382.8125,-234.375
1505059,-179.6875,484.375,492.1875,39.0625,-773.4375,179.6875,109.375,-789.0625,-179.6875,195.3125,-656.25,-468.75,273.4375,-796.875,-328.125
1505059,-179.6875,484.375,492.1875,39.0625,-773.4375,179.6875,109.375,-789.0625,-179.6875,195.3125,-656.25,-468.75,273.4375,-796.875,-328.125
1505068,-187.5,429.6875,453.125,31.25,-710.9375,187.5,125.0,-750.0,-148.4375,187.5,-648.4375,-437.5,273.4375,-789.0625,-250.0
1505068,-187.5,429.6875,453.125,31.25,-710.9375,187.5,125.0,-750.0,-148.4375,187.5,-648.4375,-437.5,273.4375,-789.0625,-250.0
1505068,-203.125,375.0,390.625,31.25,-687.5,164.0625,132.8125,-710.9375,-125.0,195.3125,-625.0,-398.4375,289.0625,-796.875,-195.3125
1505068,-203.125,375.0,390.625,31.25,-687.5,164.0625,132.8125,-710.9375,-125.0,195.3125,-625.0,-398.4375,289.0625,-796.875,-195.3125
1505076,-203.125,343.75,328.125,39.0625,-625.0,148.4375,125.0,-671.875,-109.375,187.5,-585.9375,-367.1875,273.4375,-765.625,-179.6875
1505076,-203.125,343.75,328.125,39.0625,-625.0,148.4375,125.0,-671.875,-109.375,187.5,-585.9375,-367.1875,273.4375,-765.625,-179.6875
1505221,-54.6875,-804.6875,-1093.75,195.3125,1828.125,23.4375,-195.3125,1882.8125,-234.375,-7.8125,2023.4375,843.75,203.125,1945.3125,273.4375
1505221,-54.6875,-804.6875,-1093.75,195.3125,1828.125,23.4375,-195.3125,1882.8125,-234.375,-7.8125,2023.4375,843.75,203.125,1945.3125,273.4375
1505229,85.9375,-609.375,-1148.4375,171.875,1765.625,-148.4375,-78.125,2054.6875,148.4375,-367.1875,1875.0,890.625,7.8125,2109.375,460.9375
1505229,85.9375,-609.375,-1148.4375,171.875,1765.625,-148.4375,-78.125,2054.6875,148.4375,-367.1875,1875.0,890.625,7.8125,2109.375,460.9375
1505229,187.5,-484.375,-1187.5,-250.0,2218.75,-476.5625,171.875,2414.0625,531.25,-523.4375,2164.0625,890.625,-343.75,2445.3125,-39.0625
1505229,187.5,-484.375,-1187.5,-250.0,2218.75,-476.5625,171.875,2414.0625,531.25,-523.4375,2164.0625,890.625,-343.75,2445.3125,-39.0625
1505237,203.125,-539.0625,-1156.25,-500.0,3203.125,-867.1875,226.5625,3109.375,804.6875,-531.25,2617.1875,867.1875,-335.9375,2570.3125,-375.0
1505237,203.125,-539.0625,-1156.25,-500.0,3203.125,-867.1875,226.5625,3109.375,804.6875,-531.25,2617.1875,867.1875,-335.9375,2570.3125,-375.0
1505382,-539.0625,2304.6875,3078.125,179.6875,-3992.1875,460.9375,-46.875,-3992.1875,-1187.5,85.9375,-3992.1875,-1960.9375,-640.625,-3992.1875,-578.125
1505382,-539.0625,2304.6875,3078.125,179.6875,-3992.1875,460.9375,-46.875,-3992.1875,-1187.5,85.9375,-3992.1875,-1960.9375,-640.625,-3992.1875,-578.125
1505390,-703.125,2445.3125,3023.4375,46.875,-3992.1875,585.9375,-85.9375,-3992.1875,-953.125,171.875,-3992.1875,-1773.4375,-429.6875,-3992.1875,-406.25
1505390,-703.125,2445.3125,3023.4375,46.875,-3992.1875,585.9375,-85.9375,-3992.1875,-953.125,171.875,-3992.1875,-1773.4375,-429.6875,-3992.1875,-406.25
1505390,-562.5,2523.4375,2828.125,-31.25,-3992.1875,710.9375,-31.25,-3992.1875,-859.375,257.8125,-3992.1875,-1617.1875,-375.0,-3992.1875,-289.0625
1505390,-562.5,2523.4375,2828.125,-31.25,-3992.1875,710.9375,-31.25,-3992.1875,-859.375,257.8125,-3992.1875,-1617.1875,-375.0,-3992.1875,-289.0625
1505398,-656.25,2593.75,2500.0,-195.3125,-3992.1875,804.6875,-7.8125,-3992.1875,-703.125,125.0,-3968.75,-1476.5625,-695.3125,-3992.1875,-265.625
1505398,-656.25,2593.75,2500.0,-195.3125,-3992.1875,804.6875,-7.8125,-3992.1875,-703.125,125.0,-3968.75,-1476.5625,-695.3125,-3992.1875,-265.625
1505543,-335.9375,914.0625,632.8125,-140.625,-1117.1875,328.125,-31.25,-1187.5,-203.125,0.0,-1093.75,-421.875,-179.6875,-1140.625,-125.0
1505543,-335.9375,914.0625,632.8125,-140.625,-1117.1875,328.125,-31.25,-1187.5,-203.125,0.0,-1093.75,-421.875,-179.6875,-1140.625,-125.0
1505551,-296.875,937.5,664.0625,-148.4375,-1156.25,296.875,-46.875,-1164.0625,-195.3125,-7.8125,-1078.125,-421.875,-187.5,-1125.0,-132.8125
1505551,-296.875,937.5,664.0625,-148.4375,-1156.25,296.875,-46.875,-1164.0625,-195.3125,-7.8125,-1078.125,-421.875,-187.5,-1125.0,-132.8125
1505552,-351.5625,906.25,671.875,-187.5,-1164.0625,257.8125,-78.125,-1156.25,-187.5,-15.625,-1085.9375,-421.875,-195.3125,-1132.8125,-140.625
1505552,-351.5625,906.25,671.875,-187.5,-1164.0625,257.8125,-78.125,-1156.25,-187.5,-15.625,-1085.9375,-421.875,-195.3125,-1132.8125,-140.625
1505559,-359.375,882.8125,695.3125,-210.9375,-1156.25,234.375,-117.1875,-1171.875,-187.5,-46.875,-1093.75,-414.0625,-203.125,-1140.625,-140.625
1505559,-359.375,882.8125,695.3125,-210.9375,-1156.25,234.375,-117.1875,-1171.875,-187.5,-46.875,-1093.75,-414.0625,-203.125,-1140.625,-140.625
1505704,-320.3125,734.375,492.1875,-117.1875,-1007.8125,351.5625,46.875,-1062.5,-132.8125,101.5625,-976.5625,-359.375,-78.125,-1031.25,-109.375
1505704,-320.3125,734.375,492.1875,-117.1875,-1007.8125,351.5625,46.875,-1062.5,-132.8125,101.5625,-976.5625,-359.375,-78.125,-1031.25,-109.375
1505713,-304.6875,765.625,515.625,-109.375,-1000.0,359.375,39.0625,-1039.0625,-132.8125,78.125,-960.9375,-351.5625,-93.75,-1023.4375,-117.1875
1505713,-304.6875,765.625,515.625,-109.375,-1000.0,359.375,39.0625,-1039.0625,-132.8125,78.125,-960.9375,-351.5625,-93.75,-1023.4375,-117.1875
1505713,-320.3125,781.25,531.25,-140.625,-1007.8125,320.3125,31.25,-1039.0625,-132.8125,70.3125,-968.75,-359.375,-85.9375,-1023.4375,-125.0
1505713,-320.3125,781.25,531.25,-140.625,-1007.8125,320.3125,31.25,-1039.0625,-132.8125,70.3125,-968.75,-359.375,-85.9375,-1023.4375,-125.0
1505720,-328.125,773.4375,539.0625,-179.6875,-1000.0,289.0625,-15.625,-1031.25,-148.4375,62.5,-968.75,-375.0,-85.9375,-1023.4375,-125.0
1505720,-328.125,773.4375,539.0625,-179.6875,-1000.0,289.0625,-15.625,-1031.25,-148.4375,62.5,-968.75,-375.0,-85.9375,-1023.4375,-125.0
1505866,-312.5,867.1875,468.75,-242.1875,-898.4375,328.125,-15.625,-984.375,-46.875,85.9375,-929.6875,-273.4375,-54.6875,-976.5625,-62.5
1505866,-312.5,867.1875,468.75,-242.1875,-898.4375,328.125,-15.625,-984.375,-46.875,85.9375,-929.6875,-273.4375,-54.6875,-976.5625,-62.5
1505874,-296.875,875.0,476.5625,-234.375,-898.4375,328.125,-23.4375,-968.75,-46.875,70.3125,-929.6875,-273.4375,-70.3125,-968.75,-62.5
1505874,-296.875,875.0,476.5625,-234.375,-898.4375,328.125,-23.4375,-968.75,-46.875,70.3125,-929.6875,-273.4375,-70.3125,-968.75,-62.5
1505874,-281.25,890.625,492.1875,-242.1875,-898.4375,312.5,-23.4375,-976.5625,-46.875,62.5,-937.5,-265.625,-85.9375,-976.5625,-46.875
1505874,-281.25,890.625,492.1875,-242.1875,-898.4375,312.5,-23.4375,-976.5625,-46.875,62.5,-937.5,-265.625,-85.9375,-976.5625,-46.875
1505882,-281.25,898.4375,492.1875,-250.0,-906.25,312.5,-39.0625,-976.5625,-54.6875,54.6875,-929.6875,-273.4375,-85.9375,-976.5625,-62.5
1505882,-281.25,898.4375,492.1875,-250.0,-906.25,312.5,-39.0625,-976.5625,-54.6875,54.6875,-929.6875,-273.4375,-85.9375,-976.5625,-62.5
