1486602,2226.875,3250.625,-1281.875
1486602,2226.875,3250.625,-1281.875
1486613,2498.125,3141.25,-918.75
1486613,2498.125,3141.25,-918.75
1486623,2257.5,2108.75,-761.25
1486623,2257.5,2108.75,-761.25
1486634,2428.125,1653.75,-428.75
1486634,2428.125,1653.75,-428.75
1486644,2611.875,490.0,402.5
1486644,2611.875,490.0,402.5
1486654,1780.625,-262.5,258.125
1486654,1780.625,-262.5,258.125
1486665,1859.375,612.5,-122.5
1486665,1859.375,612.5,-122.5
1486675,4296.25,-1404.375,988.75
1486675,4296.25,-1404.375,988.75
1486685,7586.25,-6689.375,2458.75
1486685,7586.25,-6689.375,2458.75
1486695,7196.875,-18020.625,1623.125
1486695,7196.875,-18020.625,1623.125
1486706,844.375,-27527.5,-2765.0
1486706,844.375,-27527.5,-2765.0
1486716,-9471.875,-11357.5,-8820.0
1486716,-9471.875,-11357.5,-8820.0
1486726,-5298.125,1159.375,-4449.375
1486726,-5298.125,1159.375,-4449.375
1486737,-5993.75,-3045.0,-4239.375
1486737,-5993.75,-3045.0,-4239.375
1486747,-5044.375,-516.25,-4449.375
1486747,-5044.375,-516.25,-4449.375
1486757,-3858.75,463.75,-3688.125
1486757,-3858.75,463.75,-3688.125
1486767,-1295.0,520.625,-3806.25
1486767,-1295.0,520.625,-3806.25
1486778,2187.5,-1605.625,-3298.75
1486778,2187.5,-1605.625,-3298.75
1486788,4834.375,-4086.25,-2651.25
1486788,4834.375,-4086.25,-2651.25
1486798,8106.875,4965.625,-748.125
1486798,8106.875,4965.625,-748.125
1486809,1426.25,9170.0,-2975.0
1486809,1426.25,9170.0,-2975.0
1486819,6317.5,9515.625,-1076.25
1486819,6317.5,9515.625,-1076.25
1486830,5315.625,5744.375,-1286.25
1486830,5315.625,5744.375,-1286.25
1486840,5035.625,5311.25,-634.375
1486840,5035.625,5311.25,-634.375
1486850,3998.75,4379.375,-853.125
1486850,3998.75,4379.375,-853.125
1486861,4200.0,4125.625,-1596.875
1486861,4200.0,4125.625,-1596.875
1486871,5875.625,3355.625,-1925.0
1486871,5875.625,3355.625,-1925.0
1486881,6168.75,2607.5,-2471.875
1486881,6168.75,2607.5,-2471.875
1486891,6855.625,1605.625,-2423.75
1486891,6855.625,1605.625,-2423.75
1486902,7516.25,192.5,-2673.125
1486902,7516.25,192.5,-2673.125
1486912,7988.75,883.75,-3325.0
1486912,7988.75,883.75,-3325.0
1486922,9183.125,1736.875,-3460.625
1486922,9183.125,1736.875,-3460.625
1486933,10307.5,1855.0,-3648.75
1486933,10307.5,1855.0,-3648.75
1486943,10591.875,848.75,-3784.375
1486943,10591.875,848.75,-3784.375
1486953,9454.375,153.125,-3885.0
1486953,9454.375,153.125,-3885.0
1486964,7936.25,-717.5,-4453.75
1486964,7936.25,-717.5,-4453.75
1486974,6020.0,-2655.625,-4064.375
1486974,6020.0,-2655.625,-4064.375
1486983,5372.5,-3329.375,-3858.75
1486983,5372.5,-3329.375,-3858.75
1486994,5923.75,-2200.625,-3801.875
1486994,5923.75,-2200.625,-3801.875
1487005,5696.25,-1198.75,-3136.875
1487005,5696.25,-1198.75,-3136.875
1487015,3688.125,-2703.75,-4134.375
1487015,3688.125,-2703.75,-4134.375
1487026,3815.0,-4882.5,-3876.25
1487026,3815.0,-4882.5,-3876.25
1487036,3718.75,-3858.75,-3723.125
1487036,3718.75,-3858.75,-3723.125
1487046,3745.0,-1299.375,-5241.25
1487046,3745.0,-1299.375,-5241.25
1487056,3451.875,-2541.875,-4970.0
1487056,3451.875,-2541.875,-4970.0
1487067,3368.75,-3898.125,-4291.875
1487067,3368.75,-3898.125,-4291.875
1487077,2572.5,-4103.75,-3876.25
1487077,2572.5,-4103.75,-3876.25
1487087,1146.25,-3535.0,-3338.125
1487087,1146.25,-3535.0,-3338.125
1487098,476.875,-1176.875,-3110.625
1487098,476.875,-1176.875,-3110.625
1487108,1185.625,1999.375,-2366.875
1487108,1185.625,1999.375,-2366.875
1487118,1146.25,4729.375,-1649.375
1487118,1146.25,4729.375,-1649.375
1487129,227.5,4711.875,-1885.625
1487129,227.5,4711.875,-1885.625
1487139,730.625,6632.5,-2025.625
1487139,730.625,6632.5,-2025.625
1487149,511.875,7262.5,-1723.75
1487149,511.875,7262.5,-1723.75
1487160,-901.25,6120.625,-1789.375
1487160,-901.25,6120.625,-1789.375
1487170,-630.0,4830.0,-1303.75
1487170,-630.0,4830.0,-1303.75
1487180,-1190.0,3071.25,-564.375
1487180,-1190.0,3071.25,-564.375
1487191,-2012.5,735.0,266.875
1487191,-2012.5,735.0,266.875
1487201,-3018.75,-1833.125,1141.875
1487201,-3018.75,-1833.125,1141.875
1487211,-4869.375,-3469.375,1106.875
1487211,-4869.375,-3469.375,1106.875
1487222,-4703.125,-4764.375,568.75
1487222,-4703.125,-4764.375,568.75
1487232,-3981.25,-6133.75,406.875
1487232,-3981.25,-6133.75,406.875
1487242,-4589.375,-6737.5,70.0
1487242,-4589.375,-6737.5,70.0
1487253,-4856.25,-7258.125,-721.875
1487253,-4856.25,-7258.125,-721.875
1487263,-5516.875,-6986.875,-651.875
1487263,-5516.875,-6986.875,-651.875
1487273,-6142.5,-5643.75,-533.75
1487273,-6142.5,-5643.75,-533.75
1487283,-5919.375,-4221.875,-1242.5
1487283,-5919.375,-4221.875,-1242.5
1487294,-4996.25,-2651.25,-1981.875
1487294,-4996.25,-2651.25,-1981.875
1487304,-4458.125,-1868.125,-2130.625
1487304,-4458.125,-1868.125,-2130.625
1487314,-5149.375,-2804.375,-2620.625
1487314,-5149.375,-2804.375,-2620.625
1487324,-5897.5,-4375.0,-3224.375
1487324,-5897.5,-4375.0,-3224.375
1487335,-7227.5,-6689.375,-3320.625
1487335,-7227.5,-6689.375,-3320.625
1487345,-9786.875,-8776.25,-3469.375
1487345,-9786.875,-8776.25,-3469.375
1487356,-11370.625,-8526.875,-3740.625
1487356,-11370.625,-8526.875,-3740.625
1487366,-9436.875,-5770.625,-3084.375
1487366,-9436.875,-5770.625,-3084.375
1487377,-3762.5,-2852.5,-1172.5
1487377,-3762.5,-2852.5,-1172.5
1487387,2520.0,-1973.125,188.125
1487387,2520.0,-1973.125,188.125
1487397,5158.125,-2664.375,739.375
1487397,5158.125,-2664.375,739.375
1487407,4698.75,-3692.5,363.125
1487407,4698.75,-3692.5,363.125
1487418,3281.25,-3316.25,61.25
1487418,3281.25,-3316.25,61.25
1487428,2349.375,-2506.875,-923.125
1487428,2349.375,-2506.875,-923.125
1487438,2318.75,-590.625,-1395.625
1487438,2318.75,-590.625,-1395.625
1487449,2283.75,328.125,-861.875
1487449,2283.75,328.125,-861.875
1487459,3530.625,210.0,17.5
1487459,3530.625,210.0,17.5
1487469,3937.5,608.125,175.0
1487469,3937.5,608.125,175.0
1487479,2922.5,293.125,380.625
1487479,2922.5,293.125,380.625
1487490,2638.125,-3736.25,927.5
1487490,2638.125,-3736.25,927.5
1487500,848.75,-8382.5,1010.625
1487500,848.75,-8382.5,1010.625
1487510,-1246.875,-11484.375,568.75
1487510,-1246.875,-11484.375,568.75
1487521,-3141.25,-13326.25,1290.625
1487521,-3141.25,-13326.25,1290.625
1487532,-5442.5,-15802.5,2130.625
1487532,-5442.5,-15802.5,2130.625
1487541,-8225.0,-19263.125,2756.25
1487541,-8225.0,-19263.125,2756.25
1487551,-9743.125,-20825.0,3311.875
1487551,-9743.125,-20825.0,3311.875
1487562,-8194.375,-19131.875,3880.625
1487562,-8194.375,-19131.875,3880.625
1487573,-4904.375,-12796.875,3710.0
1487573,-4904.375,-12796.875,3710.0
1487583,-490.0,-3622.5,3311.875
1487583,-490.0,-3622.5,3311.875
1487593,2152.5,5250.0,3093.125
1487593,2152.5,5250.0,3093.125
1487603,3128.125,11567.5,3688.125
1487603,3128.125,11567.5,3688.125
1487614,3171.875,15295.0,4449.375
1487614,3171.875,15295.0,4449.375
1487624,1955.625,17023.125,5053.125
1487624,1955.625,17023.125,5053.125
1487634,-385.0,17587.5,4965.625
1487634,-385.0,17587.5,4965.625
1487645,-3329.375,17714.375,4515.0
1487645,-3329.375,17714.375,4515.0
1487655,-5197.5,16852.5,3657.5
1487655,-5197.5,16852.5,3657.5
1487665,-4996.25,14516.25,2843.75
1487665,-4996.25,14516.25,2843.75
1487675,-4803.75,11808.125,1894.375
1487675,-4803.75,11808.125,1894.375
1487686,-4624.375,8750.0,700.0
1487686,-4624.375,8750.0,700.0
1487696,-4707.5,5586.875,8.75
1487696,-4707.5,5586.875,8.75
1487706,-4935.0,2721.25,-227.5
1487706,-4935.0,2721.25,-227.5
1487717,-4313.75,310.625,-315.0
1487717,-4313.75,310.625,-315.0
1487727,-3101.875,-1277.5,-223.125
1487727,-3101.875,-1277.5,-223.125
1487737,-2196.25,-1736.875,-175.0
1487737,-2196.25,-1736.875,-175.0
1487748,-980.0,-1846.25,109.375
1487748,-980.0,-1846.25,109.375
1487758,-83.125,-2384.375,332.5
1487758,-83.125,-2384.375,332.5
1487768,-227.5,-2909.375,363.125
1487768,-227.5,-2909.375,363.125
1487779,-91.875,-3338.125,538.125
1487779,-91.875,-3338.125,538.125
1487789,-551.25,-3342.5,463.75
1487789,-551.25,-3342.5,463.75
1487799,-673.75,-3478.125,376.25
1487799,-673.75,-3478.125,376.25
1487810,-905.625,-3416.875,258.125
1487810,-905.625,-3416.875,258.125
1487820,-1194.375,-3373.125,74.375
1487820,-1194.375,-3373.125,74.375
1487830,-1141.875,-3640.0,56.875
1487830,-1141.875,-3640.0,56.875
1487841,-1102.5,-3793.125,-214.375
1487841,-1102.5,-3793.125,-214.375
1487851,-472.5,-3981.25,-415.625
1487851,-472.5,-3981.25,-415.625
1487861,-367.5,-3661.875,-765.625
1487861,-367.5,-3661.875,-765.625
1487872,-175.0,-3049.375,-883.75
1487872,-175.0,-3049.375,-883.75
1487882,1176.875,-2769.375,-791.875
1487882,1176.875,-2769.375,-791.875
1487892,2038.75,-2305.625,-1015.0
1487892,2038.75,-2305.625,-1015.0
1487902,2209.375,-2270.625,-1176.875
1487902,2209.375,-2270.625,-1176.875
1487913,2607.5,-2620.625,-988.75
1487913,2607.5,-2620.625,-988.75
1487923,3136.875,-2778.125,-883.75
1487923,3136.875,-2778.125,-883.75
1487933,2760.625,-2625.0,-568.75
1487933,2760.625,-2625.0,-568.75
1487944,1308.125,-2769.375,-485.625
1487944,1308.125,-2769.375,-485.625
1487954,446.25,-3395.0,-424.375
1487954,446.25,-3395.0,-424.375
1487964,271.25,-3871.875,-393.75
1487964,271.25,-3871.875,-393.75
1487975,183.75,-3994.375,-402.5
1487975,183.75,-3994.375,-402.5
1487985,-61.25,-4125.625,-179.375
1487985,-61.25,-4125.625,-179.375
1487996,-691.25,-3933.125,148.75
1487996,-691.25,-3933.125,148.75
1488006,-1531.25,-3241.875,332.5
1488006,-1531.25,-3241.875,332.5
1488016,-2065.0,-1780.625,411.25
1488016,-2065.0,-1780.625,411.25
1488026,-1500.625,-293.125,573.125
1488026,-1500.625,-293.125,573.125
1488037,-411.25,555.625,660.625
1488037,-411.25,555.625,660.625
1488047,-109.375,896.875,621.25
1488047,-109.375,896.875,621.25
1488057,109.375,323.75,717.5
1488057,109.375,323.75,717.5
1488067,-249.375,-643.125,686.875
1488067,-249.375,-643.125,686.875
1488078,-778.75,-1417.5,826.875
1488078,-778.75,-1417.5,826.875
1488088,-1190.0,-1986.25,975.625
1488088,-1190.0,-1986.25,975.625
1488099,-1596.875,-2051.875,1015.0
1488099,-1596.875,-2051.875,1015.0
1488109,-1662.5,-1535.625,962.5
1488109,-1662.5,-1535.625,962.5
1488119,-1474.375,-1330.0,988.75
1488119,-1474.375,-1330.0,988.75
1488129,-1233.75,-1330.0,905.625
1488129,-1233.75,-1330.0,905.625
1488140,-800.625,-1561.875,905.625
1488140,-800.625,-1561.875,905.625
1488150,-625.625,-1566.25,813.75
1488150,-625.625,-1566.25,813.75
1488160,-778.75,-1658.125,813.75
1488160,-778.75,-1658.125,813.75
1488171,-354.375,-1833.125,721.875
1488171,-354.375,-1833.125,721.875
1488181,275.625,-1920.625,787.5
1488181,275.625,-1920.625,787.5
1488192,332.5,-1627.5,791.875
1488192,332.5,-1627.5,791.875
1488202,-96.25,-1421.875,665.0
1488202,-96.25,-1421.875,665.0
1488212,301.875,-1452.5,621.25
1488212,301.875,-1452.5,621.25
1488222,958.125,-1360.625,437.5
1488222,958.125,-1360.625,437.5
1488233,1238.125,-1299.375,310.625
1488233,1238.125,-1299.375,310.625
1488243,993.125,-1868.125,415.625
1488243,993.125,-1868.125,415.625
1488253,520.625,-2331.875,310.625
1488253,520.625,-2331.875,310.625
1488264,35.0,-2603.125,196.875
1488264,35.0,-2603.125,196.875
1488274,-144.375,-2992.5,240.625
1488274,-144.375,-2992.5,240.625
1488284,118.125,-2778.125,140.0
1488284,118.125,-2778.125,140.0
1488295,840.0,-2397.5,188.125
1488295,840.0,-2397.5,188.125
1488305,1264.375,-1868.125,148.75
1488305,1264.375,-1868.125,148.75
1488315,1513.75,-1526.875,140.0
1488315,1513.75,-1526.875,140.0
1488325,1916.25,-1356.25,336.875
1488325,1916.25,-1356.25,336.875
1488336,1531.25,-927.5,218.75
1488336,1531.25,-927.5,218.75
1488346,1330.0,-1001.875,336.875
1488346,1330.0,-1001.875,336.875
1488356,870.625,-1220.625,406.875
1488356,870.625,-1220.625,406.875
1488367,-61.25,-1373.75,433.125
1488367,-61.25,-1373.75,433.125
1488377,-525.0,-1640.625,455.0
1488377,-525.0,-1640.625,455.0
1488387,-621.25,-1723.75,485.625
1488387,-621.25,-1723.75,485.625
1488398,-463.75,-1465.625,595.0
1488398,-463.75,-1465.625,595.0
1488408,-796.25,-669.375,424.375
1488408,-796.25,-669.375,424.375
1488418,-914.375,-428.75,398.125
1488418,-914.375,-428.75,398.125
1488429,-472.5,-660.625,503.125
1488429,-472.5,-660.625,503.125
1488439,-393.75,-835.625,507.5
1488439,-393.75,-835.625,507.5
1488449,-459.375,-875.0,498.75
1488449,-459.375,-875.0,498.75
1488460,-853.125,-1028.125,411.25
1488460,-853.125,-1028.125,411.25
1488470,-1190.0,-1242.5,393.75
1488470,-1190.0,-1242.5,393.75
1488480,-848.75,-1513.75,385.0
1488480,-848.75,-1513.75,385.0
1488491,-188.125,-1557.5,389.375
1488491,-188.125,-1557.5,389.375
1488500,-262.5,-1168.125,188.125
1488500,-262.5,-1168.125,188.125
1488511,-240.625,-1211.875,144.375
1488511,-240.625,-1211.875,144.375
1488521,-306.25,-1540.0,166.25
1488521,-306.25,-1540.0,166.25
1488532,-319.375,-1601.25,43.75
1488532,-319.375,-1601.25,43.75
1488542,336.875,-1802.5,56.875
1488542,336.875,-1802.5,56.875
1488552,546.875,-1688.75,83.125
1488552,546.875,-1688.75,83.125
1488563,126.875,-1500.625,249.375
1488563,126.875,-1500.625,249.375
1488573,-704.375,-1255.625,253.75
1488573,-704.375,-1255.625,253.75
1488584,-446.25,-1150.625,161.875
1488584,-446.25,-1150.625,161.875
1488594,30.625,-1356.25,122.5
1488594,30.625,-1356.25,122.5
1488604,555.625,-1093.75,65.625
1488604,555.625,-1093.75,65.625
1488615,940.625,-726.25,183.75
1488615,940.625,-726.25,183.75
1488625,87.5,-708.75,236.25
1488625,87.5,-708.75,236.25
1488635,-726.25,-927.5,131.25
1488635,-726.25,-927.5,131.25
1488645,-402.5,-1032.5,43.75
1488645,-402.5,-1032.5,43.75
1488656,-280.0,-651.875,52.5
1488656,-280.0,-651.875,52.5
1488665,-144.375,-293.125,35.0
1488665,-144.375,-293.125,35.0
1488676,35.0,-437.5,-35.0
1488676,35.0,-437.5,-35.0
1488687,818.125,-573.125,188.125
1488687,818.125,-573.125,188.125
1488697,931.875,-560.0,354.375
1488697,931.875,-560.0,354.375
1488707,-1229.375,-192.5,-170.625
1488707,-1229.375,-192.5,-170.625
1488718,-1443.75,-940.625,-192.5
1488718,-1443.75,-940.625,-192.5
1488728,-669.375,-1907.5,-105.0
1488728,-669.375,-1907.5,-105.0
1488739,-682.5,-993.125,-144.375
1488739,-682.5,-993.125,-144.375
1488749,-472.5,-490.0,-148.75
1488749,-472.5,-490.0,-148.75
1488759,35.0,-638.75,-126.875
1488759,35.0,-638.75,-126.875
1488769,39.375,-586.25,-157.5
1488769,39.375,-586.25,-157.5
1488780,-1211.875,-507.5,-433.125
1488780,-1211.875,-507.5,-433.125
1488790,-1596.875,-1120.0,-476.875
1488790,-1596.875,-1120.0,-476.875
1488800,-1951.25,-1798.125,-371.875
1488800,-1951.25,-1798.125,-371.875
1488811,-2240.0,-1793.75,-380.625
1488811,-2240.0,-1793.75,-380.625
1488821,-1890.0,-1793.75,-546.875
1488821,-1890.0,-1793.75,-546.875
1488831,-739.375,-1295.0,-266.875
1488831,-739.375,-1295.0,-266.875
1488841,-21.875,-669.375,-126.875
1488841,-21.875,-669.375,-126.875
1488852,-358.75,-560.0,-516.25
1488852,-358.75,-560.0,-516.25
1488862,-280.0,-1391.25,-485.625
1488862,-280.0,-1391.25,-485.625
1488872,140.0,-2218.125,-367.5
1488872,140.0,-2218.125,-367.5
1488882,-30.625,-2349.375,-266.875
1488882,-30.625,-2349.375,-266.875
1488893,-122.5,-2240.0,-188.125
1488893,-122.5,-2240.0,-188.125
1488903,-262.5,-2121.875,21.875
1488903,-262.5,-2121.875,21.875
1488914,-831.25,-1618.75,83.125
1488914,-831.25,-1618.75,83.125
1488924,-1369.375,-1124.375,-113.75
1488924,-1369.375,-1124.375,-113.75
1488935,-962.5,-1071.875,-258.125
1488935,-962.5,-1071.875,-258.125
1488945,-328.125,-813.75,-227.5
1488945,-328.125,-813.75,-227.5
1488955,78.75,-350.0,-96.25
1488955,78.75,-350.0,-96.25
1488965,-113.75,-319.375,78.75
1488965,-113.75,-319.375,78.75
1488976,-306.25,-577.5,65.625
1488976,-306.25,-577.5,65.625
1488986,188.125,-866.25,266.875
1488986,188.125,-866.25,266.875
1488996,310.625,-918.75,420.0
1488996,310.625,-918.75,420.0
1489007,-179.375,-678.125,271.25
1489007,-179.375,-678.125,271.25
1489017,-21.875,-415.625,87.5
1489017,-21.875,-415.625,87.5
1489027,848.75,-398.125,179.375
1489027,848.75,-398.125,179.375
1489037,914.375,-135.625,231.875
1489037,914.375,-135.625,231.875
1489048,717.5,-459.375,367.5
1489048,717.5,-459.375,367.5
1489058,-70.0,-905.625,153.125
1489058,-70.0,-905.625,153.125
1489068,-621.25,-883.75,179.375
1489068,-621.25,-883.75,179.375
1489079,-468.125,-691.25,223.125
1489079,-468.125,-691.25,223.125
1489089,-323.75,-328.125,30.625
1489089,-323.75,-328.125,30.625
1489099,201.25,0.0,140.0
1489099,201.25,0.0,140.0
1489110,831.25,210.0,231.875
1489110,831.25,210.0,231.875
1489120,931.875,411.25,223.125
1489120,931.875,411.25,223.125
1489130,936.25,280.0,231.875
1489130,936.25,280.0,231.875
1489141,822.5,135.625,96.25
1489141,822.5,135.625,96.25
1489151,756.875,-70.0,126.875
1489151,756.875,-70.0,126.875
1489161,778.75,-227.5,135.625
1489161,778.75,-227.5,135.625
1489172,778.75,-328.125,118.125
1489172,778.75,-328.125,118.125
1489182,896.875,-490.0,144.375
1489182,896.875,-490.0,144.375
1489192,1001.875,-376.25,188.125
1489192,1001.875,-376.25,188.125
1489203,901.25,-135.625,166.25
1489203,901.25,-135.625,166.25
1489213,717.5,385.0,100.625
1489213,717.5,385.0,100.625
1489223,800.625,756.875,144.375
1489223,800.625,756.875,144.375
1489234,1203.125,787.5,157.5
1489234,1203.125,787.5,157.5
1489244,1290.625,883.75,35.0
1489244,1290.625,883.75,35.0
1489254,1251.25,1163.75,-105.0
1489254,1251.25,1163.75,-105.0
1489264,1421.875,1334.375,-214.375
1489264,1421.875,1334.375,-214.375
1489275,1776.25,1386.875,-166.25
1489275,1776.25,1386.875,-166.25
1489285,1356.25,1535.625,-459.375
1489285,1356.25,1535.625,-459.375
1489295,1360.625,1470.0,-323.75
1489295,1360.625,1470.0,-323.75
1489306,1211.875,1461.25,-153.125
1489306,1211.875,1461.25,-153.125
1489316,748.125,1557.5,-266.875
1489316,748.125,1557.5,-266.875
1489326,813.75,1089.375,-293.125
1489326,813.75,1089.375,-293.125
1489337,686.875,1058.75,-52.5
1489337,686.875,1058.75,-52.5
1489347,634.375,1325.625,43.75
1489347,634.375,1325.625,43.75
1489357,564.375,1601.25,96.25
1489357,564.375,1601.25,96.25
1489368,402.5,1745.625,74.375
1489368,402.5,1745.625,74.375
1489378,770.0,1662.5,105.0
1489378,770.0,1662.5,105.0
1489388,1211.875,1671.25,131.25
1489388,1211.875,1671.25,131.25
1489399,1544.375,1741.25,240.625
1489399,1544.375,1741.25,240.625
1489409,1281.875,1820.0,249.375
1489409,1281.875,1820.0,249.375
1489419,402.5,1999.375,17.5
1489419,402.5,1999.375,17.5
1489430,61.25,1456.875,17.5
1489430,61.25,1456.875,17.5
1489440,135.625,984.375,-65.625
1489440,135.625,984.375,-65.625
1489450,476.875,840.0,-87.5
1489450,476.875,840.0,-87.5
1489461,1001.875,945.0,-153.125
1489461,1001.875,945.0,-153.125
1489471,1386.875,1255.625,61.25
1489471,1386.875,1255.625,61.25
1489481,494.375,1798.125,-297.5
1489481,494.375,1798.125,-297.5
1489491,96.25,1841.875,-310.625
1489491,96.25,1841.875,-310.625
1489502,647.5,1693.125,-140.0
1489502,647.5,1693.125,-140.0
1489511,1312.5,1841.875,-170.625
1489511,1312.5,1841.875,-170.625
1489522,1023.75,1592.5,-236.25
1489522,1023.75,1592.5,-236.25
1489533,796.25,1553.125,-105.0
1489533,796.25,1553.125,-105.0
1489543,988.75,1645.0,210.0
1489543,988.75,1645.0,210.0
1489553,301.875,2493.75,236.25
1489553,301.875,2493.75,236.25
1489564,-896.875,2773.75,56.875
1489564,-896.875,2773.75,56.875
1489574,-1452.5,2279.375,-48.125
1489574,-1452.5,2279.375,-48.125
1489584,-385.0,1688.75,4.375
1489584,-385.0,1688.75,4.375
1489595,538.125,1141.875,135.625
1489595,538.125,1141.875,135.625
1489605,21.875,975.625,148.75
1489605,21.875,975.625,148.75
1489615,-599.375,914.375,175.0
1489615,-599.375,914.375,175.0
1489626,-564.375,988.75,183.75
1489626,-564.375,988.75,183.75
1489636,-109.375,1448.125,196.875
1489636,-109.375,1448.125,196.875
1489646,323.75,2021.25,280.0
1489646,323.75,2021.25,280.0
