1504690,-5057.5,-4799.375,1478.75
1504690,-5057.5,-4799.375,1478.75
1504700,-5656.875,-4462.5,210.0
1504700,-5656.875,-4462.5,210.0
1504710,-6943.125,-5035.625,-888.125
1504710,-6943.125,-5035.625,-888.125
1504721,-9231.25,-6243.125,-1973.125
1504721,-9231.25,-6243.125,-1973.125
1504731,-8303.75,-6645.625,-2314.375
1504731,-8303.75,-6645.625,-2314.375
1504741,-4086.25,-6212.5,-2038.75
1504741,-4086.25,-6212.5,-2038.75
1504751,148.75,-5652.5,-1754.375
1504751,148.75,-5652.5,-1754.375
1504762,376.25,-7481.25,-1308.125
1504762,376.25,-7481.25,-1308.125
1504772,-4532.5,-12893.125,-1050.0
1504772,-4532.5,-12893.125,-1050.0
1504783,-9139.375,-18563.125,-1185.625
1504783,-9139.375,-18563.125,-1185.625
1504793,-9655.625,-21494.375,-1146.25
1504793,-9655.625,-21494.375,-1146.25
1504803,-6969.375,-22758.75,-1802.5
1504803,-6969.375,-22758.75,-1802.5
1504814,-13.125,-23940.0,-1776.25
1504814,-13.125,-23940.0,-1776.25
1504824,9156.875,-19267.5,-2174.375
1504824,9156.875,-19267.5,-2174.375
1504834,19341.875,-10053.75,-1824.375
1504834,19341.875,-10053.75,-1824.375
1504843,23130.625,1321.25,52.5
1504843,23130.625,1321.25,52.5
1504855,17893.75,14091.875,4676.875
1504855,17893.75,14091.875,4676.875
1504865,16441.25,22452.5,6916.875
1504865,16441.25,22452.5,6916.875
1504875,14249.375,26713.75,7153.125
1504875,14249.375,26713.75,7153.125
1504886,9012.5,27693.75,9703.75
1504886,9012.5,27693.75,9703.75
1504896,5945.625,21621.25,11283.125
1504896,5945.625,21621.25,11283.125
1504906,3867.5,12976.25,11401.25
1504906,3867.5,12976.25,11401.25
1504917,-52.5,2695.0,10027.5
1504917,-52.5,2695.0,10027.5
1504927,-4803.75,-7105.0,7424.375
1504927,-4803.75,-7105.0,7424.375
1504937,-7678.125,-15163.75,5075.0
1504937,-7678.125,-15163.75,5075.0
1504948,-7901.25,-21840.0,2808.75
1504948,-7901.25,-21840.0,2808.75
1504958,-7936.25,-25943.75,201.25
1504958,-7936.25,-25943.75,201.25
1504969,-8303.75,-27623.75,-1513.75
1504969,-8303.75,-27623.75,-1513.75
1504979,-6947.5,-27925.625,-1815.625
1504979,-6947.5,-27925.625,-1815.625
1504989,-4733.75,-25711.875,-988.75
1504989,-4733.75,-25711.875,-988.75
1504999,-3040.625,-21774.375,-175.0
1504999,-3040.625,-21774.375,-175.0
1505010,-988.75,-17119.375,428.75
1505010,-988.75,-17119.375,428.75
1505020,1557.5,-12035.625,1369.375
1505020,1557.5,-12035.625,1369.375
1505030,3762.5,-6024.375,1605.625
1505030,3762.5,-6024.375,1605.625
1505040,4900.0,590.625,1496.25
1505040,4900.0,590.625,1496.25
1505051,3661.875,6798.75,1369.375
1505051,3661.875,6798.75,1369.375
1505061,1798.125,10053.75,1719.375
1505061,1798.125,10053.75,1719.375
1505071,91.875,11248.125,1776.25
1505071,91.875,11248.125,1776.25
1505082,-1837.5,11729.375,1194.375
1505082,-1837.5,11729.375,1194.375
1505092,-3955.0,11838.75,490.0
1505092,-3955.0,11838.75,490.0
1505102,-5114.375,10692.5,-70.0
1505102,-5114.375,10692.5,-70.0
1505113,-5840.625,8614.375,-450.625
1505113,-5840.625,8614.375,-450.625
1505123,-7638.75,6868.75,-1233.75
1505123,-7638.75,6868.75,-1233.75
1505132,-7175.0,4637.5,-1321.25
1505132,-7175.0,4637.5,-1321.25
1505144,-5705.0,2926.875,-1229.375
1505144,-5705.0,2926.875,-1229.375
1505154,-4226.25,2292.5,-1133.125
1505154,-4226.25,2292.5,-1133.125
1505165,-1653.75,1645.0,-568.75
1505165,-1653.75,1645.0,-568.75
1505175,791.875,748.125,0.0
1505175,791.875,748.125,0.0
1505185,1636.25,96.25,253.75
1505185,1636.25,96.25,253.75
1505195,2275.0,-975.625,450.625
1505195,2275.0,-975.625,450.625
1505206,3451.875,-2721.25,936.25
1505206,3451.875,-2721.25,936.25
1505216,3893.75,-3355.625,984.375
1505216,3893.75,-3355.625,984.375
1505226,4038.125,-3911.25,1089.375
1505226,4038.125,-3911.25,1089.375
1505236,3740.625,-4480.0,1220.625
1505236,3740.625,-4480.0,1220.625
1505247,4125.625,-5166.875,1045.625
1505247,4125.625,-5166.875,1045.625
1505257,3845.625,-5963.125,625.625
1505257,3845.625,-5963.125,625.625
1505267,2664.375,-6969.375,-166.25
1505267,2664.375,-6969.375,-166.25
1505278,2301.25,-8041.25,-669.375
1505278,2301.25,-8041.25,-669.375
1505288,3128.125,-8526.875,-1001.875
1505288,3128.125,-8526.875,-1001.875
1505298,3535.0,-8071.875,-1299.375
1505298,3535.0,-8071.875,-1299.375
1505309,3364.375,-7612.5,-1430.625
1505309,3364.375,-7612.5,-1430.625
1505319,3574.375,-7262.5,-1478.75
1505319,3574.375,-7262.5,-1478.75
1505329,4042.5,-6663.125,-1509.375
1505329,4042.5,-6663.125,-1509.375
1505340,4103.75,-6330.625,-1373.75
1505340,4103.75,-6330.625,-1373.75
1505350,2861.25,-5355.0,-1308.125
1505350,2861.25,-5355.0,-1308.125
1505360,1981.875,-4287.5,-1098.125
1505360,1981.875,-4287.5,-1098.125
1505371,1487.5,-3486.875,-638.75
1505371,1487.5,-3486.875,-638.75
1505381,717.5,-1929.375,-280.0
1505381,717.5,-1929.375,-280.0
1505391,205.625,-140.0,-214.375
1505391,205.625,-140.0,-214.375
1505401,271.25,1128.75,-105.0
1505401,271.25,1128.75,-105.0
1505412,625.625,1885.625,-13.125
1505412,625.625,1885.625,-13.125
1505422,796.25,2673.125,109.375
1505422,796.25,2673.125,109.375
1505432,923.125,3215.625,166.25
1505432,923.125,3215.625,166.25
1505443,520.625,3469.375,297.5
1505443,520.625,3469.375,297.5
1505453,-188.125,3727.5,393.75
1505453,-188.125,3727.5,393.75
1505463,-752.5,3758.125,581.875
1505463,-752.5,3758.125,581.875
1505474,-1474.375,4151.875,805.0
1505474,-1474.375,4151.875,805.0
1505484,-2301.25,4930.625,774.375
1505484,-2301.25,4930.625,774.375
1505494,-2266.25,5451.25,765.625
1505494,-2266.25,5451.25,765.625
1505504,-1680.0,5731.25,721.875
1505504,-1680.0,5731.25,721.875
1505515,-1133.125,5796.875,717.5
1505515,-1133.125,5796.875,717.5
1505526,-1290.625,5547.5,590.625
1505526,-1290.625,5547.5,590.625
1505536,-949.375,5031.25,739.375
1505536,-949.375,5031.25,739.375
1505546,-630.0,4764.375,787.5
1505546,-630.0,4764.375,787.5
1505556,-1312.5,4620.0,861.875
1505556,-1312.5,4620.0,861.875
1505566,-2156.875,4554.375,910.0
1505566,-2156.875,4554.375,910.0
1505577,-1531.25,4195.625,853.125
1505577,-1531.25,4195.625,853.125
1505587,-476.875,3933.125,669.375
1505587,-476.875,3933.125,669.375
1505598,603.75,3548.125,546.875
1505598,603.75,3548.125,546.875
1505608,1325.625,3456.25,39.375
1505608,1325.625,3456.25,39.375
1505618,2555.0,3311.875,306.25
1505618,2555.0,3311.875,306.25
1505628,1575.0,2848.125,367.5
1505628,1575.0,2848.125,367.5
1505639,358.75,3053.75,275.625
1505639,358.75,3053.75,275.625
1505649,-634.375,2730.0,-135.625
1505649,-634.375,2730.0,-135.625
1505660,-249.375,2590.0,-420.0
1505660,-249.375,2590.0,-420.0
1505670,358.75,2804.375,-511.875
1505670,358.75,2804.375,-511.875
1505681,1190.0,3399.375,-713.125
1505681,1190.0,3399.375,-713.125
1505690,1522.5,3723.125,-905.625
1505690,1522.5,3723.125,-905.625
1505701,1452.5,3858.75,-1115.625
1505701,1452.5,3858.75,-1115.625
1505711,1496.25,3731.875,-1146.25
1505711,1496.25,3731.875,-1146.25
1505721,1898.75,3539.375,-923.125
1505721,1898.75,3539.375,-923.125
1505732,2034.375,2677.5,-590.625
1505732,2034.375,2677.5,-590.625
1505742,1973.125,1881.25,-551.25
1505742,1973.125,1881.25,-551.25
1505752,2331.875,1085.0,-516.25
1505752,2331.875,1085.0,-516.25
1505763,2716.875,783.125,-669.375
1505763,2716.875,783.125,-669.375
1505773,2541.875,910.0,-756.875
1505773,2541.875,910.0,-756.875
1505783,2366.875,1181.25,-765.625
1505783,2366.875,1181.25,-765.625
1505794,2555.0,1071.875,-651.875
1505794,2555.0,1071.875,-651.875
1505804,2156.875,1216.25,-752.5
1505804,2156.875,1216.25,-752.5
1505814,1745.625,1093.75,-577.5
1505814,1745.625,1093.75,-577.5
1505825,1592.5,1054.375,-323.75
1505825,1592.5,1054.375,-323.75
1505835,1448.125,1846.25,-52.5
1505835,1448.125,1846.25,-52.5
1505845,1579.375,2226.875,-293.125
1505845,1579.375,2226.875,-293.125
1505856,1505.0,231.875,-297.5
1505856,1505.0,231.875,-297.5
1505866,1658.125,564.375,-301.875
1505866,1658.125,564.375,-301.875
1505877,1260.0,840.0,-258.125
1505877,1260.0,840.0,-258.125
1505886,953.75,1325.625,-288.75
1505886,953.75,1325.625,-288.75
1505897,358.75,2082.5,-551.25
1505897,358.75,2082.5,-551.25
1505907,43.75,2485.0,-608.125
1505907,43.75,2485.0,-608.125
1505917,485.625,2760.625,-450.625
1505917,485.625,2760.625,-450.625
1505928,656.25,2957.5,-581.875
1505928,656.25,2957.5,-581.875
1505938,800.625,2944.375,-577.5
1505938,800.625,2944.375,-577.5
1505947,1089.375,2957.5,-590.625
1505947,1089.375,2957.5,-590.625
1505959,1347.5,3001.25,-573.125
1505959,1347.5,3001.25,-573.125
1505969,1391.25,2813.125,-608.125
1505969,1391.25,2813.125,-608.125
1505979,717.5,2800.0,-599.375
1505979,717.5,2800.0,-599.375
1505990,231.875,2703.75,-700.0
1505990,231.875,2703.75,-700.0
1506000,599.375,3163.125,-756.875
1506000,599.375,3163.125,-756.875
1506010,1058.75,3333.75,-940.625
1506010,1058.75,3333.75,-940.625
1506021,616.875,2471.875,-971.25
1506021,616.875,2471.875,-971.25
1506031,406.875,1483.125,-603.75
1506031,406.875,1483.125,-603.75
1506041,1229.375,1229.375,-328.125
1506041,1229.375,1229.375,-328.125
1506051,1903.125,1680.0,-433.125
1506051,1903.125,1680.0,-433.125
1506062,1137.5,1981.875,-660.625
1506062,1137.5,1981.875,-660.625
1506072,293.125,1605.625,-931.875
1506072,293.125,1605.625,-931.875
1506082,608.125,1172.5,-866.25
1506082,608.125,1172.5,-866.25
1506093,988.75,630.0,-511.875
1506093,988.75,630.0,-511.875
1506103,700.0,35.0,-323.75
1506103,700.0,35.0,-323.75
1506113,135.625,-441.875,-166.25
1506113,135.625,-441.875,-166.25
1506124,-498.75,-498.75,-100.625
1506124,-498.75,-498.75,-100.625
1506134,-411.25,-122.5,-144.375
1506134,-411.25,-122.5,-144.375
1506145,249.375,328.125,-201.25
1506145,249.375,328.125,-201.25
1506155,721.875,783.125,-192.5
1506155,721.875,783.125,-192.5
1506165,1120.0,1365.0,-336.875
1506165,1120.0,1365.0,-336.875
1506176,1163.75,1233.75,-350.0
1506176,1163.75,1233.75,-350.0
1506186,1041.25,669.375,-236.25
1506186,1041.25,669.375,-236.25
1506196,1172.5,-245.0,-175.0
1506196,1172.5,-245.0,-175.0
1506206,656.25,-678.125,-245.0
1506206,656.25,-678.125,-245.0
1506217,301.875,-748.125,-144.375
1506217,301.875,-748.125,-144.375
1506228,-411.25,-927.5,35.0
1506228,-411.25,-927.5,35.0
1506237,-1207.5,-879.375,135.625
1506237,-1207.5,-879.375,135.625
1506248,-1478.75,-743.75,196.875
1506248,-1478.75,-743.75,196.875
1506258,-1968.75,-608.125,109.375
1506258,-1968.75,-608.125,109.375
1506269,-1754.375,-455.0,52.5
1506269,-1754.375,-455.0,52.5
1506278,-1115.625,-43.75,-196.875
1506278,-1115.625,-43.75,-196.875
1506289,-476.875,380.625,-262.5
1506289,-476.875,380.625,-262.5
1506299,-170.625,595.0,-205.625
1506299,-170.625,595.0,-205.625
1506308,-691.25,402.5,-258.125
1506308,-691.25,402.5,-258.125
1506320,-949.375,-253.75,-140.0
1506320,-949.375,-253.75,-140.0
1506330,-691.25,-875.0,-61.25
1506330,-691.25,-875.0,-61.25
1506341,-271.25,-1386.875,-140.0
1506341,-271.25,-1386.875,-140.0
1506350,-52.5,-2100.0,-4.375
1506350,-52.5,-2100.0,-4.375
1506361,-310.625,-2034.375,87.5
1506361,-310.625,-2034.375,87.5
1506371,-673.75,-1697.5,-30.625
1506371,-673.75,-1697.5,-30.625
1506382,-905.625,-1627.5,-148.75
1506382,-905.625,-1627.5,-148.75
1506392,-800.625,-1684.375,-113.75
1506392,-800.625,-1684.375,-113.75
1506402,-83.125,-1820.0,161.875
1506402,-83.125,-1820.0,161.875
1506413,192.5,-1846.25,210.0
1506413,192.5,-1846.25,210.0
1506424,262.5,-2222.5,214.375
1506424,262.5,-2222.5,214.375
1506433,288.75,-2651.25,223.125
1506433,288.75,-2651.25,223.125
1506444,52.5,-2655.625,201.25
1506444,52.5,-2655.625,201.25
1506453,-573.125,-2878.75,113.75
1506453,-573.125,-2878.75,113.75
1506464,201.25,-2948.75,-26.25
1506464,201.25,-2948.75,-26.25
1506475,-231.875,-3040.625,-61.25
1506475,-231.875,-3040.625,-61.25
1506485,-673.75,-3434.375,-43.75
1506485,-673.75,-3434.375,-43.75
1506495,-673.75,-2686.25,-43.75
1506495,-673.75,-2686.25,-43.75
1506505,-800.625,-2419.375,-83.125
1506505,-800.625,-2419.375,-83.125
1506516,-879.375,-2183.125,-148.75
1506516,-879.375,-2183.125,-148.75
1506526,-590.625,-2296.875,-218.75
1506526,-590.625,-2296.875,-218.75
1506537,0.0,-2528.75,-280.0
1506537,0.0,-2528.75,-280.0
1506547,148.75,-2371.25,-227.5
1506547,148.75,-2371.25,-227.5
1506557,56.875,-2502.5,-271.25
1506557,56.875,-2502.5,-271.25
1506567,17.5,-2585.625,-223.125
1506567,17.5,-2585.625,-223.125
1506577,-131.25,-2450.0,-166.25
1506577,-131.25,-2450.0,-166.25
1506588,-389.375,-2047.5,-131.25
1506588,-389.375,-2047.5,-131.25
1506598,-529.375,-1653.75,-201.25
1506598,-529.375,-1653.75,-201.25
1506609,-350.0,-1229.375,-218.75
1506609,-350.0,-1229.375,-218.75
1506619,-144.375,-818.125,-297.5
1506619,-144.375,-818.125,-297.5
1506629,-376.25,-888.125,-183.75
1506629,-376.25,-888.125,-183.75
1506640,-476.875,-945.0,-118.125
1506640,-476.875,-945.0,-118.125
1506650,-306.25,-966.875,-61.25
1506650,-306.25,-966.875,-61.25
1506660,-625.625,-1198.75,-61.25
1506660,-625.625,-1198.75,-61.25
1506671,-568.75,-1400.0,-48.125
1506671,-568.75,-1400.0,-48.125
1506681,-345.625,-1146.25,-26.25
1506681,-345.625,-1146.25,-26.25
1506691,-660.625,-708.75,-161.875
1506691,-660.625,-708.75,-161.875
1506702,-1141.875,-695.625,-249.375
1506702,-1141.875,-695.625,-249.375
1506712,-940.625,-686.875,-175.0
1506712,-940.625,-686.875,-175.0
1506722,-660.625,-341.25,-105.0
1506722,-660.625,-341.25,-105.0
1506733,-993.125,-748.125,-175.0
1506733,-993.125,-748.125,-175.0
1506743,-748.125,-1408.75,-262.5
1506743,-748.125,-1408.75,-262.5
1506753,581.875,-1531.25,-258.125
1506753,581.875,-1531.25,-258.125
1506764,1325.625,-1155.0,-253.75
1506764,1325.625,-1155.0,-253.75
1506774,525.0,-787.5,-271.25
1506774,525.0,-787.5,-271.25
1506783,-354.375,-840.0,-175.0
1506783,-354.375,-840.0,-175.0
1506794,-424.375,-1067.5,-48.125
1506794,-424.375,-1067.5,-48.125
1506805,-65.625,-1614.375,56.875
1506805,-65.625,-1614.375,56.875
1506815,-345.625,-2069.375,157.5
1506815,-345.625,-2069.375,157.5
1506825,-936.25,-2533.125,175.0
1506825,-936.25,-2533.125,175.0
1506836,-2091.25,-2730.0,43.75
1506836,-2091.25,-2730.0,43.75
1506846,-2559.375,-2388.75,87.5
1506846,-2559.375,-2388.75,87.5
1506856,-2073.75,-2016.875,-91.875
1506856,-2073.75,-2016.875,-91.875
1506867,-818.125,-1430.625,-240.625
1506867,-818.125,-1430.625,-240.625
1506877,341.25,-1124.375,-315.0
1506877,341.25,-1124.375,-315.0
1506887,1172.5,-1343.125,-406.875
1506887,1172.5,-1343.125,-406.875
1506898,1299.375,-1793.75,-411.25
1506898,1299.375,-1793.75,-411.25
1506908,1111.25,-2397.5,-341.25
1506908,1111.25,-2397.5,-341.25
1506918,761.25,-2896.25,-109.375
1506918,761.25,-2896.25,-109.375
1506929,328.125,-3031.875,-91.875
1506929,328.125,-3031.875,-91.875
1506939,-70.0,-2870.0,-43.75
1506939,-70.0,-2870.0,-43.75
1506949,-638.75,-2598.75,30.625
1506949,-638.75,-2598.75,30.625
1506960,-1067.5,-2349.375,13.125
1506960,-1067.5,-2349.375,13.125
1506970,-1369.375,-1925.0,0.0
1506970,-1369.375,-1925.0,0.0
1506980,-1316.875,-1837.5,-13.125
1506980,-1316.875,-1837.5,-13.125
1506990,-1023.75,-1907.5,-48.125
1506990,-1023.75,-1907.5,-48.125
1507001,-529.375,-1802.5,4.375
1507001,-529.375,-1802.5,4.375
1507011,-91.875,-1649.375,17.5
1507011,-91.875,-1649.375,17.5
1507021,-179.375,-1435.0,-91.875
1507021,-179.375,-1435.0,-91.875
1507032,-446.25,-1246.875,65.625
1507032,-446.25,-1246.875,65.625
1507042,-306.25,-1194.375,74.375
1507042,-306.25,-1194.375,74.375
1507052,56.875,-936.25,-48.125
1507052,56.875,-936.25,-48.125
1507062,332.5,-861.875,-8.75
1507062,332.5,-861.875,-8.75
1507073,135.625,-840.0,140.0
1507073,135.625,-840.0,140.0
1507084,-472.5,-354.375,175.0
1507084,-472.5,-354.375,175.0
1507094,-656.25,-573.125,148.75
1507094,-656.25,-573.125,148.75
1507104,-336.875,-927.5,65.625
1507104,-336.875,-927.5,65.625
1507114,21.875,-1089.375,188.125
1507114,21.875,-1089.375,188.125
1507125,280.0,-1141.875,87.5
1507125,280.0,-1141.875,87.5
1507135,608.125,-1115.625,70.0
1507135,608.125,-1115.625,70.0
1507145,1159.375,-1168.125,78.75
1507145,1159.375,-1168.125,78.75
1507156,1063.125,-1058.75,109.375
1507156,1063.125,-1058.75,109.375
1507166,1045.625,-962.5,249.375
1507166,1045.625,-962.5,249.375
1507176,953.75,-796.25,183.75
1507176,953.75,-796.25,183.75
1507186,857.5,-975.625,161.875
1507186,857.5,-975.625,161.875
1507195,595.0,-1102.5,227.5
1507195,595.0,-1102.5,227.5
1507207,568.75,-1207.5,249.375
1507207,568.75,-1207.5,249.375
1507217,284.375,-1505.0,231.875
1507217,284.375,-1505.0,231.875
1507228,122.5,-1960.0,214.375
1507228,122.5,-1960.0,214.375
1507238,520.625,-2069.375,227.5
1507238,520.625,-2069.375,227.5
1507248,1155.0,-1785.0,258.125
1507248,1155.0,-1785.0,258.125
1507259,1159.375,-1168.125,240.625
1507259,1159.375,-1168.125,240.625
1507269,275.625,-577.5,188.125
1507269,275.625,-577.5,188.125
1507280,-546.875,-1146.25,87.5
1507280,-546.875,-1146.25,87.5
1507290,-428.75,-1916.25,161.875
1507290,-428.75,-1916.25,161.875
1507300,-48.125,-1824.375,306.25
1507300,-48.125,-1824.375,306.25
1507310,354.375,-1518.125,301.875
1507310,354.375,-1518.125,301.875
1507321,564.375,-1128.75,179.375
1507321,564.375,-1128.75,179.375
1507331,1089.375,-866.25,258.125
1507331,1089.375,-866.25,258.125
1507341,1071.875,-949.375,323.75
1507341,1071.875,-949.375,323.75
1507352,875.0,-1203.125,245.0
1507352,875.0,-1203.125,245.0
1507362,805.0,-1277.5,371.875
1507362,805.0,-1277.5,371.875
1507372,853.125,-1544.375,332.5
1507372,853.125,-1544.375,332.5
1507383,1019.375,-1723.75,402.5
1507383,1019.375,-1723.75,402.5
1507393,988.75,-1736.875,393.75
1507393,988.75,-1736.875,393.75
1507402,1242.5,-1491.875,420.0
1507402,1242.5,-1491.875,420.0
1507413,918.75,-1614.375,354.375
1507413,918.75,-1614.375,354.375
1507424,673.75,-1561.875,315.0
1507424,673.75,-1561.875,315.0
1507434,1006.25,-1001.875,472.5
1507434,1006.25,-1001.875,472.5
1507444,-166.25,-931.875,354.375
1507444,-166.25,-931.875,354.375
1507455,140.0,-1925.0,205.625
1507455,140.0,-1925.0,205.625
1507465,1456.875,-1955.625,280.0
1507465,1456.875,-1955.625,280.0
1507476,2441.25,-1128.75,319.375
1507476,2441.25,-1128.75,319.375
1507486,2056.25,-214.375,293.125
1507486,2056.25,-214.375,293.125
1507496,975.625,35.0,319.375
1507496,975.625,35.0,319.375
1507506,984.375,-253.75,280.0
1507506,984.375,-253.75,280.0
1507517,1343.125,-713.125,385.0
1507517,1343.125,-713.125,385.0
1507527,883.75,-1260.0,560.0
1507527,883.75,-1260.0,560.0
1507537,-424.375,-1548.75,590.625
1507537,-424.375,-1548.75,590.625
1507548,-1330.0,-2209.375,568.75
1507548,-1330.0,-2209.375,568.75
1507558,-1540.0,-2734.375,468.125
1507558,-1540.0,-2734.375,468.125
1507568,-1238.125,-2244.375,468.125
1507568,-1238.125,-2244.375,468.125
1507579,-83.125,-1386.875,494.375
1507579,-83.125,-1386.875,494.375
1507589,1203.125,-905.625,398.125
1507589,1203.125,-905.625,398.125
1507599,1855.0,-896.875,262.5
1507599,1855.0,-896.875,262.5
1507609,2148.125,-1465.625,297.5
1507609,2148.125,-1465.625,297.5
1507620,1688.75,-2021.25,389.375
1507620,1688.75,-2021.25,389.375
1507631,1238.125,-2471.875,459.375
1507631,1238.125,-2471.875,459.375
1507640,840.0,-2896.25,551.25
1507640,840.0,-2896.25,551.25
1507651,350.0,-2861.25,638.75
1507651,350.0,-2861.25,638.75
1507660,109.375,-2786.875,647.5
1507660,109.375,-2786.875,647.5
1507672,-249.375,-2310.0,669.375
1507672,-249.375,-2310.0,669.375
1507682,-140.0,-1986.25,608.125
1507682,-140.0,-1986.25,608.125
1507692,301.875,-1478.75,708.75
1507692,301.875,-1478.75,708.75
1507703,813.75,-1264.375,708.75
1507703,813.75,-1264.375,708.75
1507713,818.125,-1006.25,713.125
1507713,818.125,-1006.25,713.125
1507723,1032.5,-831.25,774.375
1507723,1032.5,-831.25,774.375
1507733,844.375,-691.25,673.75
1507733,844.375,-691.25,673.75
1507744,236.25,-651.875,656.25
1507744,236.25,-651.875,656.25
