1495631,3381.875,756.875,-3311.875
1495631,3381.875,756.875,-3311.875
1495641,3609.375,1728.125,-3714.375
1495641,3609.375,1728.125,-3714.375
1495651,4042.5,2030.0,-3390.625
1495651,4042.5,2030.0,-3390.625
1495661,3819.375,2401.875,-3128.125
1495661,3819.375,2401.875,-3128.125
1495672,3850.0,2235.625,-2800.0
1495672,3850.0,2235.625,-2800.0
1495682,2318.75,2826.25,-3058.125
1495682,2318.75,2826.25,-3058.125
1495692,2905.0,4046.875,-2349.375
1495692,2905.0,4046.875,-2349.375
1495703,3281.25,5280.625,-2502.5
1495703,3281.25,5280.625,-2502.5
1495713,3268.125,6028.75,-3246.25
1495713,3268.125,6028.75,-3246.25
1495723,2878.75,6488.125,-3430.0
1495723,2878.75,6488.125,-3430.0
1495734,2349.375,6265.0,-3797.5
1495734,2349.375,6265.0,-3797.5
1495744,1973.125,6348.125,-4038.125
1495744,1973.125,6348.125,-4038.125
1495754,2187.5,6326.25,-3338.125
1495754,2187.5,6326.25,-3338.125
1495765,2178.75,5442.5,-3788.75
1495765,2178.75,5442.5,-3788.75
1495775,2533.125,4414.375,-3788.75
1495775,2533.125,4414.375,-3788.75
1495786,2209.375,2988.125,-3832.5
1495786,2209.375,2988.125,-3832.5
1495796,1990.625,1977.5,-3854.375
1495796,1990.625,1977.5,-3854.375
1495806,2121.875,2257.5,-3675.0
1495806,2121.875,2257.5,-3675.0
1495816,1894.375,3062.5,-3097.5
1495816,1894.375,3062.5,-3097.5
1495827,-258.125,2913.75,-1815.625
1495827,-258.125,2913.75,-1815.625
1495837,-1045.625,1833.125,-1741.25
1495837,-1045.625,1833.125,-1741.25
1495847,-231.875,1863.75,-2476.25
1495847,-231.875,1863.75,-2476.25
1495858,-1176.875,2979.375,-2708.125
1495858,-1176.875,2979.375,-2708.125
1495868,-1754.375,3552.5,-2489.375
1495868,-1754.375,3552.5,-2489.375
1495878,-3408.125,4195.625,-3027.5
1495878,-3408.125,4195.625,-3027.5
1495888,-5385.625,3850.0,-3097.5
1495888,-5385.625,3850.0,-3097.5
1495899,-7275.625,4777.5,-26.25
1495899,-7275.625,4777.5,-26.25
1495909,-6549.375,2200.625,-1308.125
1495909,-6549.375,2200.625,-1308.125
1495919,-5718.125,-2034.375,-433.125
1495919,-5718.125,-2034.375,-433.125
1495930,-6868.75,-3342.5,157.5
1495930,-6868.75,-3342.5,157.5
1495940,-10688.125,-6479.375,446.25
1495940,-10688.125,-6479.375,446.25
1495950,-12075.0,-7074.375,-704.375
1495950,-12075.0,-7074.375,-704.375
1495961,-13505.625,-7940.625,-2533.125
1495961,-13505.625,-7940.625,-2533.125
1495971,-16104.375,-8960.0,-4353.125
1495971,-16104.375,-8960.0,-4353.125
1495982,-16323.125,-8929.375,-5420.625
1495982,-16323.125,-8929.375,-5420.625
1495992,-14433.125,-8198.75,-6151.25
1495992,-14433.125,-8198.75,-6151.25
1496002,-12687.5,-5315.625,-6496.875
1496002,-12687.5,-5315.625,-6496.875
1496012,-9813.125,-1566.25,-6510.0
1496012,-9813.125,-1566.25,-6510.0
1496023,-7253.75,1045.625,-5298.125
1496023,-7253.75,1045.625,-5298.125
1496033,-5271.875,2699.375,-3552.5
1496033,-5271.875,2699.375,-3552.5
1496043,-5188.75,3521.875,-1850.625
1496043,-5188.75,3521.875,-1850.625
1496054,-5009.375,3268.125,-595.0
1496054,-5009.375,3268.125,-595.0
1496064,-2436.875,835.625,-170.625
1496064,-2436.875,835.625,-170.625
1496074,984.375,-2646.875,-735.0
1496074,984.375,-2646.875,-735.0
1496084,1745.625,-4230.625,-1216.25
1496084,1745.625,-4230.625,-1216.25
1496095,3101.875,-5831.875,-2275.0
1496095,3101.875,-5831.875,-2275.0
1496105,6702.5,-8701.875,-1124.375
1496105,6702.5,-8701.875,-1124.375
1496115,3504.375,-6181.875,1745.625
1496115,3504.375,-6181.875,1745.625
1496126,1885.625,-6702.5,78.75
1496126,1885.625,-6702.5,78.75
1496137,1968.75,-10548.125,1133.125
1496137,1968.75,-10548.125,1133.125
1496146,1373.75,-12162.5,3609.375
1496146,1373.75,-12162.5,3609.375
1496157,5451.25,-10447.5,3955.0
1496157,5451.25,-10447.5,3955.0
1496167,11379.375,-4086.25,4025.0
1496167,11379.375,-4086.25,4025.0
1496176,13212.5,3150.0,2480.625
1496176,13212.5,3150.0,2480.625
1496188,11497.5,4038.125,1198.75
1496188,11497.5,4038.125,1198.75
1496198,7743.75,-258.125,945.0
1496198,7743.75,-258.125,945.0
1496208,3005.625,-5718.125,844.375
1496208,3005.625,-5718.125,844.375
1496219,-1601.25,-11291.875,853.125
1496219,-1601.25,-11291.875,853.125
1496229,-3508.75,-18663.75,931.875
1496229,-3508.75,-18663.75,931.875
1496239,-5066.25,-24206.875,756.875
1496239,-5066.25,-24206.875,756.875
1496250,-9135.0,-25751.25,953.75
1496250,-9135.0,-25751.25,953.75
1496260,-10793.125,-25808.125,1176.875
1496260,-10793.125,-25808.125,1176.875
1496270,-8286.25,-24933.125,1653.75
1496270,-8286.25,-24933.125,1653.75
1496281,-7013.125,-21691.25,2275.0
1496281,-7013.125,-21691.25,2275.0
1496291,-5066.25,-16651.25,2695.0
1496291,-5066.25,-16651.25,2695.0
1496301,-2506.875,-10443.125,2716.875
1496301,-2506.875,-10443.125,2716.875
1496311,1115.625,-5495.0,3202.5
1496311,1115.625,-5495.0,3202.5
1496322,2292.5,-148.75,4178.125
1496322,2292.5,-148.75,4178.125
1496332,2428.125,4248.125,4366.25
1496332,2428.125,4248.125,4366.25
1496342,962.5,8246.875,4388.125
1496342,962.5,8246.875,4388.125
1496352,-1452.5,11016.25,4033.75
1496352,-1452.5,11016.25,4033.75
1496363,-3653.125,12779.375,3683.75
1496363,-3653.125,12779.375,3683.75
1496373,-4786.25,14389.375,3255.0
1496373,-4786.25,14389.375,3255.0
1496384,-4567.5,15592.5,3080.0
1496384,-4567.5,15592.5,3080.0
1496394,-4440.625,15898.75,2979.375
1496394,-4440.625,15898.75,2979.375
1496405,-4865.0,15347.5,2590.0
1496405,-4865.0,15347.5,2590.0
1496414,-4453.75,13501.25,2524.375
1496414,-4453.75,13501.25,2524.375
1496425,-3871.875,11331.25,2196.25
1496425,-3871.875,11331.25,2196.25
1496435,-2883.125,8750.0,1907.5
1496435,-2883.125,8750.0,1907.5
1496446,-1859.375,5766.25,1395.625
1496446,-1859.375,5766.25,1395.625
1496456,196.875,3530.625,660.625
1496456,196.875,3530.625,660.625
1496466,2808.75,1102.5,262.5
1496466,2808.75,1102.5,262.5
1496476,4536.875,-1351.875,-441.875
1496476,4536.875,-1351.875,-441.875
1496487,5460.0,-3390.625,-774.375
1496487,5460.0,-3390.625,-774.375
1496497,5617.5,-5153.75,-1308.125
1496497,5617.5,-5153.75,-1308.125
1496508,6479.375,-6444.375,-1583.75
1496508,6479.375,-6444.375,-1583.75
1496518,6811.875,-7476.875,-1680.0
1496518,6811.875,-7476.875,-1680.0
1496528,5359.375,-8054.375,-1618.75
1496528,5359.375,-8054.375,-1618.75
1496538,3460.625,-8723.75,-1706.25
1496538,3460.625,-8723.75,-1706.25
1496549,2178.75,-9765.0,-1855.0
1496549,2178.75,-9765.0,-1855.0
1496559,1303.75,-10075.625,-2034.375
1496559,1303.75,-10075.625,-2034.375
1496569,866.25,-9664.375,-2205.0
1496569,866.25,-9664.375,-2205.0
1496580,1776.25,-8715.0,-2174.375
1496580,1776.25,-8715.0,-2174.375
1496590,2244.375,-7411.25,-2113.125
1496590,2244.375,-7411.25,-2113.125
1496600,1627.5,-5477.5,-2139.375
1496600,1627.5,-5477.5,-2139.375
1496611,984.375,-4064.375,-2095.625
1496611,984.375,-4064.375,-2095.625
1496621,140.0,-3565.625,-1898.75
1496621,140.0,-3565.625,-1898.75
1496631,91.875,-3408.125,-1461.25
1496631,91.875,-3408.125,-1461.25
1496641,459.375,-3307.5,-1168.125
1496641,459.375,-3307.5,-1168.125
1496652,-43.75,-2821.875,-910.0
1496652,-43.75,-2821.875,-910.0
1496662,-1408.75,-2590.0,-660.625
1496662,-1408.75,-2590.0,-660.625
1496673,-2835.0,-2751.875,-380.625
1496673,-2835.0,-2751.875,-380.625
1496683,-3810.625,-2375.625,-223.125
1496683,-3810.625,-2375.625,-223.125
1496693,-3600.625,-1610.0,-56.875
1496693,-3600.625,-1610.0,-56.875
1496703,-2887.5,-765.625,262.5
1496703,-2887.5,-765.625,262.5
1496714,-1955.625,43.75,380.625
1496714,-1955.625,43.75,380.625
1496724,-1141.875,345.625,538.125
1496724,-1141.875,345.625,538.125
1496735,-826.875,192.5,822.5
1496735,-826.875,192.5,822.5
1496745,-1036.875,-70.0,1028.125
1496745,-1036.875,-70.0,1028.125
1496754,-1653.75,-634.375,1093.75
1496754,-1653.75,-634.375,1093.75
1496765,-2279.375,-1093.75,1286.25
1496765,-2279.375,-1093.75,1286.25
1496776,-2660.0,-1487.5,1413.125
1496776,-2660.0,-1487.5,1413.125
1496786,-2480.625,-1544.375,1435.0
1496786,-2480.625,-1544.375,1435.0
1496796,-2165.625,-1487.5,1334.375
1496796,-2165.625,-1487.5,1334.375
1496807,-1522.5,-1076.25,1225.0
1496807,-1522.5,-1076.25,1225.0
1496817,-721.875,-1080.625,1190.0
1496817,-721.875,-1080.625,1190.0
1496828,-253.75,-1168.125,1194.375
1496828,-253.75,-1168.125,1194.375
1496838,17.5,-1246.875,1133.125
1496838,17.5,-1246.875,1133.125
1496848,262.5,-1421.875,1115.625
1496848,262.5,-1421.875,1115.625
1496858,-56.875,-1596.875,962.5
1496858,-56.875,-1596.875,962.5
1496869,-328.125,-1697.5,936.25
1496869,-328.125,-1697.5,936.25
1496879,306.25,-1925.0,936.25
1496879,306.25,-1925.0,936.25
1496889,1238.125,-1662.5,866.25
1496889,1238.125,-1662.5,866.25
1496900,1391.25,-966.875,660.625
1496900,1391.25,-966.875,660.625
1496910,520.625,-905.625,472.5
1496910,520.625,-905.625,472.5
1496920,-140.0,-1181.25,389.375
1496920,-140.0,-1181.25,389.375
1496931,-61.25,-1286.25,393.75
1496931,-61.25,-1286.25,393.75
1496941,205.625,-1242.5,144.375
1496941,205.625,-1242.5,144.375
1496950,840.0,-1561.875,109.375
1496950,840.0,-1561.875,109.375
1496962,1544.375,-1544.375,-113.75
1496962,1544.375,-1544.375,-113.75
1496972,2012.5,-1811.25,-87.5
1496972,2012.5,-1811.25,-87.5
1496982,2165.625,-1920.625,-179.375
1496982,2165.625,-1920.625,-179.375
1496993,2471.875,-2082.5,-328.125
1496993,2471.875,-2082.5,-328.125
1497002,2463.125,-2086.875,-280.0
1497002,2463.125,-2086.875,-280.0
1497013,2012.5,-1964.375,-166.25
1497013,2012.5,-1964.375,-166.25
1497024,1421.875,-2095.625,-161.875
1497024,1421.875,-2095.625,-161.875
1497034,971.25,-2406.25,-135.625
1497034,971.25,-2406.25,-135.625
1497044,1019.375,-2795.625,-96.25
1497044,1019.375,-2795.625,-96.25
1497054,1430.625,-2773.75,135.625
1497054,1430.625,-2773.75,135.625
1497065,1316.875,-2362.5,166.25
1497065,1316.875,-2362.5,166.25
1497075,1172.5,-1942.5,306.25
1497075,1172.5,-1942.5,306.25
1497085,1448.125,-1802.5,319.375
1497085,1448.125,-1802.5,319.375
1497096,1006.25,-1666.875,385.0
1497096,1006.25,-1666.875,385.0
1497105,328.125,-1557.5,332.5
1497105,328.125,-1557.5,332.5
1497116,126.875,-1435.0,542.5
1497116,126.875,-1435.0,542.5
1497127,8.75,-1159.375,511.875
1497127,8.75,-1159.375,511.875
1497137,96.25,-796.25,625.625
1497137,96.25,-796.25,625.625
1497148,231.875,-538.125,682.5
1497148,231.875,-538.125,682.5
1497158,-175.0,-481.25,603.75
1497158,-175.0,-481.25,603.75
1497168,-463.75,-433.125,616.875
1497168,-463.75,-433.125,616.875
1497178,-595.0,-660.625,577.5
1497178,-595.0,-660.625,577.5
1497189,-822.5,-1001.875,476.875
1497189,-822.5,-1001.875,476.875
1497199,-901.25,-1080.625,525.0
1497199,-901.25,-1080.625,525.0
1497209,-336.875,-853.125,446.25
1497209,-336.875,-853.125,446.25
1497220,-43.75,-525.0,441.875
1497220,-43.75,-525.0,441.875
1497230,201.25,-280.0,455.0
1497230,201.25,-280.0,455.0
1497240,166.25,-590.625,424.375
1497240,166.25,-590.625,424.375
1497250,-328.125,-686.875,371.875
1497250,-328.125,-686.875,371.875
1497261,-288.75,-835.625,288.75
1497261,-288.75,-835.625,288.75
1497271,0.0,-892.5,306.25
1497271,0.0,-892.5,306.25
1497281,-183.75,-463.75,205.625
1497281,-183.75,-463.75,205.625
1497292,-612.5,-485.625,196.875
1497292,-612.5,-485.625,196.875
1497302,-476.875,-1023.75,240.625
1497302,-476.875,-1023.75,240.625
1497312,-78.75,-1233.75,341.25
1497312,-78.75,-1233.75,341.25
1497323,-236.25,-1605.625,196.875
1497323,-236.25,-1605.625,196.875
1497333,201.25,-2183.125,52.5
1497333,201.25,-2183.125,52.5
1497344,1001.875,-2165.625,35.0
1497344,1001.875,-2165.625,35.0
1497354,1185.625,-1522.5,131.25
1497354,1185.625,-1522.5,131.25
1497364,459.375,-866.25,100.625
1497364,459.375,-866.25,100.625
1497374,-105.0,-984.375,61.25
1497374,-105.0,-984.375,61.25
1497385,-56.875,-936.25,205.625
1497385,-56.875,-936.25,205.625
1497395,-39.375,-765.625,354.375
1497395,-39.375,-765.625,354.375
1497405,-196.875,-866.25,350.0
1497405,-196.875,-866.25,350.0
1497416,-529.375,-910.0,354.375
1497416,-529.375,-910.0,354.375
1497426,-975.625,-805.0,376.25
1497426,-975.625,-805.0,376.25
1497436,-879.375,-586.25,284.375
1497436,-879.375,-586.25,284.375
1497446,-135.625,-306.25,144.375
1497446,-135.625,-306.25,144.375
1497457,310.625,341.25,87.5
1497457,310.625,341.25,87.5
1497467,691.25,595.0,17.5
1497467,691.25,595.0,17.5
1497477,1198.75,140.0,26.25
1497477,1198.75,140.0,26.25
1497488,1308.125,-262.5,249.375
1497488,1308.125,-262.5,249.375
1497499,1203.125,-450.625,236.25
1497499,1203.125,-450.625,236.25
1497508,905.625,-918.75,310.625
1497508,905.625,-918.75,310.625
1497519,188.125,-984.375,450.625
1497519,188.125,-984.375,450.625
1497529,-433.125,-945.0,494.375
1497529,-433.125,-945.0,494.375
1497539,-485.625,-708.75,415.625
1497539,-485.625,-708.75,415.625
1497550,-306.25,-328.125,350.0
1497550,-306.25,-328.125,350.0
1497560,-30.625,218.75,249.375
1497560,-30.625,218.75,249.375
1497570,227.5,704.375,105.0
1497570,227.5,704.375,105.0
1497581,735.0,1036.875,70.0
1497581,735.0,1036.875,70.0
1497591,1211.875,1443.75,135.625
1497591,1211.875,1443.75,135.625
1497601,1785.0,1894.375,126.875
1497601,1785.0,1894.375,126.875
1497612,1728.125,2135.0,157.5
1497612,1728.125,2135.0,157.5
1497622,1028.125,2143.75,350.0
1497622,1028.125,2143.75,350.0
1497632,-65.625,1137.5,581.875
1497632,-65.625,1137.5,581.875
1497643,-371.875,503.125,669.375
1497643,-371.875,503.125,669.375
1497653,-105.0,848.75,446.25
1497653,-105.0,848.75,446.25
1497663,87.5,1439.375,358.75
1497663,87.5,1439.375,358.75
1497673,227.5,1614.375,385.0
1497673,227.5,1614.375,385.0
1497684,367.5,1824.375,367.5
1497684,367.5,1824.375,367.5
1497694,43.75,2130.625,306.25
1497694,43.75,2130.625,306.25
1497704,148.75,2187.5,144.375
1497704,148.75,2187.5,144.375
1497715,1120.0,1903.125,105.0
1497715,1120.0,1903.125,105.0
1497725,1828.75,1653.75,-100.625
1497725,1828.75,1653.75,-100.625
1497735,2563.75,1487.5,-249.375
1497735,2563.75,1487.5,-249.375
1497745,2865.625,1465.625,-328.125
1497745,2865.625,1465.625,-328.125
1497756,3010.0,1338.75,-437.5
1497756,3010.0,1338.75,-437.5
1497766,2800.0,1176.875,-385.0
1497766,2800.0,1176.875,-385.0
1497777,1785.0,1470.0,-520.625
1497777,1785.0,1470.0,-520.625
1497787,1172.5,1430.625,-468.125
1497787,1172.5,1430.625,-468.125
1497797,835.625,1465.625,-297.5
1497797,835.625,1465.625,-297.5
1497808,818.125,1736.875,-245.0
1497808,818.125,1736.875,-245.0
1497818,1120.0,1688.75,-284.375
1497818,1120.0,1688.75,-284.375
1497828,1715.0,1435.0,-262.5
1497828,1715.0,1435.0,-262.5
1497839,2279.375,1211.875,-306.25
1497839,2279.375,1211.875,-306.25
1497849,2148.125,1190.0,-280.0
1497849,2148.125,1190.0,-280.0
1497858,1500.625,1557.5,-481.25
1497858,1500.625,1557.5,-481.25
1497869,1295.0,1684.375,-533.75
1497869,1295.0,1684.375,-533.75
1497880,940.625,1868.125,-498.75
1497880,940.625,1868.125,-498.75
1497890,437.5,2051.875,-498.75
1497890,437.5,2051.875,-498.75
1497900,70.0,2030.0,-564.375
1497900,70.0,2030.0,-564.375
1497910,-43.75,1890.0,-669.375
1497910,-43.75,1890.0,-669.375
1497921,490.0,1255.625,-577.5
1497921,490.0,1255.625,-577.5
1497932,774.375,542.5,-612.5
1497932,774.375,542.5,-612.5
1497942,770.0,-100.625,-643.125
1497942,770.0,-100.625,-643.125
1497952,1050.0,-371.875,-599.375
1497952,1050.0,-371.875,-599.375
1497962,1391.25,240.625,-546.875
1497962,1391.25,240.625,-546.875
1497973,1610.0,2231.25,-774.375
1497973,1610.0,2231.25,-774.375
1497983,1723.75,5215.0,-1238.125
1497983,1723.75,5215.0,-1238.125
1497993,2183.125,8019.375,-1483.125
1497993,2183.125,8019.375,-1483.125
1498004,2760.625,8426.25,-1491.875
1498004,2760.625,8426.25,-1491.875
1498014,2664.375,7420.0,-1308.125
1498014,2664.375,7420.0,-1308.125
1498024,2248.75,4917.5,-1019.375
1498024,2248.75,4917.5,-1019.375
1498035,826.875,3640.0,-748.125
1498035,826.875,3640.0,-748.125
1498045,192.5,3666.25,-713.125
1498045,192.5,3666.25,-713.125
1498055,376.25,1522.5,-630.0
1498055,376.25,1522.5,-630.0
1498066,210.0,-236.25,-529.375
1498066,210.0,-236.25,-529.375
1498076,-498.75,61.25,-179.375
1498076,-498.75,61.25,-179.375
1498087,-726.25,1395.625,-284.375
1498087,-726.25,1395.625,-284.375
1498096,647.5,13.125,354.375
1498096,647.5,13.125,354.375
1498107,231.875,1019.375,332.5
1498107,231.875,1019.375,332.5
1498117,-984.375,686.875,56.875
1498117,-984.375,686.875,56.875
1498126,-1303.75,1373.75,-883.75
1498126,-1303.75,1373.75,-883.75
1498138,1990.625,2905.0,-113.75
1498138,1990.625,2905.0,-113.75
1498148,621.25,2008.125,43.75
1498148,621.25,2008.125,43.75
1498158,-1452.5,2970.625,-463.75
1498158,-1452.5,2970.625,-463.75
1498169,-1176.875,3430.0,-341.25
1498169,-1176.875,3430.0,-341.25
1498179,-840.0,2296.875,-4.375
1498179,-840.0,2296.875,-4.375
1498189,-490.0,1531.25,275.625
1498189,-490.0,1531.25,275.625
1498200,-945.0,1220.625,188.125
1498200,-945.0,1220.625,188.125
1498210,-1172.5,1045.625,56.875
1498210,-1172.5,1045.625,56.875
1498220,-735.0,533.75,48.125
1498220,-735.0,533.75,48.125
1498231,-363.125,428.75,-126.875
1498231,-363.125,428.75,-126.875
1498241,-135.625,638.75,-140.0
1498241,-135.625,638.75,-140.0
1498251,-83.125,936.25,87.5
1498251,-83.125,936.25,87.5
1498262,-796.25,1198.75,48.125
1498262,-796.25,1198.75,48.125
1498272,-1754.375,1404.375,-100.625
1498272,-1754.375,1404.375,-100.625
1498281,-2362.5,1246.875,-350.0
1498281,-2362.5,1246.875,-350.0
1498291,-2944.375,1085.0,-625.625
1498291,-2944.375,1085.0,-625.625
1498303,-3320.625,748.125,-730.625
1498303,-3320.625,748.125,-730.625
1498313,-3885.0,227.5,-682.5
1498313,-3885.0,227.5,-682.5
1498323,-5971.875,-91.875,-542.5
1498323,-5971.875,-91.875,-542.5
1498334,-5013.75,-638.75,-1255.625
1498334,-5013.75,-638.75,-1255.625
1498344,-2996.875,-380.625,-901.25
1498344,-2996.875,-380.625,-901.25
1498354,-4077.5,280.0,-1106.875
1498354,-4077.5,280.0,-1106.875
1498365,-4427.5,-315.0,-2130.625
1498365,-4427.5,-315.0,-2130.625
1498375,-3171.875,853.125,-2480.625
1498375,-3171.875,853.125,-2480.625
1498385,-1968.75,-984.375,-1513.75
1498385,-1968.75,-984.375,-1513.75
1498396,-1898.75,-1855.0,-818.125
1498396,-1898.75,-1855.0,-818.125
1498406,-3775.625,-971.25,-796.25
1498406,-3775.625,-971.25,-796.25
1498416,-5718.125,-402.5,-1592.5
1498416,-5718.125,-402.5,-1592.5
1498427,-7113.75,-888.125,-3495.625
1498427,-7113.75,-888.125,-3495.625
1498437,-10771.25,-3513.125,-8277.5
1498437,-10771.25,-3513.125,-8277.5
1498447,-15929.375,-4729.375,-9896.25
1498447,-15929.375,-4729.375,-9896.25
1498458,-14643.125,-2625.0,-8890.0
1498458,-14643.125,-2625.0,-8890.0
1498468,-15356.25,-3596.25,-10465.0
1498468,-15356.25,-3596.25,-10465.0
1498478,-19451.25,-4628.75,-13807.5
1498478,-19451.25,-4628.75,-13807.5
1498489,-23410.625,-6453.125,-18038.125
1498489,-23410.625,-6453.125,-18038.125
1498499,-24080.0,-6658.75,-18996.25
1498499,-24080.0,-6658.75,-18996.25
1498509,-22793.75,-5595.625,-18296.25
1498509,-22793.75,-5595.625,-18296.25
1498520,-17600.625,-5341.875,-14083.125
1498520,-17600.625,-5341.875,-14083.125
1498530,-16471.875,-7853.125,-14091.875
1498530,-16471.875,-7853.125,-14091.875
1498540,-18068.75,-5346.25,-14678.125
1498540,-18068.75,-5346.25,-14678.125
1498551,-14476.875,-5731.25,-12219.375
1498551,-14476.875,-5731.25,-12219.375
1498561,-13737.5,-6790.0,-11895.625
1498561,-13737.5,-6790.0,-11895.625
1498571,-11606.875,-5954.375,-10495.625
1498571,-11606.875,-5954.375,-10495.625
1498582,-9730.0,-4353.125,-7236.25
1498582,-9730.0,-4353.125,-7236.25
1498592,-10027.5,-1938.125,-7288.75
1498592,-10027.5,-1938.125,-7288.75
1498602,-12232.5,-389.375,-11488.75
1498602,-12232.5,-389.375,-11488.75
1498612,-17425.625,-8627.5,-11086.25
1498612,-17425.625,-8627.5,-11086.25
1498623,-16751.875,-42931.875,-1776.25
1498623,-16751.875,-42931.875,-1776.25
1498633,-4191.25,-29443.75,-4191.25
1498633,-4191.25,-29443.75,-4191.25
1498643,-11340.0,7901.25,-914.375
1498643,-11340.0,7901.25,-914.375
1498654,-4650.625,12945.625,-6365.625
1498654,-4650.625,12945.625,-6365.625
1498664,8592.5,9699.375,-5035.625
1498664,8592.5,9699.375,-5035.625
1498674,10570.0,603.75,-2961.875
1498674,10570.0,603.75,-2961.875
1498685,6531.875,-3679.375,485.625
1498685,6531.875,-3679.375,485.625
1498695,4738.125,-1373.75,3666.25
1498695,4738.125,-1373.75,3666.25
1498705,9021.25,1898.75,5250.0
1498705,9021.25,1898.75,5250.0
1498716,12127.5,3320.625,5254.375
1498716,12127.5,3320.625,5254.375
1498726,12210.625,3460.625,2660.0
1498726,12210.625,3460.625,2660.0
