1494026,70.3125,804.6875,609.375,15.625,-781.25,648.4375,289.0625,-914.0625,312.5,476.5625,-867.1875,-70.3125,562.5,-812.5,70.3125
1494026,70.3125,804.6875,609.375,15.625,-781.25,648.4375,289.0625,-914.0625,312.5,476.5625,-867.1875,-70.3125,562.5,-812.5,70.3125
1494026,78.125,804.6875,601.5625,15.625,-789.0625,640.625,289.0625,-921.875,312.5,476.5625,-875.0,-70.3125,562.5,-828.125,78.125
1494026,78.125,804.6875,601.5625,15.625,-789.0625,640.625,289.0625,-921.875,312.5,476.5625,-875.0,-70.3125,562.5,-828.125,78.125
1494034,70.3125,804.6875,601.5625,15.625,-804.6875,648.4375,273.4375,-921.875,312.5,476.5625,-875.0,-70.3125,562.5,-828.125,70.3125
1494034,70.3125,804.6875,601.5625,15.625,-804.6875,648.4375,273.4375,-921.875,312.5,476.5625,-875.0,-70.3125,562.5,-828.125,70.3125
1494042,78.125,796.875,609.375,15.625,-796.875,648.4375,289.0625,-929.6875,304.6875,484.375,-882.8125,-70.3125,562.5,-835.9375,70.3125
1494042,78.125,796.875,609.375,15.625,-796.875,648.4375,289.0625,-929.6875,304.6875,484.375,-882.8125,-70.3125,562.5,-835.9375,70.3125
1494188,78.125,812.5,593.75,15.625,-789.0625,640.625,289.0625,-914.0625,304.6875,468.75,-875.0,-62.5,562.5,-828.125,62.5
1494188,78.125,812.5,593.75,15.625,-789.0625,640.625,289.0625,-914.0625,304.6875,468.75,-875.0,-62.5,562.5,-828.125,62.5
1494188,78.125,804.6875,609.375,15.625,-773.4375,656.25,289.0625,-921.875,304.6875,468.75,-875.0,-70.3125,562.5,-820.3125,78.125
1494188,78.125,804.6875,609.375,15.625,-773.4375,656.25,289.0625,-921.875,304.6875,468.75,-875.0,-70.3125,562.5,-820.3125,78.125
1494196,85.9375,812.5,601.5625,15.625,-789.0625,648.4375,289.0625,-921.875,312.5,476.5625,-875.0,-62.5,562.5,-828.125,78.125
1494196,85.9375,812.5,601.5625,15.625,-789.0625,648.4375,289.0625,-921.875,312.5,476.5625,-875.0,-62.5,562.5,-828.125,78.125
1494204,85.9375,812.5,601.5625,15.625,-796.875,656.25,289.0625,-921.875,304.6875,484.375,-875.0,-78.125,554.6875,-820.3125,70.3125
1494204,85.9375,812.5,601.5625,15.625,-796.875,656.25,289.0625,-921.875,304.6875,484.375,-875.0,-78.125,554.6875,-820.3125,70.3125
1494349,78.125,804.6875,601.5625,23.4375,-789.0625,656.25,281.25,-937.5,304.6875,484.375,-875.0,-78.125,562.5,-828.125,70.3125
1494349,78.125,804.6875,601.5625,23.4375,-789.0625,656.25,281.25,-937.5,304.6875,484.375,-875.0,-78.125,562.5,-828.125,70.3125
1494349,70.3125,804.6875,601.5625,23.4375,-796.875,648.4375,289.0625,-921.875,304.6875,484.375,-875.0,-78.125,562.5,-820.3125,70.3125
1494349,70.3125,804.6875,601.5625,23.4375,-796.875,648.4375,289.0625,-921.875,304.6875,484.375,-875.0,-78.125,562.5,-820.3125,70.3125
1494357,78.125,796.875,593.75,7.8125,-789.0625,656.25,289.0625,-921.875,304.6875,476.5625,-875.0,-70.3125,562.5,-820.3125,78.125
1494357,78.125,796.875,593.75,7.8125,-789.0625,656.25,289.0625,-921.875,304.6875,476.5625,-875.0,-70.3125,562.5,-820.3125,78.125
1494365,78.125,804.6875,601.5625,15.625,-789.0625,656.25,296.875,-914.0625,320.3125,476.5625,-867.1875,-70.3125,562.5,-820.3125,70.3125
1494365,78.125,804.6875,601.5625,15.625,-789.0625,656.25,296.875,-914.0625,320.3125,476.5625,-867.1875,-70.3125,562.5,-820.3125,70.3125
1494509,78.125,804.6875,601.5625,15.625,-789.0625,656.25,289.0625,-914.0625,304.6875,468.75,-875.0,-70.3125,562.5,-820.3125,70.3125
1494509,78.125,804.6875,601.5625,15.625,-789.0625,656.25,289.0625,-914.0625,304.6875,468.75,-875.0,-70.3125,562.5,-820.3125,70.3125
1494509,78.125,796.875,601.5625,15.625,-789.0625,664.0625,289.0625,-921.875,320.3125,476.5625,-867.1875,-78.125,554.6875,-820.3125,70.3125
1494509,78.125,796.875,601.5625,15.625,-789.0625,664.0625,289.0625,-921.875,320.3125,476.5625,-867.1875,-78.125,554.6875,-820.3125,70.3125
1494518,78.125,804.6875,601.5625,15.625,-789.0625,656.25,296.875,-929.6875,312.5,468.75,-859.375,-62.5,554.6875,-835.9375,70.3125
1494518,78.125,804.6875,601.5625,15.625,-789.0625,656.25,296.875,-929.6875,312.5,468.75,-859.375,-62.5,554.6875,-835.9375,70.3125
1494526,85.9375,804.6875,609.375,23.4375,-789.0625,656.25,296.875,-914.0625,312.5,468.75,-867.1875,-78.125,562.5,-820.3125,70.3125
1494526,85.9375,804.6875,609.375,23.4375,-789.0625,656.25,296.875,-914.0625,312.5,468.75,-867.1875,-78.125,562.5,-820.3125,70.3125
1494672,85.9375,804.6875,601.5625,15.625,-781.25,648.4375,281.25,-921.875,304.6875,476.5625,-875.0,-78.125,554.6875,-828.125,70.3125
1494672,85.9375,804.6875,601.5625,15.625,-781.25,648.4375,281.25,-921.875,304.6875,476.5625,-875.0,-78.125,554.6875,-828.125,70.3125
1494672,78.125,804.6875,609.375,15.625,-789.0625,648.4375,289.0625,-921.875,304.6875,476.5625,-882.8125,-70.3125,554.6875,-820.3125,70.3125
1494672,78.125,804.6875,609.375,15.625,-789.0625,648.4375,289.0625,-921.875,304.6875,476.5625,-882.8125,-70.3125,554.6875,-820.3125,70.3125
1494679,70.3125,804.6875,601.5625,15.625,-789.0625,648.4375,289.0625,-929.6875,312.5,476.5625,-867.1875,-70.3125,562.5,-828.125,70.3125
1494679,70.3125,804.6875,601.5625,15.625,-789.0625,648.4375,289.0625,-929.6875,312.5,476.5625,-867.1875,-70.3125,562.5,-828.125,70.3125
1494688,70.3125,804.6875,609.375,15.625,-789.0625,648.4375,296.875,-914.0625,304.6875,476.5625,-875.0,-70.3125,562.5,-820.3125,70.3125
1494688,70.3125,804.6875,609.375,15.625,-789.0625,648.4375,296.875,-914.0625,304.6875,476.5625,-875.0,-70.3125,562.5,-820.3125,70.3125
1494833,78.125,804.6875,601.5625,7.8125,-789.0625,648.4375,289.0625,-921.875,304.6875,476.5625,-875.0,-70.3125,554.6875,-820.3125,78.125
1494833,78.125,804.6875,601.5625,7.8125,-789.0625,648.4375,289.0625,-921.875,304.6875,476.5625,-875.0,-70.3125,554.6875,-820.3125,78.125
1494833,70.3125,796.875,601.5625,7.8125,-796.875,648.4375,281.25,-929.6875,312.5,468.75,-875.0,-70.3125,562.5,-828.125,78.125
1494833,70.3125,796.875,601.5625,7.8125,-796.875,648.4375,281.25,-929.6875,312.5,468.75,-875.0,-70.3125,562.5,-828.125,78.125
1494841,78.125,796.875,601.5625,15.625,-789.0625,656.25,289.0625,-929.6875,304.6875,476.5625,-875.0,-70.3125,562.5,-828.125,78.125
1494841,78.125,796.875,601.5625,15.625,-789.0625,656.25,289.0625,-929.6875,304.6875,476.5625,-875.0,-70.3125,562.5,-828.125,78.125
1494849,78.125,804.6875,601.5625,15.625,-781.25,648.4375,289.0625,-921.875,312.5,468.75,-875.0,-70.3125,554.6875,-820.3125,70.3125
1494849,78.125,804.6875,601.5625,15.625,-781.25,648.4375,289.0625,-921.875,312.5,468.75,-875.0,-70.3125,554.6875,-820.3125,70.3125
1494994,78.125,796.875,601.5625,15.625,-781.25,656.25,289.0625,-914.0625,304.6875,476.5625,-867.1875,-70.3125,562.5,-820.3125,70.3125
1494994,78.125,796.875,601.5625,15.625,-781.25,656.25,289.0625,-914.0625,304.6875,476.5625,-867.1875,-70.3125,562.5,-820.3125,70.3125
1494994,78.125,796.875,593.75,15.625,-789.0625,648.4375,289.0625,-921.875,304.6875,476.5625,-867.1875,-70.3125,562.5,-820.3125,70.3125
1494994,78.125,796.875,593.75,15.625,-789.0625,648.4375,289.0625,-921.875,304.6875,476.5625,-867.1875,-70.3125,562.5,-820.3125,70.3125
1495002,70.3125,804.6875,601.5625,15.625,-789.0625,648.4375,289.0625,-906.25,320.3125,476.5625,-867.1875,-70.3125,554.6875,-820.3125,78.125
1495002,70.3125,804.6875,601.5625,15.625,-789.0625,648.4375,289.0625,-906.25,320.3125,476.5625,-867.1875,-70.3125,554.6875,-820.3125,78.125
1495010,85.9375,804.6875,609.375,23.4375,-781.25,648.4375,289.0625,-914.0625,304.6875,476.5625,-867.1875,-70.3125,562.5,-828.125,62.5
1495010,85.9375,804.6875,609.375,23.4375,-781.25,648.4375,289.0625,-914.0625,304.6875,476.5625,-867.1875,-70.3125,562.5,-828.125,62.5
1495155,70.3125,796.875,601.5625,7.8125,-796.875,656.25,289.0625,-921.875,296.875,484.375,-882.8125,-78.125,562.5,-828.125,78.125
1495155,70.3125,796.875,601.5625,7.8125,-796.875,656.25,289.0625,-921.875,296.875,484.375,-882.8125,-78.125,562.5,-828.125,78.125
1495155,70.3125,796.875,609.375,15.625,-789.0625,656.25,296.875,-937.5,312.5,476.5625,-875.0,-85.9375,562.5,-828.125,78.125
1495155,70.3125,796.875,609.375,15.625,-789.0625,656.25,296.875,-937.5,312.5,476.5625,-875.0,-85.9375,562.5,-828.125,78.125
1495163,78.125,796.875,601.5625,23.4375,-796.875,656.25,289.0625,-929.6875,312.5,476.5625,-882.8125,-70.3125,562.5,-828.125,62.5
1495163,78.125,796.875,601.5625,23.4375,-796.875,656.25,289.0625,-929.6875,312.5,476.5625,-882.8125,-70.3125,562.5,-828.125,62.5
1495171,78.125,804.6875,609.375,7.8125,-804.6875,656.25,289.0625,-929.6875,312.5,476.5625,-875.0,-78.125,570.3125,-828.125,70.3125
1495171,78.125,804.6875,609.375,7.8125,-804.6875,656.25,289.0625,-929.6875,312.5,476.5625,-875.0,-78.125,570.3125,-828.125,70.3125
1495316,70.3125,796.875,601.5625,15.625,-789.0625,656.25,289.0625,-921.875,312.5,476.5625,-882.8125,-70.3125,562.5,-828.125,70.3125
1495316,70.3125,796.875,601.5625,15.625,-789.0625,656.25,289.0625,-921.875,312.5,476.5625,-882.8125,-70.3125,562.5,-828.125,70.3125
1495317,70.3125,812.5,593.75,7.8125,-789.0625,656.25,289.0625,-914.0625,312.5,468.75,-867.1875,-85.9375,562.5,-820.3125,70.3125
1495317,70.3125,812.5,593.75,7.8125,-789.0625,656.25,289.0625,-914.0625,312.5,468.75,-867.1875,-85.9375,562.5,-820.3125,70.3125
1495324,78.125,796.875,593.75,15.625,-781.25,656.25,289.0625,-914.0625,304.6875,468.75,-867.1875,-70.3125,554.6875,-812.5,70.3125
1495324,78.125,796.875,593.75,15.625,-781.25,656.25,289.0625,-914.0625,304.6875,468.75,-867.1875,-70.3125,554.6875,-812.5,70.3125
1495332,85.9375,804.6875,601.5625,23.4375,-789.0625,648.4375,289.0625,-914.0625,312.5,476.5625,-867.1875,-78.125,554.6875,-828.125,78.125
1495332,85.9375,804.6875,601.5625,23.4375,-789.0625,648.4375,289.0625,-914.0625,312.5,476.5625,-867.1875,-78.125,554.6875,-828.125,78.125
1495478,78.125,796.875,601.5625,7.8125,-781.25,648.4375,289.0625,-921.875,304.6875,468.75,-867.1875,-78.125,554.6875,-820.3125,70.3125
1495478,78.125,796.875,601.5625,7.8125,-781.25,648.4375,289.0625,-921.875,304.6875,468.75,-867.1875,-78.125,554.6875,-820.3125,70.3125
1495478,78.125,804.6875,609.375,7.8125,-789.0625,656.25,281.25,-921.875,312.5,476.5625,-875.0,-70.3125,562.5,-820.3125,70.3125
1495478,78.125,804.6875,609.375,7.8125,-789.0625,656.25,281.25,-921.875,312.5,476.5625,-875.0,-70.3125,562.5,-820.3125,70.3125
1495486,70.3125,796.875,601.5625,15.625,-789.0625,648.4375,289.0625,-921.875,304.6875,468.75,-875.0,-78.125,554.6875,-820.3125,62.5
1495486,70.3125,796.875,601.5625,15.625,-789.0625,648.4375,289.0625,-921.875,304.6875,468.75,-875.0,-78.125,554.6875,-820.3125,62.5
1495494,70.3125,804.6875,609.375,15.625,-796.875,648.4375,289.0625,-921.875,304.6875,476.5625,-875.0,-78.125,562.5,-828.125,70.3125
1495494,70.3125,804.6875,609.375,15.625,-796.875,648.4375,289.0625,-921.875,304.6875,476.5625,-875.0,-78.125,562.5,-828.125,70.3125
1495639,70.3125,804.6875,609.375,15.625,-781.25,648.4375,289.0625,-929.6875,296.875,468.75,-875.0,-70.3125,562.5,-828.125,62.5
1495639,70.3125,804.6875,609.375,15.625,-781.25,648.4375,289.0625,-929.6875,296.875,468.75,-875.0,-70.3125,562.5,-828.125,62.5
1495640,70.3125,804.6875,609.375,15.625,-781.25,656.25,289.0625,-929.6875,320.3125,476.5625,-875.0,-78.125,554.6875,-820.3125,70.3125
1495640,70.3125,804.6875,609.375,15.625,-781.25,656.25,289.0625,-929.6875,320.3125,476.5625,-875.0,-78.125,554.6875,-820.3125,70.3125
1495647,70.3125,804.6875,601.5625,7.8125,-789.0625,648.4375,281.25,-921.875,304.6875,468.75,-867.1875,-78.125,562.5,-820.3125,62.5
1495647,70.3125,804.6875,601.5625,7.8125,-789.0625,648.4375,281.25,-921.875,304.6875,468.75,-867.1875,-78.125,562.5,-820.3125,62.5
1495655,70.3125,804.6875,601.5625,15.625,-781.25,648.4375,289.0625,-921.875,304.6875,460.9375,-875.0,-70.3125,554.6875,-820.3125,62.5
1495655,70.3125,804.6875,601.5625,15.625,-781.25,648.4375,289.0625,-921.875,304.6875,460.9375,-875.0,-70.3125,554.6875,-820.3125,62.5
1495801,78.125,796.875,601.5625,15.625,-789.0625,640.625,289.0625,-914.0625,289.0625,468.75,-867.1875,-78.125,562.5,-820.3125,70.3125
1495801,78.125,796.875,601.5625,15.625,-789.0625,640.625,289.0625,-914.0625,289.0625,468.75,-867.1875,-78.125,562.5,-820.3125,70.3125
1495801,78.125,796.875,601.5625,15.625,-789.0625,640.625,289.0625,-914.0625,304.6875,476.5625,-867.1875,-78.125,554.6875,-820.3125,62.5
1495801,78.125,796.875,601.5625,15.625,-789.0625,640.625,289.0625,-914.0625,304.6875,476.5625,-867.1875,-78.125,554.6875,-820.3125,62.5
1495809,70.3125,804.6875,601.5625,23.4375,-781.25,648.4375,289.0625,-921.875,296.875,476.5625,-867.1875,-70.3125,554.6875,-812.5,54.6875
1495809,70.3125,804.6875,601.5625,23.4375,-781.25,648.4375,289.0625,-921.875,296.875,476.5625,-867.1875,-70.3125,554.6875,-812.5,54.6875
1495817,78.125,796.875,601.5625,23.4375,-789.0625,648.4375,289.0625,-921.875,304.6875,484.375,-875.0,-70.3125,562.5,-820.3125,70.3125
1495817,78.125,796.875,601.5625,23.4375,-789.0625,648.4375,289.0625,-921.875,304.6875,484.375,-875.0,-70.3125,562.5,-820.3125,70.3125
1495962,93.75,828.125,562.5,281.25,-593.75,960.9375,156.25,-804.6875,289.0625,789.0625,-804.6875,257.8125,804.6875,-390.625,226.5625
1495962,93.75,828.125,562.5,281.25,-593.75,960.9375,156.25,-804.6875,289.0625,789.0625,-804.6875,257.8125,804.6875,-390.625,226.5625
1495962,281.25,945.3125,468.75,335.9375,-460.9375,945.3125,242.1875,-523.4375,210.9375,734.375,-726.5625,304.6875,820.3125,-882.8125,367.1875
1495962,281.25,945.3125,468.75,335.9375,-460.9375,945.3125,242.1875,-523.4375,210.9375,734.375,-726.5625,304.6875,820.3125,-882.8125,367.1875
1495970,398.4375,1078.125,453.125,343.75,-554.6875,968.75,703.125,-695.3125,531.25,859.375,-796.875,132.8125,890.625,-1039.0625,406.25
1495970,398.4375,1078.125,453.125,343.75,-554.6875,968.75,703.125,-695.3125,531.25,859.375,-796.875,132.8125,890.625,-1039.0625,406.25
1495978,414.0625,1187.5,484.375,289.0625,-601.5625,976.5625,507.8125,-742.1875,640.625,843.75,-843.75,171.875,984.375,-1039.0625,460.9375
1495978,414.0625,1187.5,484.375,289.0625,-601.5625,976.5625,507.8125,-742.1875,640.625,843.75,-843.75,171.875,984.375,-1039.0625,460.9375
1496123,1031.25,2218.75,1203.125,671.875,-1234.375,734.375,710.9375,-1421.875,31.25,781.25,-1265.625,-585.9375,929.6875,-1234.375,-117.1875
1496123,1031.25,2218.75,1203.125,671.875,-1234.375,734.375,710.9375,-1421.875,31.25,781.25,-1265.625,-585.9375,929.6875,-1234.375,-117.1875
1496123,984.375,2195.3125,1156.25,507.8125,-1320.3125,585.9375,593.75,-1460.9375,-101.5625,789.0625,-1234.375,-640.625,820.3125,-1398.4375,-195.3125
1496123,984.375,2195.3125,1156.25,507.8125,-1320.3125,585.9375,593.75,-1460.9375,-101.5625,789.0625,-1234.375,-640.625,820.3125,-1398.4375,-195.3125
1496131,835.9375,2078.125,1101.5625,414.0625,-1398.4375,515.625,476.5625,-1500.0,-171.875,742.1875,-1234.375,-718.75,695.3125,-1468.75,-328.125
1496131,835.9375,2078.125,1101.5625,414.0625,-1398.4375,515.625,476.5625,-1500.0,-171.875,742.1875,-1234.375,-718.75,695.3125,-1468.75,-328.125
1496139,664.0625,1890.625,1023.4375,406.25,-1476.5625,523.4375,414.0625,-1562.5,-218.75,679.6875,-1281.25,-820.3125,578.125,-1515.625,-453.125
1496139,664.0625,1890.625,1023.4375,406.25,-1476.5625,523.4375,414.0625,-1562.5,-218.75,679.6875,-1281.25,-820.3125,578.125,-1515.625,-453.125
1496299,-62.5,781.25,718.75,-31.25,-1007.8125,-359.375,-164.0625,-1007.8125,-601.5625,-156.25,-765.625,-859.375,-273.4375,-1031.25,-492.1875
1496299,-62.5,781.25,718.75,-31.25,-1007.8125,-359.375,-164.0625,-1007.8125,-601.5625,-156.25,-765.625,-859.375,-273.4375,-1031.25,-492.1875
1496301,-171.875,664.0625,640.625,-125.0,-804.6875,-390.625,-226.5625,-882.8125,-593.75,-218.75,-687.5,-875.0,-328.125,-953.125,-562.5
1496301,-171.875,664.0625,640.625,-125.0,-804.6875,-390.625,-226.5625,-882.8125,-593.75,-218.75,-687.5,-875.0,-328.125,-953.125,-562.5
1496308,-226.5625,570.3125,601.5625,-70.3125,-812.5,-351.5625,-203.125,-843.75,-578.125,-218.75,-593.75,-804.6875,-359.375,-867.1875,-585.9375
1496308,-226.5625,570.3125,601.5625,-70.3125,-812.5,-351.5625,-203.125,-843.75,-578.125,-218.75,-593.75,-804.6875,-359.375,-867.1875,-585.9375
1496316,-187.5,484.375,585.9375,-70.3125,-796.875,-335.9375,-164.0625,-757.8125,-515.625,-226.5625,-539.0625,-710.9375,-351.5625,-765.625,-539.0625
1496316,-187.5,484.375,585.9375,-70.3125,-796.875,-335.9375,-164.0625,-757.8125,-515.625,-226.5625,-539.0625,-710.9375,-351.5625,-765.625,-539.0625
1496461,-7.8125,-1234.375,-757.8125,203.125,1226.5625,-531.25,-187.5,1531.25,-234.375,-320.3125,1398.4375,234.375,31.25,1500.0,-195.3125
1496461,-7.8125,-1234.375,-757.8125,203.125,1226.5625,-531.25,-187.5,1531.25,-234.375,-320.3125,1398.4375,234.375,31.25,1500.0,-195.3125
1496462,-46.875,-1437.5,-890.625,234.375,1609.375,-625.0,-257.8125,1984.375,-296.875,-335.9375,1921.875,312.5,-39.0625,1898.4375,-328.125
1496462,-46.875,-1437.5,-890.625,234.375,1609.375,-625.0,-257.8125,1984.375,-296.875,-335.9375,1921.875,312.5,-39.0625,1898.4375,-328.125
1496470,15.625,-1546.875,-968.75,234.375,2023.4375,-796.875,-265.625,2421.875,-320.3125,-476.5625,2328.125,406.25,-125.0,2265.625,-367.1875
1496470,15.625,-1546.875,-968.75,234.375,2023.4375,-796.875,-265.625,2421.875,-320.3125,-476.5625,2328.125,406.25,-125.0,2265.625,-367.1875
1496478,164.0625,-1429.6875,-929.6875,382.8125,2453.125,-984.375,-484.375,2718.75,-234.375,-546.875,2679.6875,656.25,-296.875,2484.375,-234.375
1496478,164.0625,-1429.6875,-929.6875,382.8125,2453.125,-984.375,-484.375,2718.75,-234.375,-546.875,2679.6875,656.25,-296.875,2484.375,-234.375
1496615,1312.5,3992.1875,3992.1875,1148.4375,-3992.1875,1414.0625,226.5625,-3992.1875,-3515.625,-757.8125,-3992.1875,-4000.0,-2148.4375,-3992.1875,-2500.0
1496615,1312.5,3992.1875,3992.1875,1148.4375,-3992.1875,1414.0625,226.5625,-3992.1875,-3515.625,-757.8125,-3992.1875,-4000.0,-2148.4375,-3992.1875,-2500.0
1496623,789.0625,3992.1875,3992.1875,195.3125,-3992.1875,1156.25,-187.5,-3992.1875,-3148.4375,-875.0,-3992.1875,-4000.0,-2015.625,-3992.1875,-1992.1875
1496623,789.0625,3992.1875,3992.1875,195.3125,-3992.1875,1156.25,-187.5,-3992.1875,-3148.4375,-875.0,-3992.1875,-4000.0,-2015.625,-3992.1875,-1992.1875
1496623,351.5625,3992.1875,3992.1875,-265.625,-3992.1875,1015.625,-414.0625,-3992.1875,-2664.0625,-695.3125,-3992.1875,-4000.0,-1492.1875,-3992.1875,-1343.75
1496623,351.5625,3992.1875,3992.1875,-265.625,-3992.1875,1015.625,-414.0625,-3992.1875,-2664.0625,-695.3125,-3992.1875,-4000.0,-1492.1875,-3992.1875,-1343.75
1496769,-234.375,828.125,609.375,-335.9375,-929.6875,242.1875,-140.625,-976.5625,-148.4375,-132.8125,-890.625,-398.4375,-281.25,-937.5,-203.125
1496769,-234.375,828.125,609.375,-335.9375,-929.6875,242.1875,-140.625,-976.5625,-148.4375,-132.8125,-890.625,-398.4375,-281.25,-937.5,-203.125
1496775,-218.75,796.875,671.875,-320.3125,-984.375,234.375,-156.25,-1023.4375,-187.5,-156.25,-929.6875,-453.125,-304.6875,-976.5625,-203.125
1496775,-218.75,796.875,671.875,-320.3125,-984.375,234.375,-156.25,-1023.4375,-187.5,-156.25,-929.6875,-453.125,-304.6875,-976.5625,-203.125
1496785,-195.3125,742.1875,695.3125,-312.5,-1054.6875,203.125,-164.0625,-1054.6875,-218.75,-164.0625,-953.125,-460.9375,-296.875,-976.5625,-203.125
1496785,-195.3125,742.1875,695.3125,-312.5,-1054.6875,203.125,-164.0625,-1054.6875,-218.75,-164.0625,-953.125,-460.9375,-296.875,-976.5625,-203.125
1496785,-226.5625,664.0625,710.9375,-304.6875,-1062.5,171.875,-179.6875,-1062.5,-250.0,-187.5,-937.5,-492.1875,-328.125,-992.1875,-218.75
1496785,-226.5625,664.0625,710.9375,-304.6875,-1062.5,171.875,-179.6875,-1062.5,-250.0,-187.5,-937.5,-492.1875,-328.125,-992.1875,-218.75
1496930,-148.4375,812.5,476.5625,-179.6875,-921.875,460.9375,109.375,-1015.625,-85.9375,109.375,-898.4375,-421.875,-70.3125,-960.9375,-218.75
1496930,-148.4375,812.5,476.5625,-179.6875,-921.875,460.9375,109.375,-1015.625,-85.9375,109.375,-898.4375,-421.875,-70.3125,-960.9375,-218.75
1496938,-210.9375,781.25,468.75,-195.3125,-890.625,429.6875,93.75,-984.375,-93.75,85.9375,-875.0,-429.6875,-54.6875,-953.125,-234.375
1496938,-210.9375,781.25,468.75,-195.3125,-890.625,429.6875,93.75,-984.375,-93.75,85.9375,-875.0,-429.6875,-54.6875,-953.125,-234.375
1496946,-234.375,781.25,476.5625,-218.75,-875.0,414.0625,85.9375,-953.125,-101.5625,85.9375,-851.5625,-414.0625,-70.3125,-937.5,-226.5625
1496946,-234.375,781.25,476.5625,-218.75,-875.0,414.0625,85.9375,-953.125,-101.5625,85.9375,-851.5625,-414.0625,-70.3125,-937.5,-226.5625
1496946,-179.6875,835.9375,476.5625,-218.75,-867.1875,406.25,78.125,-945.3125,-78.125,85.9375,-843.75,-406.25,-62.5,-921.875,-226.5625
1496946,-179.6875,835.9375,476.5625,-218.75,-867.1875,406.25,78.125,-945.3125,-78.125,85.9375,-843.75,-406.25,-62.5,-921.875,-226.5625
