1021269,-21.875,-39.375,-8.75
1021269,-21.875,-39.375,-8.75
1021278,-8.75,-39.375,26.25
1021278,-8.75,-39.375,26.25
1021430,-48.125,8.75,0.0
1021430,-48.125,8.75,0.0
1021440,4.375,0.0,-17.5
1021440,4.375,0.0,-17.5
1021591,21.875,-96.25,-8.75
1021591,21.875,-96.25,-8.75
1021601,8.75,-105.0,-13.125
1021601,8.75,-105.0,-13.125
1021753,-17.5,-13.125,8.75
1021753,-17.5,-13.125,8.75
1021763,-8.75,0.0,-8.75
1021763,-8.75,0.0,-8.75
1021914,-13.125,-52.5,-17.5
1021914,-13.125,-52.5,-17.5
1021924,-43.75,-26.25,-13.125
1021924,-43.75,-26.25,-13.125
1022076,-21.875,8.75,-13.125
1022076,-21.875,8.75,-13.125
1022086,-56.875,56.875,4.375
1022086,-56.875,56.875,4.375
1022237,-4.375,-17.5,-13.125
1022237,-4.375,-17.5,-13.125
1022247,-74.375,8.75,39.375
1022247,-74.375,8.75,39.375
1022317,-13.125,43.75,17.5
1022317,-13.125,43.75,17.5
1022328,-56.875,52.5,52.5
1022328,-56.875,52.5,52.5
1022479,-17.5,4.375,-8.75
1022479,-17.5,4.375,-8.75
1022489,-4.375,-8.75,13.125
1022489,-4.375,-8.75,13.125
1022641,96.25,-35.0,-26.25
1022641,96.25,-35.0,-26.25
1022651,105.0,-17.5,-13.125
1022651,105.0,-17.5,-13.125
1022954,109.375,-83.125,-26.25
1022954,109.375,-83.125,-26.25
1022964,87.5,-43.75,52.5
1022964,87.5,-43.75,52.5
1023115,-4755.625,612.5,-13566.875
1023115,-4755.625,612.5,-13566.875
1023125,-3981.25,-192.5,-15172.5
1023125,-3981.25,-192.5,-15172.5
1023277,-5271.875,9012.5,-22019.375
1023277,-5271.875,9012.5,-22019.375
1023287,-2152.5,12201.875,-19726.875
1023287,-2152.5,12201.875,-19726.875
1023438,4961.25,-6278.125,-5875.625
1023438,4961.25,-6278.125,-5875.625
1023448,4361.875,-5617.5,-5521.25
1023448,4361.875,-5617.5,-5521.25
