1004678,2318.75,875.0,481.25
1004678,2318.75,875.0,481.25
1004688,3259.375,2073.75,468.125
1004688,3259.375,2073.75,468.125
1004699,3189.375,2082.5,236.25
1004699,3189.375,2082.5,236.25
1004709,2275.0,1308.125,-157.5
1004709,2275.0,1308.125,-157.5
1004720,1885.625,949.375,35.0
1004720,1885.625,949.375,35.0
1004730,2695.0,1881.25,43.75
1004730,2695.0,1881.25,43.75
1004740,3364.375,3351.25,-682.5
1004740,3364.375,3351.25,-682.5
1004750,3666.25,4851.875,-1505.0
1004750,3666.25,4851.875,-1505.0
1004760,4068.75,6085.625,-1636.25
1004760,4068.75,6085.625,-1636.25
1004771,4186.875,5766.25,-1303.75
1004771,4186.875,5766.25,-1303.75
1004781,3491.25,4545.625,-560.0
1004781,3491.25,4545.625,-560.0
1004791,5315.625,6496.875,625.625
1004791,5315.625,6496.875,625.625
1004802,4388.125,5810.0,-472.5
1004802,4388.125,5810.0,-472.5
1004812,188.125,-100.625,770.0
1004812,188.125,-100.625,770.0
1004822,721.875,-1413.125,1754.375
1004822,721.875,-1413.125,1754.375
1004833,1058.75,-1478.75,1736.875
1004833,1058.75,-1478.75,1736.875
1004842,805.0,-1369.375,1260.0
1004842,805.0,-1369.375,1260.0
1004853,1623.125,-1321.25,1128.75
1004853,1623.125,-1321.25,1128.75
1004864,1601.25,-1295.0,1120.0
1004864,1601.25,-1295.0,1120.0
1004874,1159.375,-1155.0,861.875
1004874,1159.375,-1155.0,861.875
1004884,398.125,-1470.0,490.0
1004884,398.125,-1470.0,490.0
1004895,-428.75,-1710.625,0.0
1004895,-428.75,-1710.625,0.0
1004905,-284.375,-1465.625,-441.875
1004905,-284.375,-1465.625,-441.875
1004916,424.375,-721.875,-608.125
1004916,424.375,-721.875,-608.125
1004926,1023.75,26.25,-494.375
1004926,1023.75,26.25,-494.375
1004936,1391.25,-262.5,-70.0
1004936,1391.25,-262.5,-70.0
1004946,853.125,-1395.625,-253.75
1004946,853.125,-1395.625,-253.75
1004957,196.875,-1636.25,231.875
1004957,196.875,-1636.25,231.875
1004967,853.125,-1120.0,691.25
1004967,853.125,-1120.0,691.25
1004977,634.375,-870.625,1194.375
1004977,634.375,-870.625,1194.375
1004988,26.25,-1754.375,1767.5
1004988,26.25,-1754.375,1767.5
1004998,-625.625,-2738.75,1837.5
1004998,-625.625,-2738.75,1837.5
1005008,-1483.125,-3088.75,2511.25
1005008,-1483.125,-3088.75,2511.25
1005018,-3307.5,-2922.5,2765.0
1005018,-3307.5,-2922.5,2765.0
1005029,-6050.625,-3500.0,4812.5
1005029,-6050.625,-3500.0,4812.5
1005039,-7468.125,-4200.0,7914.375
1005039,-7468.125,-4200.0,7914.375
1005049,-12678.75,-4952.5,10093.125
1005049,-12678.75,-4952.5,10093.125
1005060,-19814.375,-5499.375,12600.0
1005060,-19814.375,-5499.375,12600.0
1005070,-15080.625,1925.0,9314.375
1005070,-15080.625,1925.0,9314.375
1005080,-15868.125,15815.625,7420.0
1005080,-15868.125,15815.625,7420.0
1005091,-16117.5,18808.125,6304.375
1005091,-16117.5,18808.125,6304.375
1005101,-1356.25,19166.875,962.5
1005101,-1356.25,19166.875,962.5
1005111,-6448.75,13825.0,-14376.25
1005111,-6448.75,13825.0,-14376.25
1005122,503.125,20545.0,-26337.5
1005122,503.125,20545.0,-26337.5
1005132,13518.75,37323.125,-41776.875
1005132,13518.75,37323.125,-41776.875
1005142,11978.75,44786.875,-54687.5
1005142,11978.75,44786.875,-54687.5
1005153,7035.0,49529.375,-67781.875
1005153,7035.0,49529.375,-67781.875
1005163,3220.0,56035.0,-74025.0
1005163,3220.0,56035.0,-74025.0
1005173,-6829.375,59902.5,-80141.25
1005173,-6829.375,59902.5,-80141.25
1005183,-21813.75,66758.125,-85662.5
1005183,-21813.75,66758.125,-85662.5
1005194,-30008.125,77253.75,-87885.0
1005194,-30008.125,77253.75,-87885.0
1005204,-36036.875,87613.75,-90308.75
1005204,-36036.875,87613.75,-90308.75
1005214,-46891.25,95628.75,-90811.875
1005214,-46891.25,95628.75,-90811.875
1005225,-60200.0,101775.625,-89110.0
1005225,-60200.0,101775.625,-89110.0
1005235,-73924.375,107839.375,-84450.625
1005235,-73924.375,107839.375,-84450.625
1005245,-87403.75,108753.75,-71531.25
1005245,-87403.75,108753.75,-71531.25
1005256,-103446.875,106513.75,-57155.0
1005256,-103446.875,106513.75,-57155.0
1005266,-120386.875,121970.625,-55164.375
1005266,-120386.875,121970.625,-55164.375
1005276,-142248.75,125348.125,-47241.25
1005276,-142248.75,125348.125,-47241.25
1005287,-143360.0,118680.625,-39611.25
1005287,-143360.0,118680.625,-39611.25
1005297,-143049.375,113150.625,-31412.5
1005297,-143049.375,113150.625,-31412.5
1005306,-143290.0,115570.0,-13063.75
1005306,-143290.0,115570.0,-13063.75
1005318,-143360.0,129150.0,6938.75
1005318,-143360.0,129150.0,6938.75
1005328,-143355.625,141898.75,24959.375
1005328,-143355.625,141898.75,24959.375
1005338,-143360.0,-143360.0,47280.625
1005338,-143360.0,-143360.0,47280.625
1005349,-143360.0,137646.25,78876.875
1005349,-143360.0,137646.25,78876.875
1005359,-143360.0,117709.375,111715.625
1005359,-143360.0,117709.375,111715.625
1005369,-143360.0,107686.25,138460.0
1005369,-143360.0,107686.25,138460.0
1005380,-143360.0,115171.875,-143360.0
1005380,-143360.0,115171.875,-143360.0
1005390,-143360.0,118195.0,143233.125
1005390,-143360.0,118195.0,143233.125
1005400,-143360.0,123536.875,136828.125
1005400,-143360.0,123536.875,136828.125
1005411,-143360.0,135489.375,111680.625
1005411,-143360.0,135489.375,111680.625
1005421,-143360.0,-143360.0,72366.875
1005421,-143360.0,-143360.0,72366.875
1005431,-111711.25,142948.75,14966.875
1005431,-111711.25,142948.75,14966.875
1005441,-35656.25,143255.0,13321.875
1005441,-35656.25,143255.0,13321.875
1005452,-13269.375,-143360.0,35555.625
1005452,-13269.375,-143360.0,35555.625
1005462,-36653.75,143355.625,52683.75
1005462,-36653.75,143355.625,52683.75
1005472,-30520.0,143355.625,37896.25
1005472,-30520.0,143355.625,37896.25
1005483,-3596.25,-143360.0,1925.0
1005483,-3596.25,-143360.0,1925.0
1005493,14861.875,-143360.0,-13593.125
1005493,14861.875,-143360.0,-13593.125
1005503,15876.875,-143360.0,-18344.375
1005503,15876.875,-143360.0,-18344.375
1005514,9576.875,-143360.0,-28218.75
1005514,9576.875,-143360.0,-28218.75
1005524,22509.375,124368.125,-30384.375
1005524,22509.375,124368.125,-30384.375
1005534,67589.375,90623.75,-53191.25
1005534,67589.375,90623.75,-53191.25
1005545,65607.5,92395.625,-59053.75
1005545,65607.5,92395.625,-59053.75
1005555,45657.5,68945.625,-54823.125
1005555,45657.5,68945.625,-54823.125
1005565,51996.875,54464.375,-57789.375
1005565,51996.875,54464.375,-57789.375
1005576,46073.125,50697.5,-57929.375
1005576,46073.125,50697.5,-57929.375
1005586,44738.75,31062.5,-81480.0
1005586,44738.75,31062.5,-81480.0
1005596,41470.625,41759.375,-128060.625
1005596,41470.625,41759.375,-128060.625
1005607,18515.0,92955.625,-143355.625
1005607,18515.0,92955.625,-143355.625
1005617,-4147.5,-143360.0,-143294.375
1005617,-4147.5,-143360.0,-143294.375
1005627,3237.5,-143360.0,-127330.0
1005627,3237.5,-143360.0,-127330.0
1005637,54661.25,129381.875,-108626.875
1005637,54661.25,129381.875,-108626.875
1005648,60025.0,73552.5,-124621.875
1005648,60025.0,73552.5,-124621.875
1005658,38968.125,114310.0,-140166.25
1005658,38968.125,114310.0,-140166.25
1005668,29496.25,132063.75,-142222.5
1005668,29496.25,132063.75,-142222.5
1005679,37922.5,112056.875,-136902.5
1005679,37922.5,112056.875,-136902.5
1005689,25961.25,91739.375,-142458.75
1005689,25961.25,91739.375,-142458.75
1005699,29710.625,92859.375,-142244.375
1005699,29710.625,92859.375,-142244.375
1005710,55886.25,102711.875,-125899.375
1005710,55886.25,102711.875,-125899.375
1005720,48807.5,102768.75,-103158.125
1005720,48807.5,102768.75,-103158.125
1005731,16541.875,86970.625,-81445.0
1005731,16541.875,86970.625,-81445.0
1005740,8496.25,74558.75,-54516.875
1005740,8496.25,74558.75,-54516.875
1005751,4274.375,69116.25,-33748.75
1005751,4274.375,69116.25,-33748.75
1005761,-7227.5,73806.25,-28857.5
1005761,-7227.5,73806.25,-28857.5
1005772,-14682.5,72533.125,-32458.125
1005772,-14682.5,72533.125,-32458.125
1005782,-573.125,66749.375,-31609.375
1005782,-573.125,66749.375,-31609.375
1005792,4344.375,71557.5,-32134.375
1005792,4344.375,71557.5,-32134.375
1005803,-9979.375,77555.625,-37441.25
1005803,-9979.375,77555.625,-37441.25
1005813,-21135.625,80591.875,-36330.0
1005813,-21135.625,80591.875,-36330.0
1005823,-28861.875,74926.25,-31399.375
1005823,-28861.875,74926.25,-31399.375
1005834,-26713.75,65244.375,-19193.125
1005834,-26713.75,65244.375,-19193.125
1005844,-11707.5,54661.25,-691.25
1005844,-11707.5,54661.25,-691.25
1005854,1526.875,36281.875,17447.5
1005854,1526.875,36281.875,17447.5
1005864,21625.625,15820.0,29518.125
1005864,21625.625,15820.0,29518.125
1005875,50754.375,-17128.125,47617.5
1005875,50754.375,-17128.125,47617.5
1005886,67147.5,-57579.375,71750.0
1005886,67147.5,-57579.375,71750.0
1005895,64640.625,-81331.25,85767.5
1005895,64640.625,-81331.25,85767.5
1005906,60943.75,-99557.5,113071.875
1005906,60943.75,-99557.5,113071.875
1005916,45871.875,-111601.875,-143360.0
1005916,45871.875,-111601.875,-143360.0
1005927,-105945.0,-120736.875,110101.25
1005927,-105945.0,-120736.875,110101.25
1005937,-143360.0,-141623.125,78316.875
1005937,-143360.0,-141623.125,78316.875
1005947,-142095.625,-141636.25,97453.125
1005947,-142095.625,-141636.25,97453.125
1005957,-113942.5,-125195.0,73263.75
1005957,-113942.5,-125195.0,73263.75
1005967,-11291.875,-54250.0,57085.0
1005967,-11291.875,-54250.0,57085.0
1005978,39042.5,-40035.625,25243.75
1005978,39042.5,-40035.625,25243.75
1005988,42218.75,-36627.5,-5241.25
1005988,42218.75,-36627.5,-5241.25
1005999,55623.75,-33328.75,-23533.125
1005999,55623.75,-33328.75,-23533.125
1006009,65922.5,-23480.625,-36203.125
1006009,65922.5,-23480.625,-36203.125
1006019,65104.375,-6750.625,-52136.875
1006019,65104.375,-6750.625,-52136.875
1006029,62667.5,17491.25,-63087.5
1006029,62667.5,17491.25,-63087.5
1006040,61149.375,52696.875,-62177.5
1006040,61149.375,52696.875,-62177.5
1006050,62422.5,93143.75,-49551.25
1006050,62422.5,93143.75,-49551.25
1006061,64876.875,133293.125,-42118.125
1006061,64876.875,133293.125,-42118.125
1006071,74690.0,-143360.0,-48278.125
1006071,74690.0,-143360.0,-48278.125
1006082,95322.5,-143360.0,-69199.375
1006082,95322.5,-143360.0,-69199.375
1006091,111383.125,142900.625,-107751.875
1006091,111383.125,142900.625,-107751.875
1006102,115233.125,130659.375,-143346.875
1006102,115233.125,130659.375,-143346.875
1006112,99662.5,111978.125,-143355.625
1006112,99662.5,111978.125,-143355.625
1006123,70660.625,114861.25,-139492.5
1006123,70660.625,114861.25,-139492.5
1006133,45346.875,111755.0,-105568.75
1006133,45346.875,111755.0,-105568.75
1006143,9441.25,89040.0,-66276.875
1006143,9441.25,89040.0,-66276.875
1006153,-23231.25,72410.625,-39186.875
1006153,-23231.25,72410.625,-39186.875
1006164,-38346.875,62374.375,-17460.625
1006164,-38346.875,62374.375,-17460.625
1006174,-49875.0,52578.75,-5591.25
1006174,-49875.0,52578.75,-5591.25
1006184,-28656.25,48890.625,3355.625
1006184,-28656.25,48890.625,3355.625
1006195,-1194.375,49148.75,3504.375
1006195,-1194.375,49148.75,3504.375
1006205,-7835.625,44861.25,-2625.0
1006205,-7835.625,44861.25,-2625.0
1006215,-6619.375,33337.5,5131.875
1006215,-6619.375,33337.5,5131.875
1006226,1671.25,17198.125,20190.625
1006226,1671.25,17198.125,20190.625
1006235,15303.75,-9463.125,45036.25
1006235,15303.75,-9463.125,45036.25
1006246,52158.75,-53939.375,82499.375
1006246,52158.75,-53939.375,82499.375
1006256,98122.5,-90317.5,126971.25
1006256,98122.5,-90317.5,126971.25
1006267,114121.875,-99505.0,-143360.0
1006267,114121.875,-99505.0,-143360.0
1006277,78750.0,-76370.0,-143360.0
1006277,78750.0,-76370.0,-143360.0
1006288,33341.875,-65611.875,142931.25
1006288,33341.875,-65611.875,142931.25
1006298,-108968.125,-78601.25,103197.5
1006298,-108968.125,-78601.25,103197.5
1006308,-143360.0,-136845.625,77196.875
1006308,-143360.0,-136845.625,77196.875
1006318,-111265.0,-143355.625,95991.875
1006318,-111265.0,-143355.625,95991.875
1006329,4370.625,-112056.875,97203.75
1006329,4370.625,-112056.875,97203.75
1006339,46134.375,-87360.0,80049.375
1006339,46134.375,-87360.0,80049.375
1006350,19442.5,-84083.125,46655.0
1006350,19442.5,-84083.125,46655.0
1006359,15290.625,-66381.875,20820.625
1006359,15290.625,-66381.875,20820.625
1006370,19005.0,-62094.375,9795.625
1006370,19005.0,-62094.375,9795.625
1006380,20435.625,-51852.5,931.875
1006380,20435.625,-51852.5,931.875
1006391,18799.375,-33171.25,-3666.25
1006391,18799.375,-33171.25,-3666.25
1006401,15583.75,-16441.25,-901.25
1006401,15583.75,-16441.25,-901.25
1006411,15093.75,-2979.375,3784.375
1006411,15093.75,-2979.375,3784.375
1006422,15461.25,4567.5,5376.875
1006422,15461.25,4567.5,5376.875
1006431,18423.125,9878.75,2541.875
1006431,18423.125,9878.75,2541.875
1006442,20654.375,16738.75,-3381.875
1006442,20654.375,16738.75,-3381.875
1006453,22010.625,22137.5,-5976.25
1006453,22010.625,22137.5,-5976.25
1006463,22885.625,23296.875,-2248.75
1006463,22885.625,23296.875,-2248.75
1006473,24889.375,21393.75,2817.5
1006473,24889.375,21393.75,2817.5
1006484,25208.75,16515.625,6094.375
1006484,25208.75,16515.625,6094.375
1006494,19543.125,17346.875,6916.875
1006494,19543.125,17346.875,6916.875
1006504,14153.125,19114.375,9559.375
1006504,14153.125,19114.375,9559.375
1006514,11983.125,19963.125,11996.25
1006514,11983.125,19963.125,11996.25
1006525,10276.875,21205.625,10736.25
1006525,10276.875,21205.625,10736.25
1006535,7446.25,22929.375,2296.875
1006535,7446.25,22929.375,2296.875
1006546,4191.25,26897.5,-13151.25
1006546,4191.25,26897.5,-13151.25
1006556,1701.875,26193.125,-22106.875
1006556,1701.875,26193.125,-22106.875
1006566,4694.375,17920.0,-19088.125
1006566,4694.375,17920.0,-19088.125
1006577,8881.25,2563.75,-9240.0
1006577,8881.25,2563.75,-9240.0
1006587,3438.75,-2765.0,-402.5
1006587,3438.75,-2765.0,-402.5
1006597,-875.0,-2817.5,4886.875
1006597,-875.0,-2817.5,4886.875
1006607,-643.125,-4147.5,8255.625
1006607,-643.125,-4147.5,8255.625
1006618,122.5,-4340.0,10661.875
1006618,122.5,-4340.0,10661.875
1006629,1697.5,-1833.125,10946.25
1006629,1697.5,-1833.125,10946.25
1006638,2677.5,-1338.75,11545.625
1006638,2677.5,-1338.75,11545.625
1006649,4020.625,-923.125,11541.25
1006649,4020.625,-923.125,11541.25
1006659,4103.75,1181.25,12560.625
1006659,4103.75,1181.25,12560.625
1006669,3731.875,5289.375,15509.375
1006669,3731.875,5289.375,15509.375
1006680,4624.375,8986.25,18725.0
1006680,4624.375,8986.25,18725.0
1006690,5845.0,10587.5,18287.5
1006690,5845.0,10587.5,18287.5
1006700,6619.375,8614.375,15846.25
1006700,6619.375,8614.375,15846.25
1006711,6912.5,7266.875,12311.25
1006711,6912.5,7266.875,12311.25
1006721,6606.25,6527.5,8583.75
1006721,6606.25,6527.5,8583.75
1006731,6120.625,5328.75,5845.0
1006731,6120.625,5328.75,5845.0
1006742,6475.0,2603.125,3648.75
1006742,6475.0,2603.125,3648.75
1006752,5950.0,1850.625,1614.375
1006752,5950.0,1850.625,1614.375
1006762,5180.0,1417.5,1198.75
1006762,5180.0,1417.5,1198.75
1006772,6094.375,2021.25,1575.0
1006772,6094.375,2021.25,1575.0
1006783,7682.5,3823.75,1776.25
1006783,7682.5,3823.75,1776.25
1006793,9213.75,5215.0,1137.5
1006793,9213.75,5215.0,1137.5
1006803,9734.375,3605.0,-91.875
1006803,9734.375,3605.0,-91.875
1006814,9830.625,428.75,-1627.5
1006814,9830.625,428.75,-1627.5
1006824,8929.375,-918.75,-2559.375
1006824,8929.375,-918.75,-2559.375
1006834,5906.25,-2275.0,-1273.125
1006834,5906.25,-2275.0,-1273.125
1006845,3010.0,-2681.875,529.375
1006845,3010.0,-2681.875,529.375
1006855,2231.25,-1570.625,1557.5
1006855,2231.25,-1570.625,1557.5
1006865,2826.25,-328.125,1925.0
1006865,2826.25,-328.125,1925.0
1006876,4081.875,446.25,2240.0
1006876,4081.875,446.25,2240.0
1006886,4020.625,971.25,1973.125
1006886,4020.625,971.25,1973.125
1006897,3810.625,1036.875,1487.5
1006897,3810.625,1036.875,1487.5
1006907,4331.25,1028.125,984.375
1006907,4331.25,1028.125,984.375
1006917,4200.0,135.625,787.5
1006917,4200.0,135.625,787.5
1006927,4143.125,341.25,577.5
1006927,4143.125,341.25,577.5
1006938,4016.25,564.375,1268.75
1006938,4016.25,564.375,1268.75
1006948,3202.5,-358.75,2388.75
1006948,3202.5,-358.75,2388.75
1006958,2743.125,-1500.625,3311.875
1006958,2743.125,-1500.625,3311.875
1006969,2528.75,-1421.875,3600.625
1006969,2528.75,-1421.875,3600.625
1006979,1417.5,-1758.75,2559.375
1006979,1417.5,-1758.75,2559.375
1006989,1382.5,-1802.5,1903.125
1006989,1382.5,-1802.5,1903.125
1006999,1273.125,-1155.0,1631.875
1006999,1273.125,-1155.0,1631.875
1007010,1089.375,-857.5,1553.125
1007010,1089.375,-857.5,1553.125
1007020,1303.75,-271.25,1089.375
1007020,1303.75,-271.25,1089.375
1007030,2126.25,1067.5,730.625
1007030,2126.25,1067.5,730.625
1007041,2800.0,2008.125,844.375
1007041,2800.0,2008.125,844.375
1007051,1911.875,800.625,1413.125
1007051,1911.875,800.625,1413.125
1007061,1846.25,-271.25,1295.0
1007061,1846.25,-271.25,1295.0
1007072,2266.25,-4.375,997.5
1007072,2266.25,-4.375,997.5
1007082,2909.375,507.5,1566.25
1007082,2909.375,507.5,1566.25
1007093,3491.25,682.5,1986.25
1007093,3491.25,682.5,1986.25
1007103,2594.375,-647.5,1951.25
1007103,2594.375,-647.5,1951.25
1007113,2130.625,-1023.75,0.0
1007113,2130.625,-1023.75,0.0
1007123,2756.25,-1023.75,-1435.0
1007123,2756.25,-1023.75,-1435.0
1007134,3430.0,-901.25,-1220.625
1007134,3430.0,-901.25,-1220.625
1007144,3185.0,-529.375,-879.375
1007144,3185.0,-529.375,-879.375
1007154,2865.625,56.875,-529.375
1007154,2865.625,56.875,-529.375
1007165,2633.75,2205.0,43.75
1007165,2633.75,2205.0,43.75
1007174,1610.0,4283.125,866.25
1007174,1610.0,4283.125,866.25
1007185,1526.875,3246.25,927.5
1007185,1526.875,3246.25,927.5
1007196,1745.625,2349.375,-288.75
1007196,1745.625,2349.375,-288.75
1007205,2664.375,2568.125,-800.625
1007205,2664.375,2568.125,-800.625
1007216,3596.25,3263.75,-301.875
1007216,3596.25,3263.75,-301.875
1007227,4528.125,4589.375,315.0
1007227,4528.125,4589.375,315.0
1007237,4943.75,3924.375,-713.125
1007237,4943.75,3924.375,-713.125
1007247,4773.125,1303.75,-2528.75
1007247,4773.125,1303.75,-2528.75
1007257,4703.125,-83.125,-3416.875
1007257,4703.125,-83.125,-3416.875
1007268,3045.0,-446.25,-2738.75
1007268,3045.0,-446.25,-2738.75
1007278,2060.625,-166.25,-1863.75
1007278,2060.625,-166.25,-1863.75
1007289,1006.25,-65.625,-949.375
1007289,1006.25,-65.625,-949.375
1007299,166.25,52.5,-170.625
1007299,166.25,52.5,-170.625
1007309,-665.0,962.5,293.125
1007309,-665.0,962.5,293.125
1007319,-927.5,2121.875,1216.25
1007319,-927.5,2121.875,1216.25
1007330,-166.25,3990.0,1575.0
1007330,-166.25,3990.0,1575.0
1007340,-441.875,6129.375,1610.0
1007340,-441.875,6129.375,1610.0
1007350,-2183.125,7743.75,2887.5
1007350,-2183.125,7743.75,2887.5
1007361,-3819.375,8557.5,4506.25
1007361,-3819.375,8557.5,4506.25
1007371,-4375.0,7498.75,5149.375
1007371,-4375.0,7498.75,5149.375
1007381,-2673.125,5853.75,4970.0
1007381,-2673.125,5853.75,4970.0
1007392,-660.625,5626.25,4252.5
1007392,-660.625,5626.25,4252.5
1007402,1010.625,5753.125,3670.625
1007402,1010.625,5753.125,3670.625
1007412,1548.75,4060.0,3338.125
1007412,1548.75,4060.0,3338.125
1007422,2135.0,748.125,2384.375
1007422,2135.0,748.125,2384.375
1007433,2511.25,-1172.5,1036.875
1007433,2511.25,-1172.5,1036.875
1007444,2454.375,-2441.25,735.0
1007444,2454.375,-2441.25,735.0
1007453,2852.5,-2191.875,980.0
1007453,2852.5,-2191.875,980.0
1007464,3434.375,-936.25,1290.625
1007464,3434.375,-936.25,1290.625
1007474,4340.0,-568.75,669.375
1007474,4340.0,-568.75,669.375
1007485,4200.0,-1229.375,-1036.875
1007485,4200.0,-1229.375,-1036.875
1007495,1365.0,-3180.625,-2721.25
1007495,1365.0,-3180.625,-2721.25
1007505,-700.0,-4278.75,-3307.5
1007505,-700.0,-4278.75,-3307.5
1007515,-2240.0,-4178.125,-3758.125
1007515,-2240.0,-4178.125,-3758.125
1007526,-2966.25,-3473.75,-4169.375
1007526,-2966.25,-3473.75,-4169.375
1007536,-2786.875,-2633.75,-3976.875
1007536,-2786.875,-2633.75,-3976.875
1007546,-1850.625,-2743.125,-3233.125
1007546,-1850.625,-2743.125,-3233.125
1007557,472.5,-3968.125,-2804.375
1007557,472.5,-3968.125,-2804.375
1007567,2222.5,-4873.75,-3832.5
1007567,2222.5,-4873.75,-3832.5
1007577,2366.875,-5355.0,-4033.75
1007577,2366.875,-5355.0,-4033.75
1007588,1693.125,-5495.0,-3360.0
1007588,1693.125,-5495.0,-3360.0
1007598,840.0,-5057.5,-2765.0
1007598,840.0,-5057.5,-2765.0
1007608,494.375,-4515.0,-2161.25
1007608,494.375,-4515.0,-2161.25
1007618,560.0,-3535.0,-1540.0
1007618,560.0,-3535.0,-1540.0
1007629,966.875,-2559.375,-822.5
1007629,966.875,-2559.375,-822.5
1007640,1531.25,-1789.375,-153.125
1007640,1531.25,-1789.375,-153.125
1007649,2030.0,-735.0,301.875
1007649,2030.0,-735.0,301.875
1007660,2576.875,826.875,595.0
1007660,2576.875,826.875,595.0
1007670,3136.875,2095.625,805.0
1007670,3136.875,2095.625,805.0
1007680,3189.375,2603.125,1496.25
1007680,3189.375,2603.125,1496.25
1007691,2839.375,1951.25,2117.5
1007691,2839.375,1951.25,2117.5
1007701,2213.75,1758.75,1973.125
1007701,2213.75,1758.75,1973.125
1007712,2187.5,2065.0,1916.25
1007712,2187.5,2065.0,1916.25
1007722,2926.875,2353.75,2104.375
1007722,2926.875,2353.75,2104.375
1007732,3740.625,2572.5,1474.375
1007732,3740.625,2572.5,1474.375
1007742,4458.125,1715.0,971.25
1007742,4458.125,1715.0,971.25
