1013706,-71741.25,43417.5,1225.0
1013706,-71741.25,43417.5,1225.0
1013716,-69033.125,55798.75,-2095.625
1013716,-69033.125,55798.75,-2095.625
1013727,-63433.125,63638.75,-3228.75
1013727,-63433.125,63638.75,-3228.75
1013737,-60497.5,63258.125,-3670.625
1013737,-60497.5,63258.125,-3670.625
1013748,-62663.125,59521.875,-1995.0
1013748,-62663.125,59521.875,-1995.0
1013758,-64995.0,57456.875,-2730.0
1013758,-64995.0,57456.875,-2730.0
1013768,-68066.25,56809.375,-2940.0
1013768,-68066.25,56809.375,-2940.0
1013778,-73451.875,55426.875,-1605.625
1013778,-73451.875,55426.875,-1605.625
1013789,-78321.25,52766.875,936.25
1013789,-78321.25,52766.875,936.25
1013799,-81725.0,53064.375,-857.5
1013799,-81725.0,53064.375,-857.5
1013809,-82320.0,56061.25,-2082.5
1013809,-82320.0,56061.25,-2082.5
1013820,-81532.5,56787.5,-1990.625
1013820,-81532.5,56787.5,-1990.625
1013830,-87036.25,55129.375,-918.75
1013830,-87036.25,55129.375,-918.75
1013840,-91796.25,54775.0,-678.125
1013840,-91796.25,54775.0,-678.125
1013851,-90383.125,57968.75,-1697.5
1013851,-90383.125,57968.75,-1697.5
1013861,-86520.0,62383.125,-3255.0
1013861,-86520.0,62383.125,-3255.0
1013871,-83326.25,63389.375,-6558.125
1013871,-83326.25,63389.375,-6558.125
1013882,-82901.875,60138.75,-10206.875
1013882,-82901.875,60138.75,-10206.875
1013892,-81274.375,56857.5,-15076.25
1013892,-81274.375,56857.5,-15076.25
1013902,-77100.625,56249.375,-19486.25
1013902,-77100.625,56249.375,-19486.25
1013912,-77411.25,56914.375,-22102.5
1013912,-77411.25,56914.375,-22102.5
1013923,-87469.375,56848.75,-21315.0
1013923,-87469.375,56848.75,-21315.0
1013933,-101491.25,61425.0,-15413.125
1013933,-101491.25,61425.0,-15413.125
1013943,-114931.25,65695.0,-3106.25
1013943,-114931.25,65695.0,-3106.25
1013954,-126052.5,71006.25,9502.5
1013954,-126052.5,71006.25,9502.5
1013964,-123077.5,87968.125,16345.0
1013964,-123077.5,87968.125,16345.0
1013975,-100572.5,95103.75,22028.125
1013975,-100572.5,95103.75,22028.125
1013985,-66303.125,100760.625,23835.0
1013985,-66303.125,100760.625,23835.0
1013995,-60488.75,99159.375,10259.375
1013995,-60488.75,99159.375,10259.375
1014006,-90348.125,84393.75,2388.75
1014006,-90348.125,84393.75,2388.75
1014016,-121795.625,70818.125,2305.625
1014016,-121795.625,70818.125,2305.625
1014026,-143360.0,67353.125,11073.125
1014026,-143360.0,67353.125,11073.125
1014036,-143360.0,63826.875,21061.25
1014036,-143360.0,63826.875,21061.25
1014047,-142948.75,55855.625,26061.875
1014047,-142948.75,55855.625,26061.875
1014057,-143355.625,42341.25,31075.625
1014057,-143355.625,42341.25,31075.625
1014067,-143360.0,23231.25,26586.875
1014067,-143360.0,23231.25,26586.875
1014078,-143351.25,5083.75,15907.5
1014078,-143351.25,5083.75,15907.5
1014088,-143360.0,-13615.0,16288.125
1014088,-143360.0,-13615.0,16288.125
1014098,-143360.0,-40954.375,48343.75
1014098,-143360.0,-40954.375,48343.75
1014108,-143360.0,-68976.25,105774.375
1014108,-143360.0,-68976.25,105774.375
1014119,-143360.0,-82184.375,143097.5
1014119,-143360.0,-82184.375,143097.5
1014129,-143360.0,-46781.875,141071.875
1014129,-143360.0,-46781.875,141071.875
1014139,-136141.25,13934.375,37515.625
1014139,-136141.25,13934.375,37515.625
1014150,-91717.5,136920.0,-70761.25
1014150,-91717.5,136920.0,-70761.25
1014160,-42980.0,-143360.0,-43960.0
1014160,-42980.0,-143360.0,-43960.0
1014171,-72419.375,141413.125,-12578.125
1014171,-72419.375,141413.125,-12578.125
1014181,-114222.5,142948.75,-28315.0
1014181,-114222.5,142948.75,-28315.0
1014191,-64365.0,-143360.0,-45666.25
1014191,-64365.0,-143360.0,-45666.25
1014202,12814.375,143333.75,-53698.75
1014202,12814.375,143333.75,-53698.75
1014212,23174.375,143346.875,-53965.625
1014212,23174.375,143346.875,-53965.625
1014222,31023.125,-143360.0,-64474.375
1014222,31023.125,-143360.0,-64474.375
1014232,42700.0,-143360.0,-73276.875
1014232,42700.0,-143360.0,-73276.875
1014243,34965.0,-143360.0,-70428.75
1014243,34965.0,-143360.0,-70428.75
1014253,39790.625,-143360.0,-62658.75
1014253,39790.625,-143360.0,-62658.75
1014263,60073.125,-143360.0,-61726.875
1014263,60073.125,-143360.0,-61726.875
1014274,88357.5,-143360.0,-66075.625
1014274,88357.5,-143360.0,-66075.625
1014283,105048.125,-143360.0,-75236.875
1014283,105048.125,-143360.0,-75236.875
1014294,100931.25,-143360.0,-80745.0
1014294,100931.25,-143360.0,-80745.0
1014305,91507.5,-143360.0,-80259.375
1014305,91507.5,-143360.0,-80259.375
1014315,90514.375,-143360.0,-73648.75
1014315,90514.375,-143360.0,-73648.75
1014326,97938.75,-143360.0,-69680.625
1014326,97938.75,-143360.0,-69680.625
1014336,121533.125,-143360.0,-67252.5
1014336,121533.125,-143360.0,-67252.5
1014346,134793.75,-143360.0,-56214.375
1014346,134793.75,-143360.0,-56214.375
1014355,135699.375,-143360.0,-51690.625
1014355,135699.375,-143360.0,-51690.625
1014367,143355.625,-143360.0,-53318.125
1014367,143355.625,-143360.0,-53318.125
1014377,143355.625,-143360.0,-45990.0
1014377,143355.625,-143360.0,-45990.0
1014387,143193.75,-143360.0,-51148.125
1014387,143193.75,-143360.0,-51148.125
1014398,143355.625,-143360.0,-68162.5
1014398,143355.625,-143360.0,-68162.5
1014408,143355.625,-143360.0,-124451.25
1014408,143355.625,-143360.0,-124451.25
1014418,143355.625,-143360.0,-143355.625
1014418,143355.625,-143360.0,-143355.625
1014428,143355.625,-143360.0,-134273.125
1014428,143355.625,-143360.0,-134273.125
1014440,126175.0,-143360.0,-94351.25
1014440,126175.0,-143360.0,-94351.25
1014449,66648.75,-143360.0,-41969.375
1014449,66648.75,-143360.0,-41969.375
1014459,24246.25,-143360.0,-14026.25
1014459,24246.25,-143360.0,-14026.25
1014469,16296.875,-143360.0,22973.125
1014469,16296.875,-143360.0,22973.125
1014480,23664.375,-143360.0,50509.375
1014480,23664.375,-143360.0,50509.375
1014490,16716.875,-143360.0,48794.375
1014490,16716.875,-143360.0,48794.375
1014501,6663.125,-143360.0,35332.5
1014501,6663.125,-143360.0,35332.5
1014511,2196.25,-143360.0,22124.375
1014511,2196.25,-143360.0,22124.375
1014521,5293.75,-143360.0,20256.25
1014521,5293.75,-143360.0,20256.25
1014531,15583.75,142891.875,18322.5
1014531,15583.75,142891.875,18322.5
1014542,20794.375,133498.75,5954.375
1014542,20794.375,133498.75,5954.375
1014552,24377.5,125448.75,-498.75
1014552,24377.5,125448.75,-498.75
1014562,17504.375,116401.25,568.75
1014562,17504.375,116401.25,568.75
1014573,192.5,104978.125,4182.5
1014573,192.5,104978.125,4182.5
1014583,-13181.875,91971.25,9852.5
1014583,-13181.875,91971.25,9852.5
1014594,-17696.875,72616.25,22964.375
1014594,-17696.875,72616.25,22964.375
1014604,-20265.0,58528.75,28910.0
1014604,-20265.0,58528.75,28910.0
1014614,-16878.75,43264.375,33429.375
1014614,-16878.75,43264.375,33429.375
1014624,-8518.125,14323.75,45736.25
1014624,-8518.125,14323.75,45736.25
1014635,-17889.375,-32633.125,61407.5
1014635,-17889.375,-32633.125,61407.5
1014645,-60663.75,-77630.0,81974.375
1014645,-60663.75,-77630.0,81974.375
1014655,-99054.375,-88970.0,102873.75
1014655,-99054.375,-88970.0,102873.75
1014666,-137939.375,-94351.25,121983.75
1014666,-137939.375,-94351.25,121983.75
1014676,-143360.0,-105087.5,107419.375
1014676,-143360.0,-105087.5,107419.375
1014686,-142922.5,-107196.25,109580.625
1014686,-142922.5,-107196.25,109580.625
1014696,-120238.125,-106981.875,116908.75
1014696,-120238.125,-106981.875,116908.75
1014707,-55321.875,-91923.125,109764.375
1014707,-55321.875,-91923.125,109764.375
1014717,6811.875,-57741.25,86305.625
1014717,6811.875,-57741.25,86305.625
1014728,17539.375,-41444.375,52101.875
1014728,17539.375,-41444.375,52101.875
1014738,26311.25,-32322.5,26530.0
1014738,26311.25,-32322.5,26530.0
1014748,35052.5,-19783.75,2401.875
1014748,35052.5,-19783.75,2401.875
1014759,40140.625,-14240.625,-13168.75
1014759,40140.625,-14240.625,-13168.75
1014769,41168.75,7726.25,-18628.75
1014769,41168.75,7726.25,-18628.75
1014779,28726.25,55006.875,-16563.75
1014779,28726.25,55006.875,-16563.75
1014790,19845.0,90873.125,-4550.0
1014790,19845.0,90873.125,-4550.0
1014800,26407.5,107261.875,-1216.25
1014800,26407.5,107261.875,-1216.25
1014810,30108.75,114393.125,-15277.5
1014810,30108.75,114393.125,-15277.5
1014820,31806.25,103140.625,-42328.125
1014820,31806.25,103140.625,-42328.125
1014831,35529.375,81816.875,-77695.625
1014831,35529.375,81816.875,-77695.625
1014841,63503.125,78671.25,-116488.75
1014841,63503.125,78671.25,-116488.75
1014851,89818.75,77590.625,-135078.125
1014851,89818.75,77590.625,-135078.125
1014862,94587.5,86926.875,-119691.25
1014862,94587.5,86926.875,-119691.25
1014872,67147.5,94854.375,-96836.25
1014872,67147.5,94854.375,-96836.25
1014882,46318.125,86511.25,-66981.25
1014882,46318.125,86511.25,-66981.25
1014893,23988.125,74720.625,-38574.375
1014893,23988.125,74720.625,-38574.375
1014903,-253.75,51323.125,-3832.5
1014903,-253.75,51323.125,-3832.5
1014914,-11935.0,21752.5,27938.75
1014914,-11935.0,21752.5,27938.75
1014924,-12591.25,4195.625,43890.0
1014924,-12591.25,4195.625,43890.0
1014934,-5783.75,6138.125,45167.5
1014934,-5783.75,6138.125,45167.5
1014944,6768.125,12643.75,52298.75
1014944,6768.125,12643.75,52298.75
1014955,18803.75,3574.375,73854.375
1014955,18803.75,3574.375,73854.375
1014965,16975.0,-21595.0,101858.75
1014965,16975.0,-21595.0,101858.75
1014975,-1955.625,-55370.0,137305.0
1014975,-1955.625,-55370.0,137305.0
1014986,-32300.625,-70778.75,-143360.0
1014986,-32300.625,-70778.75,-143360.0
1014996,-44944.375,-69265.0,143115.0
1014996,-44944.375,-69265.0,143115.0
1015006,-54521.25,-57054.375,143163.125
1015006,-54521.25,-57054.375,143163.125
1015017,-81186.875,-64413.125,-143360.0
1015017,-81186.875,-64413.125,-143360.0
1015027,-110324.375,-89578.125,133577.5
1015027,-110324.375,-89578.125,133577.5
1015037,-45010.0,-123943.75,102935.0
1015037,-45010.0,-123943.75,102935.0
1015047,42428.75,-94320.625,84739.375
1015047,42428.75,-94320.625,84739.375
1015058,41234.375,-95790.625,38176.25
1015058,41234.375,-95790.625,38176.25
1015067,30156.875,-88392.5,8089.375
1015067,30156.875,-88392.5,8089.375
1015078,18760.0,-87456.25,7656.25
1015078,18760.0,-87456.25,7656.25
1015089,4558.75,-76291.25,10294.375
1015089,4558.75,-76291.25,10294.375
1015099,1264.375,-60357.5,15478.75
1015099,1264.375,-60357.5,15478.75
1015110,6746.25,-42411.25,18917.5
1015110,6746.25,-42411.25,18917.5
1015120,13593.125,-26477.5,18156.25
1015120,13593.125,-26477.5,18156.25
1015130,17416.875,-14262.5,16191.875
1015130,17416.875,-14262.5,16191.875
1015140,17635.625,-5359.375,15977.5
1015140,17635.625,-5359.375,15977.5
1015151,16231.25,1150.625,15680.0
1015151,16231.25,1150.625,15680.0
1015160,15281.875,5236.875,14179.375
1015160,15281.875,5236.875,14179.375
1015171,15977.5,7988.75,13811.875
1015171,15977.5,7988.75,13811.875
1015182,15785.0,10058.125,16008.125
1015182,15785.0,10058.125,16008.125
1015192,16275.0,14096.25,18401.25
1015192,16275.0,14096.25,18401.25
1015202,17473.75,16878.75,20002.5
1015202,17473.75,16878.75,20002.5
1015213,18515.0,16515.625,18939.375
1015213,18515.0,16515.625,18939.375
1015223,17622.5,13037.5,16970.625
1015223,17622.5,13037.5,16970.625
1015233,14371.875,10556.875,14651.875
1015233,14371.875,10556.875,14651.875
1015243,10535.0,9143.75,12477.5
1015243,10535.0,9143.75,12477.5
1015254,8977.5,7630.0,10832.5
1015254,8977.5,7630.0,10832.5
1015264,8815.625,5915.0,7949.375
1015264,8815.625,5915.0,7949.375
1015274,9585.625,4322.5,2821.875
1015274,9585.625,4322.5,2821.875
1015285,9594.375,3005.625,-5096.875
1015285,9594.375,3005.625,-5096.875
1015295,6313.125,3451.875,-15330.0
1015295,6313.125,3451.875,-15330.0
1015305,3141.25,7914.375,-24863.125
1015305,3141.25,7914.375,-24863.125
1015316,1146.25,16983.75,-27273.75
1015316,1146.25,16983.75,-27273.75
1015326,3268.125,27728.75,-25707.5
1015326,3268.125,27728.75,-25707.5
1015337,6632.5,35249.375,-23721.25
1015337,6632.5,35249.375,-23721.25
1015347,12171.25,36811.25,-23515.625
1015347,12171.25,36811.25,-23515.625
1015357,16471.875,29260.0,-18913.125
1015357,16471.875,29260.0,-18913.125
1015367,10430.0,7542.5,-975.625
1015367,10430.0,7542.5,-975.625
1015378,1771.875,-7525.0,10968.125
1015378,1771.875,-7525.0,10968.125
1015388,-3521.875,-17311.875,19989.375
1015388,-3521.875,-17311.875,19989.375
1015398,-5031.25,-17788.75,21910.0
1015398,-5031.25,-17788.75,21910.0
1015409,-2572.5,-14183.75,19543.125
1015409,-2572.5,-14183.75,19543.125
1015418,1789.375,-14026.25,16975.0
1015418,1789.375,-14026.25,16975.0
1015429,2301.25,-14161.875,7161.875
1015429,2301.25,-14161.875,7161.875
1015440,595.0,-10399.375,-9725.625
1015440,595.0,-10399.375,-9725.625
1015450,-2734.375,2318.75,-29071.875
1015450,-2734.375,2318.75,-29071.875
1015460,1045.625,11221.875,-45556.875
1015460,1045.625,11221.875,-45556.875
1015471,15719.375,-5324.375,-57496.25
1015471,15719.375,-5324.375,-57496.25
1015481,25650.625,-3784.375,-59259.375
1015481,25650.625,-3784.375,-59259.375
1015491,44218.125,21914.375,-72428.125
1015491,44218.125,21914.375,-72428.125
1015501,43911.875,25816.875,-86660.0
1015501,43911.875,25816.875,-86660.0
1015512,53108.125,33635.0,-105166.25
1015512,53108.125,33635.0,-105166.25
1015522,70319.375,33005.0,-107485.0
1015522,70319.375,33005.0,-107485.0
1015533,78719.375,26582.5,-99588.125
1015533,78719.375,26582.5,-99588.125
1015543,78308.125,19573.75,-84428.75
1015543,78308.125,19573.75,-84428.75
1015553,68945.625,5131.875,-59250.625
1015553,68945.625,5131.875,-59250.625
1015564,57890.0,-10823.75,-29098.125
1015564,57890.0,-10823.75,-29098.125
1015574,55903.75,-14560.0,-3924.375
1015574,55903.75,-14560.0,-3924.375
1015584,62790.0,-1071.875,12149.375
1015584,62790.0,-1071.875,12149.375
1015594,71465.625,14021.875,20125.0
1015594,71465.625,14021.875,20125.0
1015605,77949.375,9025.625,40604.375
1015605,77949.375,9025.625,40604.375
1015615,68805.625,-8028.125,58966.25
1015615,68805.625,-8028.125,58966.25
1015625,49581.875,-43513.75,80364.375
1015625,49581.875,-43513.75,80364.375
1015636,21931.875,-94771.25,112350.0
1015636,21931.875,-94771.25,112350.0
1015646,-14791.875,-141946.875,140385.0
1015646,-14791.875,-141946.875,140385.0
1015656,-33324.375,-143355.625,-143360.0
1015656,-33324.375,-143355.625,-143360.0
1015667,35953.75,-142690.625,143106.25
1015667,35953.75,-142690.625,143106.25
1015677,76912.5,-143241.875,143246.25
1015677,76912.5,-143241.875,143246.25
1015687,5709.375,-143355.625,-143360.0
1015687,5709.375,-143355.625,-143360.0
1015697,-27794.375,-143351.25,-143360.0
1015697,-27794.375,-143351.25,-143360.0
1015708,-33197.5,-143355.625,143355.625
1015708,-33197.5,-143355.625,143355.625
1015718,-39856.25,-143355.625,-143360.0
1015718,-39856.25,-143355.625,-143360.0
1015729,-52683.75,-143355.625,-143360.0
1015729,-52683.75,-143355.625,-143360.0
1015739,-67532.5,-143355.625,-143360.0
1015739,-67532.5,-143355.625,-143360.0
1015749,-101539.375,-143355.625,-143360.0
1015749,-101539.375,-143355.625,-143360.0
1015759,-134115.625,-143355.625,-143360.0
1015759,-134115.625,-143355.625,-143360.0
1015770,-131783.75,-143355.625,-143360.0
1015770,-131783.75,-143355.625,-143360.0
1015780,-105520.625,-143355.625,-143360.0
1015780,-105520.625,-143355.625,-143360.0
1015790,-83903.75,-143355.625,-143360.0
1015790,-83903.75,-143355.625,-143360.0
1015801,-79104.375,-143355.625,-143360.0
1015801,-79104.375,-143355.625,-143360.0
1015811,-80447.5,-143355.625,-143360.0
1015811,-80447.5,-143355.625,-143360.0
1015821,-68569.375,-143355.625,142677.5
1015821,-68569.375,-143355.625,142677.5
1015832,-50102.5,-143355.625,129793.125
1015832,-50102.5,-143355.625,129793.125
1015842,-42083.125,-143355.625,107961.875
1015842,-42083.125,-143355.625,107961.875
1015852,-39571.875,-143355.625,94171.875
1015852,-39571.875,-143355.625,94171.875
1015863,-28791.875,-143355.625,85435.0
1015863,-28791.875,-143355.625,85435.0
1015873,-19923.75,-143355.625,81423.125
1015873,-19923.75,-143355.625,81423.125
1015883,-18768.75,-143355.625,79419.375
1015883,-18768.75,-143355.625,79419.375
1015894,-14520.625,-143355.625,77503.125
1015894,-14520.625,-143355.625,77503.125
1015904,-1872.5,-143355.625,65432.5
1015904,-1872.5,-143355.625,65432.5
1015914,18585.0,-143355.625,46169.375
1015914,18585.0,-143355.625,46169.375
1015925,37113.125,-143355.625,30839.375
1015925,37113.125,-143355.625,30839.375
1015935,38648.75,-143355.625,26621.875
1015935,38648.75,-143355.625,26621.875
1015945,20873.125,-143355.625,25746.875
1015945,20873.125,-143355.625,25746.875
1015955,-12600.0,-143355.625,21175.0
1015955,-12600.0,-143355.625,21175.0
1015966,-45246.25,-143355.625,16747.5
1015966,-45246.25,-143355.625,16747.5
1015976,-59447.5,-143355.625,15618.75
1015976,-59447.5,-143355.625,15618.75
1015986,-50544.375,-143355.625,19578.125
1015986,-50544.375,-143355.625,19578.125
1015997,-25252.5,-124127.5,12796.875
1015997,-25252.5,-124127.5,12796.875
1016007,-708.75,-74003.125,-6440.0
1016007,-708.75,-74003.125,-6440.0
1016017,10836.875,-26928.125,-23314.375
1016017,10836.875,-26928.125,-23314.375
1016028,15986.25,11344.375,-39068.75
1016028,15986.25,11344.375,-39068.75
1016038,22312.5,36806.875,-49752.5
1016038,22312.5,36806.875,-49752.5
1016048,24434.375,46991.875,-45714.375
1016048,24434.375,46991.875,-45714.375
1016059,22071.875,47897.5,-34444.375
1016059,22071.875,47897.5,-34444.375
1016069,31128.125,49078.75,-29758.75
1016069,31128.125,49078.75,-29758.75
1016079,49288.75,58143.75,-52132.5
1016079,49288.75,58143.75,-52132.5
1016090,50242.5,63770.0,-88948.125
1016090,50242.5,63770.0,-88948.125
1016100,42931.875,57535.625,-112669.375
1016100,42931.875,57535.625,-112669.375
1016110,27278.125,30034.375,-99141.875
1016110,27278.125,30034.375,-99141.875
1016121,-31136.875,-64881.25,-103258.75
1016121,-31136.875,-64881.25,-103258.75
1016131,-70354.375,-126818.125,-85369.375
1016131,-70354.375,-126818.125,-85369.375
1016141,-35280.0,-89516.875,-67611.25
1016141,-35280.0,-89516.875,-67611.25
1016152,6090.0,-52136.875,-70126.875
1016152,6090.0,-52136.875,-70126.875
1016162,24368.75,-45513.125,-71645.0
1016162,24368.75,-45513.125,-71645.0
1016172,21087.5,-44625.0,-83492.5
1016172,21087.5,-44625.0,-83492.5
1016182,18261.25,-36408.75,-100008.125
1016182,18261.25,-36408.75,-100008.125
1016193,33477.5,-28853.125,-107450.0
1016193,33477.5,-28853.125,-107450.0
1016203,45377.5,-32322.5,-112590.625
1016203,45377.5,-32322.5,-112590.625
1016213,39646.25,-44620.625,-119297.5
1016213,39646.25,-44620.625,-119297.5
1016224,31053.75,-46296.25,-105336.875
1016224,31053.75,-46296.25,-105336.875
1016234,36723.75,-36242.5,-79493.75
1016234,36723.75,-36242.5,-79493.75
1016244,64295.0,-41658.75,-79865.625
1016244,64295.0,-41658.75,-79865.625
1016254,72314.375,-34825.0,-74795.0
1016254,72314.375,-34825.0,-74795.0
1016265,46917.5,-28214.375,-83466.25
1016265,46917.5,-28214.375,-83466.25
1016276,-21271.25,-43255.625,-113684.375
1016276,-21271.25,-43255.625,-113684.375
1016286,-55448.75,-43058.75,-143355.625
1016286,-55448.75,-43058.75,-143355.625
1016296,-75827.5,-41295.625,-135126.25
1016296,-75827.5,-41295.625,-135126.25
1016306,-73268.125,-34540.625,-136132.5
1016306,-73268.125,-34540.625,-136132.5
1016317,-52416.875,-17329.375,-97168.75
1016317,-52416.875,-17329.375,-97168.75
1016327,-37664.375,-4851.875,-73644.375
1016327,-37664.375,-4851.875,-73644.375
1016337,-15426.25,8325.625,-67353.125
1016337,-15426.25,8325.625,-67353.125
1016348,-28223.125,6781.25,-71824.375
1016348,-28223.125,6781.25,-71824.375
1016358,-51550.625,2673.125,-88226.25
1016358,-51550.625,2673.125,-88226.25
1016368,-28441.875,18668.125,-119459.375
1016368,-28441.875,18668.125,-119459.375
1016378,15281.875,62321.875,-123278.75
1016378,15281.875,62321.875,-123278.75
1016389,54022.5,82223.75,-114143.75
1016389,54022.5,82223.75,-114143.75
1016399,59526.25,100436.875,-129797.5
1016399,59526.25,100436.875,-129797.5
1016409,50631.875,119599.375,-133848.75
1016409,50631.875,119599.375,-133848.75
1016420,31666.25,96989.375,-128673.125
1016420,31666.25,96989.375,-128673.125
1016431,-560.0,70437.5,-122290.0
1016431,-560.0,70437.5,-122290.0
1016440,262.5,58607.5,-111601.875
1016440,262.5,58607.5,-111601.875
1016451,14288.75,44611.875,-90426.875
1016451,14288.75,44611.875,-90426.875
1016461,16156.875,31758.125,-64334.375
1016461,16156.875,31758.125,-64334.375
1016471,6641.25,26026.875,-37240.0
1016471,6641.25,26026.875,-37240.0
1016481,-8220.625,24797.5,-9467.5
1016481,-8220.625,24797.5,-9467.5
1016492,-15133.125,31373.125,15771.875
1016492,-15133.125,31373.125,15771.875
1016502,-7529.375,44660.0,37563.75
1016502,-7529.375,44660.0,37563.75
1016513,7590.625,57478.75,50456.875
1016513,7590.625,57478.75,50456.875
1016523,14109.375,64483.125,55435.625
1016523,14109.375,64483.125,55435.625
1016533,14857.5,66202.5,54460.0
1016533,14857.5,66202.5,54460.0
1016544,14236.25,64548.75,51808.75
1016544,14236.25,64548.75,51808.75
1016554,15299.375,59933.125,47989.375
1016554,15299.375,59933.125,47989.375
1016564,12215.0,50881.25,41663.125
1016564,12215.0,50881.25,41663.125
1016575,5315.625,38591.875,30804.375
1016575,5315.625,38591.875,30804.375
1016586,-3771.25,21647.5,12906.25
1016586,-3771.25,21647.5,12906.25
1016595,-17758.125,13960.625,3635.625
1016595,-17758.125,13960.625,3635.625
1016605,-8400.0,13203.75,5740.0
1016605,-8400.0,13203.75,5740.0
1016616,3920.0,10311.875,11064.375
1016616,3920.0,10311.875,11064.375
1016626,4396.875,9826.25,10215.625
1016626,4396.875,9826.25,10215.625
1016635,2900.625,11007.5,5866.875
1016635,2900.625,11007.5,5866.875
1016647,2375.625,10381.875,4147.5
1016647,2375.625,10381.875,4147.5
1016657,2034.375,7608.125,4602.5
1016657,2034.375,7608.125,4602.5
1016667,-367.5,4475.625,4270.0
1016667,-367.5,4475.625,4270.0
1016678,-2358.125,2222.5,3425.625
1016678,-2358.125,2222.5,3425.625
1016688,-2633.75,1439.375,2896.25
1016688,-2633.75,1439.375,2896.25
1016697,-1610.0,1518.125,2533.125
1016697,-1610.0,1518.125,2533.125
1016708,-271.25,1540.0,2170.0
1016708,-271.25,1540.0,2170.0
1016718,879.375,1216.25,1102.5
1016718,879.375,1216.25,1102.5
1016729,389.375,196.875,218.75
1016729,389.375,196.875,218.75
1016740,271.25,-875.0,-61.25
1016740,271.25,-875.0,-61.25
1016750,787.5,-1242.5,-651.875
1016750,787.5,-1242.5,-651.875
1016760,1225.0,-721.875,-1776.25
1016760,1225.0,-721.875,-1776.25
1016771,1745.625,-791.875,-1776.25
1016771,1745.625,-791.875,-1776.25
