1039192,-13.125,-13.125,-13.125
1039192,-13.125,-13.125,-13.125
1039202,21.875,-8.75,-21.875
1039202,21.875,-8.75,-21.875
1039353,8.75,-8.75,-26.25
1039353,8.75,-8.75,-26.25
1039363,-8.75,-8.75,-4.375
1039363,-8.75,-8.75,-4.375
1039434,0.0,-48.125,-48.125
1039434,0.0,-48.125,-48.125
1039444,0.0,-70.0,-48.125
1039444,0.0,-70.0,-48.125
1039595,-17.5,-39.375,-61.25
1039595,-17.5,-39.375,-61.25
1039605,-65.625,8.75,-35.0
1039605,-65.625,8.75,-35.0
1039757,13.125,-96.25,-56.875
1039757,13.125,-96.25,-56.875
1039767,13.125,-96.25,-65.625
1039767,13.125,-96.25,-65.625
1039918,135.625,161.875,-43.75
1039918,135.625,161.875,-43.75
1039929,113.75,266.875,-35.0
1039929,113.75,266.875,-35.0
1040070,-1268.75,-367.5,-2436.875
1040070,-1268.75,-367.5,-2436.875
1040080,-1036.875,-183.75,-3097.5
1040080,-1036.875,-183.75,-3097.5
1040251,-3145.625,-2121.875,-5158.125
1040251,-3145.625,-2121.875,-5158.125
1040261,-2931.25,-2371.25,-5131.875
1040261,-2931.25,-2371.25,-5131.875
1040413,-704.375,-17675.0,-16170.0
1040413,-704.375,-17675.0,-16170.0
1040423,656.25,-17368.75,-16428.125
1040423,656.25,-17368.75,-16428.125
1040575,-2660.0,-13238.75,-12363.75
1040575,-2660.0,-13238.75,-12363.75
1040584,-3255.0,-10780.0,-11672.5
1040584,-3255.0,-10780.0,-11672.5
1040736,-3141.25,-1627.5,-6396.25
1040736,-3141.25,-1627.5,-6396.25
1040746,-3386.25,-406.875,-6391.875
1040746,-3386.25,-406.875,-6391.875
1040897,-927.5,1163.75,-52.5
1040897,-927.5,1163.75,-52.5
1040907,-1155.0,1780.625,262.5
1040907,-1155.0,1780.625,262.5
1041058,3885.0,-993.125,1019.375
1041058,3885.0,-993.125,1019.375
1041069,6308.75,-643.125,1325.625
1041069,6308.75,-643.125,1325.625
1041220,2205.0,-7406.875,787.5
1041220,2205.0,-7406.875,787.5
1041230,1548.75,-5390.0,980.0
1041230,1548.75,-5390.0,980.0
1041381,-2025.625,7564.375,-3959.375
1041381,-2025.625,7564.375,-3959.375
1041392,-10346.875,52.5,-1168.125
1041392,-10346.875,52.5,-1168.125
1041543,625.625,-170.625,-21.875
1041543,625.625,-170.625,-21.875
1041553,463.75,-214.375,-4.375
1041553,463.75,-214.375,-4.375
1041704,-126.875,-183.75,-700.0
1041704,-126.875,-183.75,-700.0
1041714,-65.625,-196.875,-608.125
1041714,-65.625,-196.875,-608.125
1041805,-35.0,-210.0,-144.375
1041805,-35.0,-210.0,-144.375
1041957,26.25,-455.0,96.25
1041957,26.25,-455.0,96.25
1041967,56.875,-494.375,118.125
1041967,56.875,-494.375,118.125
1042118,328.125,-175.0,48.125
1042118,328.125,-175.0,48.125
1042128,367.5,-192.5,35.0
1042128,367.5,-192.5,35.0
1042280,74.375,-148.75,-78.75
1042280,74.375,-148.75,-78.75
1042290,109.375,-170.625,-105.0
1042290,109.375,-170.625,-105.0
1042441,665.0,-118.125,966.875
1042441,665.0,-118.125,966.875
1042451,472.5,-192.5,1238.125
1042451,472.5,-192.5,1238.125
