1058083,39.0625,882.8125,945.3125,-54.6875,-867.1875,804.6875,195.3125,-1148.4375,320.3125,531.25,-1039.0625,39.0625,523.4375,-992.1875,203.125
1058083,39.0625,882.8125,945.3125,-54.6875,-867.1875,804.6875,195.3125,-1148.4375,320.3125,531.25,-1039.0625,39.0625,523.4375,-992.1875,203.125
1058091,31.25,875.0,898.4375,-39.0625,-875.0,804.6875,179.6875,-1132.8125,320.3125,507.8125,-1039.0625,23.4375,484.375,-1007.8125,179.6875
1058091,31.25,875.0,898.4375,-39.0625,-875.0,804.6875,179.6875,-1132.8125,320.3125,507.8125,-1039.0625,23.4375,484.375,-1007.8125,179.6875
1058091,15.625,828.125,875.0,-39.0625,-851.5625,796.875,164.0625,-1109.375,312.5,492.1875,-1031.25,7.8125,468.75,-1031.25,156.25
1058091,15.625,828.125,875.0,-39.0625,-851.5625,796.875,164.0625,-1109.375,312.5,492.1875,-1031.25,7.8125,468.75,-1031.25,156.25
1058099,15.625,804.6875,890.625,7.8125,-843.75,820.3125,164.0625,-1101.5625,296.875,460.9375,-1023.4375,-15.625,445.3125,-1039.0625,156.25
1058099,15.625,804.6875,890.625,7.8125,-843.75,820.3125,164.0625,-1101.5625,296.875,460.9375,-1023.4375,-15.625,445.3125,-1039.0625,156.25
1058163,-218.75,617.1875,859.375,-101.5625,-945.3125,578.125,85.9375,-1046.875,187.5,367.1875,-1007.8125,-101.5625,367.1875,-1023.4375,125.0
1058163,-218.75,617.1875,859.375,-101.5625,-945.3125,578.125,85.9375,-1046.875,187.5,367.1875,-1007.8125,-101.5625,367.1875,-1023.4375,125.0
1058170,-226.5625,648.4375,851.5625,-117.1875,-945.3125,539.0625,54.6875,-1000.0,179.6875,343.75,-968.75,-101.5625,343.75,-1000.0,125.0
1058170,-226.5625,648.4375,851.5625,-117.1875,-945.3125,539.0625,54.6875,-1000.0,179.6875,343.75,-968.75,-101.5625,343.75,-1000.0,125.0
1058172,-226.5625,671.875,820.3125,-140.625,-906.25,523.4375,46.875,-968.75,187.5,312.5,-937.5,-85.9375,328.125,-1007.8125,117.1875
1058172,-226.5625,671.875,820.3125,-140.625,-906.25,523.4375,46.875,-968.75,187.5,312.5,-937.5,-85.9375,328.125,-1007.8125,117.1875
1058178,-257.8125,671.875,789.0625,-179.6875,-843.75,492.1875,7.8125,-945.3125,171.875,296.875,-945.3125,-101.5625,320.3125,-1000.0,148.4375
1058178,-257.8125,671.875,789.0625,-179.6875,-843.75,492.1875,7.8125,-945.3125,171.875,296.875,-945.3125,-101.5625,320.3125,-1000.0,148.4375
1058187,-304.6875,664.0625,773.4375,-195.3125,-804.6875,460.9375,-15.625,-937.5,156.25,273.4375,-929.6875,-101.5625,312.5,-1007.8125,156.25
1058187,-304.6875,664.0625,773.4375,-195.3125,-804.6875,460.9375,-15.625,-937.5,156.25,273.4375,-929.6875,-101.5625,312.5,-1007.8125,156.25
1058188,-328.125,625.0,742.1875,-218.75,-773.4375,414.0625,-39.0625,-921.875,140.625,250.0,-921.875,-109.375,304.6875,-976.5625,148.4375
1058188,-328.125,625.0,742.1875,-218.75,-773.4375,414.0625,-39.0625,-921.875,140.625,250.0,-921.875,-109.375,304.6875,-976.5625,148.4375
1058195,-343.75,601.5625,703.125,-242.1875,-734.375,390.625,-85.9375,-835.9375,164.0625,226.5625,-906.25,-125.0,273.4375,-937.5,125.0
1058195,-343.75,601.5625,703.125,-242.1875,-734.375,390.625,-85.9375,-835.9375,164.0625,226.5625,-906.25,-125.0,273.4375,-937.5,125.0
1058196,-351.5625,554.6875,695.3125,-265.625,-718.75,375.0,-85.9375,-882.8125,132.8125,195.3125,-882.8125,-117.1875,257.8125,-914.0625,109.375
1058196,-351.5625,554.6875,695.3125,-265.625,-718.75,375.0,-85.9375,-882.8125,132.8125,195.3125,-882.8125,-117.1875,257.8125,-914.0625,109.375
1058204,-343.75,515.625,687.5,-296.875,-710.9375,359.375,-93.75,-875.0,125.0,179.6875,-867.1875,-140.625,226.5625,-898.4375,85.9375
1058204,-343.75,515.625,687.5,-296.875,-710.9375,359.375,-93.75,-875.0,125.0,179.6875,-867.1875,-140.625,226.5625,-898.4375,85.9375
1058212,-343.75,460.9375,679.6875,-335.9375,-734.375,343.75,-109.375,-851.5625,109.375,156.25,-851.5625,-132.8125,203.125,-882.8125,85.9375
1058212,-343.75,460.9375,679.6875,-335.9375,-734.375,343.75,-109.375,-851.5625,109.375,156.25,-851.5625,-132.8125,203.125,-882.8125,85.9375
1058212,-335.9375,437.5,695.3125,-351.5625,-718.75,320.3125,-140.625,-828.125,109.375,132.8125,-851.5625,-132.8125,179.6875,-851.5625,85.9375
1058212,-335.9375,437.5,695.3125,-351.5625,-718.75,320.3125,-140.625,-828.125,109.375,132.8125,-851.5625,-132.8125,179.6875,-851.5625,85.9375
1058220,-343.75,390.625,687.5,-390.625,-734.375,320.3125,-171.875,-812.5,109.375,117.1875,-828.125,-132.8125,179.6875,-820.3125,85.9375
1058220,-343.75,390.625,687.5,-390.625,-734.375,320.3125,-171.875,-812.5,109.375,117.1875,-828.125,-132.8125,179.6875,-820.3125,85.9375
1058228,-351.5625,359.375,679.6875,-429.6875,-773.4375,328.125,-203.125,-789.0625,85.9375,93.75,-828.125,-125.0,148.4375,-812.5,85.9375
1058228,-351.5625,359.375,679.6875,-429.6875,-773.4375,328.125,-203.125,-789.0625,85.9375,93.75,-828.125,-125.0,148.4375,-812.5,85.9375
1058228,-367.1875,351.5625,695.3125,-421.875,-750.0,312.5,-242.1875,-789.0625,85.9375,62.5,-835.9375,-140.625,117.1875,-804.6875,78.125
1058228,-367.1875,351.5625,695.3125,-421.875,-750.0,312.5,-242.1875,-789.0625,85.9375,62.5,-835.9375,-140.625,117.1875,-804.6875,78.125
1058236,-367.1875,343.75,718.75,-445.3125,-757.8125,312.5,-242.1875,-804.6875,93.75,31.25,-843.75,-148.4375,85.9375,-820.3125,78.125
1058236,-367.1875,343.75,718.75,-445.3125,-757.8125,312.5,-242.1875,-804.6875,93.75,31.25,-843.75,-148.4375,85.9375,-820.3125,78.125
1058236,-382.8125,375.0,726.5625,-421.875,-773.4375,335.9375,-242.1875,-835.9375,101.5625,31.25,-867.1875,-140.625,54.6875,-875.0,93.75
1058236,-382.8125,375.0,726.5625,-421.875,-773.4375,335.9375,-242.1875,-835.9375,101.5625,31.25,-867.1875,-140.625,54.6875,-875.0,93.75
1058244,-406.25,367.1875,718.75,-414.0625,-757.8125,351.5625,-257.8125,-890.625,101.5625,15.625,-921.875,-140.625,15.625,-960.9375,125.0
1058244,-406.25,367.1875,718.75,-414.0625,-757.8125,351.5625,-257.8125,-890.625,101.5625,15.625,-921.875,-140.625,15.625,-960.9375,125.0
1058252,-445.3125,406.25,664.0625,-421.875,-742.1875,351.5625,-289.0625,-914.0625,117.1875,15.625,-968.75,-132.8125,-15.625,-1023.4375,132.8125
1058252,-445.3125,406.25,664.0625,-421.875,-742.1875,351.5625,-289.0625,-914.0625,117.1875,15.625,-968.75,-132.8125,-15.625,-1023.4375,132.8125
1058252,-460.9375,421.875,640.625,-437.5,-734.375,367.1875,-304.6875,-898.4375,125.0,0.0,-976.5625,-164.0625,-54.6875,-937.5,132.8125
1058252,-460.9375,421.875,640.625,-437.5,-734.375,367.1875,-304.6875,-898.4375,125.0,0.0,-976.5625,-164.0625,-54.6875,-937.5,132.8125
1058259,-476.5625,500.0,617.1875,-429.6875,-718.75,375.0,-320.3125,-867.1875,101.5625,-31.25,-960.9375,-156.25,-62.5,-906.25,54.6875
1058259,-476.5625,500.0,617.1875,-429.6875,-718.75,375.0,-320.3125,-867.1875,101.5625,-31.25,-960.9375,-156.25,-62.5,-906.25,54.6875
1058365,-468.75,429.6875,703.125,-546.875,-601.5625,367.1875,-476.5625,-742.1875,171.875,-343.75,-851.5625,-156.25,-476.5625,-789.0625,-46.875
1058365,-468.75,429.6875,703.125,-546.875,-601.5625,367.1875,-476.5625,-742.1875,171.875,-343.75,-851.5625,-156.25,-476.5625,-789.0625,-46.875
1058373,-406.25,445.3125,742.1875,-562.5,-578.125,375.0,-492.1875,-710.9375,171.875,-382.8125,-812.5,-117.1875,-437.5,-750.0,-7.8125
1058373,-406.25,445.3125,742.1875,-562.5,-578.125,375.0,-492.1875,-710.9375,171.875,-382.8125,-812.5,-117.1875,-437.5,-750.0,-7.8125
1058373,-437.5,437.5,726.5625,-562.5,-546.875,375.0,-507.8125,-679.6875,179.6875,-398.4375,-789.0625,-101.5625,-523.4375,-742.1875,-39.0625
1058373,-437.5,437.5,726.5625,-562.5,-546.875,375.0,-507.8125,-679.6875,179.6875,-398.4375,-789.0625,-101.5625,-523.4375,-742.1875,-39.0625
1058381,-468.75,390.625,726.5625,-609.375,-531.25,367.1875,-523.4375,-656.25,187.5,-390.625,-750.0,-101.5625,-492.1875,-695.3125,-46.875
1058381,-468.75,390.625,726.5625,-609.375,-531.25,367.1875,-523.4375,-656.25,187.5,-390.625,-750.0,-101.5625,-492.1875,-695.3125,-46.875
1058405,-539.0625,187.5,632.8125,-632.8125,-507.8125,476.5625,-695.3125,-593.75,62.5,-593.75,-671.875,-281.25,-742.1875,-687.5,-382.8125
1058405,-539.0625,187.5,632.8125,-632.8125,-507.8125,476.5625,-695.3125,-593.75,62.5,-593.75,-671.875,-281.25,-742.1875,-687.5,-382.8125
1058412,-632.8125,250.0,593.75,-578.125,-546.875,414.0625,-648.4375,-609.375,0.0,-593.75,-679.6875,-398.4375,-812.5,-679.6875,-484.375
1058412,-632.8125,250.0,593.75,-578.125,-546.875,414.0625,-648.4375,-609.375,0.0,-593.75,-679.6875,-398.4375,-812.5,-679.6875,-484.375
1058412,-695.3125,351.5625,546.875,-546.875,-546.875,359.375,-648.4375,-679.6875,-23.4375,-750.0,-656.25,-367.1875,-804.6875,-656.25,-507.8125
1058412,-695.3125,351.5625,546.875,-546.875,-546.875,359.375,-648.4375,-679.6875,-23.4375,-750.0,-656.25,-367.1875,-804.6875,-656.25,-507.8125
1058421,-703.125,289.0625,617.1875,-601.5625,-632.8125,312.5,-656.25,-703.125,-7.8125,-593.75,-648.4375,-398.4375,-632.8125,-726.5625,-585.9375
1058421,-703.125,289.0625,617.1875,-601.5625,-632.8125,312.5,-656.25,-703.125,-7.8125,-593.75,-648.4375,-398.4375,-632.8125,-726.5625,-585.9375
1058583,-390.625,257.8125,718.75,-562.5,-437.5,179.6875,-578.125,-656.25,289.0625,-523.4375,-796.875,171.875,-585.9375,-632.8125,437.5
1058583,-390.625,257.8125,718.75,-562.5,-437.5,179.6875,-578.125,-656.25,289.0625,-523.4375,-796.875,171.875,-585.9375,-632.8125,437.5
1058589,-351.5625,226.5625,781.25,-507.8125,-492.1875,359.375,-593.75,-648.4375,265.625,-562.5,-789.0625,140.625,-664.0625,-585.9375,414.0625
1058589,-351.5625,226.5625,781.25,-507.8125,-492.1875,359.375,-593.75,-648.4375,265.625,-562.5,-789.0625,140.625,-664.0625,-585.9375,414.0625
1058591,-437.5,15.625,765.625,-492.1875,-484.375,281.25,-593.75,-664.0625,257.8125,-578.125,-773.4375,148.4375,-703.125,-625.0,390.625
1058591,-437.5,15.625,765.625,-492.1875,-484.375,281.25,-593.75,-664.0625,257.8125,-578.125,-773.4375,148.4375,-703.125,-625.0,390.625
1058599,-554.6875,-125.0,710.9375,-578.125,-492.1875,164.0625,-593.75,-625.0,265.625,-578.125,-734.375,164.0625,-671.875,-570.3125,375.0
1058599,-554.6875,-125.0,710.9375,-578.125,-492.1875,164.0625,-593.75,-625.0,265.625,-578.125,-734.375,164.0625,-671.875,-570.3125,375.0
1058744,-960.9375,-406.25,234.375,-757.8125,-484.375,-320.3125,-828.125,-500.0,164.0625,-773.4375,-632.8125,226.5625,-781.25,-414.0625,468.75
1058744,-960.9375,-406.25,234.375,-757.8125,-484.375,-320.3125,-828.125,-500.0,164.0625,-773.4375,-632.8125,226.5625,-781.25,-414.0625,468.75
1058752,-968.75,-367.1875,234.375,-765.625,-468.75,-328.125,-843.75,-492.1875,156.25,-742.1875,-625.0,218.75,-757.8125,-406.25,460.9375
1058752,-968.75,-367.1875,234.375,-765.625,-468.75,-328.125,-843.75,-492.1875,156.25,-742.1875,-625.0,218.75,-757.8125,-406.25,460.9375
1058752,-984.375,-328.125,226.5625,-804.6875,-484.375,-351.5625,-820.3125,-476.5625,164.0625,-742.1875,-625.0,226.5625,-757.8125,-406.25,460.9375
1058752,-984.375,-328.125,226.5625,-804.6875,-484.375,-351.5625,-820.3125,-476.5625,164.0625,-742.1875,-625.0,226.5625,-757.8125,-406.25,460.9375
1058760,-976.5625,-281.25,210.9375,-804.6875,-429.6875,-359.375,-851.5625,-476.5625,164.0625,-734.375,-617.1875,257.8125,-750.0,-398.4375,460.9375
1058760,-976.5625,-281.25,210.9375,-804.6875,-429.6875,-359.375,-851.5625,-476.5625,164.0625,-734.375,-617.1875,257.8125,-750.0,-398.4375,460.9375
1058905,-1304.6875,-265.625,-125.0,-851.5625,-507.8125,-500.0,-882.8125,-437.5,117.1875,-710.9375,-562.5,218.75,-718.75,-351.5625,421.875
1058905,-1304.6875,-265.625,-125.0,-851.5625,-507.8125,-500.0,-882.8125,-437.5,117.1875,-710.9375,-562.5,218.75,-718.75,-351.5625,421.875
1058913,-1171.875,-117.1875,-125.0,-906.25,-617.1875,-656.25,-906.25,-437.5,117.1875,-703.125,-562.5,234.375,-718.75,-351.5625,460.9375
1058913,-1171.875,-117.1875,-125.0,-906.25,-617.1875,-656.25,-906.25,-437.5,117.1875,-703.125,-562.5,234.375,-718.75,-351.5625,460.9375
1058913,-953.125,54.6875,0.0,-992.1875,-656.25,-781.25,-960.9375,-421.875,93.75,-687.5,-554.6875,257.8125,-664.0625,-320.3125,500.0
1058913,-953.125,54.6875,0.0,-992.1875,-656.25,-781.25,-960.9375,-421.875,93.75,-687.5,-554.6875,257.8125,-664.0625,-320.3125,500.0
1058920,-656.25,171.875,234.375,-1132.8125,-828.125,-742.1875,-1007.8125,-296.875,93.75,-718.75,-460.9375,312.5,-648.4375,-234.375,476.5625
1058920,-656.25,171.875,234.375,-1132.8125,-828.125,-742.1875,-1007.8125,-296.875,93.75,-718.75,-460.9375,312.5,-648.4375,-234.375,476.5625
1059066,-375.0,359.375,851.5625,-1195.3125,-218.75,-187.5,-1046.875,-250.0,179.6875,-890.625,-421.875,257.8125,-843.75,-156.25,343.75
1059066,-375.0,359.375,851.5625,-1195.3125,-218.75,-187.5,-1046.875,-250.0,179.6875,-890.625,-421.875,257.8125,-843.75,-156.25,343.75
1059074,-507.8125,-390.625,500.0,-937.5,-203.125,164.0625,-1117.1875,-484.375,281.25,-1093.75,-679.6875,187.5,-1078.125,-351.5625,445.3125
1059074,-507.8125,-390.625,500.0,-937.5,-203.125,164.0625,-1117.1875,-484.375,281.25,-1093.75,-679.6875,187.5,-1078.125,-351.5625,445.3125
1059074,-921.875,-851.5625,734.375,-679.6875,-234.375,-31.25,-1023.4375,-414.0625,382.8125,-1023.4375,-609.375,304.6875,-1164.0625,-289.0625,507.8125
1059074,-921.875,-851.5625,734.375,-679.6875,-234.375,-31.25,-1023.4375,-414.0625,382.8125,-1023.4375,-609.375,304.6875,-1164.0625,-289.0625,507.8125
1059082,-843.75,-578.125,843.75,-1125.0,-468.75,-226.5625,-1070.3125,-296.875,328.125,-1093.75,-492.1875,328.125,-1132.8125,-171.875,460.9375
1059082,-843.75,-578.125,843.75,-1125.0,-468.75,-226.5625,-1070.3125,-296.875,328.125,-1093.75,-492.1875,328.125,-1132.8125,-171.875,460.9375
1059228,-1085.9375,-171.875,148.4375,-812.5,-445.3125,-593.75,-1000.0,-554.6875,-132.8125,-718.75,-695.3125,132.8125,-742.1875,-476.5625,398.4375
1059228,-1085.9375,-171.875,148.4375,-812.5,-445.3125,-593.75,-1000.0,-554.6875,-132.8125,-718.75,-695.3125,132.8125,-742.1875,-476.5625,398.4375
1059236,-1109.375,-125.0,203.125,-812.5,-476.5625,-625.0,-1007.8125,-562.5,-171.875,-734.375,-679.6875,117.1875,-742.1875,-453.125,390.625
1059236,-1109.375,-125.0,203.125,-812.5,-476.5625,-625.0,-1007.8125,-562.5,-171.875,-734.375,-679.6875,117.1875,-742.1875,-453.125,390.625
1059236,-1109.375,-117.1875,164.0625,-828.125,-492.1875,-671.875,-1015.625,-554.6875,-164.0625,-773.4375,-687.5,117.1875,-781.25,-468.75,382.8125
1059236,-1109.375,-117.1875,164.0625,-828.125,-492.1875,-671.875,-1015.625,-554.6875,-164.0625,-773.4375,-687.5,117.1875,-781.25,-468.75,382.8125
1059244,-1117.1875,-101.5625,140.625,-804.6875,-507.8125,-648.4375,-1015.625,-570.3125,-164.0625,-765.625,-687.5,109.375,-796.875,-476.5625,398.4375
1059244,-1117.1875,-101.5625,140.625,-804.6875,-507.8125,-648.4375,-1015.625,-570.3125,-164.0625,-765.625,-687.5,109.375,-796.875,-476.5625,398.4375
1059308,-62.5,-250.0,757.8125,-664.0625,-226.5625,-250.0,-640.625,-382.8125,390.625,-804.6875,-656.25,273.4375,-875.0,-437.5,507.8125
1059308,-62.5,-250.0,757.8125,-664.0625,-226.5625,-250.0,-640.625,-382.8125,390.625,-804.6875,-656.25,273.4375,-875.0,-437.5,507.8125
1059316,-234.375,-179.6875,804.6875,-484.375,148.4375,-101.5625,-750.0,-312.5,343.75,-812.5,-593.75,265.625,-882.8125,-375.0,437.5
1059316,-234.375,-179.6875,804.6875,-484.375,148.4375,-101.5625,-750.0,-312.5,343.75,-812.5,-593.75,265.625,-882.8125,-375.0,437.5
1059316,-554.6875,-70.3125,789.0625,-476.5625,257.8125,148.4375,-906.25,-234.375,328.125,-882.8125,-539.0625,210.9375,-1007.8125,-304.6875,335.9375
1059316,-554.6875,-70.3125,789.0625,-476.5625,257.8125,148.4375,-906.25,-234.375,328.125,-882.8125,-539.0625,210.9375,-1007.8125,-304.6875,335.9375
1059324,-1132.8125,-507.8125,882.8125,210.9375,1023.4375,1078.125,-875.0,289.0625,578.125,-1093.75,-484.375,78.125,-1140.625,-273.4375,218.75
1059324,-1132.8125,-507.8125,882.8125,210.9375,1023.4375,1078.125,-875.0,289.0625,578.125,-1093.75,-484.375,78.125,-1140.625,-273.4375,218.75
1059470,-679.6875,-140.625,703.125,-898.4375,-468.75,-164.0625,-921.875,-429.6875,226.5625,-843.75,-593.75,210.9375,-906.25,-335.9375,406.25
1059470,-679.6875,-140.625,703.125,-898.4375,-468.75,-164.0625,-921.875,-429.6875,226.5625,-843.75,-593.75,210.9375,-906.25,-335.9375,406.25
1059477,-679.6875,-164.0625,703.125,-914.0625,-476.5625,-179.6875,-914.0625,-421.875,226.5625,-843.75,-593.75,210.9375,-890.625,-343.75,406.25
1059477,-679.6875,-164.0625,703.125,-914.0625,-476.5625,-179.6875,-914.0625,-421.875,226.5625,-843.75,-593.75,210.9375,-890.625,-343.75,406.25
1059478,-687.5,-148.4375,703.125,-906.25,-476.5625,-179.6875,-914.0625,-421.875,234.375,-835.9375,-578.125,210.9375,-882.8125,-335.9375,398.4375
1059478,-687.5,-148.4375,703.125,-906.25,-476.5625,-179.6875,-914.0625,-421.875,234.375,-835.9375,-578.125,210.9375,-882.8125,-335.9375,398.4375
1059485,-679.6875,-164.0625,695.3125,-898.4375,-468.75,-187.5,-914.0625,-421.875,218.75,-835.9375,-585.9375,203.125,-882.8125,-335.9375,390.625
1059485,-679.6875,-164.0625,695.3125,-898.4375,-468.75,-187.5,-914.0625,-421.875,218.75,-835.9375,-585.9375,203.125,-882.8125,-335.9375,390.625
1059631,-703.125,-148.4375,695.3125,-898.4375,-476.5625,-171.875,-898.4375,-421.875,226.5625,-828.125,-593.75,210.9375,-882.8125,-335.9375,406.25
1059631,-703.125,-148.4375,695.3125,-898.4375,-476.5625,-171.875,-898.4375,-421.875,226.5625,-828.125,-593.75,210.9375,-882.8125,-335.9375,406.25
1059639,-703.125,-156.25,687.5,-875.0,-460.9375,-171.875,-906.25,-421.875,218.75,-812.5,-593.75,210.9375,-882.8125,-343.75,398.4375
1059639,-703.125,-156.25,687.5,-875.0,-460.9375,-171.875,-906.25,-421.875,218.75,-812.5,-593.75,210.9375,-882.8125,-343.75,398.4375
1059639,-718.75,-148.4375,695.3125,-890.625,-468.75,-171.875,-890.625,-421.875,226.5625,-820.3125,-585.9375,210.9375,-882.8125,-335.9375,390.625
1059639,-718.75,-148.4375,695.3125,-890.625,-468.75,-171.875,-890.625,-421.875,226.5625,-820.3125,-585.9375,210.9375,-882.8125,-335.9375,390.625
1059647,-718.75,-148.4375,703.125,-898.4375,-460.9375,-179.6875,-890.625,-414.0625,226.5625,-804.6875,-585.9375,203.125,-875.0,-335.9375,390.625
1059647,-718.75,-148.4375,703.125,-898.4375,-460.9375,-179.6875,-890.625,-414.0625,226.5625,-804.6875,-585.9375,203.125,-875.0,-335.9375,390.625
1059712,-695.3125,-156.25,703.125,-890.625,-468.75,-203.125,-914.0625,-421.875,203.125,-835.9375,-585.9375,195.3125,-890.625,-335.9375,382.8125
1059712,-695.3125,-156.25,703.125,-890.625,-468.75,-203.125,-914.0625,-421.875,203.125,-835.9375,-585.9375,195.3125,-890.625,-335.9375,382.8125
1059719,-695.3125,-164.0625,703.125,-890.625,-476.5625,-210.9375,-921.875,-414.0625,203.125,-851.5625,-578.125,187.5,-898.4375,-328.125,375.0
1059719,-695.3125,-164.0625,703.125,-890.625,-476.5625,-210.9375,-921.875,-414.0625,203.125,-851.5625,-578.125,187.5,-898.4375,-328.125,375.0
1059719,-695.3125,-164.0625,703.125,-890.625,-476.5625,-203.125,-921.875,-429.6875,195.3125,-843.75,-585.9375,187.5,-898.4375,-328.125,382.8125
1059719,-695.3125,-164.0625,703.125,-890.625,-476.5625,-203.125,-921.875,-429.6875,195.3125,-843.75,-585.9375,187.5,-898.4375,-328.125,382.8125
1059727,-695.3125,-164.0625,703.125,-890.625,-476.5625,-203.125,-914.0625,-414.0625,203.125,-843.75,-585.9375,187.5,-898.4375,-328.125,367.1875
1059727,-695.3125,-164.0625,703.125,-890.625,-476.5625,-203.125,-914.0625,-414.0625,203.125,-843.75,-585.9375,187.5,-898.4375,-328.125,367.1875
