1030492,-78.75,-4.375,-17.5
1030492,-78.75,-4.375,-17.5
1030502,-74.375,-13.125,-8.75
1030502,-74.375,-13.125,-8.75
1030654,-61.25,4.375,-13.125
1030654,-61.25,4.375,-13.125
1030664,-30.625,-13.125,-48.125
1030664,-30.625,-13.125,-48.125
1030815,-70.0,30.625,0.0
1030815,-70.0,30.625,0.0
1030825,-70.0,26.25,13.125
1030825,-70.0,26.25,13.125
1030977,-39.375,61.25,78.75
1030977,-39.375,61.25,78.75
1030987,-8.75,30.625,87.5
1030987,-8.75,30.625,87.5
1031058,-113.75,-13.125,122.5
1031058,-113.75,-13.125,122.5
1031068,-87.5,-70.0,96.25
1031068,-87.5,-70.0,96.25
1031219,70.0,-21.875,-30.625
1031219,70.0,-21.875,-30.625
1031229,56.875,26.25,17.5
1031229,56.875,26.25,17.5
1031381,4.375,21.875,-56.875
1031381,4.375,21.875,-56.875
1031390,8.75,61.25,-39.375
1031390,8.75,61.25,-39.375
1031462,376.25,647.5,319.375
1031462,376.25,647.5,319.375
1031471,297.5,805.0,420.0
1031471,297.5,805.0,420.0
1031562,2909.375,8325.625,1067.5
1031562,2909.375,8325.625,1067.5
1031572,1470.0,-3014.375,-258.125
1031572,1470.0,-3014.375,-258.125
1031723,-3368.75,-201.25,-7144.375
1031723,-3368.75,-201.25,-7144.375
1031734,-3447.5,-748.125,-7105.0
1031734,-3447.5,-748.125,-7105.0
1031885,-6011.25,1846.25,-7415.625
1031885,-6011.25,1846.25,-7415.625
1031895,-6230.0,958.125,-7616.875
1031895,-6230.0,958.125,-7616.875
1032046,-7538.125,7035.0,-6829.375
1032046,-7538.125,7035.0,-6829.375
1032057,-5862.5,6658.75,-8233.75
1032057,-5862.5,6658.75,-8233.75
1032208,9607.5,-4830.0,-8623.125
1032208,9607.5,-4830.0,-8623.125
1032218,8955.625,-4064.375,-6335.0
1032218,8955.625,-4064.375,-6335.0
1032369,14752.5,-7546.875,-12311.25
1032369,14752.5,-7546.875,-12311.25
1032379,15456.875,-8872.5,-14026.25
1032379,15456.875,-8872.5,-14026.25
1033065,-1443.75,4151.875,1045.625
1033065,-1443.75,4151.875,1045.625
1033076,3250.625,2861.25,1093.75
1033076,3250.625,2861.25,1093.75
1033227,1535.625,-140.0,-74.375
1033227,1535.625,-140.0,-74.375
1033237,1391.25,-231.875,161.875
1033237,1391.25,-231.875,161.875
