1048325,-30.625,-8.75,-56.875
1048325,-30.625,-8.75,-56.875
1048335,-21.875,0.0,-35.0
1048335,-21.875,0.0,-35.0
1048486,-17.5,35.0,-52.5
1048486,-17.5,35.0,-52.5
1048496,-4.375,35.0,-48.125
1048496,-4.375,35.0,-48.125
1048566,-56.875,96.25,-109.375
1048566,-56.875,96.25,-109.375
1048577,-43.75,131.25,-105.0
1048577,-43.75,131.25,-105.0
1048648,-323.75,437.5,118.125
1048648,-323.75,437.5,118.125
1048658,-354.375,581.875,135.625
1048658,-354.375,581.875,135.625
1048809,1977.5,3661.875,-927.5
1048809,1977.5,3661.875,-927.5
1048819,2734.375,4506.25,-1281.875
1048819,2734.375,4506.25,-1281.875
1048970,-2113.125,-11506.25,1325.625
1048970,-2113.125,-11506.25,1325.625
1048980,-2642.5,-9861.25,953.75
1048980,-2642.5,-9861.25,953.75
1049142,-12118.75,-11563.125,-19149.375
1049142,-12118.75,-11563.125,-19149.375
1049152,-9261.875,-11633.125,-21459.375
1049152,-9261.875,-11633.125,-21459.375
1049304,-10508.75,-581.875,-17696.875
1049304,-10508.75,-581.875,-17696.875
1049314,-9918.125,-1583.75,-19411.875
1049314,-9918.125,-1583.75,-19411.875
1049465,4510.625,-5359.375,-5635.0
1049465,4510.625,-5359.375,-5635.0
1049475,3408.125,-6103.125,-5530.0
1049475,3408.125,-6103.125,-5530.0
1049627,-2489.375,3526.25,853.125
1049627,-2489.375,3526.25,853.125
1049637,-3071.25,2266.25,651.875
1049637,-3071.25,2266.25,651.875
1049788,4068.75,36190.0,-7175.0
1049788,4068.75,36190.0,-7175.0
1049797,-34282.5,45565.625,7039.375
1049797,-34282.5,45565.625,7039.375
1049949,135.625,-16668.75,5796.875
1049949,135.625,-16668.75,5796.875
1049960,542.5,-17513.125,5521.25
1049960,542.5,-17513.125,5521.25
1050111,1190.0,22680.0,-809.375
1050111,1190.0,22680.0,-809.375
1050121,616.875,13982.5,-2852.5
1050121,616.875,13982.5,-2852.5
1050272,297.5,363.125,-529.375
1050272,297.5,363.125,-529.375
1050283,-30.625,-113.75,-463.75
1050283,-30.625,-113.75,-463.75
1050434,-669.375,262.5,275.625
1050434,-669.375,262.5,275.625
1050444,-634.375,437.5,-61.25
1050444,-634.375,437.5,-61.25
1050595,-83.125,196.875,-293.125
1050595,-83.125,196.875,-293.125
1050606,52.5,179.375,-341.25
1050606,52.5,179.375,-341.25
1050757,-21.875,126.875,35.0
1050757,-21.875,126.875,35.0
1050767,-78.75,166.25,83.125
1050767,-78.75,166.25,83.125
1050838,83.125,175.0,-188.125
1050838,83.125,175.0,-188.125
1050848,135.625,310.625,-214.375
1050848,135.625,310.625,-214.375
1050858,135.625,415.625,-249.375
1050858,135.625,415.625,-249.375
1050868,0.0,301.875,-271.25
1050868,0.0,301.875,-271.25
1050999,-21.875,122.5,-288.75
1050999,-21.875,122.5,-288.75
1051010,-83.125,30.625,-266.875
1051010,-83.125,30.625,-266.875
1051080,-30.625,192.5,-525.0
1051080,-30.625,192.5,-525.0
1051090,83.125,188.125,-494.375
1051090,83.125,188.125,-494.375
1051242,-8.75,87.5,-48.125
1051242,-8.75,87.5,-48.125
1051252,-26.25,61.25,-61.25
1051252,-26.25,61.25,-61.25
