1040770,29019.375,61311.25,-57054.375
1040770,29019.375,61311.25,-57054.375
1040780,18856.25,52675.0,-49354.375
1040780,18856.25,52675.0,-49354.375
1040791,-813.75,46383.75,-50041.25
1040791,-813.75,46383.75,-50041.25
1040802,-16471.875,38412.5,-49105.0
1040802,-16471.875,38412.5,-49105.0
1040811,-23056.25,29649.375,-41356.875
1040811,-23056.25,29649.375,-41356.875
1040822,-18738.125,33875.625,-41278.125
1040822,-18738.125,33875.625,-41278.125
1040832,-15417.5,33088.125,-37734.375
1040832,-15417.5,33088.125,-37734.375
1040842,-15137.5,23633.75,-26617.5
1040842,-15137.5,23633.75,-26617.5
1040853,-13947.5,18462.5,-17570.0
1040853,-13947.5,18462.5,-17570.0
1040863,-15701.875,8863.75,-6409.375
1040863,-15701.875,8863.75,-6409.375
1040873,-29710.625,-9782.5,7796.25
1040873,-29710.625,-9782.5,7796.25
1040884,-61827.5,-40026.875,27304.375
1040884,-61827.5,-40026.875,27304.375
1040894,-109882.5,-93292.5,56476.875
1040894,-109882.5,-93292.5,56476.875
1040904,-143360.0,-143355.625,97177.5
1040904,-143360.0,-143355.625,97177.5
1040915,-143360.0,-143355.625,137291.875
1040915,-143360.0,-143355.625,137291.875
1040925,-142651.25,-142393.125,-143360.0
1040925,-142651.25,-142393.125,-143360.0
1040935,-143360.0,-143346.875,96263.125
1040935,-143360.0,-143346.875,96263.125
1040946,-143360.0,-143355.625,39646.25
1040946,-143360.0,-143355.625,39646.25
1040956,-143346.875,-143342.5,63739.375
1040956,-143346.875,-143342.5,63739.375
1040966,-140752.5,-143355.625,53628.75
1040966,-140752.5,-143355.625,53628.75
1040976,-110525.625,-142279.375,31005.625
1040976,-110525.625,-142279.375,31005.625
1040987,-62033.125,-120680.0,26153.75
1040987,-62033.125,-120680.0,26153.75
1040997,-18536.875,-105892.5,12993.75
1040997,-18536.875,-105892.5,12993.75
1041007,10500.0,-88138.75,-7074.375
1041007,10500.0,-88138.75,-7074.375
1041018,38683.75,-70415.625,-25077.5
1041018,38683.75,-70415.625,-25077.5
1041028,49533.75,-54691.875,-39003.125
1041028,49533.75,-54691.875,-39003.125
1041038,37983.75,-29316.875,-44751.875
1041038,37983.75,-29316.875,-44751.875
1041048,22155.0,5915.0,-36408.75
1041048,22155.0,5915.0,-36408.75
1041059,10666.25,54919.375,-23016.875
1041059,10666.25,54919.375,-23016.875
1041069,14490.0,103123.125,-17696.875
1041069,14490.0,103123.125,-17696.875
1041080,30944.375,120006.25,-29032.5
1041080,30944.375,120006.25,-29032.5
1041090,48523.125,101080.0,-56131.25
1041090,48523.125,101080.0,-56131.25
1041100,56966.875,94535.0,-81843.125
1041100,56966.875,94535.0,-81843.125
1041111,72480.625,90352.5,-102361.875
1041111,72480.625,90352.5,-102361.875
1041121,72196.25,79839.375,-92605.625
1041121,72196.25,79839.375,-92605.625
1041131,65327.5,71330.0,-77284.375
1041131,65327.5,71330.0,-77284.375
1041142,44213.75,56673.75,-72835.0
1041142,44213.75,56673.75,-72835.0
1041152,32808.125,44856.875,-54328.75
1041152,32808.125,44856.875,-54328.75
1041162,19302.5,36894.375,-36211.875
1041162,19302.5,36894.375,-36211.875
1041172,7323.75,25226.25,-13133.75
1041172,7323.75,25226.25,-13133.75
1041183,8308.125,10797.5,18278.75
1041183,8308.125,10797.5,18278.75
1041194,12740.0,-7236.25,52889.375
1041194,12740.0,-7236.25,52889.375
1041203,7363.125,-31473.75,82726.875
1041203,7363.125,-31473.75,82726.875
1041214,2371.25,-52718.75,92531.25
1041214,2371.25,-52718.75,92531.25
1041224,-3727.5,-70468.125,92916.25
1041224,-3727.5,-70468.125,92916.25
1041234,-2117.5,-76321.875,103267.5
1041234,-2117.5,-76321.875,103267.5
1041245,-21328.125,-72581.25,75573.75
1041245,-21328.125,-72581.25,75573.75
1041255,-25445.0,-88248.125,59320.625
1041255,-25445.0,-88248.125,59320.625
1041265,-55081.25,-96005.0,57395.625
1041265,-55081.25,-96005.0,57395.625
1041275,-71833.125,-103700.625,61110.0
1041275,-71833.125,-103700.625,61110.0
1041286,-51546.25,-126739.375,52193.75
1041286,-51546.25,-126739.375,52193.75
1041296,-22798.125,-94080.0,46340.0
1041296,-22798.125,-94080.0,46340.0
1041307,-8920.625,-78933.75,25891.25
1041307,-8920.625,-78933.75,25891.25
1041317,-3167.5,-56783.125,9065.0
1041317,-3167.5,-56783.125,9065.0
1041327,8863.75,-38985.625,975.625
1041327,8863.75,-38985.625,975.625
1041338,14415.625,-33254.375,240.625
1041338,14415.625,-33254.375,240.625
1041348,12394.375,-29903.125,1085.0
1041348,12394.375,-29903.125,1085.0
1041358,7533.75,-24740.625,3106.25
1041358,7533.75,-24740.625,3106.25
1041369,3399.375,-19289.375,7192.5
1041369,3399.375,-19289.375,7192.5
1041379,3189.375,-11602.5,10832.5
1041379,3189.375,-11602.5,10832.5
1041389,5897.5,-4711.875,13133.75
1041389,5897.5,-4711.875,13133.75
1041399,8876.875,1995.0,13129.375
1041399,8876.875,1995.0,13129.375
1041410,10416.875,8325.625,11536.875
1041410,10416.875,8325.625,11536.875
1041420,10871.875,13107.5,10994.375
1041420,10871.875,13107.5,10994.375
1041430,11825.625,16992.5,11326.875
1041430,11825.625,16992.5,11326.875
1041441,13855.625,21892.5,10880.625
1041441,13855.625,21892.5,10880.625
1041451,16660.0,24036.25,9970.625
1041451,16660.0,24036.25,9970.625
1041462,18217.5,22526.875,7048.125
1041462,18217.5,22526.875,7048.125
1041472,17451.875,21739.375,2056.25
1041472,17451.875,21739.375,2056.25
1041482,15780.625,20063.75,-1872.5
1041482,15780.625,20063.75,-1872.5
1041493,13921.25,16222.5,-2953.125
1041493,13921.25,16222.5,-2953.125
1041503,10775.625,12394.375,-3373.125
1041503,10775.625,12394.375,-3373.125
1041513,6908.125,10206.875,-4685.625
1041513,6908.125,10206.875,-4685.625
1041523,3167.5,7822.5,-4838.75
1041523,3167.5,7822.5,-4838.75
1041534,485.625,5035.625,-2878.75
1041534,485.625,5035.625,-2878.75
1041544,-441.875,3167.5,-385.0
1041544,-441.875,3167.5,-385.0
1041554,223.125,3670.625,262.5
1041554,223.125,3670.625,262.5
1041564,1050.0,5044.375,144.375
1041564,1050.0,5044.375,144.375
1041575,2349.375,5796.875,-288.75
1041575,2349.375,5796.875,-288.75
1041585,3583.125,5923.75,-1312.5
1041585,3583.125,5923.75,-1312.5
1041595,5971.875,3526.25,-3066.875
1041595,5971.875,3526.25,-3066.875
1041606,7070.0,-332.5,-5333.125
1041606,7070.0,-332.5,-5333.125
1041616,6496.875,-1863.75,-6680.625
1041616,6496.875,-1863.75,-6680.625
1041626,5779.375,-2541.875,-5945.625
1041626,5779.375,-2541.875,-5945.625
1041637,6006.875,-2642.5,-4838.75
1041637,6006.875,-2642.5,-4838.75
1041646,6273.75,-1990.625,-4086.25
1041646,6273.75,-1990.625,-4086.25
1041658,5897.5,-402.5,-3736.25
1041658,5897.5,-402.5,-3736.25
1041668,5547.5,568.75,-3276.875
1041668,5547.5,568.75,-3276.875
1041678,6335.0,367.5,-2966.25
1041678,6335.0,367.5,-2966.25
1041689,4239.375,765.625,-2603.125
1041689,4239.375,765.625,-2603.125
1041699,2485.0,1649.375,-1981.875
1041699,2485.0,1649.375,-1981.875
1041709,691.25,2537.5,-787.5
1041709,691.25,2537.5,-787.5
1041719,175.0,3871.875,332.5
1041719,175.0,3871.875,332.5
1041730,166.25,4856.25,866.25
1041730,166.25,4856.25,866.25
1041740,984.375,5783.75,748.125
1041740,984.375,5783.75,748.125
1041750,1386.875,6291.25,472.5
1041750,1386.875,6291.25,472.5
1041761,1741.25,5551.875,616.875
1041761,1741.25,5551.875,616.875
1041771,1540.0,4160.625,1251.25
1041771,1540.0,4160.625,1251.25
1041781,861.875,3740.625,1465.625
1041781,861.875,3740.625,1465.625
1041792,888.125,3036.25,1474.375
1041792,888.125,3036.25,1474.375
1041802,848.75,2388.75,1006.25
1041802,848.75,2388.75,1006.25
1041813,1155.0,1566.25,446.25
1041813,1155.0,1566.25,446.25
1041823,1382.5,411.25,-153.125
1041823,1382.5,411.25,-153.125
1041833,1360.625,-262.5,-826.875
1041833,1360.625,-262.5,-826.875
1041843,1246.875,-258.125,-735.0
1041843,1246.875,-258.125,-735.0
1041854,1430.625,310.625,288.75
1041854,1430.625,310.625,288.75
1041864,2331.875,1833.125,1076.25
1041864,2331.875,1833.125,1076.25
1041874,3443.125,2808.75,1658.125
1041874,3443.125,2808.75,1658.125
1041885,3780.0,3036.25,1973.125
1041885,3780.0,3036.25,1973.125
1041895,3451.875,2642.5,2008.125
1041895,3451.875,2642.5,2008.125
1041905,2397.5,1662.5,2038.75
1041905,2397.5,1662.5,2038.75
1041915,1229.375,1316.875,2524.375
1041915,1229.375,1316.875,2524.375
1041925,21.875,1513.75,3031.875
1041925,21.875,1513.75,3031.875
1041936,-135.625,2375.625,3683.75
1041936,-135.625,2375.625,3683.75
1041946,-866.25,3631.25,4081.875
1041946,-866.25,3631.25,4081.875
1041957,-931.875,4440.625,3941.875
1041957,-931.875,4440.625,3941.875
1041967,-621.25,4112.5,2506.875
1041967,-621.25,4112.5,2506.875
1041977,-1299.375,3530.625,240.625
1041977,-1299.375,3530.625,240.625
1041988,-2677.5,2275.0,-1513.75
1041988,-2677.5,2275.0,-1513.75
1041998,-4563.125,1505.0,-3058.125
1041998,-4563.125,1505.0,-3058.125
1042009,-5346.25,945.0,-3451.875
1042009,-5346.25,945.0,-3451.875
1042019,-4650.625,1137.5,-3395.0
1042019,-4650.625,1137.5,-3395.0
1042029,-3097.5,1553.125,-2686.25
1042029,-3097.5,1553.125,-2686.25
1042039,-1168.125,1483.125,-2012.5
1042039,-1168.125,1483.125,-2012.5
1042050,555.625,1334.375,-1750.0
1042050,555.625,1334.375,-1750.0
1042060,1325.625,1155.0,-1688.75
1042060,1325.625,1155.0,-1688.75
1042070,831.25,463.75,-1754.375
1042070,831.25,463.75,-1754.375
1042081,-39.375,21.875,-1557.5
1042081,-39.375,21.875,-1557.5
1042091,-861.875,-376.25,-892.5
1042091,-861.875,-376.25,-892.5
1042101,-796.25,-621.25,-170.625
1042101,-796.25,-621.25,-170.625
1042111,113.75,-78.75,223.125
1042111,113.75,-78.75,223.125
1042122,813.75,131.25,183.75
1042122,813.75,131.25,183.75
1042132,1050.0,-105.0,-345.625
1042132,1050.0,-105.0,-345.625
1042142,1150.625,-468.125,-791.875
1042142,1150.625,-468.125,-791.875
1042153,1785.0,-415.625,-923.125
1042153,1785.0,-415.625,-923.125
1042163,2266.25,301.875,-371.875
1042163,2266.25,301.875,-371.875
1042173,2148.125,468.125,-590.625
1042173,2148.125,468.125,-590.625
1042184,1736.875,131.25,-1894.375
1042184,1736.875,131.25,-1894.375
1042194,1176.875,-726.25,-2375.625
1042194,1176.875,-726.25,-2375.625
1042205,1391.25,-752.5,-1964.375
1042205,1391.25,-752.5,-1964.375
1042215,2261.875,402.5,-1351.875
1042215,2261.875,402.5,-1351.875
1042225,2406.25,1334.375,-1820.0
1042225,2406.25,1334.375,-1820.0
1042235,1478.75,-555.625,-3303.125
1042235,1478.75,-555.625,-3303.125
1042246,345.625,-2878.75,-4453.75
1042246,345.625,-2878.75,-4453.75
1042256,-389.375,-3521.875,-4042.5
1042256,-389.375,-3521.875,-4042.5
1042266,525.0,-2506.875,-2716.875
1042266,525.0,-2506.875,-2716.875
1042277,2345.0,-616.875,-1522.5
1042277,2345.0,-616.875,-1522.5
1042287,3587.5,1268.75,-848.75
1042287,3587.5,1268.75,-848.75
1042297,3705.625,2839.375,-595.0
1042297,3705.625,2839.375,-595.0
1042307,3045.0,3136.875,-398.125
1042307,3045.0,3136.875,-398.125
1042318,1400.0,2668.75,-791.875
1042318,1400.0,2668.75,-791.875
1042328,-266.875,993.125,-1395.625
1042328,-266.875,993.125,-1395.625
1042338,-17.5,-17.5,-1640.625
1042338,-17.5,-17.5,-1640.625
1042349,568.75,-166.25,-844.375
1042349,568.75,-166.25,-844.375
1042360,1408.75,297.5,-13.125
1042360,1408.75,297.5,-13.125
1042369,1631.875,595.0,-236.25
1042369,1631.875,595.0,-236.25
1042380,1163.75,406.875,-901.25
1042380,1163.75,406.875,-901.25
1042390,888.125,-275.625,-931.875
1042390,888.125,-275.625,-931.875
1042401,931.875,-105.0,-1054.375
1042401,931.875,-105.0,-1054.375
1042411,1308.125,752.5,-1246.875
1042411,1308.125,752.5,-1246.875
1042421,1955.625,1522.5,-1054.375
1042421,1955.625,1522.5,-1054.375
1042431,1977.5,1894.375,-665.0
1042431,1977.5,1894.375,-665.0
1042442,1990.625,2108.75,-288.75
1042442,1990.625,2108.75,-288.75
1042452,1054.375,1973.125,-109.375
1042452,1054.375,1973.125,-109.375
1042462,726.25,1715.0,-420.0
1042462,726.25,1715.0,-420.0
1042473,1058.75,1443.75,-848.75
1042473,1058.75,1443.75,-848.75
1042483,1645.0,1163.75,-1054.375
1042483,1645.0,1163.75,-1054.375
1042493,1916.25,1019.375,-1351.875
1042493,1916.25,1019.375,-1351.875
1042503,1671.25,1321.25,-1028.125
1042503,1671.25,1321.25,-1028.125
1042514,1850.625,1338.75,-183.75
1042514,1850.625,1338.75,-183.75
1042524,2353.75,1303.75,315.0
1042524,2353.75,1303.75,315.0
1042534,2240.0,1216.25,249.375
1042534,2240.0,1216.25,249.375
1042545,1701.875,1277.5,-65.625
1042545,1701.875,1277.5,-65.625
1042555,1592.5,691.25,144.375
1042555,1592.5,691.25,144.375
1042565,1400.0,-91.875,-201.25
1042565,1400.0,-91.875,-201.25
1042576,993.125,-831.25,-796.25
1042576,993.125,-831.25,-796.25
1042586,1417.5,-1365.0,-910.0
1042586,1417.5,-1365.0,-910.0
1042596,1417.5,-1338.75,-949.375
1042596,1417.5,-1338.75,-949.375
1042607,980.0,-765.625,-721.875
1042607,980.0,-765.625,-721.875
1042617,262.5,-192.5,-717.5
1042617,262.5,-192.5,-717.5
1042627,105.0,-188.125,-945.0
1042627,105.0,-188.125,-945.0
1042638,271.25,30.625,-879.375
1042638,271.25,30.625,-879.375
1042648,1159.375,586.25,-319.375
1042648,1159.375,586.25,-319.375
1042658,2069.375,1089.375,87.5
1042658,2069.375,1089.375,87.5
1042669,2406.25,1010.625,288.75
1042669,2406.25,1010.625,288.75
1042679,2240.0,914.375,363.125
1042679,2240.0,914.375,363.125
1042689,1413.125,577.5,665.0
1042689,1413.125,577.5,665.0
1042700,805.0,341.25,905.625
1042700,805.0,341.25,905.625
1042710,651.875,280.0,936.25
1042710,651.875,280.0,936.25
1042720,1054.375,131.25,783.125
1042720,1054.375,131.25,783.125
1042730,1785.0,56.875,883.75
1042730,1785.0,56.875,883.75
1042741,2318.75,441.875,853.125
1042741,2318.75,441.875,853.125
1042751,2279.375,958.125,1102.5
1042751,2279.375,958.125,1102.5
1042761,2301.25,1330.0,1120.0
1042761,2301.25,1330.0,1120.0
1042772,2148.125,1150.625,1019.375
1042772,2148.125,1150.625,1019.375
1042782,1719.375,1216.25,520.625
1042782,1719.375,1216.25,520.625
1042792,1575.0,949.375,96.25
1042792,1575.0,949.375,96.25
1042803,1693.125,730.625,-65.625
1042803,1693.125,730.625,-65.625
1042813,1736.875,791.875,-258.125
1042813,1736.875,791.875,-258.125
1042823,2073.75,700.0,-236.25
1042823,2073.75,700.0,-236.25
1042833,2156.875,603.75,-183.75
1042833,2156.875,603.75,-183.75
1042844,1942.5,1133.125,-196.875
1042844,1942.5,1133.125,-196.875
1042854,1728.125,1701.875,420.0
1042854,1728.125,1701.875,420.0
1042865,1745.625,2310.0,1010.625
1042865,1745.625,2310.0,1010.625
1042875,2231.25,2572.5,875.0
1042875,2231.25,2572.5,875.0
1042885,2511.25,2734.375,730.625
1042885,2511.25,2734.375,730.625
1042896,1846.25,2695.0,275.625
1042896,1846.25,2695.0,275.625
1042906,1365.0,1513.75,385.0
1042906,1365.0,1513.75,385.0
1042916,1570.625,735.0,310.625
1042916,1570.625,735.0,310.625
1042927,1496.25,573.125,183.75
1042927,1496.25,573.125,183.75
1042937,2165.625,323.75,568.75
1042937,2165.625,323.75,568.75
1042947,2415.0,-113.75,511.875
1042947,2415.0,-113.75,511.875
1042957,2205.0,-258.125,393.75
1042957,2205.0,-258.125,393.75
1042968,1951.25,-153.125,485.625
1042968,1951.25,-153.125,485.625
1042978,1575.0,-621.25,551.25
1042978,1575.0,-621.25,551.25
1042988,1181.25,-1190.0,148.75
1042988,1181.25,-1190.0,148.75
1042999,166.25,-1855.0,-599.375
1042999,166.25,-1855.0,-599.375
1043009,380.625,-2288.125,-748.125
1043009,380.625,-2288.125,-748.125
1043020,743.75,-2117.5,-511.875
1043020,743.75,-2117.5,-511.875
1043030,1373.75,-1802.5,288.75
1043030,1373.75,-1802.5,288.75
1043040,1491.875,-1071.875,704.375
1043040,1491.875,-1071.875,704.375
1043050,1120.0,-608.125,1303.75
1043050,1120.0,-608.125,1303.75
1043061,1111.25,4.375,1662.5
1043061,1111.25,4.375,1662.5
1043071,1391.25,48.125,1566.25
1043071,1391.25,48.125,1566.25
1043081,1623.125,-258.125,1028.125
1043081,1623.125,-258.125,1028.125
1043092,1316.875,-358.75,332.5
1043092,1316.875,-358.75,332.5
1043102,765.625,-533.75,153.125
1043102,765.625,-533.75,153.125
1043112,581.875,-678.125,603.75
1043112,581.875,-678.125,603.75
1043123,1023.75,-223.125,735.0
1043123,1023.75,-223.125,735.0
1043133,1627.5,476.875,643.125
1043133,1627.5,476.875,643.125
1043143,2511.25,-43.75,-179.375
1043143,2511.25,-43.75,-179.375
1043154,4051.25,-1356.25,-1662.5
1043154,4051.25,-1356.25,-1662.5
1043164,5840.625,-1111.25,-2502.5
1043164,5840.625,-1111.25,-2502.5
1043174,7586.25,1141.875,-1885.625
1043174,7586.25,1141.875,-1885.625
1043184,9826.25,4615.625,245.0
1043184,9826.25,4615.625,245.0
1043195,10994.375,7052.5,1439.375
1043195,10994.375,7052.5,1439.375
1043205,11738.125,7936.25,1465.625
1043205,11738.125,7936.25,1465.625
1043216,13006.875,8255.625,665.0
1043216,13006.875,8255.625,665.0
1043226,15553.125,9279.375,275.625
1043226,15553.125,9279.375,275.625
1043236,20028.75,10478.125,1303.75
1043236,20028.75,10478.125,1303.75
1043246,25265.625,15120.0,3360.0
1043246,25265.625,15120.0,3360.0
1043257,32252.5,25458.125,6995.625
1043257,32252.5,25458.125,6995.625
1043267,40315.625,23800.0,3801.875
1043267,40315.625,23800.0,3801.875
1043277,26958.75,7971.25,6523.125
1043277,26958.75,7971.25,6523.125
1043287,36505.0,25151.875,3570.0
1043287,36505.0,25151.875,3570.0
1043298,32130.0,21813.75,3517.5
1043298,32130.0,21813.75,3517.5
1043308,18668.125,14485.625,6676.25
1043308,18668.125,14485.625,6676.25
1043319,18366.25,16590.0,3788.75
1043319,18366.25,16590.0,3788.75
1043329,12429.375,12783.75,3084.375
1043329,12429.375,12783.75,3084.375
1043339,8872.5,7669.375,4239.375
1043339,8872.5,7669.375,4239.375
1043350,11270.0,3434.375,3342.5
1043350,11270.0,3434.375,3342.5
1043360,13234.375,1544.375,1373.75
1043360,13234.375,1544.375,1373.75
1043370,15478.75,2817.5,288.75
1043370,15478.75,2817.5,288.75
1043381,15264.375,3246.25,240.625
1043381,15264.375,3246.25,240.625
1043391,12880.0,3018.75,201.25
1043391,12880.0,3018.75,201.25
1043401,9292.5,2489.375,455.0
1043401,9292.5,2489.375,455.0
1043412,4843.125,778.75,446.25
1043412,4843.125,778.75,446.25
1043422,1216.25,-1666.875,-175.0
1043422,1216.25,-1666.875,-175.0
1043432,1325.625,-2633.75,-1706.25
1043432,1325.625,-2633.75,-1706.25
1043443,3469.375,-3040.625,-2975.0
1043443,3469.375,-3040.625,-2975.0
1043453,6160.0,-3797.5,-4068.75
1043453,6160.0,-3797.5,-4068.75
1043463,7476.875,-5083.75,-5079.375
1043463,7476.875,-5083.75,-5079.375
1043473,5783.75,-6282.5,-4882.5
1043473,5783.75,-6282.5,-4882.5
1043484,2686.25,-6265.0,-3946.25
1043484,2686.25,-6265.0,-3946.25
1043493,157.5,-6011.25,-2161.25
1043493,157.5,-6011.25,-2161.25
1043504,-853.125,-4786.25,-1058.75
1043504,-853.125,-4786.25,-1058.75
1043515,-564.375,-4073.125,-542.5
1043515,-564.375,-4073.125,-542.5
1043525,402.5,-3705.625,-371.875
1043525,402.5,-3705.625,-371.875
1043534,1518.125,-3749.375,-568.75
1043534,1518.125,-3749.375,-568.75
1043546,1946.875,-4121.25,-420.0
1043546,1946.875,-4121.25,-420.0
1043556,1448.125,-3408.125,-83.125
1043556,1448.125,-3408.125,-83.125
1043567,546.875,-2808.75,389.375
1043567,546.875,-2808.75,389.375
1043577,354.375,-1916.25,686.875
1043577,354.375,-1916.25,686.875
1043587,-227.5,-940.625,1155.0
1043587,-227.5,-940.625,1155.0
1043597,-538.125,-818.125,1710.625
1043597,-538.125,-818.125,1710.625
1043607,-153.125,-1190.0,1623.125
1043607,-153.125,-1190.0,1623.125
1043618,188.125,-1592.5,1286.25
1043618,188.125,-1592.5,1286.25
1043628,293.125,-1741.25,1085.0
1043628,293.125,-1741.25,1085.0
1043639,56.875,-1085.0,1019.375
1043639,56.875,-1085.0,1019.375
1043649,-468.125,-678.125,1071.875
1043649,-468.125,-678.125,1071.875
1043659,118.125,-74.375,826.875
1043659,118.125,-74.375,826.875
1043669,1246.875,625.625,875.0
1043669,1246.875,625.625,875.0
1043679,1561.875,1260.0,1343.125
1043679,1561.875,1260.0,1343.125
1043689,533.75,870.625,1583.75
1043689,533.75,870.625,1583.75
1043700,-406.875,-240.625,1281.875
1043700,-406.875,-240.625,1281.875
1043711,-100.625,-573.125,542.5
1043711,-100.625,-573.125,542.5
1043721,424.375,-791.875,516.25
1043721,424.375,-791.875,516.25
1043731,1098.125,30.625,805.0
1043731,1098.125,30.625,805.0
1043742,1233.75,1089.375,1343.125
1043742,1233.75,1089.375,1343.125
1043752,573.125,1395.625,1159.375
1043752,573.125,1395.625,1159.375
1043763,-30.625,-91.875,275.625
1043763,-30.625,-91.875,275.625
1043773,678.125,-1273.125,-721.875
1043773,678.125,-1273.125,-721.875
1043783,1054.375,-1443.75,-927.5
1043783,1054.375,-1443.75,-927.5
1043793,1137.5,-971.25,-363.125
1043793,1137.5,-971.25,-363.125
1043804,1925.0,-131.25,-35.0
1043804,1925.0,-131.25,-35.0
1043814,2445.625,183.75,468.125
1043814,2445.625,183.75,468.125
1043824,2248.75,-8.75,813.75
1043824,2248.75,-8.75,813.75
