1048324,117.1875,578.125,804.6875,-54.6875,-820.3125,609.375,265.625,-960.9375,132.8125,554.6875,-804.6875,-125.0,562.5,-820.3125,15.625
1048324,117.1875,578.125,804.6875,-54.6875,-820.3125,609.375,265.625,-960.9375,132.8125,554.6875,-804.6875,-125.0,562.5,-820.3125,15.625
1048332,132.8125,570.3125,804.6875,-54.6875,-820.3125,609.375,273.4375,-968.75,140.625,554.6875,-812.5,-125.0,570.3125,-812.5,23.4375
1048332,132.8125,570.3125,804.6875,-54.6875,-820.3125,609.375,273.4375,-968.75,140.625,554.6875,-812.5,-125.0,570.3125,-812.5,23.4375
1048332,132.8125,570.3125,796.875,-46.875,-820.3125,617.1875,273.4375,-960.9375,148.4375,562.5,-812.5,-125.0,570.3125,-820.3125,15.625
1048332,132.8125,570.3125,796.875,-46.875,-820.3125,617.1875,273.4375,-960.9375,148.4375,562.5,-812.5,-125.0,570.3125,-820.3125,15.625
1048340,125.0,570.3125,796.875,-46.875,-820.3125,617.1875,273.4375,-968.75,148.4375,562.5,-804.6875,-125.0,570.3125,-820.3125,15.625
1048340,125.0,570.3125,796.875,-46.875,-820.3125,617.1875,273.4375,-968.75,148.4375,562.5,-804.6875,-125.0,570.3125,-820.3125,15.625
1048486,132.8125,570.3125,796.875,-54.6875,-820.3125,609.375,273.4375,-960.9375,156.25,562.5,-796.875,-125.0,562.5,-820.3125,23.4375
1048486,132.8125,570.3125,796.875,-54.6875,-820.3125,609.375,273.4375,-960.9375,156.25,562.5,-796.875,-125.0,562.5,-820.3125,23.4375
1048493,132.8125,578.125,804.6875,-46.875,-812.5,617.1875,273.4375,-960.9375,148.4375,562.5,-812.5,-109.375,570.3125,-820.3125,15.625
1048493,132.8125,578.125,804.6875,-46.875,-812.5,617.1875,273.4375,-960.9375,148.4375,562.5,-812.5,-109.375,570.3125,-820.3125,15.625
1048494,132.8125,578.125,812.5,-62.5,-820.3125,617.1875,273.4375,-960.9375,140.625,562.5,-804.6875,-117.1875,562.5,-820.3125,23.4375
1048494,132.8125,578.125,812.5,-62.5,-820.3125,617.1875,273.4375,-960.9375,140.625,562.5,-804.6875,-117.1875,562.5,-820.3125,23.4375
1048502,132.8125,578.125,796.875,-62.5,-812.5,609.375,273.4375,-960.9375,148.4375,562.5,-812.5,-117.1875,570.3125,-820.3125,7.8125
1048502,132.8125,578.125,796.875,-62.5,-812.5,609.375,273.4375,-960.9375,148.4375,562.5,-812.5,-117.1875,570.3125,-820.3125,7.8125
1048565,132.8125,585.9375,796.875,-54.6875,-828.125,617.1875,281.25,-968.75,164.0625,570.3125,-812.5,-125.0,570.3125,-835.9375,23.4375
1048565,132.8125,585.9375,796.875,-54.6875,-828.125,617.1875,281.25,-968.75,164.0625,570.3125,-812.5,-125.0,570.3125,-835.9375,23.4375
1048574,132.8125,578.125,812.5,-46.875,-828.125,617.1875,265.625,-976.5625,156.25,562.5,-820.3125,-125.0,570.3125,-828.125,23.4375
1048574,132.8125,578.125,812.5,-46.875,-828.125,617.1875,265.625,-976.5625,156.25,562.5,-820.3125,-125.0,570.3125,-828.125,23.4375
1048574,140.625,593.75,804.6875,-46.875,-828.125,625.0,273.4375,-976.5625,148.4375,562.5,-812.5,-125.0,562.5,-835.9375,15.625
1048574,140.625,593.75,804.6875,-46.875,-828.125,625.0,273.4375,-976.5625,148.4375,562.5,-812.5,-125.0,562.5,-835.9375,15.625
1048582,132.8125,562.5,812.5,-54.6875,-812.5,625.0,281.25,-976.5625,148.4375,578.125,-812.5,-125.0,585.9375,-812.5,15.625
1048582,132.8125,562.5,812.5,-54.6875,-812.5,625.0,281.25,-976.5625,148.4375,578.125,-812.5,-125.0,585.9375,-812.5,15.625
1048647,125.0,585.9375,820.3125,-46.875,-843.75,625.0,289.0625,-992.1875,148.4375,593.75,-828.125,-125.0,609.375,-843.75,23.4375
1048647,125.0,585.9375,820.3125,-46.875,-843.75,625.0,289.0625,-992.1875,148.4375,593.75,-828.125,-125.0,609.375,-843.75,23.4375
1048655,132.8125,593.75,835.9375,-54.6875,-851.5625,632.8125,289.0625,-1015.625,148.4375,593.75,-843.75,-125.0,593.75,-859.375,15.625
1048655,132.8125,593.75,835.9375,-54.6875,-851.5625,632.8125,289.0625,-1015.625,148.4375,593.75,-843.75,-125.0,593.75,-859.375,15.625
1048655,132.8125,601.5625,835.9375,-54.6875,-859.375,632.8125,281.25,-1000.0,148.4375,585.9375,-843.75,-132.8125,585.9375,-859.375,23.4375
1048655,132.8125,601.5625,835.9375,-54.6875,-859.375,632.8125,281.25,-1000.0,148.4375,585.9375,-843.75,-132.8125,585.9375,-859.375,23.4375
1048663,132.8125,585.9375,843.75,-54.6875,-859.375,640.625,289.0625,-1007.8125,156.25,593.75,-843.75,-125.0,593.75,-859.375,23.4375
1048663,132.8125,585.9375,843.75,-54.6875,-859.375,640.625,289.0625,-1007.8125,156.25,593.75,-843.75,-125.0,593.75,-859.375,23.4375
1048808,195.3125,734.375,914.0625,-7.8125,-890.625,765.625,328.125,-1101.5625,210.9375,695.3125,-898.4375,-62.5,687.5,-898.4375,101.5625
1048808,195.3125,734.375,914.0625,-7.8125,-890.625,765.625,328.125,-1101.5625,210.9375,695.3125,-898.4375,-62.5,687.5,-898.4375,101.5625
1048816,218.75,671.875,898.4375,-7.8125,-898.4375,757.8125,304.6875,-1109.375,218.75,687.5,-937.5,-62.5,687.5,-929.6875,93.75
1048816,218.75,671.875,898.4375,-7.8125,-898.4375,757.8125,304.6875,-1109.375,218.75,687.5,-937.5,-62.5,687.5,-929.6875,93.75
1048816,195.3125,734.375,890.625,7.8125,-859.375,773.4375,351.5625,-1109.375,265.625,687.5,-921.875,-46.875,687.5,-937.5,93.75
1048816,195.3125,734.375,890.625,7.8125,-859.375,773.4375,351.5625,-1109.375,265.625,687.5,-921.875,-46.875,687.5,-937.5,93.75
1048824,218.75,703.125,914.0625,0.0,-890.625,773.4375,359.375,-1101.5625,281.25,695.3125,-906.25,-39.0625,687.5,-914.0625,117.1875
1048824,218.75,703.125,914.0625,0.0,-890.625,773.4375,359.375,-1101.5625,281.25,695.3125,-906.25,-39.0625,687.5,-914.0625,117.1875
1048969,-54.6875,765.625,882.8125,-93.75,-804.6875,1031.25,242.1875,-1210.9375,421.875,718.75,-1054.6875,93.75,726.5625,-1023.4375,273.4375
1048969,-54.6875,765.625,882.8125,-93.75,-804.6875,1031.25,242.1875,-1210.9375,421.875,718.75,-1054.6875,93.75,726.5625,-1023.4375,273.4375
1048977,-39.0625,742.1875,906.25,-101.5625,-859.375,992.1875,226.5625,-1195.3125,429.6875,703.125,-1062.5,85.9375,710.9375,-1062.5,265.625
1048977,-39.0625,742.1875,906.25,-101.5625,-859.375,992.1875,226.5625,-1195.3125,429.6875,703.125,-1062.5,85.9375,710.9375,-1062.5,265.625
1048977,-46.875,679.6875,929.6875,-132.8125,-812.5,976.5625,250.0,-1195.3125,414.0625,687.5,-1039.0625,85.9375,687.5,-1062.5,265.625
1048977,-46.875,679.6875,929.6875,-132.8125,-812.5,976.5625,250.0,-1195.3125,414.0625,687.5,-1039.0625,85.9375,687.5,-1062.5,265.625
1048985,-54.6875,710.9375,906.25,-46.875,-773.4375,976.5625,242.1875,-1164.0625,414.0625,703.125,-1046.875,85.9375,679.6875,-1039.0625,250.0
1048985,-54.6875,710.9375,906.25,-46.875,-773.4375,976.5625,242.1875,-1164.0625,414.0625,703.125,-1046.875,85.9375,679.6875,-1039.0625,250.0
1049147,-335.9375,921.875,554.6875,-54.6875,-593.75,703.125,93.75,-781.25,335.9375,304.6875,-781.25,85.9375,226.5625,-773.4375,46.875
1049147,-335.9375,921.875,554.6875,-54.6875,-593.75,703.125,93.75,-781.25,335.9375,304.6875,-781.25,85.9375,226.5625,-773.4375,46.875
1049154,-312.5,750.0,539.0625,-70.3125,-523.4375,687.5,46.875,-781.25,328.125,289.0625,-796.875,85.9375,226.5625,-867.1875,132.8125
1049154,-312.5,750.0,539.0625,-70.3125,-523.4375,687.5,46.875,-781.25,328.125,289.0625,-796.875,85.9375,226.5625,-867.1875,132.8125
1049155,-289.0625,656.25,507.8125,-31.25,-406.25,640.625,46.875,-750.0,320.3125,273.4375,-804.6875,109.375,226.5625,-953.125,218.75
1049155,-289.0625,656.25,507.8125,-31.25,-406.25,640.625,46.875,-750.0,320.3125,273.4375,-804.6875,109.375,226.5625,-953.125,218.75
1049163,-304.6875,632.8125,507.8125,-39.0625,-421.875,562.5,39.0625,-742.1875,320.3125,257.8125,-781.25,125.0,257.8125,-1000.0,281.25
1049163,-304.6875,632.8125,507.8125,-39.0625,-421.875,562.5,39.0625,-742.1875,320.3125,257.8125,-781.25,125.0,257.8125,-1000.0,281.25
1049308,-648.4375,234.375,15.625,-593.75,-203.125,101.5625,-640.625,-226.5625,-46.875,-585.9375,-468.75,-109.375,-507.8125,-476.5625,0.0
1049308,-648.4375,234.375,15.625,-593.75,-203.125,101.5625,-640.625,-226.5625,-46.875,-585.9375,-468.75,-109.375,-507.8125,-476.5625,0.0
1049315,-531.25,320.3125,101.5625,-500.0,-140.625,210.9375,-593.75,-242.1875,-85.9375,-601.5625,-468.75,-148.4375,-570.3125,-468.75,-54.6875
1049315,-531.25,320.3125,101.5625,-500.0,-140.625,210.9375,-593.75,-242.1875,-85.9375,-601.5625,-468.75,-148.4375,-570.3125,-468.75,-54.6875
1049315,-437.5,390.625,289.0625,-476.5625,-46.875,281.25,-718.75,-85.9375,-78.125,-703.125,-429.6875,-242.1875,-585.9375,-437.5,-171.875
1049315,-437.5,390.625,289.0625,-476.5625,-46.875,281.25,-718.75,-85.9375,-78.125,-703.125,-429.6875,-242.1875,-585.9375,-437.5,-171.875
1049324,-367.1875,343.75,62.5,-562.5,-46.875,242.1875,-781.25,0.0,-54.6875,-796.875,-320.3125,-343.75,-789.0625,-359.375,-367.1875
1049324,-367.1875,343.75,62.5,-562.5,-46.875,242.1875,-781.25,0.0,-54.6875,-796.875,-320.3125,-343.75,-789.0625,-359.375,-367.1875
1049469,-843.75,-570.3125,70.3125,-617.1875,-398.4375,-234.375,-875.0,-257.8125,390.625,-726.5625,-492.1875,406.25,-671.875,-179.6875,617.1875
1049469,-843.75,-570.3125,70.3125,-617.1875,-398.4375,-234.375,-875.0,-257.8125,390.625,-726.5625,-492.1875,406.25,-671.875,-179.6875,617.1875
1049477,-875.0,-507.8125,39.0625,-1054.6875,31.25,-328.125,-617.1875,-320.3125,351.5625,-750.0,-484.375,421.875,-718.75,-179.6875,625.0
1049477,-875.0,-507.8125,39.0625,-1054.6875,31.25,-328.125,-617.1875,-320.3125,351.5625,-750.0,-484.375,421.875,-718.75,-179.6875,625.0
1049477,-867.1875,-437.5,7.8125,-1031.25,-242.1875,-367.1875,-750.0,-195.3125,531.25,-703.125,-421.875,453.125,-750.0,-117.1875,593.75
1049477,-867.1875,-437.5,7.8125,-1031.25,-242.1875,-367.1875,-750.0,-195.3125,531.25,-703.125,-421.875,453.125,-750.0,-117.1875,593.75
1049485,-843.75,-390.625,46.875,-1054.6875,-70.3125,-476.5625,-671.875,-187.5,492.1875,-773.4375,-304.6875,500.0,-718.75,-46.875,570.3125
1049485,-843.75,-390.625,46.875,-1054.6875,-70.3125,-476.5625,-671.875,-187.5,492.1875,-773.4375,-304.6875,500.0,-718.75,-46.875,570.3125
1049631,-757.8125,-453.125,-85.9375,-703.125,-195.3125,-453.125,-914.0625,-148.4375,304.6875,-890.625,-328.125,437.5,-828.125,-62.5,523.4375
1049631,-757.8125,-453.125,-85.9375,-703.125,-195.3125,-453.125,-914.0625,-148.4375,304.6875,-890.625,-328.125,437.5,-828.125,-62.5,523.4375
1049639,-804.6875,-445.3125,-101.5625,-781.25,-257.8125,-468.75,-906.25,-117.1875,281.25,-867.1875,-367.1875,406.25,-851.5625,-85.9375,570.3125
1049639,-804.6875,-445.3125,-101.5625,-781.25,-257.8125,-468.75,-906.25,-117.1875,281.25,-867.1875,-367.1875,406.25,-851.5625,-85.9375,570.3125
1049639,-882.8125,-484.375,-117.1875,-828.125,-226.5625,-507.8125,-945.3125,-164.0625,257.8125,-835.9375,-390.625,390.625,-796.875,-132.8125,609.375
1049639,-882.8125,-484.375,-117.1875,-828.125,-226.5625,-507.8125,-945.3125,-164.0625,257.8125,-835.9375,-390.625,390.625,-796.875,-132.8125,609.375
1049647,-1031.25,-445.3125,-195.3125,-843.75,-39.0625,-500.0,-953.125,-164.0625,203.125,-906.25,-398.4375,359.375,-867.1875,-101.5625,531.25
1049647,-1031.25,-445.3125,-195.3125,-843.75,-39.0625,-500.0,-953.125,-164.0625,203.125,-906.25,-398.4375,359.375,-867.1875,-101.5625,531.25
1049792,-2054.6875,-2750.0,656.25,-726.5625,85.9375,-195.3125,-531.25,-54.6875,273.4375,-906.25,-726.5625,164.0625,-976.5625,-335.9375,476.5625
1049792,-2054.6875,-2750.0,656.25,-726.5625,85.9375,-195.3125,-531.25,-54.6875,273.4375,-906.25,-726.5625,164.0625,-976.5625,-335.9375,476.5625
1049799,-992.1875,-3359.375,-960.9375,468.75,1703.125,820.3125,-2140.625,156.25,257.8125,-2007.8125,-320.3125,414.0625,-1687.5,156.25,429.6875
1049799,-992.1875,-3359.375,-960.9375,468.75,1703.125,820.3125,-2140.625,156.25,257.8125,-2007.8125,-320.3125,414.0625,-1687.5,156.25,429.6875
1049799,257.8125,-54.6875,2585.9375,-46.875,3546.875,2531.25,-7.8125,1953.125,1617.1875,-1554.6875,906.25,437.5,-1320.3125,796.875,-171.875
1049799,257.8125,-54.6875,2585.9375,-46.875,3546.875,2531.25,-7.8125,1953.125,1617.1875,-1554.6875,906.25,437.5,-1320.3125,796.875,-171.875
1049808,2367.1875,1828.125,2359.375,-1867.1875,554.6875,-484.375,-859.375,867.1875,812.5,-632.8125,828.125,992.1875,-445.3125,953.125,117.1875
1049808,2367.1875,1828.125,2359.375,-1867.1875,554.6875,-484.375,-859.375,867.1875,812.5,-632.8125,828.125,992.1875,-445.3125,953.125,117.1875
1049953,-796.875,-367.1875,375.0,-593.75,109.375,-140.625,-750.0,-218.75,304.6875,-906.25,-453.125,289.0625,-1031.25,-195.3125,445.3125
1049953,-796.875,-367.1875,375.0,-593.75,109.375,-140.625,-750.0,-218.75,304.6875,-906.25,-453.125,289.0625,-1031.25,-195.3125,445.3125
1049961,-781.25,-257.8125,304.6875,-554.6875,-351.5625,-382.8125,-750.0,-320.3125,242.1875,-820.3125,-437.5,257.8125,-1007.8125,-218.75,421.875
1049961,-781.25,-257.8125,304.6875,-554.6875,-351.5625,-382.8125,-750.0,-320.3125,242.1875,-820.3125,-437.5,257.8125,-1007.8125,-218.75,421.875
1049961,-890.625,-171.875,281.25,-750.0,-382.8125,-164.0625,-578.125,-187.5,382.8125,-742.1875,-398.4375,218.75,-898.4375,-203.125,367.1875
1049961,-890.625,-171.875,281.25,-750.0,-382.8125,-164.0625,-578.125,-187.5,382.8125,-742.1875,-398.4375,218.75,-898.4375,-203.125,367.1875
1049969,-992.1875,-7.8125,132.8125,-539.0625,-242.1875,-70.3125,-851.5625,-195.3125,304.6875,-828.125,-406.25,250.0,-789.0625,-101.5625,390.625
1049969,-992.1875,-7.8125,132.8125,-539.0625,-242.1875,-70.3125,-851.5625,-195.3125,304.6875,-828.125,-406.25,250.0,-789.0625,-101.5625,390.625
1050114,-281.25,-523.4375,859.375,-890.625,375.0,-39.0625,-710.9375,203.125,695.3125,-875.0,-242.1875,437.5,-914.0625,0.0,328.125
1050114,-281.25,-523.4375,859.375,-890.625,375.0,-39.0625,-710.9375,203.125,695.3125,-875.0,-242.1875,437.5,-914.0625,0.0,328.125
1050122,-351.5625,-750.0,679.6875,-703.125,726.5625,289.0625,-851.5625,125.0,539.0625,-929.6875,-226.5625,359.375,-953.125,31.25,312.5
1050122,-351.5625,-750.0,679.6875,-703.125,726.5625,289.0625,-851.5625,125.0,539.0625,-929.6875,-226.5625,359.375,-953.125,31.25,312.5
1050122,-929.6875,-921.875,460.9375,-429.6875,1023.4375,804.6875,-921.875,132.8125,546.875,-1007.8125,-343.75,250.0,-1093.75,-85.9375,367.1875
1050122,-929.6875,-921.875,460.9375,-429.6875,1023.4375,804.6875,-921.875,132.8125,546.875,-1007.8125,-343.75,250.0,-1093.75,-85.9375,367.1875
1050130,-445.3125,-1742.1875,1640.625,70.3125,2164.0625,1531.25,-1000.0,945.3125,867.1875,-1070.3125,-109.375,187.5,-953.125,54.6875,156.25
1050130,-445.3125,-1742.1875,1640.625,70.3125,2164.0625,1531.25,-1000.0,945.3125,867.1875,-1070.3125,-109.375,187.5,-953.125,54.6875,156.25
1050276,-750.0,-453.125,515.625,-859.375,-203.125,-156.25,-898.4375,-250.0,312.5,-843.75,-468.75,312.5,-882.8125,-156.25,468.75
1050276,-750.0,-453.125,515.625,-859.375,-203.125,-156.25,-898.4375,-250.0,312.5,-843.75,-468.75,312.5,-882.8125,-156.25,468.75
1050284,-789.0625,-460.9375,546.875,-921.875,-164.0625,-171.875,-929.6875,-187.5,320.3125,-945.3125,-406.25,296.875,-1007.8125,-101.5625,382.8125
1050284,-789.0625,-460.9375,546.875,-921.875,-164.0625,-171.875,-929.6875,-187.5,320.3125,-945.3125,-406.25,296.875,-1007.8125,-101.5625,382.8125
1050284,-828.125,-320.3125,515.625,-960.9375,-179.6875,-242.1875,-984.375,-179.6875,281.25,-976.5625,-382.8125,289.0625,-1015.625,-70.3125,367.1875
1050284,-828.125,-320.3125,515.625,-960.9375,-179.6875,-242.1875,-984.375,-179.6875,281.25,-976.5625,-382.8125,289.0625,-1015.625,-70.3125,367.1875
1050292,-843.75,-187.5,492.1875,-945.3125,-164.0625,-281.25,-1015.625,-187.5,250.0,-984.375,-406.25,273.4375,-992.1875,-85.9375,398.4375
1050292,-843.75,-187.5,492.1875,-945.3125,-164.0625,-281.25,-1015.625,-187.5,250.0,-984.375,-406.25,273.4375,-992.1875,-85.9375,398.4375
1050437,-875.0,-250.0,367.1875,-859.375,-289.0625,-343.75,-906.25,-242.1875,257.8125,-828.125,-437.5,304.6875,-882.8125,-148.4375,460.9375
1050437,-875.0,-250.0,367.1875,-859.375,-289.0625,-343.75,-906.25,-242.1875,257.8125,-828.125,-437.5,304.6875,-882.8125,-148.4375,460.9375
1050445,-875.0,-250.0,367.1875,-875.0,-281.25,-351.5625,-929.6875,-234.375,250.0,-851.5625,-445.3125,320.3125,-890.625,-140.625,460.9375
1050445,-875.0,-250.0,367.1875,-875.0,-281.25,-351.5625,-929.6875,-234.375,250.0,-851.5625,-445.3125,320.3125,-890.625,-140.625,460.9375
1050445,-890.625,-273.4375,382.8125,-882.8125,-281.25,-359.375,-953.125,-226.5625,250.0,-859.375,-445.3125,312.5,-890.625,-140.625,460.9375
1050445,-890.625,-273.4375,382.8125,-882.8125,-281.25,-359.375,-953.125,-226.5625,250.0,-859.375,-445.3125,312.5,-890.625,-140.625,460.9375
1050453,-890.625,-296.875,359.375,-875.0,-273.4375,-359.375,-945.3125,-218.75,234.375,-867.1875,-437.5,312.5,-898.4375,-140.625,460.9375
1050453,-890.625,-296.875,359.375,-875.0,-273.4375,-359.375,-945.3125,-218.75,234.375,-867.1875,-437.5,312.5,-898.4375,-140.625,460.9375
1050597,-867.1875,-281.25,406.25,-898.4375,-289.0625,-382.8125,-968.75,-234.375,218.75,-882.8125,-453.125,296.875,-906.25,-148.4375,445.3125
1050597,-867.1875,-281.25,406.25,-898.4375,-289.0625,-382.8125,-968.75,-234.375,218.75,-882.8125,-453.125,296.875,-906.25,-148.4375,445.3125
1050606,-875.0,-281.25,414.0625,-898.4375,-296.875,-390.625,-968.75,-242.1875,210.9375,-890.625,-460.9375,289.0625,-914.0625,-148.4375,453.125
1050606,-875.0,-281.25,414.0625,-898.4375,-296.875,-390.625,-968.75,-242.1875,210.9375,-890.625,-460.9375,289.0625,-914.0625,-148.4375,453.125
1050606,-867.1875,-296.875,406.25,-898.4375,-304.6875,-390.625,-976.5625,-250.0,210.9375,-890.625,-460.9375,304.6875,-921.875,-148.4375,453.125
1050606,-867.1875,-296.875,406.25,-898.4375,-304.6875,-390.625,-976.5625,-250.0,210.9375,-890.625,-460.9375,304.6875,-921.875,-148.4375,453.125
1050614,-859.375,-296.875,406.25,-898.4375,-296.875,-398.4375,-992.1875,-242.1875,203.125,-898.4375,-460.9375,296.875,-914.0625,-148.4375,453.125
1050614,-859.375,-296.875,406.25,-898.4375,-296.875,-398.4375,-992.1875,-242.1875,203.125,-898.4375,-460.9375,296.875,-914.0625,-148.4375,453.125
1050759,-859.375,-320.3125,390.625,-906.25,-273.4375,-390.625,-968.75,-234.375,210.9375,-898.4375,-437.5,296.875,-914.0625,-140.625,437.5
1050759,-859.375,-320.3125,390.625,-906.25,-273.4375,-390.625,-968.75,-234.375,210.9375,-898.4375,-437.5,296.875,-914.0625,-140.625,437.5
1050767,-859.375,-304.6875,406.25,-890.625,-265.625,-382.8125,-968.75,-226.5625,210.9375,-890.625,-429.6875,289.0625,-914.0625,-132.8125,437.5
1050767,-859.375,-304.6875,406.25,-890.625,-265.625,-382.8125,-968.75,-226.5625,210.9375,-890.625,-429.6875,289.0625,-914.0625,-132.8125,437.5
1050767,-859.375,-304.6875,398.4375,-882.8125,-265.625,-375.0,-960.9375,-234.375,218.75,-882.8125,-437.5,296.875,-914.0625,-132.8125,437.5
1050767,-859.375,-304.6875,398.4375,-882.8125,-265.625,-375.0,-960.9375,-234.375,218.75,-882.8125,-437.5,296.875,-914.0625,-132.8125,437.5
1050775,-851.5625,-296.875,406.25,-882.8125,-273.4375,-375.0,-960.9375,-234.375,218.75,-890.625,-445.3125,296.875,-906.25,-148.4375,437.5
1050775,-851.5625,-296.875,406.25,-882.8125,-273.4375,-375.0,-960.9375,-234.375,218.75,-890.625,-445.3125,296.875,-906.25,-148.4375,437.5
1050840,-875.0,-304.6875,390.625,-890.625,-273.4375,-390.625,-960.9375,-226.5625,210.9375,-882.8125,-437.5,296.875,-906.25,-132.8125,445.3125
1050840,-875.0,-304.6875,390.625,-890.625,-273.4375,-390.625,-960.9375,-226.5625,210.9375,-882.8125,-437.5,296.875,-906.25,-132.8125,445.3125
1050848,-867.1875,-312.5,398.4375,-890.625,-289.0625,-390.625,-960.9375,-226.5625,203.125,-882.8125,-445.3125,289.0625,-906.25,-140.625,437.5
1050848,-867.1875,-312.5,398.4375,-890.625,-289.0625,-390.625,-960.9375,-226.5625,203.125,-882.8125,-445.3125,289.0625,-906.25,-140.625,437.5
1050848,-859.375,-320.3125,390.625,-882.8125,-289.0625,-382.8125,-960.9375,-234.375,210.9375,-875.0,-445.3125,289.0625,-898.4375,-140.625,437.5
1050848,-859.375,-320.3125,390.625,-882.8125,-289.0625,-382.8125,-960.9375,-234.375,210.9375,-875.0,-445.3125,289.0625,-898.4375,-140.625,437.5
1050856,-859.375,-320.3125,390.625,-882.8125,-289.0625,-382.8125,-953.125,-242.1875,210.9375,-882.8125,-437.5,304.6875,-906.25,-148.4375,445.3125
1050856,-859.375,-320.3125,390.625,-882.8125,-289.0625,-382.8125,-953.125,-242.1875,210.9375,-882.8125,-437.5,304.6875,-906.25,-148.4375,445.3125
1050857,-851.5625,-312.5,398.4375,-882.8125,-289.0625,-375.0,-960.9375,-234.375,218.75,-875.0,-445.3125,304.6875,-898.4375,-148.4375,445.3125
1050857,-851.5625,-312.5,398.4375,-882.8125,-289.0625,-375.0,-960.9375,-234.375,218.75,-875.0,-445.3125,304.6875,-898.4375,-148.4375,445.3125
1050865,-851.5625,-312.5,398.4375,-890.625,-281.25,-390.625,-960.9375,-234.375,218.75,-875.0,-453.125,304.6875,-890.625,-140.625,453.125
1050865,-851.5625,-312.5,398.4375,-890.625,-281.25,-390.625,-960.9375,-234.375,218.75,-875.0,-453.125,304.6875,-890.625,-140.625,453.125
1050873,-859.375,-304.6875,406.25,-890.625,-265.625,-382.8125,-976.5625,-226.5625,210.9375,-890.625,-437.5,296.875,-898.4375,-140.625,437.5
1050873,-859.375,-304.6875,406.25,-890.625,-265.625,-382.8125,-976.5625,-226.5625,210.9375,-890.625,-437.5,296.875,-898.4375,-140.625,437.5
1050873,-867.1875,-296.875,390.625,-890.625,-265.625,-398.4375,-976.5625,-226.5625,218.75,-882.8125,-437.5,296.875,-906.25,-132.8125,437.5
1050873,-867.1875,-296.875,390.625,-890.625,-265.625,-398.4375,-976.5625,-226.5625,218.75,-882.8125,-437.5,296.875,-906.25,-132.8125,437.5
1051002,-851.5625,-320.3125,398.4375,-890.625,-265.625,-359.375,-960.9375,-226.5625,226.5625,-882.8125,-437.5,296.875,-914.0625,-132.8125,437.5
1051002,-851.5625,-320.3125,398.4375,-890.625,-265.625,-359.375,-960.9375,-226.5625,226.5625,-882.8125,-437.5,296.875,-914.0625,-132.8125,437.5
1051009,-851.5625,-312.5,398.4375,-890.625,-265.625,-359.375,-960.9375,-218.75,226.5625,-882.8125,-445.3125,289.0625,-906.25,-140.625,437.5
1051009,-851.5625,-312.5,398.4375,-890.625,-265.625,-359.375,-960.9375,-218.75,226.5625,-882.8125,-445.3125,289.0625,-906.25,-140.625,437.5
1051010,-859.375,-312.5,390.625,-882.8125,-265.625,-367.1875,-953.125,-226.5625,226.5625,-875.0,-437.5,296.875,-898.4375,-132.8125,437.5
1051010,-859.375,-312.5,390.625,-882.8125,-265.625,-367.1875,-953.125,-226.5625,226.5625,-875.0,-437.5,296.875,-898.4375,-132.8125,437.5
1051018,-851.5625,-312.5,398.4375,-890.625,-281.25,-375.0,-960.9375,-226.5625,234.375,-875.0,-437.5,304.6875,-906.25,-140.625,445.3125
1051018,-851.5625,-312.5,398.4375,-890.625,-281.25,-375.0,-960.9375,-226.5625,234.375,-875.0,-437.5,304.6875,-906.25,-140.625,445.3125
1051082,-843.75,-320.3125,398.4375,-906.25,-257.8125,-390.625,-992.1875,-218.75,210.9375,-906.25,-437.5,296.875,-921.875,-125.0,429.6875
1051082,-843.75,-320.3125,398.4375,-906.25,-257.8125,-390.625,-992.1875,-218.75,210.9375,-906.25,-437.5,296.875,-921.875,-125.0,429.6875
1051090,-851.5625,-328.125,406.25,-921.875,-257.8125,-382.8125,-976.5625,-218.75,210.9375,-914.0625,-421.875,296.875,-921.875,-132.8125,429.6875
1051090,-851.5625,-328.125,406.25,-921.875,-257.8125,-382.8125,-976.5625,-218.75,210.9375,-914.0625,-421.875,296.875,-921.875,-132.8125,429.6875
1051090,-859.375,-335.9375,406.25,-906.25,-257.8125,-390.625,-976.5625,-218.75,218.75,-906.25,-421.875,289.0625,-921.875,-117.1875,437.5
1051090,-859.375,-335.9375,406.25,-906.25,-257.8125,-390.625,-976.5625,-218.75,218.75,-906.25,-421.875,289.0625,-921.875,-117.1875,437.5
1051098,-851.5625,-335.9375,414.0625,-906.25,-273.4375,-398.4375,-984.375,-210.9375,210.9375,-898.4375,-429.6875,289.0625,-914.0625,-125.0,437.5
1051098,-851.5625,-335.9375,414.0625,-906.25,-273.4375,-398.4375,-984.375,-210.9375,210.9375,-898.4375,-429.6875,289.0625,-914.0625,-125.0,437.5
1051243,-843.75,-335.9375,406.25,-898.4375,-273.4375,-390.625,-968.75,-226.5625,218.75,-890.625,-429.6875,296.875,-914.0625,-132.8125,445.3125
1051243,-843.75,-335.9375,406.25,-898.4375,-273.4375,-390.625,-968.75,-226.5625,218.75,-890.625,-429.6875,296.875,-914.0625,-132.8125,445.3125
1051250,-851.5625,-320.3125,421.875,-898.4375,-273.4375,-382.8125,-968.75,-234.375,218.75,-898.4375,-437.5,289.0625,-914.0625,-132.8125,437.5
1051250,-851.5625,-320.3125,421.875,-898.4375,-273.4375,-382.8125,-968.75,-234.375,218.75,-898.4375,-437.5,289.0625,-914.0625,-132.8125,437.5
1051252,-843.75,-320.3125,414.0625,-890.625,-273.4375,-375.0,-968.75,-226.5625,218.75,-890.625,-437.5,296.875,-921.875,-125.0,437.5
1051252,-843.75,-320.3125,414.0625,-890.625,-273.4375,-375.0,-968.75,-226.5625,218.75,-890.625,-437.5,296.875,-921.875,-125.0,437.5
1051259,-843.75,-320.3125,406.25,-890.625,-265.625,-375.0,-968.75,-218.75,210.9375,-898.4375,-437.5,289.0625,-914.0625,-125.0,437.5
1051259,-843.75,-320.3125,406.25,-890.625,-265.625,-375.0,-968.75,-218.75,210.9375,-898.4375,-437.5,289.0625,-914.0625,-125.0,437.5
