1031732,-93270.625,-83339.375,76610.625
1031732,-93270.625,-83339.375,76610.625
1031742,-116011.875,-126756.875,118002.5
1031742,-116011.875,-126756.875,118002.5
1031752,-141115.625,-143355.625,-143360.0
1031752,-141115.625,-143355.625,-143360.0
1031763,-143360.0,-143355.625,-143360.0
1031763,-143360.0,-143355.625,-143360.0
1031773,-143014.375,-142913.75,142760.625
1031773,-143014.375,-142913.75,142760.625
1031783,-143255.0,-143355.625,-143360.0
1031783,-143255.0,-143355.625,-143360.0
1031794,-143360.0,-143355.625,-143360.0
1031794,-143360.0,-143355.625,-143360.0
1031804,-143355.625,-143346.875,137646.25
1031804,-143355.625,-143346.875,137646.25
1031814,-140931.875,-120973.125,84931.875
1031814,-140931.875,-120973.125,84931.875
1031825,-12363.75,-25042.5,71758.75
1031825,-12363.75,-25042.5,71758.75
1031835,27103.125,-62011.25,27431.25
1031835,27103.125,-62011.25,27431.25
1031845,47306.875,-31425.625,-11440.625
1031845,47306.875,-31425.625,-11440.625
1031855,38596.25,-21726.25,-14927.5
1031855,38596.25,-21726.25,-14927.5
1031866,-476.875,-24049.375,-6225.625
1031866,-476.875,-24049.375,-6225.625
1031876,-17596.25,-669.375,-11501.875
1031876,-17596.25,-669.375,-11501.875
1031886,-19206.25,40600.0,-19849.375
1031886,-19206.25,40600.0,-19849.375
1031896,-11471.25,74213.125,-28853.125
1031896,-11471.25,74213.125,-28853.125
1031907,7240.625,88983.125,-38766.875
1031907,7240.625,88983.125,-38766.875
1031917,23353.75,101412.5,-61153.75
1031917,23353.75,101412.5,-61153.75
1031928,31596.25,99260.0,-122053.75
1031928,31596.25,99260.0,-122053.75
1031938,5197.5,110324.375,-143355.625
1031938,5197.5,110324.375,-143355.625
1031948,25331.25,124818.75,-143355.625
1031948,25331.25,124818.75,-143355.625
1031959,2051.875,126533.75,-142778.125
1031959,2051.875,126533.75,-142778.125
1031968,-17613.75,138512.5,-143355.625
1031968,-17613.75,138512.5,-143355.625
1031979,32484.375,125151.25,-143355.625
1031979,32484.375,125151.25,-143355.625
1031990,51594.375,102523.75,-132138.125
1031990,51594.375,102523.75,-132138.125
1032000,36806.875,70581.875,-96215.0
1032000,36806.875,70581.875,-96215.0
1032010,15946.875,12534.375,-42481.25
1032010,15946.875,12534.375,-42481.25
1032020,-12197.5,-57780.625,24631.25
1032020,-12197.5,-57780.625,24631.25
1032031,-53856.25,-121975.0,83085.625
1032031,-53856.25,-121975.0,83085.625
1032041,-76479.375,-143355.625,128016.875
1032041,-76479.375,-143355.625,128016.875
1032051,-50697.5,-143355.625,-143360.0
1032051,-50697.5,-143355.625,-143360.0
1032062,-41024.375,-142843.75,-143360.0
1032062,-41024.375,-142843.75,-143360.0
1032071,-45171.875,-143355.625,142961.875
1032071,-45171.875,-143355.625,142961.875
1032082,-66246.25,-143355.625,-143360.0
1032082,-66246.25,-143355.625,-143360.0
1032093,-131950.0,-143346.875,127780.625
1032093,-131950.0,-143346.875,127780.625
1032103,-71623.125,-141601.25,93533.125
1032103,-71623.125,-141601.25,93533.125
1032113,-14284.375,-97461.875,51568.125
1032113,-14284.375,-97461.875,51568.125
1032123,22264.375,-66408.125,25935.0
1032123,22264.375,-66408.125,25935.0
1032134,35070.0,-46248.125,581.875
1032134,35070.0,-46248.125,581.875
1032144,43430.625,-57483.125,-9975.0
1032144,43430.625,-57483.125,-9975.0
1032155,40171.25,-66504.375,-21441.875
1032155,40171.25,-66504.375,-21441.875
1032165,33180.0,-60326.875,-31968.125
1032165,33180.0,-60326.875,-31968.125
1032175,31434.375,-45766.875,-41833.75
1032175,31434.375,-45766.875,-41833.75
1032186,37003.75,-24788.75,-56490.0
1032186,37003.75,-24788.75,-56490.0
1032196,37730.0,11554.375,-66920.0
1032196,37730.0,11554.375,-66920.0
1032206,28516.25,58979.375,-64391.25
1032206,28516.25,58979.375,-64391.25
1032216,20523.125,102156.25,-59823.75
1032216,20523.125,102156.25,-59823.75
1032227,15951.25,122364.375,-62606.25
1032227,15951.25,122364.375,-62606.25
1032237,29544.375,116366.25,-70647.5
1032237,29544.375,116366.25,-70647.5
1032247,39353.125,103140.625,-86983.75
1032247,39353.125,103140.625,-86983.75
1032258,15973.125,67003.125,-89048.75
1032258,15973.125,67003.125,-89048.75
1032268,1111.25,20650.0,-55545.0
1032268,1111.25,20650.0,-55545.0
1032278,-328.125,6405.0,-11458.125
1032278,-328.125,6405.0,-11458.125
1032288,-37498.125,354.375,4414.375
1032288,-37498.125,354.375,4414.375
1032299,-15618.75,-5057.5,23913.75
1032299,-15618.75,-5057.5,23913.75
1032310,14271.25,306.25,31653.125
1032310,14271.25,306.25,31653.125
1032320,28376.25,3031.875,25690.0
1032320,28376.25,3031.875,25690.0
1032330,38307.5,23104.375,8391.25
1032330,38307.5,23104.375,8391.25
1032341,32860.625,47678.75,-9738.75
1032341,32860.625,47678.75,-9738.75
1032351,16616.25,50391.25,-20566.875
1032351,16616.25,50391.25,-20566.875
1032361,2721.25,49126.875,-29570.625
1032361,2721.25,49126.875,-29570.625
1032371,-5976.25,42551.25,-35371.875
1032371,-5976.25,42551.25,-35371.875
1032382,-7363.125,34899.375,-35796.25
1032382,-7363.125,34899.375,-35796.25
1032392,-6851.25,29133.125,-35227.5
1032392,-6851.25,29133.125,-35227.5
1032402,-6816.25,21730.625,-32051.25
1032402,-6816.25,21730.625,-32051.25
1032412,-175.0,19153.75,-28608.125
1032412,-175.0,19153.75,-28608.125
1032423,2953.125,16261.875,-27020.0
1032423,2953.125,16261.875,-27020.0
1032433,4256.875,13024.375,-24661.875
1032433,4256.875,13024.375,-24661.875
1032444,8890.0,13527.5,-21004.375
1032444,8890.0,13527.5,-21004.375
1032454,13453.125,15128.75,-16183.125
1032454,13453.125,15128.75,-16183.125
1032465,17749.375,12770.625,-9751.875
1032465,17749.375,12770.625,-9751.875
1032474,22802.5,6868.75,-4200.0
1032474,22802.5,6868.75,-4200.0
1032485,19101.25,3416.875,-5744.375
1032485,19101.25,3416.875,-5744.375
1032495,13588.75,516.25,-7481.25
1032495,13588.75,516.25,-7481.25
1032506,9681.875,-288.75,-9515.625
1032506,9681.875,-288.75,-9515.625
1032516,6146.875,-459.375,-8176.875
1032516,6146.875,-459.375,-8176.875
1032526,6234.375,319.375,-4221.875
1032526,6234.375,319.375,-4221.875
1032536,7520.625,1443.75,-1041.25
1032536,7520.625,1443.75,-1041.25
1032547,6186.25,1137.5,1640.625
1032547,6186.25,1137.5,1640.625
1032557,4143.125,1063.125,3981.25
1032557,4143.125,1063.125,3981.25
1032567,3053.75,643.125,6991.25
1032567,3053.75,643.125,6991.25
1032578,2331.875,-380.625,9533.125
1032578,2331.875,-380.625,9533.125
1032588,1093.75,166.25,9244.375
1032588,1093.75,166.25,9244.375
1032598,240.625,-1938.125,8815.625
1032598,240.625,-1938.125,8815.625
1032609,21.875,-3513.125,7599.375
1032609,21.875,-3513.125,7599.375
1032619,-1268.75,-3294.375,6593.125
1032619,-1268.75,-3294.375,6593.125
1032629,-1837.5,-2961.875,7577.5
1032629,-1837.5,-2961.875,7577.5
1032640,-1942.5,-3119.375,8360.625
1032640,-1942.5,-3119.375,8360.625
1032650,341.25,-3950.625,9261.875
1032650,341.25,-3950.625,9261.875
1032660,3285.625,-2891.875,9817.5
1032660,3285.625,-2891.875,9817.5
1032671,7424.375,-2161.25,10850.0
1032671,7424.375,-2161.25,10850.0
1032681,13199.375,2275.0,8015.0
1032681,13199.375,2275.0,8015.0
1032691,14035.0,1942.5,3683.75
1032691,14035.0,1942.5,3683.75
1032702,10775.625,-1351.875,-35.0
1032702,10775.625,-1351.875,-35.0
1032712,7503.125,-2594.375,-1478.75
1032712,7503.125,-2594.375,-1478.75
1032722,4742.5,-3530.625,-511.875
1032722,4742.5,-3530.625,-511.875
1032732,4147.5,-2983.75,328.125
1032732,4147.5,-2983.75,328.125
1032743,4816.875,-1618.75,840.0
1032743,4816.875,-1618.75,840.0
1032753,4112.5,-551.25,901.25
1032753,4112.5,-551.25,901.25
1032763,2585.625,441.875,1080.625
1032763,2585.625,441.875,1080.625
1032774,1478.75,931.875,1780.625
1032774,1478.75,931.875,1780.625
1032784,1351.875,1190.0,3101.875
1032784,1351.875,1190.0,3101.875
1032794,2310.0,2585.625,4165.0
1032794,2310.0,2585.625,4165.0
1032805,3513.125,3285.625,3902.5
1032805,3513.125,3285.625,3902.5
1032816,4707.5,700.0,3272.5
1032816,4707.5,700.0,3272.5
1032825,4777.5,-1719.375,1273.125
1032825,4777.5,-1719.375,1273.125
1032836,3128.125,-2288.125,-188.125
1032836,3128.125,-2288.125,-188.125
1032846,2940.0,-2310.0,166.25
1032846,2940.0,-2310.0,166.25
1032857,1575.0,-2235.625,564.375
1032857,1575.0,-2235.625,564.375
1032867,870.625,-1929.375,1295.0
1032867,870.625,-1929.375,1295.0
1032877,1513.75,-1548.75,1968.75
1032877,1513.75,-1548.75,1968.75
1032887,3193.75,-485.625,2060.625
1032887,3193.75,-485.625,2060.625
1032898,4646.25,236.25,1522.5
1032898,4646.25,236.25,1522.5
1032908,4624.375,144.375,1251.25
1032908,4624.375,144.375,1251.25
1032918,2419.375,-752.5,949.375
1032918,2419.375,-752.5,949.375
1032928,135.625,-1286.25,1150.625
1032928,135.625,-1286.25,1150.625
1032938,-752.5,-315.0,2095.625
1032938,-752.5,-315.0,2095.625
1032949,-752.5,1093.75,3823.75
1032949,-752.5,1093.75,3823.75
1032959,-240.625,2165.625,6545.0
1032959,-240.625,2165.625,6545.0
1032970,2126.25,1728.125,9428.125
1032970,2126.25,1728.125,9428.125
1032980,4169.375,1824.375,8693.125
1032980,4169.375,1824.375,8693.125
1032990,4541.25,2069.375,5735.625
1032990,4541.25,2069.375,5735.625
1033001,5145.0,735.0,4528.125
1033001,5145.0,735.0,4528.125
1033012,5140.625,-218.75,3613.75
1033012,5140.625,-218.75,3613.75
1033021,3246.25,-1356.25,3290.0
1033021,3246.25,-1356.25,3290.0
1033032,1413.125,-1688.75,3045.0
1033032,1413.125,-1688.75,3045.0
1033041,787.5,-1614.375,3290.0
1033041,787.5,-1614.375,3290.0
1033052,1662.5,-367.5,3836.875
1033052,1662.5,-367.5,3836.875
1033063,2318.75,1277.5,3815.0
1033063,2318.75,1277.5,3815.0
1033073,2861.25,3653.125,3084.375
1033073,2861.25,3653.125,3084.375
1033083,2922.5,5223.75,3075.625
1033083,2922.5,5223.75,3075.625
1033094,2843.75,5735.625,3123.75
1033094,2843.75,5735.625,3123.75
1033104,2712.5,5451.25,2590.0
1033104,2712.5,5451.25,2590.0
1033114,2594.375,4558.75,1977.5
1033114,2594.375,4558.75,1977.5
1033125,2620.625,2511.25,1583.75
1033125,2620.625,2511.25,1583.75
1033135,2069.375,1771.875,975.625
1033135,2069.375,1771.875,975.625
1033145,2931.25,2397.5,1295.0
1033145,2931.25,2397.5,1295.0
1033155,3736.25,3298.75,2117.5
1033155,3736.25,3298.75,2117.5
1033167,4357.5,3981.25,2043.125
1033167,4357.5,3981.25,2043.125
1033176,5250.0,3924.375,1636.25
1033176,5250.0,3924.375,1636.25
1033186,5425.0,3605.0,1316.875
1033186,5425.0,3605.0,1316.875
1033197,5967.5,4414.375,1618.75
1033197,5967.5,4414.375,1618.75
1033208,6685.0,5985.0,2620.625
1033208,6685.0,5985.0,2620.625
1033217,5805.625,6798.75,1509.375
1033217,5805.625,6798.75,1509.375
1033228,3543.75,4178.125,-1001.875
1033228,3543.75,4178.125,-1001.875
1033238,2533.125,1841.875,-1828.75
1033238,2533.125,1841.875,-1828.75
1033248,2476.25,1645.0,-1435.0
1033248,2476.25,1645.0,-1435.0
1033259,2209.375,1890.0,-813.75
1033259,2209.375,1890.0,-813.75
1033269,2432.5,2445.625,-411.25
1033269,2432.5,2445.625,-411.25
1033279,2778.125,2047.5,-945.0
1033279,2778.125,2047.5,-945.0
1033290,3290.0,892.5,-1596.875
1033290,3290.0,892.5,-1596.875
1033300,3338.125,713.125,-1973.125
1033300,3338.125,713.125,-1973.125
1033310,3990.0,367.5,-1312.5
1033310,3990.0,367.5,-1312.5
1033321,4501.875,568.75,-818.125
1033321,4501.875,568.75,-818.125
1033331,3285.625,612.5,-1496.25
1033331,3285.625,612.5,-1496.25
1033341,1080.625,-529.375,-1736.875
1033341,1080.625,-529.375,-1736.875
1033352,599.375,26.25,-1706.25
1033352,599.375,26.25,-1706.25
1033361,402.5,-651.875,-1693.125
1033361,402.5,-651.875,-1693.125
1033372,953.75,-1251.25,-1890.0
1033372,953.75,-1251.25,-1890.0
1033382,1518.125,-1592.5,-2030.0
1033382,1518.125,-1592.5,-2030.0
1033393,2086.875,-1570.625,-1023.75
1033393,2086.875,-1570.625,-1023.75
1033403,1640.625,87.5,-577.5
1033403,1640.625,87.5,-577.5
1033413,-363.125,1010.625,-450.625
1033413,-363.125,1010.625,-450.625
1033424,-1316.875,1478.75,415.625
1033424,-1316.875,1478.75,415.625
1033434,-328.125,1907.5,1356.25
1033434,-328.125,1907.5,1356.25
1033444,621.25,2366.875,1421.875
1033444,621.25,2366.875,1421.875
1033455,1500.625,2848.125,437.5
1033455,1500.625,2848.125,437.5
1033465,1076.25,2209.375,-573.125
1033465,1076.25,2209.375,-573.125
1033475,306.25,1596.875,-608.125
1033475,306.25,1596.875,-608.125
1033486,455.0,1277.5,113.75
1033486,455.0,1277.5,113.75
1033496,647.5,1723.75,708.75
1033496,647.5,1723.75,708.75
1033507,1111.25,1789.375,1155.0
1033507,1111.25,1789.375,1155.0
1033517,1080.625,2021.25,1369.375
1033517,1080.625,2021.25,1369.375
1033527,778.75,2288.125,2296.875
1033527,778.75,2288.125,2296.875
1033537,927.5,2891.875,2445.625
1033537,927.5,2891.875,2445.625
1033548,682.5,2327.5,2349.375
1033548,682.5,2327.5,2349.375
1033558,1373.75,2721.25,2454.375
1033558,1373.75,2721.25,2454.375
1033568,1872.5,3097.5,2887.5
1033568,1872.5,3097.5,2887.5
1033577,2078.125,3561.25,3368.75
1033577,2078.125,3561.25,3368.75
1033589,1960.0,3290.0,3075.625
1033589,1960.0,3290.0,3075.625
1033599,1750.0,2765.0,2568.125
1033599,1750.0,2765.0,2568.125
1033609,1588.125,2261.875,2559.375
1033609,1588.125,2261.875,2559.375
1033620,2117.5,2030.0,3202.5
1033620,2117.5,2030.0,3202.5
1033630,2436.875,1439.375,2751.875
1033630,2436.875,1439.375,2751.875
1033640,2926.875,1286.25,1474.375
1033640,2926.875,1286.25,1474.375
1033651,3294.375,866.25,861.875
1033651,3294.375,866.25,861.875
1033661,3806.25,608.125,1238.125
1033661,3806.25,608.125,1238.125
1033672,3692.5,262.5,1697.5
1033672,3692.5,262.5,1697.5
1033681,3915.625,161.875,1763.125
1033681,3915.625,161.875,1763.125
1033692,4322.5,761.25,1697.5
1033692,4322.5,761.25,1697.5
1033703,3928.75,739.375,1518.125
1033703,3928.75,739.375,1518.125
1033713,2913.75,-83.125,1006.25
1033713,2913.75,-83.125,1006.25
1033723,1977.5,-1146.25,966.875
1033723,1977.5,-1146.25,966.875
1033733,2165.625,-1006.25,1351.875
1033733,2165.625,-1006.25,1351.875
1033743,2695.0,-682.5,1653.75
1033743,2695.0,-682.5,1653.75
1033753,3128.125,-183.75,1216.25
1033753,3128.125,-183.75,1216.25
1033764,3023.125,-258.125,420.0
1033764,3023.125,-258.125,420.0
1033775,3692.5,-511.875,402.5
1033775,3692.5,-511.875,402.5
1033785,3876.25,-463.75,700.0
1033785,3876.25,-463.75,700.0
1033795,3027.5,-1251.25,879.375
1033795,3027.5,-1251.25,879.375
1033805,2419.375,-1351.875,844.375
1033805,2419.375,-1351.875,844.375
1033816,2655.625,-936.25,1701.875
1033816,2655.625,-936.25,1701.875
1033826,3093.125,-157.5,2130.625
1033826,3093.125,-157.5,2130.625
1033836,2931.25,148.75,1955.625
1033836,2931.25,148.75,1955.625
1033847,2821.875,538.125,1373.75
1033847,2821.875,538.125,1373.75
1033857,2161.25,393.75,1080.625
1033857,2161.25,393.75,1080.625
1033868,2366.875,157.5,1697.5
1033868,2366.875,157.5,1697.5
1033878,3255.0,35.0,2642.5
1033878,3255.0,35.0,2642.5
1033888,4445.0,-87.5,3823.75
1033888,4445.0,-87.5,3823.75
1033899,3591.875,8.75,3666.25
1033899,3591.875,8.75,3666.25
1033909,2944.375,371.875,2913.75
1033909,2944.375,371.875,2913.75
1033919,3661.875,988.75,2550.625
1033919,3661.875,988.75,2550.625
1033929,4256.875,914.375,2436.875
1033929,4256.875,914.375,2436.875
1033940,4160.625,420.0,2288.125
1033940,4160.625,420.0,2288.125
1033950,3583.125,-507.5,2419.375
1033950,3583.125,-507.5,2419.375
1033960,3333.75,-953.75,2432.5
1033960,3333.75,-953.75,2432.5
1033971,2598.75,-1155.0,2121.875
1033971,2598.75,-1155.0,2121.875
1033981,2200.625,-1246.875,2716.875
1033981,2200.625,-1246.875,2716.875
1033991,1986.25,-966.875,3119.375
1033991,1986.25,-966.875,3119.375
1034002,2375.625,-595.0,3399.375
1034002,2375.625,-595.0,3399.375
1034012,3290.0,4.375,3653.125
1034012,3290.0,4.375,3653.125
1034022,3854.375,892.5,3390.625
1034022,3854.375,892.5,3390.625
1034032,3775.625,1356.25,2432.5
1034032,3775.625,1356.25,2432.5
1034043,2100.0,-35.0,1575.0
1034043,2100.0,-35.0,1575.0
1034053,988.75,-358.75,1120.0
1034053,988.75,-358.75,1120.0
1034064,560.0,-717.5,1487.5
1034064,560.0,-717.5,1487.5
1034074,1115.625,-463.75,1767.5
1034074,1115.625,-463.75,1767.5
1034084,1981.875,275.625,1986.25
1034084,1981.875,275.625,1986.25
1034095,2226.875,280.0,2078.125
1034095,2226.875,280.0,2078.125
1034105,1911.875,0.0,2524.375
1034105,1911.875,0.0,2524.375
1034115,1163.75,-411.25,2712.5
1034115,1163.75,-411.25,2712.5
1034125,700.0,-656.25,2113.125
1034125,700.0,-656.25,2113.125
1034136,1058.75,-896.875,2091.25
1034136,1058.75,-896.875,2091.25
1034145,1671.25,-866.25,2651.25
1034145,1671.25,-866.25,2651.25
1034156,1868.125,-1093.75,2559.375
1034156,1868.125,-1093.75,2559.375
1034167,2104.375,-1334.375,1933.75
1034167,2104.375,-1334.375,1933.75
1034176,2572.5,-1391.25,2196.25
1034176,2572.5,-1391.25,2196.25
1034187,2703.75,-695.625,2257.5
1034187,2703.75,-695.625,2257.5
1034198,3088.75,393.75,2305.625
1034198,3088.75,393.75,2305.625
1034208,3263.75,883.75,2205.0
1034208,3263.75,883.75,2205.0
1034219,2970.625,660.625,1815.625
1034219,2970.625,660.625,1815.625
1034229,2660.0,-205.625,1675.625
1034229,2660.0,-205.625,1675.625
1034239,2445.625,-1198.75,1146.25
1034239,2445.625,-1198.75,1146.25
1034249,2760.625,-437.5,328.125
1034249,2760.625,-437.5,328.125
1034260,2957.5,-96.25,74.375
1034260,2957.5,-96.25,74.375
1034270,2887.5,-280.0,581.875
1034270,2887.5,-280.0,581.875
1034280,2030.0,-420.0,1058.75
1034280,2030.0,-420.0,1058.75
1034291,1001.875,-752.5,1299.375
1034291,1001.875,-752.5,1299.375
1034301,546.875,-975.625,1264.375
1034301,546.875,-975.625,1264.375
1034311,953.75,-1246.875,1102.5
1034311,953.75,-1246.875,1102.5
1034321,1570.625,-927.5,949.375
1034321,1570.625,-927.5,949.375
1034332,2038.75,-643.125,783.125
1034332,2038.75,-643.125,783.125
1034342,2261.875,-503.125,525.0
1034342,2261.875,-503.125,525.0
1034351,2515.625,65.625,345.625
1034351,2515.625,65.625,345.625
1034363,2502.5,315.0,420.0
1034363,2502.5,315.0,420.0
1034374,2331.875,218.75,634.375
1034374,2331.875,218.75,634.375
1034383,2738.75,-533.75,883.75
1034383,2738.75,-533.75,883.75
1034394,3416.875,-542.5,835.625
1034394,3416.875,-542.5,835.625
1034404,3342.5,-26.25,1093.75
1034404,3342.5,-26.25,1093.75
1034415,3066.875,-428.75,1798.125
1034415,3066.875,-428.75,1798.125
1034424,2975.0,-568.75,1946.875
1034424,2975.0,-568.75,1946.875
1034435,1264.375,-1408.75,1596.875
1034435,1264.375,-1408.75,1596.875
1034445,-96.25,-2091.25,1246.875
1034445,-96.25,-2091.25,1246.875
1034456,-463.75,-2590.0,1461.25
1034456,-463.75,-2590.0,1461.25
1034466,-183.75,-3447.5,1785.0
1034466,-183.75,-3447.5,1785.0
1034476,936.25,-3097.5,1780.625
1034476,936.25,-3097.5,1780.625
1034487,1032.5,-3430.0,2021.25
1034487,1032.5,-3430.0,2021.25
1034497,726.25,-3924.375,2314.375
1034497,726.25,-3924.375,2314.375
1034507,800.625,-3893.75,2677.5
1034507,800.625,-3893.75,2677.5
1034517,770.0,-4042.5,3495.625
1034517,770.0,-4042.5,3495.625
1034528,735.0,-4834.375,4466.875
1034528,735.0,-4834.375,4466.875
1034538,472.5,-4865.0,4943.75
1034538,472.5,-4865.0,4943.75
1034548,-761.25,-4331.25,5193.125
1034548,-761.25,-4331.25,5193.125
1034559,-1006.25,-5827.5,5184.375
1034559,-1006.25,-5827.5,5184.375
1034569,-1732.5,-5617.5,3626.875
1034569,-1732.5,-5617.5,3626.875
1034579,-2244.375,-5162.5,2528.75
1034579,-2244.375,-5162.5,2528.75
1034589,-1855.0,-5040.0,2467.5
1034589,-1855.0,-5040.0,2467.5
1034600,-2533.125,-5770.625,2043.125
1034600,-2533.125,-5770.625,2043.125
1034610,-3062.5,-7183.75,2178.75
1034610,-3062.5,-7183.75,2178.75
1034621,-3285.625,-8754.375,2441.25
1034621,-3285.625,-8754.375,2441.25
1034631,-5005.0,-11878.125,2760.625
1034631,-5005.0,-11878.125,2760.625
1034641,-6956.25,-15505.0,2996.875
1034641,-6956.25,-15505.0,2996.875
1034652,-6667.5,-16821.875,3101.875
1034652,-6667.5,-16821.875,3101.875
1034662,-6956.25,-17836.875,2620.625
1034662,-6956.25,-17836.875,2620.625
1034672,-7188.125,-18641.875,2205.0
1034672,-7188.125,-18641.875,2205.0
1034683,-5801.25,-18698.75,1610.0
1034683,-5801.25,-18698.75,1610.0
1034693,-5035.625,-18598.125,1627.5
1034693,-5035.625,-18598.125,1627.5
1034703,-6260.625,-18073.125,3548.125
1034703,-6260.625,-18073.125,3548.125
1034714,-13571.25,-20221.25,6300.0
1034714,-13571.25,-20221.25,6300.0
1034724,-24640.0,-29369.375,6960.625
1034724,-24640.0,-29369.375,6960.625
1034734,-30384.375,-41098.75,6374.375
1034734,-30384.375,-41098.75,6374.375
1034744,-30060.625,-51161.25,5805.625
1034744,-30060.625,-51161.25,5805.625
1034755,-29855.0,-59154.375,4921.875
1034755,-29855.0,-59154.375,4921.875
1034765,-32633.125,-68608.75,4795.0
1034765,-32633.125,-68608.75,4795.0
1034775,-36487.5,-79432.5,6317.5
1034775,-36487.5,-79432.5,6317.5
1034786,-46016.25,-92080.625,7853.125
1034786,-46016.25,-92080.625,7853.125
1034796,-59237.5,-102620.0,8881.25
1034796,-59237.5,-102620.0,8881.25
