1058084,-3320.625,-1627.5,-10745.0
1058084,-3320.625,-1627.5,-10745.0
1058093,-1990.625,-2686.25,-12280.625
1058093,-1990.625,-2686.25,-12280.625
1058164,-7441.875,-236.25,-18405.625
1058164,-7441.875,-236.25,-18405.625
1058173,-7056.875,-131.25,-18200.0
1058173,-7056.875,-131.25,-18200.0
1058185,-6155.625,-35.0,-18515.0
1058185,-6155.625,-35.0,-18515.0
1058195,-5871.25,1015.0,-18593.75
1058195,-5871.25,1015.0,-18593.75
1058205,-5678.75,2546.25,-18252.5
1058205,-5678.75,2546.25,-18252.5
1058215,-5608.75,3451.875,-17753.75
1058215,-5608.75,3451.875,-17753.75
1058225,-5779.375,3530.625,-16970.625
1058225,-5779.375,3530.625,-16970.625
1058235,-6186.25,3189.375,-15780.625
1058235,-6186.25,3189.375,-15780.625
1058245,-6733.125,2743.125,-14988.75
1058245,-6733.125,2743.125,-14988.75
1058255,-7516.25,2581.25,-14608.125
1058255,-7516.25,2581.25,-14608.125
1058366,-1456.875,2769.375,-10233.125
1058366,-1456.875,2769.375,-10233.125
1058376,-743.75,1251.25,-11265.625
1058376,-743.75,1251.25,-11265.625
1058407,1964.375,-1172.5,-8960.0
1058407,1964.375,-1172.5,-8960.0
1058417,227.5,-1050.0,-9226.875
1058417,227.5,-1050.0,-9226.875
1058578,6496.875,-4996.25,-5158.125
1058578,6496.875,-4996.25,-5158.125
1058588,6391.875,-8841.875,-8045.625
1058588,6391.875,-8841.875,-8045.625
1058740,3570.0,-7910.0,-3478.125
1058740,3570.0,-7910.0,-3478.125
1058750,1903.125,-6943.125,-2686.25
1058750,1903.125,-6943.125,-2686.25
1058901,-12215.0,23883.125,6527.5
1058901,-12215.0,23883.125,6527.5
1058911,-12761.875,34514.375,8430.625
1058911,-12761.875,34514.375,8430.625
1059063,2690.625,-3115.0,-4869.375
1059063,2690.625,-3115.0,-4869.375
1059073,2327.5,-9301.25,-5241.25
1059073,2327.5,-9301.25,-5241.25
1059224,-301.875,-1115.625,638.75
1059224,-301.875,-1115.625,638.75
1059234,-2323.125,2690.625,1102.5
1059234,-2323.125,2690.625,1102.5
1059305,2677.5,25738.125,691.25
1059305,2677.5,25738.125,691.25
1059315,-1579.375,13715.625,-2078.125
1059315,-1579.375,13715.625,-2078.125
1059466,1050.0,52.5,-1128.75
1059466,1050.0,52.5,-1128.75
1059476,993.125,-131.25,-1028.125
1059476,993.125,-131.25,-1028.125
1059628,43.75,-341.25,240.625
1059628,43.75,-341.25,240.625
1059638,4.375,-288.75,196.875
1059638,4.375,-288.75,196.875
1059708,-43.75,-236.25,-113.75
1059708,-43.75,-236.25,-113.75
1059719,-61.25,-258.125,-122.5
1059719,-61.25,-258.125,-122.5
