1021269,117.1875,507.8125,851.5625,148.4375,-703.125,726.5625,257.8125,-929.6875,328.125,601.5625,-789.0625,101.5625,640.625,-726.5625,265.625
1021269,117.1875,507.8125,851.5625,148.4375,-703.125,726.5625,257.8125,-929.6875,328.125,601.5625,-789.0625,101.5625,640.625,-726.5625,265.625
1021276,125.0,507.8125,843.75,140.625,-703.125,726.5625,257.8125,-929.6875,328.125,593.75,-789.0625,93.75,640.625,-718.75,265.625
1021276,125.0,507.8125,843.75,140.625,-703.125,726.5625,257.8125,-929.6875,328.125,593.75,-789.0625,93.75,640.625,-718.75,265.625
1021277,117.1875,507.8125,835.9375,140.625,-703.125,726.5625,257.8125,-921.875,320.3125,609.375,-789.0625,93.75,648.4375,-718.75,273.4375
1021277,117.1875,507.8125,835.9375,140.625,-703.125,726.5625,257.8125,-921.875,320.3125,609.375,-789.0625,93.75,648.4375,-718.75,273.4375
1021285,109.375,515.625,851.5625,140.625,-703.125,718.75,265.625,-929.6875,320.3125,601.5625,-789.0625,101.5625,648.4375,-710.9375,265.625
1021285,109.375,515.625,851.5625,140.625,-703.125,718.75,265.625,-929.6875,320.3125,601.5625,-789.0625,101.5625,648.4375,-710.9375,265.625
1021430,117.1875,515.625,851.5625,140.625,-695.3125,726.5625,257.8125,-921.875,320.3125,593.75,-781.25,93.75,640.625,-710.9375,257.8125
1021430,117.1875,515.625,851.5625,140.625,-695.3125,726.5625,257.8125,-921.875,320.3125,593.75,-781.25,93.75,640.625,-710.9375,257.8125
1021438,117.1875,515.625,843.75,148.4375,-703.125,726.5625,257.8125,-921.875,328.125,601.5625,-781.25,93.75,640.625,-710.9375,265.625
1021438,117.1875,515.625,843.75,148.4375,-703.125,726.5625,257.8125,-921.875,328.125,601.5625,-781.25,93.75,640.625,-710.9375,265.625
1021438,125.0,507.8125,843.75,140.625,-695.3125,718.75,257.8125,-929.6875,320.3125,593.75,-781.25,101.5625,640.625,-710.9375,257.8125
1021438,125.0,507.8125,843.75,140.625,-695.3125,718.75,257.8125,-929.6875,320.3125,593.75,-781.25,101.5625,640.625,-710.9375,257.8125
1021446,117.1875,507.8125,851.5625,140.625,-695.3125,718.75,257.8125,-929.6875,328.125,609.375,-789.0625,85.9375,640.625,-718.75,265.625
1021446,117.1875,507.8125,851.5625,140.625,-695.3125,718.75,257.8125,-929.6875,328.125,609.375,-789.0625,85.9375,640.625,-718.75,265.625
1021591,117.1875,507.8125,851.5625,148.4375,-695.3125,726.5625,265.625,-921.875,328.125,601.5625,-789.0625,85.9375,648.4375,-718.75,265.625
1021591,117.1875,507.8125,851.5625,148.4375,-695.3125,726.5625,265.625,-921.875,328.125,601.5625,-789.0625,85.9375,648.4375,-718.75,265.625
1021599,125.0,515.625,843.75,140.625,-703.125,726.5625,265.625,-921.875,328.125,601.5625,-789.0625,93.75,640.625,-718.75,257.8125
1021599,125.0,515.625,843.75,140.625,-703.125,726.5625,265.625,-921.875,328.125,601.5625,-789.0625,93.75,640.625,-718.75,257.8125
1021599,117.1875,507.8125,851.5625,140.625,-695.3125,734.375,265.625,-929.6875,335.9375,601.5625,-781.25,93.75,640.625,-710.9375,265.625
1021599,117.1875,507.8125,851.5625,140.625,-695.3125,734.375,265.625,-929.6875,335.9375,601.5625,-781.25,93.75,640.625,-710.9375,265.625
1021607,117.1875,507.8125,843.75,140.625,-703.125,726.5625,265.625,-929.6875,328.125,617.1875,-781.25,93.75,648.4375,-710.9375,273.4375
1021607,117.1875,507.8125,843.75,140.625,-703.125,726.5625,265.625,-929.6875,328.125,617.1875,-781.25,93.75,648.4375,-710.9375,273.4375
1021752,117.1875,507.8125,851.5625,140.625,-703.125,726.5625,257.8125,-929.6875,328.125,609.375,-781.25,93.75,640.625,-710.9375,273.4375
1021752,117.1875,507.8125,851.5625,140.625,-703.125,726.5625,257.8125,-929.6875,328.125,609.375,-781.25,93.75,640.625,-710.9375,273.4375
1021760,109.375,500.0,851.5625,148.4375,-703.125,726.5625,265.625,-929.6875,328.125,609.375,-789.0625,85.9375,648.4375,-710.9375,265.625
1021760,109.375,500.0,851.5625,148.4375,-703.125,726.5625,265.625,-929.6875,328.125,609.375,-789.0625,85.9375,648.4375,-710.9375,265.625
1021760,109.375,507.8125,835.9375,140.625,-703.125,726.5625,257.8125,-914.0625,328.125,593.75,-789.0625,93.75,648.4375,-710.9375,265.625
1021760,109.375,507.8125,835.9375,140.625,-703.125,726.5625,257.8125,-914.0625,328.125,593.75,-789.0625,93.75,648.4375,-710.9375,265.625
1021768,117.1875,507.8125,843.75,140.625,-695.3125,726.5625,257.8125,-921.875,320.3125,601.5625,-789.0625,93.75,648.4375,-718.75,265.625
1021768,117.1875,507.8125,843.75,140.625,-695.3125,726.5625,257.8125,-921.875,320.3125,601.5625,-789.0625,93.75,648.4375,-718.75,265.625
1021913,109.375,507.8125,843.75,148.4375,-703.125,734.375,257.8125,-921.875,328.125,601.5625,-781.25,93.75,648.4375,-718.75,265.625
1021913,109.375,507.8125,843.75,148.4375,-703.125,734.375,257.8125,-921.875,328.125,601.5625,-781.25,93.75,648.4375,-718.75,265.625
1021922,117.1875,500.0,851.5625,140.625,-703.125,726.5625,265.625,-921.875,328.125,593.75,-781.25,85.9375,640.625,-718.75,265.625
1021922,117.1875,500.0,851.5625,140.625,-703.125,726.5625,265.625,-921.875,328.125,593.75,-781.25,85.9375,640.625,-718.75,265.625
1021922,109.375,507.8125,851.5625,140.625,-703.125,726.5625,257.8125,-921.875,312.5,601.5625,-789.0625,85.9375,648.4375,-726.5625,265.625
1021922,109.375,507.8125,851.5625,140.625,-703.125,726.5625,257.8125,-921.875,312.5,601.5625,-789.0625,85.9375,648.4375,-726.5625,265.625
1021928,117.1875,507.8125,843.75,140.625,-703.125,718.75,257.8125,-921.875,328.125,601.5625,-789.0625,78.125,656.25,-726.5625,257.8125
1021928,117.1875,507.8125,843.75,140.625,-703.125,718.75,257.8125,-921.875,328.125,601.5625,-789.0625,78.125,656.25,-726.5625,257.8125
1022075,109.375,500.0,843.75,140.625,-703.125,726.5625,257.8125,-929.6875,320.3125,601.5625,-789.0625,93.75,640.625,-718.75,265.625
1022075,109.375,500.0,843.75,140.625,-703.125,726.5625,257.8125,-929.6875,320.3125,601.5625,-789.0625,93.75,640.625,-718.75,265.625
1022083,109.375,500.0,843.75,132.8125,-703.125,726.5625,257.8125,-921.875,328.125,601.5625,-789.0625,93.75,648.4375,-718.75,265.625
1022083,109.375,500.0,843.75,132.8125,-703.125,726.5625,257.8125,-921.875,328.125,601.5625,-789.0625,93.75,648.4375,-718.75,265.625
1022083,117.1875,500.0,851.5625,140.625,-703.125,726.5625,265.625,-921.875,312.5,609.375,-781.25,93.75,640.625,-718.75,257.8125
1022083,117.1875,500.0,851.5625,140.625,-703.125,726.5625,265.625,-921.875,312.5,609.375,-781.25,93.75,640.625,-718.75,257.8125
1022091,117.1875,507.8125,851.5625,140.625,-695.3125,718.75,257.8125,-929.6875,320.3125,609.375,-789.0625,85.9375,640.625,-718.75,265.625
1022091,117.1875,507.8125,851.5625,140.625,-695.3125,718.75,257.8125,-929.6875,320.3125,609.375,-789.0625,85.9375,640.625,-718.75,265.625
1022236,117.1875,492.1875,843.75,140.625,-703.125,726.5625,257.8125,-929.6875,320.3125,609.375,-796.875,85.9375,648.4375,-718.75,265.625
1022236,117.1875,492.1875,843.75,140.625,-703.125,726.5625,257.8125,-929.6875,320.3125,609.375,-796.875,85.9375,648.4375,-718.75,265.625
1022244,117.1875,492.1875,843.75,132.8125,-703.125,718.75,265.625,-929.6875,328.125,609.375,-781.25,78.125,648.4375,-718.75,265.625
1022244,117.1875,492.1875,843.75,132.8125,-703.125,718.75,265.625,-929.6875,328.125,609.375,-781.25,78.125,648.4375,-718.75,265.625
1022244,125.0,500.0,851.5625,148.4375,-695.3125,718.75,257.8125,-921.875,312.5,593.75,-789.0625,85.9375,648.4375,-718.75,257.8125
1022244,125.0,500.0,851.5625,148.4375,-695.3125,718.75,257.8125,-921.875,312.5,593.75,-789.0625,85.9375,648.4375,-718.75,257.8125
1022252,117.1875,500.0,843.75,140.625,-695.3125,726.5625,265.625,-921.875,328.125,601.5625,-789.0625,93.75,640.625,-718.75,257.8125
1022252,117.1875,500.0,843.75,140.625,-695.3125,726.5625,265.625,-921.875,328.125,601.5625,-789.0625,93.75,640.625,-718.75,257.8125
1022316,117.1875,492.1875,851.5625,148.4375,-710.9375,734.375,257.8125,-929.6875,320.3125,609.375,-789.0625,78.125,648.4375,-718.75,273.4375
1022316,117.1875,492.1875,851.5625,148.4375,-710.9375,734.375,257.8125,-929.6875,320.3125,609.375,-789.0625,78.125,648.4375,-718.75,273.4375
1022325,125.0,507.8125,851.5625,148.4375,-703.125,734.375,257.8125,-929.6875,328.125,609.375,-789.0625,93.75,648.4375,-718.75,265.625
1022325,125.0,507.8125,851.5625,148.4375,-703.125,734.375,257.8125,-929.6875,328.125,609.375,-789.0625,93.75,648.4375,-718.75,265.625
1022325,125.0,500.0,851.5625,140.625,-703.125,734.375,257.8125,-937.5,320.3125,609.375,-781.25,78.125,648.4375,-718.75,265.625
1022325,125.0,500.0,851.5625,140.625,-703.125,734.375,257.8125,-937.5,320.3125,609.375,-781.25,78.125,648.4375,-718.75,265.625
1022332,125.0,500.0,851.5625,140.625,-703.125,734.375,257.8125,-929.6875,312.5,609.375,-789.0625,85.9375,648.4375,-710.9375,265.625
1022332,125.0,500.0,851.5625,140.625,-703.125,734.375,257.8125,-929.6875,312.5,609.375,-789.0625,85.9375,648.4375,-710.9375,265.625
1022478,117.1875,500.0,859.375,140.625,-687.5,718.75,257.8125,-914.0625,320.3125,609.375,-789.0625,85.9375,648.4375,-710.9375,257.8125
1022478,117.1875,500.0,859.375,140.625,-687.5,718.75,257.8125,-914.0625,320.3125,609.375,-789.0625,85.9375,648.4375,-710.9375,257.8125
1022486,117.1875,500.0,843.75,148.4375,-695.3125,718.75,257.8125,-929.6875,320.3125,601.5625,-781.25,85.9375,648.4375,-710.9375,257.8125
1022486,117.1875,500.0,843.75,148.4375,-695.3125,718.75,257.8125,-929.6875,320.3125,601.5625,-781.25,85.9375,648.4375,-710.9375,257.8125
1022486,125.0,500.0,843.75,140.625,-695.3125,718.75,265.625,-921.875,320.3125,601.5625,-781.25,85.9375,648.4375,-710.9375,257.8125
1022486,125.0,500.0,843.75,140.625,-695.3125,718.75,265.625,-921.875,320.3125,601.5625,-781.25,85.9375,648.4375,-710.9375,257.8125
1022494,117.1875,507.8125,851.5625,140.625,-695.3125,726.5625,257.8125,-921.875,320.3125,601.5625,-781.25,85.9375,648.4375,-703.125,257.8125
1022494,117.1875,507.8125,851.5625,140.625,-695.3125,726.5625,257.8125,-921.875,320.3125,601.5625,-781.25,85.9375,648.4375,-703.125,257.8125
1022639,125.0,515.625,851.5625,148.4375,-710.9375,718.75,265.625,-921.875,320.3125,609.375,-796.875,85.9375,640.625,-718.75,273.4375
1022639,125.0,515.625,851.5625,148.4375,-710.9375,718.75,265.625,-921.875,320.3125,609.375,-796.875,85.9375,640.625,-718.75,273.4375
1022648,109.375,507.8125,843.75,148.4375,-703.125,726.5625,265.625,-929.6875,328.125,617.1875,-789.0625,85.9375,648.4375,-718.75,265.625
1022648,109.375,507.8125,843.75,148.4375,-703.125,726.5625,265.625,-929.6875,328.125,617.1875,-789.0625,85.9375,648.4375,-718.75,265.625
1022648,117.1875,492.1875,851.5625,148.4375,-703.125,726.5625,265.625,-929.6875,320.3125,601.5625,-796.875,85.9375,648.4375,-718.75,265.625
1022648,117.1875,492.1875,851.5625,148.4375,-703.125,726.5625,265.625,-929.6875,320.3125,601.5625,-796.875,85.9375,648.4375,-718.75,265.625
1022656,117.1875,500.0,843.75,140.625,-703.125,726.5625,265.625,-929.6875,320.3125,617.1875,-789.0625,78.125,648.4375,-718.75,265.625
1022656,117.1875,500.0,843.75,140.625,-703.125,726.5625,265.625,-929.6875,320.3125,617.1875,-789.0625,78.125,648.4375,-718.75,265.625
1022954,140.625,500.0,851.5625,148.4375,-695.3125,726.5625,273.4375,-921.875,320.3125,640.625,-773.4375,93.75,664.0625,-695.3125,273.4375
1022954,140.625,500.0,851.5625,148.4375,-695.3125,726.5625,273.4375,-921.875,320.3125,640.625,-773.4375,93.75,664.0625,-695.3125,273.4375
1022962,140.625,500.0,843.75,156.25,-695.3125,734.375,281.25,-921.875,328.125,625.0,-765.625,101.5625,679.6875,-703.125,273.4375
1022962,140.625,500.0,843.75,156.25,-695.3125,734.375,281.25,-921.875,328.125,625.0,-765.625,101.5625,679.6875,-703.125,273.4375
1022970,148.4375,500.0,843.75,156.25,-687.5,726.5625,289.0625,-914.0625,328.125,632.8125,-773.4375,85.9375,664.0625,-695.3125,273.4375
1022970,148.4375,500.0,843.75,156.25,-687.5,726.5625,289.0625,-914.0625,328.125,632.8125,-773.4375,85.9375,664.0625,-695.3125,273.4375
1022970,148.4375,507.8125,851.5625,156.25,-703.125,734.375,289.0625,-921.875,335.9375,632.8125,-773.4375,85.9375,671.875,-703.125,273.4375
1022970,148.4375,507.8125,851.5625,156.25,-703.125,734.375,289.0625,-921.875,335.9375,632.8125,-773.4375,85.9375,671.875,-703.125,273.4375
1023115,359.375,945.3125,1031.25,515.625,-796.875,1109.375,562.5,-1312.5,710.9375,992.1875,-921.875,382.8125,906.25,-828.125,554.6875
1023115,359.375,945.3125,1031.25,515.625,-796.875,1109.375,562.5,-1312.5,710.9375,992.1875,-921.875,382.8125,906.25,-828.125,554.6875
1023123,335.9375,882.8125,1023.4375,476.5625,-851.5625,1023.4375,601.5625,-1257.8125,656.25,945.3125,-929.6875,343.75,867.1875,-789.0625,429.6875
1023123,335.9375,882.8125,1023.4375,476.5625,-851.5625,1023.4375,601.5625,-1257.8125,656.25,945.3125,-929.6875,343.75,867.1875,-789.0625,429.6875
1023131,296.875,812.5,1039.0625,460.9375,-890.625,1000.0,562.5,-1218.75,625.0,882.8125,-914.0625,289.0625,804.6875,-789.0625,390.625
1023131,296.875,812.5,1039.0625,460.9375,-890.625,1000.0,562.5,-1218.75,625.0,882.8125,-914.0625,289.0625,804.6875,-789.0625,390.625
1023131,250.0,773.4375,1031.25,468.75,-851.5625,1007.8125,507.8125,-1156.25,554.6875,804.6875,-937.5,226.5625,781.25,-835.9375,421.875
1023131,250.0,773.4375,1031.25,468.75,-851.5625,1007.8125,507.8125,-1156.25,554.6875,804.6875,-937.5,226.5625,781.25,-835.9375,421.875
1023276,-289.0625,523.4375,945.3125,-265.625,-742.1875,398.4375,-398.4375,-937.5,-54.6875,-156.25,-960.9375,-304.6875,-171.875,-1023.4375,-109.375
1023276,-289.0625,523.4375,945.3125,-265.625,-742.1875,398.4375,-398.4375,-937.5,-54.6875,-156.25,-960.9375,-304.6875,-171.875,-1023.4375,-109.375
1023284,-210.9375,414.0625,1023.4375,-312.5,-937.5,343.75,-476.5625,-687.5,93.75,-234.375,-945.3125,-335.9375,-187.5,-1031.25,-125.0
1023284,-210.9375,414.0625,1023.4375,-312.5,-937.5,343.75,-476.5625,-687.5,93.75,-234.375,-945.3125,-335.9375,-187.5,-1031.25,-125.0
1023292,-109.375,335.9375,1015.625,-382.8125,-984.375,335.9375,-375.0,-929.6875,78.125,-187.5,-929.6875,-343.75,-218.75,-1031.25,-148.4375
1023292,-109.375,335.9375,1015.625,-382.8125,-984.375,335.9375,-375.0,-929.6875,78.125,-187.5,-929.6875,-343.75,-218.75,-1031.25,-148.4375
1023293,-46.875,273.4375,992.1875,-351.5625,-1007.8125,312.5,-304.6875,-1007.8125,109.375,-195.3125,-976.5625,-351.5625,-265.625,-1039.0625,-171.875
1023293,-46.875,273.4375,992.1875,-351.5625,-1007.8125,312.5,-304.6875,-1007.8125,109.375,-195.3125,-976.5625,-351.5625,-265.625,-1039.0625,-171.875
1023438,-640.625,15.625,562.5,-710.9375,-539.0625,218.75,-609.375,-578.125,195.3125,-546.875,-757.8125,0.0,-242.1875,-531.25,492.1875
1023438,-640.625,15.625,562.5,-710.9375,-539.0625,218.75,-609.375,-578.125,195.3125,-546.875,-757.8125,0.0,-242.1875,-531.25,492.1875
1023445,-656.25,23.4375,578.125,-726.5625,-531.25,187.5,-632.8125,-632.8125,203.125,-468.75,-882.8125,125.0,-156.25,-703.125,703.125
1023445,-656.25,23.4375,578.125,-726.5625,-531.25,187.5,-632.8125,-632.8125,203.125,-468.75,-882.8125,125.0,-156.25,-703.125,703.125
1023454,-609.375,62.5,609.375,-757.8125,-585.9375,148.4375,-656.25,-617.1875,242.1875,-296.875,-953.125,203.125,-289.0625,-710.9375,695.3125
1023454,-609.375,62.5,609.375,-757.8125,-585.9375,148.4375,-656.25,-617.1875,242.1875,-296.875,-953.125,203.125,-289.0625,-710.9375,695.3125
1023454,-546.875,93.75,640.625,-742.1875,-656.25,117.1875,-671.875,-664.0625,250.0,-382.8125,-835.9375,226.5625,-437.5,-656.25,562.5
1023454,-546.875,93.75,640.625,-742.1875,-656.25,117.1875,-671.875,-664.0625,250.0,-382.8125,-835.9375,226.5625,-437.5,-656.25,562.5
