1022672,-28923.125,-143360.0,-110429.375
1022672,-28923.125,-143360.0,-110429.375
1022683,-38093.125,-143360.0,-101880.625
1022683,-38093.125,-143360.0,-101880.625
1022694,-36312.5,-143360.0,-82153.75
1022694,-36312.5,-143360.0,-82153.75
1022703,-37336.25,-143360.0,-58432.5
1022703,-37336.25,-143360.0,-58432.5
1022714,-51870.0,-143360.0,-42091.875
1022714,-51870.0,-143360.0,-42091.875
1022724,-58030.0,-143360.0,-25331.25
1022724,-58030.0,-143360.0,-25331.25
1022735,-67554.375,139790.0,-13759.375
1022735,-67554.375,139790.0,-13759.375
1022744,-83711.25,117490.625,1308.125
1022744,-83711.25,117490.625,1308.125
1022755,-90969.375,95309.375,10701.25
1022755,-90969.375,95309.375,10701.25
1022765,-92640.625,86091.25,12035.625
1022765,-92640.625,86091.25,12035.625
1022776,-86646.875,80198.125,12871.25
1022776,-86646.875,80198.125,12871.25
1022786,-83851.25,75954.375,12018.125
1022786,-83851.25,75954.375,12018.125
1022796,-84783.125,73670.625,12341.875
1022796,-84783.125,73670.625,12341.875
1022807,-74493.125,70398.125,19223.75
1022807,-74493.125,70398.125,19223.75
1022817,-67668.125,65345.0,24928.75
1022817,-67668.125,65345.0,24928.75
1022827,-63214.375,60235.0,29325.625
1022827,-63214.375,60235.0,29325.625
1022838,-48855.625,58988.125,33381.25
1022838,-48855.625,58988.125,33381.25
1022849,-42931.875,54735.625,35350.0
1022849,-42931.875,54735.625,35350.0
1022858,-51961.875,39033.75,38994.375
1022858,-51961.875,39033.75,38994.375
1022868,-54530.0,17447.5,48763.75
1022868,-54530.0,17447.5,48763.75
1022879,-47849.375,12403.125,49078.75
1022879,-47849.375,12403.125,49078.75
1022890,-46790.625,16677.5,37218.125
1022890,-46790.625,16677.5,37218.125
1022899,-49708.75,11475.625,33626.25
1022899,-49708.75,11475.625,33626.25
1022910,-50163.75,2152.5,38425.625
1022910,-50163.75,2152.5,38425.625
1022920,-55151.25,-9511.25,46173.75
1022920,-55151.25,-9511.25,46173.75
1022931,-75770.625,-30611.875,57868.125
1022931,-75770.625,-30611.875,57868.125
1022941,-130011.875,-78351.875,91393.75
1022941,-130011.875,-78351.875,91393.75
1022951,-143360.0,-141067.5,142117.5
1022951,-143360.0,-141067.5,142117.5
1022961,-143053.75,-143355.625,-143360.0
1022961,-143053.75,-143355.625,-143360.0
1022972,-142953.125,-142436.875,142581.25
1022972,-142953.125,-142436.875,142581.25
1022982,-143360.0,-143185.0,143233.125
1022982,-143360.0,-143185.0,143233.125
1022992,-128380.0,-143355.625,-143360.0
1022992,-128380.0,-143355.625,-143360.0
1023003,-104755.0,-141085.0,143351.25
1023003,-104755.0,-141085.0,143351.25
1023013,-116615.625,-125702.5,143355.625
1023013,-116615.625,-125702.5,143355.625
1023023,-122215.625,-99933.75,138880.0
1023023,-122215.625,-99933.75,138880.0
1023034,62960.625,-40385.625,138648.125
1023034,62960.625,-40385.625,138648.125
1023044,113400.0,-52618.125,92540.0
1023044,113400.0,-52618.125,92540.0
1023054,73185.0,-40005.0,32160.625
1023054,73185.0,-40005.0,32160.625
1023065,71163.75,-21577.5,1535.625
1023065,71163.75,-21577.5,1535.625
1023075,54420.625,-13829.375,-11690.0
1023075,54420.625,-13829.375,-11690.0
1023085,28774.375,16782.5,-18567.5
1023085,28774.375,16782.5,-18567.5
1023095,9310.0,61849.375,-22859.375
1023095,9310.0,61849.375,-22859.375
1023106,-3648.75,98153.125,-25348.75
1023106,-3648.75,98153.125,-25348.75
1023116,-6658.75,113408.75,-30555.0
1023116,-6658.75,113408.75,-30555.0
1023127,-12963.125,117302.5,-50973.125
1023127,-12963.125,117302.5,-50973.125
1023136,-23091.25,117267.5,-92706.25
1023136,-23091.25,117267.5,-92706.25
1023147,-41409.375,103766.25,-143355.625
1023147,-41409.375,103766.25,-143355.625
1023158,-62680.625,92973.125,-143355.625
1023158,-62680.625,92973.125,-143355.625
1023168,18090.625,87311.875,-142463.125
1023168,18090.625,87311.875,-142463.125
1023178,14748.125,75241.25,-143290.0
1023178,14748.125,75241.25,-143290.0
1023188,-53081.875,81340.0,-143355.625
1023188,-53081.875,81340.0,-143355.625
1023199,-59902.5,71540.0,-143346.875
1023199,-59902.5,71540.0,-143346.875
1023209,-44498.125,51616.25,-122333.75
1023209,-44498.125,51616.25,-122333.75
1023219,-50754.375,23655.625,-77590.625
1023219,-50754.375,23655.625,-77590.625
1023230,-55654.375,-11711.875,-31500.0
1023230,-55654.375,-11711.875,-31500.0
1023240,-40136.25,-30156.875,2712.5
1023240,-40136.25,-30156.875,2712.5
1023250,-28590.625,-27855.625,14940.625
1023250,-28590.625,-27855.625,14940.625
1023261,-23388.75,-26403.125,20706.875
1023261,-23388.75,-26403.125,20706.875
1023271,-2913.75,-37550.625,40263.125
1023271,-2913.75,-37550.625,40263.125
1023281,33862.5,-73241.875,83619.375
1023281,33862.5,-73241.875,83619.375
1023291,26306.875,-129342.5,134295.0
1023291,26306.875,-129342.5,134295.0
1023302,-28857.5,-143355.625,-143360.0
1023302,-28857.5,-143355.625,-143360.0
1023312,-60287.5,-142708.125,143075.625
1023312,-60287.5,-142708.125,143075.625
1023322,-32357.5,-131744.375,143075.625
1023322,-32357.5,-131744.375,143075.625
1023333,17513.125,-111387.5,141903.125
1023333,17513.125,-111387.5,141903.125
1023343,-30537.5,-115976.875,112634.375
1023343,-30537.5,-115976.875,112634.375
1023354,-75166.875,-125068.125,80587.5
1023354,-75166.875,-125068.125,80587.5
1023364,-27378.75,-125671.875,84818.125
1023364,-27378.75,-125671.875,84818.125
1023374,56568.75,-87626.875,49818.125
1023374,56568.75,-87626.875,49818.125
1023385,45320.625,-82613.125,5569.375
1023385,45320.625,-82613.125,5569.375
1023396,30388.75,-61403.125,-22728.125
1023396,30388.75,-61403.125,-22728.125
1023405,20720.0,-49341.25,-27260.625
1023405,20720.0,-49341.25,-27260.625
1023415,11786.25,-37117.5,-17018.75
1023415,11786.25,-37117.5,-17018.75
1023426,7210.0,-24530.625,-4488.75
1023426,7210.0,-24530.625,-4488.75
1023436,5114.375,-13873.125,3333.75
1023436,5114.375,-13873.125,3333.75
1023446,7752.5,-4935.0,5503.75
1023446,7752.5,-4935.0,5503.75
1023457,10723.125,721.875,6278.125
1023457,10723.125,721.875,6278.125
1023467,8715.0,3810.625,8443.75
1023467,8715.0,3810.625,8443.75
1023477,4060.0,2686.25,9642.5
1023477,4060.0,2686.25,9642.5
1023488,6575.625,4681.25,8264.375
1023488,6575.625,4681.25,8264.375
1023498,5840.625,7210.0,9900.625
1023498,5840.625,7210.0,9900.625
1023508,6728.75,11138.75,11637.5
1023508,6728.75,11138.75,11637.5
1023519,8365.0,14516.25,14297.5
1023519,8365.0,14516.25,14297.5
1023529,11506.25,18077.5,16620.625
1023529,11506.25,18077.5,16620.625
1023539,15150.625,20921.25,16126.25
1023539,15150.625,20921.25,16126.25
1023550,17806.25,20755.0,13829.375
1023550,17806.25,20755.0,13829.375
1023560,18742.5,17123.75,10530.625
1023560,18742.5,17123.75,10530.625
1023570,17854.375,11755.625,6965.0
1023570,17854.375,11755.625,6965.0
1023580,15155.0,5376.875,4410.0
1023580,15155.0,5376.875,4410.0
1023591,11558.75,-175.0,2747.5
1023591,11558.75,-175.0,2747.5
1023601,9222.5,-2218.125,2716.875
1023601,9222.5,-2218.125,2716.875
1023611,9021.25,-2563.75,3618.125
1023611,9021.25,-2563.75,3618.125
1023622,8841.875,-2056.25,3478.125
1023622,8841.875,-2056.25,3478.125
1023632,7949.375,-1391.25,1666.875
1023632,7949.375,-1391.25,1666.875
1023642,7240.625,-673.75,-787.5
1023642,7240.625,-673.75,-787.5
1023653,6693.75,-83.125,-2410.625
1023653,6693.75,-83.125,-2410.625
1023663,6195.0,227.5,-2436.875
1023663,6195.0,227.5,-2436.875
1023673,5630.625,100.625,-2003.75
1023673,5630.625,100.625,-2003.75
1023684,5936.875,1255.625,-2734.375
1023684,5936.875,1255.625,-2734.375
1023694,6050.625,2590.0,-3377.5
1023694,6050.625,2590.0,-3377.5
1023704,6186.25,4379.375,-2471.875
1023704,6186.25,4379.375,-2471.875
1023715,6422.5,5044.375,-546.875
1023715,6422.5,5044.375,-546.875
1023725,6356.875,3001.25,-13.125
1023725,6356.875,3001.25,-13.125
1023735,4996.25,-2393.125,-2489.375
1023735,4996.25,-2393.125,-2489.375
1023746,3657.5,-5127.5,-4711.875
1023746,3657.5,-5127.5,-4711.875
1023756,2738.75,-5700.625,-4606.875
1023756,2738.75,-5700.625,-4606.875
1023766,3482.5,-4799.375,-2629.375
1023766,3482.5,-4799.375,-2629.375
1023776,4746.875,-2839.375,56.875
1023776,4746.875,-2839.375,56.875
1023787,6868.75,-608.125,1920.625
1023787,6868.75,-608.125,1920.625
1023797,8710.625,363.125,1671.25
1023797,8710.625,363.125,1671.25
1023808,7984.375,-1054.375,411.25
1023808,7984.375,-1054.375,411.25
1023817,5503.75,-2826.25,-564.375
1023817,5503.75,-2826.25,-564.375
1023828,4064.375,-3513.125,-358.75
1023828,4064.375,-3513.125,-358.75
1023838,3600.625,-3311.875,1163.75
1023838,3600.625,-3311.875,1163.75
1023849,4812.5,-2668.75,2996.875
1023849,4812.5,-2668.75,2996.875
1023860,6536.25,-879.375,2940.0
1023860,6536.25,-879.375,2940.0
1023869,5941.25,590.625,2695.0
1023869,5941.25,590.625,2695.0
1023880,4073.125,1653.75,2471.875
1023880,4073.125,1653.75,2471.875
1023890,2161.25,2594.375,2266.25
1023890,2161.25,2594.375,2266.25
1023901,1736.875,3640.0,2445.625
1023901,1736.875,3640.0,2445.625
1023911,2358.125,4541.25,3408.125
1023911,2358.125,4541.25,3408.125
1023921,3399.375,5910.625,4095.0
1023921,3399.375,5910.625,4095.0
1023931,2769.375,7840.0,3806.25
1023931,2769.375,7840.0,3806.25
1023942,1321.25,8553.125,3368.75
1023942,1321.25,8553.125,3368.75
1023952,-1023.75,9467.5,1456.875
1023952,-1023.75,9467.5,1456.875
1023962,-3561.25,9935.625,-1548.75
1023962,-3561.25,9935.625,-1548.75
1023973,-4086.25,10920.0,-3565.625
1023973,-4086.25,10920.0,-3565.625
1023983,-2931.25,13986.875,-5171.25
1023983,-2931.25,13986.875,-5171.25
1023993,-1137.5,17657.5,-6759.375
1023993,-1137.5,17657.5,-6759.375
1024003,1312.5,19858.125,-6956.25
1024003,1312.5,19858.125,-6956.25
1024014,4200.0,18711.875,-5131.875
1024014,4200.0,18711.875,-5131.875
1024024,4318.125,15150.625,-3552.5
1024024,4318.125,15150.625,-3552.5
1024034,3066.875,10504.375,-2839.375
1024034,3066.875,10504.375,-2839.375
1024045,3211.25,7463.75,-2625.0
1024045,3211.25,7463.75,-2625.0
1024056,3040.625,5053.125,-2865.625
1024056,3040.625,5053.125,-2865.625
1024065,3268.125,3946.25,-2817.5
1024065,3268.125,3946.25,-2817.5
1024075,3670.625,4239.375,-2585.625
1024075,3670.625,4239.375,-2585.625
1024086,3762.5,4331.25,-1693.125
1024086,3762.5,4331.25,-1693.125
1024097,4445.0,3609.375,-406.875
1024097,4445.0,3609.375,-406.875
1024107,4475.625,2415.0,109.375
1024107,4475.625,2415.0,109.375
1024117,3605.0,2240.0,-616.875
1024117,3605.0,2240.0,-616.875
1024127,2178.75,1697.5,-1286.25
1024127,2178.75,1697.5,-1286.25
1024138,2209.375,625.625,-1618.75
1024138,2209.375,625.625,-1618.75
1024148,2594.375,-529.375,-2021.25
1024148,2594.375,-529.375,-2021.25
1024158,2756.25,-1487.5,-2331.875
1024158,2756.25,-1487.5,-2331.875
1024169,2568.125,-2240.0,-2428.125
1024169,2568.125,-2240.0,-2428.125
1024179,2283.75,-2878.75,-1863.75
1024179,2283.75,-2878.75,-1863.75
1024189,2060.625,-2450.0,-1483.125
1024189,2060.625,-2450.0,-1483.125
1024200,2117.5,-1137.5,-1456.875
1024200,2117.5,-1137.5,-1456.875
1024210,1207.5,-533.75,-1815.625
1024210,1207.5,-533.75,-1815.625
1024220,214.375,-660.625,-1955.625
1024220,214.375,-660.625,-1955.625
1024230,-371.875,-848.75,-1890.0
1024230,-371.875,-848.75,-1890.0
1024241,-481.25,-393.75,-2100.0
1024241,-481.25,-393.75,-2100.0
1024252,297.5,-4.375,-2060.625
1024252,297.5,-4.375,-2060.625
1024261,901.25,-262.5,-1999.375
1024261,901.25,-262.5,-1999.375
1024272,686.875,-581.875,-1811.25
1024272,686.875,-581.875,-1811.25
1024282,236.25,-857.5,-2196.25
1024282,236.25,-857.5,-2196.25
1024293,-538.125,-1513.75,-2594.375
1024293,-538.125,-1513.75,-2594.375
1024302,-940.625,-1295.0,-2953.125
1024302,-940.625,-1295.0,-2953.125
1024313,-901.25,-1128.75,-2913.75
1024313,-901.25,-1128.75,-2913.75
1024323,183.75,-1509.375,-2261.875
1024323,183.75,-1509.375,-2261.875
1024334,2016.875,-1846.25,-1754.375
1024334,2016.875,-1846.25,-1754.375
1024344,2817.5,-2279.375,-1636.25
1024344,2817.5,-2279.375,-1636.25
1024354,2524.375,-2961.875,-1408.75
1024354,2524.375,-2961.875,-1408.75
1024365,1973.125,-3959.375,-831.25
1024365,1973.125,-3959.375,-831.25
1024375,1841.875,-4322.5,-271.25
1024375,1841.875,-4322.5,-271.25
1024385,2051.875,-3513.125,328.125
1024385,2051.875,-3513.125,328.125
1024395,2537.5,-1723.75,1500.625
1024395,2537.5,-1723.75,1500.625
1024406,3548.125,494.375,2283.75
1024406,3548.125,494.375,2283.75
1024416,3670.625,1391.25,1671.25
1024416,3670.625,1391.25,1671.25
1024426,3670.625,428.75,735.0
1024426,3670.625,428.75,735.0
1024437,3386.25,-870.625,-293.125
1024437,3386.25,-870.625,-293.125
1024447,3010.0,-4169.375,-2117.5
1024447,3010.0,-4169.375,-2117.5
1024457,3797.5,-9314.375,-5066.25
1024457,3797.5,-9314.375,-5066.25
1024468,4497.5,-10941.875,-7634.375
1024468,4497.5,-10941.875,-7634.375
1024478,5337.5,-9305.625,-8242.5
1024478,5337.5,-9305.625,-8242.5
1024488,5718.125,-6973.75,-7485.625
1024488,5718.125,-6973.75,-7485.625
1024499,9756.25,-1671.25,-9240.0
1024499,9756.25,-1671.25,-9240.0
1024509,17797.5,13558.125,-13146.875
1024509,17797.5,13558.125,-13146.875
1024519,29806.875,39121.25,-14131.25
1024519,29806.875,39121.25,-14131.25
1024530,40315.625,54145.0,-13689.375
1024530,40315.625,54145.0,-13689.375
1024540,32808.125,43378.125,-14525.0
1024540,32808.125,43378.125,-14525.0
1024550,6566.875,21301.875,-28643.125
1024550,6566.875,21301.875,-28643.125
1024561,-7708.75,8303.75,-32690.0
1024561,-7708.75,8303.75,-32690.0
1024571,14030.625,10950.625,-23883.125
1024571,14030.625,10950.625,-23883.125
1024581,10342.5,9800.0,-14503.125
1024581,10342.5,9800.0,-14503.125
1024591,11046.875,12333.125,-3683.75
1024591,11046.875,12333.125,-3683.75
1024603,8347.5,8566.25,-319.375
1024603,8347.5,8566.25,-319.375
1024612,1671.25,319.375,1732.5
1024612,1671.25,319.375,1732.5
1024623,3780.0,-905.625,4637.5
1024623,3780.0,-905.625,4637.5
1024633,6440.0,713.125,5551.875
1024633,6440.0,713.125,5551.875
1024643,4878.125,1798.125,5053.125
1024643,4878.125,1798.125,5053.125
1024653,1316.875,735.0,3605.0
1024653,1316.875,735.0,3605.0
1024664,148.75,-2633.75,2891.875
1024664,148.75,-2633.75,2891.875
1024673,560.0,-6650.0,1662.5
1024673,560.0,-6650.0,1662.5
1024684,809.375,-7621.25,-761.25
1024684,809.375,-7621.25,-761.25
1024695,791.875,-6982.5,-2069.375
1024695,791.875,-6982.5,-2069.375
1024705,1106.875,-5359.375,-861.875
1024705,1106.875,-5359.375,-861.875
1024715,2170.0,-2485.0,949.375
1024715,2170.0,-2485.0,949.375
1024726,2476.25,-380.625,2393.125
1024726,2476.25,-380.625,2393.125
1024736,2143.75,1146.25,2970.625
1024736,2143.75,1146.25,2970.625
1024746,822.5,1658.125,3486.875
1024746,822.5,1658.125,3486.875
1024757,875.0,1583.75,3845.625
1024757,875.0,1583.75,3845.625
1024767,1693.125,1894.375,3504.375
1024767,1693.125,1894.375,3504.375
1024777,2441.25,2655.625,2743.125
1024777,2441.25,2655.625,2743.125
1024788,2804.375,3285.625,2200.625
1024788,2804.375,3285.625,2200.625
1024798,2222.5,2156.875,2170.0
1024798,2222.5,2156.875,2170.0
1024807,1448.125,1102.5,2187.5
1024807,1448.125,1102.5,2187.5
1024819,638.75,1146.25,2476.25
1024819,638.75,1146.25,2476.25
1024829,573.125,1465.625,3430.0
1024829,573.125,1465.625,3430.0
1024839,791.875,2275.0,4003.125
1024839,791.875,2275.0,4003.125
1024850,1207.5,2843.75,3902.5
1024850,1207.5,2843.75,3902.5
1024860,2310.0,2165.625,1999.375
1024860,2310.0,2165.625,1999.375
1024869,3325.0,-258.125,-1535.625
1024869,3325.0,-258.125,-1535.625
1024880,2686.25,-1977.5,-3486.875
1024880,2686.25,-1977.5,-3486.875
1024891,2183.125,-2996.875,-2944.375
1024891,2183.125,-2996.875,-2944.375
1024901,2213.75,-3224.375,-1575.0
1024901,2213.75,-3224.375,-1575.0
1024912,2384.375,-2165.625,-673.75
1024912,2384.375,-2165.625,-673.75
1024922,3644.375,-1308.125,459.375
1024922,3644.375,-1308.125,459.375
1024932,5320.0,-809.375,761.25
1024932,5320.0,-809.375,761.25
1024942,5950.0,-1063.125,415.625
1024942,5950.0,-1063.125,415.625
1024953,6037.5,-3180.625,-319.375
1024953,6037.5,-3180.625,-319.375
1024963,4025.0,-4641.875,-1124.375
1024963,4025.0,-4641.875,-1124.375
1024973,2550.625,-4834.375,-1369.375
1024973,2550.625,-4834.375,-1369.375
1024984,2257.5,-4563.125,-678.125
1024984,2257.5,-4563.125,-678.125
1024994,2349.375,-3714.375,503.125
1024994,2349.375,-3714.375,503.125
1025004,2104.375,-2572.5,1526.875
1025004,2104.375,-2572.5,1526.875
1025015,2253.125,-840.0,2025.625
1025015,2253.125,-840.0,2025.625
1025025,2520.0,1120.0,2305.625
1025025,2520.0,1120.0,2305.625
1025035,2699.375,2826.25,2703.75
1025035,2699.375,2826.25,2703.75
1025046,2511.25,3915.625,2800.0
1025046,2511.25,3915.625,2800.0
1025056,2765.0,4248.125,2318.75
1025056,2765.0,4248.125,2318.75
1025066,3780.0,4633.125,1955.625
1025066,3780.0,4633.125,1955.625
1025077,3823.75,4361.875,1933.75
1025077,3823.75,4361.875,1933.75
1025087,4357.5,4501.875,1894.375
1025087,4357.5,4501.875,1894.375
1025097,4309.375,4598.125,1911.875
1025097,4309.375,4598.125,1911.875
1025108,3456.25,3976.875,2489.375
1025108,3456.25,3976.875,2489.375
1025118,2983.75,3705.625,2835.0
1025118,2983.75,3705.625,2835.0
1025128,2502.5,3661.875,1995.0
1025128,2502.5,3661.875,1995.0
1025138,2673.125,3215.625,1207.5
1025138,2673.125,3215.625,1207.5
1025149,3364.375,3268.125,1106.875
1025149,3364.375,3268.125,1106.875
1025159,3648.75,3180.625,1920.625
1025159,3648.75,3180.625,1920.625
1025169,3128.125,2821.875,2375.625
1025169,3128.125,2821.875,2375.625
1025180,1798.125,1960.0,984.375
1025180,1798.125,1960.0,984.375
1025190,953.75,345.625,-481.25
1025190,953.75,345.625,-481.25
1025200,1141.875,-227.5,-621.25
1025200,1141.875,-227.5,-621.25
1025211,1728.125,21.875,140.0
1025211,1728.125,21.875,140.0
1025221,2493.75,805.0,940.625
1025221,2493.75,805.0,940.625
1025231,2996.875,1776.25,1190.0
1025231,2996.875,1776.25,1190.0
1025242,3403.75,2375.625,1045.625
1025242,3403.75,2375.625,1045.625
1025252,2677.5,2537.5,105.0
1025252,2677.5,2537.5,105.0
1025263,2345.0,2301.25,-538.125
1025263,2345.0,2301.25,-538.125
1025273,2537.5,2730.0,-280.0
1025273,2537.5,2730.0,-280.0
1025283,2401.875,3106.25,-420.0
1025283,2401.875,3106.25,-420.0
1025293,2765.0,3049.375,-765.625
1025293,2765.0,3049.375,-765.625
1025305,2528.75,1671.25,-363.125
1025305,2528.75,1671.25,-363.125
1025314,2261.875,131.25,568.75
1025314,2261.875,131.25,568.75
1025324,2576.875,-8.75,1133.125
1025324,2576.875,-8.75,1133.125
1025335,2786.875,739.375,914.375
1025335,2786.875,739.375,914.375
1025345,3115.0,1649.375,389.375
1025345,3115.0,1649.375,389.375
1025355,2730.0,1579.375,-100.625
1025355,2730.0,1579.375,-100.625
1025365,1719.375,765.625,-148.75
1025365,1719.375,765.625,-148.75
1025376,1509.375,896.875,-249.375
1025376,1509.375,896.875,-249.375
1025386,2086.875,1312.5,161.875
1025386,2086.875,1312.5,161.875
1025396,3211.25,1216.25,647.5
1025396,3211.25,1216.25,647.5
1025407,4046.875,1728.125,831.25
1025407,4046.875,1728.125,831.25
1025417,3863.125,2436.875,1071.875
1025417,3863.125,2436.875,1071.875
1025426,3320.625,2677.5,1518.125
1025426,3320.625,2677.5,1518.125
1025438,2773.75,2345.0,2073.75
1025438,2773.75,2345.0,2073.75
1025448,2375.625,1465.625,2314.375
1025448,2375.625,1465.625,2314.375
1025459,2935.625,1120.0,2135.0
1025459,2935.625,1120.0,2135.0
1025469,3920.0,1430.625,2095.625
1025469,3920.0,1430.625,2095.625
1025479,4296.25,1426.25,2003.75
1025479,4296.25,1426.25,2003.75
1025489,4388.125,953.75,1863.75
1025489,4388.125,953.75,1863.75
1025500,4252.5,411.25,1723.75
1025500,4252.5,411.25,1723.75
1025510,4007.5,175.0,1640.625
1025510,4007.5,175.0,1640.625
1025520,3893.75,78.75,1448.125
1025520,3893.75,78.75,1448.125
1025531,3854.375,192.5,761.25
1025531,3854.375,192.5,761.25
1025541,3517.5,-984.375,188.125
1025541,3517.5,-984.375,188.125
1025551,3110.625,-1881.25,-43.75
1025551,3110.625,-1881.25,-43.75
1025561,3290.0,-2861.25,153.125
1025561,3290.0,-2861.25,153.125
1025572,4239.375,-3036.25,625.625
1025572,4239.375,-3036.25,625.625
1025582,4773.125,-2808.75,1001.875
1025582,4773.125,-2808.75,1001.875
1025592,4935.0,-2528.75,1303.75
1025592,4935.0,-2528.75,1303.75
1025603,5110.0,-2139.375,1990.625
1025603,5110.0,-2139.375,1990.625
1025614,5228.125,-1054.375,2410.625
1025614,5228.125,-1054.375,2410.625
1025623,4287.5,-21.875,2288.125
1025623,4287.5,-21.875,2288.125
1025634,2821.875,-100.625,2288.125
1025634,2821.875,-100.625,2288.125
1025643,3924.375,568.75,2065.0
1025643,3924.375,568.75,2065.0
1025655,7393.75,3434.375,748.125
1025655,7393.75,3434.375,748.125
1025665,8509.375,3723.125,-546.875
1025665,8509.375,3723.125,-546.875
1025675,7000.0,1999.375,-809.375
1025675,7000.0,1999.375,-809.375
1025685,4908.75,-433.125,-700.0
1025685,4908.75,-433.125,-700.0
1025696,2003.75,-3263.75,-984.375
1025696,2003.75,-3263.75,-984.375
1025706,870.625,-4917.5,-1513.75
1025706,870.625,-4917.5,-1513.75
1025716,2415.0,-5573.75,-2091.25
1025716,2415.0,-5573.75,-2091.25
1025727,4602.5,-5858.125,-2843.75
1025727,4602.5,-5858.125,-2843.75
1025737,5460.0,-5031.25,-3491.25
1025737,5460.0,-5031.25,-3491.25
1025747,4576.25,-4856.25,-3766.875
1025747,4576.25,-4856.25,-3766.875
