1039194,23.4375,515.625,851.5625,-46.875,-789.0625,648.4375,171.875,-960.9375,273.4375,523.4375,-835.9375,-132.8125,539.0625,-835.9375,7.8125
1039194,23.4375,515.625,851.5625,-46.875,-789.0625,648.4375,171.875,-960.9375,273.4375,523.4375,-835.9375,-132.8125,539.0625,-835.9375,7.8125
1039194,23.4375,515.625,859.375,-54.6875,-796.875,656.25,171.875,-968.75,273.4375,531.25,-835.9375,-140.625,546.875,-843.75,23.4375
1039194,23.4375,515.625,859.375,-54.6875,-796.875,656.25,171.875,-968.75,273.4375,531.25,-835.9375,-140.625,546.875,-843.75,23.4375
1039203,23.4375,507.8125,859.375,-54.6875,-796.875,648.4375,171.875,-968.75,265.625,523.4375,-835.9375,-140.625,539.0625,-843.75,23.4375
1039203,23.4375,507.8125,859.375,-54.6875,-796.875,648.4375,171.875,-968.75,265.625,523.4375,-835.9375,-140.625,539.0625,-843.75,23.4375
1039203,23.4375,515.625,859.375,-54.6875,-796.875,648.4375,164.0625,-968.75,273.4375,531.25,-828.125,-140.625,546.875,-843.75,15.625
1039203,23.4375,515.625,859.375,-54.6875,-796.875,648.4375,164.0625,-968.75,273.4375,531.25,-828.125,-140.625,546.875,-843.75,15.625
1039356,39.0625,507.8125,859.375,-46.875,-796.875,656.25,171.875,-960.9375,273.4375,531.25,-828.125,-140.625,546.875,-843.75,15.625
1039356,39.0625,507.8125,859.375,-46.875,-796.875,656.25,171.875,-960.9375,273.4375,531.25,-828.125,-140.625,546.875,-843.75,15.625
1039356,31.25,515.625,851.5625,-46.875,-789.0625,656.25,179.6875,-960.9375,273.4375,531.25,-828.125,-148.4375,546.875,-835.9375,23.4375
1039356,31.25,515.625,851.5625,-46.875,-789.0625,656.25,179.6875,-960.9375,273.4375,531.25,-828.125,-148.4375,546.875,-835.9375,23.4375
1039365,31.25,507.8125,851.5625,-46.875,-789.0625,648.4375,171.875,-968.75,289.0625,523.4375,-835.9375,-148.4375,546.875,-835.9375,23.4375
1039365,31.25,507.8125,851.5625,-46.875,-789.0625,648.4375,171.875,-968.75,289.0625,523.4375,-835.9375,-148.4375,546.875,-835.9375,23.4375
1039365,31.25,515.625,851.5625,-46.875,-796.875,648.4375,179.6875,-960.9375,273.4375,531.25,-835.9375,-132.8125,546.875,-835.9375,15.625
1039365,31.25,515.625,851.5625,-46.875,-796.875,648.4375,179.6875,-960.9375,273.4375,531.25,-835.9375,-132.8125,546.875,-835.9375,15.625
1039437,39.0625,507.8125,859.375,-46.875,-781.25,656.25,179.6875,-960.9375,281.25,523.4375,-820.3125,-140.625,539.0625,-835.9375,15.625
1039437,39.0625,507.8125,859.375,-46.875,-781.25,656.25,179.6875,-960.9375,281.25,523.4375,-820.3125,-140.625,539.0625,-835.9375,15.625
1039437,31.25,507.8125,859.375,-54.6875,-789.0625,648.4375,171.875,-960.9375,273.4375,531.25,-828.125,-140.625,546.875,-835.9375,23.4375
1039437,31.25,507.8125,859.375,-54.6875,-789.0625,648.4375,171.875,-960.9375,273.4375,531.25,-828.125,-140.625,546.875,-835.9375,23.4375
1039445,39.0625,515.625,851.5625,-46.875,-781.25,648.4375,171.875,-953.125,281.25,539.0625,-828.125,-140.625,539.0625,-835.9375,15.625
1039445,39.0625,515.625,851.5625,-46.875,-781.25,648.4375,171.875,-953.125,281.25,539.0625,-828.125,-140.625,539.0625,-835.9375,15.625
1039445,31.25,507.8125,859.375,-46.875,-789.0625,656.25,171.875,-960.9375,281.25,531.25,-828.125,-140.625,554.6875,-828.125,15.625
1039445,31.25,507.8125,859.375,-46.875,-789.0625,656.25,171.875,-960.9375,281.25,531.25,-828.125,-140.625,554.6875,-828.125,15.625
1039598,23.4375,500.0,851.5625,-46.875,-789.0625,656.25,171.875,-968.75,281.25,523.4375,-835.9375,-132.8125,546.875,-828.125,23.4375
1039598,23.4375,500.0,851.5625,-46.875,-789.0625,656.25,171.875,-968.75,281.25,523.4375,-835.9375,-132.8125,546.875,-828.125,23.4375
1039598,23.4375,500.0,859.375,-54.6875,-796.875,648.4375,171.875,-968.75,273.4375,531.25,-828.125,-140.625,546.875,-843.75,23.4375
1039598,23.4375,500.0,859.375,-54.6875,-796.875,648.4375,171.875,-968.75,273.4375,531.25,-828.125,-140.625,546.875,-843.75,23.4375
1039607,23.4375,500.0,851.5625,-46.875,-796.875,648.4375,171.875,-968.75,273.4375,531.25,-835.9375,-132.8125,546.875,-835.9375,7.8125
1039607,23.4375,500.0,851.5625,-46.875,-796.875,648.4375,171.875,-968.75,273.4375,531.25,-835.9375,-132.8125,546.875,-835.9375,7.8125
1039607,31.25,507.8125,859.375,-46.875,-796.875,640.625,171.875,-968.75,281.25,523.4375,-828.125,-140.625,546.875,-835.9375,15.625
1039607,31.25,507.8125,859.375,-46.875,-796.875,640.625,171.875,-968.75,281.25,523.4375,-828.125,-140.625,546.875,-835.9375,15.625
1039759,31.25,507.8125,859.375,-46.875,-789.0625,648.4375,171.875,-960.9375,273.4375,531.25,-828.125,-140.625,546.875,-835.9375,15.625
1039759,31.25,507.8125,859.375,-46.875,-789.0625,648.4375,171.875,-960.9375,273.4375,531.25,-828.125,-140.625,546.875,-835.9375,15.625
1039759,31.25,515.625,859.375,-46.875,-789.0625,648.4375,171.875,-960.9375,281.25,523.4375,-828.125,-132.8125,554.6875,-828.125,23.4375
1039759,31.25,515.625,859.375,-46.875,-789.0625,648.4375,171.875,-960.9375,281.25,523.4375,-828.125,-132.8125,554.6875,-828.125,23.4375
1039768,31.25,507.8125,851.5625,-46.875,-796.875,648.4375,171.875,-960.9375,273.4375,531.25,-835.9375,-132.8125,546.875,-835.9375,15.625
1039768,31.25,507.8125,851.5625,-46.875,-796.875,648.4375,171.875,-960.9375,273.4375,531.25,-835.9375,-132.8125,546.875,-835.9375,15.625
1039768,39.0625,507.8125,843.75,-46.875,-781.25,656.25,171.875,-960.9375,281.25,523.4375,-835.9375,-132.8125,546.875,-835.9375,15.625
1039768,39.0625,507.8125,843.75,-46.875,-781.25,656.25,171.875,-960.9375,281.25,523.4375,-835.9375,-132.8125,546.875,-835.9375,15.625
1039920,39.0625,539.0625,843.75,-23.4375,-789.0625,679.6875,187.5,-968.75,289.0625,554.6875,-843.75,-117.1875,570.3125,-835.9375,23.4375
1039920,39.0625,539.0625,843.75,-23.4375,-789.0625,679.6875,187.5,-968.75,289.0625,554.6875,-843.75,-117.1875,570.3125,-835.9375,23.4375
1039921,70.3125,500.0,867.1875,-23.4375,-804.6875,679.6875,195.3125,-976.5625,304.6875,562.5,-835.9375,-117.1875,562.5,-828.125,15.625
1039921,70.3125,500.0,867.1875,-23.4375,-804.6875,679.6875,195.3125,-976.5625,304.6875,562.5,-835.9375,-117.1875,562.5,-828.125,15.625
1039929,70.3125,500.0,906.25,-23.4375,-765.625,679.6875,195.3125,-968.75,312.5,562.5,-843.75,-117.1875,585.9375,-812.5,39.0625
1039929,70.3125,500.0,906.25,-23.4375,-765.625,679.6875,195.3125,-968.75,312.5,562.5,-843.75,-117.1875,585.9375,-812.5,39.0625
1039929,62.5,539.0625,859.375,-31.25,-796.875,695.3125,210.9375,-968.75,312.5,578.125,-851.5625,-132.8125,609.375,-851.5625,62.5
1039929,62.5,539.0625,859.375,-31.25,-796.875,695.3125,210.9375,-968.75,312.5,578.125,-851.5625,-132.8125,609.375,-851.5625,62.5
1040073,125.0,601.5625,960.9375,78.125,-789.0625,796.875,546.875,-1164.0625,523.4375,796.875,-992.1875,23.4375,671.875,-1015.625,187.5
1040073,125.0,601.5625,960.9375,78.125,-789.0625,796.875,546.875,-1164.0625,523.4375,796.875,-992.1875,23.4375,671.875,-1015.625,187.5
1040082,125.0,625.0,976.5625,46.875,-921.875,835.9375,507.8125,-1265.625,570.3125,695.3125,-945.3125,54.6875,695.3125,-968.75,148.4375
1040082,125.0,625.0,976.5625,46.875,-921.875,835.9375,507.8125,-1265.625,570.3125,695.3125,-945.3125,54.6875,695.3125,-968.75,148.4375
1040082,125.0,656.25,960.9375,31.25,-929.6875,929.6875,359.375,-1281.25,562.5,757.8125,-976.5625,70.3125,664.0625,-945.3125,156.25
1040082,125.0,656.25,960.9375,31.25,-929.6875,929.6875,359.375,-1281.25,562.5,757.8125,-976.5625,70.3125,664.0625,-945.3125,156.25
1040090,85.9375,687.5,937.5,23.4375,-882.8125,929.6875,250.0,-1234.375,523.4375,648.4375,-937.5,85.9375,656.25,-953.125,156.25
1040090,85.9375,687.5,937.5,23.4375,-882.8125,929.6875,250.0,-1234.375,523.4375,648.4375,-937.5,85.9375,656.25,-953.125,156.25
1040252,-125.0,640.625,867.1875,-85.9375,-890.625,664.0625,85.9375,-1046.875,312.5,437.5,-1000.0,-62.5,414.0625,-960.9375,132.8125
1040252,-125.0,640.625,867.1875,-85.9375,-890.625,664.0625,85.9375,-1046.875,312.5,437.5,-1000.0,-62.5,414.0625,-960.9375,132.8125
1040252,-148.4375,656.25,867.1875,-125.0,-812.5,679.6875,62.5,-1054.6875,296.875,414.0625,-984.375,-62.5,414.0625,-968.75,78.125
1040252,-148.4375,656.25,867.1875,-125.0,-812.5,679.6875,62.5,-1054.6875,296.875,414.0625,-984.375,-62.5,414.0625,-968.75,78.125
1040260,-148.4375,648.4375,875.0,-132.8125,-835.9375,671.875,46.875,-1054.6875,296.875,406.25,-976.5625,-70.3125,406.25,-984.375,70.3125
1040260,-148.4375,648.4375,875.0,-132.8125,-835.9375,671.875,46.875,-1054.6875,296.875,406.25,-976.5625,-70.3125,406.25,-984.375,70.3125
1040268,-156.25,671.875,875.0,-156.25,-835.9375,656.25,39.0625,-1054.6875,296.875,375.0,-984.375,-70.3125,375.0,-992.1875,93.75
1040268,-156.25,671.875,875.0,-156.25,-835.9375,656.25,39.0625,-1054.6875,296.875,375.0,-984.375,-70.3125,375.0,-992.1875,93.75
1040413,-382.8125,687.5,648.4375,-31.25,-601.5625,750.0,-78.125,-804.6875,414.0625,132.8125,-929.6875,-31.25,101.5625,-976.5625,140.625
1040413,-382.8125,687.5,648.4375,-31.25,-601.5625,750.0,-78.125,-804.6875,414.0625,132.8125,-929.6875,-31.25,101.5625,-976.5625,140.625
1040413,-429.6875,617.1875,601.5625,-39.0625,-578.125,750.0,-78.125,-781.25,421.875,132.8125,-914.0625,-15.625,93.75,-960.9375,140.625
1040413,-429.6875,617.1875,601.5625,-39.0625,-578.125,750.0,-78.125,-781.25,421.875,132.8125,-914.0625,-15.625,93.75,-960.9375,140.625
1040421,-476.5625,531.25,546.875,-62.5,-546.875,750.0,-70.3125,-789.0625,421.875,132.8125,-914.0625,0.0,85.9375,-984.375,164.0625
1040421,-476.5625,531.25,546.875,-62.5,-546.875,750.0,-70.3125,-789.0625,421.875,132.8125,-914.0625,0.0,85.9375,-984.375,164.0625
1040429,-507.8125,437.5,500.0,-85.9375,-546.875,710.9375,-78.125,-781.25,445.3125,148.4375,-929.6875,23.4375,93.75,-992.1875,187.5
1040429,-507.8125,437.5,500.0,-85.9375,-546.875,710.9375,-78.125,-781.25,445.3125,148.4375,-929.6875,23.4375,93.75,-992.1875,187.5
1040575,-890.625,62.5,-46.875,-632.8125,-273.4375,132.8125,-578.125,-335.9375,156.25,-468.75,-539.0625,-31.25,-507.8125,-554.6875,-31.25
1040575,-890.625,62.5,-46.875,-632.8125,-273.4375,132.8125,-578.125,-335.9375,156.25,-468.75,-539.0625,-31.25,-507.8125,-554.6875,-31.25
1040575,-906.25,23.4375,-70.3125,-671.875,-273.4375,62.5,-601.5625,-320.3125,132.8125,-468.75,-546.875,-15.625,-500.0,-554.6875,-7.8125
1040575,-906.25,23.4375,-70.3125,-671.875,-273.4375,62.5,-601.5625,-320.3125,132.8125,-468.75,-546.875,-15.625,-500.0,-554.6875,-7.8125
1040582,-906.25,7.8125,-78.125,-671.875,-242.1875,54.6875,-648.4375,-335.9375,109.375,-468.75,-570.3125,-7.8125,-500.0,-554.6875,23.4375
1040582,-906.25,7.8125,-78.125,-671.875,-242.1875,54.6875,-648.4375,-335.9375,109.375,-468.75,-570.3125,-7.8125,-500.0,-554.6875,23.4375
1040589,-890.625,0.0,-78.125,-632.8125,-250.0,70.3125,-710.9375,-320.3125,101.5625,-468.75,-578.125,-7.8125,-476.5625,-554.6875,54.6875
1040589,-890.625,0.0,-78.125,-632.8125,-250.0,70.3125,-710.9375,-320.3125,101.5625,-468.75,-578.125,-7.8125,-476.5625,-554.6875,54.6875
1040735,-953.125,-250.0,-140.625,-632.8125,-320.3125,-531.25,-828.125,-257.8125,31.25,-773.4375,-406.25,93.75,-812.5,-281.25,31.25
1040735,-953.125,-250.0,-140.625,-632.8125,-320.3125,-531.25,-828.125,-257.8125,31.25,-773.4375,-406.25,93.75,-812.5,-281.25,31.25
1040736,-953.125,-234.375,-125.0,-828.125,-351.5625,-625.0,-890.625,-242.1875,-7.8125,-734.375,-382.8125,117.1875,-828.125,-257.8125,15.625
1040736,-953.125,-234.375,-125.0,-828.125,-351.5625,-625.0,-890.625,-242.1875,-7.8125,-734.375,-382.8125,117.1875,-828.125,-257.8125,15.625
1040743,-921.875,-281.25,-62.5,-914.0625,-312.5,-625.0,-906.25,-203.125,-31.25,-789.0625,-382.8125,62.5,-835.9375,-296.875,15.625
1040743,-921.875,-281.25,-62.5,-914.0625,-312.5,-625.0,-906.25,-203.125,-31.25,-789.0625,-382.8125,62.5,-835.9375,-296.875,15.625
1040751,-921.875,-250.0,-109.375,-828.125,-375.0,-640.625,-953.125,-226.5625,-62.5,-835.9375,-429.6875,23.4375,-851.5625,-312.5,0.0
1040751,-921.875,-250.0,-109.375,-828.125,-375.0,-640.625,-953.125,-226.5625,-62.5,-835.9375,-429.6875,23.4375,-851.5625,-312.5,0.0
1040897,-937.5,-437.5,-93.75,-734.375,-257.8125,-703.125,-1015.625,-62.5,-125.0,-921.875,-296.875,242.1875,-906.25,-125.0,335.9375
1040897,-937.5,-437.5,-93.75,-734.375,-257.8125,-703.125,-1015.625,-62.5,-125.0,-921.875,-296.875,242.1875,-906.25,-125.0,335.9375
1040897,-929.6875,-429.6875,-85.9375,-750.0,-257.8125,-703.125,-1031.25,-70.3125,-109.375,-921.875,-320.3125,257.8125,-898.4375,-125.0,367.1875
1040897,-929.6875,-429.6875,-85.9375,-750.0,-257.8125,-703.125,-1031.25,-70.3125,-109.375,-921.875,-320.3125,257.8125,-898.4375,-125.0,367.1875
1040905,-929.6875,-406.25,-78.125,-750.0,-265.625,-710.9375,-1046.875,-62.5,-117.1875,-890.625,-304.6875,273.4375,-882.8125,-125.0,382.8125
1040905,-929.6875,-406.25,-78.125,-750.0,-265.625,-710.9375,-1046.875,-62.5,-117.1875,-890.625,-304.6875,273.4375,-882.8125,-125.0,382.8125
1040912,-914.0625,-406.25,-93.75,-742.1875,-257.8125,-710.9375,-1039.0625,-62.5,-109.375,-890.625,-328.125,273.4375,-945.3125,-226.5625,390.625
1040912,-914.0625,-406.25,-93.75,-742.1875,-257.8125,-710.9375,-1039.0625,-62.5,-109.375,-890.625,-328.125,273.4375,-945.3125,-226.5625,390.625
1041058,-898.4375,132.8125,703.125,-1093.75,-695.3125,-335.9375,-1093.75,-460.9375,187.5,-992.1875,-546.875,242.1875,-1062.5,-242.1875,390.625
1041058,-898.4375,132.8125,703.125,-1093.75,-695.3125,-335.9375,-1093.75,-460.9375,187.5,-992.1875,-546.875,242.1875,-1062.5,-242.1875,390.625
1041058,-750.0,-117.1875,750.0,-1156.25,-609.375,-289.0625,-1062.5,-390.625,210.9375,-921.875,-523.4375,234.375,-914.0625,-242.1875,351.5625
1041058,-750.0,-117.1875,750.0,-1156.25,-609.375,-289.0625,-1062.5,-390.625,210.9375,-921.875,-523.4375,234.375,-914.0625,-242.1875,351.5625
1041066,-632.8125,-382.8125,726.5625,-976.5625,-484.375,-171.875,-984.375,-406.25,242.1875,-890.625,-578.125,257.8125,-906.25,-289.0625,429.6875
1041066,-632.8125,-382.8125,726.5625,-976.5625,-484.375,-171.875,-984.375,-406.25,242.1875,-890.625,-578.125,257.8125,-906.25,-289.0625,429.6875
1041074,-632.8125,-328.125,664.0625,-859.375,-515.625,-101.5625,-898.4375,-492.1875,273.4375,-867.1875,-632.8125,250.0,-921.875,-328.125,492.1875
1041074,-632.8125,-328.125,664.0625,-859.375,-515.625,-101.5625,-898.4375,-492.1875,273.4375,-867.1875,-632.8125,250.0,-921.875,-328.125,492.1875
1041219,-1054.6875,-140.625,117.1875,-757.8125,-476.5625,-335.9375,-867.1875,-421.875,132.8125,-734.375,-562.5,335.9375,-796.875,-320.3125,507.8125
1041219,-1054.6875,-140.625,117.1875,-757.8125,-476.5625,-335.9375,-867.1875,-421.875,132.8125,-734.375,-562.5,335.9375,-796.875,-320.3125,507.8125
1041219,-1023.4375,-187.5,140.625,-687.5,-421.875,-304.6875,-867.1875,-359.375,156.25,-781.25,-554.6875,304.6875,-859.375,-304.6875,453.125
1041219,-1023.4375,-187.5,140.625,-687.5,-421.875,-304.6875,-867.1875,-359.375,156.25,-781.25,-554.6875,304.6875,-859.375,-304.6875,453.125
1041227,-1000.0,-164.0625,156.25,-703.125,-382.8125,-296.875,-875.0,-359.375,140.625,-796.875,-531.25,296.875,-843.75,-296.875,445.3125
1041227,-1000.0,-164.0625,156.25,-703.125,-382.8125,-296.875,-875.0,-359.375,140.625,-796.875,-531.25,296.875,-843.75,-296.875,445.3125
1041235,-992.1875,-125.0,140.625,-773.4375,-343.75,-375.0,-835.9375,-335.9375,140.625,-789.0625,-515.625,312.5,-828.125,-304.6875,445.3125
1041235,-992.1875,-125.0,140.625,-773.4375,-343.75,-375.0,-835.9375,-335.9375,140.625,-789.0625,-515.625,312.5,-828.125,-304.6875,445.3125
1041381,-781.25,-1609.375,1171.875,750.0,2546.875,1632.8125,-992.1875,937.5,812.5,-1250.0,-445.3125,125.0,-1195.3125,-171.875,273.4375
1041381,-781.25,-1609.375,1171.875,750.0,2546.875,1632.8125,-992.1875,937.5,812.5,-1250.0,-445.3125,125.0,-1195.3125,-171.875,273.4375
1041381,328.125,-1179.6875,921.875,-898.4375,2250.0,851.5625,-1226.5625,367.1875,406.25,-1664.0625,0.0,257.8125,-1554.6875,312.5,46.875
1041381,328.125,-1179.6875,921.875,-898.4375,2250.0,851.5625,-1226.5625,367.1875,406.25,-1664.0625,0.0,257.8125,-1554.6875,312.5,46.875
1041389,-726.5625,875.0,-93.75,-1179.6875,70.3125,-570.3125,-1164.0625,265.625,179.6875,-1546.875,257.8125,367.1875,-1585.9375,453.125,31.25
1041389,-726.5625,875.0,-93.75,-1179.6875,70.3125,-570.3125,-1164.0625,265.625,179.6875,-1546.875,257.8125,367.1875,-1585.9375,453.125,31.25
1041397,-1570.3125,1484.375,546.875,-1179.6875,-867.1875,-320.3125,-890.625,-179.6875,234.375,-937.5,-156.25,242.1875,-1179.6875,85.9375,250.0
1041397,-1570.3125,1484.375,546.875,-1179.6875,-867.1875,-320.3125,-890.625,-179.6875,234.375,-937.5,-156.25,242.1875,-1179.6875,85.9375,250.0
1041542,-750.0,-289.0625,648.4375,-976.5625,-382.8125,-226.5625,-992.1875,-273.4375,234.375,-921.875,-476.5625,296.875,-945.3125,-203.125,437.5
1041542,-750.0,-289.0625,648.4375,-976.5625,-382.8125,-226.5625,-992.1875,-273.4375,234.375,-921.875,-476.5625,296.875,-945.3125,-203.125,437.5
1041542,-757.8125,-281.25,648.4375,-960.9375,-382.8125,-234.375,-1000.0,-281.25,226.5625,-906.25,-484.375,289.0625,-937.5,-203.125,437.5
1041542,-757.8125,-281.25,648.4375,-960.9375,-382.8125,-234.375,-1000.0,-281.25,226.5625,-906.25,-484.375,289.0625,-937.5,-203.125,437.5
1041550,-757.8125,-289.0625,640.625,-953.125,-390.625,-242.1875,-992.1875,-289.0625,218.75,-906.25,-484.375,296.875,-929.6875,-210.9375,437.5
1041550,-757.8125,-289.0625,640.625,-953.125,-390.625,-242.1875,-992.1875,-289.0625,218.75,-906.25,-484.375,296.875,-929.6875,-210.9375,437.5
1041558,-750.0,-296.875,640.625,-960.9375,-382.8125,-242.1875,-1000.0,-281.25,218.75,-914.0625,-500.0,281.25,-921.875,-210.9375,429.6875
1041558,-750.0,-296.875,640.625,-960.9375,-382.8125,-242.1875,-1000.0,-281.25,218.75,-914.0625,-500.0,281.25,-921.875,-210.9375,429.6875
1041703,-734.375,-242.1875,609.375,-937.5,-351.5625,-210.9375,-960.9375,-265.625,218.75,-890.625,-460.9375,289.0625,-906.25,-195.3125,421.875
1041703,-734.375,-242.1875,609.375,-937.5,-351.5625,-210.9375,-960.9375,-265.625,218.75,-890.625,-460.9375,289.0625,-906.25,-195.3125,421.875
1041703,-750.0,-250.0,617.1875,-937.5,-343.75,-226.5625,-968.75,-257.8125,218.75,-882.8125,-445.3125,289.0625,-921.875,-187.5,406.25
1041703,-750.0,-250.0,617.1875,-937.5,-343.75,-226.5625,-968.75,-257.8125,218.75,-882.8125,-445.3125,289.0625,-921.875,-187.5,406.25
1041711,-742.1875,-250.0,617.1875,-937.5,-343.75,-234.375,-960.9375,-257.8125,218.75,-890.625,-445.3125,289.0625,-914.0625,-187.5,406.25
1041711,-742.1875,-250.0,617.1875,-937.5,-343.75,-234.375,-960.9375,-257.8125,218.75,-890.625,-445.3125,289.0625,-914.0625,-187.5,406.25
1041719,-757.8125,-250.0,609.375,-937.5,-343.75,-226.5625,-960.9375,-250.0,218.75,-890.625,-437.5,281.25,-921.875,-179.6875,406.25
1041719,-757.8125,-250.0,609.375,-937.5,-343.75,-226.5625,-960.9375,-250.0,218.75,-890.625,-437.5,281.25,-921.875,-179.6875,406.25
1041800,-742.1875,-281.25,609.375,-921.875,-343.75,-242.1875,-968.75,-242.1875,203.125,-890.625,-429.6875,273.4375,-906.25,-171.875,406.25
1041800,-742.1875,-281.25,609.375,-921.875,-343.75,-242.1875,-968.75,-242.1875,203.125,-890.625,-429.6875,273.4375,-906.25,-171.875,406.25
1041808,-742.1875,-281.25,601.5625,-921.875,-343.75,-242.1875,-960.9375,-250.0,210.9375,-882.8125,-437.5,281.25,-914.0625,-164.0625,406.25
1041808,-742.1875,-281.25,601.5625,-921.875,-343.75,-242.1875,-960.9375,-250.0,210.9375,-882.8125,-437.5,281.25,-914.0625,-164.0625,406.25
1041816,-750.0,-281.25,601.5625,-929.6875,-343.75,-242.1875,-960.9375,-242.1875,203.125,-882.8125,-437.5,281.25,-906.25,-164.0625,406.25
1041816,-750.0,-281.25,601.5625,-929.6875,-343.75,-242.1875,-960.9375,-242.1875,203.125,-882.8125,-437.5,281.25,-906.25,-164.0625,406.25
1041816,-750.0,-281.25,601.5625,-921.875,-335.9375,-250.0,-960.9375,-250.0,210.9375,-890.625,-429.6875,289.0625,-906.25,-164.0625,406.25
1041816,-750.0,-281.25,601.5625,-921.875,-335.9375,-250.0,-960.9375,-250.0,210.9375,-890.625,-429.6875,289.0625,-906.25,-164.0625,406.25
1041961,-742.1875,-265.625,609.375,-937.5,-351.5625,-234.375,-976.5625,-250.0,210.9375,-898.4375,-445.3125,281.25,-929.6875,-187.5,414.0625
1041961,-742.1875,-265.625,609.375,-937.5,-351.5625,-234.375,-976.5625,-250.0,210.9375,-898.4375,-445.3125,281.25,-929.6875,-187.5,414.0625
1041961,-750.0,-265.625,617.1875,-937.5,-351.5625,-234.375,-976.5625,-257.8125,203.125,-890.625,-445.3125,273.4375,-921.875,-179.6875,414.0625
1041961,-750.0,-265.625,617.1875,-937.5,-351.5625,-234.375,-976.5625,-257.8125,203.125,-890.625,-445.3125,273.4375,-921.875,-179.6875,414.0625
1041969,-750.0,-273.4375,609.375,-929.6875,-351.5625,-250.0,-976.5625,-257.8125,195.3125,-890.625,-445.3125,289.0625,-921.875,-179.6875,421.875
1041969,-750.0,-273.4375,609.375,-929.6875,-351.5625,-250.0,-976.5625,-257.8125,195.3125,-890.625,-445.3125,289.0625,-921.875,-179.6875,421.875
1041977,-750.0,-273.4375,601.5625,-937.5,-351.5625,-250.0,-960.9375,-257.8125,203.125,-890.625,-453.125,281.25,-929.6875,-179.6875,406.25
1041977,-750.0,-273.4375,601.5625,-937.5,-351.5625,-250.0,-960.9375,-257.8125,203.125,-890.625,-453.125,281.25,-929.6875,-179.6875,406.25
1042122,-750.0,-257.8125,593.75,-921.875,-335.9375,-234.375,-945.3125,-250.0,210.9375,-898.4375,-437.5,281.25,-937.5,-171.875,398.4375
1042122,-750.0,-257.8125,593.75,-921.875,-335.9375,-234.375,-945.3125,-250.0,210.9375,-898.4375,-437.5,281.25,-937.5,-171.875,398.4375
1042122,-750.0,-257.8125,593.75,-921.875,-335.9375,-242.1875,-960.9375,-250.0,210.9375,-898.4375,-437.5,273.4375,-921.875,-171.875,406.25
1042122,-750.0,-257.8125,593.75,-921.875,-335.9375,-242.1875,-960.9375,-250.0,210.9375,-898.4375,-437.5,273.4375,-921.875,-171.875,406.25
1042130,-750.0,-257.8125,593.75,-914.0625,-335.9375,-234.375,-968.75,-250.0,210.9375,-898.4375,-437.5,273.4375,-929.6875,-164.0625,398.4375
1042130,-750.0,-257.8125,593.75,-914.0625,-335.9375,-234.375,-968.75,-250.0,210.9375,-898.4375,-437.5,273.4375,-929.6875,-164.0625,398.4375
1042137,-750.0,-265.625,593.75,-921.875,-328.125,-226.5625,-953.125,-242.1875,210.9375,-890.625,-437.5,273.4375,-921.875,-171.875,406.25
1042137,-750.0,-265.625,593.75,-921.875,-328.125,-226.5625,-953.125,-242.1875,210.9375,-890.625,-437.5,273.4375,-921.875,-171.875,406.25
1042283,-750.0,-265.625,601.5625,-906.25,-343.75,-242.1875,-968.75,-257.8125,203.125,-882.8125,-453.125,281.25,-921.875,-171.875,398.4375
1042283,-750.0,-265.625,601.5625,-906.25,-343.75,-242.1875,-968.75,-257.8125,203.125,-882.8125,-453.125,281.25,-921.875,-171.875,398.4375
1042283,-750.0,-265.625,585.9375,-921.875,-343.75,-250.0,-953.125,-257.8125,210.9375,-890.625,-445.3125,273.4375,-921.875,-171.875,390.625
1042283,-750.0,-265.625,585.9375,-921.875,-343.75,-250.0,-953.125,-257.8125,210.9375,-890.625,-445.3125,273.4375,-921.875,-171.875,390.625
1042291,-750.0,-265.625,593.75,-914.0625,-335.9375,-242.1875,-960.9375,-250.0,203.125,-898.4375,-437.5,281.25,-921.875,-171.875,398.4375
1042291,-750.0,-265.625,593.75,-914.0625,-335.9375,-242.1875,-960.9375,-250.0,203.125,-898.4375,-437.5,281.25,-921.875,-171.875,398.4375
1042299,-765.625,-265.625,585.9375,-921.875,-335.9375,-242.1875,-960.9375,-257.8125,203.125,-890.625,-437.5,281.25,-921.875,-171.875,398.4375
1042299,-765.625,-265.625,585.9375,-921.875,-335.9375,-242.1875,-960.9375,-257.8125,203.125,-890.625,-437.5,281.25,-921.875,-171.875,398.4375
1042444,-734.375,-320.3125,593.75,-984.375,-320.3125,-265.625,-992.1875,-234.375,203.125,-882.8125,-429.6875,281.25,-906.25,-148.4375,406.25
1042444,-734.375,-320.3125,593.75,-984.375,-320.3125,-265.625,-992.1875,-234.375,203.125,-882.8125,-429.6875,281.25,-906.25,-148.4375,406.25
1042445,-734.375,-312.5,601.5625,-937.5,-257.8125,-226.5625,-976.5625,-234.375,226.5625,-906.25,-437.5,296.875,-929.6875,-171.875,421.875
1042445,-734.375,-312.5,601.5625,-937.5,-257.8125,-226.5625,-976.5625,-234.375,226.5625,-906.25,-437.5,296.875,-929.6875,-171.875,421.875
1042453,-742.1875,-304.6875,554.6875,-906.25,-289.0625,-226.5625,-937.5,-234.375,210.9375,-906.25,-421.875,273.4375,-921.875,-148.4375,382.8125
1042453,-742.1875,-304.6875,554.6875,-906.25,-289.0625,-226.5625,-937.5,-234.375,210.9375,-906.25,-421.875,273.4375,-921.875,-148.4375,382.8125
1042461,-765.625,-281.25,554.6875,-906.25,-312.5,-218.75,-937.5,-234.375,203.125,-906.25,-421.875,257.8125,-953.125,-148.4375,367.1875
1042461,-765.625,-281.25,554.6875,-906.25,-312.5,-218.75,-937.5,-234.375,203.125,-906.25,-421.875,257.8125,-953.125,-148.4375,367.1875
