2493574,-1093.75,1343.125,2130.625
2493574,-1093.75,1343.125,2130.625
2493584,-1120.0,1050.0,1981.875
2493584,-1120.0,1050.0,1981.875
2493735,5061.875,1080.625,-5512.5
2493735,5061.875,1080.625,-5512.5
2493746,5823.125,1426.25,-6164.375
2493746,5823.125,1426.25,-6164.375
2493896,9415.0,-3836.875,-8649.375
2493896,9415.0,-3836.875,-8649.375
2493907,7214.375,-4628.75,-6234.375
2493907,7214.375,-4628.75,-6234.375
2494058,10329.375,-1833.125,17810.625
2494058,10329.375,-1833.125,17810.625
2494069,9625.0,-971.25,18970.0
2494069,9625.0,-971.25,18970.0
2494966,-83.125,8.75,-188.125
2494966,-83.125,8.75,-188.125
2494976,-183.75,35.0,113.75
2494976,-183.75,35.0,113.75
2495128,100.625,-148.75,13.125
2495128,100.625,-148.75,13.125
2495138,131.25,-166.25,-122.5
2495138,131.25,-166.25,-122.5
2495289,-126.875,35.0,-21.875
2495289,-126.875,35.0,-21.875
2495299,-96.25,21.875,4.375
2495299,-96.25,21.875,4.375
2495451,122.5,4.375,-52.5
2495451,122.5,4.375,-52.5
2495461,109.375,8.75,-52.5
2495461,109.375,8.75,-52.5
2495612,61.25,17.5,118.125
2495612,61.25,17.5,118.125
2495622,74.375,30.625,118.125
2495622,74.375,30.625,118.125
2495774,-83.125,83.125,157.5
2495774,-83.125,83.125,157.5
2495784,-70.0,87.5,192.5
2495784,-70.0,87.5,192.5
2495935,-179.375,183.75,245.0
2495935,-179.375,183.75,245.0
2495943,-310.625,271.25,402.5
2495943,-310.625,271.25,402.5
2496096,-4423.125,8351.875,11038.125
2496096,-4423.125,8351.875,11038.125
2496107,-6418.125,6400.625,9047.5
2496107,-6418.125,6400.625,9047.5
2496177,-11585.0,-6383.125,-7293.125
2496177,-11585.0,-6383.125,-7293.125
2496187,-14345.625,-6413.75,-7975.625
2496187,-14345.625,-6413.75,-7975.625
2496339,-16458.75,-14245.0,-6335.0
2496339,-16458.75,-14245.0,-6335.0
2496349,-16030.0,-13282.5,-5560.625
2496349,-16030.0,-13282.5,-5560.625
2496500,-14914.375,-8938.125,-581.875
2496500,-14914.375,-8938.125,-581.875
2496510,-13107.5,-9655.625,-896.875
2496510,-13107.5,-9655.625,-896.875
2496662,-3132.5,-1400.0,-1334.375
2496662,-3132.5,-1400.0,-1334.375
2496672,-3014.375,-393.75,-835.625
2496672,-3014.375,-393.75,-835.625
2496742,-2769.375,-293.125,634.375
2496742,-2769.375,-293.125,634.375
2496753,-2528.75,135.625,735.0
2496753,-2528.75,135.625,735.0
2496904,-1570.625,210.0,756.875
2496904,-1570.625,210.0,756.875
2496914,-1653.75,323.75,743.75
2496914,-1653.75,323.75,743.75
2497065,-2813.125,1273.125,-1671.25
2497065,-2813.125,1273.125,-1671.25
2497076,-4602.5,1369.375,-962.5
2497076,-4602.5,1369.375,-962.5
2497227,-2205.0,-931.875,1400.0
2497227,-2205.0,-931.875,1400.0
2497237,-3119.375,-91.875,1141.875
2497237,-3119.375,-91.875,1141.875
2497398,984.375,-1120.0,2410.625
2497398,984.375,-1120.0,2410.625
2497408,3902.5,-1277.5,2808.75
2497408,3902.5,-1277.5,2808.75
2497560,1071.875,-1001.875,-1168.125
2497560,1071.875,-1001.875,-1168.125
2497570,2082.5,-997.5,-1688.75
2497570,2082.5,-997.5,-1688.75
