2495942,78.75,-6365.625,2218.125
2495942,78.75,-6365.625,2218.125
2495953,-905.625,-1102.5,1128.75
2495953,-905.625,-1102.5,1128.75
2495963,-7984.375,1001.875,1544.375
2495963,-7984.375,1001.875,1544.375
2495973,-7245.0,3154.375,1850.625
2495973,-7245.0,3154.375,1850.625
2495984,-7953.75,2178.75,7918.75
2495984,-7953.75,2178.75,7918.75
2495994,-11108.125,411.25,2226.875
2495994,-11108.125,411.25,2226.875
2496004,-6798.75,2655.625,249.375
2496004,-6798.75,2655.625,249.375
2496014,-6711.25,-1693.125,-3526.25
2496014,-6711.25,-1693.125,-3526.25
2496025,-8964.375,-4445.0,-8798.125
2496025,-8964.375,-4445.0,-8798.125
2496035,-6321.875,-1811.25,-10723.125
2496035,-6321.875,-1811.25,-10723.125
2496045,-7240.625,1036.875,-1872.5
2496045,-7240.625,1036.875,-1872.5
2496056,-6960.625,2594.375,896.875
2496056,-6960.625,2594.375,896.875
2496065,-3968.125,1583.75,708.75
2496065,-3968.125,1583.75,708.75
2496076,-1693.125,1474.375,2279.375
2496076,-1693.125,1474.375,2279.375
2496086,-113.75,1124.375,2091.25
2496086,-113.75,1124.375,2091.25
2496097,2716.875,2253.125,4641.875
2496097,2716.875,2253.125,4641.875
2496107,4847.5,2060.625,4738.125
2496107,4847.5,2060.625,4738.125
2496118,4895.625,2769.375,5648.125
2496118,4895.625,2769.375,5648.125
2496128,4239.375,2730.0,5145.0
2496128,4239.375,2730.0,5145.0
2496138,3482.5,3080.0,4816.875
2496138,3482.5,3080.0,4816.875
2496149,2353.75,3425.625,4318.125
2496149,2353.75,3425.625,4318.125
2496159,2371.25,3959.375,4309.375
2496159,2371.25,3959.375,4309.375
2496169,3268.125,4313.75,3981.25
2496169,3268.125,4313.75,3981.25
2496180,3600.625,4983.125,4440.625
2496180,3600.625,4983.125,4440.625
2496190,4725.0,4506.25,4506.25
2496190,4725.0,4506.25,4506.25
2496200,5180.0,3823.75,3578.75
2496200,5180.0,3823.75,3578.75
2496210,5906.25,3281.25,3049.375
2496210,5906.25,3281.25,3049.375
2496221,5919.375,2423.75,3583.125
2496221,5919.375,2423.75,3583.125
2496231,4020.625,1461.25,4650.625
2496231,4020.625,1461.25,4650.625
2496240,4173.75,1067.5,4900.0
2496240,4173.75,1067.5,4900.0
2496252,7844.375,2213.75,4427.5
2496252,7844.375,2213.75,4427.5
2496262,-1172.5,1421.875,4624.375
2496262,-1172.5,1421.875,4624.375
2496272,4458.125,892.5,3955.0
2496272,4458.125,892.5,3955.0
2496283,7949.375,2607.5,5114.375
2496283,7949.375,2607.5,5114.375
2496293,866.25,3136.875,4550.0
2496293,866.25,3136.875,4550.0
2496303,4532.5,2467.5,3797.5
2496303,4532.5,2467.5,3797.5
2496314,1601.25,5035.625,5096.875
2496314,1601.25,5035.625,5096.875
2496324,1465.625,5219.375,4348.75
2496324,1465.625,5219.375,4348.75
2496334,9695.0,3246.25,3263.75
2496334,9695.0,3246.25,3263.75
2496345,-516.25,3316.25,5285.0
2496345,-516.25,3316.25,5285.0
2496355,3014.375,2817.5,4392.5
2496355,3014.375,2817.5,4392.5
2496365,8636.25,4703.125,4007.5
2496365,8636.25,4703.125,4007.5
2496376,1548.75,2988.125,4265.625
2496376,1548.75,2988.125,4265.625
2496386,-5849.375,376.25,3495.625
2496386,-5849.375,376.25,3495.625
2496396,3596.25,2861.25,2493.75
2496396,3596.25,2861.25,2493.75
2496407,529.375,3338.125,3578.75
2496407,529.375,3338.125,3578.75
2496417,1150.625,1697.5,3574.375
2496417,1150.625,1697.5,3574.375
2496427,3902.5,3478.125,3758.125
2496427,3902.5,3478.125,3758.125
2496437,2375.625,4007.5,3290.0
2496437,2375.625,4007.5,3290.0
2496448,1430.625,3548.125,2804.375
2496448,1430.625,3548.125,2804.375
2496458,2572.5,2983.75,3320.625
2496458,2572.5,2983.75,3320.625
2496468,-2826.25,1693.125,2970.625
2496468,-2826.25,1693.125,2970.625
2496479,-4335.625,888.125,1430.625
2496479,-4335.625,888.125,1430.625
2496489,3561.25,3294.375,1382.5
2496489,3561.25,3294.375,1382.5
2496500,2773.75,3145.625,2174.375
2496500,2773.75,3145.625,2174.375
2496510,43.75,2944.375,2397.5
2496510,43.75,2944.375,2397.5
2496520,-6103.125,3710.0,2891.875
2496520,-6103.125,3710.0,2891.875
2496530,-6746.25,3845.625,2397.5
2496530,-6746.25,3845.625,2397.5
2496541,997.5,4326.875,2301.25
2496541,997.5,4326.875,2301.25
2496551,848.75,4488.75,3298.75
2496551,848.75,4488.75,3298.75
2496561,-3246.25,2983.75,3819.375
2496561,-3246.25,2983.75,3819.375
2496572,-11930.625,2458.75,2751.875
2496572,-11930.625,2458.75,2751.875
2496582,-3924.375,4016.25,3005.625
2496582,-3924.375,4016.25,3005.625
2496592,-7280.0,2458.75,3023.125
2496592,-7280.0,2458.75,3023.125
2496603,-11283.125,1080.625,1141.875
2496603,-11283.125,1080.625,1141.875
2496613,-2756.25,3561.25,1036.875
2496613,-2756.25,3561.25,1036.875
2496623,-2616.25,3968.125,1133.125
2496623,-2616.25,3968.125,1133.125
2496633,-4344.375,3526.25,1277.5
2496633,-4344.375,3526.25,1277.5
2496644,-4195.625,3141.25,1960.0
2496644,-4195.625,3141.25,1960.0
2496655,-9279.375,774.375,905.625
2496655,-9279.375,774.375,905.625
2496664,-3399.375,1448.125,1360.625
2496664,-3399.375,1448.125,1360.625
2496675,3320.625,2432.5,2668.75
2496675,3320.625,2432.5,2668.75
2496684,1338.75,1338.75,2082.5
2496684,1338.75,1338.75,2082.5
2496696,-656.25,1115.625,1155.0
2496696,-656.25,1115.625,1155.0
2496706,-8977.5,-791.875,-590.625
2496706,-8977.5,-791.875,-590.625
2496716,-4173.75,-770.0,350.0
2496716,-4173.75,-770.0,350.0
2496726,420.0,1238.125,2506.875
2496726,420.0,1238.125,2506.875
2496736,-3045.0,748.125,2423.75
2496736,-3045.0,748.125,2423.75
2496747,-10106.25,0.0,157.5
2496747,-10106.25,0.0,157.5
2496757,-5101.25,236.25,1995.0
2496757,-5101.25,236.25,1995.0
2496768,-958.125,-525.0,3171.875
2496768,-958.125,-525.0,3171.875
2496778,-6063.75,-735.0,1815.625
2496778,-6063.75,-735.0,1815.625
2496788,-4186.875,-332.5,2913.75
2496788,-4186.875,-332.5,2913.75
2496799,-3154.375,-183.75,3670.625
2496799,-3154.375,-183.75,3670.625
2496809,-1938.125,516.25,3351.25
2496809,-1938.125,516.25,3351.25
2496819,-1680.0,131.25,3425.625
2496819,-1680.0,131.25,3425.625
2496830,-275.625,577.5,4309.375
2496830,-275.625,577.5,4309.375
2496840,1155.0,-48.125,3963.75
2496840,1155.0,-48.125,3963.75
2496851,-100.625,-630.0,2738.75
2496851,-100.625,-630.0,2738.75
2496860,-6912.5,-1798.125,-1295.0
2496860,-6912.5,-1798.125,-1295.0
2496871,-3294.375,-962.5,901.25
2496871,-3294.375,-962.5,901.25
2496881,2380.0,-293.125,3119.375
2496881,2380.0,-293.125,3119.375
2496892,612.5,-262.5,2725.625
2496892,612.5,-262.5,2725.625
2496902,581.875,-857.5,1719.375
2496902,581.875,-857.5,1719.375
2496912,809.375,-1465.625,700.0
2496912,809.375,-1465.625,700.0
2496922,599.375,-1828.75,-284.375
2496922,599.375,-1828.75,-284.375
2496933,857.5,-1929.375,-253.75
2496933,857.5,-1929.375,-253.75
2496943,665.0,-1723.75,166.25
2496943,665.0,-1723.75,166.25
2496953,135.625,-1347.5,511.875
2496953,135.625,-1347.5,511.875
2496964,-196.875,-1316.875,358.75
2496964,-196.875,-1316.875,358.75
2496974,-433.125,-1172.5,-87.5
2496974,-433.125,-1172.5,-87.5
2496984,-301.875,-1150.625,-595.0
2496984,-301.875,-1150.625,-595.0
2496995,-166.25,-1041.25,-949.375
2496995,-166.25,-1041.25,-949.375
2497005,-153.125,-993.125,-896.875
2497005,-153.125,-993.125,-896.875
2497015,0.0,-953.75,-748.125
2497015,0.0,-953.75,-748.125
2497026,56.875,-774.375,-603.75
2497026,56.875,-774.375,-603.75
2497036,581.875,-953.75,-616.875
2497036,581.875,-953.75,-616.875
2497046,770.0,-931.875,-700.0
2497046,770.0,-931.875,-700.0
2497056,791.875,-888.125,-752.5
2497056,791.875,-888.125,-752.5
2497067,809.375,-962.5,-783.125
2497067,809.375,-962.5,-783.125
2497077,319.375,-918.75,-840.0
2497077,319.375,-918.75,-840.0
2497087,-170.625,-844.375,-748.125
2497087,-170.625,-844.375,-748.125
2497097,83.125,-778.75,-490.0
2497097,83.125,-778.75,-490.0
2497108,568.75,-595.0,-91.875
2497108,568.75,-595.0,-91.875
2497119,630.0,-463.75,476.875
2497119,630.0,-463.75,476.875
2497129,-210.0,-231.875,590.625
2497129,-210.0,-231.875,590.625
2497139,-1155.0,-603.75,-1483.125
2497139,-1155.0,-603.75,-1483.125
2497149,-1723.75,-1662.5,-3766.875
2497149,-1723.75,-1662.5,-3766.875
2497159,-2200.625,-2528.75,-3797.5
2497159,-2200.625,-2528.75,-3797.5
2497170,-9581.25,-4427.5,-6816.25
2497170,-9581.25,-4427.5,-6816.25
2497180,-4620.0,-2655.625,-5691.875
2497180,-4620.0,-2655.625,-5691.875
2497191,-883.75,-2747.5,-5153.75
2497191,-883.75,-2747.5,-5153.75
2497201,-2926.875,-2699.375,-5420.625
2497201,-2926.875,-2699.375,-5420.625
2497211,-2944.375,-2795.625,-5709.375
2497211,-2944.375,-2795.625,-5709.375
2497222,-2716.875,-3075.625,-5595.625
2497222,-2716.875,-3075.625,-5595.625
2497232,-2887.5,-2948.75,-5464.375
2497232,-2887.5,-2948.75,-5464.375
2497243,-2388.75,-2537.5,-4948.125
2497243,-2388.75,-2537.5,-4948.125
2497253,-1763.125,-1631.875,-3237.5
2497253,-1763.125,-1631.875,-3237.5
2497263,-1273.125,-656.25,-1470.0
2497263,-1273.125,-656.25,-1470.0
2497273,-1277.5,-227.5,-144.375
2497273,-1277.5,-227.5,-144.375
2497283,-1128.75,-118.125,293.125
2497283,-1128.75,-118.125,293.125
2497294,-481.25,-380.625,-113.75
2497294,-481.25,-380.625,-113.75
2497304,-945.0,-595.0,-700.0
2497304,-945.0,-595.0,-700.0
2497314,-2156.875,-739.375,-1032.5
2497314,-2156.875,-739.375,-1032.5
2497325,-2668.75,-927.5,-1548.75
2497325,-2668.75,-927.5,-1548.75
2497335,-2843.75,-1019.375,-2034.375
2497335,-2843.75,-1019.375,-2034.375
2497345,-3049.375,-857.5,-2821.875
2497345,-3049.375,-857.5,-2821.875
2497355,-2651.25,-1093.75,-3535.0
2497355,-2651.25,-1093.75,-3535.0
2497366,-1793.75,-1330.0,-3850.0
2497366,-1793.75,-1330.0,-3850.0
2497377,-1225.0,-1312.5,-2918.125
2497377,-1225.0,-1312.5,-2918.125
2497387,-1150.625,-953.75,-1627.5
2497387,-1150.625,-953.75,-1627.5
2497398,-1093.75,-656.25,-945.0
2497398,-1093.75,-656.25,-945.0
2497407,-927.5,-638.75,-275.625
2497407,-927.5,-638.75,-275.625
2497418,-1281.875,-721.875,380.625
2497418,-1281.875,-721.875,380.625
2497428,-2200.625,-914.375,350.0
2497428,-2200.625,-914.375,350.0
2497439,-3285.625,-1203.125,-4.375
2497439,-3285.625,-1203.125,-4.375
2497449,-4309.375,-1500.625,-647.5
2497449,-4309.375,-1500.625,-647.5
2497459,-5306.875,-1811.25,-1933.75
2497459,-5306.875,-1811.25,-1933.75
2497469,-5543.125,-1911.875,-3198.125
2497469,-5543.125,-1911.875,-3198.125
2497480,-4195.625,-2213.75,-3906.875
2497480,-4195.625,-2213.75,-3906.875
2497489,-3360.0,-2751.875,-5123.125
2497489,-3360.0,-2751.875,-5123.125
2497500,-4410.0,-2747.5,-5285.0
2497500,-4410.0,-2747.5,-5285.0
2497511,-3692.5,-3373.125,-6011.25
2497511,-3692.5,-3373.125,-6011.25
2497521,-3290.0,-3272.5,-6378.75
2497521,-3290.0,-3272.5,-6378.75
2497531,-2196.25,-2511.25,-5105.625
2497531,-2196.25,-2511.25,-5105.625
2497541,-83.125,-1465.625,-3233.125
2497541,-83.125,-1465.625,-3233.125
2497552,-30.625,-555.625,-949.375
2497552,-30.625,-555.625,-949.375
2497562,-196.875,-262.5,918.75
2497562,-196.875,-262.5,918.75
2497572,-231.875,-463.75,1684.375
2497572,-231.875,-463.75,1684.375
2497583,-525.0,-980.0,1575.0
2497583,-525.0,-980.0,1575.0
2497593,-1032.5,-1041.25,1369.375
2497593,-1032.5,-1041.25,1369.375
2497603,-1229.375,-1141.875,1006.25
2497603,-1229.375,-1141.875,1006.25
2497613,-1478.75,-1150.625,472.5
2497613,-1478.75,-1150.625,472.5
2497624,-1120.0,-1548.75,-485.625
2497624,-1120.0,-1548.75,-485.625
2497634,-774.375,-1859.375,-1487.5
2497634,-774.375,-1859.375,-1487.5
2497645,-258.125,-1951.25,-2218.125
2497645,-258.125,-1951.25,-2218.125
2497655,271.25,-2008.125,-2078.125
2497655,271.25,-2008.125,-2078.125
2497665,153.125,-1771.875,-1050.0
2497665,153.125,-1771.875,-1050.0
2497676,1373.75,-1610.0,100.625
2497676,1373.75,-1610.0,100.625
2497686,2590.0,-1439.375,1163.75
2497686,2590.0,-1439.375,1163.75
2497696,2432.5,-1299.375,1750.0
2497696,2432.5,-1299.375,1750.0
2497707,1496.25,-1408.75,1653.75
2497707,1496.25,-1408.75,1653.75
2497717,144.375,-1500.625,1216.25
2497717,144.375,-1500.625,1216.25
2497727,-940.625,-1522.5,358.75
2497727,-940.625,-1522.5,358.75
2497738,-1102.5,-1697.5,-393.75
2497738,-1102.5,-1697.5,-393.75
2497748,-1032.5,-1618.75,-765.625
2497748,-1032.5,-1618.75,-765.625
2497758,-643.125,-1561.875,-866.25
2497758,-643.125,-1561.875,-866.25
2497768,21.875,-1421.875,-875.0
2497768,21.875,-1421.875,-875.0
2497779,253.75,-1474.375,-1211.875
2497779,253.75,-1474.375,-1211.875
2497789,205.625,-1483.125,-1299.375
2497789,205.625,-1483.125,-1299.375
2497799,-78.75,-1435.0,-1338.75
2497799,-78.75,-1435.0,-1338.75
2497810,-568.75,-1496.25,-1408.75
2497810,-568.75,-1496.25,-1408.75
2497820,-800.625,-1478.75,-1133.125
2497820,-800.625,-1478.75,-1133.125
2497830,-800.625,-1544.375,-870.625
2497830,-800.625,-1544.375,-870.625
2497841,-883.75,-1675.625,-608.125
2497841,-883.75,-1675.625,-608.125
2497851,-581.875,-1855.0,-542.5
2497851,-581.875,-1855.0,-542.5
2497861,-245.0,-1968.75,-638.75
2497861,-245.0,-1968.75,-638.75
2497872,-363.125,-1907.5,-441.875
2497872,-363.125,-1907.5,-441.875
2497882,-441.875,-1802.5,-481.25
2497882,-441.875,-1802.5,-481.25
2497892,-323.75,-1605.625,-621.25
2497892,-323.75,-1605.625,-621.25
2497903,-144.375,-1505.0,-511.875
2497903,-144.375,-1505.0,-511.875
2497913,96.25,-1395.625,-573.125
2497913,96.25,-1395.625,-573.125
2497923,87.5,-1216.25,-638.75
2497923,87.5,-1216.25,-638.75
2497934,188.125,-1093.75,-533.75
2497934,188.125,-1093.75,-533.75
2497944,196.875,-1106.875,-310.625
2497944,196.875,-1106.875,-310.625
2497954,743.75,-1001.875,-288.75
2497954,743.75,-1001.875,-288.75
2497964,835.625,-748.125,-542.5
2497964,835.625,-748.125,-542.5
2497975,765.625,-800.625,-586.25
2497975,765.625,-800.625,-586.25
2497985,1111.25,-848.75,-380.625
2497985,1111.25,-848.75,-380.625
2497995,1050.0,-787.5,-616.875
2497995,1050.0,-787.5,-616.875
2498006,870.625,-848.75,-730.625
2498006,870.625,-848.75,-730.625
2498016,695.625,-818.125,-752.5
2498016,695.625,-818.125,-752.5
2498026,616.875,-945.0,-927.5
2498026,616.875,-945.0,-927.5
2498037,441.875,-1150.625,-993.125
2498037,441.875,-1150.625,-993.125
2498047,-70.0,-1001.875,-945.0
2498047,-70.0,-1001.875,-945.0
2498057,-135.625,-1076.25,-1036.875
2498057,-135.625,-1076.25,-1036.875
2498068,-363.125,-1190.0,-901.25
2498068,-363.125,-1190.0,-901.25
2498078,-450.625,-1229.375,-931.875
2498078,-450.625,-1229.375,-931.875
2498088,-389.375,-1185.625,-945.0
2498088,-389.375,-1185.625,-945.0
2498099,-581.875,-1098.125,-910.0
2498099,-581.875,-1098.125,-910.0
2498109,-704.375,-1067.5,-975.625
2498109,-704.375,-1067.5,-975.625
2498119,-389.375,-1207.5,-1124.375
2498119,-389.375,-1207.5,-1124.375
2498130,-231.875,-1023.75,-1028.125
2498130,-231.875,-1023.75,-1028.125
2498140,175.0,-949.375,-988.75
2498140,175.0,-949.375,-988.75
2498150,140.0,-870.625,-857.5
2498150,140.0,-870.625,-857.5
2498161,-83.125,-634.375,-791.875
2498161,-83.125,-634.375,-791.875
2498171,35.0,-958.125,-800.625
2498171,35.0,-958.125,-800.625
2498181,-126.875,-1050.0,-608.125
2498181,-126.875,-1050.0,-608.125
2498191,-350.0,-813.75,-1041.25
2498191,-350.0,-813.75,-1041.25
2498202,-498.75,-831.25,-1863.75
2498202,-498.75,-831.25,-1863.75
2498212,-227.5,-1185.625,-2108.75
2498212,-227.5,-1185.625,-2108.75
2498222,144.375,-1255.625,-1518.125
2498222,144.375,-1255.625,-1518.125
2498233,-236.25,-888.125,-809.375
2498233,-236.25,-888.125,-809.375
2498243,-135.625,-761.25,-892.5
2498243,-135.625,-761.25,-892.5
2498254,433.125,-962.5,-1050.0
2498254,433.125,-962.5,-1050.0
2498264,266.875,-818.125,-1028.125
2498264,266.875,-818.125,-1028.125
2498274,-441.875,-997.5,-1417.5
2498274,-441.875,-997.5,-1417.5
2498284,-1395.625,-1190.0,-1601.25
2498284,-1395.625,-1190.0,-1601.25
2498295,-2183.125,-1098.125,-1583.75
2498295,-2183.125,-1098.125,-1583.75
2498305,-2218.125,-748.125,-966.875
2498305,-2218.125,-748.125,-966.875
2498315,-1868.125,-472.5,-385.0
2498315,-1868.125,-472.5,-385.0
2498326,-1150.625,-253.75,43.75
2498326,-1150.625,-253.75,43.75
2498335,-157.5,-420.0,135.625
2498335,-157.5,-420.0,135.625
2498346,367.5,-568.75,-345.625
2498346,367.5,-568.75,-345.625
2498357,704.375,-739.375,-835.625
2498357,704.375,-739.375,-835.625
2498367,638.75,-892.5,-1063.125
2498367,638.75,-892.5,-1063.125
2498377,533.75,-870.625,-1050.0
2498377,533.75,-870.625,-1050.0
2498387,-218.75,-805.0,-800.625
2498387,-218.75,-805.0,-800.625
2498398,-765.625,-818.125,-643.125
2498398,-765.625,-818.125,-643.125
2498409,-647.5,-910.0,-673.75
2498409,-647.5,-910.0,-673.75
2498418,-638.75,-918.75,-446.25
2498418,-638.75,-918.75,-446.25
2498429,-210.0,-993.125,-433.125
2498429,-210.0,-993.125,-433.125
2498439,78.75,-791.875,-376.25
2498439,78.75,-791.875,-376.25
2498450,-8.75,-678.125,-363.125
2498450,-8.75,-678.125,-363.125
2498460,-192.5,-770.0,-463.75
2498460,-192.5,-770.0,-463.75
2498470,-293.125,-678.125,-888.125
2498470,-293.125,-678.125,-888.125
2498480,-306.25,-896.875,-1246.875
2498480,-306.25,-896.875,-1246.875
2498491,-39.375,-1102.5,-1198.75
2498491,-39.375,-1102.5,-1198.75
2498501,288.75,-1036.875,-848.75
2498501,288.75,-1036.875,-848.75
2498511,433.125,-870.625,-236.25
2498511,433.125,-870.625,-236.25
2498522,713.125,-708.75,-8.75
2498522,713.125,-708.75,-8.75
2498532,927.5,-743.75,-175.0
2498532,927.5,-743.75,-175.0
2498541,376.25,-748.125,-223.125
2498541,376.25,-748.125,-223.125
2498552,-210.0,-870.625,-428.75
2498552,-210.0,-870.625,-428.75
2498563,-476.875,-1019.375,-516.25
2498563,-476.875,-1019.375,-516.25
2498573,-406.875,-1133.125,-363.125
2498573,-406.875,-1133.125,-363.125
2498584,-131.25,-1019.375,-258.125
2498584,-131.25,-1019.375,-258.125
2498594,-13.125,-958.125,65.625
2498594,-13.125,-958.125,65.625
2498604,192.5,-822.5,253.75
2498604,192.5,-822.5,253.75
2498614,-26.25,-717.5,240.625
2498614,-26.25,-717.5,240.625
2498625,437.5,-783.125,30.625
2498625,437.5,-783.125,30.625
2498635,879.375,-835.625,78.75
2498635,879.375,-835.625,78.75
2498646,796.25,-875.0,-21.875
2498646,796.25,-875.0,-21.875
2498656,844.375,-980.0,-153.125
2498656,844.375,-980.0,-153.125
2498666,805.0,-826.875,26.25
2498666,805.0,-826.875,26.25
2498677,971.25,-831.25,135.625
2498677,971.25,-831.25,135.625
2498687,787.5,-778.75,105.0
2498687,787.5,-778.75,105.0
2498697,293.125,-581.875,74.375
2498697,293.125,-581.875,74.375
2498707,83.125,-783.125,-262.5
2498707,83.125,-783.125,-262.5
2498718,-83.125,-678.125,-210.0
2498718,-83.125,-678.125,-210.0
2498728,-455.0,-673.75,-179.375
2498728,-455.0,-673.75,-179.375
2498738,-564.375,-682.5,-175.0
2498738,-564.375,-682.5,-175.0
2498749,-288.75,-599.375,-196.875
2498749,-288.75,-599.375,-196.875
2498759,-148.75,-678.125,-245.0
2498759,-148.75,-678.125,-245.0
2498769,-371.875,-708.75,-350.0
2498769,-371.875,-708.75,-350.0
2498780,-271.25,-770.0,-402.5
2498780,-271.25,-770.0,-402.5
2498790,-240.625,-831.25,-323.75
2498790,-240.625,-831.25,-323.75
2498801,-280.0,-695.625,-153.125
2498801,-280.0,-695.625,-153.125
2498810,-262.5,-520.625,39.375
2498810,-262.5,-520.625,39.375
2498821,-30.625,-708.75,-61.25
2498821,-30.625,-708.75,-61.25
2498831,-70.0,-774.375,-96.25
2498831,-70.0,-774.375,-96.25
2498842,-56.875,-678.125,-166.25
2498842,-56.875,-678.125,-166.25
2498852,148.75,-778.75,-236.25
2498852,148.75,-778.75,-236.25
2498862,52.5,-805.0,-315.0
2498862,52.5,-805.0,-315.0
2498873,-148.75,-730.625,-258.125
2498873,-148.75,-730.625,-258.125
2498883,-262.5,-813.75,-83.125
2498883,-262.5,-813.75,-83.125
2498893,-100.625,-761.25,-8.75
2498893,-100.625,-761.25,-8.75
2498903,-39.375,-770.0,70.0
2498903,-39.375,-770.0,70.0
2498914,-402.5,-743.75,161.875
2498914,-402.5,-743.75,161.875
2498924,-494.375,-643.125,249.375
2498924,-494.375,-643.125,249.375
2498934,-266.875,-638.75,380.625
2498934,-266.875,-638.75,380.625
2498945,-96.25,-573.125,542.5
2498945,-96.25,-573.125,542.5
2498955,-393.75,-301.875,774.375
2498955,-393.75,-301.875,774.375
2498965,-179.375,-196.875,910.0
2498965,-179.375,-196.875,910.0
2498976,223.125,-144.375,997.5
2498976,223.125,-144.375,997.5
2498986,-78.75,-30.625,1150.625
2498986,-78.75,-30.625,1150.625
2498997,-643.125,65.625,1106.875
2498997,-643.125,65.625,1106.875
2499007,-931.875,-153.125,1133.125
2499007,-931.875,-153.125,1133.125
