2503514,-17.5,-8.75,-26.25
2503514,-17.5,-8.75,-26.25
2503524,-83.125,-4.375,-21.875
2503524,-83.125,-4.375,-21.875
2503675,122.5,-8.75,-13.125
2503675,122.5,-8.75,-13.125
2503685,140.0,-17.5,-43.75
2503685,140.0,-17.5,-43.75
2503837,-118.125,30.625,35.0
2503837,-118.125,30.625,35.0
2503847,-100.625,26.25,21.875
2503847,-100.625,26.25,21.875
2503998,-218.75,48.125,161.875
2503998,-218.75,48.125,161.875
2504008,-148.75,74.375,192.5
2504008,-148.75,74.375,192.5
2504160,3718.75,131.25,2905.0
2504160,3718.75,131.25,2905.0
2504170,3841.25,568.75,3570.0
2504170,3841.25,568.75,3570.0
2504240,-945.0,853.125,949.375
2504240,-945.0,853.125,949.375
2504251,-284.375,910.0,927.5
2504251,-284.375,910.0,927.5
2504321,-5468.75,-1338.75,-236.25
2504321,-5468.75,-1338.75,-236.25
2504331,-6230.0,-1382.5,-870.625
2504331,-6230.0,-1382.5,-870.625
2504483,-18427.5,-927.5,-3819.375
2504483,-18427.5,-927.5,-3819.375
2504493,-19643.75,-971.25,-4388.125
2504493,-19643.75,-971.25,-4388.125
2504644,-10171.875,-10268.125,-9537.5
2504644,-10171.875,-10268.125,-9537.5
2504654,-9900.625,-10556.875,-9397.5
2504654,-9900.625,-10556.875,-9397.5
2504806,-5092.5,-7936.25,-2078.125
2504806,-5092.5,-7936.25,-2078.125
2504816,-4051.25,-7931.875,-2283.75
2504816,-4051.25,-7931.875,-2283.75
2504967,-1246.875,-4313.75,-2275.0
2504967,-1246.875,-4313.75,-2275.0
2504978,-2178.75,-3924.375,-1233.75
2504978,-2178.75,-3924.375,-1233.75
2505129,577.5,-3395.0,-2480.625
2505129,577.5,-3395.0,-2480.625
2505138,118.125,-3010.0,-2170.0
2505138,118.125,-3010.0,-2170.0
2505290,-1295.0,-503.125,-1281.875
2505290,-1295.0,-503.125,-1281.875
2505300,-1732.5,-100.625,-888.125
2505300,-1732.5,-100.625,-888.125
2505371,-2187.5,-131.25,376.25
2505371,-2187.5,-131.25,376.25
2505381,-2226.875,-214.375,389.375
2505381,-2226.875,-214.375,389.375
2505532,-161.875,179.375,-122.5
2505532,-161.875,179.375,-122.5
2505543,-441.875,-13.125,-91.875
2505543,-441.875,-13.125,-91.875
2505613,113.75,376.25,-288.75
2505613,113.75,376.25,-288.75
2505623,39.375,306.25,-83.125
2505623,39.375,306.25,-83.125
2505774,-3368.75,10530.625,301.875
2505774,-3368.75,10530.625,301.875
2505785,516.25,6571.25,-2253.125
2505785,516.25,6571.25,-2253.125
2505936,2191.875,-1732.5,35.0
2505936,2191.875,-1732.5,35.0
2505946,2533.125,-2165.625,-385.0
2505946,2533.125,-2165.625,-385.0
2506097,4038.125,-1155.0,-4165.0
2506097,4038.125,-1155.0,-4165.0
2506108,2139.375,-805.0,-2839.375
2506108,2139.375,-805.0,-2839.375
2506178,1360.625,-791.875,-958.125
2506178,1360.625,-791.875,-958.125
2506188,1491.875,-2135.0,-1290.625
2506188,1491.875,-2135.0,-1290.625
2506259,-43.75,-778.75,-205.625
2506259,-43.75,-778.75,-205.625
2506269,354.375,-481.25,-4.375
2506269,354.375,-481.25,-4.375
2506420,-840.0,253.75,140.0
2506420,-840.0,253.75,140.0
2506431,-883.75,-30.625,170.625
2506431,-883.75,-30.625,170.625
2506582,118.125,-43.75,-56.875
2506582,118.125,-43.75,-56.875
2506592,-188.125,-39.375,144.375
2506592,-188.125,-39.375,144.375
