2503512,-187.5,414.0625,890.625,-70.3125,-812.5,632.8125,117.1875,-976.5625,296.875,468.75,-875.0,117.1875,468.75,-875.0,156.25
2503512,-187.5,414.0625,890.625,-70.3125,-812.5,632.8125,117.1875,-976.5625,296.875,468.75,-875.0,117.1875,468.75,-875.0,156.25
2503520,-187.5,414.0625,890.625,-70.3125,-820.3125,632.8125,117.1875,-968.75,296.875,468.75,-875.0,117.1875,476.5625,-875.0,156.25
2503520,-187.5,414.0625,890.625,-70.3125,-820.3125,632.8125,117.1875,-968.75,296.875,468.75,-875.0,117.1875,476.5625,-875.0,156.25
2503520,-179.6875,429.6875,882.8125,-62.5,-804.6875,625.0,125.0,-960.9375,296.875,476.5625,-875.0,117.1875,476.5625,-875.0,148.4375
2503520,-179.6875,429.6875,882.8125,-62.5,-804.6875,625.0,125.0,-960.9375,296.875,476.5625,-875.0,117.1875,476.5625,-875.0,148.4375
2503528,-195.3125,421.875,890.625,-62.5,-804.6875,625.0,117.1875,-968.75,296.875,468.75,-882.8125,117.1875,468.75,-875.0,148.4375
2503528,-195.3125,421.875,890.625,-62.5,-804.6875,625.0,117.1875,-968.75,296.875,468.75,-882.8125,117.1875,468.75,-875.0,148.4375
2503674,-187.5,421.875,882.8125,-62.5,-796.875,625.0,117.1875,-960.9375,296.875,476.5625,-875.0,117.1875,476.5625,-867.1875,148.4375
2503674,-187.5,421.875,882.8125,-62.5,-796.875,625.0,117.1875,-960.9375,296.875,476.5625,-875.0,117.1875,476.5625,-867.1875,148.4375
2503681,-179.6875,429.6875,890.625,-62.5,-804.6875,625.0,117.1875,-968.75,296.875,468.75,-875.0,109.375,468.75,-867.1875,156.25
2503681,-179.6875,429.6875,890.625,-62.5,-804.6875,625.0,117.1875,-968.75,296.875,468.75,-875.0,109.375,468.75,-867.1875,156.25
2503682,-187.5,414.0625,882.8125,-70.3125,-812.5,632.8125,125.0,-976.5625,296.875,476.5625,-882.8125,117.1875,476.5625,-867.1875,148.4375
2503682,-187.5,414.0625,882.8125,-70.3125,-812.5,632.8125,125.0,-976.5625,296.875,476.5625,-882.8125,117.1875,476.5625,-867.1875,148.4375
2503690,-187.5,414.0625,898.4375,-62.5,-812.5,632.8125,117.1875,-968.75,296.875,468.75,-875.0,117.1875,468.75,-875.0,156.25
2503690,-187.5,414.0625,898.4375,-62.5,-812.5,632.8125,117.1875,-968.75,296.875,468.75,-875.0,117.1875,468.75,-875.0,156.25
2503835,-187.5,429.6875,890.625,-54.6875,-804.6875,632.8125,125.0,-960.9375,296.875,468.75,-875.0,117.1875,468.75,-867.1875,156.25
2503835,-187.5,429.6875,890.625,-54.6875,-804.6875,632.8125,125.0,-960.9375,296.875,468.75,-875.0,117.1875,468.75,-867.1875,156.25
2503843,-187.5,437.5,875.0,-62.5,-812.5,625.0,125.0,-960.9375,304.6875,468.75,-875.0,117.1875,476.5625,-867.1875,156.25
2503843,-187.5,437.5,875.0,-62.5,-812.5,625.0,125.0,-960.9375,304.6875,468.75,-875.0,117.1875,476.5625,-867.1875,156.25
2503843,-179.6875,437.5,882.8125,-62.5,-804.6875,632.8125,125.0,-960.9375,304.6875,476.5625,-875.0,109.375,468.75,-867.1875,164.0625
2503843,-179.6875,437.5,882.8125,-62.5,-804.6875,632.8125,125.0,-960.9375,304.6875,476.5625,-875.0,109.375,468.75,-867.1875,164.0625
2503851,-187.5,437.5,882.8125,-62.5,-804.6875,632.8125,117.1875,-960.9375,304.6875,476.5625,-867.1875,109.375,468.75,-867.1875,156.25
2503851,-187.5,437.5,882.8125,-62.5,-804.6875,632.8125,117.1875,-960.9375,304.6875,476.5625,-867.1875,109.375,468.75,-867.1875,156.25
2503996,-187.5,445.3125,890.625,-62.5,-812.5,632.8125,117.1875,-976.5625,296.875,484.375,-882.8125,117.1875,484.375,-875.0,164.0625
2503996,-187.5,445.3125,890.625,-62.5,-812.5,632.8125,117.1875,-976.5625,296.875,484.375,-882.8125,117.1875,484.375,-875.0,164.0625
2504004,-195.3125,445.3125,890.625,-54.6875,-812.5,640.625,109.375,-976.5625,304.6875,484.375,-882.8125,125.0,484.375,-875.0,164.0625
2504004,-195.3125,445.3125,890.625,-54.6875,-812.5,640.625,109.375,-976.5625,304.6875,484.375,-882.8125,125.0,484.375,-875.0,164.0625
2504004,-187.5,437.5,890.625,-62.5,-812.5,632.8125,117.1875,-968.75,304.6875,468.75,-890.625,117.1875,484.375,-875.0,164.0625
2504004,-187.5,437.5,890.625,-62.5,-812.5,632.8125,117.1875,-968.75,304.6875,468.75,-890.625,117.1875,484.375,-875.0,164.0625
2504012,-187.5,437.5,890.625,-62.5,-820.3125,625.0,117.1875,-976.5625,296.875,476.5625,-875.0,109.375,468.75,-875.0,164.0625
2504012,-187.5,437.5,890.625,-62.5,-820.3125,625.0,117.1875,-976.5625,296.875,476.5625,-875.0,109.375,468.75,-875.0,164.0625
2504157,-195.3125,523.4375,914.0625,-39.0625,-804.6875,664.0625,148.4375,-976.5625,351.5625,507.8125,-875.0,156.25,515.625,-906.25,210.9375
2504157,-195.3125,523.4375,914.0625,-39.0625,-804.6875,664.0625,148.4375,-976.5625,351.5625,507.8125,-875.0,156.25,515.625,-906.25,210.9375
2504165,-140.625,492.1875,898.4375,-7.8125,-843.75,671.875,164.0625,-1007.8125,343.75,531.25,-898.4375,179.6875,484.375,-914.0625,226.5625
2504165,-140.625,492.1875,898.4375,-7.8125,-843.75,671.875,164.0625,-1007.8125,343.75,531.25,-898.4375,179.6875,484.375,-914.0625,226.5625
2504165,-109.375,507.8125,882.8125,-46.875,-867.1875,671.875,156.25,-1015.625,343.75,515.625,-906.25,187.5,523.4375,-929.6875,226.5625
2504165,-109.375,507.8125,882.8125,-46.875,-867.1875,671.875,156.25,-1015.625,343.75,515.625,-906.25,187.5,523.4375,-929.6875,226.5625
2504173,-132.8125,492.1875,875.0,-46.875,-851.5625,671.875,164.0625,-1046.875,328.125,531.25,-953.125,164.0625,507.8125,-960.9375,250.0
2504173,-132.8125,492.1875,875.0,-46.875,-851.5625,671.875,164.0625,-1046.875,328.125,531.25,-953.125,164.0625,507.8125,-960.9375,250.0
2504238,-187.5,609.375,1015.625,39.0625,-757.8125,812.5,179.6875,-1062.5,351.5625,617.1875,-992.1875,179.6875,625.0,-1000.0,359.375
2504238,-187.5,609.375,1015.625,39.0625,-757.8125,812.5,179.6875,-1062.5,351.5625,617.1875,-992.1875,179.6875,625.0,-1000.0,359.375
2504246,-164.0625,562.5,1039.0625,54.6875,-859.375,781.25,218.75,-1109.375,382.8125,664.0625,-1015.625,226.5625,609.375,-1015.625,343.75
2504246,-164.0625,562.5,1039.0625,54.6875,-859.375,781.25,218.75,-1109.375,382.8125,664.0625,-1015.625,226.5625,609.375,-1015.625,343.75
2504246,-140.625,523.4375,1054.6875,-23.4375,-898.4375,812.5,226.5625,-1148.4375,421.875,664.0625,-1023.4375,234.375,632.8125,-1000.0,375.0
2504246,-140.625,523.4375,1054.6875,-23.4375,-898.4375,812.5,226.5625,-1148.4375,421.875,664.0625,-1023.4375,234.375,632.8125,-1000.0,375.0
2504254,-125.0,554.6875,1117.1875,7.8125,-898.4375,828.125,375.0,-1195.3125,523.4375,796.875,-984.375,296.875,671.875,-1054.6875,414.0625
2504254,-125.0,554.6875,1117.1875,7.8125,-898.4375,828.125,375.0,-1195.3125,523.4375,796.875,-984.375,296.875,671.875,-1054.6875,414.0625
2504319,-132.8125,812.5,1210.9375,265.625,-953.125,1140.625,460.9375,-1289.0625,617.1875,851.5625,-1156.25,312.5,765.625,-1117.1875,468.75
2504319,-132.8125,812.5,1210.9375,265.625,-953.125,1140.625,460.9375,-1289.0625,617.1875,851.5625,-1156.25,312.5,765.625,-1117.1875,468.75
2504326,-101.5625,867.1875,1226.5625,250.0,-953.125,1140.625,453.125,-1296.875,601.5625,843.75,-1140.625,296.875,757.8125,-1101.5625,453.125
2504326,-101.5625,867.1875,1226.5625,250.0,-953.125,1140.625,453.125,-1296.875,601.5625,843.75,-1140.625,296.875,757.8125,-1101.5625,453.125
2504326,-85.9375,914.0625,1226.5625,242.1875,-968.75,1132.8125,445.3125,-1281.25,593.75,835.9375,-1125.0,273.4375,757.8125,-1109.375,445.3125
2504326,-85.9375,914.0625,1226.5625,242.1875,-968.75,1132.8125,445.3125,-1281.25,593.75,835.9375,-1125.0,273.4375,757.8125,-1109.375,445.3125
2504335,-70.3125,945.3125,1218.75,218.75,-984.375,1117.1875,429.6875,-1281.25,578.125,828.125,-1125.0,265.625,757.8125,-1109.375,429.6875
2504335,-70.3125,945.3125,1218.75,218.75,-984.375,1117.1875,429.6875,-1281.25,578.125,828.125,-1125.0,265.625,757.8125,-1109.375,429.6875
2504480,-398.4375,828.125,812.5,62.5,-820.3125,1179.6875,359.375,-1210.9375,773.4375,757.8125,-1132.8125,437.5,687.5,-1101.5625,562.5
2504480,-398.4375,828.125,812.5,62.5,-820.3125,1179.6875,359.375,-1210.9375,773.4375,757.8125,-1132.8125,437.5,687.5,-1101.5625,562.5
2504487,-406.25,851.5625,789.0625,54.6875,-820.3125,1179.6875,359.375,-1210.9375,773.4375,750.0,-1132.8125,421.875,679.6875,-1101.5625,570.3125
2504487,-406.25,851.5625,789.0625,54.6875,-820.3125,1179.6875,359.375,-1210.9375,773.4375,750.0,-1132.8125,421.875,679.6875,-1101.5625,570.3125
2504488,-398.4375,875.0,781.25,39.0625,-789.0625,1187.5,359.375,-1203.125,781.25,742.1875,-1132.8125,437.5,679.6875,-1109.375,570.3125
2504488,-398.4375,875.0,781.25,39.0625,-789.0625,1187.5,359.375,-1203.125,781.25,742.1875,-1132.8125,437.5,679.6875,-1109.375,570.3125
2504496,-382.8125,914.0625,773.4375,31.25,-789.0625,1156.25,335.9375,-1187.5,773.4375,726.5625,-1117.1875,429.6875,656.25,-1109.375,570.3125
2504496,-382.8125,914.0625,773.4375,31.25,-789.0625,1156.25,335.9375,-1187.5,773.4375,726.5625,-1117.1875,429.6875,656.25,-1109.375,570.3125
2504641,-398.4375,531.25,500.0,-273.4375,-562.5,585.9375,-132.8125,-812.5,281.25,171.875,-890.625,132.8125,179.6875,-859.375,296.875
2504641,-398.4375,531.25,500.0,-273.4375,-562.5,585.9375,-132.8125,-812.5,281.25,171.875,-890.625,132.8125,179.6875,-859.375,296.875
2504649,-421.875,500.0,468.75,-289.0625,-539.0625,562.5,-132.8125,-765.625,289.0625,179.6875,-859.375,132.8125,171.875,-835.9375,289.0625
2504649,-421.875,500.0,468.75,-289.0625,-539.0625,562.5,-132.8125,-765.625,289.0625,179.6875,-859.375,132.8125,171.875,-835.9375,289.0625
2504649,-429.6875,476.5625,429.6875,-289.0625,-507.8125,546.875,-132.8125,-734.375,304.6875,148.4375,-820.3125,125.0,140.625,-812.5,265.625
2504649,-429.6875,476.5625,429.6875,-289.0625,-507.8125,546.875,-132.8125,-734.375,304.6875,148.4375,-820.3125,125.0,140.625,-812.5,265.625
2504657,-429.6875,468.75,390.625,-296.875,-476.5625,546.875,-125.0,-687.5,320.3125,117.1875,-765.625,132.8125,93.75,-781.25,257.8125
2504657,-429.6875,468.75,390.625,-296.875,-476.5625,546.875,-125.0,-687.5,320.3125,117.1875,-765.625,132.8125,93.75,-781.25,257.8125
2504803,-398.4375,515.625,-320.3125,-500.0,375.0,257.8125,-500.0,156.25,398.4375,-429.6875,-93.75,414.0625,-320.3125,-203.125,476.5625
2504803,-398.4375,515.625,-320.3125,-500.0,375.0,257.8125,-500.0,156.25,398.4375,-429.6875,-93.75,414.0625,-320.3125,-203.125,476.5625
2504810,-375.0,546.875,-328.125,-539.0625,382.8125,250.0,-507.8125,164.0625,382.8125,-453.125,-132.8125,476.5625,-335.9375,-179.6875,492.1875
2504810,-375.0,546.875,-328.125,-539.0625,382.8125,250.0,-507.8125,164.0625,382.8125,-453.125,-132.8125,476.5625,-335.9375,-179.6875,492.1875
2504811,-382.8125,570.3125,-335.9375,-562.5,390.625,218.75,-539.0625,203.125,367.1875,-429.6875,-156.25,500.0,-359.375,-164.0625,507.8125
2504811,-382.8125,570.3125,-335.9375,-562.5,390.625,218.75,-539.0625,203.125,367.1875,-429.6875,-156.25,500.0,-359.375,-164.0625,507.8125
2504819,-382.8125,562.5,-343.75,-578.125,398.4375,187.5,-554.6875,226.5625,343.75,-445.3125,-164.0625,507.8125,-343.75,-164.0625,515.625
2504819,-382.8125,562.5,-343.75,-578.125,398.4375,187.5,-554.6875,226.5625,343.75,-445.3125,-164.0625,507.8125,-343.75,-164.0625,515.625
2504964,-523.4375,390.625,-687.5,-773.4375,531.25,203.125,-781.25,273.4375,492.1875,-632.8125,-148.4375,703.125,-546.875,-179.6875,750.0
2504964,-523.4375,390.625,-687.5,-773.4375,531.25,203.125,-781.25,273.4375,492.1875,-632.8125,-148.4375,703.125,-546.875,-179.6875,750.0
2504972,-515.625,375.0,-687.5,-773.4375,531.25,203.125,-765.625,265.625,484.375,-648.4375,-156.25,710.9375,-546.875,-179.6875,742.1875
2504972,-515.625,375.0,-687.5,-773.4375,531.25,203.125,-765.625,265.625,484.375,-648.4375,-156.25,710.9375,-546.875,-179.6875,742.1875
2504972,-515.625,382.8125,-671.875,-765.625,523.4375,195.3125,-757.8125,250.0,476.5625,-671.875,-179.6875,726.5625,-531.25,-195.3125,773.4375
2504972,-515.625,382.8125,-671.875,-765.625,523.4375,195.3125,-757.8125,250.0,476.5625,-671.875,-179.6875,726.5625,-531.25,-195.3125,773.4375
2504980,-500.0,406.25,-664.0625,-757.8125,500.0,171.875,-765.625,226.5625,476.5625,-617.1875,-187.5,718.75,-523.4375,-195.3125,789.0625
2504980,-500.0,406.25,-664.0625,-757.8125,500.0,171.875,-765.625,226.5625,476.5625,-617.1875,-187.5,718.75,-523.4375,-195.3125,789.0625
2505125,-492.1875,406.25,-781.25,-812.5,570.3125,109.375,-835.9375,312.5,445.3125,-695.3125,-140.625,718.75,-585.9375,-148.4375,789.0625
2505125,-492.1875,406.25,-781.25,-812.5,570.3125,109.375,-835.9375,312.5,445.3125,-695.3125,-140.625,718.75,-585.9375,-148.4375,789.0625
2505133,-500.0,414.0625,-773.4375,-812.5,570.3125,125.0,-828.125,304.6875,453.125,-679.6875,-132.8125,734.375,-593.75,-148.4375,789.0625
2505133,-500.0,414.0625,-773.4375,-812.5,570.3125,125.0,-828.125,304.6875,453.125,-679.6875,-132.8125,734.375,-593.75,-148.4375,789.0625
2505133,-515.625,421.875,-765.625,-804.6875,570.3125,140.625,-828.125,296.875,460.9375,-679.6875,-148.4375,742.1875,-593.75,-148.4375,789.0625
2505133,-515.625,421.875,-765.625,-804.6875,570.3125,140.625,-828.125,296.875,460.9375,-679.6875,-148.4375,742.1875,-593.75,-148.4375,789.0625
2505141,-539.0625,414.0625,-796.875,-812.5,562.5,140.625,-828.125,296.875,460.9375,-687.5,-156.25,742.1875,-601.5625,-156.25,781.25
2505141,-539.0625,414.0625,-796.875,-812.5,562.5,140.625,-828.125,296.875,460.9375,-687.5,-156.25,742.1875,-601.5625,-156.25,781.25
2505286,-585.9375,398.4375,-773.4375,-906.25,460.9375,62.5,-914.0625,179.6875,382.8125,-750.0,-257.8125,695.3125,-671.875,-250.0,773.4375
2505286,-585.9375,398.4375,-773.4375,-906.25,460.9375,62.5,-914.0625,179.6875,382.8125,-750.0,-257.8125,695.3125,-671.875,-250.0,773.4375
2505294,-585.9375,390.625,-773.4375,-921.875,453.125,54.6875,-937.5,226.5625,351.5625,-773.4375,-234.375,687.5,-671.875,-242.1875,781.25
2505294,-585.9375,390.625,-773.4375,-921.875,453.125,54.6875,-937.5,226.5625,351.5625,-773.4375,-234.375,687.5,-671.875,-242.1875,781.25
2505294,-593.75,414.0625,-781.25,-929.6875,437.5,39.0625,-937.5,265.625,335.9375,-796.875,-210.9375,679.6875,-679.6875,-218.75,765.625
2505294,-593.75,414.0625,-781.25,-929.6875,437.5,39.0625,-937.5,265.625,335.9375,-796.875,-210.9375,679.6875,-679.6875,-218.75,765.625
2505302,-585.9375,421.875,-796.875,-937.5,429.6875,39.0625,-937.5,296.875,328.125,-796.875,-187.5,679.6875,-695.3125,-195.3125,757.8125
2505302,-585.9375,421.875,-796.875,-937.5,429.6875,39.0625,-937.5,296.875,328.125,-796.875,-187.5,679.6875,-695.3125,-195.3125,757.8125
2505367,-507.8125,445.3125,-750.0,-914.0625,500.0,62.5,-890.625,367.1875,367.1875,-757.8125,-132.8125,726.5625,-679.6875,-140.625,765.625
2505367,-507.8125,445.3125,-750.0,-914.0625,500.0,62.5,-890.625,367.1875,367.1875,-757.8125,-132.8125,726.5625,-679.6875,-140.625,765.625
2505375,-515.625,468.75,-734.375,-906.25,484.375,54.6875,-890.625,382.8125,343.75,-757.8125,-140.625,710.9375,-671.875,-140.625,773.4375
2505375,-515.625,468.75,-734.375,-906.25,484.375,54.6875,-890.625,382.8125,343.75,-757.8125,-140.625,710.9375,-671.875,-140.625,773.4375
2505375,-515.625,476.5625,-726.5625,-898.4375,476.5625,70.3125,-890.625,390.625,335.9375,-781.25,-132.8125,695.3125,-679.6875,-148.4375,750.0
2505375,-515.625,476.5625,-726.5625,-898.4375,476.5625,70.3125,-890.625,390.625,335.9375,-781.25,-132.8125,695.3125,-679.6875,-148.4375,750.0
2505383,-507.8125,468.75,-734.375,-890.625,468.75,70.3125,-898.4375,398.4375,328.125,-796.875,-109.375,671.875,-695.3125,-132.8125,742.1875
2505383,-507.8125,468.75,-734.375,-890.625,468.75,70.3125,-898.4375,398.4375,328.125,-796.875,-109.375,671.875,-695.3125,-132.8125,742.1875
2505528,-507.8125,367.1875,-781.25,-890.625,460.9375,-15.625,-882.8125,367.1875,265.625,-796.875,-78.125,625.0,-703.125,-117.1875,695.3125
2505528,-507.8125,367.1875,-781.25,-890.625,460.9375,-15.625,-882.8125,367.1875,265.625,-796.875,-78.125,625.0,-703.125,-117.1875,695.3125
2505536,-523.4375,343.75,-765.625,-882.8125,445.3125,-31.25,-898.4375,359.375,257.8125,-812.5,-93.75,617.1875,-710.9375,-132.8125,687.5
2505536,-523.4375,343.75,-765.625,-882.8125,445.3125,-31.25,-898.4375,359.375,257.8125,-812.5,-93.75,617.1875,-710.9375,-132.8125,687.5
2505536,-539.0625,351.5625,-757.8125,-898.4375,453.125,-31.25,-906.25,375.0,250.0,-812.5,-101.5625,601.5625,-703.125,-132.8125,687.5
2505536,-539.0625,351.5625,-757.8125,-898.4375,453.125,-31.25,-906.25,375.0,250.0,-812.5,-101.5625,601.5625,-703.125,-132.8125,687.5
2505544,-546.875,375.0,-765.625,-898.4375,453.125,-46.875,-921.875,375.0,226.5625,-820.3125,-109.375,601.5625,-695.3125,-140.625,695.3125
2505544,-546.875,375.0,-765.625,-898.4375,453.125,-46.875,-921.875,375.0,226.5625,-820.3125,-109.375,601.5625,-695.3125,-140.625,695.3125
2505609,-531.25,367.1875,-773.4375,-906.25,445.3125,-54.6875,-921.875,335.9375,234.375,-828.125,-101.5625,609.375,-718.75,-132.8125,703.125
2505609,-531.25,367.1875,-773.4375,-906.25,445.3125,-54.6875,-921.875,335.9375,234.375,-828.125,-101.5625,609.375,-718.75,-132.8125,703.125
2505617,-539.0625,367.1875,-781.25,-906.25,453.125,-39.0625,-914.0625,351.5625,242.1875,-851.5625,-85.9375,593.75,-726.5625,-140.625,687.5
2505617,-539.0625,367.1875,-781.25,-906.25,453.125,-39.0625,-914.0625,351.5625,242.1875,-851.5625,-85.9375,593.75,-726.5625,-140.625,687.5
2505617,-539.0625,367.1875,-781.25,-921.875,460.9375,-23.4375,-921.875,351.5625,242.1875,-851.5625,-78.125,585.9375,-734.375,-140.625,687.5
2505617,-539.0625,367.1875,-781.25,-921.875,460.9375,-23.4375,-921.875,351.5625,242.1875,-851.5625,-78.125,585.9375,-734.375,-140.625,687.5
2505625,-546.875,367.1875,-773.4375,-921.875,453.125,-31.25,-953.125,328.125,226.5625,-851.5625,-101.5625,593.75,-718.75,-140.625,695.3125
2505625,-546.875,367.1875,-773.4375,-921.875,453.125,-31.25,-953.125,328.125,226.5625,-851.5625,-101.5625,593.75,-718.75,-140.625,695.3125
2505771,-320.3125,546.875,-757.8125,-23.4375,867.1875,1132.8125,789.0625,398.4375,1492.1875,296.875,453.125,1242.1875,-289.0625,593.75,695.3125
2505771,-320.3125,546.875,-757.8125,-23.4375,867.1875,1132.8125,789.0625,398.4375,1492.1875,296.875,453.125,1242.1875,-289.0625,593.75,695.3125
2505778,-218.75,570.3125,-859.375,-109.375,929.6875,1312.5,703.125,421.875,1570.3125,250.0,382.8125,1257.8125,-320.3125,460.9375,796.875
2505778,-218.75,570.3125,-859.375,-109.375,929.6875,1312.5,703.125,421.875,1570.3125,250.0,382.8125,1257.8125,-320.3125,460.9375,796.875
2505778,-195.3125,445.3125,-710.9375,-31.25,921.875,1359.375,710.9375,476.5625,1656.25,203.125,375.0,1296.875,-257.8125,445.3125,859.375
2505778,-195.3125,445.3125,-710.9375,-31.25,921.875,1359.375,710.9375,476.5625,1656.25,203.125,375.0,1296.875,-257.8125,445.3125,859.375
2505787,-335.9375,328.125,-734.375,15.625,906.25,1406.25,789.0625,437.5,1765.625,281.25,460.9375,1351.5625,-164.0625,492.1875,906.25
2505787,-335.9375,328.125,-734.375,15.625,906.25,1406.25,789.0625,437.5,1765.625,281.25,460.9375,1351.5625,-164.0625,492.1875,906.25
2505932,-468.75,414.0625,-750.0,-929.6875,226.5625,-117.1875,-1046.875,-226.5625,-39.0625,-703.125,-351.5625,601.5625,-617.1875,-171.875,765.625
2505932,-468.75,414.0625,-750.0,-929.6875,226.5625,-117.1875,-1046.875,-226.5625,-39.0625,-703.125,-351.5625,601.5625,-617.1875,-171.875,765.625
2505940,-453.125,437.5,-742.1875,-921.875,210.9375,-195.3125,-1132.8125,-226.5625,-148.4375,-750.0,-460.9375,554.6875,-578.125,-203.125,742.1875
2505940,-453.125,437.5,-742.1875,-921.875,210.9375,-195.3125,-1132.8125,-226.5625,-148.4375,-750.0,-460.9375,554.6875,-578.125,-203.125,742.1875
2505940,-445.3125,437.5,-656.25,-1007.8125,109.375,-257.8125,-1148.4375,-218.75,-117.1875,-851.5625,-523.4375,492.1875,-546.875,-312.5,757.8125
2505940,-445.3125,437.5,-656.25,-1007.8125,109.375,-257.8125,-1148.4375,-218.75,-117.1875,-851.5625,-523.4375,492.1875,-546.875,-312.5,757.8125
2505948,-484.375,406.25,-656.25,-1023.4375,23.4375,-289.0625,-1164.0625,-109.375,-70.3125,-812.5,-476.5625,453.125,-539.0625,-421.875,789.0625
2505948,-484.375,406.25,-656.25,-1023.4375,23.4375,-289.0625,-1164.0625,-109.375,-70.3125,-812.5,-476.5625,453.125,-539.0625,-421.875,789.0625
2506093,-664.0625,437.5,-812.5,-54.6875,492.1875,1281.25,468.75,-78.125,1429.6875,648.4375,-296.875,1257.8125,625.0,-281.25,1335.9375
2506093,-664.0625,437.5,-812.5,-54.6875,492.1875,1281.25,468.75,-78.125,1429.6875,648.4375,-296.875,1257.8125,625.0,-281.25,1335.9375
2506101,-617.1875,406.25,-851.5625,-187.5,304.6875,1156.25,289.0625,-226.5625,1328.125,609.375,-367.1875,1265.625,609.375,-304.6875,1328.125
2506101,-617.1875,406.25,-851.5625,-187.5,304.6875,1156.25,289.0625,-226.5625,1328.125,609.375,-367.1875,1265.625,609.375,-304.6875,1328.125
2506101,-601.5625,429.6875,-867.1875,-250.0,132.8125,1054.6875,234.375,-437.5,1343.75,726.5625,-406.25,1328.125,523.4375,-367.1875,1289.0625
2506101,-601.5625,429.6875,-867.1875,-250.0,132.8125,1054.6875,234.375,-437.5,1343.75,726.5625,-406.25,1328.125,523.4375,-367.1875,1289.0625
2506108,-593.75,476.5625,-820.3125,-265.625,54.6875,1085.9375,335.9375,-523.4375,1468.75,750.0,-453.125,1304.6875,437.5,-375.0,1289.0625
2506108,-593.75,476.5625,-820.3125,-265.625,54.6875,1085.9375,335.9375,-523.4375,1468.75,750.0,-453.125,1304.6875,437.5,-375.0,1289.0625
2506174,-468.75,445.3125,-781.25,-640.625,570.3125,265.625,-492.1875,351.5625,484.375,-187.5,-335.9375,796.875,-15.625,-187.5,1109.375
2506174,-468.75,445.3125,-781.25,-640.625,570.3125,265.625,-492.1875,351.5625,484.375,-187.5,-335.9375,796.875,-15.625,-187.5,1109.375
2506181,-507.8125,320.3125,-820.3125,-585.9375,625.0,320.3125,-546.875,453.125,437.5,-289.0625,-234.375,726.5625,0.0,-296.875,1000.0
2506181,-507.8125,320.3125,-820.3125,-585.9375,625.0,320.3125,-546.875,453.125,437.5,-289.0625,-234.375,726.5625,0.0,-296.875,1000.0
2506182,-539.0625,203.125,-804.6875,-625.0,632.8125,273.4375,-625.0,476.5625,359.375,-257.8125,-242.1875,726.5625,-39.0625,-281.25,906.25
2506182,-539.0625,203.125,-804.6875,-625.0,632.8125,273.4375,-625.0,476.5625,359.375,-257.8125,-242.1875,726.5625,-39.0625,-281.25,906.25
2506190,-554.6875,148.4375,-750.0,-703.125,562.5,195.3125,-710.9375,484.375,296.875,-312.5,-304.6875,718.75,54.6875,-210.9375,890.625
2506190,-554.6875,148.4375,-750.0,-703.125,562.5,195.3125,-710.9375,484.375,296.875,-312.5,-304.6875,718.75,54.6875,-210.9375,890.625
2506254,-546.875,367.1875,-671.875,-953.125,234.375,-125.0,-921.875,187.5,203.125,-710.9375,-234.375,570.3125,-351.5625,-375.0,812.5
2506254,-546.875,367.1875,-671.875,-953.125,234.375,-125.0,-921.875,187.5,203.125,-710.9375,-234.375,570.3125,-351.5625,-375.0,812.5
2506262,-562.5,359.375,-679.6875,-945.3125,265.625,-54.6875,-875.0,210.9375,265.625,-710.9375,-187.5,601.5625,-414.0625,-335.9375,812.5
2506262,-562.5,359.375,-679.6875,-945.3125,265.625,-54.6875,-875.0,210.9375,265.625,-710.9375,-187.5,601.5625,-414.0625,-335.9375,812.5
2506262,-570.3125,343.75,-710.9375,-898.4375,335.9375,7.8125,-859.375,242.1875,304.6875,-687.5,-171.875,632.8125,-398.4375,-289.0625,765.625
2506262,-570.3125,343.75,-710.9375,-898.4375,335.9375,7.8125,-859.375,242.1875,304.6875,-687.5,-171.875,632.8125,-398.4375,-289.0625,765.625
2506270,-570.3125,328.125,-710.9375,-875.0,398.4375,78.125,-882.8125,273.4375,320.3125,-687.5,-171.875,648.4375,-414.0625,-265.625,765.625
2506270,-570.3125,328.125,-710.9375,-875.0,398.4375,78.125,-882.8125,273.4375,320.3125,-687.5,-171.875,648.4375,-414.0625,-265.625,765.625
2506416,-515.625,406.25,-750.0,-890.625,507.8125,7.8125,-906.25,328.125,367.1875,-726.5625,-164.0625,742.1875,-406.25,-273.4375,882.8125
2506416,-515.625,406.25,-750.0,-890.625,507.8125,7.8125,-906.25,328.125,367.1875,-726.5625,-164.0625,742.1875,-406.25,-273.4375,882.8125
2506423,-523.4375,414.0625,-750.0,-890.625,507.8125,0.0,-890.625,335.9375,343.75,-726.5625,-164.0625,726.5625,-421.875,-265.625,875.0
2506423,-523.4375,414.0625,-750.0,-890.625,507.8125,0.0,-890.625,335.9375,343.75,-726.5625,-164.0625,726.5625,-421.875,-265.625,875.0
2506423,-539.0625,421.875,-750.0,-898.4375,507.8125,-15.625,-906.25,351.5625,335.9375,-726.5625,-164.0625,710.9375,-429.6875,-257.8125,859.375
2506423,-539.0625,421.875,-750.0,-898.4375,507.8125,-15.625,-906.25,351.5625,335.9375,-726.5625,-164.0625,710.9375,-429.6875,-257.8125,859.375
2506431,-554.6875,421.875,-742.1875,-890.625,500.0,-23.4375,-898.4375,359.375,328.125,-734.375,-148.4375,718.75,-445.3125,-242.1875,851.5625
2506431,-554.6875,421.875,-742.1875,-890.625,500.0,-23.4375,-898.4375,359.375,328.125,-734.375,-148.4375,718.75,-445.3125,-242.1875,851.5625
2506577,-554.6875,375.0,-773.4375,-882.8125,507.8125,31.25,-859.375,328.125,414.0625,-687.5,-179.6875,750.0,-421.875,-281.25,882.8125
2506577,-554.6875,375.0,-773.4375,-882.8125,507.8125,31.25,-859.375,328.125,414.0625,-687.5,-179.6875,750.0,-421.875,-281.25,882.8125
2506585,-562.5,359.375,-757.8125,-890.625,500.0,39.0625,-859.375,328.125,414.0625,-695.3125,-187.5,742.1875,-421.875,-289.0625,882.8125
2506585,-562.5,359.375,-757.8125,-890.625,500.0,39.0625,-859.375,328.125,414.0625,-695.3125,-187.5,742.1875,-421.875,-289.0625,882.8125
2506585,-562.5,367.1875,-757.8125,-890.625,492.1875,31.25,-867.1875,328.125,398.4375,-695.3125,-203.125,757.8125,-414.0625,-289.0625,882.8125
2506585,-562.5,367.1875,-757.8125,-890.625,492.1875,31.25,-867.1875,328.125,398.4375,-695.3125,-203.125,757.8125,-414.0625,-289.0625,882.8125
2506593,-570.3125,382.8125,-757.8125,-882.8125,492.1875,31.25,-875.0,320.3125,398.4375,-695.3125,-203.125,742.1875,-406.25,-289.0625,890.625
2506593,-570.3125,382.8125,-757.8125,-882.8125,492.1875,31.25,-875.0,320.3125,398.4375,-695.3125,-203.125,742.1875,-406.25,-289.0625,890.625
