2512795,-148.4375,421.875,898.4375,-109.375,-750.0,687.5,187.5,-921.875,367.1875,382.8125,-914.0625,171.875,546.875,-859.375,46.875
2512795,-148.4375,421.875,898.4375,-109.375,-750.0,687.5,187.5,-921.875,367.1875,382.8125,-914.0625,171.875,546.875,-859.375,46.875
2512803,-148.4375,406.25,898.4375,-117.1875,-750.0,695.3125,195.3125,-929.6875,375.0,382.8125,-921.875,179.6875,523.4375,-851.5625,39.0625
2512803,-148.4375,406.25,898.4375,-117.1875,-750.0,695.3125,195.3125,-929.6875,375.0,382.8125,-921.875,179.6875,523.4375,-851.5625,39.0625
2512810,-148.4375,406.25,890.625,-117.1875,-750.0,695.3125,195.3125,-929.6875,367.1875,390.625,-914.0625,179.6875,515.625,-835.9375,39.0625
2512810,-148.4375,406.25,890.625,-117.1875,-750.0,695.3125,195.3125,-929.6875,367.1875,390.625,-914.0625,179.6875,515.625,-835.9375,39.0625
2512811,-140.625,414.0625,890.625,-109.375,-750.0,695.3125,195.3125,-921.875,375.0,382.8125,-914.0625,171.875,531.25,-851.5625,46.875
2512811,-140.625,414.0625,890.625,-109.375,-750.0,695.3125,195.3125,-921.875,375.0,382.8125,-914.0625,171.875,531.25,-851.5625,46.875
2512859,-148.4375,406.25,898.4375,-117.1875,-757.8125,695.3125,179.6875,-945.3125,367.1875,398.4375,-921.875,171.875,531.25,-851.5625,31.25
2512859,-148.4375,406.25,898.4375,-117.1875,-757.8125,695.3125,179.6875,-945.3125,367.1875,398.4375,-921.875,171.875,531.25,-851.5625,31.25
2512867,-156.25,406.25,898.4375,-125.0,-757.8125,687.5,187.5,-937.5,367.1875,390.625,-921.875,171.875,546.875,-851.5625,23.4375
2512867,-156.25,406.25,898.4375,-125.0,-757.8125,687.5,187.5,-937.5,367.1875,390.625,-921.875,171.875,546.875,-851.5625,23.4375
2512868,-156.25,414.0625,906.25,-125.0,-757.8125,687.5,187.5,-945.3125,367.1875,382.8125,-921.875,164.0625,531.25,-851.5625,31.25
2512868,-156.25,414.0625,906.25,-125.0,-757.8125,687.5,187.5,-945.3125,367.1875,382.8125,-921.875,164.0625,531.25,-851.5625,31.25
2512875,-140.625,406.25,906.25,-125.0,-757.8125,687.5,187.5,-937.5,367.1875,390.625,-921.875,164.0625,539.0625,-851.5625,31.25
2512875,-140.625,406.25,906.25,-125.0,-757.8125,687.5,187.5,-937.5,367.1875,390.625,-921.875,164.0625,539.0625,-851.5625,31.25
2513021,-140.625,421.875,890.625,-117.1875,-750.0,695.3125,195.3125,-921.875,375.0,398.4375,-914.0625,164.0625,531.25,-851.5625,39.0625
2513021,-140.625,421.875,890.625,-117.1875,-750.0,695.3125,195.3125,-921.875,375.0,398.4375,-914.0625,164.0625,531.25,-851.5625,39.0625
2513029,-140.625,421.875,898.4375,-109.375,-750.0,687.5,187.5,-929.6875,367.1875,390.625,-914.0625,164.0625,523.4375,-835.9375,31.25
2513029,-140.625,421.875,898.4375,-109.375,-750.0,687.5,187.5,-929.6875,367.1875,390.625,-914.0625,164.0625,523.4375,-835.9375,31.25
2513029,-140.625,414.0625,898.4375,-117.1875,-757.8125,695.3125,187.5,-921.875,359.375,382.8125,-914.0625,179.6875,531.25,-835.9375,39.0625
2513029,-140.625,414.0625,898.4375,-117.1875,-757.8125,695.3125,187.5,-921.875,359.375,382.8125,-914.0625,179.6875,531.25,-835.9375,39.0625
2513037,-148.4375,414.0625,890.625,-117.1875,-750.0,695.3125,195.3125,-929.6875,367.1875,382.8125,-906.25,171.875,523.4375,-843.75,39.0625
2513037,-148.4375,414.0625,890.625,-117.1875,-750.0,695.3125,195.3125,-929.6875,367.1875,382.8125,-906.25,171.875,523.4375,-843.75,39.0625
2513183,-140.625,406.25,898.4375,-117.1875,-750.0,687.5,187.5,-929.6875,375.0,390.625,-906.25,171.875,523.4375,-843.75,31.25
2513183,-140.625,406.25,898.4375,-117.1875,-750.0,687.5,187.5,-929.6875,375.0,390.625,-906.25,171.875,523.4375,-843.75,31.25
2513190,-140.625,414.0625,898.4375,-117.1875,-750.0,695.3125,187.5,-921.875,367.1875,390.625,-906.25,164.0625,531.25,-843.75,39.0625
2513190,-140.625,414.0625,898.4375,-117.1875,-750.0,695.3125,187.5,-921.875,367.1875,390.625,-906.25,164.0625,531.25,-843.75,39.0625
2513190,-132.8125,414.0625,898.4375,-109.375,-742.1875,671.875,187.5,-921.875,367.1875,390.625,-906.25,164.0625,523.4375,-843.75,39.0625
2513190,-132.8125,414.0625,898.4375,-109.375,-742.1875,671.875,187.5,-921.875,367.1875,390.625,-906.25,164.0625,523.4375,-843.75,39.0625
2513198,-140.625,421.875,890.625,-125.0,-742.1875,695.3125,187.5,-921.875,367.1875,390.625,-914.0625,164.0625,531.25,-835.9375,39.0625
2513198,-140.625,421.875,890.625,-125.0,-742.1875,695.3125,187.5,-921.875,367.1875,390.625,-914.0625,164.0625,531.25,-835.9375,39.0625
2513279,-140.625,414.0625,906.25,-117.1875,-750.0,695.3125,195.3125,-929.6875,367.1875,390.625,-898.4375,164.0625,531.25,-843.75,39.0625
2513279,-140.625,414.0625,906.25,-117.1875,-750.0,695.3125,195.3125,-929.6875,367.1875,390.625,-898.4375,164.0625,531.25,-843.75,39.0625
2513287,-140.625,414.0625,898.4375,-117.1875,-750.0,695.3125,187.5,-921.875,367.1875,375.0,-906.25,164.0625,531.25,-851.5625,31.25
2513287,-140.625,414.0625,898.4375,-117.1875,-750.0,695.3125,187.5,-921.875,367.1875,375.0,-906.25,164.0625,531.25,-851.5625,31.25
2513295,-140.625,414.0625,898.4375,-125.0,-750.0,687.5,187.5,-929.6875,367.1875,382.8125,-914.0625,171.875,531.25,-843.75,39.0625
2513295,-140.625,414.0625,898.4375,-125.0,-750.0,687.5,187.5,-929.6875,367.1875,382.8125,-914.0625,171.875,531.25,-843.75,39.0625
2513295,-140.625,414.0625,890.625,-117.1875,-750.0,679.6875,187.5,-929.6875,367.1875,382.8125,-906.25,171.875,523.4375,-835.9375,23.4375
2513295,-140.625,414.0625,890.625,-117.1875,-750.0,679.6875,187.5,-929.6875,367.1875,382.8125,-906.25,171.875,523.4375,-835.9375,23.4375
2513440,-140.625,414.0625,898.4375,-117.1875,-750.0,687.5,187.5,-921.875,359.375,390.625,-906.25,164.0625,531.25,-843.75,31.25
2513440,-140.625,414.0625,898.4375,-117.1875,-750.0,687.5,187.5,-921.875,359.375,390.625,-906.25,164.0625,531.25,-843.75,31.25
2513448,-132.8125,421.875,898.4375,-109.375,-757.8125,695.3125,187.5,-929.6875,359.375,382.8125,-906.25,171.875,523.4375,-835.9375,31.25
2513448,-132.8125,421.875,898.4375,-109.375,-757.8125,695.3125,187.5,-929.6875,359.375,382.8125,-906.25,171.875,523.4375,-835.9375,31.25
2513456,-132.8125,414.0625,898.4375,-117.1875,-750.0,679.6875,195.3125,-921.875,367.1875,390.625,-906.25,171.875,531.25,-843.75,31.25
2513456,-132.8125,414.0625,898.4375,-117.1875,-750.0,679.6875,195.3125,-921.875,367.1875,390.625,-906.25,171.875,531.25,-843.75,31.25
2513456,-140.625,414.0625,898.4375,-117.1875,-750.0,695.3125,187.5,-929.6875,359.375,382.8125,-906.25,164.0625,531.25,-851.5625,31.25
2513456,-140.625,414.0625,898.4375,-117.1875,-750.0,695.3125,187.5,-929.6875,359.375,382.8125,-906.25,164.0625,531.25,-851.5625,31.25
2513521,-140.625,406.25,898.4375,-117.1875,-757.8125,687.5,195.3125,-929.6875,359.375,390.625,-914.0625,156.25,523.4375,-843.75,23.4375
2513521,-140.625,406.25,898.4375,-117.1875,-757.8125,687.5,195.3125,-929.6875,359.375,390.625,-914.0625,156.25,523.4375,-843.75,23.4375
2513529,-148.4375,406.25,898.4375,-117.1875,-765.625,687.5,187.5,-929.6875,359.375,382.8125,-914.0625,171.875,531.25,-843.75,31.25
2513529,-148.4375,406.25,898.4375,-117.1875,-765.625,687.5,187.5,-929.6875,359.375,382.8125,-914.0625,171.875,531.25,-843.75,31.25
2513537,-140.625,406.25,890.625,-125.0,-757.8125,687.5,187.5,-945.3125,343.75,382.8125,-906.25,156.25,531.25,-835.9375,23.4375
2513537,-140.625,406.25,890.625,-125.0,-757.8125,687.5,187.5,-945.3125,343.75,382.8125,-906.25,156.25,531.25,-835.9375,23.4375
2513537,-148.4375,414.0625,898.4375,-125.0,-757.8125,679.6875,187.5,-937.5,359.375,390.625,-914.0625,171.875,539.0625,-843.75,23.4375
2513537,-148.4375,414.0625,898.4375,-125.0,-757.8125,679.6875,187.5,-937.5,359.375,390.625,-914.0625,171.875,539.0625,-843.75,23.4375
2513601,-148.4375,414.0625,890.625,-125.0,-765.625,687.5,195.3125,-929.6875,359.375,390.625,-906.25,164.0625,531.25,-843.75,23.4375
2513601,-148.4375,414.0625,890.625,-125.0,-765.625,687.5,195.3125,-929.6875,359.375,390.625,-906.25,164.0625,531.25,-843.75,23.4375
2513609,-140.625,406.25,906.25,-117.1875,-750.0,687.5,187.5,-929.6875,351.5625,382.8125,-906.25,164.0625,531.25,-843.75,23.4375
2513609,-140.625,406.25,906.25,-117.1875,-750.0,687.5,187.5,-929.6875,351.5625,382.8125,-906.25,164.0625,531.25,-843.75,23.4375
2513617,-140.625,414.0625,906.25,-117.1875,-757.8125,687.5,195.3125,-929.6875,351.5625,390.625,-898.4375,171.875,531.25,-843.75,31.25
2513617,-140.625,414.0625,906.25,-117.1875,-757.8125,687.5,195.3125,-929.6875,351.5625,390.625,-898.4375,171.875,531.25,-843.75,31.25
2513617,-140.625,406.25,898.4375,-117.1875,-757.8125,695.3125,187.5,-929.6875,359.375,390.625,-914.0625,171.875,539.0625,-843.75,31.25
2513617,-140.625,406.25,898.4375,-117.1875,-757.8125,695.3125,187.5,-929.6875,359.375,390.625,-914.0625,171.875,539.0625,-843.75,31.25
2513763,-148.4375,429.6875,914.0625,-132.8125,-750.0,703.125,171.875,-937.5,359.375,382.8125,-929.6875,171.875,531.25,-843.75,31.25
2513763,-148.4375,429.6875,914.0625,-132.8125,-750.0,703.125,171.875,-937.5,359.375,382.8125,-929.6875,171.875,531.25,-843.75,31.25
2513769,-156.25,421.875,898.4375,-125.0,-757.8125,695.3125,187.5,-937.5,375.0,382.8125,-914.0625,179.6875,515.625,-843.75,31.25
2513769,-156.25,421.875,898.4375,-125.0,-757.8125,695.3125,187.5,-937.5,375.0,382.8125,-914.0625,179.6875,515.625,-843.75,31.25
2513778,-140.625,437.5,898.4375,-132.8125,-742.1875,695.3125,179.6875,-929.6875,375.0,375.0,-914.0625,187.5,531.25,-859.375,31.25
2513778,-140.625,437.5,898.4375,-132.8125,-742.1875,695.3125,179.6875,-929.6875,375.0,375.0,-914.0625,187.5,531.25,-859.375,31.25
2513779,-148.4375,437.5,898.4375,-125.0,-742.1875,703.125,179.6875,-921.875,367.1875,382.8125,-906.25,195.3125,531.25,-843.75,39.0625
2513779,-148.4375,437.5,898.4375,-125.0,-742.1875,703.125,179.6875,-921.875,367.1875,382.8125,-906.25,195.3125,531.25,-843.75,39.0625
2513842,-140.625,453.125,914.0625,-117.1875,-750.0,695.3125,171.875,-914.0625,351.5625,375.0,-914.0625,171.875,500.0,-843.75,7.8125
2513842,-140.625,453.125,914.0625,-117.1875,-750.0,695.3125,171.875,-914.0625,351.5625,375.0,-914.0625,171.875,500.0,-843.75,7.8125
2513851,-132.8125,445.3125,898.4375,-132.8125,-742.1875,695.3125,179.6875,-929.6875,367.1875,382.8125,-898.4375,187.5,570.3125,-828.125,46.875
2513851,-132.8125,445.3125,898.4375,-132.8125,-742.1875,695.3125,179.6875,-929.6875,367.1875,382.8125,-898.4375,187.5,570.3125,-828.125,46.875
2513859,-132.8125,429.6875,898.4375,-125.0,-765.625,703.125,210.9375,-937.5,367.1875,398.4375,-929.6875,179.6875,570.3125,-898.4375,23.4375
2513859,-132.8125,429.6875,898.4375,-125.0,-765.625,703.125,210.9375,-937.5,367.1875,398.4375,-929.6875,179.6875,570.3125,-898.4375,23.4375
2513859,-140.625,421.875,898.4375,-125.0,-757.8125,695.3125,171.875,-945.3125,359.375,406.25,-929.6875,179.6875,546.875,-859.375,23.4375
2513859,-140.625,421.875,898.4375,-125.0,-757.8125,695.3125,171.875,-945.3125,359.375,406.25,-929.6875,179.6875,546.875,-859.375,23.4375
2514005,15.625,703.125,1046.875,0.0,-765.625,992.1875,375.0,-960.9375,609.375,468.75,-929.6875,351.5625,695.3125,-945.3125,210.9375
2514005,15.625,703.125,1046.875,0.0,-765.625,992.1875,375.0,-960.9375,609.375,468.75,-929.6875,351.5625,695.3125,-945.3125,210.9375
2514013,-31.25,726.5625,1039.0625,7.8125,-726.5625,992.1875,390.625,-945.3125,585.9375,484.375,-945.3125,320.3125,757.8125,-890.625,312.5
2514013,-31.25,726.5625,1039.0625,7.8125,-726.5625,992.1875,390.625,-945.3125,585.9375,484.375,-945.3125,320.3125,757.8125,-890.625,312.5
2514021,-78.125,796.875,1031.25,46.875,-703.125,992.1875,445.3125,-906.25,578.125,484.375,-921.875,312.5,726.5625,-882.8125,304.6875
2514021,-78.125,796.875,1031.25,46.875,-703.125,992.1875,445.3125,-906.25,578.125,484.375,-921.875,312.5,726.5625,-882.8125,304.6875
2514021,-78.125,867.1875,1031.25,62.5,-726.5625,1015.625,445.3125,-976.5625,656.25,515.625,-929.6875,312.5,757.8125,-968.75,351.5625
2514021,-78.125,867.1875,1031.25,62.5,-726.5625,1015.625,445.3125,-976.5625,656.25,515.625,-929.6875,312.5,757.8125,-968.75,351.5625
2514166,-31.25,804.6875,1195.3125,148.4375,-1023.4375,1156.25,554.6875,-1453.125,593.75,976.5625,-1281.25,265.625,984.375,-1242.1875,406.25
2514166,-31.25,804.6875,1195.3125,148.4375,-1023.4375,1156.25,554.6875,-1453.125,593.75,976.5625,-1281.25,265.625,984.375,-1242.1875,406.25
2514174,-46.875,804.6875,1171.875,140.625,-1015.625,1148.4375,539.0625,-1460.9375,578.125,984.375,-1312.5,250.0,976.5625,-1296.875,429.6875
2514174,-46.875,804.6875,1171.875,140.625,-1015.625,1148.4375,539.0625,-1460.9375,578.125,984.375,-1312.5,250.0,976.5625,-1296.875,429.6875
2514182,-62.5,812.5,1179.6875,125.0,-1023.4375,1171.875,515.625,-1476.5625,570.3125,960.9375,-1382.8125,226.5625,984.375,-1335.9375,437.5
2514182,-62.5,812.5,1179.6875,125.0,-1023.4375,1171.875,515.625,-1476.5625,570.3125,960.9375,-1382.8125,226.5625,984.375,-1335.9375,437.5
2514182,-78.125,812.5,1156.25,132.8125,-1007.8125,1187.5,500.0,-1500.0,570.3125,945.3125,-1414.0625,210.9375,992.1875,-1335.9375,476.5625
2514182,-78.125,812.5,1156.25,132.8125,-1007.8125,1187.5,500.0,-1500.0,570.3125,945.3125,-1414.0625,210.9375,992.1875,-1335.9375,476.5625
2514327,-320.3125,726.5625,781.25,-242.1875,-789.0625,617.1875,-109.375,-1007.8125,39.0625,375.0,-1156.25,-109.375,351.5625,-1078.125,93.75
2514327,-320.3125,726.5625,781.25,-242.1875,-789.0625,617.1875,-109.375,-1007.8125,39.0625,375.0,-1156.25,-109.375,351.5625,-1078.125,93.75
2514335,-312.5,695.3125,781.25,-242.1875,-757.8125,601.5625,-101.5625,-968.75,54.6875,414.0625,-1171.875,-93.75,343.75,-1085.9375,125.0
2514335,-312.5,695.3125,781.25,-242.1875,-757.8125,601.5625,-101.5625,-968.75,54.6875,414.0625,-1171.875,-93.75,343.75,-1085.9375,125.0
2514343,-296.875,648.4375,757.8125,-257.8125,-750.0,593.75,-78.125,-984.375,101.5625,406.25,-1195.3125,-78.125,343.75,-1046.875,171.875
2514343,-296.875,648.4375,757.8125,-257.8125,-750.0,593.75,-78.125,-984.375,101.5625,406.25,-1195.3125,-78.125,343.75,-1046.875,171.875
2514343,-281.25,625.0,718.75,-273.4375,-742.1875,570.3125,-85.9375,-984.375,132.8125,375.0,-1171.875,-46.875,367.1875,-984.375,171.875
2514343,-281.25,625.0,718.75,-273.4375,-742.1875,570.3125,-85.9375,-984.375,132.8125,375.0,-1171.875,-46.875,367.1875,-984.375,171.875
2514489,-468.75,195.3125,-296.875,-539.0625,210.9375,-140.625,-492.1875,70.3125,39.0625,-351.5625,-171.875,234.375,-218.75,-203.125,273.4375
2514489,-468.75,195.3125,-296.875,-539.0625,210.9375,-140.625,-492.1875,70.3125,39.0625,-351.5625,-171.875,234.375,-218.75,-203.125,273.4375
2514497,-453.125,203.125,-312.5,-546.875,226.5625,-156.25,-500.0,54.6875,46.875,-367.1875,-164.0625,257.8125,-218.75,-179.6875,304.6875
2514497,-453.125,203.125,-312.5,-546.875,226.5625,-156.25,-500.0,54.6875,46.875,-367.1875,-164.0625,257.8125,-218.75,-179.6875,304.6875
2514504,-406.25,210.9375,-328.125,-523.4375,226.5625,-164.0625,-515.625,54.6875,54.6875,-351.5625,-171.875,289.0625,-218.75,-179.6875,343.75
2514504,-406.25,210.9375,-328.125,-523.4375,226.5625,-164.0625,-515.625,54.6875,54.6875,-351.5625,-171.875,289.0625,-218.75,-179.6875,343.75
2514505,-351.5625,210.9375,-312.5,-523.4375,234.375,-156.25,-492.1875,54.6875,62.5,-343.75,-195.3125,304.6875,-226.5625,-179.6875,367.1875
2514505,-351.5625,210.9375,-312.5,-523.4375,234.375,-156.25,-492.1875,54.6875,62.5,-343.75,-195.3125,304.6875,-226.5625,-179.6875,367.1875
2514649,-367.1875,562.5,-726.5625,-656.25,773.4375,-93.75,-734.375,585.9375,257.8125,-640.625,85.9375,648.4375,-468.75,-39.0625,703.125
2514649,-367.1875,562.5,-726.5625,-656.25,773.4375,-93.75,-734.375,585.9375,257.8125,-640.625,85.9375,648.4375,-468.75,-39.0625,703.125
2514650,-367.1875,570.3125,-734.375,-640.625,796.875,-109.375,-734.375,546.875,226.5625,-664.0625,85.9375,640.625,-476.5625,-23.4375,718.75
2514650,-367.1875,570.3125,-734.375,-640.625,796.875,-109.375,-734.375,546.875,226.5625,-664.0625,85.9375,640.625,-476.5625,-23.4375,718.75
2514658,-367.1875,570.3125,-742.1875,-656.25,812.5,-125.0,-765.625,531.25,195.3125,-703.125,101.5625,617.1875,-484.375,-7.8125,718.75
2514658,-367.1875,570.3125,-742.1875,-656.25,812.5,-125.0,-765.625,531.25,195.3125,-703.125,101.5625,617.1875,-484.375,-7.8125,718.75
2514666,-343.75,562.5,-757.8125,-710.9375,843.75,-195.3125,-812.5,484.375,164.0625,-718.75,85.9375,601.5625,-492.1875,-15.625,710.9375
2514666,-343.75,562.5,-757.8125,-710.9375,843.75,-195.3125,-812.5,484.375,164.0625,-718.75,85.9375,601.5625,-492.1875,-15.625,710.9375
2514811,-398.4375,695.3125,-765.625,-742.1875,765.625,-15.625,-750.0,804.6875,203.125,-796.875,304.6875,632.8125,-695.3125,171.875,632.8125
2514811,-398.4375,695.3125,-765.625,-742.1875,765.625,-15.625,-750.0,804.6875,203.125,-796.875,304.6875,632.8125,-695.3125,171.875,632.8125
2514811,-484.375,718.75,-757.8125,-726.5625,835.9375,7.8125,-757.8125,789.0625,187.5,-804.6875,328.125,632.8125,-703.125,210.9375,593.75
2514811,-484.375,718.75,-757.8125,-726.5625,835.9375,7.8125,-757.8125,789.0625,187.5,-804.6875,328.125,632.8125,-703.125,210.9375,593.75
2514819,-484.375,718.75,-757.8125,-734.375,859.375,0.0,-773.4375,796.875,179.6875,-796.875,320.3125,640.625,-726.5625,218.75,601.5625
2514819,-484.375,718.75,-757.8125,-734.375,859.375,0.0,-773.4375,796.875,179.6875,-796.875,320.3125,640.625,-726.5625,218.75,601.5625
2514827,-398.4375,679.6875,-750.0,-742.1875,843.75,-7.8125,-804.6875,765.625,164.0625,-796.875,296.875,648.4375,-687.5,195.3125,625.0
2514827,-398.4375,679.6875,-750.0,-742.1875,843.75,-7.8125,-804.6875,765.625,164.0625,-796.875,296.875,648.4375,-687.5,195.3125,625.0
2514891,-453.125,460.9375,-781.25,-812.5,500.0,-70.3125,-851.5625,390.625,179.6875,-726.5625,-70.3125,671.875,-523.4375,-109.375,835.9375
2514891,-453.125,460.9375,-781.25,-812.5,500.0,-70.3125,-851.5625,390.625,179.6875,-726.5625,-70.3125,671.875,-523.4375,-109.375,835.9375
2514891,-453.125,476.5625,-781.25,-820.3125,515.625,-70.3125,-859.375,398.4375,171.875,-742.1875,-46.875,671.875,-546.875,-93.75,812.5
2514891,-453.125,476.5625,-781.25,-820.3125,515.625,-70.3125,-859.375,398.4375,171.875,-742.1875,-46.875,671.875,-546.875,-93.75,812.5
2514900,-453.125,468.75,-781.25,-820.3125,539.0625,-70.3125,-882.8125,406.25,171.875,-750.0,-31.25,664.0625,-562.5,-85.9375,812.5
2514900,-453.125,468.75,-781.25,-820.3125,539.0625,-70.3125,-882.8125,406.25,171.875,-750.0,-31.25,664.0625,-562.5,-85.9375,812.5
2514908,-460.9375,453.125,-773.4375,-835.9375,562.5,-46.875,-882.8125,437.5,179.6875,-773.4375,-15.625,671.875,-585.9375,-93.75,789.0625
2514908,-460.9375,453.125,-773.4375,-835.9375,562.5,-46.875,-882.8125,437.5,179.6875,-773.4375,-15.625,671.875,-585.9375,-93.75,789.0625
2515053,-437.5,445.3125,-742.1875,-992.1875,695.3125,-273.4375,-1539.0625,710.9375,-546.875,-1226.5625,15.625,234.375,-617.1875,-203.125,710.9375
2515053,-437.5,445.3125,-742.1875,-992.1875,695.3125,-273.4375,-1539.0625,710.9375,-546.875,-1226.5625,15.625,234.375,-617.1875,-203.125,710.9375
2515053,-460.9375,507.8125,-734.375,-1039.0625,695.3125,-312.5,-1554.6875,710.9375,-742.1875,-1234.375,-23.4375,156.25,-617.1875,-226.5625,710.9375
2515053,-460.9375,507.8125,-734.375,-1039.0625,695.3125,-312.5,-1554.6875,710.9375,-742.1875,-1234.375,-23.4375,156.25,-617.1875,-226.5625,710.9375
2515061,-476.5625,585.9375,-718.75,-1023.4375,695.3125,-453.125,-1757.8125,296.875,-835.9375,-1265.625,132.8125,125.0,-625.0,-257.8125,718.75
2515061,-476.5625,585.9375,-718.75,-1023.4375,695.3125,-453.125,-1757.8125,296.875,-835.9375,-1265.625,132.8125,125.0,-625.0,-257.8125,718.75
2515069,-460.9375,640.625,-703.125,-992.1875,546.875,-554.6875,-1195.3125,476.5625,-1078.125,-1132.8125,171.875,70.3125,-1031.25,31.25,914.0625
2515069,-460.9375,640.625,-703.125,-992.1875,546.875,-554.6875,-1195.3125,476.5625,-1078.125,-1132.8125,171.875,70.3125,-1031.25,31.25,914.0625
2515214,-585.9375,281.25,-742.1875,-210.9375,617.1875,1382.8125,273.4375,-62.5,1546.875,382.8125,-492.1875,1250.0,-46.875,-289.0625,1234.375
2515214,-585.9375,281.25,-742.1875,-210.9375,617.1875,1382.8125,273.4375,-62.5,1546.875,382.8125,-492.1875,1250.0,-46.875,-289.0625,1234.375
2515214,-601.5625,335.9375,-804.6875,-195.3125,773.4375,1289.0625,179.6875,156.25,1296.875,281.25,-500.0,1156.25,-78.125,-117.1875,1164.0625
2515214,-601.5625,335.9375,-804.6875,-195.3125,773.4375,1289.0625,179.6875,156.25,1296.875,281.25,-500.0,1156.25,-78.125,-117.1875,1164.0625
2515222,-570.3125,429.6875,-851.5625,-179.6875,835.9375,1234.375,203.125,421.875,1078.125,226.5625,-234.375,1156.25,-109.375,-54.6875,1117.1875
2515222,-570.3125,429.6875,-851.5625,-179.6875,835.9375,1234.375,203.125,421.875,1078.125,226.5625,-234.375,1156.25,-109.375,-54.6875,1117.1875
2515231,-539.0625,500.0,-882.8125,-148.4375,789.0625,1078.125,85.9375,460.9375,937.5,101.5625,-125.0,1140.625,0.0,296.875,1062.5
2515231,-539.0625,500.0,-882.8125,-148.4375,789.0625,1078.125,85.9375,460.9375,937.5,101.5625,-125.0,1140.625,0.0,296.875,1062.5
2515295,-429.6875,406.25,-718.75,-1000.0,296.875,-312.5,-1210.9375,31.25,-257.8125,-859.375,-312.5,406.25,-601.5625,-226.5625,664.0625
2515295,-429.6875,406.25,-718.75,-1000.0,296.875,-312.5,-1210.9375,31.25,-257.8125,-859.375,-312.5,406.25,-601.5625,-226.5625,664.0625
2515295,-453.125,375.0,-726.5625,-953.125,226.5625,-328.125,-1140.625,39.0625,-226.5625,-937.5,-335.9375,351.5625,-656.25,-289.0625,640.625
2515295,-453.125,375.0,-726.5625,-953.125,226.5625,-328.125,-1140.625,39.0625,-226.5625,-937.5,-335.9375,351.5625,-656.25,-289.0625,640.625
2515303,-476.5625,335.9375,-718.75,-929.6875,187.5,-320.3125,-1093.75,85.9375,-171.875,-945.3125,-304.6875,328.125,-703.125,-320.3125,609.375
2515303,-476.5625,335.9375,-718.75,-929.6875,187.5,-320.3125,-1093.75,85.9375,-171.875,-945.3125,-304.6875,328.125,-703.125,-320.3125,609.375
2515311,-500.0,296.875,-742.1875,-945.3125,179.6875,-328.125,-1046.875,109.375,-109.375,-929.6875,-273.4375,335.9375,-703.125,-289.0625,570.3125
2515311,-500.0,296.875,-742.1875,-945.3125,179.6875,-328.125,-1046.875,109.375,-109.375,-929.6875,-273.4375,335.9375,-703.125,-289.0625,570.3125
2515456,-515.625,773.4375,-835.9375,179.6875,609.375,1476.5625,851.5625,54.6875,1656.25,593.75,-62.5,1539.0625,335.9375,-46.875,1578.125
2515456,-515.625,773.4375,-835.9375,179.6875,609.375,1476.5625,851.5625,54.6875,1656.25,593.75,-62.5,1539.0625,335.9375,-46.875,1578.125
2515456,-460.9375,750.0,-820.3125,70.3125,468.75,1226.5625,601.5625,-156.25,1492.1875,664.0625,-93.75,1468.75,54.6875,-140.625,1085.9375
2515456,-460.9375,750.0,-820.3125,70.3125,468.75,1226.5625,601.5625,-156.25,1492.1875,664.0625,-93.75,1468.75,54.6875,-140.625,1085.9375
2515464,-398.4375,671.875,-843.75,7.8125,304.6875,1140.625,546.875,-257.8125,1468.75,726.5625,-125.0,1492.1875,148.4375,-78.125,1250.0
2515464,-398.4375,671.875,-843.75,7.8125,304.6875,1140.625,546.875,-257.8125,1468.75,726.5625,-125.0,1492.1875,148.4375,-78.125,1250.0
2515472,-359.375,601.5625,-859.375,-70.3125,226.5625,1078.125,578.125,-156.25,1375.0,742.1875,-265.625,1484.375,351.5625,-187.5,1453.125
2515472,-359.375,601.5625,-859.375,-70.3125,226.5625,1078.125,578.125,-156.25,1375.0,742.1875,-265.625,1484.375,351.5625,-187.5,1453.125
