2512798,35.0,-17.5,-48.125
2512798,35.0,-17.5,-48.125
2512808,43.75,-39.375,-70.0
2512808,43.75,-39.375,-70.0
2512859,8.75,-56.875,-8.75
2512859,8.75,-56.875,-8.75
2512869,-52.5,-13.125,13.125
2512869,-52.5,-13.125,13.125
2513021,-96.25,4.375,-4.375
2513021,-96.25,4.375,-4.375
2513030,-87.5,-4.375,-21.875
2513030,-87.5,-4.375,-21.875
2513183,-74.375,26.25,17.5
2513183,-74.375,26.25,17.5
2513192,-48.125,21.875,0.0
2513192,-48.125,21.875,0.0
2513283,-8.75,26.25,17.5
2513283,-8.75,26.25,17.5
2513293,8.75,21.875,13.125
2513293,8.75,21.875,13.125
2513444,17.5,-8.75,-13.125
2513444,17.5,-8.75,-13.125
2513454,35.0,-17.5,-30.625
2513454,35.0,-17.5,-30.625
2513525,48.125,-26.25,-4.375
2513525,48.125,-26.25,-4.375
2513535,65.625,-30.625,-8.75
2513535,65.625,-30.625,-8.75
2513605,-30.625,0.0,-48.125
2513605,-30.625,0.0,-48.125
2513616,-61.25,8.75,-56.875
2513616,-61.25,8.75,-56.875
2513767,-74.375,161.875,284.375
2513767,-74.375,161.875,284.375
2513777,-91.875,240.625,411.25
2513777,-91.875,240.625,411.25
2513848,-21.875,341.25,1050.0
2513848,-21.875,341.25,1050.0
2513858,205.625,354.375,1141.875
2513858,205.625,354.375,1141.875
2514009,-1592.5,1531.25,6632.5
2514009,-1592.5,1531.25,6632.5
2514020,-3023.125,555.625,4690.0
2514020,-3023.125,555.625,4690.0
2514171,-10294.375,433.125,-4764.375
2514171,-10294.375,433.125,-4764.375
2514181,-11331.25,376.25,-4663.75
2514181,-11331.25,376.25,-4663.75
2514332,-16244.375,-9471.875,-9183.125
2514332,-16244.375,-9471.875,-9183.125
2514342,-14634.375,-9970.625,-9756.25
2514342,-14634.375,-9970.625,-9756.25
2514494,-7126.875,-14853.125,-7013.125
2514494,-7126.875,-14853.125,-7013.125
2514504,-7091.875,-12551.875,-4895.625
2514504,-7091.875,-12551.875,-4895.625
2514656,-5219.375,-5114.375,-1255.625
2514656,-5219.375,-5114.375,-1255.625
2514807,-5569.375,-1776.25,1255.625
2514807,-5569.375,-1776.25,1255.625
2514817,-3766.875,-2380.0,564.375
2514817,-3766.875,-2380.0,564.375
2514887,367.5,-420.0,-1522.5
2514887,367.5,-420.0,-1522.5
2514897,704.375,-315.0,-1789.375
2514897,704.375,-315.0,-1789.375
2515049,1054.375,-481.25,-459.375
2515049,1054.375,-481.25,-459.375
2515059,188.125,-498.75,-144.375
2515059,188.125,-498.75,-144.375
2515210,-1583.75,-2318.75,-3097.5
2515210,-1583.75,-2318.75,-3097.5
2515220,-3303.125,-1378.125,-1745.625
2515220,-3303.125,-1378.125,-1745.625
2515291,-660.625,-4099.375,-1715.0
2515291,-660.625,-4099.375,-1715.0
2515301,-892.5,-4248.125,-1645.0
2515301,-892.5,-4248.125,-1645.0
2515452,1736.875,-1023.75,-3972.5
2515452,1736.875,-1023.75,-3972.5
2515463,2756.25,433.125,-4191.25
2515463,2756.25,433.125,-4191.25
