2486894,-1894.375,3701.25,70.0
2486894,-1894.375,3701.25,70.0
2486904,-1645.0,3535.0,-266.875
2486904,-1645.0,3535.0,-266.875
2486914,-1338.75,3368.75,-170.625
2486914,-1338.75,3368.75,-170.625
2486925,-896.875,2909.375,420.0
2486925,-896.875,2909.375,420.0
2486935,-297.5,2423.75,748.125
2486935,-297.5,2423.75,748.125
2486945,258.125,2244.375,669.375
2486945,258.125,2244.375,669.375
2486956,96.25,2480.625,603.75
2486956,96.25,2480.625,603.75
2486966,-227.5,2620.625,713.125
2486966,-227.5,2620.625,713.125
2486977,-393.75,2489.375,603.75
2486977,-393.75,2489.375,603.75
2486987,-205.625,2445.625,783.125
2486987,-205.625,2445.625,783.125
2486997,192.5,2388.75,1133.125
2486997,192.5,2388.75,1133.125
2487008,1133.125,2314.375,2091.25
2487008,1133.125,2314.375,2091.25
2487017,1430.625,2445.625,3233.125
2487017,1430.625,2445.625,3233.125
2487028,1509.375,2397.5,4007.5
2487028,1509.375,2397.5,4007.5
2487038,1850.625,2410.625,4746.875
2487038,1850.625,2410.625,4746.875
2487049,2493.75,1868.125,5127.5
2487049,2493.75,1868.125,5127.5
2487059,3311.875,205.625,4921.875
2487059,3311.875,205.625,4921.875
2487069,-3771.25,-3040.625,2576.875
2487069,-3771.25,-3040.625,2576.875
2487079,-3526.25,-2331.875,2651.25
2487079,-3526.25,-2331.875,2651.25
2487090,3683.75,2130.625,5740.0
2487090,3683.75,2130.625,5740.0
2487100,1386.875,2043.125,5053.125
2487100,1386.875,2043.125,5053.125
2487110,1343.125,1159.375,3758.125
2487110,1343.125,1159.375,3758.125
2487121,1570.625,765.625,2821.875
2487121,1570.625,765.625,2821.875
2487132,1316.875,739.375,2686.25
2487132,1316.875,739.375,2686.25
2487141,1325.625,791.875,3189.375
2487141,1325.625,791.875,3189.375
2487152,866.25,931.875,3644.375
2487152,866.25,931.875,3644.375
2487162,1176.875,918.75,3766.875
2487162,1176.875,918.75,3766.875
2487172,1268.75,822.5,3775.625
2487172,1268.75,822.5,3775.625
2487183,1526.875,805.0,3206.875
2487183,1526.875,805.0,3206.875
2487193,1671.25,398.125,2572.5
2487193,1671.25,398.125,2572.5
2487203,1461.25,4.375,1868.125
2487203,1461.25,4.375,1868.125
2487213,975.625,-463.75,888.125
2487213,975.625,-463.75,888.125
2487224,354.375,-713.125,48.125
2487224,354.375,-713.125,48.125
2487234,43.75,-848.75,-542.5
2487234,43.75,-848.75,-542.5
2487244,-686.875,-888.125,-581.875
2487244,-686.875,-888.125,-581.875
2487255,-748.125,-879.375,-371.875
2487255,-748.125,-879.375,-371.875
2487265,-245.0,-756.875,61.25
2487265,-245.0,-756.875,61.25
2487275,-157.5,-485.625,809.375
2487275,-157.5,-485.625,809.375
2487286,-730.625,-603.75,1242.5
2487286,-730.625,-603.75,1242.5
2487296,-433.125,-573.125,1058.75
2487296,-433.125,-573.125,1058.75
2487306,-835.625,-507.5,472.5
2487306,-835.625,-507.5,472.5
2487317,-1610.0,-608.125,-389.375
2487317,-1610.0,-608.125,-389.375
2487327,-1719.375,-796.25,-1159.375
2487327,-1719.375,-796.25,-1159.375
2487337,-1128.75,-949.375,-1085.0
2487337,-1128.75,-949.375,-1085.0
2487348,8.75,-1015.0,-730.625
2487348,8.75,-1015.0,-730.625
2487358,245.0,-1045.625,-520.625
2487358,245.0,-1045.625,-520.625
2487368,-236.25,-1054.375,-520.625
2487368,-236.25,-1054.375,-520.625
2487379,-975.625,-866.25,-266.875
2487379,-975.625,-866.25,-266.875
2487389,-761.25,-577.5,332.5
2487389,-761.25,-577.5,332.5
2487399,-96.25,-389.375,997.5
2487399,-96.25,-389.375,997.5
2487410,341.25,-131.25,1386.875
2487410,341.25,-131.25,1386.875
2487420,590.625,-126.875,1535.625
2487420,590.625,-126.875,1535.625
2487430,441.875,-319.375,1093.75
2487430,441.875,-319.375,1093.75
2487441,-328.125,-586.25,240.625
2487441,-328.125,-586.25,240.625
2487451,-1176.875,-800.625,-529.375
2487451,-1176.875,-800.625,-529.375
2487461,-1701.875,-980.0,-975.625
2487461,-1701.875,-980.0,-975.625
2487472,-2235.625,-997.5,-1085.0
2487472,-2235.625,-997.5,-1085.0
2487482,-2769.375,-1006.25,-1185.625
2487482,-2769.375,-1006.25,-1185.625
2487492,-3189.375,-1120.0,-1211.875
2487492,-3189.375,-1120.0,-1211.875
2487502,-3565.625,-1365.0,-1662.5
2487502,-3565.625,-1365.0,-1662.5
2487513,-3390.625,-1408.75,-1916.25
2487513,-3390.625,-1408.75,-1916.25
2487523,-3171.875,-1330.0,-2305.625
2487523,-3171.875,-1330.0,-2305.625
2487533,-2603.125,-1540.0,-2620.625
2487533,-2603.125,-1540.0,-2620.625
2487543,-2226.875,-1408.75,-2633.75
2487543,-2226.875,-1408.75,-2633.75
2487554,-1964.375,-1526.875,-2515.625
2487554,-1964.375,-1526.875,-2515.625
2487564,-2073.75,-1640.625,-2528.75
2487564,-2073.75,-1640.625,-2528.75
2487575,-1925.0,-1588.125,-2117.5
2487575,-1925.0,-1588.125,-2117.5
2487585,-2187.5,-1404.375,-1675.625
2487585,-2187.5,-1404.375,-1675.625
2487595,-1960.0,-1312.5,-1369.375
2487595,-1960.0,-1312.5,-1369.375
2487605,-1106.875,-1343.125,-1286.25
2487605,-1106.875,-1343.125,-1286.25
2487616,-844.375,-1330.0,-1531.25
2487616,-844.375,-1330.0,-1531.25
2487626,-892.5,-1535.625,-2034.375
2487626,-892.5,-1535.625,-2034.375
2487637,-1382.5,-1649.375,-2419.375
2487637,-1382.5,-1649.375,-2419.375
2487647,-2266.25,-1671.25,-2817.5
2487647,-2266.25,-1671.25,-2817.5
2487657,-3486.875,-1618.75,-3543.75
2487657,-3486.875,-1618.75,-3543.75
2487667,-5600.0,-1828.75,-5718.125
2487667,-5600.0,-1828.75,-5718.125
2487678,-2283.75,-1890.0,-4414.375
2487678,-2283.75,-1890.0,-4414.375
2487688,-1592.5,-1618.75,-2695.0
2487688,-1592.5,-1618.75,-2695.0
2487699,-2038.75,-984.375,-1732.5
2487699,-2038.75,-984.375,-1732.5
2487709,-581.875,-1233.75,-1491.875
2487709,-581.875,-1233.75,-1491.875
2487719,-341.25,-1141.875,-1303.75
2487719,-341.25,-1141.875,-1303.75
2487729,-441.875,-1124.375,-1356.25
2487729,-441.875,-1124.375,-1356.25
2487740,-389.375,-1015.0,-1159.375
2487740,-389.375,-1015.0,-1159.375
2487750,-472.5,-879.375,-476.875
2487750,-472.5,-879.375,-476.875
2487760,-201.25,-918.75,205.625
2487760,-201.25,-918.75,205.625
2487771,-538.125,-971.25,428.75
2487771,-538.125,-971.25,428.75
2487781,-848.75,-1452.5,-306.25
2487781,-848.75,-1452.5,-306.25
2487791,-1080.625,-1890.0,-1378.125
2487791,-1080.625,-1890.0,-1378.125
2487802,-1719.375,-2165.625,-2034.375
2487802,-1719.375,-2165.625,-2034.375
2487812,-1890.0,-2419.375,-2611.875
2487812,-1890.0,-2419.375,-2611.875
2487822,-2043.125,-2677.5,-3377.5
2487822,-2043.125,-2677.5,-3377.5
2487833,-2436.875,-2870.0,-4121.25
2487833,-2436.875,-2870.0,-4121.25
2487843,-2935.625,-2848.125,-4475.625
2487843,-2935.625,-2848.125,-4475.625
2487853,-2633.75,-2559.375,-4248.125
2487853,-2633.75,-2559.375,-4248.125
2487863,-1859.375,-2384.375,-3710.0
2487863,-1859.375,-2384.375,-3710.0
2487874,-1120.0,-1570.625,-2677.5
2487874,-1120.0,-1570.625,-2677.5
2487884,708.75,-835.625,-2034.375
2487884,708.75,-835.625,-2034.375
2487895,1898.75,-1071.875,-1395.625
2487895,1898.75,-1071.875,-1395.625
2487905,437.5,-218.75,437.5
2487905,437.5,-218.75,437.5
2487915,35.0,118.125,853.125
2487915,35.0,118.125,853.125
2487925,848.75,-13.125,940.625
2487925,848.75,-13.125,940.625
2487936,415.625,-196.875,643.125
2487936,415.625,-196.875,643.125
2487946,153.125,-367.5,245.0
2487946,153.125,-367.5,245.0
2487956,70.0,-424.375,-275.625
2487956,70.0,-424.375,-275.625
2487967,-358.75,-743.75,-568.75
2487967,-358.75,-743.75,-568.75
2487977,-608.125,-1028.125,-1089.375
2487977,-608.125,-1028.125,-1089.375
2487987,-678.125,-1281.875,-1583.75
2487987,-678.125,-1281.875,-1583.75
2487998,-380.625,-1426.25,-1557.5
2487998,-380.625,-1426.25,-1557.5
2488008,-4.375,-1286.25,-1054.375
2488008,-4.375,-1286.25,-1054.375
2488018,306.25,-1120.0,-183.75
2488018,306.25,-1120.0,-183.75
2488029,708.75,-853.125,634.375
2488029,708.75,-853.125,634.375
2488039,1233.75,-866.25,1233.75
2488039,1233.75,-866.25,1233.75
2488049,945.0,-853.125,1666.875
2488049,945.0,-853.125,1666.875
2488060,660.625,-883.75,1946.875
2488060,660.625,-883.75,1946.875
2488070,354.375,-783.125,1938.125
2488070,354.375,-783.125,1938.125
2488080,-319.375,-984.375,1496.25
2488080,-319.375,-984.375,1496.25
2488090,-870.625,-1684.375,603.75
2488090,-870.625,-1684.375,603.75
2488101,-1942.5,-2095.625,-1303.75
2488101,-1942.5,-2095.625,-1303.75
2488111,-3233.125,-2436.875,-3513.125
2488111,-3233.125,-2436.875,-3513.125
2488121,-3403.75,-2699.375,-4624.375
2488121,-3403.75,-2699.375,-4624.375
2488132,-3106.25,-2835.0,-4690.0
2488132,-3106.25,-2835.0,-4690.0
2488142,-2730.0,-3145.625,-4882.5
2488142,-2730.0,-3145.625,-4882.5
2488152,-2874.375,-2410.625,-4353.125
2488152,-2874.375,-2410.625,-4353.125
2488163,-2261.875,-1806.875,-3548.125
2488163,-2261.875,-1806.875,-3548.125
2488173,-1238.125,-1347.5,-2288.125
2488173,-1238.125,-1347.5,-2288.125
2488184,-310.625,-743.75,-748.125
2488184,-310.625,-743.75,-748.125
2488193,-4.375,-271.25,800.625
2488193,-4.375,-271.25,800.625
2488204,-665.0,-188.125,1758.75
2488204,-665.0,-188.125,1758.75
2488214,-2047.5,-105.0,1596.875
2488214,-2047.5,-105.0,1596.875
2488225,-2944.375,-258.125,945.0
2488225,-2944.375,-258.125,945.0
2488235,-2756.25,-468.125,678.125
2488235,-2756.25,-468.125,678.125
2488245,-1890.0,-424.375,420.0
2488245,-1890.0,-424.375,420.0
2488256,-1076.25,-656.25,-245.0
2488256,-1076.25,-656.25,-245.0
2488266,-875.0,-866.25,-1260.0
2488266,-875.0,-866.25,-1260.0
2488276,-813.75,-1032.5,-2143.75
2488276,-813.75,-1032.5,-2143.75
2488287,-787.5,-1238.125,-2913.75
2488287,-787.5,-1238.125,-2913.75
2488297,-735.0,-1461.25,-3495.625
2488297,-735.0,-1461.25,-3495.625
2488307,-472.5,-1526.875,-3443.125
2488307,-472.5,-1526.875,-3443.125
2488317,-525.0,-1618.75,-2913.75
2488317,-525.0,-1618.75,-2913.75
2488328,-848.75,-1557.5,-2191.875
2488328,-848.75,-1557.5,-2191.875
2488339,-831.25,-1566.25,-1461.25
2488339,-831.25,-1566.25,-1461.25
2488348,-818.125,-1400.0,-756.875
2488348,-818.125,-1400.0,-756.875
2488359,-328.125,-1330.0,-350.0
2488359,-328.125,-1330.0,-350.0
2488369,463.75,-1400.0,-380.625
2488369,463.75,-1400.0,-380.625
2488380,275.625,-1452.5,-472.5
2488380,275.625,-1452.5,-472.5
2488390,-490.0,-1404.375,-638.75
2488390,-490.0,-1404.375,-638.75
2488400,-398.125,-1592.5,-1198.75
2488400,-398.125,-1592.5,-1198.75
2488410,-905.625,-1452.5,-1439.375
2488410,-905.625,-1452.5,-1439.375
2488421,-1198.75,-1448.125,-1496.25
2488421,-1198.75,-1448.125,-1496.25
2488431,-1452.5,-1360.625,-1334.375
2488431,-1452.5,-1360.625,-1334.375
2488441,-1019.375,-1461.25,-1133.125
2488441,-1019.375,-1461.25,-1133.125
2488452,-428.75,-1531.25,-997.5
2488452,-428.75,-1531.25,-997.5
2488462,-997.5,-1378.125,-870.625
2488462,-997.5,-1378.125,-870.625
2488472,-1929.375,-1085.0,-1089.375
2488472,-1929.375,-1085.0,-1089.375
2488483,-1631.875,-1216.25,-1137.5
2488483,-1631.875,-1216.25,-1137.5
2488493,-1426.25,-1255.625,-945.0
2488493,-1426.25,-1255.625,-945.0
2488503,-1430.625,-1273.125,-542.5
2488503,-1430.625,-1273.125,-542.5
2488514,-1133.125,-1211.875,-275.625
2488514,-1133.125,-1211.875,-275.625
2488524,-1137.5,-1019.375,-288.75
2488524,-1137.5,-1019.375,-288.75
2488535,-1015.0,-949.375,-546.875
2488535,-1015.0,-949.375,-546.875
2488544,-210.0,-993.125,-866.25
2488544,-210.0,-993.125,-866.25
2488555,730.625,-1019.375,-840.0
2488555,730.625,-1019.375,-840.0
2488565,1321.25,-988.75,-446.25
2488565,1321.25,-988.75,-446.25
2488575,1391.25,-704.375,-161.875
2488575,1391.25,-704.375,-161.875
2488586,1006.25,-520.625,4.375
2488586,1006.25,-520.625,4.375
2488596,993.125,-441.875,126.875
2488596,993.125,-441.875,126.875
2488606,958.125,-520.625,393.75
2488606,958.125,-520.625,393.75
2488617,1076.25,-586.25,323.75
2488617,1076.25,-586.25,323.75
2488627,1268.75,-643.125,223.125
2488627,1268.75,-643.125,223.125
2488637,1211.875,-660.625,179.375
2488637,1211.875,-660.625,179.375
2488648,599.375,-564.375,87.5
2488648,599.375,-564.375,87.5
2488658,345.625,-494.375,-48.125
2488658,345.625,-494.375,-48.125
2488668,476.875,-503.125,-179.375
2488668,476.875,-503.125,-179.375
2488679,678.125,-783.125,-236.25
2488679,678.125,-783.125,-236.25
2488690,651.875,-756.875,-65.625
2488690,651.875,-756.875,-65.625
2488699,411.25,-577.5,131.25
2488699,411.25,-577.5,131.25
2488710,210.0,-385.0,472.5
2488710,210.0,-385.0,472.5
2488720,332.5,-411.25,476.875
2488720,332.5,-411.25,476.875
2488730,555.625,-354.375,367.5
2488730,555.625,-354.375,367.5
2488739,953.75,-218.75,275.625
2488739,953.75,-218.75,275.625
2488751,1146.25,-406.875,371.875
2488751,1146.25,-406.875,371.875
2488761,1089.375,-603.75,105.0
2488761,1089.375,-603.75,105.0
2488771,1036.875,-791.875,-188.125
2488771,1036.875,-791.875,-188.125
2488782,739.375,-844.375,-280.0
2488782,739.375,-844.375,-280.0
2488792,520.625,-883.75,-498.75
2488792,520.625,-883.75,-498.75
2488802,385.0,-1050.0,-625.625
2488802,385.0,-1050.0,-625.625
2488813,472.5,-971.25,-599.375
2488813,472.5,-971.25,-599.375
2488823,953.75,-1050.0,-564.375
2488823,953.75,-1050.0,-564.375
2488833,1264.375,-1023.75,-293.125
2488833,1264.375,-1023.75,-293.125
2488844,1408.75,-844.375,17.5
2488844,1408.75,-844.375,17.5
2488854,1089.375,-844.375,161.875
2488854,1089.375,-844.375,161.875
2488864,787.5,-800.625,293.125
2488864,787.5,-800.625,293.125
2488875,463.75,-625.625,323.75
2488875,463.75,-625.625,323.75
2488885,420.0,-577.5,214.375
2488885,420.0,-577.5,214.375
2488894,857.5,-616.875,-52.5
2488894,857.5,-616.875,-52.5
2488906,1010.625,-476.875,-135.625
2488906,1010.625,-476.875,-135.625
2488916,735.0,-380.625,109.375
2488916,735.0,-380.625,109.375
2488926,945.0,-551.25,196.875
2488926,945.0,-551.25,196.875
2488937,953.75,-525.0,437.5
2488937,953.75,-525.0,437.5
2488947,573.125,-354.375,157.5
2488947,573.125,-354.375,157.5
2488957,437.5,-564.375,-345.625
2488957,437.5,-564.375,-345.625
2488968,581.875,-770.0,-350.0
2488968,581.875,-770.0,-350.0
2488978,945.0,-805.0,26.25
2488978,945.0,-805.0,26.25
2488988,669.375,-516.25,533.75
2488988,669.375,-516.25,533.75
2488998,323.75,-490.0,398.125
2488998,323.75,-490.0,398.125
2489009,258.125,-586.25,258.125
2489009,258.125,-586.25,258.125
2489019,402.5,-791.875,-17.5
2489019,402.5,-791.875,-17.5
2489029,113.75,-910.0,-83.125
2489029,113.75,-910.0,-83.125
2489040,-586.25,-1032.5,-459.375
2489040,-586.25,-1032.5,-459.375
2489050,-1553.125,-901.25,-481.25
2489050,-1553.125,-901.25,-481.25
2489060,-1894.375,-910.0,8.75
2489060,-1894.375,-910.0,8.75
2489071,-1452.5,-765.625,446.25
2489071,-1452.5,-765.625,446.25
2489081,-516.25,-682.5,555.625
2489081,-516.25,-682.5,555.625
2489091,328.125,-577.5,332.5
2489091,328.125,-577.5,332.5
2489102,656.25,-551.25,-192.5
2489102,656.25,-551.25,-192.5
2489112,586.25,-883.75,-752.5
2489112,586.25,-883.75,-752.5
2489122,525.0,-1141.875,-1159.375
2489122,525.0,-1141.875,-1159.375
2489133,188.125,-1198.75,-1553.125
2489133,188.125,-1198.75,-1553.125
2489143,-511.875,-1159.375,-1461.25
2489143,-511.875,-1159.375,-1461.25
2489153,-638.75,-1229.375,-1106.875
2489153,-638.75,-1229.375,-1106.875
2489163,-297.5,-1176.875,-638.75
2489163,-297.5,-1176.875,-638.75
2489174,-297.5,-1041.25,-420.0
2489174,-297.5,-1041.25,-420.0
2489184,-341.25,-936.25,-393.75
2489184,-341.25,-936.25,-393.75
2489194,-345.625,-923.125,-131.25
2489194,-345.625,-923.125,-131.25
2489205,-411.25,-918.75,-70.0
2489205,-411.25,-918.75,-70.0
2489215,-420.0,-853.125,-358.75
2489215,-420.0,-853.125,-358.75
2489225,-363.125,-813.75,-669.375
2489225,-363.125,-813.75,-669.375
2489236,-144.375,-1036.875,-914.375
2489236,-144.375,-1036.875,-914.375
2489246,332.5,-1028.125,-962.5
2489246,332.5,-1028.125,-962.5
2489256,328.125,-853.125,-450.625
2489256,328.125,-853.125,-450.625
2489267,126.875,-748.125,4.375
2489267,126.875,-748.125,4.375
2489277,861.875,-835.625,214.375
2489277,861.875,-835.625,214.375
2489288,1111.25,-848.75,140.0
2489288,1111.25,-848.75,140.0
2489298,157.5,-678.125,-131.25
2489298,157.5,-678.125,-131.25
2489308,-345.625,-918.75,-656.25
2489308,-345.625,-918.75,-656.25
2489318,-647.5,-1023.75,-914.375
2489318,-647.5,-1023.75,-914.375
2489329,-538.125,-940.625,-739.375
2489329,-538.125,-940.625,-739.375
2489339,-65.625,-835.625,-223.125
2489339,-65.625,-835.625,-223.125
2489349,87.5,-660.625,367.5
2489349,87.5,-660.625,367.5
2489360,-175.0,-472.5,560.0
2489360,-175.0,-472.5,560.0
2489370,-358.75,-450.625,332.5
2489370,-358.75,-450.625,332.5
2489380,-52.5,-573.125,-4.375
2489380,-52.5,-573.125,-4.375
2489391,476.875,-616.875,-131.25
2489391,476.875,-616.875,-131.25
2489401,853.125,-682.5,-118.125
2489401,853.125,-682.5,-118.125
2489411,1023.75,-621.25,21.875
2489411,1023.75,-621.25,21.875
2489421,826.875,-555.625,-52.5
2489421,826.875,-555.625,-52.5
2489432,166.25,-577.5,-161.875
2489432,166.25,-577.5,-161.875
2489441,153.125,-686.875,-17.5
2489441,153.125,-686.875,-17.5
2489452,166.25,-721.875,157.5
2489452,166.25,-721.875,157.5
2489463,201.25,-691.25,275.625
2489463,201.25,-691.25,275.625
2489473,78.75,-743.75,170.625
2489473,78.75,-743.75,170.625
2489484,-218.75,-844.375,-70.0
2489484,-218.75,-844.375,-70.0
2489494,-218.75,-774.375,-262.5
2489494,-218.75,-774.375,-262.5
2489504,-17.5,-822.5,-507.5
2489504,-17.5,-822.5,-507.5
2489514,157.5,-866.25,-634.375
2489514,157.5,-866.25,-634.375
2489525,205.625,-818.125,-507.5
2489525,205.625,-818.125,-507.5
2489535,201.25,-660.625,-354.375
2489535,201.25,-660.625,-354.375
2489545,83.125,-634.375,-393.75
2489545,83.125,-634.375,-393.75
2489556,-144.375,-608.125,-183.75
2489556,-144.375,-608.125,-183.75
2489566,-183.75,-656.25,-74.375
2489566,-183.75,-656.25,-74.375
2489576,-78.75,-783.125,-21.875
2489576,-78.75,-783.125,-21.875
2489587,218.75,-809.375,-65.625
2489587,218.75,-809.375,-65.625
2489597,411.25,-822.5,-205.625
2489597,411.25,-822.5,-205.625
2489607,341.25,-818.125,-459.375
2489607,341.25,-818.125,-459.375
2489618,472.5,-988.75,-538.125
2489618,472.5,-988.75,-538.125
2489628,411.25,-949.375,-280.0
2489628,411.25,-949.375,-280.0
2489639,48.125,-813.75,-262.5
2489639,48.125,-813.75,-262.5
2489648,-179.375,-861.875,-192.5
2489648,-179.375,-861.875,-192.5
2489659,-166.25,-993.125,-306.25
2489659,-166.25,-993.125,-306.25
2489669,-192.5,-901.25,-144.375
2489669,-192.5,-901.25,-144.375
2489678,-358.75,-796.25,-43.75
2489678,-358.75,-796.25,-43.75
2489690,-275.625,-800.625,-140.0
2489690,-275.625,-800.625,-140.0
2489700,8.75,-735.0,-74.375
2489700,8.75,-735.0,-74.375
2489711,-118.125,-621.25,96.25
2489711,-118.125,-621.25,96.25
2489721,214.375,-586.25,183.75
2489721,214.375,-586.25,183.75
2489731,463.75,-533.75,140.0
2489731,463.75,-533.75,140.0
2489741,-236.25,-293.125,-91.875
2489741,-236.25,-293.125,-91.875
2489752,-822.5,-402.5,-144.375
2489752,-822.5,-402.5,-144.375
2489762,-660.625,-630.0,126.875
2489762,-660.625,-630.0,126.875
2489773,-743.75,-380.625,450.625
2489773,-743.75,-380.625,450.625
2489783,-695.625,-350.0,262.5
2489783,-695.625,-350.0,262.5
2489794,-721.875,-704.375,-48.125
2489794,-721.875,-704.375,-48.125
2489803,-201.25,-761.25,43.75
2489803,-201.25,-761.25,43.75
2489814,420.0,-581.875,673.75
2489814,420.0,-581.875,673.75
2489824,-135.625,-205.625,1172.5
2489824,-135.625,-205.625,1172.5
2489834,-463.75,-341.25,1185.625
2489834,-463.75,-341.25,1185.625
2489844,-533.75,-424.375,1255.625
2489844,-533.75,-424.375,1255.625
2489855,-625.625,-551.25,1076.25
2489855,-625.625,-551.25,1076.25
2489865,-1111.25,-695.625,1023.75
2489865,-1111.25,-695.625,1023.75
2489875,-2003.75,-669.375,1102.5
2489875,-2003.75,-669.375,1102.5
2489886,-3106.25,-520.625,1111.25
2489886,-3106.25,-520.625,1111.25
2489896,-3193.75,-192.5,1505.0
2489896,-3193.75,-192.5,1505.0
2489906,-2200.625,-39.375,2016.875
2489906,-2200.625,-39.375,2016.875
2489917,-883.75,135.625,2244.375
2489917,-883.75,135.625,2244.375
2489927,-358.75,35.0,2100.0
2489927,-358.75,35.0,2100.0
2489937,310.625,-17.5,1575.0
2489937,310.625,-17.5,1575.0
2489947,603.75,-240.625,988.75
2489947,603.75,-240.625,988.75
