2468766,424.375,-350.0,-529.375
2468766,424.375,-350.0,-529.375
2468776,498.75,-310.625,-586.25
2468776,498.75,-310.625,-586.25
2468786,546.875,-293.125,-560.0
2468786,546.875,-293.125,-560.0
2468797,888.125,-56.875,-669.375
2468797,888.125,-56.875,-669.375
2468807,1290.625,122.5,-1098.125
2468807,1290.625,122.5,-1098.125
2468817,813.75,437.5,-1649.375
2468817,813.75,437.5,-1649.375
2468827,765.625,1028.125,-2900.625
2468827,765.625,1028.125,-2900.625
2468839,975.625,1636.25,-3740.625
2468839,975.625,1636.25,-3740.625
2468848,1802.5,1015.0,-3666.25
2468848,1802.5,1015.0,-3666.25
2468858,1859.375,931.875,-4309.375
2468858,1859.375,931.875,-4309.375
2468869,-2778.125,1916.25,-3338.125
2468869,-2778.125,1916.25,-3338.125
2468879,-7043.75,1478.75,-3430.0
2468879,-7043.75,1478.75,-3430.0
2468889,-10583.125,1260.0,-3482.5
2468889,-10583.125,1260.0,-3482.5
2468900,-14651.875,13.125,-4025.0
2468900,-14651.875,13.125,-4025.0
2468910,-16485.0,896.875,-4497.5
2468910,-16485.0,896.875,-4497.5
2468920,-11558.75,-603.75,-7201.25
2468920,-11558.75,-603.75,-7201.25
2468930,-1986.25,-3176.25,-10416.875
2468930,-1986.25,-3176.25,-10416.875
2468941,4606.875,-4291.875,-10990.0
2468941,4606.875,-4291.875,-10990.0
2468952,1023.75,-1701.875,2030.0
2468952,1023.75,-1701.875,2030.0
2468962,-6448.75,1120.0,11436.25
2468962,-6448.75,1120.0,11436.25
2468972,3740.625,-1675.625,2047.5
2468972,3740.625,-1675.625,2047.5
2468982,6645.625,-3027.5,-603.75
2468982,6645.625,-3027.5,-603.75
2468993,-183.75,-74.375,319.375
2468993,-183.75,-74.375,319.375
2469003,-713.125,507.5,-70.0
2469003,-713.125,507.5,-70.0
2469013,-126.875,870.625,-284.375
2469013,-126.875,870.625,-284.375
2469024,-665.0,1986.25,350.0
2469024,-665.0,1986.25,350.0
2469034,853.125,2436.875,844.375
2469034,853.125,2436.875,844.375
2469044,2528.75,2800.0,1815.625
2469044,2528.75,2800.0,1815.625
2469054,2786.875,2896.25,2817.5
2469054,2786.875,2896.25,2817.5
2469065,1876.875,2086.875,3360.0
2469065,1876.875,2086.875,3360.0
2469075,1579.375,1360.625,4440.625
2469075,1579.375,1360.625,4440.625
2469085,2800.0,161.875,6706.875
2469085,2800.0,161.875,6706.875
2469096,4160.625,-752.5,8505.0
2469096,4160.625,-752.5,8505.0
2469106,5306.875,-923.125,8343.125
2469106,5306.875,-923.125,8343.125
2469116,6103.125,-1478.75,6645.625
2469116,6103.125,-1478.75,6645.625
2469127,6002.5,-1439.375,4235.0
2469127,6002.5,-1439.375,4235.0
2469137,6278.125,-752.5,2436.875
2469137,6278.125,-752.5,2436.875
2469148,7673.75,-385.0,2104.375
2469148,7673.75,-385.0,2104.375
2469158,9795.625,363.125,2681.875
2469158,9795.625,363.125,2681.875
2469168,11086.25,1308.125,2743.125
2469168,11086.25,1308.125,2743.125
2469178,11698.75,1548.75,1246.875
2469178,11698.75,1548.75,1246.875
2469189,11436.25,770.0,-660.625
2469189,11436.25,770.0,-660.625
2469199,11475.625,78.75,-2060.625
2469199,11475.625,78.75,-2060.625
2469209,11550.0,1426.25,-1172.5
2469209,11550.0,1426.25,-1172.5
2469220,12188.75,1684.375,271.25
2469220,12188.75,1684.375,271.25
2469230,13623.75,2257.5,2178.75
2469230,13623.75,2257.5,2178.75
2469240,13855.625,3920.0,4545.625
2469240,13855.625,3920.0,4545.625
2469250,14026.25,4641.875,1225.0
2469250,14026.25,4641.875,1225.0
2469261,9257.5,1701.875,-2856.875
2469261,9257.5,1701.875,-2856.875
2469271,4655.0,4746.875,958.125
2469271,4655.0,4746.875,958.125
2469281,6046.25,4676.875,4011.875
2469281,6046.25,4676.875,4011.875
2469292,6908.125,4003.125,4690.0
2469292,6908.125,4003.125,4690.0
2469302,8102.5,3911.25,3106.25
2469302,8102.5,3911.25,3106.25
2469312,5950.0,4423.125,1596.875
2469312,5950.0,4423.125,1596.875
2469323,3657.5,5263.125,-26.25
2469323,3657.5,5263.125,-26.25
2469333,2506.875,5455.625,-1465.625
2469333,2506.875,5455.625,-1465.625
2469344,2730.0,5582.5,-1588.125
2469344,2730.0,5582.5,-1588.125
2469354,2887.5,4685.625,-1343.125
2469354,2887.5,4685.625,-1343.125
2469364,1977.5,3241.875,-901.25
2469364,1977.5,3241.875,-901.25
2469374,1671.25,3001.25,-358.75
2469374,1671.25,3001.25,-358.75
2469385,1487.5,4738.125,148.75
2469385,1487.5,4738.125,148.75
2469394,-1085.0,5145.0,30.625
2469394,-1085.0,5145.0,30.625
2469405,-2883.125,5197.5,-428.75
2469405,-2883.125,5197.5,-428.75
2469416,-2992.5,4611.25,-1518.125
2469416,-2992.5,4611.25,-1518.125
2469426,-3758.125,3552.5,-2743.125
2469426,-3758.125,3552.5,-2743.125
2469436,-4025.0,3386.25,-3473.75
2469436,-4025.0,3386.25,-3473.75
2469447,-3731.875,2852.5,-4777.5
2469447,-3731.875,2852.5,-4777.5
2469457,-4086.25,2152.5,-5954.375
2469457,-4086.25,2152.5,-5954.375
2469467,-3933.125,1474.375,-7004.375
2469467,-3933.125,1474.375,-7004.375
2469477,-2817.5,1067.5,-7153.125
2469477,-2817.5,1067.5,-7153.125
2469488,-1973.125,1163.75,-6426.875
2469488,-1973.125,1163.75,-6426.875
2469498,-1334.375,1386.875,-5263.125
2469498,-1334.375,1386.875,-5263.125
2469508,-914.375,1942.5,-3797.5
2469508,-914.375,1942.5,-3797.5
2469519,-468.125,2135.0,-2366.875
2469519,-468.125,2135.0,-2366.875
2469530,-170.625,2235.625,-1347.5
2469530,-170.625,2235.625,-1347.5
2469540,-161.875,2165.625,-498.75
2469540,-161.875,2165.625,-498.75
2469550,-245.0,2008.125,140.0
2469550,-245.0,2008.125,140.0
2469560,175.0,2030.0,1115.625
2469560,175.0,2030.0,1115.625
2469571,800.625,2380.0,2865.625
2469571,800.625,2380.0,2865.625
2469580,1159.375,2178.75,4256.875
2469580,1159.375,2178.75,4256.875
2469591,1522.5,1850.625,4983.125
2469591,1522.5,1850.625,4983.125
2469601,1890.0,1430.625,4948.125
2469601,1890.0,1430.625,4948.125
2469612,1159.375,1330.0,4987.5
2469612,1159.375,1330.0,4987.5
2469622,-288.75,1303.75,5258.75
2469622,-288.75,1303.75,5258.75
2469632,-783.125,1028.125,5674.375
2469632,-783.125,1028.125,5674.375
2469643,-249.375,905.625,6873.125
2469643,-249.375,905.625,6873.125
2469653,669.375,161.875,8207.5
2469653,669.375,161.875,8207.5
2469663,1487.5,-227.5,8732.5
2469663,1487.5,-227.5,8732.5
2469673,2025.625,-730.625,8605.625
2469673,2025.625,-730.625,8605.625
2469684,2397.5,-1404.375,7787.5
2469684,2397.5,-1404.375,7787.5
2469694,2568.125,-1811.25,6396.25
2469694,2568.125,-1811.25,6396.25
2469704,2432.5,-1881.25,5162.5
2469704,2432.5,-1881.25,5162.5
2469715,1876.875,-3045.0,3880.625
2469715,1876.875,-3045.0,3880.625
2469726,1395.625,-3128.125,2961.875
2469726,1395.625,-3128.125,2961.875
2469736,1085.0,-2493.75,2646.875
2469736,1085.0,-2493.75,2646.875
2469746,1575.0,-2209.375,2489.375
2469746,1575.0,-2209.375,2489.375
2469756,1666.875,-2056.25,2563.75
2469756,1666.875,-2056.25,2563.75
2469767,1548.75,-1885.625,2436.875
2469767,1548.75,-1885.625,2436.875
2469777,1386.875,-2086.875,2283.75
2469777,1386.875,-2086.875,2283.75
2469787,910.0,-2021.25,2056.25
2469787,910.0,-2021.25,2056.25
2469797,380.625,-1964.375,2030.0
2469797,380.625,-1964.375,2030.0
2469808,-109.375,-1868.125,2178.75
2469808,-109.375,-1868.125,2178.75
2469818,-301.875,-1929.375,2209.375
2469818,-301.875,-1929.375,2209.375
2469828,-542.5,-1925.0,2069.375
2469828,-542.5,-1925.0,2069.375
2469839,-175.0,-2038.75,1531.25
2469839,-175.0,-2038.75,1531.25
2469849,-13.125,-2358.125,813.75
2469849,-13.125,-2358.125,813.75
2469859,258.125,-2476.25,293.125
2469859,258.125,-2476.25,293.125
2469870,555.625,-2471.875,-70.0
2469870,555.625,-2471.875,-70.0
2469880,923.125,-2611.875,-437.5
2469880,923.125,-2611.875,-437.5
2469890,809.375,-2611.875,-520.625
2469890,809.375,-2611.875,-520.625
2469901,971.25,-2585.625,-875.0
2469901,971.25,-2585.625,-875.0
2469911,1176.875,-2625.0,-1382.5
2469911,1176.875,-2625.0,-1382.5
2469921,1036.875,-2804.375,-1907.5
2469921,1036.875,-2804.375,-1907.5
2469932,-43.75,-2716.875,-2270.625
2469932,-43.75,-2716.875,-2270.625
2469942,-83.125,-2585.625,-2275.0
2469942,-83.125,-2585.625,-2275.0
2469952,-61.25,-2607.5,-2030.0
2469952,-61.25,-2607.5,-2030.0
2469963,-218.75,-2415.0,-1522.5
2469963,-218.75,-2415.0,-1522.5
2469973,218.75,-2244.375,-975.625
2469973,218.75,-2244.375,-975.625
2469983,774.375,-2056.25,-634.375
2469983,774.375,-2056.25,-634.375
2469993,1207.5,-1640.625,-157.5
2469993,1207.5,-1640.625,-157.5
2470004,809.375,-1076.25,328.125
2470004,809.375,-1076.25,328.125
2470014,-249.375,-1045.625,630.0
2470014,-249.375,-1045.625,630.0
2470024,-1295.0,-1277.5,253.75
2470024,-1295.0,-1277.5,253.75
2470035,-2135.0,-1238.125,-192.5
2470035,-2135.0,-1238.125,-192.5
2470045,-2078.125,-1614.375,-183.75
2470045,-2078.125,-1614.375,-183.75
2470055,-1023.75,-1776.25,78.75
2470055,-1023.75,-1776.25,78.75
2470066,-896.875,-1513.75,266.875
2470066,-896.875,-1513.75,266.875
2470076,-2078.125,-1400.0,336.875
2470076,-2078.125,-1400.0,336.875
2470087,-3031.875,-1741.25,21.875
2470087,-3031.875,-1741.25,21.875
2470097,-5201.875,-2100.0,-743.75
2470097,-5201.875,-2100.0,-743.75
2470107,-7148.75,-2756.25,-2292.5
2470107,-7148.75,-2756.25,-2292.5
2470117,-7323.75,-3342.5,-4200.0
2470117,-7323.75,-3342.5,-4200.0
2470128,-7406.875,-3399.375,-5595.625
2470128,-7406.875,-3399.375,-5595.625
2470138,-7796.25,-3097.5,-5779.375
2470138,-7796.25,-3097.5,-5779.375
2470148,-7525.0,-2664.375,-4996.25
2470148,-7525.0,-2664.375,-4996.25
2470158,-6588.75,-2069.375,-3640.0
2470158,-6588.75,-2069.375,-3640.0
2470169,-4633.125,-1662.5,-2585.625
2470169,-4633.125,-1662.5,-2585.625
2470178,-2327.5,-1238.125,-1448.125
2470178,-2327.5,-1238.125,-1448.125
2470189,-616.875,-822.5,-398.125
2470189,-616.875,-822.5,-398.125
2470200,-223.125,-520.625,-21.875
2470200,-223.125,-520.625,-21.875
2470210,-507.5,-581.875,-188.125
2470210,-507.5,-581.875,-188.125
2470220,-1426.25,-778.75,-463.75
2470220,-1426.25,-778.75,-463.75
2470231,-2038.75,-940.625,-608.125
2470231,-2038.75,-940.625,-608.125
2470242,-2174.375,-1085.0,-485.625
2470242,-2174.375,-1085.0,-485.625
2470251,-2401.875,-1023.75,-218.75
2470251,-2401.875,-1023.75,-218.75
2470262,-2668.75,-1010.625,-161.875
2470262,-2668.75,-1010.625,-161.875
2470272,-2620.625,-1041.25,-660.625
2470272,-2620.625,-1041.25,-660.625
2470282,-1938.125,-1238.125,-1093.75
2470282,-1938.125,-1238.125,-1093.75
2470293,-1618.75,-1277.5,-1496.25
2470293,-1618.75,-1277.5,-1496.25
2470303,-1443.75,-1238.125,-1413.125
2470303,-1443.75,-1238.125,-1413.125
2470313,-1076.25,-1391.25,-1273.125
2470313,-1076.25,-1391.25,-1273.125
2470324,-297.5,-1487.5,-936.25
2470324,-297.5,-1487.5,-936.25
2470334,-17.5,-1391.25,-39.375
2470334,-17.5,-1391.25,-39.375
2470344,166.25,-1627.5,735.0
2470344,166.25,-1627.5,735.0
2470354,-35.0,-1741.25,1338.75
2470354,-35.0,-1741.25,1338.75
2470365,-603.75,-2135.0,848.75
2470365,-603.75,-2135.0,848.75
2470375,-1526.875,-2489.375,-428.75
2470375,-1526.875,-2489.375,-428.75
2470385,-2681.875,-3053.75,-1916.25
2470385,-2681.875,-3053.75,-1916.25
2470396,-3793.125,-3255.0,-2751.875
2470396,-3793.125,-3255.0,-2751.875
2470406,-4366.25,-2913.75,-3587.5
2470406,-4366.25,-2913.75,-3587.5
2470417,-3513.125,-2791.25,-4265.625
2470417,-3513.125,-2791.25,-4265.625
2470427,-2161.25,-2235.625,-3963.75
2470427,-2161.25,-2235.625,-3963.75
2470437,-634.375,-1535.625,-3001.25
2470437,-634.375,-1535.625,-3001.25
2470447,581.875,-988.75,-1614.375
2470447,581.875,-988.75,-1614.375
2470457,516.25,-275.625,21.875
2470457,516.25,-275.625,21.875
2470468,91.875,96.25,1360.625
2470468,91.875,96.25,1360.625
2470478,315.0,87.5,2353.75
2470478,315.0,87.5,2353.75
2470489,385.0,-249.375,2524.375
2470489,385.0,-249.375,2524.375
2470499,-8.75,-717.5,1999.375
2470499,-8.75,-717.5,1999.375
2470509,-1010.625,-1058.75,805.0
2470509,-1010.625,-1058.75,805.0
2470519,-1540.0,-1518.125,-577.5
2470519,-1540.0,-1518.125,-577.5
2470530,-1701.875,-1824.375,-1478.75
2470530,-1701.875,-1824.375,-1478.75
2470540,-1325.625,-1855.0,-1859.375
2470540,-1325.625,-1855.0,-1859.375
2470551,-809.375,-1693.125,-1925.0
2470551,-809.375,-1693.125,-1925.0
2470561,-376.25,-1513.75,-1999.375
2470561,-376.25,-1513.75,-1999.375
2470571,-332.5,-1360.625,-2051.875
2470571,-332.5,-1360.625,-2051.875
2470582,-293.125,-1500.625,-2248.75
2470582,-293.125,-1500.625,-2248.75
2470592,-621.25,-1583.75,-2463.125
2470592,-621.25,-1583.75,-2463.125
2470602,-1019.375,-1478.75,-2371.25
2470602,-1019.375,-1478.75,-2371.25
2470613,-1299.375,-1487.5,-2353.75
2470613,-1299.375,-1487.5,-2353.75
2470623,-866.25,-1570.625,-1986.25
2470623,-866.25,-1570.625,-1986.25
2470633,-555.625,-1448.125,-1198.75
2470633,-555.625,-1448.125,-1198.75
2470643,-354.375,-1456.875,-735.0
2470643,-354.375,-1456.875,-735.0
2470654,-437.5,-1491.875,-695.625
2470654,-437.5,-1491.875,-695.625
2470664,-223.125,-1750.0,-1172.5
2470664,-223.125,-1750.0,-1172.5
2470674,-13.125,-1706.25,-1408.75
2470674,-13.125,-1706.25,-1408.75
2470685,223.125,-1701.875,-1723.75
2470685,223.125,-1701.875,-1723.75
2470695,140.0,-1592.5,-1758.75
2470695,140.0,-1592.5,-1758.75
2470705,-78.75,-1579.375,-1964.375
2470705,-78.75,-1579.375,-1964.375
2470716,-223.125,-1645.0,-1964.375
2470716,-223.125,-1645.0,-1964.375
2470726,-223.125,-1540.0,-1658.125
2470726,-223.125,-1540.0,-1658.125
2470736,-603.75,-1356.25,-1312.5
2470736,-603.75,-1356.25,-1312.5
2470747,-778.75,-1308.125,-774.375
2470747,-778.75,-1308.125,-774.375
2470757,-262.5,-1268.75,-293.125
2470757,-262.5,-1268.75,-293.125
2470767,516.25,-1216.25,8.75
2470767,516.25,-1216.25,8.75
2470778,590.625,-1006.25,336.875
2470778,590.625,-1006.25,336.875
2470788,-214.375,-1006.25,227.5
2470788,-214.375,-1006.25,227.5
2470798,-988.75,-1623.125,-350.0
2470798,-988.75,-1623.125,-350.0
2470808,-1732.5,-1780.625,-1028.125
2470808,-1732.5,-1780.625,-1028.125
2470819,-2196.25,-1583.75,-1618.75
2470819,-2196.25,-1583.75,-1618.75
2470829,-1583.75,-1859.375,-1487.5
2470829,-1583.75,-1859.375,-1487.5
2470839,-385.0,-1806.875,-1207.5
2470839,-385.0,-1806.875,-1207.5
2470850,122.5,-1308.125,-949.375
2470850,122.5,-1308.125,-949.375
2470860,30.625,-1133.125,-420.0
2470860,30.625,-1133.125,-420.0
2470870,-105.0,-1413.125,-258.125
2470870,-105.0,-1413.125,-258.125
2470881,-560.0,-1758.75,-791.875
2470881,-560.0,-1758.75,-791.875
2470890,-1211.875,-2021.25,-1583.75
2470890,-1211.875,-2021.25,-1583.75
2470901,-1925.0,-2100.0,-2095.625
2470901,-1925.0,-2100.0,-2095.625
2470912,-2310.0,-2047.5,-2423.75
2470912,-2310.0,-2047.5,-2423.75
2470922,-2432.5,-1653.75,-1968.75
2470922,-2432.5,-1653.75,-1968.75
2470932,-2121.875,-1163.75,-1194.375
2470932,-2121.875,-1163.75,-1194.375
2470943,-1023.75,-888.125,-770.0
2470943,-1023.75,-888.125,-770.0
2470953,-153.125,-673.75,-739.375
2470953,-153.125,-673.75,-739.375
2470963,179.375,-630.0,-1006.25
2470963,179.375,-630.0,-1006.25
2470974,332.5,-984.375,-1881.25
2470974,332.5,-984.375,-1881.25
2470984,205.625,-1207.5,-2769.375
2470984,205.625,-1207.5,-2769.375
2470994,-109.375,-1421.875,-3355.625
2470994,-109.375,-1421.875,-3355.625
2471004,-669.375,-1618.75,-3552.5
2471004,-669.375,-1618.75,-3552.5
2471015,-1233.75,-1658.125,-3495.625
2471015,-1233.75,-1658.125,-3495.625
2471025,-1820.0,-1662.5,-3224.375
2471025,-1820.0,-1662.5,-3224.375
2471035,-1933.75,-1592.5,-2681.875
2471035,-1933.75,-1592.5,-2681.875
2471046,-2012.5,-1483.125,-2121.875
2471046,-2012.5,-1483.125,-2121.875
2471056,-1973.125,-1382.5,-1999.375
2471056,-1973.125,-1382.5,-1999.375
2471066,-1793.75,-1330.0,-2008.125
2471066,-1793.75,-1330.0,-2008.125
2471077,-1767.5,-1216.25,-1968.75
2471077,-1767.5,-1216.25,-1968.75
2471087,-1281.875,-1176.875,-1894.375
2471087,-1281.875,-1176.875,-1894.375
2471097,-603.75,-1176.875,-1592.5
2471097,-603.75,-1176.875,-1592.5
2471108,345.625,-1120.0,-1456.875
2471108,345.625,-1120.0,-1456.875
2471118,1688.75,-896.875,-787.5
2471118,1688.75,-896.875,-787.5
2471128,2366.875,-564.375,-56.875
2471128,2366.875,-564.375,-56.875
2471139,2852.5,-573.125,-8.75
2471139,2852.5,-573.125,-8.75
2471149,2620.625,-581.875,-328.125
2471149,2620.625,-581.875,-328.125
2471159,1876.875,-573.125,-927.5
2471159,1876.875,-573.125,-927.5
2471170,1093.75,-573.125,-1330.0
2471170,1093.75,-573.125,-1330.0
2471180,577.5,-533.75,-1413.125
2471180,577.5,-533.75,-1413.125
2471190,739.375,-516.25,-1172.5
2471190,739.375,-516.25,-1172.5
2471201,735.0,-437.5,-708.75
2471201,735.0,-437.5,-708.75
2471211,516.25,-236.25,-411.25
2471211,516.25,-236.25,-411.25
2471221,284.375,-271.25,-306.25
2471221,284.375,-271.25,-306.25
2471231,385.0,-490.0,-463.75
2471231,385.0,-490.0,-463.75
2471242,214.375,-608.125,-695.625
2471242,214.375,-608.125,-695.625
2471252,284.375,-538.125,-774.375
2471252,284.375,-538.125,-774.375
2471262,223.125,-490.0,-765.625
2471262,223.125,-490.0,-765.625
2471273,-8.75,-520.625,-822.5
2471273,-8.75,-520.625,-822.5
2471283,-78.75,-472.5,-621.25
2471283,-78.75,-472.5,-621.25
2471293,-26.25,-485.625,-638.75
2471293,-26.25,-485.625,-638.75
2471304,210.0,-520.625,-708.75
2471304,210.0,-520.625,-708.75
2471314,756.875,-577.5,-476.875
2471314,756.875,-577.5,-476.875
2471324,691.25,-647.5,-455.0
2471324,691.25,-647.5,-455.0
2471335,157.5,-371.875,-656.25
2471335,157.5,-371.875,-656.25
2471345,-192.5,-516.25,-1680.0
2471345,-192.5,-516.25,-1680.0
2471355,-358.75,-717.5,-2393.125
2471355,-358.75,-717.5,-2393.125
2471366,-695.625,-481.25,-2760.625
2471366,-695.625,-481.25,-2760.625
2471376,-201.25,-463.75,-3115.0
2471376,-201.25,-463.75,-3115.0
2471386,398.125,-468.125,-2961.875
2471386,398.125,-468.125,-2961.875
2471396,647.5,-455.0,-2664.375
2471396,647.5,-455.0,-2664.375
2471407,245.0,-284.375,-2686.25
2471407,245.0,-284.375,-2686.25
2471417,-726.25,-249.375,-3381.875
2471417,-726.25,-249.375,-3381.875
2471427,-1570.625,-713.125,-4563.125
2471427,-1570.625,-713.125,-4563.125
2471438,-2253.125,-975.625,-4720.625
2471438,-2253.125,-975.625,-4720.625
2471448,-2638.125,-888.125,-4274.375
2471448,-2638.125,-888.125,-4274.375
2471458,-2349.375,-713.125,-3797.5
2471458,-2349.375,-713.125,-3797.5
2471469,-1798.125,-573.125,-3351.25
2471469,-1798.125,-573.125,-3351.25
2471479,-923.125,-647.5,-2668.75
2471479,-923.125,-647.5,-2668.75
2471490,-433.125,-315.0,-1513.75
2471490,-433.125,-315.0,-1513.75
2471500,-188.125,-411.25,-1054.375
2471500,-188.125,-411.25,-1054.375
2471510,-175.0,-861.875,-1579.375
2471510,-175.0,-861.875,-1579.375
2471521,-1907.5,-1242.5,-2471.875
2471521,-1907.5,-1242.5,-2471.875
2471531,-3071.25,-1649.375,-2848.125
2471531,-3071.25,-1649.375,-2848.125
2471541,-2721.25,-1491.875,-1645.0
2471541,-2721.25,-1491.875,-1645.0
2471551,-730.625,-1233.75,420.0
2471551,-730.625,-1233.75,420.0
2471562,1789.375,-953.75,2568.125
2471562,1789.375,-953.75,2568.125
2471572,3320.625,-669.375,3985.625
2471572,3320.625,-669.375,3985.625
2471582,3618.125,-363.125,4147.5
2471582,3618.125,-363.125,4147.5
2471593,2156.875,-455.0,2856.875
2471593,2156.875,-455.0,2856.875
2471603,-665.0,-1089.375,809.375
2471603,-665.0,-1089.375,809.375
2471613,-2415.0,-1701.875,-271.25
2471613,-2415.0,-1701.875,-271.25
2471624,-2646.875,-2170.0,-148.75
2471624,-2646.875,-2170.0,-148.75
2471634,-1491.875,-2533.125,564.375
2471634,-1491.875,-2533.125,564.375
2471645,1203.125,-2493.75,2078.125
2471645,1203.125,-2493.75,2078.125
2471655,3998.75,-2008.125,3521.875
2471655,3998.75,-2008.125,3521.875
2471665,4598.125,-1951.25,4090.625
2471665,4598.125,-1951.25,4090.625
2471675,3198.125,-2410.625,3351.25
2471675,3198.125,-2410.625,3351.25
2471686,1111.25,-3136.875,1172.5
2471686,1111.25,-3136.875,1172.5
2471696,-713.125,-4073.125,-1080.625
2471696,-713.125,-4073.125,-1080.625
2471706,-2213.75,-4773.125,-2738.75
2471706,-2213.75,-4773.125,-2738.75
2471717,-3377.5,-4882.5,-3290.0
2471717,-3377.5,-4882.5,-3290.0
2471727,-3793.125,-4261.25,-1898.75
2471727,-3793.125,-4261.25,-1898.75
2471737,-3438.75,-3276.875,-140.0
2471737,-3438.75,-3276.875,-140.0
2471747,-2651.25,-2712.5,297.5
2471747,-2651.25,-2712.5,297.5
2471758,-3333.75,-2331.875,-945.0
2471758,-3333.75,-2331.875,-945.0
2471767,-4423.125,-2292.5,-2660.0
2471767,-4423.125,-2292.5,-2660.0
2471777,-5127.5,-2769.375,-4165.0
2471777,-5127.5,-2769.375,-4165.0
2471789,-5635.0,-3276.875,-5075.0
2471789,-5635.0,-3276.875,-5075.0
2471799,-5320.0,-3508.75,-4567.5
2471799,-5320.0,-3508.75,-4567.5
2471809,-3609.375,-3447.5,-2926.875
2471809,-3609.375,-3447.5,-2926.875
2471820,-1111.25,-3486.875,-1308.125
2471820,-1111.25,-3486.875,-1308.125
2471830,315.0,-3552.5,-122.5
2471830,315.0,-3552.5,-122.5
2471841,910.0,-3797.5,840.0
2471841,910.0,-3797.5,840.0
2471851,310.625,-3784.375,1798.125
2471851,310.625,-3784.375,1798.125
2471861,-1146.25,-3613.75,2642.5
2471861,-1146.25,-3613.75,2642.5
