2521425,-312.5,515.625,804.6875,-78.125,-757.8125,687.5,156.25,-945.3125,359.375,500.0,-851.5625,148.4375,500.0,-820.3125,296.875
2521425,-312.5,515.625,804.6875,-78.125,-757.8125,687.5,156.25,-945.3125,359.375,500.0,-851.5625,148.4375,500.0,-820.3125,296.875
2521433,-320.3125,507.8125,804.6875,-78.125,-757.8125,695.3125,156.25,-945.3125,359.375,500.0,-859.375,148.4375,507.8125,-820.3125,289.0625
2521433,-320.3125,507.8125,804.6875,-78.125,-757.8125,695.3125,156.25,-945.3125,359.375,500.0,-859.375,148.4375,507.8125,-820.3125,289.0625
2521441,-320.3125,507.8125,804.6875,-78.125,-757.8125,695.3125,164.0625,-937.5,359.375,500.0,-859.375,148.4375,500.0,-820.3125,296.875
2521441,-320.3125,507.8125,804.6875,-78.125,-757.8125,695.3125,164.0625,-937.5,359.375,500.0,-859.375,148.4375,500.0,-820.3125,296.875
2521441,-320.3125,507.8125,804.6875,-78.125,-750.0,679.6875,164.0625,-945.3125,343.75,507.8125,-851.5625,148.4375,507.8125,-820.3125,289.0625
2521441,-320.3125,507.8125,804.6875,-78.125,-750.0,679.6875,164.0625,-945.3125,343.75,507.8125,-851.5625,148.4375,507.8125,-820.3125,289.0625
2521586,-320.3125,507.8125,804.6875,-78.125,-757.8125,679.6875,156.25,-937.5,351.5625,492.1875,-851.5625,148.4375,507.8125,-812.5,289.0625
2521586,-320.3125,507.8125,804.6875,-78.125,-757.8125,679.6875,156.25,-937.5,351.5625,492.1875,-851.5625,148.4375,507.8125,-812.5,289.0625
2521594,-312.5,507.8125,804.6875,-78.125,-765.625,679.6875,164.0625,-937.5,343.75,500.0,-859.375,148.4375,507.8125,-812.5,289.0625
2521594,-312.5,507.8125,804.6875,-78.125,-765.625,679.6875,164.0625,-937.5,343.75,500.0,-859.375,148.4375,507.8125,-812.5,289.0625
2521602,-320.3125,507.8125,804.6875,-78.125,-765.625,679.6875,164.0625,-937.5,351.5625,507.8125,-851.5625,140.625,500.0,-812.5,296.875
2521602,-320.3125,507.8125,804.6875,-78.125,-765.625,679.6875,164.0625,-937.5,351.5625,507.8125,-851.5625,140.625,500.0,-812.5,296.875
2521602,-320.3125,507.8125,804.6875,-78.125,-757.8125,679.6875,156.25,-945.3125,343.75,507.8125,-859.375,148.4375,492.1875,-820.3125,289.0625
2521602,-320.3125,507.8125,804.6875,-78.125,-757.8125,679.6875,156.25,-945.3125,343.75,507.8125,-859.375,148.4375,492.1875,-820.3125,289.0625
2521747,-312.5,507.8125,804.6875,-70.3125,-765.625,687.5,148.4375,-937.5,343.75,500.0,-851.5625,140.625,500.0,-812.5,296.875
2521747,-312.5,507.8125,804.6875,-70.3125,-765.625,687.5,148.4375,-937.5,343.75,500.0,-851.5625,140.625,500.0,-812.5,296.875
2521755,-312.5,507.8125,796.875,-70.3125,-757.8125,679.6875,156.25,-937.5,343.75,500.0,-851.5625,140.625,507.8125,-812.5,289.0625
2521755,-312.5,507.8125,796.875,-70.3125,-757.8125,679.6875,156.25,-937.5,343.75,500.0,-851.5625,140.625,507.8125,-812.5,289.0625
2521763,-312.5,507.8125,804.6875,-78.125,-765.625,679.6875,156.25,-945.3125,335.9375,500.0,-859.375,140.625,500.0,-828.125,281.25
2521763,-312.5,507.8125,804.6875,-78.125,-765.625,679.6875,156.25,-945.3125,335.9375,500.0,-859.375,140.625,500.0,-828.125,281.25
2521763,-320.3125,515.625,804.6875,-70.3125,-757.8125,687.5,164.0625,-945.3125,343.75,500.0,-859.375,140.625,500.0,-812.5,289.0625
2521763,-320.3125,515.625,804.6875,-70.3125,-757.8125,687.5,164.0625,-945.3125,343.75,500.0,-859.375,140.625,500.0,-812.5,289.0625
2521908,-312.5,507.8125,812.5,-78.125,-765.625,679.6875,156.25,-945.3125,343.75,507.8125,-859.375,140.625,507.8125,-828.125,289.0625
2521908,-312.5,507.8125,812.5,-78.125,-765.625,679.6875,156.25,-945.3125,343.75,507.8125,-859.375,140.625,507.8125,-828.125,289.0625
2521916,-312.5,500.0,804.6875,-78.125,-765.625,679.6875,164.0625,-945.3125,351.5625,500.0,-859.375,140.625,507.8125,-820.3125,289.0625
2521916,-312.5,500.0,804.6875,-78.125,-765.625,679.6875,164.0625,-945.3125,351.5625,500.0,-859.375,140.625,507.8125,-820.3125,289.0625
2521924,-312.5,515.625,804.6875,-78.125,-757.8125,687.5,156.25,-945.3125,335.9375,507.8125,-851.5625,148.4375,507.8125,-820.3125,289.0625
2521924,-312.5,515.625,804.6875,-78.125,-757.8125,687.5,156.25,-945.3125,335.9375,507.8125,-851.5625,148.4375,507.8125,-820.3125,289.0625
2521924,-320.3125,515.625,804.6875,-78.125,-757.8125,687.5,156.25,-937.5,351.5625,500.0,-867.1875,148.4375,507.8125,-812.5,289.0625
2521924,-320.3125,515.625,804.6875,-78.125,-757.8125,687.5,156.25,-937.5,351.5625,500.0,-867.1875,148.4375,507.8125,-812.5,289.0625
2521989,-328.125,500.0,812.5,-93.75,-773.4375,679.6875,148.4375,-945.3125,335.9375,507.8125,-867.1875,140.625,515.625,-835.9375,296.875
2521989,-328.125,500.0,812.5,-93.75,-773.4375,679.6875,148.4375,-945.3125,335.9375,507.8125,-867.1875,140.625,515.625,-835.9375,296.875
2521997,-296.875,515.625,812.5,-93.75,-765.625,687.5,156.25,-953.125,335.9375,507.8125,-859.375,140.625,507.8125,-828.125,289.0625
2521997,-296.875,515.625,812.5,-93.75,-765.625,687.5,156.25,-953.125,335.9375,507.8125,-859.375,140.625,507.8125,-828.125,289.0625
2522005,-304.6875,515.625,804.6875,-93.75,-773.4375,671.875,156.25,-953.125,343.75,507.8125,-867.1875,132.8125,507.8125,-828.125,296.875
2522005,-304.6875,515.625,804.6875,-93.75,-773.4375,671.875,156.25,-953.125,343.75,507.8125,-867.1875,132.8125,507.8125,-828.125,296.875
2522005,-320.3125,515.625,812.5,-78.125,-781.25,679.6875,148.4375,-945.3125,335.9375,500.0,-859.375,140.625,507.8125,-828.125,281.25
2522005,-320.3125,515.625,812.5,-78.125,-781.25,679.6875,148.4375,-945.3125,335.9375,500.0,-859.375,140.625,507.8125,-828.125,281.25
2522150,-312.5,515.625,804.6875,-85.9375,-757.8125,687.5,148.4375,-937.5,343.75,500.0,-851.5625,140.625,507.8125,-812.5,289.0625
2522150,-312.5,515.625,804.6875,-85.9375,-757.8125,687.5,148.4375,-937.5,343.75,500.0,-851.5625,140.625,507.8125,-812.5,289.0625
2522158,-312.5,523.4375,812.5,-70.3125,-750.0,687.5,156.25,-945.3125,343.75,500.0,-851.5625,148.4375,507.8125,-812.5,289.0625
2522158,-312.5,523.4375,812.5,-70.3125,-750.0,687.5,156.25,-945.3125,343.75,500.0,-851.5625,148.4375,507.8125,-812.5,289.0625
2522166,-312.5,515.625,804.6875,-85.9375,-757.8125,687.5,156.25,-945.3125,335.9375,500.0,-851.5625,148.4375,500.0,-820.3125,289.0625
2522166,-312.5,515.625,804.6875,-85.9375,-757.8125,687.5,156.25,-945.3125,335.9375,500.0,-851.5625,148.4375,500.0,-820.3125,289.0625
2522166,-312.5,515.625,804.6875,-70.3125,-757.8125,695.3125,156.25,-945.3125,335.9375,500.0,-859.375,148.4375,507.8125,-820.3125,289.0625
2522166,-312.5,515.625,804.6875,-70.3125,-757.8125,695.3125,156.25,-945.3125,335.9375,500.0,-859.375,148.4375,507.8125,-820.3125,289.0625
2522312,-312.5,500.0,804.6875,-85.9375,-765.625,687.5,156.25,-945.3125,335.9375,507.8125,-851.5625,132.8125,507.8125,-820.3125,289.0625
2522312,-312.5,500.0,804.6875,-85.9375,-765.625,687.5,156.25,-945.3125,335.9375,507.8125,-851.5625,132.8125,507.8125,-820.3125,289.0625
2522319,-320.3125,515.625,812.5,-78.125,-765.625,679.6875,156.25,-953.125,335.9375,500.0,-851.5625,140.625,507.8125,-820.3125,289.0625
2522319,-320.3125,515.625,812.5,-78.125,-765.625,679.6875,156.25,-953.125,335.9375,500.0,-851.5625,140.625,507.8125,-820.3125,289.0625
2522328,-320.3125,515.625,804.6875,-78.125,-757.8125,679.6875,148.4375,-945.3125,328.125,507.8125,-851.5625,140.625,500.0,-812.5,289.0625
2522328,-320.3125,515.625,804.6875,-78.125,-757.8125,679.6875,148.4375,-945.3125,328.125,507.8125,-851.5625,140.625,500.0,-812.5,289.0625
2522328,-312.5,507.8125,804.6875,-78.125,-757.8125,687.5,148.4375,-945.3125,343.75,500.0,-851.5625,140.625,500.0,-812.5,289.0625
2522328,-312.5,507.8125,804.6875,-78.125,-757.8125,687.5,148.4375,-945.3125,343.75,500.0,-851.5625,140.625,500.0,-812.5,289.0625
2522473,-312.5,507.8125,820.3125,-85.9375,-765.625,687.5,156.25,-945.3125,335.9375,507.8125,-859.375,140.625,507.8125,-820.3125,289.0625
2522473,-312.5,507.8125,820.3125,-85.9375,-765.625,687.5,156.25,-945.3125,335.9375,507.8125,-859.375,140.625,507.8125,-820.3125,289.0625
2522481,-312.5,507.8125,812.5,-85.9375,-765.625,679.6875,156.25,-953.125,343.75,507.8125,-859.375,132.8125,507.8125,-820.3125,281.25
2522481,-312.5,507.8125,812.5,-85.9375,-765.625,679.6875,156.25,-953.125,343.75,507.8125,-859.375,132.8125,507.8125,-820.3125,281.25
2522489,-312.5,500.0,812.5,-78.125,-757.8125,679.6875,156.25,-945.3125,343.75,500.0,-859.375,132.8125,507.8125,-820.3125,289.0625
2522489,-312.5,500.0,812.5,-78.125,-757.8125,679.6875,156.25,-945.3125,343.75,500.0,-859.375,132.8125,507.8125,-820.3125,289.0625
2522489,-304.6875,500.0,812.5,-85.9375,-765.625,687.5,156.25,-953.125,343.75,507.8125,-851.5625,140.625,507.8125,-820.3125,289.0625
2522489,-304.6875,500.0,812.5,-85.9375,-765.625,687.5,156.25,-953.125,343.75,507.8125,-851.5625,140.625,507.8125,-820.3125,289.0625
2522634,-320.3125,507.8125,812.5,-78.125,-757.8125,679.6875,156.25,-945.3125,335.9375,500.0,-851.5625,148.4375,515.625,-820.3125,289.0625
2522634,-320.3125,507.8125,812.5,-78.125,-757.8125,679.6875,156.25,-945.3125,335.9375,500.0,-851.5625,148.4375,515.625,-820.3125,289.0625
2522642,-320.3125,507.8125,812.5,-78.125,-757.8125,687.5,156.25,-945.3125,335.9375,500.0,-851.5625,140.625,500.0,-820.3125,289.0625
2522642,-320.3125,507.8125,812.5,-78.125,-757.8125,687.5,156.25,-945.3125,335.9375,500.0,-851.5625,140.625,500.0,-820.3125,289.0625
2522650,-312.5,500.0,820.3125,-78.125,-757.8125,679.6875,156.25,-945.3125,343.75,507.8125,-859.375,132.8125,507.8125,-820.3125,281.25
2522650,-312.5,500.0,820.3125,-78.125,-757.8125,679.6875,156.25,-945.3125,343.75,507.8125,-859.375,132.8125,507.8125,-820.3125,281.25
2522650,-312.5,507.8125,804.6875,-78.125,-765.625,687.5,148.4375,-945.3125,335.9375,507.8125,-859.375,132.8125,507.8125,-828.125,289.0625
2522650,-312.5,507.8125,804.6875,-78.125,-765.625,687.5,148.4375,-945.3125,335.9375,507.8125,-859.375,132.8125,507.8125,-828.125,289.0625
2522820,-312.5,500.0,812.5,-78.125,-773.4375,679.6875,156.25,-953.125,328.125,500.0,-859.375,125.0,507.8125,-828.125,281.25
2522820,-312.5,500.0,812.5,-78.125,-773.4375,679.6875,156.25,-953.125,328.125,500.0,-859.375,125.0,507.8125,-828.125,281.25
2522828,-320.3125,500.0,812.5,-85.9375,-757.8125,687.5,156.25,-953.125,335.9375,507.8125,-851.5625,132.8125,507.8125,-828.125,281.25
2522828,-320.3125,500.0,812.5,-85.9375,-757.8125,687.5,156.25,-953.125,335.9375,507.8125,-851.5625,132.8125,507.8125,-828.125,281.25
2522828,-312.5,492.1875,812.5,-85.9375,-765.625,679.6875,156.25,-945.3125,328.125,492.1875,-859.375,132.8125,507.8125,-812.5,289.0625
2522828,-312.5,492.1875,812.5,-85.9375,-765.625,679.6875,156.25,-945.3125,328.125,492.1875,-859.375,132.8125,507.8125,-812.5,289.0625
2522836,-304.6875,507.8125,820.3125,-78.125,-757.8125,687.5,148.4375,-945.3125,343.75,500.0,-851.5625,132.8125,500.0,-820.3125,281.25
2522836,-304.6875,507.8125,820.3125,-78.125,-757.8125,687.5,148.4375,-945.3125,343.75,500.0,-851.5625,132.8125,500.0,-820.3125,281.25
2523038,-296.875,523.4375,812.5,-62.5,-750.0,679.6875,164.0625,-937.5,335.9375,507.8125,-843.75,132.8125,507.8125,-796.875,281.25
2523038,-296.875,523.4375,812.5,-62.5,-750.0,679.6875,164.0625,-937.5,335.9375,507.8125,-843.75,132.8125,507.8125,-796.875,281.25
2523045,-296.875,539.0625,812.5,-62.5,-742.1875,695.3125,156.25,-929.6875,343.75,492.1875,-828.125,140.625,507.8125,-796.875,273.4375
2523045,-296.875,539.0625,812.5,-62.5,-742.1875,695.3125,156.25,-929.6875,343.75,492.1875,-828.125,140.625,507.8125,-796.875,273.4375
2523053,-296.875,554.6875,804.6875,-62.5,-726.5625,687.5,156.25,-914.0625,343.75,476.5625,-820.3125,140.625,492.1875,-789.0625,257.8125
2523053,-296.875,554.6875,804.6875,-62.5,-726.5625,687.5,156.25,-914.0625,343.75,476.5625,-820.3125,140.625,492.1875,-789.0625,257.8125
2523054,-304.6875,601.5625,812.5,-62.5,-718.75,687.5,148.4375,-898.4375,343.75,484.375,-812.5,117.1875,500.0,-781.25,242.1875
2523054,-304.6875,601.5625,812.5,-62.5,-718.75,687.5,148.4375,-898.4375,343.75,484.375,-812.5,117.1875,500.0,-781.25,242.1875
2523199,-351.5625,781.25,1062.5,187.5,-984.375,1218.75,460.9375,-1437.5,710.9375,851.5625,-1148.4375,453.125,593.75,-1226.5625,742.1875
2523199,-351.5625,781.25,1062.5,187.5,-984.375,1218.75,460.9375,-1437.5,710.9375,851.5625,-1148.4375,453.125,593.75,-1226.5625,742.1875
2523207,-265.625,734.375,992.1875,179.6875,-1078.125,1257.8125,484.375,-1453.125,789.0625,882.8125,-1296.875,507.8125,906.25,-1250.0,781.25
2523207,-265.625,734.375,992.1875,179.6875,-1078.125,1257.8125,484.375,-1453.125,789.0625,882.8125,-1296.875,507.8125,906.25,-1250.0,781.25
2523215,-328.125,703.125,992.1875,164.0625,-1054.6875,1289.0625,476.5625,-1484.375,851.5625,1078.125,-1265.625,546.875,1039.0625,-1179.6875,734.375
2523215,-328.125,703.125,992.1875,164.0625,-1054.6875,1289.0625,476.5625,-1484.375,851.5625,1078.125,-1265.625,546.875,1039.0625,-1179.6875,734.375
2523215,-453.125,765.625,1101.5625,203.125,-1078.125,1304.6875,539.0625,-1531.25,828.125,1148.4375,-1289.0625,554.6875,992.1875,-1187.5,742.1875
2523215,-453.125,765.625,1101.5625,203.125,-1078.125,1304.6875,539.0625,-1531.25,828.125,1148.4375,-1289.0625,554.6875,992.1875,-1187.5,742.1875
2523360,-632.8125,640.625,1023.4375,-226.5625,-1195.3125,984.375,179.6875,-1562.5,554.6875,804.6875,-1492.1875,289.0625,843.75,-1437.5,640.625
2523360,-632.8125,640.625,1023.4375,-226.5625,-1195.3125,984.375,179.6875,-1562.5,554.6875,804.6875,-1492.1875,289.0625,843.75,-1437.5,640.625
2523368,-617.1875,664.0625,1007.8125,-234.375,-1171.875,953.125,164.0625,-1562.5,523.4375,765.625,-1484.375,242.1875,851.5625,-1398.4375,601.5625
2523368,-617.1875,664.0625,1007.8125,-234.375,-1171.875,953.125,164.0625,-1562.5,523.4375,765.625,-1484.375,242.1875,851.5625,-1398.4375,601.5625
2523376,-609.375,671.875,1007.8125,-250.0,-1164.0625,921.875,156.25,-1554.6875,507.8125,718.75,-1468.75,195.3125,796.875,-1398.4375,554.6875
2523376,-609.375,671.875,1007.8125,-250.0,-1164.0625,921.875,156.25,-1554.6875,507.8125,718.75,-1468.75,195.3125,796.875,-1398.4375,554.6875
2523376,-617.1875,703.125,992.1875,-265.625,-1171.875,890.625,140.625,-1546.875,468.75,695.3125,-1460.9375,156.25,742.1875,-1390.625,460.9375
2523376,-617.1875,703.125,992.1875,-265.625,-1171.875,890.625,140.625,-1546.875,468.75,695.3125,-1460.9375,156.25,742.1875,-1390.625,460.9375
2523522,-507.8125,476.5625,445.3125,-375.0,-507.8125,304.6875,-203.125,-710.9375,-39.0625,93.75,-726.5625,-156.25,171.875,-804.6875,-109.375
2523522,-507.8125,476.5625,445.3125,-375.0,-507.8125,304.6875,-203.125,-710.9375,-39.0625,93.75,-726.5625,-156.25,171.875,-804.6875,-109.375
2523530,-500.0,445.3125,421.875,-343.75,-562.5,320.3125,-250.0,-640.625,-62.5,54.6875,-742.1875,-132.8125,171.875,-804.6875,-39.0625
2523530,-500.0,445.3125,421.875,-343.75,-562.5,320.3125,-250.0,-640.625,-62.5,54.6875,-742.1875,-132.8125,171.875,-804.6875,-39.0625
2523538,-492.1875,406.25,390.625,-367.1875,-453.125,265.625,-218.75,-601.5625,-54.6875,54.6875,-648.4375,-93.75,164.0625,-812.5,0.0
2523538,-492.1875,406.25,390.625,-367.1875,-453.125,265.625,-218.75,-601.5625,-54.6875,54.6875,-648.4375,-93.75,164.0625,-812.5,0.0
2523538,-468.75,343.75,359.375,-382.8125,-414.0625,242.1875,-218.75,-539.0625,-31.25,31.25,-601.5625,-78.125,117.1875,-734.375,-23.4375
2523538,-468.75,343.75,359.375,-382.8125,-414.0625,242.1875,-218.75,-539.0625,-31.25,31.25,-601.5625,-78.125,117.1875,-734.375,-23.4375
2523683,-265.625,375.0,-593.75,-460.9375,585.9375,-164.0625,-546.875,515.625,-23.4375,-617.1875,265.625,203.125,-484.375,210.9375,265.625
2523683,-265.625,375.0,-593.75,-460.9375,585.9375,-164.0625,-546.875,515.625,-23.4375,-617.1875,265.625,203.125,-484.375,210.9375,265.625
2523691,-257.8125,390.625,-617.1875,-476.5625,625.0,-171.875,-531.25,531.25,31.25,-640.625,289.0625,218.75,-492.1875,218.75,296.875
2523691,-257.8125,390.625,-617.1875,-476.5625,625.0,-171.875,-531.25,531.25,31.25,-640.625,289.0625,218.75,-492.1875,218.75,296.875
2523699,-250.0,445.3125,-648.4375,-507.8125,648.4375,-140.625,-562.5,554.6875,46.875,-656.25,304.6875,242.1875,-531.25,210.9375,320.3125
2523699,-250.0,445.3125,-648.4375,-507.8125,648.4375,-140.625,-562.5,554.6875,46.875,-656.25,304.6875,242.1875,-531.25,210.9375,320.3125
2523699,-273.4375,492.1875,-640.625,-492.1875,671.875,-117.1875,-570.3125,562.5,62.5,-679.6875,296.875,257.8125,-531.25,187.5,335.9375
2523699,-273.4375,492.1875,-640.625,-492.1875,671.875,-117.1875,-570.3125,562.5,62.5,-679.6875,296.875,257.8125,-531.25,187.5,335.9375
2524328,-570.3125,289.0625,-843.75,-375.0,1015.625,1164.0625,31.25,593.75,1328.125,-406.25,-7.8125,1078.125,-812.5,328.125,664.0625
2524328,-570.3125,289.0625,-843.75,-375.0,1015.625,1164.0625,31.25,593.75,1328.125,-406.25,-7.8125,1078.125,-812.5,328.125,664.0625
2524336,-664.0625,367.1875,-890.625,-351.5625,1101.5625,1109.375,-109.375,812.5,960.9375,-468.75,226.5625,1039.0625,-765.625,367.1875,687.5
2524336,-664.0625,367.1875,-890.625,-351.5625,1101.5625,1109.375,-109.375,812.5,960.9375,-468.75,226.5625,1039.0625,-765.625,367.1875,687.5
2524344,-695.3125,429.6875,-898.4375,-320.3125,1070.3125,921.875,-179.6875,773.4375,789.0625,-523.4375,234.375,992.1875,-679.6875,523.4375,695.3125
2524344,-695.3125,429.6875,-898.4375,-320.3125,1070.3125,921.875,-179.6875,773.4375,789.0625,-523.4375,234.375,992.1875,-679.6875,523.4375,695.3125
2524344,-656.25,476.5625,-882.8125,-359.375,937.5,718.75,-218.75,671.875,718.75,-500.0,179.6875,960.9375,-718.75,507.8125,703.125
2524344,-656.25,476.5625,-882.8125,-359.375,937.5,718.75,-218.75,671.875,718.75,-500.0,179.6875,960.9375,-718.75,507.8125,703.125
2524489,-281.25,453.125,-640.625,-312.5,-195.3125,-625.0,117.1875,109.375,-484.375,-703.125,-62.5,15.625,-1171.875,523.4375,-46.875
2524489,-281.25,453.125,-640.625,-312.5,-195.3125,-625.0,117.1875,109.375,-484.375,-703.125,-62.5,15.625,-1171.875,523.4375,-46.875
2524489,-281.25,281.25,-726.5625,-171.875,156.25,-171.875,390.625,0.0,39.0625,-390.625,-148.4375,351.5625,-1382.8125,609.375,-367.1875
2524489,-281.25,281.25,-726.5625,-171.875,156.25,-171.875,390.625,0.0,39.0625,-390.625,-148.4375,351.5625,-1382.8125,609.375,-367.1875
2524497,-390.625,140.625,-750.0,23.4375,718.75,398.4375,734.375,554.6875,390.625,-85.9375,515.625,679.6875,-1281.25,117.1875,-226.5625
2524497,-390.625,140.625,-750.0,23.4375,718.75,398.4375,734.375,554.6875,390.625,-85.9375,515.625,679.6875,-1281.25,117.1875,-226.5625
2524505,-601.5625,70.3125,-757.8125,562.5,1109.375,835.9375,1273.4375,828.125,695.3125,210.9375,437.5,851.5625,-812.5,335.9375,23.4375
2524505,-601.5625,70.3125,-757.8125,562.5,1109.375,835.9375,1273.4375,828.125,695.3125,210.9375,437.5,851.5625,-812.5,335.9375,23.4375
2524649,-507.8125,335.9375,-781.25,-726.5625,523.4375,-195.3125,-468.75,414.0625,257.8125,-585.9375,101.5625,679.6875,-437.5,70.3125,945.3125
2524649,-507.8125,335.9375,-781.25,-726.5625,523.4375,-195.3125,-468.75,414.0625,257.8125,-585.9375,101.5625,679.6875,-437.5,70.3125,945.3125
2524649,-523.4375,320.3125,-742.1875,-757.8125,468.75,-218.75,-578.125,375.0,148.4375,-796.875,31.25,562.5,-500.0,54.6875,945.3125
2524649,-523.4375,320.3125,-742.1875,-757.8125,468.75,-218.75,-578.125,375.0,148.4375,-796.875,31.25,562.5,-500.0,54.6875,945.3125
2524657,-523.4375,343.75,-742.1875,-789.0625,453.125,-179.6875,-687.5,406.25,39.0625,-890.625,23.4375,445.3125,-484.375,0.0,898.4375
2524657,-523.4375,343.75,-742.1875,-789.0625,453.125,-179.6875,-687.5,406.25,39.0625,-890.625,23.4375,445.3125,-484.375,0.0,898.4375
2524665,-500.0,367.1875,-734.375,-835.9375,382.8125,-171.875,-812.5,390.625,-93.75,-921.875,85.9375,414.0625,-593.75,-109.375,851.5625
2524665,-500.0,367.1875,-734.375,-835.9375,382.8125,-171.875,-812.5,390.625,-93.75,-921.875,85.9375,414.0625,-593.75,-109.375,851.5625
2524812,-507.8125,445.3125,-718.75,-843.75,476.5625,117.1875,-859.375,250.0,437.5,-773.4375,-148.4375,671.875,-656.25,-218.75,781.25
2524812,-507.8125,445.3125,-718.75,-843.75,476.5625,117.1875,-859.375,250.0,437.5,-773.4375,-148.4375,671.875,-656.25,-218.75,781.25
2524812,-523.4375,468.75,-742.1875,-867.1875,484.375,70.3125,-882.8125,234.375,414.0625,-789.0625,-140.625,656.25,-648.4375,-203.125,796.875
2524812,-523.4375,468.75,-742.1875,-867.1875,484.375,70.3125,-882.8125,234.375,414.0625,-789.0625,-140.625,656.25,-648.4375,-203.125,796.875
2524820,-515.625,476.5625,-750.0,-882.8125,500.0,54.6875,-906.25,242.1875,382.8125,-804.6875,-140.625,656.25,-648.4375,-187.5,789.0625
2524820,-515.625,476.5625,-750.0,-882.8125,500.0,54.6875,-906.25,242.1875,382.8125,-804.6875,-140.625,656.25,-648.4375,-187.5,789.0625
2524828,-515.625,476.5625,-742.1875,-882.8125,515.625,23.4375,-914.0625,257.8125,359.375,-820.3125,-140.625,640.625,-664.0625,-187.5,781.25
2524828,-515.625,476.5625,-742.1875,-882.8125,515.625,23.4375,-914.0625,257.8125,359.375,-820.3125,-140.625,640.625,-664.0625,-187.5,781.25
