2485258,-4.375,-13.125,-78.75
2485258,-4.375,-13.125,-78.75
2485268,-17.5,-35.0,-100.625
2485268,-17.5,-35.0,-100.625
2485419,-8.75,-52.5,-52.5
2485419,-8.75,-52.5,-52.5
2485430,-8.75,-43.75,-39.375
2485430,-8.75,-43.75,-39.375
2485581,-91.875,8.75,-30.625
2485581,-91.875,8.75,-30.625
2485591,-91.875,21.875,4.375
2485591,-91.875,21.875,4.375
2485742,30.625,26.25,-21.875
2485742,30.625,26.25,-21.875
2485753,-17.5,8.75,-70.0
2485753,-17.5,8.75,-70.0
2485904,43.75,17.5,30.625
2485904,43.75,17.5,30.625
2485914,8.75,0.0,21.875
2485914,8.75,0.0,21.875
2486065,78.75,-61.25,-78.75
2486065,78.75,-61.25,-78.75
2486075,35.0,-43.75,-61.25
2486075,35.0,-43.75,-61.25
2486227,-56.875,-56.875,-52.5
2486227,-56.875,-56.875,-52.5
2486378,-188.125,61.25,179.375
2486378,-188.125,61.25,179.375
2486388,-135.625,83.125,227.5
2486388,-135.625,83.125,227.5
2486540,210.0,0.0,-74.375
2486540,210.0,0.0,-74.375
2486550,188.125,-21.875,-131.25
2486550,188.125,-21.875,-131.25
2486701,-13.125,17.5,-8.75
2486701,-13.125,17.5,-8.75
2486711,-74.375,30.625,21.875
2486711,-74.375,30.625,21.875
2486863,2506.875,100.625,3355.625
2486863,2506.875,100.625,3355.625
2486873,2590.0,218.75,3775.625
2486873,2590.0,218.75,3775.625
2487024,-3898.125,-5110.0,-4847.5
2487024,-3898.125,-5110.0,-4847.5
2487034,-4344.375,-4943.75,-5411.875
2487034,-4344.375,-4943.75,-5411.875
2487185,-18550.0,-11620.0,-11515.0
2487185,-18550.0,-11620.0,-11515.0
2487196,-18611.25,-11326.875,-12560.625
2487196,-18611.25,-11326.875,-12560.625
2487347,-8168.125,-10285.625,-5936.875
2487347,-8168.125,-10285.625,-5936.875
2487357,-7341.25,-9143.75,-5355.0
2487357,-7341.25,-9143.75,-5355.0
2487508,-258.125,-5735.625,-927.5
2487508,-258.125,-5735.625,-927.5
2487519,-980.0,-5092.5,-113.75
2487519,-980.0,-5092.5,-113.75
2487670,813.75,61.25,-2878.75
2487670,813.75,61.25,-2878.75
2487680,1168.125,262.5,-2896.25
2487680,1168.125,262.5,-2896.25
2487710,140.0,-1093.75,-1526.875
2487710,140.0,-1093.75,-1526.875
2487720,-857.5,-1561.875,-686.875
2487720,-857.5,-1561.875,-686.875
2487791,-1557.5,-665.0,363.125
2487791,-1557.5,-665.0,363.125
2487801,-1106.875,-551.25,140.0
2487801,-1106.875,-551.25,140.0
2487952,-3731.875,503.125,-516.25
2487952,-3731.875,503.125,-516.25
2487963,-4532.5,962.5,-568.75
2487963,-4532.5,962.5,-568.75
2488114,7542.5,1404.375,-2581.25
2488114,7542.5,1404.375,-2581.25
2488124,6378.75,1290.625,-2043.125
2488124,6378.75,1290.625,-2043.125
2488275,704.375,3298.75,-3364.375
2488275,704.375,3298.75,-3364.375
2488286,-612.5,4943.75,-3845.625
2488286,-612.5,4943.75,-3845.625
