2485254,-210.9375,429.6875,875.0,-101.5625,-789.0625,656.25,171.875,-914.0625,406.25,414.0625,-906.25,109.375,382.8125,-875.0,343.75
2485254,-210.9375,429.6875,875.0,-101.5625,-789.0625,656.25,171.875,-914.0625,406.25,414.0625,-906.25,109.375,382.8125,-875.0,343.75
2485261,-218.75,429.6875,875.0,-101.5625,-781.25,648.4375,164.0625,-914.0625,406.25,421.875,-906.25,101.5625,375.0,-875.0,343.75
2485261,-218.75,429.6875,875.0,-101.5625,-781.25,648.4375,164.0625,-914.0625,406.25,421.875,-906.25,101.5625,375.0,-875.0,343.75
2485269,-218.75,429.6875,875.0,-85.9375,-781.25,656.25,156.25,-914.0625,406.25,414.0625,-906.25,117.1875,382.8125,-867.1875,335.9375
2485269,-218.75,429.6875,875.0,-85.9375,-781.25,656.25,156.25,-914.0625,406.25,414.0625,-906.25,117.1875,382.8125,-867.1875,335.9375
2485269,-218.75,437.5,875.0,-93.75,-781.25,656.25,156.25,-914.0625,414.0625,414.0625,-914.0625,101.5625,382.8125,-875.0,351.5625
2485269,-218.75,437.5,875.0,-93.75,-781.25,656.25,156.25,-914.0625,414.0625,414.0625,-914.0625,101.5625,382.8125,-875.0,351.5625
2485415,-218.75,429.6875,882.8125,-101.5625,-781.25,664.0625,156.25,-914.0625,421.875,414.0625,-914.0625,101.5625,367.1875,-867.1875,351.5625
2485415,-218.75,429.6875,882.8125,-101.5625,-781.25,664.0625,156.25,-914.0625,421.875,414.0625,-914.0625,101.5625,367.1875,-867.1875,351.5625
2485423,-226.5625,429.6875,875.0,-93.75,-781.25,648.4375,156.25,-906.25,414.0625,406.25,-914.0625,117.1875,375.0,-867.1875,343.75
2485423,-226.5625,429.6875,875.0,-93.75,-781.25,648.4375,156.25,-906.25,414.0625,406.25,-914.0625,117.1875,375.0,-867.1875,343.75
2485431,-218.75,445.3125,875.0,-93.75,-781.25,656.25,156.25,-921.875,421.875,414.0625,-914.0625,109.375,375.0,-875.0,343.75
2485431,-218.75,445.3125,875.0,-93.75,-781.25,656.25,156.25,-921.875,421.875,414.0625,-914.0625,109.375,375.0,-875.0,343.75
2485431,-218.75,429.6875,875.0,-101.5625,-781.25,656.25,156.25,-914.0625,414.0625,414.0625,-906.25,109.375,375.0,-867.1875,335.9375
2485431,-218.75,429.6875,875.0,-101.5625,-781.25,656.25,156.25,-914.0625,414.0625,414.0625,-906.25,109.375,375.0,-867.1875,335.9375
2485577,-226.5625,445.3125,882.8125,-93.75,-789.0625,664.0625,164.0625,-921.875,429.6875,414.0625,-906.25,117.1875,375.0,-875.0,359.375
2485577,-226.5625,445.3125,882.8125,-93.75,-789.0625,664.0625,164.0625,-921.875,429.6875,414.0625,-906.25,117.1875,375.0,-875.0,359.375
2485584,-218.75,437.5,882.8125,-85.9375,-781.25,664.0625,164.0625,-921.875,421.875,414.0625,-906.25,117.1875,390.625,-875.0,343.75
2485584,-218.75,437.5,882.8125,-85.9375,-781.25,664.0625,164.0625,-921.875,421.875,414.0625,-906.25,117.1875,390.625,-875.0,343.75
2485592,-210.9375,437.5,882.8125,-85.9375,-789.0625,656.25,164.0625,-921.875,429.6875,421.875,-914.0625,109.375,375.0,-867.1875,343.75
2485592,-210.9375,437.5,882.8125,-85.9375,-789.0625,656.25,164.0625,-921.875,429.6875,421.875,-914.0625,109.375,375.0,-867.1875,343.75
2485592,-218.75,437.5,882.8125,-93.75,-789.0625,664.0625,171.875,-921.875,421.875,414.0625,-914.0625,125.0,375.0,-875.0,351.5625
2485592,-218.75,437.5,882.8125,-93.75,-789.0625,664.0625,171.875,-921.875,421.875,414.0625,-914.0625,125.0,375.0,-875.0,351.5625
2485738,-218.75,414.0625,875.0,-101.5625,-789.0625,648.4375,148.4375,-914.0625,406.25,414.0625,-906.25,93.75,375.0,-867.1875,335.9375
2485738,-218.75,414.0625,875.0,-101.5625,-789.0625,648.4375,148.4375,-914.0625,406.25,414.0625,-906.25,93.75,375.0,-867.1875,335.9375
2485746,-218.75,429.6875,875.0,-93.75,-781.25,648.4375,156.25,-914.0625,406.25,414.0625,-898.4375,93.75,382.8125,-867.1875,335.9375
2485746,-218.75,429.6875,875.0,-93.75,-781.25,648.4375,156.25,-914.0625,406.25,414.0625,-898.4375,93.75,382.8125,-867.1875,335.9375
2485754,-218.75,421.875,882.8125,-85.9375,-789.0625,648.4375,164.0625,-906.25,398.4375,414.0625,-914.0625,93.75,375.0,-867.1875,335.9375
2485754,-218.75,421.875,882.8125,-85.9375,-789.0625,648.4375,164.0625,-906.25,398.4375,414.0625,-914.0625,93.75,375.0,-867.1875,335.9375
2485754,-218.75,429.6875,867.1875,-93.75,-773.4375,648.4375,156.25,-914.0625,414.0625,421.875,-906.25,101.5625,375.0,-867.1875,343.75
2485754,-218.75,429.6875,867.1875,-93.75,-773.4375,648.4375,156.25,-914.0625,414.0625,421.875,-906.25,101.5625,375.0,-867.1875,343.75
2485899,-203.125,429.6875,875.0,-93.75,-773.4375,656.25,156.25,-906.25,406.25,414.0625,-898.4375,101.5625,382.8125,-867.1875,343.75
2485899,-203.125,429.6875,875.0,-93.75,-773.4375,656.25,156.25,-906.25,406.25,414.0625,-898.4375,101.5625,382.8125,-867.1875,343.75
2485907,-203.125,421.875,882.8125,-85.9375,-781.25,648.4375,164.0625,-906.25,398.4375,414.0625,-898.4375,101.5625,382.8125,-859.375,335.9375
2485907,-203.125,421.875,882.8125,-85.9375,-781.25,648.4375,164.0625,-906.25,398.4375,414.0625,-898.4375,101.5625,382.8125,-859.375,335.9375
2485915,-210.9375,421.875,867.1875,-85.9375,-789.0625,648.4375,171.875,-914.0625,406.25,406.25,-906.25,101.5625,382.8125,-859.375,343.75
2485915,-210.9375,421.875,867.1875,-85.9375,-789.0625,648.4375,171.875,-914.0625,406.25,406.25,-906.25,101.5625,382.8125,-859.375,343.75
2485915,-203.125,421.875,867.1875,-85.9375,-781.25,648.4375,164.0625,-906.25,406.25,421.875,-898.4375,109.375,382.8125,-859.375,343.75
2485915,-203.125,421.875,867.1875,-85.9375,-781.25,648.4375,164.0625,-906.25,406.25,421.875,-898.4375,109.375,382.8125,-859.375,343.75
2486060,-218.75,437.5,875.0,-93.75,-789.0625,648.4375,148.4375,-921.875,421.875,421.875,-914.0625,101.5625,375.0,-875.0,351.5625
2486060,-218.75,437.5,875.0,-93.75,-789.0625,648.4375,148.4375,-921.875,421.875,421.875,-914.0625,101.5625,375.0,-875.0,351.5625
2486068,-226.5625,429.6875,882.8125,-93.75,-789.0625,664.0625,156.25,-921.875,414.0625,414.0625,-914.0625,109.375,367.1875,-875.0,343.75
2486068,-226.5625,429.6875,882.8125,-93.75,-789.0625,664.0625,156.25,-921.875,414.0625,414.0625,-914.0625,109.375,367.1875,-875.0,343.75
2486076,-218.75,429.6875,875.0,-101.5625,-789.0625,664.0625,156.25,-921.875,421.875,414.0625,-914.0625,117.1875,367.1875,-882.8125,343.75
2486076,-218.75,429.6875,875.0,-101.5625,-789.0625,664.0625,156.25,-921.875,421.875,414.0625,-914.0625,117.1875,367.1875,-882.8125,343.75
2486076,-218.75,421.875,875.0,-101.5625,-789.0625,656.25,156.25,-921.875,429.6875,406.25,-921.875,101.5625,367.1875,-875.0,351.5625
2486076,-218.75,421.875,875.0,-101.5625,-789.0625,656.25,156.25,-921.875,429.6875,406.25,-921.875,101.5625,367.1875,-875.0,351.5625
2486219,-210.9375,437.5,875.0,-85.9375,-773.4375,648.4375,164.0625,-914.0625,414.0625,421.875,-898.4375,117.1875,382.8125,-867.1875,343.75
2486219,-210.9375,437.5,875.0,-85.9375,-773.4375,648.4375,164.0625,-914.0625,414.0625,421.875,-898.4375,117.1875,382.8125,-867.1875,343.75
2486219,-210.9375,437.5,867.1875,-93.75,-773.4375,656.25,164.0625,-906.25,414.0625,414.0625,-906.25,109.375,375.0,-867.1875,351.5625
2486219,-210.9375,437.5,867.1875,-93.75,-773.4375,656.25,164.0625,-906.25,414.0625,414.0625,-906.25,109.375,375.0,-867.1875,351.5625
2486229,-218.75,437.5,882.8125,-85.9375,-781.25,656.25,171.875,-906.25,421.875,414.0625,-906.25,101.5625,382.8125,-859.375,343.75
2486229,-218.75,437.5,882.8125,-85.9375,-781.25,656.25,171.875,-906.25,421.875,414.0625,-906.25,101.5625,382.8125,-859.375,343.75
2486236,-218.75,437.5,875.0,-93.75,-773.4375,656.25,164.0625,-906.25,414.0625,414.0625,-914.0625,109.375,375.0,-859.375,343.75
2486236,-218.75,437.5,875.0,-93.75,-773.4375,656.25,164.0625,-906.25,414.0625,414.0625,-914.0625,109.375,375.0,-859.375,343.75
2486382,-210.9375,453.125,882.8125,-85.9375,-781.25,671.875,156.25,-914.0625,429.6875,414.0625,-914.0625,125.0,375.0,-875.0,351.5625
2486382,-210.9375,453.125,882.8125,-85.9375,-781.25,671.875,156.25,-914.0625,429.6875,414.0625,-914.0625,125.0,375.0,-875.0,351.5625
2486382,-218.75,445.3125,875.0,-93.75,-781.25,664.0625,156.25,-914.0625,429.6875,406.25,-914.0625,109.375,375.0,-875.0,359.375
2486382,-218.75,445.3125,875.0,-93.75,-781.25,664.0625,156.25,-914.0625,429.6875,406.25,-914.0625,109.375,375.0,-875.0,359.375
2486389,-218.75,437.5,875.0,-93.75,-781.25,671.875,164.0625,-914.0625,421.875,414.0625,-914.0625,117.1875,375.0,-867.1875,351.5625
2486389,-218.75,437.5,875.0,-93.75,-781.25,671.875,164.0625,-914.0625,421.875,414.0625,-914.0625,117.1875,375.0,-867.1875,351.5625
2486399,-210.9375,445.3125,882.8125,-93.75,-773.4375,671.875,156.25,-914.0625,421.875,414.0625,-914.0625,109.375,375.0,-875.0,351.5625
2486399,-210.9375,445.3125,882.8125,-93.75,-773.4375,671.875,156.25,-914.0625,421.875,414.0625,-914.0625,109.375,375.0,-875.0,351.5625
2486544,-203.125,421.875,882.8125,-78.125,-781.25,648.4375,171.875,-914.0625,414.0625,421.875,-898.4375,101.5625,382.8125,-867.1875,335.9375
2486544,-203.125,421.875,882.8125,-78.125,-781.25,648.4375,171.875,-914.0625,414.0625,421.875,-898.4375,101.5625,382.8125,-867.1875,335.9375
2486544,-203.125,414.0625,867.1875,-78.125,-781.25,656.25,171.875,-914.0625,406.25,421.875,-898.4375,101.5625,382.8125,-867.1875,335.9375
2486544,-203.125,414.0625,867.1875,-78.125,-781.25,656.25,171.875,-914.0625,406.25,421.875,-898.4375,101.5625,382.8125,-867.1875,335.9375
2486552,-203.125,414.0625,875.0,-78.125,-789.0625,656.25,179.6875,-914.0625,406.25,421.875,-906.25,101.5625,382.8125,-859.375,343.75
2486552,-203.125,414.0625,875.0,-78.125,-789.0625,656.25,179.6875,-914.0625,406.25,421.875,-906.25,101.5625,382.8125,-859.375,343.75
2486560,-203.125,421.875,875.0,-70.3125,-796.875,656.25,164.0625,-921.875,421.875,429.6875,-906.25,109.375,390.625,-867.1875,343.75
2486560,-203.125,421.875,875.0,-70.3125,-796.875,656.25,164.0625,-921.875,421.875,429.6875,-906.25,109.375,390.625,-867.1875,343.75
2486705,-210.9375,421.875,882.8125,-78.125,-789.0625,656.25,164.0625,-921.875,406.25,421.875,-906.25,101.5625,375.0,-875.0,343.75
2486705,-210.9375,421.875,882.8125,-78.125,-789.0625,656.25,164.0625,-921.875,406.25,421.875,-906.25,101.5625,375.0,-875.0,343.75
2486705,-203.125,429.6875,882.8125,-85.9375,-789.0625,664.0625,171.875,-921.875,421.875,421.875,-914.0625,101.5625,375.0,-875.0,343.75
2486705,-203.125,429.6875,882.8125,-85.9375,-789.0625,664.0625,171.875,-921.875,421.875,421.875,-914.0625,101.5625,375.0,-875.0,343.75
2486713,-203.125,429.6875,882.8125,-85.9375,-789.0625,656.25,156.25,-914.0625,421.875,421.875,-906.25,109.375,382.8125,-867.1875,351.5625
2486713,-203.125,429.6875,882.8125,-85.9375,-789.0625,656.25,156.25,-914.0625,421.875,421.875,-906.25,109.375,382.8125,-867.1875,351.5625
2486722,-203.125,429.6875,882.8125,-85.9375,-781.25,656.25,164.0625,-921.875,421.875,414.0625,-898.4375,101.5625,375.0,-867.1875,351.5625
2486722,-203.125,429.6875,882.8125,-85.9375,-781.25,656.25,164.0625,-921.875,421.875,414.0625,-898.4375,101.5625,375.0,-867.1875,351.5625
2486867,-195.3125,523.4375,929.6875,-101.5625,-835.9375,718.75,132.8125,-914.0625,500.0,406.25,-835.9375,203.125,445.3125,-843.75,375.0
2486867,-195.3125,523.4375,929.6875,-101.5625,-835.9375,718.75,132.8125,-914.0625,500.0,406.25,-835.9375,203.125,445.3125,-843.75,375.0
2486867,-179.6875,484.375,937.5,-85.9375,-851.5625,718.75,179.6875,-1031.25,445.3125,515.625,-1023.4375,148.4375,437.5,-921.875,445.3125
2486867,-179.6875,484.375,937.5,-85.9375,-851.5625,718.75,179.6875,-1031.25,445.3125,515.625,-1023.4375,148.4375,437.5,-921.875,445.3125
2486875,-195.3125,437.5,937.5,-54.6875,-875.0,703.125,250.0,-1023.4375,492.1875,546.875,-1015.625,156.25,476.5625,-976.5625,492.1875
2486875,-195.3125,437.5,937.5,-54.6875,-875.0,703.125,250.0,-1023.4375,492.1875,546.875,-1015.625,156.25,476.5625,-976.5625,492.1875
2486883,-210.9375,406.25,906.25,-125.0,-921.875,726.5625,250.0,-1062.5,507.8125,562.5,-1062.5,171.875,429.6875,-984.375,484.375
2486883,-210.9375,406.25,906.25,-125.0,-921.875,726.5625,250.0,-1062.5,507.8125,562.5,-1062.5,171.875,429.6875,-984.375,484.375
2487028,-117.1875,851.5625,1203.125,171.875,-1117.1875,1156.25,460.9375,-1421.875,703.125,906.25,-1367.1875,226.5625,859.375,-1296.875,679.6875
2487028,-117.1875,851.5625,1203.125,171.875,-1117.1875,1156.25,460.9375,-1421.875,703.125,906.25,-1367.1875,226.5625,859.375,-1296.875,679.6875
2487028,-156.25,812.5,1203.125,140.625,-1156.25,1109.375,445.3125,-1421.875,695.3125,906.25,-1367.1875,234.375,835.9375,-1281.25,648.4375
2487028,-156.25,812.5,1203.125,140.625,-1156.25,1109.375,445.3125,-1421.875,695.3125,906.25,-1367.1875,234.375,835.9375,-1281.25,648.4375
2487036,-179.6875,757.8125,1187.5,109.375,-1125.0,1101.5625,429.6875,-1429.6875,703.125,875.0,-1382.8125,218.75,835.9375,-1289.0625,687.5
2487036,-179.6875,757.8125,1187.5,109.375,-1125.0,1101.5625,429.6875,-1429.6875,703.125,875.0,-1382.8125,218.75,835.9375,-1289.0625,687.5
2487044,-210.9375,710.9375,1187.5,85.9375,-1109.375,1101.5625,406.25,-1414.0625,710.9375,875.0,-1406.25,242.1875,828.125,-1320.3125,734.375
2487044,-210.9375,710.9375,1187.5,85.9375,-1109.375,1101.5625,406.25,-1414.0625,710.9375,875.0,-1406.25,242.1875,828.125,-1320.3125,734.375
2487189,-367.1875,507.8125,781.25,-234.375,-992.1875,492.1875,-125.0,-1226.5625,78.125,234.375,-1132.8125,-296.875,156.25,-1257.8125,-109.375
2487189,-367.1875,507.8125,781.25,-234.375,-992.1875,492.1875,-125.0,-1226.5625,78.125,234.375,-1132.8125,-296.875,156.25,-1257.8125,-109.375
2487189,-460.9375,492.1875,710.9375,-195.3125,-906.25,500.0,-117.1875,-1156.25,93.75,218.75,-1062.5,-304.6875,109.375,-1195.3125,-210.9375
2487189,-460.9375,492.1875,710.9375,-195.3125,-906.25,500.0,-117.1875,-1156.25,93.75,218.75,-1062.5,-304.6875,109.375,-1195.3125,-210.9375
2487197,-492.1875,437.5,632.8125,-187.5,-843.75,484.375,-109.375,-1101.5625,78.125,164.0625,-929.6875,-343.75,39.0625,-1117.1875,-320.3125
2487197,-492.1875,437.5,632.8125,-187.5,-843.75,484.375,-109.375,-1101.5625,78.125,164.0625,-929.6875,-343.75,39.0625,-1117.1875,-320.3125
2487205,-484.375,382.8125,585.9375,-179.6875,-789.0625,476.5625,-78.125,-984.375,78.125,93.75,-796.875,-359.375,0.0,-1007.8125,-429.6875
2487205,-484.375,382.8125,585.9375,-179.6875,-789.0625,476.5625,-78.125,-984.375,78.125,93.75,-796.875,-359.375,0.0,-1007.8125,-429.6875
2487350,-460.9375,367.1875,-351.5625,-398.4375,414.0625,125.0,-289.0625,304.6875,273.4375,-351.5625,54.6875,281.25,-328.125,93.75,148.4375
2487350,-460.9375,367.1875,-351.5625,-398.4375,414.0625,125.0,-289.0625,304.6875,273.4375,-351.5625,54.6875,281.25,-328.125,93.75,148.4375
2487350,-476.5625,382.8125,-359.375,-398.4375,421.875,140.625,-257.8125,304.6875,335.9375,-343.75,85.9375,320.3125,-335.9375,101.5625,148.4375
2487350,-476.5625,382.8125,-359.375,-398.4375,421.875,140.625,-257.8125,304.6875,335.9375,-343.75,85.9375,320.3125,-335.9375,101.5625,148.4375
2487358,-476.5625,390.625,-375.0,-390.625,453.125,187.5,-226.5625,289.0625,398.4375,-328.125,85.9375,367.1875,-351.5625,125.0,140.625
2487358,-476.5625,390.625,-375.0,-390.625,453.125,187.5,-226.5625,289.0625,398.4375,-328.125,85.9375,367.1875,-351.5625,125.0,140.625
2487366,-460.9375,382.8125,-382.8125,-367.1875,468.75,187.5,-187.5,304.6875,453.125,-296.875,101.5625,429.6875,-351.5625,140.625,140.625
2487366,-460.9375,382.8125,-382.8125,-367.1875,468.75,187.5,-187.5,304.6875,453.125,-296.875,101.5625,429.6875,-351.5625,140.625,140.625
2487511,-703.125,335.9375,-562.5,-734.375,593.75,117.1875,-875.0,429.6875,273.4375,-953.125,0.0,390.625,-843.75,-31.25,398.4375
2487511,-703.125,335.9375,-562.5,-734.375,593.75,117.1875,-875.0,429.6875,273.4375,-953.125,0.0,390.625,-843.75,-31.25,398.4375
2487511,-710.9375,367.1875,-585.9375,-765.625,648.4375,101.5625,-859.375,453.125,250.0,-867.1875,62.5,398.4375,-851.5625,-7.8125,351.5625
2487511,-710.9375,367.1875,-585.9375,-765.625,648.4375,101.5625,-859.375,453.125,250.0,-867.1875,62.5,398.4375,-851.5625,-7.8125,351.5625
2487520,-781.25,476.5625,-664.0625,-750.0,671.875,85.9375,-843.75,453.125,265.625,-867.1875,78.125,421.875,-843.75,23.4375,351.5625
2487520,-781.25,476.5625,-664.0625,-750.0,671.875,85.9375,-843.75,453.125,265.625,-867.1875,78.125,421.875,-843.75,23.4375,351.5625
2487527,-718.75,742.1875,-843.75,-734.375,703.125,85.9375,-851.5625,500.0,265.625,-882.8125,70.3125,445.3125,-820.3125,54.6875,390.625
2487527,-718.75,742.1875,-843.75,-734.375,703.125,85.9375,-851.5625,500.0,265.625,-882.8125,70.3125,445.3125,-820.3125,54.6875,390.625
2487673,-742.1875,476.5625,-523.4375,-859.375,539.0625,54.6875,-921.875,320.3125,234.375,-953.125,-109.375,398.4375,-906.25,15.625,406.25
2487673,-742.1875,476.5625,-523.4375,-859.375,539.0625,54.6875,-921.875,320.3125,234.375,-953.125,-109.375,398.4375,-906.25,15.625,406.25
2487673,-750.0,476.5625,-523.4375,-835.9375,601.5625,78.125,-898.4375,414.0625,265.625,-960.9375,-54.6875,421.875,-898.4375,46.875,421.875
2487673,-750.0,476.5625,-523.4375,-835.9375,601.5625,78.125,-898.4375,414.0625,265.625,-960.9375,-54.6875,421.875,-898.4375,46.875,421.875
2487681,-757.8125,484.375,-539.0625,-820.3125,640.625,70.3125,-875.0,453.125,296.875,-937.5,0.0,453.125,-875.0,85.9375,414.0625
2487681,-757.8125,484.375,-539.0625,-820.3125,640.625,70.3125,-875.0,453.125,296.875,-937.5,0.0,453.125,-875.0,85.9375,414.0625
2487689,-750.0,468.75,-531.25,-828.125,656.25,93.75,-828.125,484.375,312.5,-914.0625,31.25,476.5625,-875.0,132.8125,406.25
2487689,-750.0,468.75,-531.25,-828.125,656.25,93.75,-828.125,484.375,312.5,-914.0625,31.25,476.5625,-875.0,132.8125,406.25
2487713,-742.1875,460.9375,-515.625,-828.125,695.3125,78.125,-835.9375,531.25,304.6875,-906.25,70.3125,484.375,-921.875,195.3125,312.5
2487713,-742.1875,460.9375,-515.625,-828.125,695.3125,78.125,-835.9375,531.25,304.6875,-906.25,70.3125,484.375,-921.875,195.3125,312.5
2487713,-742.1875,476.5625,-500.0,-820.3125,718.75,85.9375,-898.4375,546.875,257.8125,-937.5,78.125,453.125,-960.9375,156.25,289.0625
2487713,-742.1875,476.5625,-500.0,-820.3125,718.75,85.9375,-898.4375,546.875,257.8125,-937.5,78.125,453.125,-960.9375,156.25,289.0625
2487721,-742.1875,476.5625,-500.0,-843.75,718.75,70.3125,-921.875,554.6875,226.5625,-1000.0,85.9375,390.625,-976.5625,109.375,273.4375
2487721,-742.1875,476.5625,-500.0,-843.75,718.75,70.3125,-921.875,554.6875,226.5625,-1000.0,85.9375,390.625,-976.5625,109.375,273.4375
2487729,-750.0,476.5625,-507.8125,-820.3125,734.375,85.9375,-929.6875,601.5625,203.125,-1039.0625,125.0,335.9375,-1000.0,70.3125,234.375
2487729,-750.0,476.5625,-507.8125,-820.3125,734.375,85.9375,-929.6875,601.5625,203.125,-1039.0625,125.0,335.9375,-1000.0,70.3125,234.375
2487793,-726.5625,429.6875,-546.875,-898.4375,429.6875,-23.4375,-992.1875,265.625,195.3125,-640.625,-109.375,335.9375,-960.9375,-31.25,187.5
2487793,-726.5625,429.6875,-546.875,-898.4375,429.6875,-23.4375,-992.1875,265.625,195.3125,-640.625,-109.375,335.9375,-960.9375,-31.25,187.5
2487794,-726.5625,421.875,-546.875,-882.8125,453.125,-7.8125,-1000.0,273.4375,195.3125,-789.0625,-101.5625,218.75,-960.9375,-85.9375,140.625
2487794,-726.5625,421.875,-546.875,-882.8125,453.125,-7.8125,-1000.0,273.4375,195.3125,-789.0625,-101.5625,218.75,-960.9375,-85.9375,140.625
2487802,-734.375,421.875,-554.6875,-851.5625,460.9375,7.8125,-882.8125,320.3125,203.125,-1062.5,-109.375,46.875,-1007.8125,-148.4375,117.1875
2487802,-734.375,421.875,-554.6875,-851.5625,460.9375,7.8125,-882.8125,320.3125,203.125,-1062.5,-109.375,46.875,-1007.8125,-148.4375,117.1875
2487810,-726.5625,414.0625,-554.6875,-851.5625,445.3125,78.125,-781.25,304.6875,218.75,-1429.6875,-117.1875,-148.4375,-1007.8125,-226.5625,101.5625
2487810,-726.5625,414.0625,-554.6875,-851.5625,445.3125,78.125,-781.25,304.6875,218.75,-1429.6875,-117.1875,-148.4375,-1007.8125,-226.5625,101.5625
2487956,-750.0,398.4375,-531.25,-1023.4375,414.0625,-148.4375,-1039.0625,242.1875,46.875,-1093.75,0.0,140.625,-1070.3125,-15.625,132.8125
2487956,-750.0,398.4375,-531.25,-1023.4375,414.0625,-148.4375,-1039.0625,242.1875,46.875,-1093.75,0.0,140.625,-1070.3125,-15.625,132.8125
2487956,-757.8125,398.4375,-523.4375,-1015.625,414.0625,-156.25,-1023.4375,203.125,62.5,-1148.4375,-39.0625,164.0625,-1046.875,-15.625,156.25
2487956,-757.8125,398.4375,-523.4375,-1015.625,414.0625,-156.25,-1023.4375,203.125,62.5,-1148.4375,-39.0625,164.0625,-1046.875,-15.625,156.25
2487964,-757.8125,390.625,-546.875,-1000.0,406.25,-140.625,-1101.5625,210.9375,31.25,-1148.4375,-46.875,148.4375,-1015.625,-23.4375,203.125
2487964,-757.8125,390.625,-546.875,-1000.0,406.25,-140.625,-1101.5625,210.9375,31.25,-1148.4375,-46.875,148.4375,-1015.625,-23.4375,203.125
2487972,-750.0,367.1875,-554.6875,-984.375,406.25,-109.375,-1117.1875,210.9375,7.8125,-1171.875,-46.875,132.8125,-953.125,-31.25,265.625
2487972,-750.0,367.1875,-554.6875,-984.375,406.25,-109.375,-1117.1875,210.9375,7.8125,-1171.875,-46.875,132.8125,-953.125,-31.25,265.625
2488117,-843.75,328.125,-507.8125,-484.375,445.3125,945.3125,-164.0625,85.9375,1234.375,-265.625,-265.625,1132.8125,-710.9375,-62.5,921.875
2488117,-843.75,328.125,-507.8125,-484.375,445.3125,945.3125,-164.0625,85.9375,1234.375,-265.625,-265.625,1132.8125,-710.9375,-62.5,921.875
2488117,-851.5625,343.75,-507.8125,-460.9375,507.8125,945.3125,-93.75,101.5625,1234.375,-296.875,-242.1875,1125.0,-726.5625,7.8125,859.375
2488117,-851.5625,343.75,-507.8125,-460.9375,507.8125,945.3125,-93.75,101.5625,1234.375,-296.875,-242.1875,1125.0,-726.5625,7.8125,859.375
2488125,-882.8125,390.625,-515.625,-453.125,570.3125,1007.8125,-70.3125,179.6875,1312.5,-218.75,-164.0625,1171.875,-671.875,62.5,867.1875
2488125,-882.8125,390.625,-515.625,-453.125,570.3125,1007.8125,-70.3125,179.6875,1312.5,-218.75,-164.0625,1171.875,-671.875,62.5,867.1875
2488133,-875.0,398.4375,-507.8125,-492.1875,585.9375,1031.25,46.875,148.4375,1453.125,-195.3125,-101.5625,1210.9375,-664.0625,101.5625,867.1875
2488133,-875.0,398.4375,-507.8125,-492.1875,585.9375,1031.25,46.875,148.4375,1453.125,-195.3125,-101.5625,1210.9375,-664.0625,101.5625,867.1875
2488278,-765.625,414.0625,-421.875,-828.125,78.125,-78.125,-1320.3125,-78.125,-343.75,-703.125,-390.625,382.8125,-679.6875,-281.25,656.25
2488278,-765.625,414.0625,-421.875,-828.125,78.125,-78.125,-1320.3125,-78.125,-343.75,-703.125,-390.625,382.8125,-679.6875,-281.25,656.25
2488278,-796.875,382.8125,-421.875,-945.3125,-7.8125,-187.5,-1273.4375,-15.625,-351.5625,-726.5625,-382.8125,429.6875,-703.125,-281.25,687.5
2488278,-796.875,382.8125,-421.875,-945.3125,-7.8125,-187.5,-1273.4375,-15.625,-351.5625,-726.5625,-382.8125,429.6875,-703.125,-281.25,687.5
2488286,-796.875,429.6875,-445.3125,-1054.6875,-117.1875,-429.6875,-1156.25,-39.0625,-335.9375,-796.875,-359.375,351.5625,-789.0625,-312.5,648.4375
2488286,-796.875,429.6875,-445.3125,-1054.6875,-117.1875,-429.6875,-1156.25,-39.0625,-335.9375,-796.875,-359.375,351.5625,-789.0625,-312.5,648.4375
2488294,-781.25,414.0625,-460.9375,-976.5625,-109.375,-601.5625,-1031.25,-39.0625,-335.9375,-921.875,-273.4375,367.1875,-945.3125,-70.3125,484.375
2488294,-781.25,414.0625,-460.9375,-976.5625,-109.375,-601.5625,-1031.25,-39.0625,-335.9375,-921.875,-273.4375,367.1875,-945.3125,-70.3125,484.375
