2521427,-43.75,-13.125,-70.0
2521427,-43.75,-13.125,-70.0
2521437,-43.75,-21.875,-56.875
2521437,-43.75,-21.875,-56.875
2521588,-26.25,-56.875,-17.5
2521588,-26.25,-56.875,-17.5
2521598,-21.875,-65.625,-48.125
2521598,-21.875,-65.625,-48.125
2521750,4.375,-21.875,-61.25
2521750,4.375,-21.875,-61.25
2521760,-13.125,-26.25,-30.625
2521760,-13.125,-26.25,-30.625
2521911,-52.5,-35.0,-8.75
2521911,-52.5,-35.0,-8.75
2521921,-8.75,8.75,-21.875
2521921,-8.75,8.75,-21.875
2521992,-175.0,39.375,-26.25
2521992,-175.0,39.375,-26.25
2522002,-249.375,100.625,56.875
2522002,-249.375,100.625,56.875
2522153,-13.125,-13.125,-52.5
2522153,-13.125,-13.125,-52.5
2522163,13.125,-4.375,-56.875
2522163,13.125,-4.375,-56.875
2522315,43.75,39.375,-65.625
2522315,43.75,39.375,-65.625
2522325,52.5,56.875,-105.0
2522325,52.5,56.875,-105.0
2522476,8.75,-30.625,4.375
2522476,8.75,-30.625,4.375
2522486,-13.125,-13.125,-8.75
2522486,-13.125,-13.125,-8.75
2522638,65.625,8.75,-65.625
2522638,65.625,8.75,-65.625
2522648,100.625,39.375,-78.75
2522648,100.625,39.375,-78.75
2522820,4.375,61.25,61.25
2522820,4.375,61.25,61.25
2522830,-4.375,74.375,78.75
2522830,-4.375,74.375,78.75
2523041,91.875,4.375,616.875
2523041,91.875,4.375,616.875
2523052,161.875,-8.75,756.875
2523052,161.875,-8.75,756.875
2523203,-1316.875,-656.25,2279.375
2523203,-1316.875,-656.25,2279.375
2523213,-1653.75,-708.75,1093.75
2523213,-1653.75,-708.75,1093.75
2523364,-15535.625,-5149.375,-3740.625
2523364,-15535.625,-5149.375,-3740.625
2523375,-16813.125,-5534.375,-3928.75
2523375,-16813.125,-5534.375,-3928.75
2523526,-16708.125,-12302.5,-6545.0
2523526,-16708.125,-12302.5,-6545.0
2523536,-15356.25,-12565.0,-6886.25
2523536,-15356.25,-12565.0,-6886.25
2523687,-5468.75,-9100.0,376.25
2523687,-5468.75,-9100.0,376.25
2523698,-4462.5,-8601.25,118.125
2523698,-4462.5,-8601.25,118.125
2524333,2388.75,-1325.625,-861.875
2524333,2388.75,-1325.625,-861.875
2524344,3285.625,-1741.25,-205.625
2524344,3285.625,-1741.25,-205.625
2524485,-3893.75,4453.75,2314.375
2524485,-3893.75,4453.75,2314.375
2524495,2852.5,2730.0,595.0
2524495,2852.5,2730.0,595.0
2524646,-756.875,-2043.125,-551.25
2524646,-756.875,-2043.125,-551.25
2524656,-393.75,-3220.0,-48.125
2524656,-393.75,-3220.0,-48.125
2524808,363.125,-113.75,-700.0
2524808,363.125,-113.75,-700.0
2524818,-555.625,-70.0,-660.625
2524818,-555.625,-70.0,-660.625
