2477835,494.375,612.5,1995.0
2477835,494.375,612.5,1995.0
2477845,271.25,555.625,1391.25
2477845,271.25,555.625,1391.25
2477855,-153.125,494.375,892.5
2477855,-153.125,494.375,892.5
2477866,-371.875,341.25,358.75
2477866,-371.875,341.25,358.75
2477876,-341.25,179.375,297.5
2477876,-341.25,179.375,297.5
2477886,52.5,118.125,485.625
2477886,52.5,118.125,485.625
2477896,455.0,21.875,485.625
2477896,455.0,21.875,485.625
2477906,415.625,-30.625,192.5
2477906,415.625,-30.625,192.5
2477917,39.375,-96.25,-8.75
2477917,39.375,-96.25,-8.75
2477928,-717.5,135.625,-345.625
2477928,-717.5,135.625,-345.625
2477938,-1522.5,481.25,-406.875
2477938,-1522.5,481.25,-406.875
2477948,-2047.5,875.0,122.5
2477948,-2047.5,875.0,122.5
2477958,-1955.625,1251.25,1207.5
2477958,-1955.625,1251.25,1207.5
2477969,-1343.125,1758.75,2480.625
2477969,-1343.125,1758.75,2480.625
2477979,210.0,2082.5,3329.375
2477979,210.0,2082.5,3329.375
2477990,1579.375,3005.625,4440.625
2477990,1579.375,3005.625,4440.625
2478000,1338.75,4414.375,6098.75
2478000,1338.75,4414.375,6098.75
2478010,2830.625,5516.875,9883.125
2478010,2830.625,5516.875,9883.125
2478021,4458.125,7774.375,15487.5
2478021,4458.125,7774.375,15487.5
2478031,5735.625,9813.125,21122.5
2478031,5735.625,9813.125,21122.5
2478041,4878.125,12565.0,24670.625
2478041,4878.125,12565.0,24670.625
2478051,-2305.625,14603.75,24023.125
2478051,-2305.625,14603.75,24023.125
2478062,-9905.0,13685.0,23104.375
2478062,-9905.0,13685.0,23104.375
2478072,-20168.75,10736.25,22544.375
2478072,-20168.75,10736.25,22544.375
2478082,-34164.375,11370.625,25729.375
2478082,-34164.375,11370.625,25729.375
2478093,-31587.5,15365.0,15981.875
2478093,-31587.5,15365.0,15981.875
2478103,-19530.0,9550.625,1251.25
2478103,-19530.0,9550.625,1251.25
2478114,4510.625,-15146.25,-29308.125
2478114,4510.625,-15146.25,-29308.125
2478124,-1036.875,-7205.625,-21621.25
2478124,-1036.875,-7205.625,-21621.25
2478134,-2450.0,5411.875,-6081.25
2478134,-2450.0,5411.875,-6081.25
2478144,9375.625,1238.125,-7113.75
2478144,9375.625,1238.125,-7113.75
2478155,13181.875,3093.125,-2030.0
2478155,13181.875,3093.125,-2030.0
2478165,13965.0,4073.125,888.125
2478165,13965.0,4073.125,888.125
2478175,13851.25,4729.375,3622.5
2478175,13851.25,4729.375,3622.5
2478185,13085.625,5604.375,5495.0
2478185,13085.625,5604.375,5495.0
2478196,11576.25,6658.75,6286.875
2478196,11576.25,6658.75,6286.875
2478206,12613.125,8496.25,8610.0
2478206,12613.125,8496.25,8610.0
2478217,15378.125,12149.375,10491.25
2478217,15378.125,12149.375,10491.25
2478227,18103.75,11996.25,8929.375
2478227,18103.75,11996.25,8929.375
2478237,19823.125,13094.375,8063.125
2478237,19823.125,13094.375,8063.125
2478247,20855.625,13435.625,7135.625
2478247,20855.625,13435.625,7135.625
2478258,22277.5,12333.125,6155.625
2478258,22277.5,12333.125,6155.625
2478268,22058.75,11147.5,5293.75
2478268,22058.75,11147.5,5293.75
2478279,22150.625,10867.5,5285.0
2478279,22150.625,10867.5,5285.0
2478289,21691.25,11668.125,3364.375
2478289,21691.25,11668.125,3364.375
2478299,21971.25,12188.75,2598.75
2478299,21971.25,12188.75,2598.75
2478309,23393.125,10014.375,2200.625
2478309,23393.125,10014.375,2200.625
2478320,22382.5,9511.25,1583.75
2478320,22382.5,9511.25,1583.75
2478330,17788.75,11147.5,1242.5
2478330,17788.75,11147.5,1242.5
2478340,15815.625,9843.75,1290.625
2478340,15815.625,9843.75,1290.625
2478351,14463.75,8780.625,1925.0
2478351,14463.75,8780.625,1925.0
2478361,13890.625,8032.5,2520.0
2478361,13890.625,8032.5,2520.0
2478371,14367.5,6457.5,2668.75
2478371,14367.5,6457.5,2668.75
2478382,13055.0,7205.625,2800.0
2478382,13055.0,7205.625,2800.0
2478392,11313.75,7608.125,3491.25
2478392,11313.75,7608.125,3491.25
2478402,9226.875,7441.875,3731.875
2478402,9226.875,7441.875,3731.875
2478413,10692.5,7336.875,4011.875
2478413,10692.5,7336.875,4011.875
2478423,11462.5,7700.0,3561.25
2478423,11462.5,7700.0,3561.25
2478433,10040.625,7070.0,3119.375
2478433,10040.625,7070.0,3119.375
2478443,7717.5,6868.75,2581.25
2478443,7717.5,6868.75,2581.25
2478454,-1859.375,8141.875,-140.0
2478454,-1859.375,8141.875,-140.0
2478464,-118.125,7100.625,1251.25
2478464,-118.125,7100.625,1251.25
2478475,3626.875,6190.625,2222.5
2478475,3626.875,6190.625,2222.5
2478485,-783.125,6282.5,1540.0
2478485,-783.125,6282.5,1540.0
2478495,-988.75,5985.0,1386.875
2478495,-988.75,5985.0,1386.875
2478506,656.25,5901.875,1876.875
2478506,656.25,5901.875,1876.875
2478516,800.625,5783.75,1920.625
2478516,800.625,5783.75,1920.625
2478526,-5407.5,6181.875,-1732.5
2478526,-5407.5,6181.875,-1732.5
2478536,-1710.625,5621.875,-503.125
2478536,-1710.625,5621.875,-503.125
2478546,-1452.5,5591.25,1299.375
2478546,-1452.5,5591.25,1299.375
2478557,-6094.375,5919.375,630.0
2478557,-6094.375,5919.375,630.0
2478567,-6947.5,5372.5,-166.25
2478567,-6947.5,5372.5,-166.25
2478578,-6370.0,4895.625,-153.125
2478578,-6370.0,4895.625,-153.125
2478588,-6825.0,4370.625,-791.875
2478588,-6825.0,4370.625,-791.875
2478598,-11781.875,3959.375,-4431.875
2478598,-11781.875,3959.375,-4431.875
2478608,-3031.875,4125.625,-861.875
2478608,-3031.875,4125.625,-861.875
2478619,-1688.75,4453.75,1032.5
2478619,-1688.75,4453.75,1032.5
2478630,-3430.0,4510.625,1246.875
2478630,-3430.0,4510.625,1246.875
2478640,-3373.125,4856.25,1693.125
2478640,-3373.125,4856.25,1693.125
2478650,-2340.625,4598.125,1728.125
2478650,-2340.625,4598.125,1728.125
2478660,-1719.375,4418.75,1828.75
2478660,-1719.375,4418.75,1828.75
2478671,-1719.375,4195.625,1675.625
2478671,-1719.375,4195.625,1675.625
2478681,-1675.625,4011.875,1579.375
2478681,-1675.625,4011.875,1579.375
2478691,-2244.375,3845.625,1645.0
2478691,-2244.375,3845.625,1645.0
2478702,-2104.375,3679.375,2270.625
2478702,-2104.375,3679.375,2270.625
2478712,-1605.625,3880.625,3613.75
2478712,-1605.625,3880.625,3613.75
2478722,-1211.875,3985.625,5429.375
2478722,-1211.875,3985.625,5429.375
2478732,-441.875,4038.125,7021.875
2478732,-441.875,4038.125,7021.875
2478743,459.375,3714.375,7424.375
2478743,459.375,3714.375,7424.375
2478753,608.125,3167.5,6667.5
2478753,608.125,3167.5,6667.5
2478763,463.75,2502.5,5547.5
2478763,463.75,2502.5,5547.5
2478773,853.125,2086.875,5236.875
2478773,853.125,2086.875,5236.875
2478784,1268.75,1666.875,4751.25
2478784,1268.75,1666.875,4751.25
2478794,1483.125,1211.875,3854.375
2478794,1483.125,1211.875,3854.375
2478805,-1732.5,1050.0,2861.25
2478805,-1732.5,1050.0,2861.25
2478815,-2463.125,761.25,4851.875
2478815,-2463.125,761.25,4851.875
2478826,-367.5,691.25,5477.5
2478826,-367.5,691.25,5477.5
2478836,-8.75,669.375,4536.875
2478836,-8.75,669.375,4536.875
2478846,183.75,-39.375,3911.25
2478846,183.75,-39.375,3911.25
2478856,-30.625,-284.375,3141.25
2478856,-30.625,-284.375,3141.25
2478866,210.0,-411.25,2283.75
2478866,210.0,-411.25,2283.75
2478877,441.875,-822.5,1526.875
2478877,441.875,-822.5,1526.875
2478887,118.125,-923.125,1645.0
2478887,118.125,-923.125,1645.0
2478898,-533.75,-997.5,2012.5
2478898,-533.75,-997.5,2012.5
2478908,275.625,-1185.625,1833.125
2478908,275.625,-1185.625,1833.125
2478918,805.0,-1321.25,1710.625
2478918,805.0,-1321.25,1710.625
2478928,700.0,-1382.5,1443.75
2478928,700.0,-1382.5,1443.75
2478939,231.875,-1373.75,1176.875
2478939,231.875,-1373.75,1176.875
2478949,-931.875,-1378.125,1058.75
2478949,-931.875,-1378.125,1058.75
2478959,-1509.375,-1365.0,1369.375
2478959,-1509.375,-1365.0,1369.375
2478970,-1535.625,-1172.5,1855.0
2478970,-1535.625,-1172.5,1855.0
2478981,-831.25,-1163.75,2016.875
2478981,-831.25,-1163.75,2016.875
2478990,-275.625,-1321.25,1903.125
2478990,-275.625,-1321.25,1903.125
2479000,148.75,-1417.5,1303.75
2479000,148.75,-1417.5,1303.75
2479011,1137.5,-1321.25,1163.75
2479011,1137.5,-1321.25,1163.75
2479021,1452.5,-1343.125,1316.875
2479021,1452.5,-1343.125,1316.875
2479032,730.625,-1251.25,1680.0
2479032,730.625,-1251.25,1680.0
2479042,-472.5,-1120.0,1645.0
2479042,-472.5,-1120.0,1645.0
2479051,-1321.25,-1631.875,-52.5
2479051,-1321.25,-1631.875,-52.5
2479062,-1439.375,-1649.375,-507.5
2479062,-1439.375,-1649.375,-507.5
2479073,-1474.375,-1601.25,-1045.625
2479073,-1474.375,-1601.25,-1045.625
2479083,-1176.875,-1321.25,-1439.375
2479083,-1176.875,-1321.25,-1439.375
2479094,-1351.875,-1194.375,-1610.0
2479094,-1351.875,-1194.375,-1610.0
2479104,-1500.625,-1115.625,-2108.75
2479104,-1500.625,-1115.625,-2108.75
2479114,-1207.5,-861.875,-2113.125
2479114,-1207.5,-861.875,-2113.125
2479125,-490.0,-393.75,-1356.25
2479125,-490.0,-393.75,-1356.25
2479135,293.125,118.125,-74.375
2479135,293.125,118.125,-74.375
2479145,704.375,573.125,1592.5
2479145,704.375,573.125,1592.5
2479155,853.125,901.25,3167.5
2479155,853.125,901.25,3167.5
2479166,638.75,966.875,3850.0
2479166,638.75,966.875,3850.0
2479176,-105.0,647.5,3574.375
2479176,-105.0,647.5,3574.375
2479186,-1146.25,389.375,2861.25
2479186,-1146.25,389.375,2861.25
2479197,-1666.875,144.375,1789.375
2479197,-1666.875,144.375,1789.375
2479208,-1522.5,-201.25,603.75
2479208,-1522.5,-201.25,603.75
2479217,-1526.875,-673.75,-844.375
2479217,-1526.875,-673.75,-844.375
2479228,-1540.0,-1190.0,-2156.875
2479228,-1540.0,-1190.0,-2156.875
2479238,-1833.125,-1303.75,-3180.625
2479238,-1833.125,-1303.75,-3180.625
2479248,-2502.5,-1456.875,-3731.875
2479248,-2502.5,-1456.875,-3731.875
2479259,-2843.75,-1281.875,-3780.0
2479259,-2843.75,-1281.875,-3780.0
2479269,-2642.5,-1281.875,-3141.25
2479269,-2642.5,-1281.875,-3141.25
2479279,-2034.375,-1207.5,-1981.875
2479279,-2034.375,-1207.5,-1981.875
2479290,-1356.25,-1010.625,-507.5
2479290,-1356.25,-1010.625,-507.5
2479300,-621.25,-831.25,599.375
2479300,-621.25,-831.25,599.375
2479310,-288.75,-643.125,1413.125
2479310,-288.75,-643.125,1413.125
2479321,-691.25,-516.25,2095.625
2479321,-691.25,-516.25,2095.625
2479331,-1194.375,-608.125,1955.625
2479331,-1194.375,-608.125,1955.625
2479341,-2537.5,-1268.75,494.375
2479341,-2537.5,-1268.75,494.375
2479351,-4221.875,-1868.125,-1548.75
2479351,-4221.875,-1868.125,-1548.75
2479362,-5110.0,-2183.125,-3972.5
2479362,-5110.0,-2183.125,-3972.5
2479372,-5083.75,-2047.5,-5376.875
2479372,-5083.75,-2047.5,-5376.875
2479382,-4821.25,-1920.625,-5985.0
2479382,-4821.25,-1920.625,-5985.0
2479393,-4462.5,-1898.75,-6234.375
2479393,-4462.5,-1898.75,-6234.375
2479402,-3928.75,-1544.375,-5932.5
2479402,-3928.75,-1544.375,-5932.5
2479413,-3040.625,-1155.0,-4983.125
2479413,-3040.625,-1155.0,-4983.125
2479424,-1990.625,-796.25,-3316.25
2479424,-1990.625,-796.25,-3316.25
2479434,-1771.875,-78.75,-796.25
2479434,-1771.875,-78.75,-796.25
2479444,-1741.25,315.0,1561.875
2479444,-1741.25,315.0,1561.875
2479455,-1225.0,196.875,2900.625
2479455,-1225.0,196.875,2900.625
2479465,-879.375,-17.5,3535.0
2479465,-879.375,-17.5,3535.0
2479475,-1277.5,-126.875,3451.875
2479475,-1277.5,-126.875,3451.875
2479486,-2524.375,-555.625,2051.875
2479486,-2524.375,-555.625,2051.875
2479496,-3465.0,-1290.625,4.375
2479496,-3465.0,-1290.625,4.375
2479506,-3526.25,-1815.625,-2003.75
2479506,-3526.25,-1815.625,-2003.75
2479517,-3745.0,-2008.125,-3727.5
2479517,-3745.0,-2008.125,-3727.5
2479527,-4051.25,-1898.75,-4764.375
2479527,-4051.25,-1898.75,-4764.375
2479537,-4182.5,-1750.0,-4816.875
2479537,-4182.5,-1750.0,-4816.875
2479547,-3959.375,-1435.0,-4125.625
2479547,-3959.375,-1435.0,-4125.625
2479558,-3084.375,-1242.5,-2677.5
2479558,-3084.375,-1242.5,-2677.5
2479568,-1995.0,-791.875,-980.0
2479568,-1995.0,-791.875,-980.0
2479578,-726.25,-581.875,-140.0
2479578,-726.25,-581.875,-140.0
2479589,328.125,-463.75,551.25
2479589,328.125,-463.75,551.25
2479599,332.5,-516.25,420.0
2479599,332.5,-516.25,420.0
2479609,-774.375,-848.75,-363.125
2479609,-774.375,-848.75,-363.125
2479620,-1281.875,-1063.125,-1176.875
2479620,-1281.875,-1063.125,-1176.875
2479630,-1255.625,-1338.75,-2043.125
2479630,-1255.625,-1338.75,-2043.125
2479640,-1964.375,-1439.375,-2629.375
2479640,-1964.375,-1439.375,-2629.375
2479651,-2095.625,-1588.125,-3027.5
2479651,-2095.625,-1588.125,-3027.5
2479661,-2253.125,-1588.125,-3158.75
2479661,-2253.125,-1588.125,-3158.75
2479671,-2769.375,-1658.125,-3158.75
2479671,-2769.375,-1658.125,-3158.75
2479682,-2878.75,-1666.875,-3036.25
2479682,-2878.75,-1666.875,-3036.25
2479692,-2944.375,-1798.125,-2848.125
2479692,-2944.375,-1798.125,-2848.125
2479702,-3045.0,-1715.0,-2498.125
2479702,-3045.0,-1715.0,-2498.125
2479713,-3088.75,-1802.5,-2458.75
2479713,-3088.75,-1802.5,-2458.75
2479723,-3368.75,-1793.75,-2406.25
2479723,-3368.75,-1793.75,-2406.25
2479733,-3294.375,-1833.125,-2384.375
2479733,-3294.375,-1833.125,-2384.375
2479744,-2983.75,-1758.75,-2205.0
2479744,-2983.75,-1758.75,-2205.0
2479754,-2463.125,-1841.875,-1798.125
2479754,-2463.125,-1841.875,-1798.125
2479764,-1470.0,-1995.0,-1404.375
2479764,-1470.0,-1995.0,-1404.375
2479774,-555.625,-1981.875,-1115.625
2479774,-555.625,-1981.875,-1115.625
2479785,-284.375,-1907.5,-831.25
2479785,-284.375,-1907.5,-831.25
2479795,-621.25,-1780.625,-525.0
2479795,-621.25,-1780.625,-525.0
2479805,-905.625,-1461.25,-371.875
2479805,-905.625,-1461.25,-371.875
2479816,-581.875,-1325.625,-455.0
2479816,-581.875,-1325.625,-455.0
2479826,-463.75,-1128.75,-595.0
2479826,-463.75,-1128.75,-595.0
2479837,-406.875,-1076.25,-726.25
2479837,-406.875,-1076.25,-726.25
2479847,-371.875,-966.875,-433.125
2479847,-371.875,-966.875,-433.125
2479857,13.125,-774.375,-446.25
2479857,13.125,-774.375,-446.25
2479867,310.625,-682.5,-262.5
2479867,310.625,-682.5,-262.5
2479878,621.25,-739.375,-236.25
2479878,621.25,-739.375,-236.25
2479888,905.625,-634.375,-148.75
2479888,905.625,-634.375,-148.75
2479898,1041.25,-713.125,26.25
2479898,1041.25,-713.125,26.25
2479909,840.0,-717.5,218.75
2479909,840.0,-717.5,218.75
2479919,555.625,-651.875,35.0
2479919,555.625,-651.875,35.0
2479929,358.75,-717.5,-350.0
2479929,358.75,-717.5,-350.0
2479939,345.625,-669.375,-638.75
2479939,345.625,-669.375,-638.75
2479950,122.5,-713.125,-813.75
2479950,122.5,-713.125,-813.75
2479960,21.875,-835.625,-826.875
2479960,21.875,-835.625,-826.875
2479970,-61.25,-831.25,-726.25
2479970,-61.25,-831.25,-726.25
2479981,-411.25,-844.375,-599.375
2479981,-411.25,-844.375,-599.375
2479991,-704.375,-704.375,-678.125
2479991,-704.375,-704.375,-678.125
2480001,-888.125,-826.875,-883.75
2480001,-888.125,-826.875,-883.75
2480011,-1058.75,-866.25,-936.25
2480011,-1058.75,-866.25,-936.25
2480022,-826.875,-861.875,-993.125
2480022,-826.875,-861.875,-993.125
2480033,-743.75,-988.75,-1168.125
2480033,-743.75,-988.75,-1168.125
2480043,-485.625,-1102.5,-1133.125
2480043,-485.625,-1102.5,-1133.125
2480053,-590.625,-1080.625,-936.25
2480053,-590.625,-1080.625,-936.25
2480064,-761.25,-1006.25,-1071.875
2480064,-761.25,-1006.25,-1071.875
2480074,-713.125,-1071.875,-1045.625
2480074,-713.125,-1071.875,-1045.625
2480084,-695.625,-1050.0,-721.875
2480084,-695.625,-1050.0,-721.875
2480095,-866.25,-739.375,-424.375
2480095,-866.25,-739.375,-424.375
2480105,-931.875,-796.25,-603.75
2480105,-931.875,-796.25,-603.75
2480115,-831.25,-761.25,-726.25
2480115,-831.25,-761.25,-726.25
2480125,-507.5,-835.625,-861.875
2480125,-507.5,-835.625,-861.875
2480136,-223.125,-748.125,-555.625
2480136,-223.125,-748.125,-555.625
2480146,205.625,-726.25,-411.25
2480146,205.625,-726.25,-411.25
2480156,691.25,-796.25,-476.875
2480156,691.25,-796.25,-476.875
2480167,787.5,-752.5,-166.25
2480167,787.5,-752.5,-166.25
2480177,118.125,-376.25,78.75
2480177,118.125,-376.25,78.75
2480188,-231.875,-218.75,-231.875
2480188,-231.875,-218.75,-231.875
2480197,-463.75,-227.5,-363.125
2480197,-463.75,-227.5,-363.125
2480208,-266.875,-183.75,-201.25
2480208,-266.875,-183.75,-201.25
2480218,411.25,-280.0,170.625
2480218,411.25,-280.0,170.625
2480229,984.375,-371.875,231.875
2480229,984.375,-371.875,231.875
2480239,1128.75,-297.5,109.375
2480239,1128.75,-297.5,109.375
2480249,748.125,-210.0,26.25
2480249,748.125,-210.0,26.25
2480260,472.5,-450.625,-17.5
2480260,472.5,-450.625,-17.5
2480270,175.0,-669.375,-122.5
2480270,175.0,-669.375,-122.5
2480280,-8.75,-516.25,-170.625
2480280,-8.75,-516.25,-170.625
2480290,-262.5,-490.0,-503.125
2480290,-262.5,-490.0,-503.125
2480301,-446.25,-717.5,-997.5
2480301,-446.25,-717.5,-997.5
2480311,293.125,-993.125,-1343.125
2480311,293.125,-993.125,-1343.125
2480321,61.25,-857.5,-870.625
2480321,61.25,-857.5,-870.625
2480332,-507.5,-826.875,-630.0
2480332,-507.5,-826.875,-630.0
2480342,-393.75,-783.125,-590.625
2480342,-393.75,-783.125,-590.625
2480352,-275.625,-704.375,-494.375
2480352,-275.625,-704.375,-494.375
2480363,144.375,-774.375,-577.5
2480363,144.375,-774.375,-577.5
2480373,-319.375,-945.0,-721.875
2480373,-319.375,-945.0,-721.875
2480384,-1290.625,-1098.125,-818.125
2480384,-1290.625,-1098.125,-818.125
2480394,-2047.5,-888.125,-866.25
2480394,-2047.5,-888.125,-866.25
2480404,-2130.625,-857.5,-695.625
2480404,-2130.625,-857.5,-695.625
2480414,-1426.25,-791.875,-328.125
2480414,-1426.25,-791.875,-328.125
2480425,-468.125,-695.625,-214.375
2480425,-468.125,-695.625,-214.375
2480435,472.5,-826.875,-393.75
2480435,472.5,-826.875,-393.75
2480445,791.875,-1006.25,-787.5
2480445,791.875,-1006.25,-787.5
2480455,385.0,-1010.625,-1036.875
2480455,385.0,-1010.625,-1036.875
2480466,109.375,-1028.125,-1693.125
2480466,109.375,-1028.125,-1693.125
2480476,-105.0,-1330.0,-2209.375
2480476,-105.0,-1330.0,-2209.375
2480486,-555.625,-1522.5,-2082.5
2480486,-555.625,-1522.5,-2082.5
2480497,-735.0,-1557.5,-1535.625
2480497,-735.0,-1557.5,-1535.625
2480506,-1032.5,-1653.75,-1185.625
2480506,-1032.5,-1653.75,-1185.625
2480517,-1828.75,-1443.75,-1181.25
2480517,-1828.75,-1443.75,-1181.25
2480527,-1863.75,-1461.25,-1561.875
2480527,-1863.75,-1461.25,-1561.875
2480538,-1303.75,-1391.25,-1505.0
2480538,-1303.75,-1391.25,-1505.0
2480548,-1058.75,-1426.25,-1268.75
2480548,-1058.75,-1426.25,-1268.75
2480559,-875.0,-1312.5,-1093.75
2480559,-875.0,-1312.5,-1093.75
2480569,-533.75,-1163.75,-735.0
2480569,-533.75,-1163.75,-735.0
2480580,-472.5,-888.125,-529.375
2480580,-472.5,-888.125,-529.375
2480590,-406.875,-612.5,-271.25
2480590,-406.875,-612.5,-271.25
2480600,-350.0,-643.125,74.375
2480600,-350.0,-643.125,74.375
2480610,-393.75,-717.5,118.125
2480610,-393.75,-717.5,118.125
2480621,450.625,-945.0,-218.75
2480621,450.625,-945.0,-218.75
2480631,529.375,-940.625,-525.0
2480631,529.375,-940.625,-525.0
2480641,91.875,-883.75,-643.125
2480641,91.875,-883.75,-643.125
2480651,-96.25,-927.5,-826.875
2480651,-96.25,-927.5,-826.875
2480662,-153.125,-717.5,-923.125
2480662,-153.125,-717.5,-923.125
2480672,4.375,-735.0,-651.875
2480672,4.375,-735.0,-651.875
2480682,262.5,-743.75,-245.0
2480682,262.5,-743.75,-245.0
2480693,516.25,-770.0,21.875
2480693,516.25,-770.0,21.875
2480703,695.625,-726.25,65.625
2480703,695.625,-726.25,65.625
2480712,892.5,-805.0,39.375
2480712,892.5,-805.0,39.375
2480724,787.5,-735.0,148.75
2480724,787.5,-735.0,148.75
2480735,949.375,-713.125,358.75
2480735,949.375,-713.125,358.75
2480744,1019.375,-660.625,301.875
2480744,1019.375,-660.625,301.875
2480754,1045.625,-630.0,319.375
2480754,1045.625,-630.0,319.375
2480765,1155.0,-560.0,463.75
2480765,1155.0,-560.0,463.75
2480776,1150.625,-660.625,424.375
2480776,1150.625,-660.625,424.375
2480786,971.25,-822.5,227.5
2480786,971.25,-822.5,227.5
2480796,485.625,-822.5,30.625
2480796,485.625,-822.5,30.625
2480806,284.375,-949.375,-205.625
2480806,284.375,-949.375,-205.625
2480817,70.0,-848.75,-389.375
2480817,70.0,-848.75,-389.375
2480827,52.5,-883.75,-415.625
2480827,52.5,-883.75,-415.625
2480837,245.0,-805.0,-306.25
2480837,245.0,-805.0,-306.25
2480848,280.0,-748.125,-280.0
2480848,280.0,-748.125,-280.0
2480858,245.0,-853.125,-288.75
2480858,245.0,-853.125,-288.75
2480868,227.5,-752.5,-227.5
2480868,227.5,-752.5,-227.5
2480878,17.5,-822.5,-363.125
2480878,17.5,-822.5,-363.125
2480889,-21.875,-936.25,-516.25
2480889,-21.875,-936.25,-516.25
2480899,-100.625,-870.625,-761.25
2480899,-100.625,-870.625,-761.25
2480909,96.25,-840.0,-826.875
2480909,96.25,-840.0,-826.875
