2372812,3648.75,-1500.625,4843.125
2372812,3648.75,-1500.625,4843.125
2372822,3259.375,-411.25,3478.125
2372822,3259.375,-411.25,3478.125
2372833,3530.625,-271.25,1736.875
2372833,3530.625,-271.25,1736.875
2372843,2681.875,-1758.75,367.5
2372843,2681.875,-1758.75,367.5
2372853,1741.25,-3316.25,-253.75
2372853,1741.25,-3316.25,-253.75
2372863,2209.375,-3171.875,-1155.0
2372863,2209.375,-3171.875,-1155.0
2372874,2375.625,-1207.5,-1089.375
2372874,2375.625,-1207.5,-1089.375
2372884,1509.375,148.75,-140.0
2372884,1509.375,148.75,-140.0
2372895,-8.75,875.0,866.25
2372895,-8.75,875.0,866.25
2372905,-1841.875,1505.0,1990.625
2372905,-1841.875,1505.0,1990.625
2372915,-3451.875,2030.0,2226.875
2372915,-3451.875,2030.0,2226.875
2372925,-4064.375,2108.75,2288.125
2372925,-4064.375,2108.75,2288.125
2372936,-3797.5,2244.375,2183.125
2372936,-3797.5,2244.375,2183.125
2372946,-3460.625,2961.875,1990.625
2372946,-3460.625,2961.875,1990.625
2372957,-3994.375,3303.125,1531.25
2372957,-3994.375,3303.125,1531.25
2372967,-4882.5,3390.625,1351.875
2372967,-4882.5,3390.625,1351.875
2372977,-5131.875,2874.375,-109.375
2372977,-5131.875,2874.375,-109.375
2372986,-5149.375,2143.75,-1942.5
2372986,-5149.375,2143.75,-1942.5
2372998,-4865.0,1802.5,-2480.625
2372998,-4865.0,1802.5,-2480.625
2373008,-4650.625,2310.0,-2323.125
2373008,-4650.625,2310.0,-2323.125
2373018,-4663.75,2795.625,-1513.75
2373018,-4663.75,2795.625,-1513.75
2373029,-4545.625,3088.75,-835.625
2373029,-4545.625,3088.75,-835.625
2373038,-3902.5,2961.875,-616.875
2373038,-3902.5,2961.875,-616.875
2373049,-3005.625,2559.375,-481.25
2373049,-3005.625,2559.375,-481.25
2373060,-2056.25,2305.625,-665.0
2373060,-2056.25,2305.625,-665.0
2373070,-1019.375,2183.125,-494.375
2373070,-1019.375,2183.125,-494.375
2373080,-446.25,2209.375,271.25
2373080,-446.25,2209.375,271.25
2373091,-201.25,1942.5,1041.25
2373091,-201.25,1942.5,1041.25
2373101,420.0,1592.5,1736.875
2373101,420.0,1592.5,1736.875
2373111,840.0,1421.875,2362.5
2373111,840.0,1421.875,2362.5
2373122,752.5,1351.875,3115.0
2373122,752.5,1351.875,3115.0
2373132,787.5,1373.75,3784.375
2373132,787.5,1373.75,3784.375
2373142,406.875,1701.875,4427.5
2373142,406.875,1701.875,4427.5
2373153,262.5,1802.5,4760.0
2373153,262.5,1802.5,4760.0
2373163,546.875,1500.625,4506.25
2373163,546.875,1500.625,4506.25
2373173,1093.75,940.625,3880.625
2373173,1093.75,940.625,3880.625
2373183,1990.625,441.875,3110.625
2373183,1990.625,441.875,3110.625
2373194,2016.875,385.0,3084.375
2373194,2016.875,385.0,3084.375
2373204,1478.75,551.25,3963.75
2373204,1478.75,551.25,3963.75
2373214,988.75,1015.0,5333.125
2373214,988.75,1015.0,5333.125
2373225,726.25,1500.625,6396.25
2373225,726.25,1500.625,6396.25
2373235,1159.375,1439.375,6685.0
2373235,1159.375,1439.375,6685.0
2373245,1789.375,1203.125,6527.5
2373245,1789.375,1203.125,6527.5
2373256,2533.125,818.125,6133.75
2373256,2533.125,818.125,6133.75
2373266,2852.5,721.875,5586.875
2373266,2852.5,721.875,5586.875
2373276,2240.0,704.375,5066.25
2373276,2240.0,704.375,5066.25
2373287,848.75,525.0,4060.0
2373287,848.75,525.0,4060.0
2373297,1089.375,-245.0,2353.75
2373297,1089.375,-245.0,2353.75
2373307,2961.875,-520.625,2065.0
2373307,2961.875,-520.625,2065.0
2373318,4038.125,-157.5,2611.875
2373318,4038.125,-157.5,2611.875
2373328,3202.5,-660.625,1828.75
2373328,3202.5,-660.625,1828.75
2373338,2034.375,-612.5,1596.875
2373338,2034.375,-612.5,1596.875
2373349,1767.5,-511.875,1951.25
2373349,1767.5,-511.875,1951.25
2373359,1163.75,-507.5,2038.75
2373359,1163.75,-507.5,2038.75
2373369,551.25,-603.75,1933.75
2373369,551.25,-603.75,1933.75
2373379,520.625,-713.125,1754.375
2373379,520.625,-713.125,1754.375
2373390,227.5,-393.75,1973.125
2373390,227.5,-393.75,1973.125
2373400,118.125,13.125,2423.75
2373400,118.125,13.125,2423.75
2373410,109.375,175.0,2874.375
2373410,109.375,175.0,2874.375
2373421,26.25,288.75,2848.125
2373421,26.25,288.75,2848.125
2373431,262.5,420.0,2979.375
2373431,262.5,420.0,2979.375
2373441,520.625,297.5,2520.0
2373441,520.625,297.5,2520.0
2373452,656.25,-35.0,1557.5
2373452,656.25,-35.0,1557.5
2373462,227.5,-490.0,778.75
2373462,227.5,-490.0,778.75
2373472,-253.75,-770.0,280.0
2373472,-253.75,-770.0,280.0
2373483,-1015.0,-1001.875,122.5
2373483,-1015.0,-1001.875,122.5
2373493,-1452.5,-988.75,-118.125
2373493,-1452.5,-988.75,-118.125
2373503,-1461.25,-1207.5,-481.25
2373503,-1461.25,-1207.5,-481.25
2373514,-1868.125,-1723.75,-914.375
2373514,-1868.125,-1723.75,-914.375
2373524,-2336.25,-1968.75,-1080.625
2373524,-2336.25,-1968.75,-1080.625
2373534,-2646.875,-1662.5,-455.0
2373534,-2646.875,-1662.5,-455.0
2373545,-2953.125,-966.875,533.75
2373545,-2953.125,-966.875,533.75
2373554,-2730.0,-420.0,1036.875
2373554,-2730.0,-420.0,1036.875
2373565,-2401.875,-271.25,826.875
2373565,-2401.875,-271.25,826.875
2373575,-1299.375,-61.25,1102.5
2373575,-1299.375,-61.25,1102.5
2373585,-1308.125,393.75,1360.625
2373585,-1308.125,393.75,1360.625
2373596,-1277.5,262.5,1168.125
2373596,-1277.5,262.5,1168.125
2373606,-560.0,363.125,1452.5
2373606,-560.0,363.125,1452.5
2373617,-730.625,87.5,1050.0
2373617,-730.625,87.5,1050.0
2373626,-516.25,-65.625,1093.75
2373626,-516.25,-65.625,1093.75
2373637,126.875,-398.125,673.75
2373637,126.875,-398.125,673.75
2373648,656.25,-717.5,-113.75
2373648,656.25,-717.5,-113.75
2373658,529.375,-1111.25,-1172.5
2373658,529.375,-1111.25,-1172.5
2373669,231.875,-1421.875,-2008.125
2373669,231.875,-1421.875,-2008.125
2373679,-135.625,-1303.75,-2126.25
2373679,-135.625,-1303.75,-2126.25
2373689,-240.625,-1032.5,-1837.5
2373689,-240.625,-1032.5,-1837.5
2373699,218.75,-743.75,-1203.125
2373699,218.75,-743.75,-1203.125
2373710,564.375,-481.25,-332.5
2373710,564.375,-481.25,-332.5
2373720,988.75,-231.875,380.625
2373720,988.75,-231.875,380.625
2373730,1338.75,-175.0,958.125
2373730,1338.75,-175.0,958.125
2373741,1373.75,-87.5,1023.75
2373741,1373.75,-87.5,1023.75
2373751,1203.125,-61.25,888.125
2373751,1203.125,-61.25,888.125
2373761,660.625,-201.25,336.875
2373761,660.625,-201.25,336.875
2373772,91.875,-542.5,-476.875
2373772,91.875,-542.5,-476.875
2373782,-306.25,-665.0,-984.375
2373782,-306.25,-665.0,-984.375
2373792,-393.75,-896.875,-1141.875
2373792,-393.75,-896.875,-1141.875
2373802,-389.375,-1010.625,-953.75
2373802,-389.375,-1010.625,-953.75
2373813,-380.625,-988.75,-660.625
2373813,-380.625,-988.75,-660.625
2373823,-463.75,-700.0,-201.25
2373823,-463.75,-700.0,-201.25
2373833,-573.125,-450.625,70.0
2373833,-573.125,-450.625,70.0
2373844,-507.5,-490.0,-39.375
2373844,-507.5,-490.0,-39.375
2373854,-201.25,-656.25,-358.75
2373854,-201.25,-656.25,-358.75
2373865,113.75,-787.5,-931.875
2373865,113.75,-787.5,-931.875
2373875,573.125,-1155.0,-1238.125
2373875,573.125,-1155.0,-1238.125
2373885,612.5,-1356.25,-1106.875
2373885,612.5,-1356.25,-1106.875
2373895,555.625,-1268.75,-879.375
2373895,555.625,-1268.75,-879.375
2373906,555.625,-1277.5,-805.0
2373906,555.625,-1277.5,-805.0
2373916,507.5,-1369.375,-796.25
2373916,507.5,-1369.375,-796.25
2373926,293.125,-1448.125,-953.75
2373926,293.125,-1448.125,-953.75
2373937,87.5,-1452.5,-1273.125
2373937,87.5,-1452.5,-1273.125
2373946,39.375,-1373.75,-1378.125
2373946,39.375,-1373.75,-1378.125
2373957,-78.75,-1487.5,-1645.0
2373957,-78.75,-1487.5,-1645.0
2373968,-83.125,-1522.5,-1640.625
2373968,-83.125,-1522.5,-1640.625
2373978,126.875,-1386.875,-1710.625
2373978,126.875,-1386.875,-1710.625
2373988,218.75,-1299.375,-1610.0
2373988,218.75,-1299.375,-1610.0
2373998,170.625,-1303.75,-1369.375
2373998,170.625,-1303.75,-1369.375
2374009,166.25,-1106.875,-1251.25
2374009,166.25,-1106.875,-1251.25
2374019,275.625,-1045.625,-1102.5
2374019,275.625,-1045.625,-1102.5
2374029,306.25,-993.125,-686.875
2374029,306.25,-993.125,-686.875
2374040,153.125,-1067.5,-389.375
2374040,153.125,-1067.5,-389.375
2374050,118.125,-1019.375,-161.875
2374050,118.125,-1019.375,-161.875
2374061,284.375,-910.0,-26.25
2374061,284.375,-910.0,-26.25
2374071,389.375,-796.25,17.5
2374071,389.375,-796.25,17.5
2374081,612.5,-590.625,83.125
2374081,612.5,-590.625,83.125
2374091,643.125,-651.875,-100.625
2374091,643.125,-651.875,-100.625
2374102,774.375,-892.5,-752.5
2374102,774.375,-892.5,-752.5
2374112,870.625,-1246.875,-1478.75
2374112,870.625,-1246.875,-1478.75
2374122,756.875,-1841.875,-2401.875
2374122,756.875,-1841.875,-2401.875
2374133,336.875,-2178.75,-3771.25
2374133,336.875,-2178.75,-3771.25
2374143,726.25,-2323.125,-4296.25
2374143,726.25,-2323.125,-4296.25
2374153,1295.0,-3150.0,-2695.0
2374153,1295.0,-3150.0,-2695.0
2374164,424.375,-4768.75,774.375
2374164,424.375,-4768.75,774.375
2374174,923.125,-2248.75,70.0
2374174,923.125,-2248.75,70.0
2374184,1369.375,516.25,560.0
2374184,1369.375,516.25,560.0
2374195,1098.125,-105.0,1330.0
2374195,1098.125,-105.0,1330.0
2374205,686.875,-354.375,1124.375
2374205,686.875,-354.375,1124.375
2374215,481.25,-1273.125,630.0
2374215,481.25,-1273.125,630.0
2374226,-1400.0,-3535.0,1028.125
2374226,-1400.0,-3535.0,1028.125
2374236,-1312.5,-2008.125,-1124.375
2374236,-1312.5,-2008.125,-1124.375
2374246,-835.625,-511.875,-1535.625
2374246,-835.625,-511.875,-1535.625
2374256,-280.0,-796.25,-1312.5
2374256,-280.0,-796.25,-1312.5
2374267,428.75,-966.875,-1220.625
2374267,428.75,-966.875,-1220.625
2374277,883.75,-2130.625,-1281.875
2374277,883.75,-2130.625,-1281.875
2374288,-144.375,-4033.75,-1063.125
2374288,-144.375,-4033.75,-1063.125
2374298,52.5,-3556.875,-2340.625
2374298,52.5,-3556.875,-2340.625
2374308,135.625,-2738.75,-3246.25
2374308,135.625,-2738.75,-3246.25
2374318,-525.0,-2183.125,-3154.375
2374318,-525.0,-2183.125,-3154.375
2374328,-1505.0,-1561.875,-2060.625
2374328,-1505.0,-1561.875,-2060.625
2374339,-1920.625,-1299.375,-1273.125
2374339,-1920.625,-1299.375,-1273.125
2374349,-2003.75,-1286.25,-770.0
2374349,-2003.75,-1286.25,-770.0
2374360,-1920.625,-1146.25,-813.75
2374360,-1920.625,-1146.25,-813.75
2374371,-1435.0,-1045.625,-848.75
2374371,-1435.0,-1045.625,-848.75
2374380,-866.25,-1172.5,-1426.25
2374380,-866.25,-1172.5,-1426.25
2374390,-240.625,-1190.0,-1785.0
2374390,-240.625,-1190.0,-1785.0
2374401,17.5,-1093.75,-1995.0
2374401,17.5,-1093.75,-1995.0
2374411,468.125,-1054.375,-1885.625
2374411,468.125,-1054.375,-1885.625
2374422,542.5,-1133.125,-1758.75
2374422,542.5,-1133.125,-1758.75
2374432,-144.375,-1216.25,-1561.875
2374432,-144.375,-1216.25,-1561.875
2374442,-428.75,-958.125,-1001.875
2374442,-428.75,-958.125,-1001.875
2374452,-446.25,-831.25,-551.25
2374452,-446.25,-831.25,-551.25
2374463,-262.5,-826.875,-455.0
2374463,-262.5,-826.875,-455.0
2374473,-61.25,-1076.25,-778.75
2374473,-61.25,-1076.25,-778.75
2374484,-293.125,-1220.625,-726.25
2374484,-293.125,-1220.625,-726.25
2374494,-533.75,-892.5,-393.75
2374494,-533.75,-892.5,-393.75
2374504,-424.375,-647.5,-26.25
2374504,-424.375,-647.5,-26.25
2374514,-122.5,-708.75,280.0
2374514,-122.5,-708.75,280.0
2374526,153.125,-315.0,568.75
2374526,153.125,-315.0,568.75
2374535,468.125,-96.25,1036.875
2374535,468.125,-96.25,1036.875
2374545,739.375,-118.125,962.5
2374545,739.375,-118.125,962.5
2374556,1023.75,-306.25,555.625
2374556,1023.75,-306.25,555.625
2374567,1071.875,-358.75,113.75
2374567,1071.875,-358.75,113.75
2374576,1150.625,-490.0,0.0
2374576,1150.625,-490.0,0.0
2374587,1128.75,-643.125,148.75
2374587,1128.75,-643.125,148.75
2374597,1255.625,-581.875,354.375
2374597,1255.625,-581.875,354.375
2374608,1225.0,-481.25,669.375
2374608,1225.0,-481.25,669.375
2374618,1115.625,-280.0,826.875
2374618,1115.625,-280.0,826.875
2374628,1063.125,-315.0,896.875
2374628,1063.125,-315.0,896.875
2374638,1150.625,-599.375,870.625
2374638,1150.625,-599.375,870.625
2374648,1325.625,-756.875,533.75
2374648,1325.625,-756.875,533.75
2374659,1400.0,-1159.375,275.625
2374659,1400.0,-1159.375,275.625
2374669,1338.75,-1680.0,660.625
2374669,1338.75,-1680.0,660.625
2374680,-621.25,-3618.125,3346.875
2374680,-621.25,-3618.125,3346.875
2374690,-511.875,-3075.625,2209.375
2374690,-511.875,-3075.625,2209.375
2374700,721.875,446.25,665.0
2374700,721.875,446.25,665.0
2374710,739.375,26.25,616.875
2374710,739.375,26.25,616.875
2374720,210.0,-126.875,441.875
2374720,210.0,-126.875,441.875
2374731,61.25,-463.75,-231.875
2374731,61.25,-463.75,-231.875
2374741,78.75,-568.75,-542.5
2374741,78.75,-568.75,-542.5
2374752,144.375,-700.0,-643.125
2374752,144.375,-700.0,-643.125
2374762,96.25,-625.625,-533.75
2374762,96.25,-625.625,-533.75
2374772,201.25,-511.875,-389.375
2374772,201.25,-511.875,-389.375
2374783,118.125,-498.75,-78.75
2374783,118.125,-498.75,-78.75
2374793,131.25,-656.25,8.75
2374793,131.25,-656.25,8.75
2374804,8.75,-844.375,-78.75
2374804,8.75,-844.375,-78.75
2374814,65.625,-861.875,-144.375
2374814,65.625,-861.875,-144.375
2374824,26.25,-888.125,-253.75
2374824,26.25,-888.125,-253.75
2374834,-188.125,-984.375,-354.375
2374834,-188.125,-984.375,-354.375
2374845,-179.375,-791.875,-210.0
2374845,-179.375,-791.875,-210.0
2374855,-218.75,-533.75,166.25
2374855,-218.75,-533.75,166.25
2374865,-328.125,-393.75,183.75
2374865,-328.125,-393.75,183.75
2374875,-800.625,-507.5,-223.125
2374875,-800.625,-507.5,-223.125
2374886,-1093.75,-910.0,-1080.625
2374886,-1093.75,-910.0,-1080.625
2374896,-927.5,-931.875,-1798.125
2374896,-927.5,-931.875,-1798.125
2374906,-608.125,-866.25,-2270.625
2374906,-608.125,-866.25,-2270.625
2374917,-4.375,-831.25,-2590.0
2374917,-4.375,-831.25,-2590.0
2374927,280.0,-643.125,-2528.75
2374927,280.0,-643.125,-2528.75
2374937,651.875,-1150.625,-2445.625
2374937,651.875,-1150.625,-2445.625
2374948,376.25,-796.25,-1964.375
2374948,376.25,-796.25,-1964.375
2374958,363.125,-761.25,-756.875
2374958,363.125,-761.25,-756.875
2374968,695.625,-415.625,481.25
2374968,695.625,-415.625,481.25
2374979,962.5,-927.5,2191.875
2374979,962.5,-927.5,2191.875
2374989,-288.75,-2126.25,3692.5
2374989,-288.75,-2126.25,3692.5
2374999,-826.875,-1636.25,2765.0
2374999,-826.875,-1636.25,2765.0
2375010,-590.625,-1316.875,2244.375
2375010,-590.625,-1316.875,2244.375
2375020,1054.375,-503.125,1911.875
2375020,1054.375,-503.125,1911.875
2375030,1198.75,402.5,2283.75
2375030,1198.75,402.5,2283.75
2375040,756.875,275.625,1986.25
2375040,756.875,275.625,1986.25
2375051,363.125,8.75,1281.875
2375051,363.125,8.75,1281.875
2375061,459.375,-450.625,503.125
2375061,459.375,-450.625,503.125
2375072,258.125,-1023.75,-113.75
2375072,258.125,-1023.75,-113.75
2375082,-170.625,-1785.0,-595.0
2375082,-170.625,-1785.0,-595.0
2375092,-1251.25,-2121.875,-1098.125
2375092,-1251.25,-2121.875,-1098.125
2375103,-2222.5,-1076.25,-271.25
2375103,-2222.5,-1076.25,-271.25
2375113,-2655.625,-468.125,634.375
2375113,-2655.625,-468.125,634.375
2375123,-1907.5,-122.5,1098.125
2375123,-1907.5,-122.5,1098.125
2375133,-879.375,-363.125,826.875
2375133,-879.375,-363.125,826.875
2375144,-468.125,-437.5,210.0
2375144,-468.125,-437.5,210.0
2375154,494.375,-446.25,-551.25
2375154,494.375,-446.25,-551.25
2375164,1120.0,-796.25,-1325.625
2375164,1120.0,-796.25,-1325.625
2375175,1080.625,-1111.25,-2025.625
2375175,1080.625,-1111.25,-2025.625
2375185,980.0,-1360.625,-1850.625
2375185,980.0,-1360.625,-1850.625
2375195,1404.375,-6584.375,2830.625
2375195,1404.375,-6584.375,2830.625
2375206,918.75,-11589.375,1688.75
2375206,918.75,-11589.375,1688.75
2375216,-1032.5,-883.75,-2143.75
2375216,-1032.5,-883.75,-2143.75
2375225,-1238.125,-953.75,-2760.625
2375225,-1238.125,-953.75,-2760.625
2375237,-1487.5,-1557.5,-1347.5
2375237,-1487.5,-1557.5,-1347.5
2375247,-1316.875,-861.875,-437.5
2375247,-1316.875,-861.875,-437.5
2375257,-1308.125,-1496.25,-293.125
2375257,-1308.125,-1496.25,-293.125
2375268,-1347.5,-1723.75,8.75
2375268,-1347.5,-1723.75,8.75
2375278,-1028.125,-1666.875,-223.125
2375278,-1028.125,-1666.875,-223.125
2375288,-385.0,-2331.875,245.0
2375288,-385.0,-2331.875,245.0
2375298,-700.0,-3377.5,472.5
2375298,-700.0,-3377.5,472.5
2375309,-1041.25,-2078.125,-883.75
2375309,-1041.25,-2078.125,-883.75
2375319,-726.25,-1006.25,-765.625
2375319,-726.25,-1006.25,-765.625
2375330,-385.0,-608.125,-188.125
2375330,-385.0,-608.125,-188.125
2375340,148.75,-713.125,-105.0
2375340,148.75,-713.125,-105.0
2375350,301.875,-813.75,-376.25
2375350,301.875,-813.75,-376.25
2375360,-96.25,-713.125,-546.875
2375360,-96.25,-713.125,-546.875
2375371,-371.875,-599.375,-284.375
2375371,-371.875,-599.375,-284.375
2375381,-481.25,-533.75,-61.25
2375381,-481.25,-533.75,-61.25
2375391,-262.5,-490.0,275.625
2375391,-262.5,-490.0,275.625
2375402,140.0,-459.375,748.125
2375402,140.0,-459.375,748.125
2375412,258.125,-476.875,870.625
2375412,258.125,-476.875,870.625
2375422,249.375,-577.5,647.5
2375422,249.375,-577.5,647.5
2375433,393.75,-756.875,332.5
2375433,393.75,-756.875,332.5
2375443,507.5,-809.375,437.5
2375443,507.5,-809.375,437.5
2375453,319.375,-717.5,612.5
2375453,319.375,-717.5,612.5
2375464,144.375,-560.0,656.25
2375464,144.375,-560.0,656.25
2375474,118.125,-551.25,700.0
2375474,118.125,-551.25,700.0
2375484,336.875,-630.0,743.75
2375484,336.875,-630.0,743.75
2375495,196.875,-686.875,673.75
2375495,196.875,-686.875,673.75
2375505,-183.75,-774.375,223.125
2375505,-183.75,-774.375,223.125
2375515,-249.375,-896.875,-258.125
2375515,-249.375,-896.875,-258.125
2375526,-240.625,-1102.5,-616.875
2375526,-240.625,-1102.5,-616.875
2375536,201.25,-1194.375,-581.875
2375536,201.25,-1194.375,-581.875
2375546,214.375,-1181.25,-380.625
2375546,214.375,-1181.25,-380.625
2375556,131.25,-1163.75,-406.875
2375556,131.25,-1163.75,-406.875
2375567,113.75,-1076.25,-192.5
2375567,113.75,-1076.25,-192.5
2375577,350.0,-1207.5,-192.5
2375577,350.0,-1207.5,-192.5
2375587,529.375,-1146.25,175.0
2375587,529.375,-1146.25,175.0
2375598,498.75,-901.25,481.25
2375598,498.75,-901.25,481.25
2375608,223.125,-958.125,507.5
2375608,223.125,-958.125,507.5
2375619,253.75,-940.625,581.875
2375619,253.75,-940.625,581.875
2375628,288.75,-861.875,721.875
2375628,288.75,-861.875,721.875
2375639,56.875,-966.875,660.625
2375639,56.875,-966.875,660.625
2375649,140.0,-1010.625,875.0
2375649,140.0,-1010.625,875.0
2375660,420.0,-1089.375,1176.875
2375660,420.0,-1089.375,1176.875
2375670,323.75,-1015.0,1308.125
2375670,323.75,-1015.0,1308.125
2375680,56.875,-997.5,1347.5
2375680,56.875,-997.5,1347.5
2375690,183.75,-774.375,1509.375
2375690,183.75,-774.375,1509.375
2375701,328.125,-730.625,1592.5
2375701,328.125,-730.625,1592.5
2375711,476.875,-503.125,2025.625
2375711,476.875,-503.125,2025.625
2375722,420.0,-332.5,2371.25
2375722,420.0,-332.5,2371.25
2375732,253.75,-336.875,2336.25
2375732,253.75,-336.875,2336.25
2375742,354.375,-463.75,2130.625
2375742,354.375,-463.75,2130.625
2375752,415.625,-494.375,2095.625
2375752,415.625,-494.375,2095.625
2375763,153.125,-323.75,2209.375
2375763,153.125,-323.75,2209.375
2375773,-301.875,-214.375,2200.625
2375773,-301.875,-214.375,2200.625
2375783,-323.75,-218.75,2091.25
2375783,-323.75,-218.75,2091.25
2375794,91.875,-131.25,2226.875
2375794,91.875,-131.25,2226.875
2375804,140.0,-135.625,2393.125
2375804,140.0,-135.625,2393.125
2375814,74.375,-140.0,2493.75
2375814,74.375,-140.0,2493.75
2375825,205.625,-122.5,2528.75
2375825,205.625,-122.5,2528.75
2375835,-48.125,-323.75,2489.375
2375835,-48.125,-323.75,2489.375
2375846,-371.875,-433.125,1671.25
2375846,-371.875,-433.125,1671.25
2375856,-503.125,-323.75,1356.25
2375856,-503.125,-323.75,1356.25
2375866,-105.0,-131.25,1999.375
2375866,-105.0,-131.25,1999.375
2375875,131.25,310.625,2918.125
2375875,131.25,310.625,2918.125
