2354715,-231.875,-564.375,853.125
2354715,-231.875,-564.375,853.125
2354726,-402.5,-214.375,726.25
2354726,-402.5,-214.375,726.25
2354735,-879.375,-310.625,1155.0
2354735,-879.375,-310.625,1155.0
2354746,-1063.125,188.125,1627.5
2354746,-1063.125,188.125,1627.5
2354756,-1229.375,245.0,1723.75
2354756,-1229.375,245.0,1723.75
2354767,-1286.25,223.125,1863.75
2354767,-1286.25,223.125,1863.75
2354777,-1413.125,-293.125,1701.875
2354777,-1413.125,-293.125,1701.875
2354787,-1260.0,-455.0,1255.625
2354787,-1260.0,-455.0,1255.625
2354798,-446.25,227.5,1435.0
2354798,-446.25,227.5,1435.0
2354808,-319.375,-262.5,1911.875
2354808,-319.375,-262.5,1911.875
2354818,-1054.375,-201.25,1946.875
2354818,-1054.375,-201.25,1946.875
2354829,-888.125,-1255.625,1837.5
2354829,-888.125,-1255.625,1837.5
2354839,1045.625,5880.0,188.125
2354839,1045.625,5880.0,188.125
2354849,-3933.125,6426.875,-2716.875
2354849,-3933.125,6426.875,-2716.875
2354859,-704.375,516.25,-813.75
2354859,-704.375,516.25,-813.75
2354870,380.625,4169.375,-2139.375
2354870,380.625,4169.375,-2139.375
2354879,-1120.0,1811.25,-1360.625
2354879,-1120.0,1811.25,-1360.625
2354890,-7682.5,-122.5,1614.375
2354890,-7682.5,-122.5,1614.375
2354901,-8001.875,8627.5,-2765.0
2354901,-8001.875,8627.5,-2765.0
2354911,-7131.25,2161.25,-4414.375
2354911,-7131.25,2161.25,-4414.375
2354922,-9034.375,-5823.125,-140.0
2354922,-9034.375,-5823.125,-140.0
2354932,-7179.375,-4615.625,1465.625
2354932,-7179.375,-4615.625,1465.625
2354942,-6046.25,-1338.75,3355.625
2354942,-6046.25,-1338.75,3355.625
2354952,-6671.875,927.5,8955.625
2354952,-6671.875,927.5,8955.625
2354964,-3583.125,4331.25,6641.25
2354964,-3583.125,4331.25,6641.25
2354973,-223.125,4178.125,9235.625
2354973,-223.125,4178.125,9235.625
2354983,1981.875,1443.75,8522.5
2354983,1981.875,1443.75,8522.5
2354994,-3189.375,-490.0,5180.0
2354994,-3189.375,-490.0,5180.0
2355004,-6610.625,2703.75,3233.125
2355004,-6610.625,2703.75,3233.125
2355014,-6881.875,1439.375,3368.75
2355014,-6881.875,1439.375,3368.75
2355025,-2896.25,4698.75,3377.5
2355025,-2896.25,4698.75,3377.5
2355035,-1487.5,4462.5,2345.0
2355035,-1487.5,4462.5,2345.0
2355045,-962.5,3500.0,1785.0
2355045,-962.5,3500.0,1785.0
2355056,-511.875,2966.25,1653.75
2355056,-511.875,2966.25,1653.75
2355066,-896.875,91.875,1570.625
2355066,-896.875,91.875,1570.625
2355076,-56.875,179.375,564.375
2355076,-56.875,179.375,564.375
2355086,1662.5,2091.25,625.625
2355086,1662.5,2091.25,625.625
2355097,2078.125,568.75,1281.875
2355097,2078.125,568.75,1281.875
2355107,-424.375,-3460.625,2345.0
2355107,-424.375,-3460.625,2345.0
2355117,385.0,-529.375,2126.25
2355117,385.0,-529.375,2126.25
2355128,-345.625,371.875,2524.375
2355128,-345.625,371.875,2524.375
2355138,-1688.75,-2135.0,2629.375
2355138,-1688.75,-2135.0,2629.375
2355149,-1426.25,-1596.875,2926.875
2355149,-1426.25,-1596.875,2926.875
2355158,-144.375,616.875,3587.5
2355158,-144.375,616.875,3587.5
2355169,481.25,958.125,4729.375
2355169,481.25,958.125,4729.375
2355179,2191.875,1850.625,5635.0
2355179,2191.875,1850.625,5635.0
2355190,1645.0,-1426.25,6698.125
2355190,1645.0,-1426.25,6698.125
2355200,2065.0,-1010.625,4768.75
2355200,2065.0,-1010.625,4768.75
2355210,2419.375,2485.0,3850.0
2355210,2419.375,2485.0,3850.0
2355221,-280.0,-3434.375,4528.125
2355221,-280.0,-3434.375,4528.125
2355231,1426.25,-1343.125,2419.375
2355231,1426.25,-1343.125,2419.375
2355241,1776.25,1513.75,1627.5
2355241,1776.25,1513.75,1627.5
2355252,205.625,-2196.25,883.75
2355252,205.625,-2196.25,883.75
2355262,-2200.625,-7380.625,131.25
2355262,-2200.625,-7380.625,131.25
2355272,35.0,-3666.25,-2826.25
2355272,35.0,-3666.25,-2826.25
2355283,472.5,-971.25,-2095.625
2355283,472.5,-971.25,-2095.625
2355293,-1058.75,-4283.125,-1273.125
2355293,-1058.75,-4283.125,-1273.125
2355303,577.5,280.0,-2839.375
2355303,577.5,280.0,-2839.375
2355313,-866.25,-1015.0,-2576.875
2355313,-866.25,-1015.0,-2576.875
2355323,-2830.625,-5718.125,-2926.875
2355323,-2830.625,-5718.125,-2926.875
2355334,-2205.0,-2778.125,-5888.75
2355334,-2205.0,-2778.125,-5888.75
2355344,-2148.125,-949.375,-5954.375
2355344,-2148.125,-949.375,-5954.375
2355355,-2231.25,-1211.875,-4541.25
2355355,-2231.25,-1211.875,-4541.25
2355365,-2384.375,-288.75,-3145.625
2355365,-2384.375,-288.75,-3145.625
2355375,-2769.375,516.25,-2358.125
2355375,-2769.375,516.25,-2358.125
2355386,-2983.75,1163.75,-2121.875
2355386,-2983.75,1163.75,-2121.875
2355396,-2992.5,1246.875,-1653.75
2355396,-2992.5,1246.875,-1653.75
2355406,-2699.375,1356.25,-691.25
2355406,-2699.375,1356.25,-691.25
2355417,-2310.0,2340.625,275.625
2355417,-2310.0,2340.625,275.625
2355427,-1535.625,2791.25,1483.125
2355427,-1535.625,2791.25,1483.125
2355438,-122.5,3193.75,2681.875
2355438,-122.5,3193.75,2681.875
2355448,1557.5,3552.5,3298.75
2355448,1557.5,3552.5,3298.75
2355458,2279.375,3578.75,3106.25
2355458,2279.375,3578.75,3106.25
2355468,2314.375,3066.875,2073.75
2355468,2314.375,3066.875,2073.75
2355479,1868.125,2130.625,1098.125
2355479,1868.125,2130.625,1098.125
2355489,1290.625,1124.375,284.375
2355489,1290.625,1124.375,284.375
2355499,945.0,494.375,21.875
2355499,945.0,494.375,21.875
2355510,1268.75,415.625,735.0
2355510,1268.75,415.625,735.0
2355520,1942.5,564.375,1548.75
2355520,1942.5,564.375,1548.75
2355530,2498.125,861.875,2222.5
2355530,2498.125,861.875,2222.5
2355540,2371.25,813.75,2550.625
2355540,2371.25,813.75,2550.625
2355551,2100.0,542.5,2625.0
2355551,2100.0,542.5,2625.0
2355561,1478.75,323.75,2668.75
2355561,1478.75,323.75,2668.75
2355571,988.75,271.25,2874.375
2355571,988.75,271.25,2874.375
2355582,1089.375,555.625,3810.625
2355582,1089.375,555.625,3810.625
2355592,1255.625,1050.0,4886.875
2355592,1255.625,1050.0,4886.875
2355602,1264.375,1548.75,5884.375
2355602,1264.375,1548.75,5884.375
2355612,1001.875,1850.625,6335.0
2355612,1001.875,1850.625,6335.0
2355623,1032.5,1995.0,6549.375
2355623,1032.5,1995.0,6549.375
2355633,1115.625,1859.375,6466.25
2355633,1115.625,1859.375,6466.25
2355644,1382.5,1802.5,6689.375
2355644,1382.5,1802.5,6689.375
2355654,1981.875,1715.0,6803.125
2355654,1981.875,1715.0,6803.125
2355664,2288.125,1846.25,6772.5
2355664,2288.125,1846.25,6772.5
2355674,2458.75,1929.375,6903.75
2355674,2458.75,1929.375,6903.75
2355685,2222.5,2113.125,6886.25
2355685,2222.5,2113.125,6886.25
2355695,1938.125,1767.5,6514.375
2355695,1938.125,1767.5,6514.375
2355706,1767.5,1330.0,5219.375
2355706,1767.5,1330.0,5219.375
2355716,2270.625,437.5,3495.625
2355716,2270.625,437.5,3495.625
2355726,2743.125,-411.25,2030.0
2355726,2743.125,-411.25,2030.0
2355736,2690.625,-529.375,1448.125
2355736,2690.625,-529.375,1448.125
2355748,2751.875,-301.875,1693.125
2355748,2751.875,-301.875,1693.125
2355757,2708.125,446.25,2450.0
2355757,2708.125,446.25,2450.0
2355767,2528.75,743.75,2616.25
2355767,2528.75,743.75,2616.25
2355778,2546.25,818.125,2401.875
2355778,2546.25,818.125,2401.875
2355788,3570.0,892.5,2861.25
2355788,3570.0,892.5,2861.25
2355798,4143.125,1273.125,3727.5
2355798,4143.125,1273.125,3727.5
2355809,2961.875,1159.375,3753.75
2355809,2961.875,1159.375,3753.75
2355819,1601.25,945.0,3106.25
2355819,1601.25,945.0,3106.25
2355829,1080.625,616.875,2078.125
2355829,1080.625,616.875,2078.125
2355840,1426.25,-52.5,1015.0
2355840,1426.25,-52.5,1015.0
2355850,1268.75,-376.25,105.0
2355850,1268.75,-376.25,105.0
2355861,686.875,-529.375,-468.125
2355861,686.875,-529.375,-468.125
2355871,192.5,-87.5,70.0
2355871,192.5,-87.5,70.0
2355881,-188.125,315.0,1155.0
2355881,-188.125,315.0,1155.0
2355891,-354.375,385.0,1986.25
2355891,-354.375,385.0,1986.25
2355902,17.5,533.75,2445.625
2355902,17.5,533.75,2445.625
2355912,958.125,577.5,2331.875
2355912,958.125,577.5,2331.875
2355922,1413.125,446.25,2100.0
2355922,1413.125,446.25,2100.0
2355933,931.875,323.75,1798.125
2355933,931.875,323.75,1798.125
2355944,52.5,109.375,1225.0
2355944,52.5,109.375,1225.0
2355952,-831.25,-315.0,485.625
2355952,-831.25,-315.0,485.625
2355963,-1246.875,-866.25,-398.125
2355963,-1246.875,-866.25,-398.125
2355974,-1977.5,-1815.625,-1382.5
2355974,-1977.5,-1815.625,-1382.5
2355984,-1697.5,-1290.625,-1028.125
2355984,-1697.5,-1290.625,-1028.125
2355994,-818.125,-918.75,-140.0
2355994,-818.125,-918.75,-140.0
2356005,-4.375,-905.625,179.375
2356005,-4.375,-905.625,179.375
2356015,818.125,-726.25,595.0
2356015,818.125,-726.25,595.0
2356025,805.0,-910.0,581.875
2356025,805.0,-910.0,581.875
2356036,634.375,-1071.875,345.625
2356036,634.375,-1071.875,345.625
2356046,433.125,-1080.625,-78.75
2356046,433.125,-1080.625,-78.75
2356057,-21.875,-1137.5,-682.5
2356057,-21.875,-1137.5,-682.5
2356067,-870.625,-1277.5,-835.625
2356067,-870.625,-1277.5,-835.625
2356076,-1505.0,-1233.75,-993.125
2356076,-1505.0,-1233.75,-993.125
2356087,-1474.375,-1190.0,-1295.0
2356087,-1474.375,-1190.0,-1295.0
2356098,-1386.875,-1050.0,-1732.5
2356098,-1386.875,-1050.0,-1732.5
2356108,-673.75,-1216.25,-2152.5
2356108,-673.75,-1216.25,-2152.5
2356118,-17.5,-988.75,-1824.375
2356118,-17.5,-988.75,-1824.375
2356129,551.25,-638.75,-993.125
2356129,551.25,-638.75,-993.125
2356139,538.125,-511.875,-231.875
2356139,538.125,-511.875,-231.875
2356149,529.375,-328.125,258.125
2356149,529.375,-328.125,258.125
2356159,774.375,-109.375,590.625
2356159,774.375,-109.375,590.625
2356170,1015.0,153.125,914.375
2356170,1015.0,153.125,914.375
2356180,686.875,-323.75,533.75
2356180,686.875,-323.75,533.75
2356190,621.25,-735.0,4.375
2356190,621.25,-735.0,4.375
2356201,704.375,-1015.0,-573.125
2356201,704.375,-1015.0,-573.125
2356211,686.875,-1273.125,-1058.75
2356211,686.875,-1273.125,-1058.75
2356221,879.375,-1526.875,-1448.125
2356221,879.375,-1526.875,-1448.125
2356232,1299.375,-1841.875,-1767.5
2356232,1299.375,-1841.875,-1767.5
2356242,1955.625,-2261.875,-1688.75
2356242,1955.625,-2261.875,-1688.75
2356253,1933.75,-2590.0,-901.25
2356253,1933.75,-2590.0,-901.25
2356262,-673.75,-5018.125,1378.125
2356262,-673.75,-5018.125,1378.125
2356273,1395.625,-1960.0,-153.125
2356273,1395.625,-1960.0,-153.125
2356283,2235.625,8.75,415.625
2356283,2235.625,8.75,415.625
2356294,2454.375,-1176.875,647.5
2356294,2454.375,-1176.875,647.5
2356303,1693.125,-1360.625,196.875
2356303,1693.125,-1360.625,196.875
2356314,1050.0,-1771.875,-953.75
2356314,1050.0,-1771.875,-953.75
2356325,840.0,-2340.625,-2231.25
2356325,840.0,-2340.625,-2231.25
2356335,-2795.625,-4326.875,-5516.875
2356335,-2795.625,-4326.875,-5516.875
2356345,-14192.5,-8513.75,-8601.25
2356345,-14192.5,-8513.75,-8601.25
2356356,-10526.25,-5320.0,-8815.625
2356356,-10526.25,-5320.0,-8815.625
2356366,-3758.125,-5464.375,-8649.375
2356366,-3758.125,-5464.375,-8649.375
2356376,-7555.625,-5105.625,-7135.625
2356376,-7555.625,-5105.625,-7135.625
2356386,-5718.125,-2191.875,-5849.375
2356386,-5718.125,-2191.875,-5849.375
2356397,-1531.25,-1973.125,-5757.5
2356397,-1531.25,-1973.125,-5757.5
2356407,-1719.375,-1649.375,-5005.0
2356407,-1719.375,-1649.375,-5005.0
2356417,-1955.625,-1303.75,-4445.0
2356417,-1955.625,-1303.75,-4445.0
2356428,-1666.875,-87.5,-2257.5
2356428,-1666.875,-87.5,-2257.5
2356437,-1470.0,752.5,-455.0
2356437,-1470.0,752.5,-455.0
2356449,463.75,1172.5,455.0
2356449,463.75,1172.5,455.0
2356459,376.25,1198.75,-21.875
2356459,376.25,1198.75,-21.875
2356469,-608.125,-56.875,-2296.875
2356469,-608.125,-56.875,-2296.875
2356479,-3010.0,-883.75,-5057.5
2356479,-3010.0,-883.75,-5057.5
2356490,-10578.75,-3985.625,-6111.875
2356490,-10578.75,-3985.625,-6111.875
2356500,-7896.875,-3806.25,-6851.25
2356500,-7896.875,-3806.25,-6851.25
2356510,678.125,-1295.0,-4843.125
2356510,678.125,-1295.0,-4843.125
2356521,660.625,-923.125,-2677.5
2356521,660.625,-923.125,-2677.5
2356532,-315.0,-612.5,-1688.75
2356532,-315.0,-612.5,-1688.75
2356541,-371.875,-472.5,-2038.75
2356541,-371.875,-472.5,-2038.75
2356552,-271.25,-813.75,-2314.375
2356552,-271.25,-813.75,-2314.375
2356562,-341.25,-993.125,-2480.625
2356562,-341.25,-993.125,-2480.625
2356572,310.625,-1277.5,-2493.75
2356572,310.625,-1277.5,-2493.75
2356583,201.25,-1614.375,-1859.375
2356583,201.25,-1614.375,-1859.375
2356593,-11418.75,-3963.75,-1688.75
2356593,-11418.75,-3963.75,-1688.75
2356603,-4335.625,-2813.125,-3766.875
2356603,-4335.625,-2813.125,-3766.875
2356613,3154.375,-1102.5,-2388.75
2356613,3154.375,-1102.5,-2388.75
2356624,1701.875,-1338.75,-1334.375
2356624,1701.875,-1338.75,-1334.375
2356634,988.75,-879.375,-363.125
2356634,988.75,-879.375,-363.125
2356645,910.0,-507.5,4.375
2356645,910.0,-507.5,4.375
2356655,686.875,-590.625,-424.375
2356655,686.875,-590.625,-424.375
2356665,735.0,-752.5,-1395.625
2356665,735.0,-752.5,-1395.625
2356676,643.125,-1347.5,-2931.25
2356676,643.125,-1347.5,-2931.25
2356686,332.5,-1863.75,-3889.375
2356686,332.5,-1863.75,-3889.375
2356696,-411.25,-1360.625,-3504.375
2356696,-411.25,-1360.625,-3504.375
2356706,-2025.625,-791.875,-2183.125
2356706,-2025.625,-791.875,-2183.125
2356717,-2572.5,-695.625,-1015.0
2356717,-2572.5,-695.625,-1015.0
2356727,-1120.0,-673.75,-166.25
2356727,-1120.0,-673.75,-166.25
2356737,411.25,-923.125,-109.375
2356737,411.25,-923.125,-109.375
2356748,1050.0,-1028.125,-560.0
2356748,1050.0,-1028.125,-560.0
2356758,975.625,-1268.75,-1343.125
2356758,975.625,-1268.75,-1343.125
2356768,-70.0,-1491.875,-2135.0
2356768,-70.0,-1491.875,-2135.0
2356778,-2730.0,-1938.125,-4361.875
2356778,-2730.0,-1938.125,-4361.875
2356789,-7551.25,-4156.25,-7748.125
2356789,-7551.25,-4156.25,-7748.125
2356799,-29124.375,-8334.375,-9791.25
2356799,-29124.375,-8334.375,-9791.25
2356809,-24425.625,-1513.75,-15951.25
2356809,-24425.625,-1513.75,-15951.25
2356820,-9616.25,-1557.5,-12565.0
2356820,-9616.25,-1557.5,-12565.0
2356830,-11567.5,-2003.75,-9148.125
2356830,-11567.5,-2003.75,-9148.125
2356841,-6733.125,-883.75,-7813.75
2356841,-6733.125,-883.75,-7813.75
2356851,-7336.875,-1286.25,-6715.625
2356851,-7336.875,-1286.25,-6715.625
2356861,-3351.25,-1181.25,-5516.875
2356861,-3351.25,-1181.25,-5516.875
2356871,-48.125,-1386.875,-3740.625
2356871,-48.125,-1386.875,-3740.625
2356882,-297.5,-520.625,-1688.75
2356882,-297.5,-520.625,-1688.75
2356892,-761.25,481.25,-153.125
2356892,-761.25,481.25,-153.125
2356902,-323.75,503.125,700.0
2356902,-323.75,503.125,700.0
2356912,459.375,455.0,590.625
2356912,459.375,455.0,590.625
2356923,1421.875,271.25,-105.0
2356923,1421.875,271.25,-105.0
2356933,2161.25,70.0,-945.0
2356933,2161.25,70.0,-945.0
2356944,2126.25,-201.25,-1356.25
2356944,2126.25,-201.25,-1356.25
2356954,1636.25,-166.25,-809.375
2356954,1636.25,-166.25,-809.375
2356964,1242.5,-175.0,-61.25
2356964,1242.5,-175.0,-61.25
2356974,800.625,-310.625,402.5
2356974,800.625,-310.625,402.5
2356985,17.5,-455.0,564.375
2356985,17.5,-455.0,564.375
2356995,-459.375,-739.375,805.0
2356995,-459.375,-739.375,805.0
2357006,-4.375,-726.25,1474.375
2357006,-4.375,-726.25,1474.375
2357016,341.25,-603.75,1802.5
2357016,341.25,-603.75,1802.5
2357026,599.375,-555.625,1903.125
2357026,599.375,-555.625,1903.125
2357037,923.125,-175.0,2498.125
2357037,923.125,-175.0,2498.125
2357047,1369.375,-113.75,3220.0
2357047,1369.375,-113.75,3220.0
2357057,1334.375,-122.5,2926.875
2357057,1334.375,-122.5,2926.875
2357067,1496.25,-205.625,2454.375
2357067,1496.25,-205.625,2454.375
2357078,1334.375,-595.0,1942.5
2357078,1334.375,-595.0,1942.5
2357088,1137.5,-651.875,1216.25
2357088,1137.5,-651.875,1216.25
2357098,-1120.0,-1063.125,586.25
2357098,-1120.0,-1063.125,586.25
2357109,-4913.125,-433.125,113.75
2357109,-4913.125,-433.125,113.75
2357119,2340.625,-245.0,-476.875
2357119,2340.625,-245.0,-476.875
2357129,2231.25,-358.75,-708.75
2357129,2231.25,-358.75,-708.75
2357140,1723.75,-402.5,-1347.5
2357140,1723.75,-402.5,-1347.5
2357150,2065.0,-385.0,-1938.125
2357150,2065.0,-385.0,-1938.125
2357160,2073.75,-288.75,-2598.75
2357160,2073.75,-288.75,-2598.75
2357171,2056.25,-288.75,-2935.625
2357171,2056.25,-288.75,-2935.625
2357181,1312.5,-323.75,-2848.125
2357181,1312.5,-323.75,-2848.125
2357192,1386.875,-651.875,-2585.625
2357192,1386.875,-651.875,-2585.625
2357202,1032.5,109.375,-1251.25
2357202,1032.5,109.375,-1251.25
2357212,870.625,-218.75,-385.0
2357212,870.625,-218.75,-385.0
2357222,555.625,-148.75,590.625
2357222,555.625,-148.75,590.625
2357233,-262.5,-459.375,805.0
2357233,-262.5,-459.375,805.0
2357243,-678.125,-1001.875,651.875
2357243,-678.125,-1001.875,651.875
2357253,-555.625,-1522.5,297.5
2357253,-555.625,-1522.5,297.5
2357264,-4873.75,-4081.875,1964.375
2357264,-4873.75,-4081.875,1964.375
2357274,-12643.75,-7301.875,1155.0
2357274,-12643.75,-7301.875,1155.0
2357284,1767.5,-1671.25,-1701.875
2357284,1767.5,-1671.25,-1701.875
2357294,2034.375,-848.75,140.0
2357294,2034.375,-848.75,140.0
2357305,1649.375,-1653.75,201.25
2357305,1649.375,-1653.75,201.25
2357315,993.125,-1413.125,17.5
2357315,993.125,-1413.125,17.5
2357325,-7529.375,-3692.5,945.0
2357325,-7529.375,-3692.5,945.0
2357336,-1754.375,-2747.5,-1675.625
2357336,-1754.375,-2747.5,-1675.625
2357346,3272.5,-573.125,-984.375
2357346,3272.5,-573.125,-984.375
2357356,1155.0,-923.125,-389.375
2357356,1155.0,-923.125,-389.375
2357367,791.875,-218.75,-560.0
2357367,791.875,-218.75,-560.0
2357377,918.75,-48.125,-1321.25
2357377,918.75,-48.125,-1321.25
2357388,748.125,-83.125,-2471.875
2357388,748.125,-83.125,-2471.875
2357398,975.625,-415.625,-3438.75
2357398,975.625,-415.625,-3438.75
2357408,1601.25,-507.5,-3972.5
2357408,1601.25,-507.5,-3972.5
2357418,1596.875,-713.125,-3718.75
2357418,1596.875,-713.125,-3718.75
2357429,568.75,-1124.375,-3338.125
2357429,568.75,-1124.375,-3338.125
2357439,490.0,-1137.5,-2607.5
2357439,490.0,-1137.5,-2607.5
2357449,796.25,-857.5,-1058.75
2357449,796.25,-857.5,-1058.75
2357460,1120.0,-608.125,713.125
2357460,1120.0,-608.125,713.125
2357470,682.5,-511.875,2358.125
2357470,682.5,-511.875,2358.125
2357480,21.875,-700.0,3080.0
2357480,21.875,-700.0,3080.0
2357490,-630.0,-30.625,3675.0
2357490,-630.0,-30.625,3675.0
2357501,-74.375,490.0,5442.5
2357501,-74.375,490.0,5442.5
2357511,463.75,-328.125,6177.5
2357511,463.75,-328.125,6177.5
2357521,-223.125,-765.625,4357.5
2357521,-223.125,-765.625,4357.5
2357532,-4803.75,-3088.75,4558.75
2357532,-4803.75,-3088.75,4558.75
2357543,-5411.875,-3215.625,3180.625
2357543,-5411.875,-3215.625,3180.625
2357552,258.125,-113.75,2336.25
2357552,258.125,-113.75,2336.25
2357562,953.75,-923.125,1789.375
2357562,953.75,-923.125,1789.375
2357573,2244.375,-914.375,1028.125
2357573,2244.375,-914.375,1028.125
2357583,3521.875,-1067.5,756.875
2357583,3521.875,-1067.5,756.875
2357594,1658.125,-2467.5,1281.875
2357594,1658.125,-2467.5,1281.875
2357604,-3390.625,-6588.75,481.25
2357604,-3390.625,-6588.75,481.25
2357614,2546.25,-2603.125,-2511.25
2357614,2546.25,-2603.125,-2511.25
2357625,1986.25,-1063.125,-2878.75
2357625,1986.25,-1063.125,-2878.75
2357635,385.0,-2069.375,-3451.875
2357635,385.0,-2069.375,-3451.875
2357645,-608.125,-1404.375,-3360.0
2357645,-608.125,-1404.375,-3360.0
2357656,-266.875,-1338.75,-3539.375
2357656,-266.875,-1338.75,-3539.375
2357666,210.0,-1487.5,-3171.875
2357666,210.0,-1487.5,-3171.875
2357676,573.125,-1343.125,-2323.125
2357676,573.125,-1343.125,-2323.125
2357686,-26.25,-1430.625,-818.125
2357686,-26.25,-1430.625,-818.125
2357697,-2961.875,-4633.125,1684.375
2357697,-2961.875,-4633.125,1684.375
2357707,-74.375,-2821.875,188.125
2357707,-74.375,-2821.875,188.125
2357717,468.125,-271.25,914.375
2357717,468.125,-271.25,914.375
2357728,603.75,-844.375,1999.375
2357728,603.75,-844.375,1999.375
2357738,13.125,-551.25,2918.125
2357738,13.125,-551.25,2918.125
2357748,131.25,-288.75,3307.5
2357748,131.25,-288.75,3307.5
2357759,210.0,-61.25,3670.625
2357759,210.0,-61.25,3670.625
2357769,498.75,-17.5,3863.125
2357769,498.75,-17.5,3863.125
