2381850,-1365.0,2786.875,2371.25
2381850,-1365.0,2786.875,2371.25
2381861,-2515.625,1946.875,1557.5
2381861,-2515.625,1946.875,1557.5
2381871,-4462.5,2030.0,708.75
2381871,-4462.5,2030.0,708.75
2381881,-9025.625,354.375,-2073.75
2381881,-9025.625,354.375,-2073.75
2381891,-8491.875,-892.5,-848.75
2381891,-8491.875,-892.5,-848.75
2381902,-6466.25,2703.75,2909.375
2381902,-6466.25,2703.75,2909.375
2381912,-2073.75,2690.625,3990.0
2381912,-2073.75,2690.625,3990.0
2381922,2025.625,2336.25,3596.25
2381922,2025.625,2336.25,3596.25
2381933,5753.125,1955.625,796.25
2381933,5753.125,1955.625,796.25
2381944,1080.625,-2121.875,-4545.625
2381944,1080.625,-2121.875,-4545.625
2381953,-1225.0,-266.875,-2467.5
2381953,-1225.0,-266.875,-2467.5
2381964,494.375,1491.875,761.25
2381964,494.375,1491.875,761.25
2381974,2025.625,2918.125,2944.375
2381974,2025.625,2918.125,2944.375
2381984,2279.375,3753.75,4453.75
2381984,2279.375,3753.75,4453.75
2381995,1076.25,4265.625,5040.0
2381995,1076.25,4265.625,5040.0
2382005,450.625,6286.875,6282.5
2382005,450.625,6286.875,6282.5
2382015,1163.75,4895.625,5508.125
2382015,1163.75,4895.625,5508.125
2382026,1540.0,3469.375,2961.875
2382026,1540.0,3469.375,2961.875
2382036,2480.625,1662.5,621.25
2382036,2480.625,1662.5,621.25
2382045,2620.625,1351.875,-214.375
2382045,2620.625,1351.875,-214.375
2382057,3150.0,1290.625,323.75
2382057,3150.0,1290.625,323.75
2382067,3390.625,1557.5,1316.875
2382067,3390.625,1557.5,1316.875
2382077,3661.875,1680.0,1750.0
2382077,3661.875,1680.0,1750.0
2382087,3644.375,2235.625,2178.75
2382087,3644.375,2235.625,2178.75
2382098,4396.875,1872.5,2550.625
2382098,4396.875,1872.5,2550.625
2382108,4781.875,2292.5,2786.875
2382108,4781.875,2292.5,2786.875
2382118,4029.375,1478.75,1631.875
2382118,4029.375,1478.75,1631.875
2382129,2655.625,1369.375,809.375
2382129,2655.625,1369.375,809.375
2382139,3329.375,1544.375,1426.25
2382139,3329.375,1544.375,1426.25
2382149,4090.625,1106.875,1566.25
2382149,4090.625,1106.875,1566.25
2382160,3854.375,1758.75,1627.5
2382160,3854.375,1758.75,1627.5
2382170,4270.0,1036.875,1820.0
2382170,4270.0,1036.875,1820.0
2382180,4913.125,1990.625,3206.875
2382180,4913.125,1990.625,3206.875
2382191,5621.875,2060.625,4261.25
2382191,5621.875,2060.625,4261.25
2382201,5814.375,1601.25,4825.625
2382201,5814.375,1601.25,4825.625
2382211,6028.75,2646.875,4633.125
2382211,6028.75,2646.875,4633.125
2382222,6667.5,1745.625,3906.875
2382222,6667.5,1745.625,3906.875
2382232,6313.125,1404.375,3731.875
2382232,6313.125,1404.375,3731.875
2382242,5258.75,1041.25,3780.0
2382242,5258.75,1041.25,3780.0
2382253,3543.75,1264.375,3946.25
2382253,3543.75,1264.375,3946.25
2382263,2489.375,1172.5,3416.875
2382263,2489.375,1172.5,3416.875
2382273,2178.75,988.75,2708.125
2382273,2178.75,988.75,2708.125
2382284,1855.0,-4.375,555.625
2382284,1855.0,-4.375,555.625
2382294,1246.875,-196.875,-1233.75
2382294,1246.875,-196.875,-1233.75
2382304,450.625,161.875,-1553.125
2382304,450.625,161.875,-1553.125
2382314,-490.0,-573.125,-2183.125
2382314,-490.0,-573.125,-2183.125
2382325,-1526.875,-958.125,-2349.375
2382325,-1526.875,-958.125,-2349.375
2382335,-2226.875,-800.625,-2108.75
2382335,-2226.875,-800.625,-2108.75
2382345,-2323.125,-275.625,-1780.625
2382345,-2323.125,-275.625,-1780.625
2382356,-1846.25,126.875,-1645.0
2382356,-1846.25,126.875,-1645.0
2382365,-1089.375,682.5,-1496.25
2382365,-1089.375,682.5,-1496.25
2382376,-1295.0,1246.875,-1382.5
2382376,-1295.0,1246.875,-1382.5
2382386,-2095.625,1741.25,-1365.0
2382386,-2095.625,1741.25,-1365.0
2382397,-2305.625,1872.5,-1723.75
2382397,-2305.625,1872.5,-1723.75
2382408,-2406.25,1610.0,-2489.375
2382408,-2406.25,1610.0,-2489.375
2382418,-2143.75,1544.375,-2786.875
2382418,-2143.75,1544.375,-2786.875
2382428,-1561.875,1413.125,-3115.0
2382428,-1561.875,1413.125,-3115.0
2382439,-813.75,1395.625,-3066.875
2382439,-813.75,1395.625,-3066.875
2382449,-218.75,1448.125,-2905.0
2382449,-218.75,1448.125,-2905.0
2382459,-568.75,1098.125,-2979.375
2382459,-568.75,1098.125,-2979.375
2382469,-1036.875,997.5,-2585.625
2382469,-1036.875,997.5,-2585.625
2382480,-888.125,1071.875,-1872.5
2382480,-888.125,1071.875,-1872.5
2382490,-520.625,1085.0,-1111.25
2382490,-520.625,1085.0,-1111.25
2382500,-280.0,1308.125,-573.125
2382500,-280.0,1308.125,-573.125
2382510,-52.5,1373.75,161.875
2382510,-52.5,1373.75,161.875
2382521,-91.875,1531.25,918.75
2382521,-91.875,1531.25,918.75
2382531,-192.5,1295.0,1408.75
2382531,-192.5,1295.0,1408.75
2382541,-411.25,1106.875,1487.5
2382541,-411.25,1106.875,1487.5
2382552,-188.125,743.75,1137.5
2382552,-188.125,743.75,1137.5
2382562,433.125,542.5,818.125
2382562,433.125,542.5,818.125
2382572,616.875,437.5,625.625
2382572,616.875,437.5,625.625
2382583,328.125,214.375,48.125
2382583,328.125,214.375,48.125
2382593,153.125,30.625,-586.25
2382593,153.125,30.625,-586.25
2382603,293.125,-188.125,-704.375
2382603,293.125,-188.125,-704.375
2382614,691.25,-188.125,-105.0
2382614,691.25,-188.125,-105.0
2382623,735.0,-39.375,717.5
2382623,735.0,-39.375,717.5
2382634,1098.125,-148.75,1325.625
2382634,1098.125,-148.75,1325.625
2382645,1316.875,-533.75,1168.125
2382645,1316.875,-533.75,1168.125
2382655,1509.375,-914.375,708.75
2382655,1509.375,-914.375,708.75
2382665,1251.25,-1330.0,223.125
2382665,1251.25,-1330.0,223.125
2382676,910.0,-1968.75,-538.125
2382676,910.0,-1968.75,-538.125
2382685,713.125,-2493.75,-1159.375
2382685,713.125,-2493.75,-1159.375
2382696,603.75,-2506.875,-1334.375
2382696,603.75,-2506.875,-1334.375
2382706,603.75,-2191.875,-1356.25
2382706,603.75,-2191.875,-1356.25
2382717,993.125,-1636.25,-1098.125
2382717,993.125,-1636.25,-1098.125
2382727,1229.375,-1251.25,-595.0
2382727,1229.375,-1251.25,-595.0
2382737,1351.875,-1211.875,-354.375
2382737,1351.875,-1211.875,-354.375
2382748,1198.75,-1461.25,-560.0
2382748,1198.75,-1461.25,-560.0
2382758,1093.75,-2016.875,-1382.5
2382758,1093.75,-2016.875,-1382.5
2382768,1255.625,-2493.75,-2253.125
2382768,1255.625,-2493.75,-2253.125
2382779,923.125,-2646.875,-2760.625
2382779,923.125,-2646.875,-2760.625
2382789,542.5,-2611.875,-2813.125
2382789,542.5,-2611.875,-2813.125
2382800,546.875,-2143.75,-2003.75
2382800,546.875,-2143.75,-2003.75
2382810,441.875,-1680.0,-1106.875
2382810,441.875,-1680.0,-1106.875
2382820,245.0,-1185.625,-468.125
2382820,245.0,-1185.625,-468.125
2382830,472.5,-853.125,-205.625
2382830,472.5,-853.125,-205.625
2382841,599.375,-686.875,-301.875
2382841,599.375,-686.875,-301.875
2382851,875.0,-800.625,-813.75
2382851,875.0,-800.625,-813.75
2382861,1308.125,-822.5,-1220.625
2382861,1308.125,-822.5,-1220.625
2382872,1185.625,-713.125,-1330.0
2382872,1185.625,-713.125,-1330.0
2382881,669.375,-787.5,-1592.5
2382881,669.375,-787.5,-1592.5
2382892,971.25,-787.5,-1693.125
2382892,971.25,-787.5,-1693.125
2382903,1666.875,-853.125,-1023.75
2382903,1666.875,-853.125,-1023.75
2382913,1715.0,-446.25,415.625
2382913,1715.0,-446.25,415.625
2382923,1006.25,-218.75,1080.625
2382923,1006.25,-218.75,1080.625
2382933,376.25,-402.5,818.125
2382933,376.25,-402.5,818.125
2382944,564.375,-625.625,231.875
2382944,564.375,-625.625,231.875
2382954,1242.5,-1150.625,-516.25
2382954,1242.5,-1150.625,-516.25
2382964,1653.75,-1561.875,-1330.0
2382964,1653.75,-1561.875,-1330.0
2382975,1181.25,-1868.125,-2121.875
2382975,1181.25,-1868.125,-2121.875
2382985,258.125,-1951.25,-2261.875
2382985,258.125,-1951.25,-2261.875
2382996,-538.125,-1811.25,-2012.5
2382996,-538.125,-1811.25,-2012.5
2383006,-892.5,-1334.375,-1426.25
2383006,-892.5,-1334.375,-1426.25
2383016,-398.125,-770.0,-695.625
2383016,-398.125,-770.0,-695.625
2383026,590.625,-739.375,-490.0
2383026,590.625,-739.375,-490.0
2383037,1487.5,-1089.375,-953.75
2383037,1487.5,-1089.375,-953.75
2383047,1837.5,-1496.25,-1815.625
2383047,1837.5,-1496.25,-1815.625
2383057,1798.125,-1636.25,-2253.125
2383057,1798.125,-1636.25,-2253.125
2383068,1522.5,-1470.0,-2261.875
2383068,1522.5,-1470.0,-2261.875
2383078,822.5,-1391.25,-1736.875
2383078,822.5,-1391.25,-1736.875
2383088,30.625,-949.375,-1242.5
2383088,30.625,-949.375,-1242.5
2383099,-336.875,-437.5,-910.0
2383099,-336.875,-437.5,-910.0
2383108,-555.625,-398.125,-892.5
2383108,-555.625,-398.125,-892.5
2383119,-625.625,-481.25,-1023.75
2383119,-625.625,-481.25,-1023.75
2383130,-385.0,-840.0,-1207.5
2383130,-385.0,-840.0,-1207.5
2383140,-315.0,-980.0,-1391.25
2383140,-315.0,-980.0,-1391.25
2383150,-218.75,-1290.625,-1592.5
2383150,-218.75,-1290.625,-1592.5
2383160,-2546.25,-2725.625,-1146.25
2383160,-2546.25,-2725.625,-1146.25
2383171,-3456.25,-3320.625,-1548.75
2383171,-3456.25,-3320.625,-1548.75
2383181,402.5,-564.375,-1198.75
2383181,402.5,-564.375,-1198.75
2383192,468.125,-564.375,-245.0
2383192,468.125,-564.375,-245.0
2383202,393.75,-678.125,249.375
2383202,393.75,-678.125,249.375
2383212,542.5,-813.75,-30.625
2383212,542.5,-813.75,-30.625
2383223,551.25,-1168.125,-503.125
2383223,551.25,-1168.125,-503.125
2383233,315.0,-1019.375,-315.0
2383233,315.0,-1019.375,-315.0
2383243,100.625,-678.125,-43.75
2383243,100.625,-678.125,-43.75
2383253,148.75,-638.75,-52.5
2383253,148.75,-638.75,-52.5
2383264,196.875,-835.625,-411.25
2383264,196.875,-835.625,-411.25
2383274,301.875,-883.75,-721.875
2383274,301.875,-883.75,-721.875
2383284,555.625,-949.375,-822.5
2383284,555.625,-949.375,-822.5
2383295,822.5,-1155.0,-1001.875
2383295,822.5,-1155.0,-1001.875
2383305,800.625,-1715.0,-1312.5
2383305,800.625,-1715.0,-1312.5
2383315,-2848.125,-3854.375,-249.375
2383315,-2848.125,-3854.375,-249.375
2383326,-1535.625,-3854.375,-1636.25
2383326,-1535.625,-3854.375,-1636.25
2383336,2003.75,-1347.5,-1535.625
2383336,2003.75,-1347.5,-1535.625
2383347,962.5,-1785.0,-616.875
2383347,962.5,-1785.0,-616.875
2383357,-1146.25,-2555.0,227.5
2383357,-1146.25,-2555.0,227.5
2383367,-1098.125,-2428.125,-113.75
2383367,-1098.125,-2428.125,-113.75
2383377,196.875,-752.5,-542.5
2383377,196.875,-752.5,-542.5
2383388,-188.125,-971.25,-280.0
2383388,-188.125,-971.25,-280.0
2383398,-660.625,-1465.625,-323.75
2383398,-660.625,-1465.625,-323.75
2383408,-1627.5,-2126.25,-393.75
2383408,-1627.5,-2126.25,-393.75
2383419,-4480.0,-3758.125,-214.375
2383419,-4480.0,-3758.125,-214.375
2383429,-971.25,-2244.375,-2415.0
2383429,-971.25,-2244.375,-2415.0
2383439,380.625,-1316.875,-2581.25
2383439,380.625,-1316.875,-2581.25
2383449,161.875,-1911.875,-2292.5
2383449,161.875,-1911.875,-2292.5
2383460,70.0,-1233.75,-1054.375
2383460,70.0,-1233.75,-1054.375
2383470,-586.25,-1579.375,599.375
2383470,-586.25,-1579.375,599.375
2383480,-857.5,-1719.375,1535.625
2383480,-857.5,-1719.375,1535.625
2383491,1706.25,-420.0,1435.0
2383491,1706.25,-420.0,1435.0
2383501,2327.5,-660.625,2143.75
2383501,2327.5,-660.625,2143.75
2383511,651.875,-1553.125,2905.0
2383511,651.875,-1553.125,2905.0
2383522,-205.625,-1658.125,2218.125
2383522,-205.625,-1658.125,2218.125
2383532,1373.75,-1141.875,783.125
2383532,1373.75,-1141.875,783.125
2383543,1036.875,-1325.625,599.375
2383543,1036.875,-1325.625,599.375
2383553,1006.25,-1260.0,301.875
2383553,1006.25,-1260.0,301.875
2383563,1308.125,-1260.0,-52.5
2383563,1308.125,-1260.0,-52.5
2383573,1868.125,-1330.0,4.375
2383573,1868.125,-1330.0,4.375
2383584,-91.875,-1706.25,1990.625
2383584,-91.875,-1706.25,1990.625
2383594,-2751.875,-2283.75,2305.625
2383594,-2751.875,-2283.75,2305.625
2383604,2178.75,-122.5,1050.0
2383604,2178.75,-122.5,1050.0
2383614,2419.375,472.5,2415.0
2383614,2419.375,472.5,2415.0
2383625,1290.625,-192.5,2253.125
2383625,1290.625,-192.5,2253.125
2383635,555.625,-166.25,1675.625
2383635,555.625,-166.25,1675.625
2383645,315.0,-717.5,778.75
2383645,315.0,-717.5,778.75
2383656,686.875,-533.75,848.75
2383656,686.875,-533.75,848.75
2383666,1251.25,-179.375,901.25
2383666,1251.25,-179.375,901.25
2383676,1351.875,-13.125,266.875
2383676,1351.875,-13.125,266.875
2383687,1846.25,-358.75,-870.625
2383687,1846.25,-358.75,-870.625
2383698,2345.0,-848.75,-1588.125
2383698,2345.0,-848.75,-1588.125
2383708,2248.75,-1128.75,-1811.25
2383708,2248.75,-1128.75,-1811.25
2383718,1487.5,-1509.375,-2288.125
2383718,1487.5,-1509.375,-2288.125
2383728,1128.75,-1618.75,-2935.625
2383728,1128.75,-1618.75,-2935.625
2383738,1540.0,-1658.125,-2476.25
2383738,1540.0,-1658.125,-2476.25
2383749,-481.25,-2786.875,-1456.875
2383749,-481.25,-2786.875,-1456.875
2383759,-2861.25,-4147.5,-1627.5
2383759,-2861.25,-4147.5,-1627.5
2383769,-927.5,-2996.875,-1855.0
2383769,-927.5,-2996.875,-1855.0
2383780,-1076.25,-1811.25,-468.125
2383780,-1076.25,-1811.25,-468.125
2383790,-2051.875,-1089.375,1190.0
2383790,-2051.875,-1089.375,1190.0
2383800,-2156.875,-446.25,2506.875
2383800,-2156.875,-446.25,2506.875
2383811,96.25,-336.875,2485.0
2383811,96.25,-336.875,2485.0
2383821,638.75,-433.125,2646.875
2383821,638.75,-433.125,2646.875
2383831,-984.375,-1553.125,2296.875
2383831,-984.375,-1553.125,2296.875
2383841,-1098.125,-2244.375,494.375
2383841,-1098.125,-2244.375,494.375
2383852,993.125,-2130.625,-1522.5
2383852,993.125,-2130.625,-1522.5
2383862,319.375,-2371.25,-1907.5
2383862,319.375,-2371.25,-1907.5
2383872,-1544.375,-2384.375,-1793.75
2383872,-1544.375,-2384.375,-1793.75
2383883,-1680.0,-1395.625,-1570.625
2383883,-1680.0,-1395.625,-1570.625
2383893,-1220.625,-735.0,-573.125
2383893,-1220.625,-735.0,-573.125
2383902,-739.375,-336.875,590.625
2383902,-739.375,-336.875,590.625
2383913,-8.75,-126.875,1251.25
2383913,-8.75,-126.875,1251.25
2383924,-122.5,-363.125,1365.0
2383924,-122.5,-363.125,1365.0
2383934,-1907.5,-481.25,1483.125
2383934,-1907.5,-481.25,1483.125
2383945,-822.5,-459.375,888.125
2383945,-822.5,-459.375,888.125
2383955,1159.375,-608.125,157.5
2383955,1159.375,-608.125,157.5
2383965,1028.125,-844.375,-424.375
2383965,1028.125,-844.375,-424.375
2383975,914.375,-1058.75,-1286.25
2383975,914.375,-1058.75,-1286.25
2383986,840.0,-1041.25,-2056.25
2383986,840.0,-1041.25,-2056.25
2383996,1045.625,-1233.75,-2603.125
2383996,1045.625,-1233.75,-2603.125
2384007,1369.375,-1382.5,-2673.125
2384007,1369.375,-1382.5,-2673.125
2384017,1911.875,-1583.75,-2559.375
2384017,1911.875,-1583.75,-2559.375
2384027,879.375,-2292.5,-2200.625
2384027,879.375,-2292.5,-2200.625
2384038,-1881.25,-3080.0,-2126.25
2384038,-1881.25,-3080.0,-2126.25
2384047,-927.5,-2891.875,-3036.25
2384047,-927.5,-2891.875,-3036.25
2384058,-91.875,-1995.0,-2156.875
2384058,-91.875,-1995.0,-2156.875
2384068,-1986.25,-1995.0,-131.25
2384068,-1986.25,-1995.0,-131.25
2384079,-2594.375,-1850.625,656.25
2384079,-2594.375,-1850.625,656.25
2384089,-1194.375,-791.875,1190.0
2384089,-1194.375,-791.875,1190.0
2384099,-1128.75,-284.375,2270.625
2384099,-1128.75,-284.375,2270.625
2384110,-1203.125,135.625,2935.625
2384110,-1203.125,135.625,2935.625
2384120,-4.375,888.125,2629.375
2384120,-4.375,888.125,2629.375
2384130,-13.125,1150.625,1850.625
2384130,-13.125,1150.625,1850.625
2384141,-1404.375,743.75,210.0
2384141,-1404.375,743.75,210.0
2384151,-844.375,682.5,616.875
2384151,-844.375,682.5,616.875
2384161,700.0,901.25,1583.75
2384161,700.0,901.25,1583.75
2384172,713.125,551.25,1316.875
2384172,713.125,551.25,1316.875
2384182,700.0,393.75,1058.75
2384182,700.0,393.75,1058.75
2384192,914.375,0.0,923.125
2384192,914.375,0.0,923.125
2384203,1478.75,-205.625,918.75
2384203,1478.75,-205.625,918.75
2384213,1820.0,-809.375,65.625
2384213,1820.0,-809.375,65.625
2384223,1719.375,-1233.75,-1238.125
2384223,1719.375,-1233.75,-1238.125
2384234,1233.75,-1435.0,-2104.375
2384234,1233.75,-1435.0,-2104.375
2384244,888.125,-1561.875,-2817.5
2384244,888.125,-1561.875,-2817.5
2384254,966.875,-1618.75,-3228.75
2384254,966.875,-1618.75,-3228.75
2384264,673.75,-1719.375,-3342.5
2384264,673.75,-1719.375,-3342.5
2384275,363.125,-1509.375,-2848.125
2384275,363.125,-1509.375,-2848.125
2384286,188.125,-1159.375,-1990.625
2384286,188.125,-1159.375,-1990.625
2384295,258.125,-638.75,-1264.375
2384295,258.125,-638.75,-1264.375
2384306,105.0,-560.0,-866.25
2384306,105.0,-560.0,-866.25
2384316,-240.625,-581.875,-682.5
2384316,-240.625,-581.875,-682.5
2384326,-608.125,-516.25,-459.375
2384326,-608.125,-516.25,-459.375
2384337,-1010.625,-660.625,-328.125
2384337,-1010.625,-660.625,-328.125
2384347,-1211.875,-940.625,-301.875
2384347,-1211.875,-940.625,-301.875
2384357,-1570.625,-1071.875,-245.0
2384357,-1570.625,-1071.875,-245.0
2384368,-3101.875,-1601.25,625.625
2384368,-3101.875,-1601.25,625.625
2384378,-3123.75,-1631.875,853.125
2384378,-3123.75,-1631.875,853.125
2384388,-1006.25,-258.125,800.625
2384388,-1006.25,-258.125,800.625
2384399,-490.0,-192.5,870.625
2384399,-490.0,-192.5,870.625
2384409,-65.625,-363.125,599.375
2384409,-65.625,-363.125,599.375
2384419,682.5,-713.125,144.375
2384419,682.5,-713.125,144.375
2384430,914.375,-1172.5,-428.75
2384430,914.375,-1172.5,-428.75
2384440,739.375,-892.5,-551.25
2384440,739.375,-892.5,-551.25
2384450,616.875,-765.625,-468.125
2384450,616.875,-765.625,-468.125
2384460,538.125,-743.75,-358.75
2384460,538.125,-743.75,-358.75
2384471,945.0,-840.0,-910.0
2384471,945.0,-840.0,-910.0
2384481,1570.625,-1071.875,-1041.25
2384481,1570.625,-1071.875,-1041.25
2384491,1955.625,-993.125,-122.5
2384491,1955.625,-993.125,-122.5
2384502,1973.125,-608.125,984.375
2384502,1973.125,-608.125,984.375
2384512,726.25,-249.375,1220.625
2384512,726.25,-249.375,1220.625
2384522,231.875,-192.5,774.375
2384522,231.875,-192.5,774.375
2384533,651.875,-406.875,638.75
2384533,651.875,-406.875,638.75
2384543,971.25,-778.75,367.5
2384543,971.25,-778.75,367.5
2384554,695.625,-1155.0,35.0
2384554,695.625,-1155.0,35.0
2384563,-157.5,-1369.375,-245.0
2384563,-157.5,-1369.375,-245.0
2384574,-879.375,-958.125,118.125
2384574,-879.375,-958.125,118.125
2384584,-1120.0,-393.75,971.25
2384584,-1120.0,-393.75,971.25
2384596,-761.25,-131.25,1487.5
2384596,-761.25,-131.25,1487.5
2384605,78.75,-126.875,1658.125
2384605,78.75,-126.875,1658.125
2384615,1010.625,-358.75,1561.875
2384615,1010.625,-358.75,1561.875
2384626,1273.125,-735.0,1023.75
2384626,1273.125,-735.0,1023.75
2384636,980.0,-1102.5,341.25
2384636,980.0,-1102.5,341.25
2384646,393.75,-1470.0,-126.875
2384646,393.75,-1470.0,-126.875
2384657,70.0,-1456.875,-118.125
2384657,70.0,-1456.875,-118.125
2384667,-319.375,-1299.375,240.625
2384667,-319.375,-1299.375,240.625
2384677,-980.0,-870.625,809.375
2384677,-980.0,-870.625,809.375
2384687,-1251.25,-708.75,1273.125
2384687,-1251.25,-708.75,1273.125
2384698,-1351.875,-783.125,1548.75
2384698,-1351.875,-783.125,1548.75
2384708,-1071.875,-761.25,1675.625
2384708,-1071.875,-761.25,1675.625
2384718,-717.5,-678.125,1911.875
2384718,-717.5,-678.125,1911.875
2384729,-363.125,-595.0,1995.0
2384729,-363.125,-595.0,1995.0
2384739,-350.0,-520.625,1723.75
2384739,-350.0,-520.625,1723.75
2384749,-35.0,-441.875,1693.125
2384749,-35.0,-441.875,1693.125
2384760,70.0,-468.125,1933.75
2384760,70.0,-468.125,1933.75
2384770,-192.5,-210.0,2283.75
2384770,-192.5,-210.0,2283.75
2384781,-345.625,8.75,2388.75
2384781,-345.625,8.75,2388.75
2384791,-13.125,-26.25,2541.875
2384791,-13.125,-26.25,2541.875
2384801,437.5,-52.5,2506.875
2384801,437.5,-52.5,2506.875
2384811,363.125,-280.0,2069.375
2384811,363.125,-280.0,2069.375
2384822,-78.75,-389.375,1684.375
2384822,-78.75,-389.375,1684.375
2384832,-525.0,-258.125,1872.5
2384832,-525.0,-258.125,1872.5
2384842,-892.5,-43.75,2283.75
2384842,-892.5,-43.75,2283.75
2384853,-927.5,223.125,2590.0
2384853,-927.5,223.125,2590.0
2384862,-861.875,350.0,2585.625
2384862,-861.875,350.0,2585.625
2384873,-345.625,240.625,2432.5
2384873,-345.625,240.625,2432.5
2384883,319.375,192.5,2336.25
2384883,319.375,192.5,2336.25
2384894,555.625,21.875,2191.875
2384894,555.625,21.875,2191.875
2384904,428.75,-30.625,2069.375
2384904,428.75,-30.625,2069.375
2384914,376.25,-43.75,1990.625
2384914,376.25,-43.75,1990.625
2384925,266.875,83.125,1907.5
2384925,266.875,83.125,1907.5
