2380146,-70.3125,421.875,890.625,-54.6875,-796.875,640.625,195.3125,-984.375,171.875,617.1875,-773.4375,15.625,734.375,-671.875,54.6875
2380146,-70.3125,421.875,890.625,-54.6875,-796.875,640.625,195.3125,-984.375,171.875,617.1875,-773.4375,15.625,734.375,-671.875,54.6875
2380146,-70.3125,421.875,898.4375,-54.6875,-804.6875,640.625,203.125,-976.5625,179.6875,625.0,-765.625,23.4375,734.375,-664.0625,39.0625
2380146,-70.3125,421.875,898.4375,-54.6875,-804.6875,640.625,203.125,-976.5625,179.6875,625.0,-765.625,23.4375,734.375,-664.0625,39.0625
2380155,-70.3125,421.875,898.4375,-54.6875,-796.875,640.625,203.125,-976.5625,171.875,617.1875,-765.625,23.4375,726.5625,-664.0625,46.875
2380155,-70.3125,421.875,898.4375,-54.6875,-796.875,640.625,203.125,-976.5625,171.875,617.1875,-765.625,23.4375,726.5625,-664.0625,46.875
2380155,-54.6875,414.0625,890.625,-62.5,-796.875,640.625,203.125,-984.375,171.875,617.1875,-773.4375,7.8125,734.375,-671.875,39.0625
2380155,-54.6875,414.0625,890.625,-62.5,-796.875,640.625,203.125,-984.375,171.875,617.1875,-773.4375,7.8125,734.375,-671.875,39.0625
2380308,-70.3125,421.875,906.25,-46.875,-796.875,640.625,195.3125,-984.375,179.6875,625.0,-781.25,15.625,742.1875,-671.875,39.0625
2380308,-70.3125,421.875,906.25,-46.875,-796.875,640.625,195.3125,-984.375,179.6875,625.0,-781.25,15.625,742.1875,-671.875,39.0625
2380308,-70.3125,421.875,906.25,-54.6875,-796.875,640.625,203.125,-976.5625,171.875,632.8125,-773.4375,23.4375,726.5625,-671.875,39.0625
2380308,-70.3125,421.875,906.25,-54.6875,-796.875,640.625,203.125,-976.5625,171.875,632.8125,-773.4375,23.4375,726.5625,-671.875,39.0625
2380316,-70.3125,414.0625,906.25,-62.5,-804.6875,632.8125,210.9375,-984.375,164.0625,632.8125,-781.25,23.4375,734.375,-671.875,46.875
2380316,-70.3125,414.0625,906.25,-62.5,-804.6875,632.8125,210.9375,-984.375,164.0625,632.8125,-781.25,23.4375,734.375,-671.875,46.875
2380316,-62.5,414.0625,898.4375,-54.6875,-804.6875,632.8125,203.125,-984.375,171.875,617.1875,-765.625,15.625,726.5625,-664.0625,31.25
2380316,-62.5,414.0625,898.4375,-54.6875,-804.6875,632.8125,203.125,-984.375,171.875,617.1875,-765.625,15.625,726.5625,-664.0625,31.25
2380469,-78.125,421.875,898.4375,-46.875,-796.875,640.625,203.125,-976.5625,179.6875,617.1875,-773.4375,15.625,726.5625,-671.875,39.0625
2380469,-78.125,421.875,898.4375,-46.875,-796.875,640.625,203.125,-976.5625,179.6875,617.1875,-773.4375,15.625,726.5625,-671.875,39.0625
2380469,-70.3125,414.0625,898.4375,-54.6875,-796.875,632.8125,195.3125,-976.5625,171.875,617.1875,-781.25,23.4375,726.5625,-671.875,39.0625
2380469,-70.3125,414.0625,898.4375,-54.6875,-796.875,632.8125,195.3125,-976.5625,171.875,617.1875,-781.25,23.4375,726.5625,-671.875,39.0625
2380477,-70.3125,421.875,898.4375,-54.6875,-796.875,632.8125,203.125,-976.5625,171.875,617.1875,-773.4375,7.8125,726.5625,-664.0625,39.0625
2380477,-70.3125,421.875,898.4375,-54.6875,-796.875,632.8125,203.125,-976.5625,171.875,617.1875,-773.4375,7.8125,726.5625,-664.0625,39.0625
2380477,-70.3125,421.875,898.4375,-54.6875,-796.875,632.8125,195.3125,-976.5625,171.875,625.0,-773.4375,7.8125,726.5625,-671.875,39.0625
2380477,-70.3125,421.875,898.4375,-54.6875,-796.875,632.8125,195.3125,-976.5625,171.875,625.0,-773.4375,7.8125,726.5625,-671.875,39.0625
2380509,-46.875,429.6875,890.625,-54.6875,-796.875,640.625,203.125,-968.75,171.875,625.0,-781.25,15.625,734.375,-671.875,46.875
2380509,-46.875,429.6875,890.625,-54.6875,-796.875,640.625,203.125,-968.75,171.875,625.0,-781.25,15.625,734.375,-671.875,46.875
2380509,-101.5625,429.6875,906.25,-70.3125,-804.6875,640.625,195.3125,-976.5625,179.6875,625.0,-781.25,7.8125,734.375,-671.875,39.0625
2380509,-101.5625,429.6875,906.25,-70.3125,-804.6875,640.625,195.3125,-976.5625,179.6875,625.0,-781.25,7.8125,734.375,-671.875,39.0625
2380517,-93.75,429.6875,898.4375,-54.6875,-804.6875,632.8125,210.9375,-976.5625,179.6875,625.0,-773.4375,15.625,734.375,-671.875,39.0625
2380517,-93.75,429.6875,898.4375,-54.6875,-804.6875,632.8125,210.9375,-976.5625,179.6875,625.0,-773.4375,15.625,734.375,-671.875,39.0625
2380518,-62.5,421.875,906.25,-46.875,-796.875,640.625,203.125,-976.5625,179.6875,617.1875,-773.4375,7.8125,734.375,-671.875,39.0625
2380518,-62.5,421.875,906.25,-46.875,-796.875,640.625,203.125,-976.5625,179.6875,617.1875,-773.4375,7.8125,734.375,-671.875,39.0625
2380671,-78.125,414.0625,898.4375,-62.5,-796.875,640.625,195.3125,-976.5625,179.6875,617.1875,-773.4375,7.8125,734.375,-671.875,39.0625
2380671,-78.125,414.0625,898.4375,-62.5,-796.875,640.625,195.3125,-976.5625,179.6875,617.1875,-773.4375,7.8125,734.375,-671.875,39.0625
2380671,-78.125,414.0625,898.4375,-54.6875,-812.5,640.625,195.3125,-968.75,171.875,617.1875,-773.4375,7.8125,734.375,-671.875,39.0625
2380671,-78.125,414.0625,898.4375,-54.6875,-812.5,640.625,195.3125,-968.75,171.875,617.1875,-773.4375,7.8125,734.375,-671.875,39.0625
2380679,-78.125,414.0625,906.25,-54.6875,-796.875,640.625,203.125,-976.5625,179.6875,625.0,-781.25,15.625,734.375,-679.6875,31.25
2380679,-78.125,414.0625,906.25,-54.6875,-796.875,640.625,203.125,-976.5625,179.6875,625.0,-781.25,15.625,734.375,-679.6875,31.25
2380679,-85.9375,421.875,898.4375,-54.6875,-796.875,640.625,195.3125,-984.375,171.875,632.8125,-781.25,15.625,734.375,-679.6875,31.25
2380679,-85.9375,421.875,898.4375,-54.6875,-796.875,640.625,195.3125,-984.375,171.875,632.8125,-781.25,15.625,734.375,-679.6875,31.25
2380711,-85.9375,421.875,898.4375,-46.875,-812.5,640.625,203.125,-984.375,171.875,625.0,-781.25,15.625,742.1875,-679.6875,31.25
2380711,-85.9375,421.875,898.4375,-46.875,-812.5,640.625,203.125,-984.375,171.875,625.0,-781.25,15.625,742.1875,-679.6875,31.25
2380711,-78.125,421.875,898.4375,-54.6875,-804.6875,640.625,203.125,-992.1875,179.6875,625.0,-773.4375,15.625,742.1875,-679.6875,31.25
2380711,-78.125,421.875,898.4375,-54.6875,-804.6875,640.625,203.125,-992.1875,179.6875,625.0,-773.4375,15.625,742.1875,-679.6875,31.25
2380719,-78.125,421.875,906.25,-46.875,-804.6875,640.625,203.125,-992.1875,171.875,617.1875,-781.25,7.8125,734.375,-679.6875,31.25
2380719,-78.125,421.875,906.25,-46.875,-804.6875,640.625,203.125,-992.1875,171.875,617.1875,-781.25,7.8125,734.375,-679.6875,31.25
2380719,-70.3125,421.875,906.25,-62.5,-804.6875,640.625,203.125,-992.1875,171.875,617.1875,-781.25,7.8125,742.1875,-671.875,31.25
2380719,-70.3125,421.875,906.25,-62.5,-804.6875,640.625,203.125,-992.1875,171.875,617.1875,-781.25,7.8125,742.1875,-671.875,31.25
2380873,-78.125,421.875,890.625,-62.5,-804.6875,625.0,195.3125,-976.5625,171.875,625.0,-773.4375,15.625,726.5625,-671.875,31.25
2380873,-78.125,421.875,890.625,-62.5,-804.6875,625.0,195.3125,-976.5625,171.875,625.0,-773.4375,15.625,726.5625,-671.875,31.25
2380873,-78.125,414.0625,898.4375,-62.5,-804.6875,640.625,203.125,-984.375,171.875,617.1875,-773.4375,15.625,726.5625,-671.875,31.25
2380873,-78.125,414.0625,898.4375,-62.5,-804.6875,640.625,203.125,-984.375,171.875,617.1875,-773.4375,15.625,726.5625,-671.875,31.25
2380881,-78.125,421.875,906.25,-62.5,-796.875,640.625,203.125,-976.5625,179.6875,617.1875,-773.4375,15.625,726.5625,-679.6875,39.0625
2380881,-78.125,421.875,906.25,-62.5,-796.875,640.625,203.125,-976.5625,179.6875,617.1875,-773.4375,15.625,726.5625,-679.6875,39.0625
2380881,-70.3125,429.6875,906.25,-54.6875,-796.875,640.625,203.125,-968.75,179.6875,625.0,-773.4375,15.625,734.375,-671.875,39.0625
2380881,-70.3125,429.6875,906.25,-54.6875,-796.875,640.625,203.125,-968.75,179.6875,625.0,-773.4375,15.625,734.375,-671.875,39.0625
2381034,-78.125,414.0625,906.25,-62.5,-804.6875,625.0,195.3125,-976.5625,171.875,617.1875,-765.625,15.625,726.5625,-671.875,39.0625
2381034,-78.125,414.0625,906.25,-62.5,-804.6875,625.0,195.3125,-976.5625,171.875,617.1875,-765.625,15.625,726.5625,-671.875,39.0625
2381034,-78.125,421.875,906.25,-54.6875,-804.6875,632.8125,203.125,-976.5625,171.875,625.0,-773.4375,7.8125,726.5625,-671.875,39.0625
2381034,-78.125,421.875,906.25,-54.6875,-804.6875,632.8125,203.125,-976.5625,171.875,625.0,-773.4375,7.8125,726.5625,-671.875,39.0625
2381042,-85.9375,421.875,906.25,-54.6875,-789.0625,632.8125,203.125,-968.75,171.875,617.1875,-773.4375,7.8125,742.1875,-671.875,31.25
2381042,-85.9375,421.875,906.25,-54.6875,-789.0625,632.8125,203.125,-968.75,171.875,617.1875,-773.4375,7.8125,742.1875,-671.875,31.25
2381042,-78.125,421.875,906.25,-62.5,-796.875,632.8125,195.3125,-984.375,171.875,625.0,-781.25,23.4375,734.375,-671.875,39.0625
2381042,-78.125,421.875,906.25,-62.5,-796.875,632.8125,195.3125,-984.375,171.875,625.0,-781.25,23.4375,734.375,-671.875,39.0625
2381195,-85.9375,414.0625,898.4375,-54.6875,-804.6875,640.625,203.125,-976.5625,179.6875,632.8125,-773.4375,15.625,734.375,-671.875,31.25
2381195,-85.9375,414.0625,898.4375,-54.6875,-804.6875,640.625,203.125,-976.5625,179.6875,632.8125,-773.4375,15.625,734.375,-671.875,31.25
2381195,-93.75,421.875,906.25,-62.5,-804.6875,632.8125,195.3125,-976.5625,171.875,617.1875,-773.4375,15.625,742.1875,-679.6875,39.0625
2381195,-93.75,421.875,906.25,-62.5,-804.6875,632.8125,195.3125,-976.5625,171.875,617.1875,-773.4375,15.625,742.1875,-679.6875,39.0625
2381203,-70.3125,421.875,898.4375,-62.5,-804.6875,640.625,203.125,-976.5625,179.6875,617.1875,-773.4375,15.625,726.5625,-671.875,39.0625
2381203,-70.3125,421.875,898.4375,-62.5,-804.6875,640.625,203.125,-976.5625,179.6875,617.1875,-773.4375,15.625,726.5625,-671.875,39.0625
2381203,-78.125,429.6875,890.625,-54.6875,-796.875,632.8125,203.125,-968.75,171.875,617.1875,-773.4375,23.4375,726.5625,-671.875,31.25
2381203,-78.125,429.6875,890.625,-54.6875,-796.875,632.8125,203.125,-968.75,171.875,617.1875,-773.4375,23.4375,726.5625,-671.875,31.25
2381235,-93.75,414.0625,898.4375,-62.5,-796.875,640.625,195.3125,-976.5625,171.875,617.1875,-773.4375,7.8125,726.5625,-679.6875,39.0625
2381235,-93.75,414.0625,898.4375,-62.5,-796.875,640.625,195.3125,-976.5625,171.875,617.1875,-773.4375,7.8125,726.5625,-679.6875,39.0625
2381235,-78.125,414.0625,898.4375,-62.5,-804.6875,632.8125,203.125,-968.75,179.6875,625.0,-773.4375,7.8125,734.375,-671.875,31.25
2381235,-78.125,414.0625,898.4375,-62.5,-804.6875,632.8125,203.125,-968.75,179.6875,625.0,-773.4375,7.8125,734.375,-671.875,31.25
2381243,-85.9375,421.875,898.4375,-70.3125,-804.6875,640.625,203.125,-984.375,179.6875,625.0,-773.4375,15.625,726.5625,-671.875,31.25
2381243,-85.9375,421.875,898.4375,-70.3125,-804.6875,640.625,203.125,-984.375,179.6875,625.0,-773.4375,15.625,726.5625,-671.875,31.25
2381244,-78.125,421.875,906.25,-54.6875,-796.875,640.625,203.125,-984.375,164.0625,632.8125,-773.4375,7.8125,742.1875,-671.875,31.25
2381244,-78.125,421.875,906.25,-54.6875,-796.875,640.625,203.125,-984.375,164.0625,632.8125,-773.4375,7.8125,742.1875,-671.875,31.25
2381913,-195.3125,1164.0625,804.6875,-31.25,-820.3125,937.5,242.1875,-1171.875,398.4375,710.9375,-1000.0,203.125,726.5625,-906.25,351.5625
2381913,-195.3125,1164.0625,804.6875,-31.25,-820.3125,937.5,242.1875,-1171.875,398.4375,710.9375,-1000.0,203.125,726.5625,-906.25,351.5625
2381921,-164.0625,1117.1875,781.25,-62.5,-812.5,882.8125,218.75,-1164.0625,382.8125,687.5,-984.375,218.75,718.75,-906.25,382.8125
2381921,-164.0625,1117.1875,781.25,-62.5,-812.5,882.8125,218.75,-1164.0625,382.8125,687.5,-984.375,218.75,718.75,-906.25,382.8125
2381921,-140.625,1070.3125,757.8125,-85.9375,-796.875,835.9375,195.3125,-1148.4375,351.5625,671.875,-992.1875,218.75,703.125,-898.4375,390.625
2381921,-140.625,1070.3125,757.8125,-85.9375,-796.875,835.9375,195.3125,-1148.4375,351.5625,671.875,-992.1875,218.75,703.125,-898.4375,390.625
2381929,-132.8125,1023.4375,734.375,-101.5625,-789.0625,796.875,171.875,-1125.0,335.9375,640.625,-976.5625,203.125,687.5,-898.4375,421.875
2381929,-132.8125,1023.4375,734.375,-101.5625,-789.0625,796.875,171.875,-1125.0,335.9375,640.625,-976.5625,203.125,687.5,-898.4375,421.875
2382074,-414.0625,234.375,-132.8125,-453.125,15.625,62.5,-273.4375,-132.8125,257.8125,-171.875,-257.8125,289.0625,-140.625,-234.375,281.25
2382074,-414.0625,234.375,-132.8125,-453.125,15.625,62.5,-273.4375,-132.8125,257.8125,-171.875,-257.8125,289.0625,-140.625,-234.375,281.25
2382082,-390.625,203.125,-140.625,-476.5625,39.0625,54.6875,-281.25,-101.5625,257.8125,-187.5,-242.1875,281.25,-164.0625,-218.75,250.0
2382082,-390.625,203.125,-140.625,-476.5625,39.0625,54.6875,-281.25,-101.5625,257.8125,-187.5,-242.1875,281.25,-164.0625,-218.75,250.0
2382082,-382.8125,195.3125,-156.25,-460.9375,70.3125,78.125,-312.5,-78.125,234.375,-218.75,-242.1875,250.0,-218.75,-234.375,234.375
2382082,-382.8125,195.3125,-156.25,-460.9375,70.3125,78.125,-312.5,-78.125,234.375,-218.75,-242.1875,250.0,-218.75,-234.375,234.375
2382091,-398.4375,171.875,-171.875,-445.3125,109.375,85.9375,-335.9375,-46.875,179.6875,-273.4375,-226.5625,218.75,-234.375,-250.0,226.5625
2382091,-398.4375,171.875,-171.875,-445.3125,109.375,85.9375,-335.9375,-46.875,179.6875,-273.4375,-226.5625,218.75,-234.375,-250.0,226.5625
2382234,-492.1875,437.5,-734.375,-695.3125,562.5,70.3125,-687.5,265.625,343.75,-671.875,-85.9375,468.75,-648.4375,-234.375,437.5
2382234,-492.1875,437.5,-734.375,-695.3125,562.5,70.3125,-687.5,265.625,343.75,-671.875,-85.9375,468.75,-648.4375,-234.375,437.5
2382244,-500.0,468.75,-710.9375,-703.125,562.5,93.75,-679.6875,296.875,382.8125,-695.3125,-62.5,484.375,-679.6875,-218.75,398.4375
2382244,-500.0,468.75,-710.9375,-703.125,562.5,93.75,-679.6875,296.875,382.8125,-695.3125,-62.5,484.375,-679.6875,-218.75,398.4375
2382244,-476.5625,531.25,-671.875,-710.9375,554.6875,109.375,-664.0625,320.3125,421.875,-687.5,-39.0625,492.1875,-718.75,-203.125,367.1875
2382244,-476.5625,531.25,-671.875,-710.9375,554.6875,109.375,-664.0625,320.3125,421.875,-687.5,-39.0625,492.1875,-718.75,-203.125,367.1875
2382252,-484.375,585.9375,-617.1875,-734.375,562.5,109.375,-648.4375,328.125,468.75,-703.125,-7.8125,507.8125,-734.375,-195.3125,328.125
2382252,-484.375,585.9375,-617.1875,-734.375,562.5,109.375,-648.4375,328.125,468.75,-703.125,-7.8125,507.8125,-734.375,-195.3125,328.125
2382397,-593.75,515.625,-718.75,-828.125,679.6875,-265.625,-960.9375,554.6875,-101.5625,-1093.75,70.3125,54.6875,-1046.875,-31.25,-46.875
2382397,-593.75,515.625,-718.75,-828.125,679.6875,-265.625,-960.9375,554.6875,-101.5625,-1093.75,70.3125,54.6875,-1046.875,-31.25,-46.875
2382405,-609.375,500.0,-742.1875,-867.1875,648.4375,-257.8125,-992.1875,523.4375,-70.3125,-1062.5,39.0625,109.375,-1007.8125,-70.3125,31.25
2382405,-609.375,500.0,-742.1875,-867.1875,648.4375,-257.8125,-992.1875,523.4375,-70.3125,-1062.5,39.0625,109.375,-1007.8125,-70.3125,31.25
2382405,-601.5625,429.6875,-773.4375,-890.625,640.625,-273.4375,-976.5625,500.0,-23.4375,-1039.0625,15.625,156.25,-960.9375,-109.375,148.4375
2382405,-601.5625,429.6875,-773.4375,-890.625,640.625,-273.4375,-976.5625,500.0,-23.4375,-1039.0625,15.625,156.25,-960.9375,-109.375,148.4375
2382413,-617.1875,367.1875,-789.0625,-875.0,632.8125,-218.75,-960.9375,500.0,39.0625,-1015.625,0.0,218.75,-906.25,-164.0625,257.8125
2382413,-617.1875,367.1875,-789.0625,-875.0,632.8125,-218.75,-960.9375,500.0,39.0625,-1015.625,0.0,218.75,-906.25,-164.0625,257.8125
2382558,-523.4375,296.875,-773.4375,-859.375,539.0625,-406.25,-945.3125,500.0,-187.5,-1085.9375,31.25,-117.1875,-1007.8125,-210.9375,-242.1875
2382558,-523.4375,296.875,-773.4375,-859.375,539.0625,-406.25,-945.3125,500.0,-187.5,-1085.9375,31.25,-117.1875,-1007.8125,-210.9375,-242.1875
2382566,-523.4375,281.25,-773.4375,-843.75,539.0625,-406.25,-929.6875,492.1875,-187.5,-1078.125,31.25,-109.375,-1000.0,-226.5625,-234.375
2382566,-523.4375,281.25,-773.4375,-843.75,539.0625,-406.25,-929.6875,492.1875,-187.5,-1078.125,31.25,-109.375,-1000.0,-226.5625,-234.375
2382566,-515.625,289.0625,-781.25,-851.5625,500.0,-429.6875,-937.5,468.75,-203.125,-1078.125,15.625,-117.1875,-1007.8125,-218.75,-250.0
2382566,-515.625,289.0625,-781.25,-851.5625,500.0,-429.6875,-937.5,468.75,-203.125,-1078.125,15.625,-117.1875,-1007.8125,-218.75,-250.0
2382574,-500.0,304.6875,-789.0625,-882.8125,468.75,-468.75,-968.75,453.125,-257.8125,-1101.5625,7.8125,-140.625,-1039.0625,-210.9375,-281.25
2382574,-500.0,304.6875,-789.0625,-882.8125,468.75,-468.75,-968.75,453.125,-257.8125,-1101.5625,7.8125,-140.625,-1039.0625,-210.9375,-281.25
2382719,-429.6875,414.0625,-882.8125,289.0625,70.3125,804.6875,1187.5,46.875,2085.9375,546.875,203.125,1554.6875,140.625,195.3125,945.3125
2382719,-429.6875,414.0625,-882.8125,289.0625,70.3125,804.6875,1187.5,46.875,2085.9375,546.875,203.125,1554.6875,140.625,195.3125,945.3125
2382727,-515.625,484.375,-968.75,414.0625,601.5625,1515.625,1218.75,-296.875,2015.625,843.75,-101.5625,1671.875,335.9375,-46.875,1484.375
2382727,-515.625,484.375,-968.75,414.0625,601.5625,1515.625,1218.75,-296.875,2015.625,843.75,-101.5625,1671.875,335.9375,-46.875,1484.375
2382727,-500.0,343.75,-953.125,250.0,281.25,1382.8125,1125.0,-625.0,2046.875,601.5625,-398.4375,1953.125,929.6875,-203.125,2312.5
2382727,-500.0,343.75,-953.125,250.0,281.25,1382.8125,1125.0,-625.0,2046.875,601.5625,-398.4375,1953.125,929.6875,-203.125,2312.5
2382735,-507.8125,484.375,-929.6875,429.6875,226.5625,1515.625,1054.6875,-750.0,2062.5,1546.875,-648.4375,1937.5,867.1875,-632.8125,2882.8125
2382735,-507.8125,484.375,-929.6875,429.6875,226.5625,1515.625,1054.6875,-750.0,2062.5,1546.875,-648.4375,1937.5,867.1875,-632.8125,2882.8125
2382800,-554.6875,210.9375,-859.375,-859.375,679.6875,460.9375,-226.5625,242.1875,804.6875,78.125,-437.5,968.75,85.9375,0.0,1687.5
2382800,-554.6875,210.9375,-859.375,-859.375,679.6875,460.9375,-226.5625,242.1875,804.6875,78.125,-437.5,968.75,85.9375,0.0,1687.5
2382808,-492.1875,140.625,-906.25,-890.625,593.75,281.25,-335.9375,242.1875,640.625,-257.8125,-218.75,710.9375,62.5,117.1875,1031.25
2382808,-492.1875,140.625,-906.25,-890.625,593.75,281.25,-335.9375,242.1875,640.625,-257.8125,-218.75,710.9375,62.5,117.1875,1031.25
2382808,-460.9375,54.6875,-937.5,-937.5,523.4375,156.25,-328.125,187.5,484.375,-421.875,-23.4375,546.875,-46.875,257.8125,257.8125
2382808,-460.9375,54.6875,-937.5,-937.5,523.4375,156.25,-328.125,187.5,484.375,-421.875,-23.4375,546.875,-46.875,257.8125,257.8125
2382816,-460.9375,0.0,-1007.8125,-968.75,531.25,132.8125,-281.25,210.9375,468.75,-476.5625,46.875,476.5625,-179.6875,375.0,-312.5
2382816,-460.9375,0.0,-1007.8125,-968.75,531.25,132.8125,-281.25,210.9375,468.75,-476.5625,46.875,476.5625,-179.6875,375.0,-312.5
2382961,-382.8125,-101.5625,-851.5625,-554.6875,-437.5,-125.0,-15.625,-648.4375,335.9375,109.375,-632.8125,601.5625,-296.875,-476.5625,679.6875
2382961,-382.8125,-101.5625,-851.5625,-554.6875,-437.5,-125.0,-15.625,-648.4375,335.9375,109.375,-632.8125,601.5625,-296.875,-476.5625,679.6875
2382969,-515.625,-171.875,-898.4375,-343.75,-359.375,156.25,203.125,-687.5,648.4375,304.6875,-585.9375,765.625,-218.75,-421.875,1000.0
2382969,-515.625,-171.875,-898.4375,-343.75,-359.375,156.25,203.125,-687.5,648.4375,304.6875,-585.9375,765.625,-218.75,-421.875,1000.0
2382969,-632.8125,-203.125,-898.4375,-234.375,-226.5625,460.9375,312.5,-632.8125,929.6875,476.5625,-601.5625,968.75,7.8125,-492.1875,1320.3125
2382969,-632.8125,-203.125,-898.4375,-234.375,-226.5625,460.9375,312.5,-632.8125,929.6875,476.5625,-601.5625,968.75,7.8125,-492.1875,1320.3125
2382977,-695.3125,-234.375,-820.3125,-93.75,39.0625,789.0625,460.9375,-523.4375,1195.3125,562.5,-671.875,1187.5,15.625,-539.0625,1601.5625
2382977,-695.3125,-234.375,-820.3125,-93.75,39.0625,789.0625,460.9375,-523.4375,1195.3125,562.5,-671.875,1187.5,15.625,-539.0625,1601.5625
2383122,-445.3125,328.125,-687.5,-1039.0625,132.8125,-859.375,-1343.75,437.5,-882.8125,-1367.1875,62.5,-593.75,-1070.3125,-46.875,-507.8125
2383122,-445.3125,328.125,-687.5,-1039.0625,132.8125,-859.375,-1343.75,437.5,-882.8125,-1367.1875,62.5,-593.75,-1070.3125,-46.875,-507.8125
2383130,-429.6875,296.875,-718.75,-1093.75,101.5625,-984.375,-1429.6875,367.1875,-906.25,-1289.0625,31.25,-546.875,-1046.875,0.0,-539.0625
2383130,-429.6875,296.875,-718.75,-1093.75,101.5625,-984.375,-1429.6875,367.1875,-906.25,-1289.0625,31.25,-546.875,-1046.875,0.0,-539.0625
2383130,-453.125,250.0,-765.625,-1085.9375,125.0,-1000.0,-1429.6875,312.5,-921.875,-1289.0625,0.0,-523.4375,-1078.125,-7.8125,-585.9375
2383130,-453.125,250.0,-765.625,-1085.9375,125.0,-1000.0,-1429.6875,312.5,-921.875,-1289.0625,0.0,-523.4375,-1078.125,-7.8125,-585.9375
2383138,-468.75,226.5625,-804.6875,-1093.75,156.25,-976.5625,-1390.625,382.8125,-906.25,-1320.3125,-15.625,-593.75,-1093.75,-78.125,-648.4375
2383138,-468.75,226.5625,-804.6875,-1093.75,156.25,-976.5625,-1390.625,382.8125,-906.25,-1320.3125,-15.625,-593.75,-1093.75,-78.125,-648.4375
2383203,-398.4375,312.5,-742.1875,-515.625,-101.5625,-492.1875,15.625,-265.625,-843.75,-546.875,-46.875,-562.5,-812.5,-7.8125,-773.4375
2383203,-398.4375,312.5,-742.1875,-515.625,-101.5625,-492.1875,15.625,-265.625,-843.75,-546.875,-46.875,-562.5,-812.5,-7.8125,-773.4375
2383211,-382.8125,242.1875,-765.625,-570.3125,-70.3125,-367.1875,156.25,-250.0,-382.8125,-234.375,-117.1875,-210.9375,-554.6875,-203.125,-351.5625
2383211,-382.8125,242.1875,-765.625,-570.3125,-70.3125,-367.1875,156.25,-250.0,-382.8125,-234.375,-117.1875,-210.9375,-554.6875,-203.125,-351.5625
2383211,-437.5,101.5625,-812.5,-570.3125,-7.8125,-171.875,523.4375,-335.9375,117.1875,250.0,-125.0,93.75,-257.8125,-156.25,31.25
2383211,-437.5,101.5625,-812.5,-570.3125,-7.8125,-171.875,523.4375,-335.9375,117.1875,250.0,-125.0,93.75,-257.8125,-156.25,31.25
2383219,-515.625,31.25,-851.5625,-507.8125,-23.4375,46.875,648.4375,-281.25,484.375,437.5,-54.6875,492.1875,-109.375,-46.875,335.9375
2383219,-515.625,31.25,-851.5625,-507.8125,-23.4375,46.875,648.4375,-281.25,484.375,437.5,-54.6875,492.1875,-109.375,-46.875,335.9375
