2380143,13.125,-13.125,0.0
2380143,13.125,-13.125,0.0
2380153,26.25,-48.125,-4.375
2380153,26.25,-48.125,-4.375
2380304,8.75,-39.375,-48.125
2380304,8.75,-39.375,-48.125
2380314,13.125,-56.875,-56.875
2380314,13.125,-56.875,-56.875
2380466,-4.375,-21.875,4.375
2380466,-4.375,-21.875,4.375
2380476,-26.25,-17.5,21.875
2380476,-26.25,-17.5,21.875
2380506,78.75,-100.625,-17.5
2380506,78.75,-100.625,-17.5
2380516,83.125,-166.25,-87.5
2380516,83.125,-166.25,-87.5
2380667,70.0,-17.5,-8.75
2380667,70.0,-17.5,-8.75
2380678,83.125,-35.0,-8.75
2380678,83.125,-35.0,-8.75
2380708,-21.875,-35.0,13.125
2380708,-21.875,-35.0,13.125
2380718,-56.875,-30.625,8.75
2380718,-56.875,-30.625,8.75
2380869,-43.75,-21.875,0.0
2380869,-43.75,-21.875,0.0
2380880,-21.875,-17.5,4.375
2380880,-21.875,-17.5,4.375
2381031,-4.375,-21.875,-52.5
2381031,-4.375,-21.875,-52.5
2381041,8.75,-21.875,-48.125
2381041,8.75,-21.875,-48.125
2381192,-13.125,-4.375,-4.375
2381192,-13.125,-4.375,-4.375
2381202,-4.375,-8.75,13.125
2381202,-4.375,-8.75,13.125
2381233,21.875,-8.75,-8.75
2381233,21.875,-8.75,-8.75
2381243,4.375,-8.75,-8.75
2381243,4.375,-8.75,-8.75
2381909,-11182.5,-713.125,-18121.25
2381909,-11182.5,-713.125,-18121.25
2381919,-9646.875,118.125,-18580.625
2381919,-9646.875,118.125,-18580.625
2382070,-7039.375,-12980.625,-9257.5
2382070,-7039.375,-12980.625,-9257.5
2382080,-5998.125,-13291.25,-9441.25
2382080,-5998.125,-13291.25,-9441.25
2382232,-3696.875,-8592.5,-455.0
2382232,-3696.875,-8592.5,-455.0
2382242,-3963.75,-7039.375,-280.0
2382242,-3963.75,-7039.375,-280.0
2382393,-2314.375,-3583.125,-1417.5
2382393,-2314.375,-3583.125,-1417.5
2382403,-1286.25,-3298.75,-1356.25
2382403,-1286.25,-3298.75,-1356.25
2382555,-1054.375,-2244.375,-1141.875
2382555,-1054.375,-2244.375,-1141.875
2382565,-686.875,-1885.625,-1076.25
2382565,-686.875,-1885.625,-1076.25
2382716,-4943.75,-3290.0,-660.625
2382716,-4943.75,-3290.0,-660.625
2382726,748.125,-1964.375,-1452.5
2382726,748.125,-1964.375,-1452.5
2382797,1955.625,-17.5,-1855.0
2382797,1955.625,-17.5,-1855.0
2382807,4344.375,271.25,-1343.125
2382807,4344.375,271.25,-1343.125
2382958,9817.5,301.875,218.75
2382958,9817.5,301.875,218.75
2382969,11768.75,-481.25,-1141.875
2382969,11768.75,-481.25,-1141.875
2383120,-6160.0,-2095.625,892.5
2383120,-6160.0,-2095.625,892.5
2383130,-4571.875,-1876.875,1220.625
2383130,-4571.875,-1876.875,1220.625
2383201,5315.625,1325.625,-367.5
2383201,5315.625,1325.625,-367.5
2383211,8015.0,1133.125,-875.0
2383211,8015.0,1133.125,-875.0
