2345677,1211.875,-153.125,787.5
2345677,1211.875,-153.125,787.5
2345688,1076.25,0.0,1308.125
2345688,1076.25,0.0,1308.125
2345698,1338.75,511.875,1767.5
2345698,1338.75,511.875,1767.5
2345708,966.875,520.625,1802.5
2345708,966.875,520.625,1802.5
2345718,-109.375,266.875,2021.25
2345718,-109.375,266.875,2021.25
2345729,-1124.375,398.125,2642.5
2345729,-1124.375,398.125,2642.5
2345739,-861.875,358.75,3771.25
2345739,-861.875,358.75,3771.25
2345749,-1640.625,-700.0,5691.875
2345749,-1640.625,-700.0,5691.875
2345759,-1001.875,-1260.0,7402.5
2345759,-1001.875,-1260.0,7402.5
2345770,245.0,-1054.375,8452.5
2345770,245.0,-1054.375,8452.5
2345780,1981.875,647.5,8067.5
2345780,1981.875,647.5,8067.5
2345790,4882.5,1942.5,7555.625
2345790,4882.5,1942.5,7555.625
2345801,7008.75,4716.25,7616.875
2345801,7008.75,4716.25,7616.875
2345811,7481.25,6181.875,9003.75
2345811,7481.25,6181.875,9003.75
2345821,6877.5,6488.125,10578.75
2345821,6877.5,6488.125,10578.75
2345832,4672.5,5726.875,11615.625
2345832,4672.5,5726.875,11615.625
2345842,2314.375,6072.5,14109.375
2345842,2314.375,6072.5,14109.375
2345853,-1347.5,8067.5,19131.875
2345853,-1347.5,8067.5,19131.875
2345863,-6881.875,10517.5,27895.0
2345863,-6881.875,10517.5,27895.0
2345873,-11366.25,12035.625,38885.0
2345873,-11366.25,12035.625,38885.0
2345883,-14634.375,12980.625,49175.0
2345883,-14634.375,12980.625,49175.0
2345894,-19906.25,17867.5,63713.125
2345894,-19906.25,17867.5,63713.125
2345904,-28573.125,26936.875,78916.25
2345904,-28573.125,26936.875,78916.25
2345914,-41081.25,35875.0,94679.375
2345914,-41081.25,35875.0,94679.375
2345925,-35638.75,36592.5,89468.75
2345925,-35638.75,36592.5,89468.75
2345935,33005.0,15986.25,7214.375
2345935,33005.0,15986.25,7214.375
2345945,6203.75,7455.0,-1246.875
2345945,6203.75,7455.0,-1246.875
2345955,-2226.875,8417.5,35070.0
2345955,-2226.875,8417.5,35070.0
2345966,2948.75,35927.5,21896.875
2345966,2948.75,35927.5,21896.875
2345976,-12670.0,56564.375,18068.75
2345976,-12670.0,56564.375,18068.75
2345986,10434.375,40420.625,26245.625
2345986,10434.375,40420.625,26245.625
2345997,15395.625,-2047.5,4777.5
2345997,15395.625,-2047.5,4777.5
2346008,22159.375,-85211.875,-10648.75
2346008,22159.375,-85211.875,-10648.75
2346017,35783.125,-105844.375,23725.625
2346017,35783.125,-105844.375,23725.625
2346028,11974.375,-26893.125,4786.25
2346028,11974.375,-26893.125,4786.25
2346038,-1190.0,15623.125,1478.75
2346038,-1190.0,15623.125,1478.75
2346049,6658.75,5858.125,8995.0
2346049,6658.75,5858.125,8995.0
2346059,6671.875,2537.5,9616.25
2346059,6671.875,2537.5,9616.25
2346069,2266.25,4668.125,6531.875
2346069,2266.25,4668.125,6531.875
2346079,1557.5,3202.5,3740.625
2346079,1557.5,3202.5,3740.625
2346090,3084.375,2476.25,2730.0
2346090,3084.375,2476.25,2730.0
2346100,5923.75,2730.0,3456.25
2346100,5923.75,2730.0,3456.25
2346110,8181.25,2795.625,4081.875
2346110,8181.25,2795.625,4081.875
2346121,8321.25,1610.0,3517.5
2346121,8321.25,1610.0,3517.5
2346131,6825.0,485.625,1785.0
2346131,6825.0,485.625,1785.0
2346141,5258.75,-743.75,743.75
2346141,5258.75,-743.75,743.75
2346151,3303.125,-1846.25,1356.25
2346151,3303.125,-1846.25,1356.25
2346162,3906.875,-179.375,590.625
2346162,3906.875,-179.375,590.625
2346172,4528.125,603.75,1255.625
2346172,4528.125,603.75,1255.625
2346183,5508.125,354.375,2769.375
2346183,5508.125,354.375,2769.375
2346192,5735.625,350.0,3281.25
2346192,5735.625,350.0,3281.25
2346204,3981.25,1408.75,3539.375
2346204,3981.25,1408.75,3539.375
2346213,3403.75,393.75,3548.125
2346213,3403.75,393.75,3548.125
2346224,3946.25,525.0,2664.375
2346224,3946.25,525.0,2664.375
2346234,1579.375,166.25,2305.625
2346234,1579.375,166.25,2305.625
2346244,56.875,-560.0,1325.625
2346244,56.875,-560.0,1325.625
2346255,201.25,96.25,682.5
2346255,201.25,96.25,682.5
2346265,-1868.125,-1133.125,2445.625
2346265,-1868.125,-1133.125,2445.625
2346275,-678.125,1106.875,192.5
2346275,-678.125,1106.875,192.5
2346286,-1260.0,2191.875,927.5
2346286,-1260.0,2191.875,927.5
2346296,-1172.5,1789.375,2051.875
2346296,-1172.5,1789.375,2051.875
2346306,-590.625,1207.5,3049.375
2346306,-590.625,1207.5,3049.375
2346317,-2747.5,-520.625,4147.5
2346317,-2747.5,-520.625,4147.5
2346327,-3399.375,-875.0,708.75
2346327,-3399.375,-875.0,708.75
2346337,-4340.0,-1404.375,-293.125
2346337,-4340.0,-1404.375,-293.125
2346348,-6234.375,-2655.625,2288.125
2346348,-6234.375,-2655.625,2288.125
2346358,-2782.5,-665.0,-354.375
2346358,-2782.5,-665.0,-354.375
2346368,-2371.25,1141.875,555.625
2346368,-2371.25,1141.875,555.625
2346379,-4112.5,-634.375,2458.75
2346379,-4112.5,-634.375,2458.75
2346389,-3473.75,695.625,-1964.375
2346389,-3473.75,695.625,-1964.375
2346398,-5258.75,1894.375,-3626.875
2346398,-5258.75,1894.375,-3626.875
2346409,-5232.5,1207.5,-3578.75
2346409,-5232.5,1207.5,-3578.75
2346420,-5026.875,1767.5,-3031.875
2346420,-5026.875,1767.5,-3031.875
2346430,-4878.125,2625.0,-1684.375
2346430,-4878.125,2625.0,-1684.375
2346440,-4287.5,3521.875,494.375
2346440,-4287.5,3521.875,494.375
2346451,-3587.5,4025.0,2200.625
2346451,-3587.5,4025.0,2200.625
2346461,-2751.875,4309.375,2988.125
2346461,-2751.875,4309.375,2988.125
2346471,-2078.125,4318.125,2813.125
2346471,-2078.125,4318.125,2813.125
2346481,-1225.0,3683.75,1500.625
2346481,-1225.0,3683.75,1500.625
2346492,192.5,3115.0,266.875
2346492,192.5,3115.0,266.875
2346502,1299.375,2996.875,-284.375
2346502,1299.375,2996.875,-284.375
2346513,1999.375,3101.875,-13.125
2346513,1999.375,3101.875,-13.125
2346523,2117.5,3001.25,52.5
2346523,2117.5,3001.25,52.5
2346533,2091.25,2651.25,-297.5
2346533,2091.25,2651.25,-297.5
2346544,2213.75,1920.625,-656.25
2346544,2213.75,1920.625,-656.25
2346554,2270.625,831.25,-345.625
2346554,2270.625,831.25,-345.625
2346564,2174.375,367.5,105.0
2346564,2174.375,367.5,105.0
2346575,2366.875,1054.375,529.375
2346575,2366.875,1054.375,529.375
2346585,2673.125,888.125,2292.5
2346585,2673.125,888.125,2292.5
2346595,2961.875,1277.5,3823.75
2346595,2961.875,1277.5,3823.75
2346605,2786.875,1610.0,4550.0
2346605,2786.875,1610.0,4550.0
2346616,1911.875,1281.875,4309.375
2346616,1911.875,1281.875,4309.375
2346625,1946.875,1216.25,3460.625
2346625,1946.875,1216.25,3460.625
2346636,2270.625,1115.625,3710.0
2346636,2270.625,1115.625,3710.0
2346647,2209.375,800.625,4278.75
2346647,2209.375,800.625,4278.75
2346657,1592.5,1041.25,3670.625
2346657,1592.5,1041.25,3670.625
2346667,1334.375,1190.0,2957.5
2346667,1334.375,1190.0,2957.5
2346678,1487.5,586.25,2765.0
2346678,1487.5,586.25,2765.0
2346688,1640.625,175.0,2568.125
2346688,1640.625,175.0,2568.125
2346698,1741.25,240.625,2926.875
2346698,1741.25,240.625,2926.875
2346709,2030.0,297.5,3898.125
2346709,2030.0,297.5,3898.125
2346719,2069.375,704.375,5438.125
2346719,2069.375,704.375,5438.125
2346729,1855.0,1015.0,6107.5
2346729,1855.0,1015.0,6107.5
2346740,2406.25,1181.25,6037.5
2346740,2406.25,1181.25,6037.5
2346750,3609.375,1176.875,5346.25
2346750,3609.375,1176.875,5346.25
2346760,4790.625,1093.75,4370.625
2346760,4790.625,1093.75,4370.625
2346771,5311.25,1225.0,3486.875
2346771,5311.25,1225.0,3486.875
2346781,5232.5,1330.0,3014.375
2346781,5232.5,1330.0,3014.375
2346791,4698.75,1470.0,2961.875
2346791,4698.75,1470.0,2961.875
2346802,3465.0,1316.875,2546.25
2346802,3465.0,1316.875,2546.25
2346812,1964.375,678.125,1601.25
2346812,1964.375,678.125,1601.25
2346822,651.875,161.875,673.75
2346822,651.875,161.875,673.75
2346832,0.0,-201.25,144.375
2346832,0.0,-201.25,144.375
2346843,-4.375,-271.25,113.75
2346843,-4.375,-271.25,113.75
2346853,43.75,188.125,800.625
2346853,43.75,188.125,800.625
2346864,179.375,634.375,1596.875
2346864,179.375,634.375,1596.875
2346874,612.5,901.25,2415.0
2346874,612.5,901.25,2415.0
2346884,1032.5,896.875,3001.25
2346884,1032.5,896.875,3001.25
2346894,647.5,533.75,3215.625
2346894,647.5,533.75,3215.625
2346904,205.625,380.625,3066.875
2346904,205.625,380.625,3066.875
2346915,201.25,700.0,3106.25
2346915,201.25,700.0,3106.25
2346925,599.375,717.5,3176.25
2346925,599.375,717.5,3176.25
2346936,1063.125,568.75,3198.125
2346936,1063.125,568.75,3198.125
2346947,1246.875,437.5,3228.75
2346947,1246.875,437.5,3228.75
2346956,1015.0,354.375,2909.375
2346956,1015.0,354.375,2909.375
2346967,730.625,109.375,2401.875
2346967,730.625,109.375,2401.875
2346977,787.5,-153.125,1885.625
2346977,787.5,-153.125,1885.625
2346987,778.75,-131.25,1605.625
2346987,778.75,-131.25,1605.625
2346998,783.125,-105.0,1645.0
2346998,783.125,-105.0,1645.0
2347008,1102.5,-61.25,1715.0
2347008,1102.5,-61.25,1715.0
2347018,1312.5,284.375,1894.375
2347018,1312.5,284.375,1894.375
2347028,1575.0,275.625,2345.0
2347028,1575.0,275.625,2345.0
2347039,949.375,-424.375,5950.0
2347039,949.375,-424.375,5950.0
2347049,1802.5,-183.75,4401.25
2347049,1802.5,-183.75,4401.25
2347060,660.625,1338.75,3766.875
2347060,660.625,1338.75,3766.875
2347070,433.125,791.875,4348.75
2347070,433.125,791.875,4348.75
2347080,538.125,1111.25,4270.0
2347080,538.125,1111.25,4270.0
2347090,420.0,848.75,3180.625
2347090,420.0,848.75,3180.625
2347101,78.75,433.125,1452.5
2347101,78.75,433.125,1452.5
2347111,-170.625,-647.5,-918.75
2347111,-170.625,-647.5,-918.75
2347121,-630.0,-1435.0,-2769.375
2347121,-630.0,-1435.0,-2769.375
2347132,-498.75,-2051.875,-3613.75
2347132,-498.75,-2051.875,-3613.75
2347142,-721.875,-2108.75,-3670.625
2347142,-721.875,-2108.75,-3670.625
2347152,-708.75,-2310.0,-2791.25
2347152,-708.75,-2310.0,-2791.25
2347163,-1207.5,-3294.375,1465.625
2347163,-1207.5,-3294.375,1465.625
2347173,-590.625,-4121.25,1513.75
2347173,-590.625,-4121.25,1513.75
2347183,1933.75,-564.375,-1653.75
2347183,1933.75,-564.375,-1653.75
2347194,1338.75,-700.0,-612.5
2347194,1338.75,-700.0,-612.5
2347204,1771.875,-704.375,857.5
2347204,1771.875,-704.375,857.5
2347214,1806.875,-271.25,1785.0
2347214,1806.875,-271.25,1785.0
2347225,2165.625,-516.25,2209.375
2347225,2165.625,-516.25,2209.375
2347235,1990.625,-984.375,1859.375
2347235,1990.625,-984.375,1859.375
2347245,-3005.625,-2651.25,6685.0
2347245,-3005.625,-2651.25,6685.0
2347256,-1080.625,-5022.5,3285.625
2347256,-1080.625,-5022.5,3285.625
2347266,2152.5,-1487.5,-1557.5
2347266,2152.5,-1487.5,-1557.5
2347276,-2883.125,-1776.25,2638.125
2347276,-2883.125,-1776.25,2638.125
2347287,-783.125,-4493.125,2078.125
2347287,-783.125,-4493.125,2078.125
2347297,1006.25,-2310.0,389.375
2347297,1006.25,-2310.0,389.375
2347307,-695.625,-3303.125,-157.5
2347307,-695.625,-3303.125,-157.5
2347317,13.125,-3605.0,761.25
2347317,13.125,-3605.0,761.25
2347328,-1111.25,-3836.875,975.625
2347328,-1111.25,-3836.875,975.625
2347338,1233.75,-2721.25,923.125
2347338,1233.75,-2721.25,923.125
2347348,573.125,-2240.0,2143.75
2347348,573.125,-2240.0,2143.75
2347359,3456.25,-2108.75,853.125
2347359,3456.25,-2108.75,853.125
2347370,297.5,-1780.625,3517.5
2347370,297.5,-1780.625,3517.5
2347379,-2240.0,-3740.625,3613.75
2347379,-2240.0,-3740.625,3613.75
2347390,507.5,-2821.875,-1141.875
2347390,507.5,-2821.875,-1141.875
2347400,-1548.75,-2156.875,-840.0
2347400,-1548.75,-2156.875,-840.0
2347410,-1675.625,-2034.375,118.125
2347410,-1675.625,-2034.375,118.125
2347421,-905.625,-603.75,853.125
2347421,-905.625,-603.75,853.125
2347431,-743.75,660.625,1728.125
2347431,-743.75,660.625,1728.125
2347441,179.375,1155.0,1828.75
2347441,179.375,1155.0,1828.75
2347452,1736.875,682.5,1461.25
2347452,1736.875,682.5,1461.25
2347462,2108.75,682.5,1076.25
2347462,2108.75,682.5,1076.25
2347472,1561.875,-603.75,1137.5
2347472,1561.875,-603.75,1137.5
2347483,-3946.25,-3298.75,2887.5
2347483,-3946.25,-3298.75,2887.5
2347493,-494.375,-2222.5,-2161.25
2347493,-494.375,-2222.5,-2161.25
2347503,940.625,-2016.875,-4112.5
2347503,940.625,-2016.875,-4112.5
2347513,-4755.625,-6658.75,350.0
2347513,-4755.625,-6658.75,350.0
2347524,-2992.5,-7210.0,-1421.875
2347524,-2992.5,-7210.0,-1421.875
2347534,-914.375,-2712.5,-1995.0
2347534,-914.375,-2712.5,-1995.0
2347544,-2296.875,-2187.5,875.0
2347544,-2296.875,-2187.5,875.0
2347555,-1483.125,-1098.125,3434.375
2347555,-1483.125,-1098.125,3434.375
2347565,-231.875,4.375,4125.625
2347565,-231.875,4.375,4125.625
2347575,1023.75,157.5,3906.875
2347575,1023.75,157.5,3906.875
2347586,-936.25,-2143.75,5678.75
2347586,-936.25,-2143.75,5678.75
2347596,498.75,-4060.0,3740.625
2347596,498.75,-4060.0,3740.625
2347606,2664.375,-3508.75,1443.75
2347606,2664.375,-3508.75,1443.75
2347617,-573.125,-4563.125,1233.75
2347617,-573.125,-4563.125,1233.75
2347627,-1150.625,-4138.75,-603.75
2347627,-1150.625,-4138.75,-603.75
2347637,-411.25,-2305.625,-1973.125
2347637,-411.25,-2305.625,-1973.125
2347648,-630.0,-1977.5,-1041.25
2347648,-630.0,-1977.5,-1041.25
2347658,-1911.875,-1973.125,787.5
2347658,-1911.875,-1973.125,787.5
2347668,980.0,-271.25,708.75
2347668,980.0,-271.25,708.75
2347679,1916.25,345.625,1771.875
2347679,1916.25,345.625,1771.875
2347689,2078.125,262.5,2515.625
2347689,2078.125,262.5,2515.625
2347699,-118.125,-96.25,3893.75
2347699,-118.125,-96.25,3893.75
2347709,-3189.375,-2555.0,3850.0
2347709,-3189.375,-2555.0,3850.0
2347720,647.5,-958.125,516.25
2347720,647.5,-958.125,516.25
2347730,-205.625,-586.25,-363.125
2347730,-205.625,-586.25,-363.125
2347740,-831.25,-1553.125,-551.25
2347740,-831.25,-1553.125,-551.25
2347751,-875.0,-1172.5,-1286.25
2347751,-875.0,-1172.5,-1286.25
2347761,-280.0,-1378.125,-2126.25
2347761,-280.0,-1378.125,-2126.25
2347771,-74.375,-1557.5,-2546.25
2347771,-74.375,-1557.5,-2546.25
2347781,-161.875,-1579.375,-2349.375
2347781,-161.875,-1579.375,-2349.375
2347792,-441.875,-1518.125,-1806.875
2347792,-441.875,-1518.125,-1806.875
2347803,-997.5,-1225.0,-1395.625
2347803,-997.5,-1225.0,-1395.625
2347813,-1478.75,-1176.875,-853.125
2347813,-1478.75,-1176.875,-853.125
2347823,-4221.875,-1977.5,2069.375
2347823,-4221.875,-1977.5,2069.375
2347833,-3657.5,-3202.5,1343.125
2347833,-3657.5,-3202.5,1343.125
2347844,315.0,-481.25,-301.875
2347844,315.0,-481.25,-301.875
2347854,148.75,-700.0,231.875
2347854,148.75,-700.0,231.875
2347864,284.375,-975.625,651.875
2347864,284.375,-975.625,651.875
2347875,463.75,-542.5,1015.0
2347875,463.75,-542.5,1015.0
2347885,463.75,-818.125,853.125
2347885,463.75,-818.125,853.125
2347895,542.5,-822.5,818.125
2347895,542.5,-822.5,818.125
2347905,459.375,-586.25,883.75
2347905,459.375,-586.25,883.75
2347916,796.25,-507.5,726.25
2347916,796.25,-507.5,726.25
2347926,1229.375,-608.125,498.75
2347926,1229.375,-608.125,498.75
2347936,1233.75,-831.25,83.125
2347936,1233.75,-831.25,83.125
2347947,1063.125,-1067.5,-301.875
2347947,1063.125,-1067.5,-301.875
2347957,844.375,-1417.5,-223.125
2347957,844.375,-1417.5,-223.125
2347967,-2323.125,-3010.0,2091.25
2347967,-2323.125,-3010.0,2091.25
2347978,481.25,-2187.5,-778.75
2347978,481.25,-2187.5,-778.75
2347988,1150.625,-240.625,-1106.875
2347988,1150.625,-240.625,-1106.875
2347999,984.375,-1023.75,-603.75
2347999,984.375,-1023.75,-603.75
2348009,910.0,-818.125,-231.875
2348009,910.0,-818.125,-231.875
2348019,616.875,-730.625,-17.5
2348019,616.875,-730.625,-17.5
2348029,402.5,-612.5,78.75
2348029,402.5,-612.5,78.75
2348040,341.25,-306.25,70.0
2348040,341.25,-306.25,70.0
2348050,581.875,-227.5,70.0
2348050,581.875,-227.5,70.0
2348060,818.125,-459.375,-35.0
2348060,818.125,-459.375,-35.0
2348071,695.625,-713.125,-240.625
2348071,695.625,-713.125,-240.625
2348081,310.625,-1115.625,-735.0
2348081,310.625,-1115.625,-735.0
2348091,126.875,-1330.0,-931.875
2348091,126.875,-1330.0,-931.875
2348102,196.875,-1386.875,-940.625
2348102,196.875,-1386.875,-940.625
2348112,196.875,-1448.125,-923.125
2348112,196.875,-1448.125,-923.125
2348122,205.625,-1474.375,-656.25
2348122,205.625,-1474.375,-656.25
2348132,253.75,-1675.625,-284.375
2348132,253.75,-1675.625,-284.375
2348143,-516.25,-2016.875,511.875
2348143,-516.25,-2016.875,511.875
2348153,-2086.875,-2611.875,1610.0
2348153,-2086.875,-2611.875,1610.0
2348163,-879.375,-1793.75,-161.875
2348163,-879.375,-1793.75,-161.875
2348174,-297.5,-533.75,113.75
2348174,-297.5,-533.75,113.75
2348184,91.875,-328.125,1163.75
2348184,91.875,-328.125,1163.75
2348194,196.875,288.75,1575.0
2348194,196.875,288.75,1575.0
2348205,411.25,78.75,1015.0
2348205,411.25,78.75,1015.0
2348215,402.5,-275.625,118.125
2348215,402.5,-275.625,118.125
2348225,310.625,-306.25,-415.625
2348225,310.625,-306.25,-415.625
2348236,-450.625,-643.125,-1045.625
2348236,-450.625,-643.125,-1045.625
2348246,-1531.25,-1141.875,-2345.0
2348246,-1531.25,-1141.875,-2345.0
2348256,-1688.75,-1360.625,-3097.5
2348256,-1688.75,-1360.625,-3097.5
2348267,-1172.5,-1155.0,-2485.0
2348267,-1172.5,-1155.0,-2485.0
2348277,-105.0,-638.75,-1010.625
2348277,-105.0,-638.75,-1010.625
2348287,345.625,0.0,118.125
2348287,345.625,0.0,118.125
2348298,638.75,196.875,455.0
2348298,638.75,196.875,455.0
2348308,1058.75,-166.25,651.875
2348308,1058.75,-166.25,651.875
2348318,857.5,-1207.5,988.75
2348318,857.5,-1207.5,988.75
2348328,-2887.5,-2839.375,4480.0
2348328,-2887.5,-2839.375,4480.0
2348339,-1509.375,-2423.75,1649.375
2348339,-1509.375,-2423.75,1649.375
2348349,-774.375,927.5,1207.5
2348349,-774.375,927.5,1207.5
2348359,-503.125,616.875,2541.875
2348359,-503.125,616.875,2541.875
2348370,756.875,1080.625,3390.625
2348370,756.875,1080.625,3390.625
2348380,1881.25,1334.375,3071.25
2348380,1881.25,1334.375,3071.25
2348391,2568.125,743.75,2296.875
2348391,2568.125,743.75,2296.875
2348401,2651.25,271.25,1181.25
2348401,2651.25,271.25,1181.25
2348411,1951.25,-748.125,-35.0
2348411,1951.25,-748.125,-35.0
2348422,-1500.625,-2957.5,866.25
2348422,-1500.625,-2957.5,866.25
2348432,-660.625,-2931.25,-1894.375
2348432,-660.625,-2931.25,-1894.375
2348442,61.25,-1124.375,-2738.75
2348442,61.25,-1124.375,-2738.75
2348453,-227.5,-1417.5,-1758.75
2348453,-227.5,-1417.5,-1758.75
2348463,-669.375,-879.375,-752.5
2348463,-669.375,-879.375,-752.5
2348473,-966.875,-293.125,-131.25
2348473,-966.875,-293.125,-131.25
2348483,-717.5,-288.75,323.75
2348483,-717.5,-288.75,323.75
2348494,-962.5,13.125,708.75
2348494,-962.5,13.125,708.75
2348504,-883.75,-105.0,669.375
2348504,-883.75,-105.0,669.375
2348514,-966.875,-988.75,157.5
2348514,-966.875,-988.75,157.5
2348524,-1697.5,-708.75,-297.5
2348524,-1697.5,-708.75,-297.5
2348535,-1680.0,-581.875,-385.0
2348535,-1680.0,-581.875,-385.0
2348544,-1583.75,-538.125,-468.125
2348544,-1583.75,-538.125,-468.125
2348555,-1220.625,-332.5,-796.25
2348555,-1220.625,-332.5,-796.25
2348566,-389.375,-494.375,-791.875
2348566,-389.375,-494.375,-791.875
2348576,126.875,-888.125,-717.5
2348576,126.875,-888.125,-717.5
2348587,-87.5,-1251.25,-879.375
2348587,-87.5,-1251.25,-879.375
2348597,-612.5,-1627.5,-840.0
2348597,-612.5,-1627.5,-840.0
2348607,-1426.25,-1548.75,-630.0
2348607,-1426.25,-1548.75,-630.0
2348617,-1575.0,-1268.75,-196.875
2348617,-1575.0,-1268.75,-196.875
2348628,-700.0,-647.5,853.125
2348628,-700.0,-647.5,853.125
2348638,494.375,188.125,2200.625
2348638,494.375,188.125,2200.625
2348648,1614.375,1032.5,3381.875
2348648,1614.375,1032.5,3381.875
2348659,2397.5,1400.0,3959.375
2348659,2397.5,1400.0,3959.375
2348669,2773.75,1439.375,3920.0
2348669,2773.75,1439.375,3920.0
2348679,2852.5,1146.25,3482.5
2348679,2852.5,1146.25,3482.5
2348690,2266.25,831.25,2673.125
2348690,2266.25,831.25,2673.125
2348700,1942.5,476.875,1789.375
2348700,1942.5,476.875,1789.375
2348710,1811.25,376.25,1360.625
2348710,1811.25,376.25,1360.625
2348721,1653.75,433.125,1067.5
2348721,1653.75,433.125,1067.5
2348731,1408.75,783.125,599.375
2348731,1408.75,783.125,599.375
