2362170,-62.5,562.5,835.9375,-39.0625,-835.9375,609.375,203.125,-960.9375,265.625,523.4375,-859.375,39.0625,554.6875,-843.75,101.5625
2362170,-62.5,562.5,835.9375,-39.0625,-835.9375,609.375,203.125,-960.9375,265.625,523.4375,-859.375,39.0625,554.6875,-843.75,101.5625
2362177,-70.3125,546.875,828.125,-31.25,-828.125,617.1875,203.125,-960.9375,265.625,531.25,-851.5625,39.0625,554.6875,-843.75,109.375
2362177,-70.3125,546.875,828.125,-31.25,-828.125,617.1875,203.125,-960.9375,265.625,531.25,-851.5625,39.0625,554.6875,-843.75,109.375
2362185,-70.3125,562.5,820.3125,-31.25,-820.3125,609.375,210.9375,-960.9375,273.4375,531.25,-843.75,31.25,554.6875,-835.9375,109.375
2362185,-70.3125,562.5,820.3125,-31.25,-820.3125,609.375,210.9375,-960.9375,273.4375,531.25,-843.75,31.25,554.6875,-835.9375,109.375
2362185,-62.5,554.6875,820.3125,-31.25,-820.3125,609.375,210.9375,-960.9375,273.4375,531.25,-843.75,39.0625,546.875,-820.3125,109.375
2362185,-62.5,554.6875,820.3125,-31.25,-820.3125,609.375,210.9375,-960.9375,273.4375,531.25,-843.75,39.0625,546.875,-820.3125,109.375
2362331,-54.6875,562.5,820.3125,-31.25,-812.5,617.1875,203.125,-953.125,281.25,531.25,-843.75,39.0625,546.875,-820.3125,101.5625
2362331,-54.6875,562.5,820.3125,-31.25,-812.5,617.1875,203.125,-953.125,281.25,531.25,-843.75,39.0625,546.875,-820.3125,101.5625
2362338,-62.5,562.5,828.125,-23.4375,-820.3125,609.375,210.9375,-953.125,281.25,531.25,-835.9375,46.875,546.875,-820.3125,101.5625
2362338,-62.5,562.5,828.125,-23.4375,-820.3125,609.375,210.9375,-953.125,281.25,531.25,-835.9375,46.875,546.875,-820.3125,101.5625
2362346,-62.5,570.3125,828.125,-23.4375,-812.5,617.1875,210.9375,-953.125,273.4375,531.25,-843.75,46.875,546.875,-828.125,109.375
2362346,-62.5,570.3125,828.125,-23.4375,-812.5,617.1875,210.9375,-953.125,273.4375,531.25,-843.75,46.875,546.875,-828.125,109.375
2362347,-54.6875,570.3125,820.3125,-31.25,-820.3125,617.1875,210.9375,-953.125,289.0625,523.4375,-843.75,54.6875,546.875,-820.3125,101.5625
2362347,-54.6875,570.3125,820.3125,-31.25,-820.3125,617.1875,210.9375,-953.125,289.0625,523.4375,-843.75,54.6875,546.875,-820.3125,101.5625
2362492,-62.5,554.6875,820.3125,-23.4375,-812.5,617.1875,203.125,-953.125,281.25,531.25,-851.5625,54.6875,554.6875,-828.125,101.5625
2362492,-62.5,554.6875,820.3125,-23.4375,-812.5,617.1875,203.125,-953.125,281.25,531.25,-851.5625,54.6875,554.6875,-828.125,101.5625
2362500,-62.5,562.5,828.125,-31.25,-812.5,617.1875,218.75,-945.3125,281.25,515.625,-843.75,54.6875,554.6875,-828.125,101.5625
2362500,-62.5,562.5,828.125,-31.25,-812.5,617.1875,218.75,-945.3125,281.25,515.625,-843.75,54.6875,554.6875,-828.125,101.5625
2362508,-62.5,562.5,820.3125,-31.25,-812.5,609.375,203.125,-953.125,281.25,531.25,-843.75,54.6875,546.875,-820.3125,109.375
2362508,-62.5,562.5,820.3125,-31.25,-812.5,609.375,203.125,-953.125,281.25,531.25,-843.75,54.6875,546.875,-820.3125,109.375
2362508,-62.5,562.5,820.3125,-23.4375,-820.3125,617.1875,210.9375,-953.125,289.0625,523.4375,-835.9375,39.0625,562.5,-828.125,101.5625
2362508,-62.5,562.5,820.3125,-23.4375,-820.3125,617.1875,210.9375,-953.125,289.0625,523.4375,-835.9375,39.0625,562.5,-828.125,101.5625
2362653,-62.5,570.3125,828.125,-31.25,-828.125,609.375,195.3125,-953.125,281.25,523.4375,-851.5625,46.875,554.6875,-828.125,101.5625
2362653,-62.5,570.3125,828.125,-31.25,-828.125,609.375,195.3125,-953.125,281.25,523.4375,-851.5625,46.875,554.6875,-828.125,101.5625
2362661,-62.5,562.5,828.125,-23.4375,-828.125,609.375,203.125,-960.9375,273.4375,531.25,-843.75,46.875,554.6875,-828.125,101.5625
2362661,-62.5,562.5,828.125,-23.4375,-828.125,609.375,203.125,-960.9375,273.4375,531.25,-843.75,46.875,554.6875,-828.125,101.5625
2362669,-54.6875,562.5,828.125,-31.25,-828.125,617.1875,218.75,-953.125,281.25,523.4375,-843.75,54.6875,554.6875,-828.125,101.5625
2362669,-54.6875,562.5,828.125,-31.25,-828.125,617.1875,218.75,-953.125,281.25,523.4375,-843.75,54.6875,554.6875,-828.125,101.5625
2362669,-54.6875,562.5,828.125,-31.25,-820.3125,609.375,203.125,-960.9375,273.4375,531.25,-851.5625,39.0625,554.6875,-835.9375,109.375
2362669,-54.6875,562.5,828.125,-31.25,-820.3125,609.375,203.125,-960.9375,273.4375,531.25,-851.5625,39.0625,554.6875,-835.9375,109.375
2362815,-62.5,570.3125,828.125,-23.4375,-820.3125,617.1875,210.9375,-953.125,273.4375,523.4375,-843.75,46.875,539.0625,-828.125,101.5625
2362815,-62.5,570.3125,828.125,-23.4375,-820.3125,617.1875,210.9375,-953.125,273.4375,523.4375,-843.75,46.875,539.0625,-828.125,101.5625
2362822,-62.5,562.5,812.5,-31.25,-828.125,617.1875,210.9375,-953.125,273.4375,523.4375,-843.75,46.875,546.875,-828.125,109.375
2362822,-62.5,562.5,812.5,-31.25,-828.125,617.1875,210.9375,-953.125,273.4375,523.4375,-843.75,46.875,546.875,-828.125,109.375
2362830,-62.5,562.5,820.3125,-31.25,-812.5,609.375,203.125,-953.125,281.25,523.4375,-843.75,46.875,546.875,-828.125,109.375
2362830,-62.5,562.5,820.3125,-31.25,-812.5,609.375,203.125,-953.125,281.25,523.4375,-843.75,46.875,546.875,-828.125,109.375
2362831,-62.5,570.3125,820.3125,-23.4375,-828.125,609.375,210.9375,-953.125,281.25,523.4375,-843.75,54.6875,554.6875,-835.9375,101.5625
2362831,-62.5,570.3125,820.3125,-23.4375,-828.125,609.375,210.9375,-953.125,281.25,523.4375,-843.75,54.6875,554.6875,-835.9375,101.5625
2362976,-62.5,562.5,835.9375,-31.25,-828.125,625.0,210.9375,-953.125,281.25,531.25,-851.5625,46.875,546.875,-828.125,101.5625
2362976,-62.5,562.5,835.9375,-31.25,-828.125,625.0,210.9375,-953.125,281.25,531.25,-851.5625,46.875,546.875,-828.125,101.5625
2362983,-62.5,570.3125,828.125,-31.25,-820.3125,609.375,210.9375,-953.125,281.25,523.4375,-843.75,39.0625,546.875,-835.9375,101.5625
2362983,-62.5,570.3125,828.125,-31.25,-820.3125,609.375,210.9375,-953.125,281.25,523.4375,-843.75,39.0625,546.875,-835.9375,101.5625
2362992,-62.5,562.5,835.9375,-31.25,-828.125,609.375,203.125,-960.9375,281.25,523.4375,-851.5625,46.875,554.6875,-835.9375,109.375
2362992,-62.5,562.5,835.9375,-31.25,-828.125,609.375,203.125,-960.9375,281.25,523.4375,-851.5625,46.875,554.6875,-835.9375,109.375
2362992,-62.5,562.5,835.9375,-31.25,-828.125,609.375,203.125,-960.9375,281.25,523.4375,-851.5625,39.0625,539.0625,-835.9375,109.375
2362992,-62.5,562.5,835.9375,-31.25,-828.125,609.375,203.125,-960.9375,281.25,523.4375,-851.5625,39.0625,539.0625,-835.9375,109.375
2363121,-62.5,562.5,828.125,-31.25,-828.125,617.1875,210.9375,-953.125,273.4375,531.25,-851.5625,46.875,554.6875,-835.9375,101.5625
2363121,-62.5,562.5,828.125,-31.25,-828.125,617.1875,210.9375,-953.125,273.4375,531.25,-851.5625,46.875,554.6875,-835.9375,101.5625
2363128,-62.5,554.6875,828.125,-31.25,-828.125,609.375,210.9375,-960.9375,281.25,531.25,-851.5625,46.875,554.6875,-835.9375,109.375
2363128,-62.5,554.6875,828.125,-31.25,-828.125,609.375,210.9375,-960.9375,281.25,531.25,-851.5625,46.875,554.6875,-835.9375,109.375
2363128,-62.5,562.5,828.125,-23.4375,-828.125,617.1875,203.125,-960.9375,281.25,531.25,-851.5625,39.0625,554.6875,-835.9375,117.1875
2363128,-62.5,562.5,828.125,-23.4375,-828.125,617.1875,203.125,-960.9375,281.25,531.25,-851.5625,39.0625,554.6875,-835.9375,117.1875
2363137,-62.5,562.5,828.125,-39.0625,-828.125,609.375,210.9375,-960.9375,289.0625,539.0625,-843.75,46.875,554.6875,-835.9375,109.375
2363137,-62.5,562.5,828.125,-39.0625,-828.125,609.375,210.9375,-960.9375,289.0625,539.0625,-843.75,46.875,554.6875,-835.9375,109.375
2363282,-62.5,562.5,820.3125,-31.25,-820.3125,601.5625,210.9375,-953.125,273.4375,523.4375,-843.75,54.6875,554.6875,-828.125,101.5625
2363282,-62.5,562.5,820.3125,-31.25,-820.3125,601.5625,210.9375,-953.125,273.4375,523.4375,-843.75,54.6875,554.6875,-828.125,101.5625
2363290,-54.6875,562.5,812.5,-31.25,-820.3125,609.375,195.3125,-953.125,281.25,523.4375,-851.5625,54.6875,546.875,-828.125,93.75
2363290,-54.6875,562.5,812.5,-31.25,-820.3125,609.375,195.3125,-953.125,281.25,523.4375,-851.5625,54.6875,546.875,-828.125,93.75
2363291,-62.5,562.5,820.3125,-23.4375,-812.5,617.1875,218.75,-960.9375,273.4375,531.25,-843.75,46.875,546.875,-828.125,101.5625
2363291,-62.5,562.5,820.3125,-23.4375,-812.5,617.1875,218.75,-960.9375,273.4375,531.25,-843.75,46.875,546.875,-828.125,101.5625
2363298,-62.5,570.3125,828.125,-31.25,-820.3125,617.1875,203.125,-960.9375,289.0625,523.4375,-851.5625,46.875,554.6875,-828.125,109.375
2363298,-62.5,570.3125,828.125,-31.25,-820.3125,617.1875,203.125,-960.9375,289.0625,523.4375,-851.5625,46.875,554.6875,-828.125,109.375
2363442,-62.5,562.5,820.3125,-23.4375,-820.3125,617.1875,203.125,-953.125,273.4375,523.4375,-851.5625,46.875,546.875,-820.3125,109.375
2363442,-62.5,562.5,820.3125,-23.4375,-820.3125,617.1875,203.125,-953.125,273.4375,523.4375,-851.5625,46.875,546.875,-820.3125,109.375
2363452,-62.5,562.5,828.125,-31.25,-820.3125,609.375,210.9375,-953.125,273.4375,523.4375,-843.75,39.0625,546.875,-820.3125,101.5625
2363452,-62.5,562.5,828.125,-31.25,-820.3125,609.375,210.9375,-953.125,273.4375,523.4375,-843.75,39.0625,546.875,-820.3125,101.5625
2363452,-62.5,570.3125,828.125,-31.25,-820.3125,617.1875,210.9375,-953.125,281.25,531.25,-843.75,46.875,554.6875,-828.125,101.5625
2363452,-62.5,570.3125,828.125,-31.25,-820.3125,617.1875,210.9375,-953.125,281.25,531.25,-843.75,46.875,554.6875,-828.125,101.5625
2363460,-62.5,562.5,828.125,-39.0625,-820.3125,609.375,203.125,-953.125,281.25,523.4375,-851.5625,39.0625,554.6875,-828.125,101.5625
2363460,-62.5,562.5,828.125,-39.0625,-820.3125,609.375,203.125,-953.125,281.25,523.4375,-851.5625,39.0625,554.6875,-828.125,101.5625
2363605,-62.5,562.5,820.3125,-31.25,-820.3125,617.1875,210.9375,-960.9375,281.25,531.25,-851.5625,46.875,554.6875,-835.9375,101.5625
2363605,-62.5,562.5,820.3125,-31.25,-820.3125,617.1875,210.9375,-960.9375,281.25,531.25,-851.5625,46.875,554.6875,-835.9375,101.5625
2363613,-62.5,570.3125,828.125,-31.25,-828.125,617.1875,203.125,-960.9375,273.4375,515.625,-859.375,46.875,539.0625,-828.125,93.75
2363613,-62.5,570.3125,828.125,-31.25,-828.125,617.1875,203.125,-960.9375,273.4375,515.625,-859.375,46.875,539.0625,-828.125,93.75
2363613,-54.6875,562.5,820.3125,-39.0625,-820.3125,609.375,210.9375,-953.125,273.4375,531.25,-851.5625,39.0625,546.875,-828.125,93.75
2363613,-54.6875,562.5,820.3125,-39.0625,-820.3125,609.375,210.9375,-953.125,273.4375,531.25,-851.5625,39.0625,546.875,-828.125,93.75
2363621,-62.5,562.5,828.125,-31.25,-820.3125,609.375,203.125,-953.125,273.4375,515.625,-851.5625,39.0625,546.875,-835.9375,101.5625
2363621,-62.5,562.5,828.125,-31.25,-820.3125,609.375,203.125,-953.125,273.4375,515.625,-851.5625,39.0625,546.875,-835.9375,101.5625
2363766,-62.5,585.9375,835.9375,-54.6875,-828.125,625.0,195.3125,-945.3125,281.25,515.625,-835.9375,62.5,500.0,-789.0625,78.125
2363766,-62.5,585.9375,835.9375,-54.6875,-828.125,625.0,195.3125,-945.3125,281.25,515.625,-835.9375,62.5,500.0,-789.0625,78.125
2363774,-62.5,585.9375,835.9375,-62.5,-828.125,632.8125,179.6875,-945.3125,289.0625,484.375,-851.5625,62.5,531.25,-929.6875,117.1875
2363774,-62.5,585.9375,835.9375,-62.5,-828.125,632.8125,179.6875,-945.3125,289.0625,484.375,-851.5625,62.5,531.25,-929.6875,117.1875
2363775,-70.3125,601.5625,828.125,-54.6875,-812.5,640.625,171.875,-953.125,289.0625,492.1875,-851.5625,62.5,515.625,-882.8125,101.5625
2363775,-70.3125,601.5625,828.125,-54.6875,-812.5,640.625,171.875,-953.125,289.0625,492.1875,-851.5625,62.5,515.625,-882.8125,101.5625
2363782,-78.125,601.5625,828.125,-62.5,-812.5,632.8125,179.6875,-953.125,281.25,507.8125,-859.375,54.6875,546.875,-867.1875,109.375
2363782,-78.125,601.5625,828.125,-62.5,-812.5,632.8125,179.6875,-953.125,281.25,507.8125,-859.375,54.6875,546.875,-867.1875,109.375
2363926,-15.625,703.125,929.6875,320.3125,-843.75,1304.6875,632.8125,-1367.1875,617.1875,953.125,-1046.875,390.625,1023.4375,-1125.0,593.75
2363926,-15.625,703.125,929.6875,320.3125,-843.75,1304.6875,632.8125,-1367.1875,617.1875,953.125,-1046.875,390.625,1023.4375,-1125.0,593.75
2363936,-171.875,500.0,867.1875,492.1875,-968.75,1421.875,625.0,-1437.5,765.625,882.8125,-1062.5,335.9375,1156.25,-1070.3125,726.5625
2363936,-171.875,500.0,867.1875,492.1875,-968.75,1421.875,625.0,-1437.5,765.625,882.8125,-1062.5,335.9375,1156.25,-1070.3125,726.5625
2363936,125.0,382.8125,1078.125,492.1875,-1078.125,1500.0,820.3125,-1281.25,773.4375,1132.8125,-984.375,414.0625,1203.125,-1070.3125,804.6875
2363936,125.0,382.8125,1078.125,492.1875,-1078.125,1500.0,820.3125,-1281.25,773.4375,1132.8125,-984.375,414.0625,1203.125,-1070.3125,804.6875
2363943,367.1875,671.875,937.5,554.6875,-1062.5,1578.125,757.8125,-1507.8125,843.75,1281.25,-1343.75,351.5625,1257.8125,-1257.8125,828.125
2363943,367.1875,671.875,937.5,554.6875,-1062.5,1578.125,757.8125,-1507.8125,843.75,1281.25,-1343.75,351.5625,1257.8125,-1257.8125,828.125
2364089,-476.5625,757.8125,968.75,-54.6875,-1359.375,734.375,421.875,-1585.9375,343.75,1132.8125,-1343.75,78.125,1148.4375,-1320.3125,492.1875
2364089,-476.5625,757.8125,968.75,-54.6875,-1359.375,734.375,421.875,-1585.9375,343.75,1132.8125,-1343.75,78.125,1148.4375,-1320.3125,492.1875
2364097,-500.0,843.75,968.75,-93.75,-1328.125,671.875,414.0625,-1523.4375,304.6875,1062.5,-1289.0625,78.125,1109.375,-1312.5,429.6875
2364097,-500.0,843.75,968.75,-93.75,-1328.125,671.875,414.0625,-1523.4375,304.6875,1062.5,-1289.0625,78.125,1109.375,-1312.5,429.6875
2364097,-468.75,898.4375,984.375,-109.375,-1273.4375,632.8125,382.8125,-1476.5625,234.375,984.375,-1234.375,31.25,1054.6875,-1273.4375,351.5625
2364097,-468.75,898.4375,984.375,-109.375,-1273.4375,632.8125,382.8125,-1476.5625,234.375,984.375,-1234.375,31.25,1054.6875,-1273.4375,351.5625
2364105,-390.625,898.4375,945.3125,-125.0,-1250.0,609.375,312.5,-1453.125,156.25,960.9375,-1210.9375,-31.25,1000.0,-1250.0,250.0
2364105,-390.625,898.4375,945.3125,-125.0,-1250.0,609.375,312.5,-1453.125,156.25,960.9375,-1210.9375,-31.25,1000.0,-1250.0,250.0
2364250,-304.6875,312.5,109.375,-226.5625,-265.625,0.0,-164.0625,-296.875,-304.6875,-101.5625,-328.125,-421.875,0.0,-468.75,-437.5
2364250,-304.6875,312.5,109.375,-226.5625,-265.625,0.0,-164.0625,-296.875,-304.6875,-101.5625,-328.125,-421.875,0.0,-468.75,-437.5
2364258,-195.3125,398.4375,125.0,-210.9375,-226.5625,-31.25,-148.4375,-257.8125,-320.3125,-117.1875,-281.25,-429.6875,0.0,-382.8125,-437.5
2364258,-195.3125,398.4375,125.0,-210.9375,-226.5625,-31.25,-148.4375,-257.8125,-320.3125,-117.1875,-281.25,-429.6875,0.0,-382.8125,-437.5
2364259,-109.375,515.625,171.875,-195.3125,-148.4375,-46.875,-156.25,-195.3125,-312.5,-78.125,-242.1875,-429.6875,23.4375,-257.8125,-398.4375
2364259,-109.375,515.625,171.875,-195.3125,-148.4375,-46.875,-156.25,-195.3125,-312.5,-78.125,-242.1875,-429.6875,23.4375,-257.8125,-398.4375
2364266,-117.1875,570.3125,125.0,-195.3125,-62.5,-54.6875,-93.75,-148.4375,-265.625,-54.6875,-164.0625,-312.5,93.75,-117.1875,-289.0625
2364266,-117.1875,570.3125,125.0,-195.3125,-62.5,-54.6875,-93.75,-148.4375,-265.625,-54.6875,-164.0625,-312.5,93.75,-117.1875,-289.0625
2364412,-218.75,585.9375,-617.1875,-601.5625,640.625,-23.4375,-679.6875,546.875,78.125,-828.125,171.875,93.75,-781.25,39.0625,-85.9375
2364412,-218.75,585.9375,-617.1875,-601.5625,640.625,-23.4375,-679.6875,546.875,78.125,-828.125,171.875,93.75,-781.25,39.0625,-85.9375
2364419,-250.0,539.0625,-625.0,-609.375,656.25,7.8125,-718.75,539.0625,93.75,-867.1875,132.8125,140.625,-804.6875,15.625,-31.25
2364419,-250.0,539.0625,-625.0,-609.375,656.25,7.8125,-718.75,539.0625,93.75,-867.1875,132.8125,140.625,-804.6875,15.625,-31.25
2364420,-234.375,585.9375,-617.1875,-640.625,656.25,15.625,-757.8125,523.4375,117.1875,-859.375,101.5625,164.0625,-796.875,-46.875,39.0625
2364420,-234.375,585.9375,-617.1875,-640.625,656.25,15.625,-757.8125,523.4375,117.1875,-859.375,101.5625,164.0625,-796.875,-46.875,39.0625
2364428,-242.1875,632.8125,-679.6875,-656.25,671.875,31.25,-757.8125,531.25,125.0,-890.625,101.5625,203.125,-789.0625,-93.75,93.75
2364428,-242.1875,632.8125,-679.6875,-656.25,671.875,31.25,-757.8125,531.25,125.0,-890.625,101.5625,203.125,-789.0625,-93.75,93.75
2364492,-164.0625,906.25,-781.25,-812.5,804.6875,-156.25,-898.4375,546.875,54.6875,-921.875,109.375,273.4375,-851.5625,-164.0625,101.5625
2364492,-164.0625,906.25,-781.25,-812.5,804.6875,-156.25,-898.4375,546.875,54.6875,-921.875,109.375,273.4375,-851.5625,-164.0625,101.5625
2364500,-328.125,671.875,-484.375,-796.875,875.0,-7.8125,-937.5,640.625,109.375,-1062.5,171.875,179.6875,-992.1875,-101.5625,-203.125
2364500,-328.125,671.875,-484.375,-796.875,875.0,-7.8125,-937.5,640.625,109.375,-1062.5,171.875,179.6875,-992.1875,-101.5625,-203.125
2364500,-500.0,664.0625,-710.9375,-773.4375,859.375,85.9375,-820.3125,726.5625,109.375,-1023.4375,273.4375,7.8125,-945.3125,0.0,-367.1875
2364500,-500.0,664.0625,-710.9375,-773.4375,859.375,85.9375,-820.3125,726.5625,109.375,-1023.4375,273.4375,7.8125,-945.3125,0.0,-367.1875
2364508,-546.875,593.75,-703.125,-757.8125,843.75,156.25,-812.5,765.625,125.0,-1046.875,296.875,-109.375,-859.375,101.5625,-492.1875
2364508,-546.875,593.75,-703.125,-757.8125,843.75,156.25,-812.5,765.625,125.0,-1046.875,296.875,-109.375,-859.375,101.5625,-492.1875
2364653,-429.6875,273.4375,-929.6875,-867.1875,484.375,-125.0,-929.6875,289.0625,85.9375,-984.375,-164.0625,179.6875,-945.3125,-375.0,31.25
2364653,-429.6875,273.4375,-929.6875,-867.1875,484.375,-125.0,-929.6875,289.0625,85.9375,-984.375,-164.0625,179.6875,-945.3125,-375.0,31.25
2364661,-390.625,257.8125,-929.6875,-859.375,468.75,-117.1875,-929.6875,281.25,85.9375,-984.375,-179.6875,171.875,-960.9375,-382.8125,0.0
2364661,-390.625,257.8125,-929.6875,-859.375,468.75,-117.1875,-929.6875,281.25,85.9375,-984.375,-179.6875,171.875,-960.9375,-382.8125,0.0
2364662,-343.75,257.8125,-906.25,-843.75,445.3125,-132.8125,-937.5,265.625,54.6875,-992.1875,-179.6875,140.625,-976.5625,-367.1875,-54.6875
2364662,-343.75,257.8125,-906.25,-843.75,445.3125,-132.8125,-937.5,265.625,54.6875,-992.1875,-179.6875,140.625,-976.5625,-367.1875,-54.6875
2364669,-320.3125,281.25,-875.0,-843.75,437.5,-132.8125,-937.5,265.625,31.25,-1007.8125,-171.875,93.75,-984.375,-367.1875,-117.1875
2364669,-320.3125,281.25,-875.0,-843.75,437.5,-132.8125,-937.5,265.625,31.25,-1007.8125,-171.875,93.75,-984.375,-367.1875,-117.1875
2364815,-320.3125,406.25,-828.125,-812.5,523.4375,-85.9375,-898.4375,367.1875,70.3125,-984.375,-70.3125,125.0,-937.5,-273.4375,-70.3125
2364815,-320.3125,406.25,-828.125,-812.5,523.4375,-85.9375,-898.4375,367.1875,70.3125,-984.375,-70.3125,125.0,-937.5,-273.4375,-70.3125
2364823,-335.9375,421.875,-804.6875,-820.3125,531.25,-70.3125,-898.4375,375.0,70.3125,-992.1875,-62.5,125.0,-945.3125,-257.8125,-62.5
2364823,-335.9375,421.875,-804.6875,-820.3125,531.25,-70.3125,-898.4375,375.0,70.3125,-992.1875,-62.5,125.0,-945.3125,-257.8125,-62.5
2364823,-335.9375,445.3125,-820.3125,-812.5,539.0625,-78.125,-898.4375,382.8125,78.125,-992.1875,-62.5,125.0,-945.3125,-257.8125,-54.6875
2364823,-335.9375,445.3125,-820.3125,-812.5,539.0625,-78.125,-898.4375,382.8125,78.125,-992.1875,-62.5,125.0,-945.3125,-257.8125,-54.6875
2364831,-320.3125,437.5,-828.125,-820.3125,554.6875,-85.9375,-906.25,398.4375,54.6875,-1007.8125,-62.5,125.0,-953.125,-281.25,-54.6875
2364831,-320.3125,437.5,-828.125,-820.3125,554.6875,-85.9375,-906.25,398.4375,54.6875,-1007.8125,-62.5,125.0,-953.125,-281.25,-54.6875
2364976,-375.0,468.75,-812.5,-976.5625,632.8125,-367.1875,-1562.5,617.1875,-1007.8125,-1421.875,-226.5625,-687.5,-1148.4375,-734.375,-289.0625
2364976,-375.0,468.75,-812.5,-976.5625,632.8125,-367.1875,-1562.5,617.1875,-1007.8125,-1421.875,-226.5625,-687.5,-1148.4375,-734.375,-289.0625
2364984,-359.375,523.4375,-828.125,-1015.625,671.875,-492.1875,-1445.3125,632.8125,-1164.0625,-1390.625,-132.8125,-835.9375,-1125.0,-796.875,-351.5625
2364984,-359.375,523.4375,-828.125,-1015.625,671.875,-492.1875,-1445.3125,632.8125,-1164.0625,-1390.625,-132.8125,-835.9375,-1125.0,-796.875,-351.5625
2364984,-343.75,539.0625,-828.125,-1039.0625,664.0625,-593.75,-1343.75,648.4375,-1304.6875,-1312.5,-70.3125,-898.4375,-1101.5625,-828.125,-445.3125
2364984,-343.75,539.0625,-828.125,-1039.0625,664.0625,-593.75,-1343.75,648.4375,-1304.6875,-1312.5,-70.3125,-898.4375,-1101.5625,-828.125,-445.3125
2364992,-320.3125,523.4375,-820.3125,-1023.4375,656.25,-679.6875,-1187.5,617.1875,-1398.4375,-1242.1875,125.0,-976.5625,-1046.875,-789.0625,-539.0625
2364992,-320.3125,523.4375,-820.3125,-1023.4375,656.25,-679.6875,-1187.5,617.1875,-1398.4375,-1242.1875,125.0,-976.5625,-1046.875,-789.0625,-539.0625
2365137,-453.125,539.0625,-867.1875,-289.0625,289.0625,921.875,500.0,-164.0625,1312.5,765.625,-375.0,1382.8125,203.125,-70.3125,1867.1875
2365137,-453.125,539.0625,-867.1875,-289.0625,289.0625,921.875,500.0,-164.0625,1312.5,765.625,-375.0,1382.8125,203.125,-70.3125,1867.1875
2365145,-414.0625,492.1875,-867.1875,-398.4375,265.625,796.875,437.5,-140.625,1296.875,640.625,-328.125,1351.5625,70.3125,-101.5625,1765.625
2365145,-414.0625,492.1875,-867.1875,-398.4375,265.625,796.875,437.5,-140.625,1296.875,640.625,-328.125,1351.5625,70.3125,-101.5625,1765.625
2365145,-406.25,437.5,-851.5625,-531.25,265.625,781.25,445.3125,-187.5,1445.3125,554.6875,-265.625,1367.1875,-62.5,31.25,1679.6875
2365145,-406.25,437.5,-851.5625,-531.25,265.625,781.25,445.3125,-187.5,1445.3125,554.6875,-265.625,1367.1875,-62.5,31.25,1679.6875
2365153,-382.8125,382.8125,-812.5,-539.0625,257.8125,781.25,726.5625,-359.375,1859.375,695.3125,-343.75,1625.0,-250.0,31.25,1578.125
2365153,-382.8125,382.8125,-812.5,-539.0625,257.8125,781.25,726.5625,-359.375,1859.375,695.3125,-343.75,1625.0,-250.0,31.25,1578.125
2365298,-406.25,312.5,-710.9375,-1078.125,359.375,-812.5,-1250.0,398.4375,-695.3125,-1304.6875,0.0,-601.5625,-1078.125,-515.625,-656.25
2365298,-406.25,312.5,-710.9375,-1078.125,359.375,-812.5,-1250.0,398.4375,-695.3125,-1304.6875,0.0,-601.5625,-1078.125,-515.625,-656.25
2365307,-390.625,351.5625,-734.375,-1046.875,351.5625,-804.6875,-1359.375,421.875,-812.5,-1343.75,-85.9375,-656.25,-1054.6875,-578.125,-593.75
2365307,-390.625,351.5625,-734.375,-1046.875,351.5625,-804.6875,-1359.375,421.875,-812.5,-1343.75,-85.9375,-656.25,-1054.6875,-578.125,-593.75
2365307,-375.0,351.5625,-750.0,-968.75,390.625,-734.375,-1328.125,429.6875,-859.375,-1382.8125,-78.125,-703.125,-1039.0625,-570.3125,-523.4375
2365307,-375.0,351.5625,-750.0,-968.75,390.625,-734.375,-1328.125,429.6875,-859.375,-1382.8125,-78.125,-703.125,-1039.0625,-570.3125,-523.4375
2365314,-382.8125,320.3125,-757.8125,-976.5625,351.5625,-648.4375,-1328.125,476.5625,-804.6875,-1445.3125,-23.4375,-765.625,-1054.6875,-593.75,-484.375
2365314,-382.8125,320.3125,-757.8125,-976.5625,351.5625,-648.4375,-1328.125,476.5625,-804.6875,-1445.3125,-23.4375,-765.625,-1054.6875,-593.75,-484.375
2365460,-523.4375,625.0,-875.0,-78.125,523.4375,1281.25,578.125,-117.1875,1390.625,687.5,-140.625,1296.875,406.25,39.0625,1281.25
2365460,-523.4375,625.0,-875.0,-78.125,523.4375,1281.25,578.125,-117.1875,1390.625,687.5,-140.625,1296.875,406.25,39.0625,1281.25
2365468,-546.875,609.375,-882.8125,-242.1875,476.5625,1125.0,414.0625,-85.9375,1335.9375,640.625,-101.5625,1328.125,179.6875,148.4375,1320.3125
2365468,-546.875,609.375,-882.8125,-242.1875,476.5625,1125.0,414.0625,-85.9375,1335.9375,640.625,-101.5625,1328.125,179.6875,148.4375,1320.3125
2365468,-531.25,632.8125,-828.125,-312.5,476.5625,1062.5,343.75,-273.4375,1406.25,617.1875,-187.5,1476.5625,78.125,46.875,1468.75
2365468,-531.25,632.8125,-828.125,-312.5,476.5625,1062.5,343.75,-273.4375,1406.25,617.1875,-187.5,1476.5625,78.125,46.875,1468.75
2365476,-523.4375,640.625,-812.5,-390.625,476.5625,976.5625,367.1875,70.3125,1281.25,421.875,-273.4375,1171.875,179.6875,-54.6875,1703.125
2365476,-523.4375,640.625,-812.5,-390.625,476.5625,976.5625,367.1875,70.3125,1281.25,421.875,-273.4375,1171.875,179.6875,-54.6875,1703.125
