2389468,-17.5,-91.875,48.125
2389468,-17.5,-91.875,48.125
2389478,21.875,-96.25,70.0
2389478,21.875,-96.25,70.0
2389548,43.75,-39.375,-30.625
2389548,43.75,-39.375,-30.625
2389559,48.125,-35.0,-83.125
2389559,48.125,-35.0,-83.125
2389710,-131.25,8.75,26.25
2389710,-131.25,8.75,26.25
2389720,-122.5,-8.75,17.5
2389720,-122.5,-8.75,17.5
2389790,-293.125,-21.875,39.375
2389790,-293.125,-21.875,39.375
2389801,-280.0,-21.875,26.25
2389801,-280.0,-21.875,26.25
2389871,56.875,-56.875,0.0
2389871,56.875,-56.875,0.0
2389881,83.125,-65.625,-17.5
2389881,83.125,-65.625,-17.5
2389891,61.25,-56.875,-26.25
2389891,61.25,-56.875,-26.25
2389901,-13.125,-26.25,-26.25
2389901,-13.125,-26.25,-26.25
2390053,0.0,-30.625,30.625
2390053,0.0,-30.625,30.625
2390063,8.75,-39.375,30.625
2390063,8.75,-39.375,30.625
2390133,-21.875,-48.125,91.875
2390133,-21.875,-48.125,91.875
2390144,-8.75,-43.75,83.125
2390144,-8.75,-43.75,83.125
2390214,-8.75,-8.75,96.25
2390214,-8.75,-8.75,96.25
2390224,0.0,13.125,118.125
2390224,0.0,13.125,118.125
2390295,350.0,-367.5,463.75
2390295,350.0,-367.5,463.75
2390305,376.25,-358.75,783.125
2390305,376.25,-358.75,783.125
