2398419,-39.375,-17.5,-17.5
2398419,-39.375,-17.5,-17.5
2398429,-39.375,-21.875,-30.625
2398429,-39.375,-21.875,-30.625
2398580,26.25,-21.875,-35.0
2398580,26.25,-21.875,-35.0
2398591,13.125,-17.5,-52.5
2398591,13.125,-17.5,-52.5
2398742,30.625,-8.75,-21.875
2398742,30.625,-8.75,-21.875
2398752,-17.5,-26.25,-8.75
2398752,-17.5,-26.25,-8.75
2398903,-4.375,-17.5,-56.875
2398903,-4.375,-17.5,-56.875
2398913,-13.125,-26.25,-39.375
2398913,-13.125,-26.25,-39.375
2399065,-43.75,70.0,-17.5
2399065,-43.75,70.0,-17.5
2399075,4.375,-21.875,-39.375
2399075,4.375,-21.875,-39.375
2399237,-17.5,-21.875,-17.5
2399237,-17.5,-21.875,-17.5
2399246,30.625,-52.5,-39.375
2399246,30.625,-52.5,-39.375
2399398,-96.25,56.875,-17.5
2399398,-96.25,56.875,-17.5
2399408,-35.0,-43.75,-43.75
2399408,-35.0,-43.75,-43.75
2399560,-100.625,-26.25,-48.125
2399560,-100.625,-26.25,-48.125
2399569,-131.25,56.875,-30.625
2399569,-131.25,56.875,-30.625
