2362170,-39.375,-70.0,61.25
2362170,-39.375,-70.0,61.25
2362179,-30.625,-30.625,78.75
2362179,-30.625,-30.625,78.75
2362331,-91.875,30.625,26.25
2362331,-91.875,30.625,26.25
2362341,-56.875,4.375,4.375
2362341,-56.875,4.375,4.375
2362492,-26.25,-8.75,-35.0
2362492,-26.25,-8.75,-35.0
2362502,-8.75,-26.25,-48.125
2362502,-8.75,-26.25,-48.125
2362654,-8.75,-26.25,-17.5
2362654,-8.75,-26.25,-17.5
2362664,-4.375,-21.875,-39.375
2362664,-4.375,-21.875,-39.375
2362815,0.0,-17.5,-43.75
2362815,0.0,-17.5,-43.75
2362825,0.0,-26.25,-26.25
2362825,0.0,-26.25,-26.25
2362977,-48.125,-35.0,-30.625
2362977,-48.125,-35.0,-30.625
2362987,-35.0,-52.5,-30.625
2362987,-35.0,-52.5,-30.625
2363118,-61.25,-56.875,17.5
2363118,-61.25,-56.875,17.5
2363127,-105.0,-26.25,39.375
2363127,-105.0,-26.25,39.375
2363279,-35.0,-26.25,-4.375
2363279,-35.0,-26.25,-4.375
2363290,-35.0,-13.125,-8.75
2363290,-35.0,-13.125,-8.75
2363441,-43.75,-8.75,-21.875
2363441,-43.75,-8.75,-21.875
2363452,-35.0,-13.125,-26.25
2363452,-35.0,-13.125,-26.25
2363603,0.0,-35.0,-4.375
2363603,0.0,-35.0,-4.375
2363613,-13.125,-17.5,4.375
2363613,-13.125,-17.5,4.375
2363764,-35.0,-8.75,787.5
2363764,-35.0,-8.75,787.5
2363775,-21.875,17.5,1028.125
2363775,-21.875,17.5,1028.125
2363925,-805.0,6321.875,7905.625
2363925,-805.0,6321.875,7905.625
2363936,-4558.75,11458.125,11392.5
2363936,-4558.75,11458.125,11392.5
2364087,-12101.25,-1658.125,-20230.0
2364087,-12101.25,-1658.125,-20230.0
2364097,-13510.0,-949.375,-21770.0
2364097,-13510.0,-949.375,-21770.0
2364248,-18340.0,-15946.875,-4178.125
2364248,-18340.0,-15946.875,-4178.125
2364259,-17963.75,-16436.875,-4882.5
2364259,-17963.75,-16436.875,-4882.5
2364410,-2887.5,-9401.875,-1286.25
2364410,-2887.5,-9401.875,-1286.25
2364420,-1220.625,-9957.5,-2178.75
2364420,-1220.625,-9957.5,-2178.75
2364491,-6440.0,-3215.625,280.0
2364491,-6440.0,-3215.625,280.0
2364501,-3889.375,-7533.75,-2021.25
2364501,-3889.375,-7533.75,-2021.25
2364652,376.25,-3171.875,-2191.875
2364652,376.25,-3171.875,-2191.875
2364662,74.375,-2200.625,-1636.25
2364662,74.375,-2200.625,-1636.25
2364814,214.375,-1155.0,-1430.625
2364814,214.375,-1155.0,-1430.625
2364823,-91.875,-1010.625,-1268.75
2364823,-91.875,-1010.625,-1268.75
2364975,-573.125,743.75,-297.5
2364975,-573.125,743.75,-297.5
2364985,-1500.625,1211.875,-65.625
2364985,-1500.625,1211.875,-65.625
2365136,-4344.375,743.75,-3486.875
2365136,-4344.375,743.75,-3486.875
2365146,-4939.375,822.5,-2310.0
2365146,-4939.375,822.5,-2310.0
2365298,-1456.875,-56.875,1176.875
2365298,-1456.875,-56.875,1176.875
2365308,148.75,140.0,778.75
2365308,148.75,140.0,778.75
2365459,-2918.125,-126.875,-2314.375
2365459,-2918.125,-126.875,-2314.375
2365469,-4921.875,-35.0,100.625
2365469,-4921.875,-35.0,100.625
