2371421,-70.3125,554.6875,820.3125,-148.4375,-812.5,593.75,101.5625,-984.375,195.3125,531.25,-835.9375,62.5,507.8125,-851.5625,101.5625
2371421,-70.3125,554.6875,820.3125,-148.4375,-812.5,593.75,101.5625,-984.375,195.3125,531.25,-835.9375,62.5,507.8125,-851.5625,101.5625
2371429,-62.5,554.6875,828.125,-140.625,-820.3125,601.5625,109.375,-984.375,203.125,523.4375,-843.75,70.3125,500.0,-851.5625,101.5625
2371429,-62.5,554.6875,828.125,-140.625,-820.3125,601.5625,109.375,-984.375,203.125,523.4375,-843.75,70.3125,500.0,-851.5625,101.5625
2371437,-62.5,570.3125,828.125,-148.4375,-820.3125,593.75,109.375,-992.1875,203.125,523.4375,-843.75,70.3125,500.0,-851.5625,93.75
2371437,-62.5,570.3125,828.125,-148.4375,-820.3125,593.75,109.375,-992.1875,203.125,523.4375,-843.75,70.3125,500.0,-851.5625,93.75
2371437,-62.5,562.5,828.125,-148.4375,-820.3125,601.5625,109.375,-984.375,187.5,523.4375,-843.75,70.3125,500.0,-859.375,101.5625
2371437,-62.5,562.5,828.125,-148.4375,-820.3125,601.5625,109.375,-984.375,187.5,523.4375,-843.75,70.3125,500.0,-859.375,101.5625
2371582,-70.3125,570.3125,828.125,-148.4375,-820.3125,593.75,101.5625,-992.1875,195.3125,531.25,-835.9375,62.5,500.0,-859.375,101.5625
2371582,-70.3125,570.3125,828.125,-148.4375,-820.3125,593.75,101.5625,-992.1875,195.3125,531.25,-835.9375,62.5,500.0,-859.375,101.5625
2371590,-62.5,570.3125,828.125,-156.25,-820.3125,601.5625,109.375,-984.375,195.3125,531.25,-843.75,62.5,500.0,-859.375,101.5625
2371590,-62.5,570.3125,828.125,-156.25,-820.3125,601.5625,109.375,-984.375,195.3125,531.25,-843.75,62.5,500.0,-859.375,101.5625
2371598,-70.3125,562.5,828.125,-156.25,-820.3125,609.375,101.5625,-984.375,195.3125,531.25,-843.75,70.3125,500.0,-859.375,101.5625
2371598,-70.3125,562.5,828.125,-156.25,-820.3125,609.375,101.5625,-984.375,195.3125,531.25,-843.75,70.3125,500.0,-859.375,101.5625
2371598,-70.3125,562.5,820.3125,-148.4375,-812.5,593.75,109.375,-992.1875,195.3125,523.4375,-843.75,62.5,507.8125,-867.1875,101.5625
2371598,-70.3125,562.5,820.3125,-148.4375,-812.5,593.75,109.375,-992.1875,195.3125,523.4375,-843.75,62.5,507.8125,-867.1875,101.5625
2371743,-70.3125,562.5,828.125,-156.25,-820.3125,593.75,101.5625,-992.1875,195.3125,523.4375,-851.5625,70.3125,500.0,-859.375,101.5625
2371743,-70.3125,562.5,828.125,-156.25,-820.3125,593.75,101.5625,-992.1875,195.3125,523.4375,-851.5625,70.3125,500.0,-859.375,101.5625
2371751,-62.5,562.5,828.125,-148.4375,-820.3125,609.375,109.375,-992.1875,195.3125,531.25,-843.75,70.3125,500.0,-859.375,93.75
2371751,-62.5,562.5,828.125,-148.4375,-820.3125,609.375,109.375,-992.1875,195.3125,531.25,-843.75,70.3125,500.0,-859.375,93.75
2371759,-70.3125,554.6875,820.3125,-156.25,-812.5,601.5625,109.375,-992.1875,195.3125,523.4375,-843.75,62.5,507.8125,-859.375,93.75
2371759,-70.3125,554.6875,820.3125,-156.25,-812.5,601.5625,109.375,-992.1875,195.3125,523.4375,-843.75,62.5,507.8125,-859.375,93.75
2371759,-70.3125,562.5,820.3125,-148.4375,-820.3125,601.5625,109.375,-992.1875,195.3125,515.625,-843.75,70.3125,500.0,-859.375,101.5625
2371759,-70.3125,562.5,820.3125,-148.4375,-820.3125,601.5625,109.375,-992.1875,195.3125,515.625,-843.75,70.3125,500.0,-859.375,101.5625
2371905,-70.3125,562.5,820.3125,-156.25,-820.3125,601.5625,109.375,-1000.0,195.3125,523.4375,-843.75,62.5,500.0,-859.375,101.5625
2371905,-70.3125,562.5,820.3125,-156.25,-820.3125,601.5625,109.375,-1000.0,195.3125,523.4375,-843.75,62.5,500.0,-859.375,101.5625
2371912,-62.5,554.6875,828.125,-148.4375,-812.5,601.5625,117.1875,-992.1875,203.125,523.4375,-843.75,62.5,507.8125,-867.1875,101.5625
2371912,-62.5,554.6875,828.125,-148.4375,-812.5,601.5625,117.1875,-992.1875,203.125,523.4375,-843.75,62.5,507.8125,-867.1875,101.5625
2371919,-78.125,554.6875,835.9375,-148.4375,-820.3125,593.75,101.5625,-992.1875,195.3125,531.25,-843.75,62.5,500.0,-859.375,93.75
2371919,-78.125,554.6875,835.9375,-148.4375,-820.3125,593.75,101.5625,-992.1875,195.3125,531.25,-843.75,62.5,500.0,-859.375,93.75
2371919,-70.3125,562.5,828.125,-156.25,-820.3125,609.375,109.375,-992.1875,195.3125,531.25,-843.75,70.3125,507.8125,-859.375,101.5625
2371919,-70.3125,562.5,828.125,-156.25,-820.3125,609.375,109.375,-992.1875,195.3125,531.25,-843.75,70.3125,507.8125,-859.375,101.5625
2372066,-62.5,562.5,835.9375,-156.25,-820.3125,601.5625,109.375,-992.1875,195.3125,531.25,-843.75,62.5,500.0,-859.375,109.375
2372066,-62.5,562.5,835.9375,-156.25,-820.3125,601.5625,109.375,-992.1875,195.3125,531.25,-843.75,62.5,500.0,-859.375,109.375
2372073,-70.3125,554.6875,828.125,-140.625,-820.3125,601.5625,109.375,-992.1875,195.3125,523.4375,-843.75,62.5,507.8125,-859.375,101.5625
2372073,-70.3125,554.6875,828.125,-140.625,-820.3125,601.5625,109.375,-992.1875,195.3125,523.4375,-843.75,62.5,507.8125,-859.375,101.5625
2372082,-70.3125,562.5,828.125,-156.25,-828.125,609.375,109.375,-992.1875,203.125,539.0625,-851.5625,62.5,500.0,-867.1875,109.375
2372082,-70.3125,562.5,828.125,-156.25,-828.125,609.375,109.375,-992.1875,203.125,539.0625,-851.5625,62.5,500.0,-867.1875,109.375
2372082,-78.125,554.6875,828.125,-156.25,-820.3125,609.375,109.375,-992.1875,195.3125,523.4375,-851.5625,70.3125,500.0,-859.375,93.75
2372082,-78.125,554.6875,828.125,-156.25,-820.3125,609.375,109.375,-992.1875,195.3125,523.4375,-851.5625,70.3125,500.0,-859.375,93.75
2372227,-62.5,554.6875,828.125,-156.25,-820.3125,609.375,109.375,-992.1875,203.125,531.25,-851.5625,62.5,500.0,-867.1875,101.5625
2372227,-62.5,554.6875,828.125,-156.25,-820.3125,609.375,109.375,-992.1875,203.125,531.25,-851.5625,62.5,500.0,-867.1875,101.5625
2372235,-70.3125,554.6875,835.9375,-140.625,-820.3125,593.75,101.5625,-984.375,203.125,523.4375,-851.5625,62.5,507.8125,-859.375,101.5625
2372235,-70.3125,554.6875,835.9375,-140.625,-820.3125,593.75,101.5625,-984.375,203.125,523.4375,-851.5625,62.5,507.8125,-859.375,101.5625
2372243,-70.3125,554.6875,820.3125,-156.25,-820.3125,593.75,109.375,-1000.0,203.125,531.25,-851.5625,70.3125,500.0,-859.375,93.75
2372243,-70.3125,554.6875,820.3125,-156.25,-820.3125,593.75,109.375,-1000.0,203.125,531.25,-851.5625,70.3125,500.0,-859.375,93.75
2372243,-62.5,554.6875,828.125,-156.25,-828.125,601.5625,117.1875,-992.1875,187.5,531.25,-851.5625,70.3125,515.625,-867.1875,93.75
2372243,-62.5,554.6875,828.125,-156.25,-828.125,601.5625,117.1875,-992.1875,187.5,531.25,-851.5625,70.3125,515.625,-867.1875,93.75
2372388,-62.5,562.5,835.9375,-156.25,-828.125,601.5625,109.375,-1000.0,195.3125,523.4375,-843.75,62.5,492.1875,-867.1875,101.5625
2372388,-62.5,562.5,835.9375,-156.25,-828.125,601.5625,109.375,-1000.0,195.3125,523.4375,-843.75,62.5,492.1875,-867.1875,101.5625
2372395,-62.5,554.6875,828.125,-156.25,-828.125,601.5625,109.375,-1000.0,195.3125,523.4375,-851.5625,70.3125,500.0,-859.375,101.5625
2372395,-62.5,554.6875,828.125,-156.25,-828.125,601.5625,109.375,-1000.0,195.3125,523.4375,-851.5625,70.3125,500.0,-859.375,101.5625
2372404,-62.5,562.5,828.125,-156.25,-820.3125,601.5625,109.375,-1000.0,195.3125,531.25,-851.5625,70.3125,500.0,-867.1875,101.5625
2372404,-62.5,562.5,828.125,-156.25,-820.3125,601.5625,109.375,-1000.0,195.3125,531.25,-851.5625,70.3125,500.0,-867.1875,101.5625
2372404,-70.3125,554.6875,820.3125,-164.0625,-820.3125,593.75,101.5625,-992.1875,203.125,523.4375,-843.75,70.3125,507.8125,-859.375,101.5625
2372404,-70.3125,554.6875,820.3125,-164.0625,-820.3125,593.75,101.5625,-992.1875,203.125,523.4375,-843.75,70.3125,507.8125,-859.375,101.5625
2372469,-62.5,562.5,828.125,-156.25,-820.3125,609.375,117.1875,-992.1875,203.125,539.0625,-843.75,70.3125,523.4375,-867.1875,101.5625
2372469,-62.5,562.5,828.125,-156.25,-820.3125,609.375,117.1875,-992.1875,203.125,539.0625,-843.75,70.3125,523.4375,-867.1875,101.5625
2372477,-62.5,562.5,843.75,-148.4375,-828.125,601.5625,109.375,-1007.8125,210.9375,531.25,-851.5625,54.6875,507.8125,-867.1875,101.5625
2372477,-62.5,562.5,843.75,-148.4375,-828.125,601.5625,109.375,-1007.8125,210.9375,531.25,-851.5625,54.6875,507.8125,-867.1875,101.5625
2372485,-62.5,562.5,828.125,-156.25,-828.125,617.1875,109.375,-1007.8125,203.125,531.25,-851.5625,62.5,515.625,-867.1875,109.375
2372485,-62.5,562.5,828.125,-156.25,-828.125,617.1875,109.375,-1007.8125,203.125,531.25,-851.5625,62.5,515.625,-867.1875,109.375
2372485,-62.5,562.5,835.9375,-156.25,-828.125,601.5625,117.1875,-1000.0,210.9375,539.0625,-851.5625,70.3125,523.4375,-859.375,109.375
2372485,-62.5,562.5,835.9375,-156.25,-828.125,601.5625,117.1875,-1000.0,210.9375,539.0625,-851.5625,70.3125,523.4375,-859.375,109.375
2372550,-78.125,562.5,820.3125,-171.875,-820.3125,617.1875,93.75,-976.5625,203.125,523.4375,-835.9375,70.3125,492.1875,-875.0,93.75
2372550,-78.125,562.5,820.3125,-171.875,-820.3125,617.1875,93.75,-976.5625,203.125,523.4375,-835.9375,70.3125,492.1875,-875.0,93.75
2372558,-70.3125,570.3125,835.9375,-148.4375,-796.875,601.5625,101.5625,-992.1875,203.125,507.8125,-851.5625,78.125,476.5625,-914.0625,93.75
2372558,-70.3125,570.3125,835.9375,-148.4375,-796.875,601.5625,101.5625,-992.1875,203.125,507.8125,-851.5625,78.125,476.5625,-914.0625,93.75
2372566,-70.3125,570.3125,828.125,-156.25,-812.5,609.375,93.75,-968.75,179.6875,531.25,-820.3125,78.125,500.0,-882.8125,93.75
2372566,-70.3125,570.3125,828.125,-156.25,-812.5,609.375,93.75,-968.75,179.6875,531.25,-820.3125,78.125,500.0,-882.8125,93.75
2372566,-70.3125,570.3125,820.3125,-171.875,-820.3125,609.375,93.75,-992.1875,179.6875,484.375,-851.5625,78.125,500.0,-851.5625,85.9375
2372566,-70.3125,570.3125,820.3125,-171.875,-820.3125,609.375,93.75,-992.1875,179.6875,484.375,-851.5625,78.125,500.0,-851.5625,85.9375
2372711,-31.25,531.25,843.75,-125.0,-828.125,625.0,171.875,-1000.0,179.6875,562.5,-835.9375,54.6875,562.5,-820.3125,109.375
2372711,-31.25,531.25,843.75,-125.0,-828.125,625.0,171.875,-1000.0,179.6875,562.5,-835.9375,54.6875,562.5,-820.3125,109.375
2372719,-39.0625,523.4375,851.5625,-109.375,-757.8125,585.9375,164.0625,-992.1875,171.875,562.5,-828.125,54.6875,562.5,-835.9375,101.5625
2372719,-39.0625,523.4375,851.5625,-109.375,-757.8125,585.9375,164.0625,-992.1875,171.875,562.5,-828.125,54.6875,562.5,-835.9375,101.5625
2372727,-54.6875,523.4375,843.75,-117.1875,-812.5,617.1875,171.875,-1000.0,156.25,570.3125,-835.9375,39.0625,546.875,-828.125,101.5625
2372727,-54.6875,523.4375,843.75,-117.1875,-812.5,617.1875,171.875,-1000.0,156.25,570.3125,-835.9375,39.0625,546.875,-828.125,101.5625
2372727,-31.25,539.0625,851.5625,-109.375,-828.125,617.1875,164.0625,-1007.8125,164.0625,570.3125,-835.9375,39.0625,546.875,-835.9375,93.75
2372727,-31.25,539.0625,851.5625,-109.375,-828.125,617.1875,164.0625,-1007.8125,164.0625,570.3125,-835.9375,39.0625,546.875,-835.9375,93.75
2372872,62.5,554.6875,945.3125,-125.0,-906.25,687.5,179.6875,-1023.4375,226.5625,617.1875,-804.6875,70.3125,671.875,-828.125,109.375
2372872,62.5,554.6875,945.3125,-125.0,-906.25,687.5,179.6875,-1023.4375,226.5625,617.1875,-804.6875,70.3125,671.875,-828.125,109.375
2372880,62.5,539.0625,929.6875,-171.875,-921.875,710.9375,210.9375,-1078.125,171.875,625.0,-843.75,54.6875,671.875,-914.0625,132.8125
2372880,62.5,539.0625,929.6875,-171.875,-921.875,710.9375,210.9375,-1078.125,171.875,625.0,-843.75,54.6875,671.875,-914.0625,132.8125
2372887,109.375,468.75,882.8125,-93.75,-914.0625,710.9375,265.625,-1085.9375,125.0,632.8125,-812.5,31.25,656.25,-968.75,179.6875
2372887,109.375,468.75,882.8125,-93.75,-914.0625,710.9375,265.625,-1085.9375,125.0,632.8125,-812.5,31.25,656.25,-968.75,179.6875
2372887,109.375,539.0625,921.875,-101.5625,-875.0,718.75,234.375,-1132.8125,164.0625,718.75,-882.8125,31.25,742.1875,-914.0625,179.6875
2372887,109.375,539.0625,921.875,-101.5625,-875.0,718.75,234.375,-1132.8125,164.0625,718.75,-882.8125,31.25,742.1875,-914.0625,179.6875
2373034,453.125,1890.625,1132.8125,726.5625,-1312.5,1554.6875,1179.6875,-2109.375,750.0,1890.625,-1546.875,414.0625,1664.0625,-1390.625,1000.0
2373034,453.125,1890.625,1132.8125,726.5625,-1312.5,1554.6875,1179.6875,-2109.375,750.0,1890.625,-1546.875,414.0625,1664.0625,-1390.625,1000.0
2373041,460.9375,1789.0625,1218.75,664.0625,-1351.5625,1507.8125,1078.125,-2093.75,640.625,1828.125,-1539.0625,375.0,1648.4375,-1289.0625,968.75
2373041,460.9375,1789.0625,1218.75,664.0625,-1351.5625,1507.8125,1078.125,-2093.75,640.625,1828.125,-1539.0625,375.0,1648.4375,-1289.0625,968.75
2373049,437.5,1648.4375,1257.8125,609.375,-1414.0625,1476.5625,992.1875,-2070.3125,546.875,1734.375,-1523.4375,304.6875,1593.75,-1203.125,875.0
2373049,437.5,1648.4375,1257.8125,609.375,-1414.0625,1476.5625,992.1875,-2070.3125,546.875,1734.375,-1523.4375,304.6875,1593.75,-1203.125,875.0
2373050,343.75,1476.5625,1226.5625,585.9375,-1468.75,1453.125,921.875,-2015.625,460.9375,1640.625,-1460.9375,218.75,1500.0,-1179.6875,695.3125
2373050,343.75,1476.5625,1226.5625,585.9375,-1468.75,1453.125,921.875,-2015.625,460.9375,1640.625,-1460.9375,218.75,1500.0,-1179.6875,695.3125
2373195,-289.0625,468.75,507.8125,-140.625,-570.3125,-31.25,-39.0625,-562.5,-539.0625,164.0625,-546.875,-570.3125,312.5,-578.125,-460.9375
2373195,-289.0625,468.75,507.8125,-140.625,-570.3125,-31.25,-39.0625,-562.5,-539.0625,164.0625,-546.875,-570.3125,312.5,-578.125,-460.9375
2373203,-312.5,546.875,445.3125,-125.0,-500.0,-31.25,-31.25,-515.625,-515.625,187.5,-500.0,-531.25,304.6875,-468.75,-476.5625
2373203,-312.5,546.875,445.3125,-125.0,-500.0,-31.25,-31.25,-515.625,-515.625,187.5,-500.0,-531.25,304.6875,-468.75,-476.5625
2373211,-328.125,601.5625,460.9375,-101.5625,-437.5,-39.0625,0.0,-484.375,-460.9375,187.5,-421.875,-484.375,312.5,-351.5625,-468.75
2373211,-328.125,601.5625,460.9375,-101.5625,-437.5,-39.0625,0.0,-484.375,-460.9375,187.5,-421.875,-484.375,312.5,-351.5625,-468.75
2373211,-328.125,617.1875,484.375,-117.1875,-382.8125,-70.3125,39.0625,-398.4375,-414.0625,132.8125,-335.9375,-437.5,296.875,-250.0,-375.0
2373211,-328.125,617.1875,484.375,-117.1875,-382.8125,-70.3125,39.0625,-398.4375,-414.0625,132.8125,-335.9375,-437.5,296.875,-250.0,-375.0
2373356,-257.8125,281.25,-562.5,-484.375,476.5625,-117.1875,-539.0625,398.4375,31.25,-625.0,70.3125,125.0,-562.5,-85.9375,70.3125
2373356,-257.8125,281.25,-562.5,-484.375,476.5625,-117.1875,-539.0625,398.4375,31.25,-625.0,70.3125,125.0,-562.5,-85.9375,70.3125
2373364,-265.625,281.25,-585.9375,-500.0,460.9375,-148.4375,-578.125,398.4375,39.0625,-648.4375,78.125,140.625,-625.0,-109.375,54.6875
2373364,-265.625,281.25,-585.9375,-500.0,460.9375,-148.4375,-578.125,398.4375,39.0625,-648.4375,78.125,140.625,-625.0,-109.375,54.6875
2373372,-242.1875,296.875,-601.5625,-531.25,468.75,-156.25,-578.125,406.25,23.4375,-695.3125,54.6875,140.625,-687.5,-132.8125,23.4375
2373372,-242.1875,296.875,-601.5625,-531.25,468.75,-156.25,-578.125,406.25,23.4375,-695.3125,54.6875,140.625,-687.5,-132.8125,23.4375
2373372,-218.75,328.125,-617.1875,-562.5,492.1875,-164.0625,-656.25,390.625,31.25,-734.375,31.25,140.625,-718.75,-156.25,39.0625
2373372,-218.75,328.125,-617.1875,-562.5,492.1875,-164.0625,-656.25,390.625,31.25,-734.375,31.25,140.625,-718.75,-156.25,39.0625
2373516,-531.25,320.3125,-796.875,-929.6875,562.5,-54.6875,-1000.0,335.9375,164.0625,-1039.0625,-195.3125,226.5625,-984.375,-445.3125,54.6875
2373516,-531.25,320.3125,-796.875,-929.6875,562.5,-54.6875,-1000.0,335.9375,164.0625,-1039.0625,-195.3125,226.5625,-984.375,-445.3125,54.6875
2373525,-531.25,375.0,-789.0625,-929.6875,562.5,-62.5,-1007.8125,312.5,171.875,-1039.0625,-203.125,257.8125,-976.5625,-492.1875,101.5625
2373525,-531.25,375.0,-789.0625,-929.6875,562.5,-62.5,-1007.8125,312.5,171.875,-1039.0625,-203.125,257.8125,-976.5625,-492.1875,101.5625
2373533,-523.4375,460.9375,-781.25,-937.5,570.3125,-62.5,-992.1875,296.875,164.0625,-1023.4375,-203.125,289.0625,-960.9375,-507.8125,171.875
2373533,-523.4375,460.9375,-781.25,-937.5,570.3125,-62.5,-992.1875,296.875,164.0625,-1023.4375,-203.125,289.0625,-960.9375,-507.8125,171.875
2373533,-507.8125,515.625,-757.8125,-921.875,546.875,-62.5,-1015.625,242.1875,187.5,-984.375,-242.1875,304.6875,-921.875,-500.0,218.75
2373533,-507.8125,515.625,-757.8125,-921.875,546.875,-62.5,-1015.625,242.1875,187.5,-984.375,-242.1875,304.6875,-921.875,-500.0,218.75
2373678,-546.875,523.4375,-671.875,-804.6875,734.375,-93.75,-757.8125,601.5625,218.75,-914.0625,195.3125,367.1875,-929.6875,195.3125,15.625
2373678,-546.875,523.4375,-671.875,-804.6875,734.375,-93.75,-757.8125,601.5625,218.75,-914.0625,195.3125,367.1875,-929.6875,195.3125,15.625
2373678,-539.0625,546.875,-687.5,-804.6875,765.625,-78.125,-765.625,648.4375,187.5,-945.3125,203.125,296.875,-921.875,140.625,-70.3125
2373678,-539.0625,546.875,-687.5,-804.6875,765.625,-78.125,-765.625,648.4375,187.5,-945.3125,203.125,296.875,-921.875,140.625,-70.3125
2373686,-484.375,515.625,-648.4375,-781.25,804.6875,-31.25,-820.3125,671.875,179.6875,-984.375,203.125,242.1875,-929.6875,70.3125,-140.625
2373686,-484.375,515.625,-648.4375,-781.25,804.6875,-31.25,-820.3125,671.875,179.6875,-984.375,203.125,242.1875,-929.6875,70.3125,-140.625
2373695,-476.5625,507.8125,-664.0625,-773.4375,820.3125,-15.625,-843.75,687.5,148.4375,-1023.4375,203.125,179.6875,-976.5625,54.6875,-195.3125
2373695,-476.5625,507.8125,-664.0625,-773.4375,820.3125,-15.625,-843.75,687.5,148.4375,-1023.4375,203.125,179.6875,-976.5625,54.6875,-195.3125
2373848,-437.5,398.4375,-781.25,-906.25,453.125,-31.25,-914.0625,398.4375,210.9375,-968.75,-179.6875,351.5625,-1031.25,15.625,125.0
2373848,-437.5,398.4375,-781.25,-906.25,453.125,-31.25,-914.0625,398.4375,210.9375,-968.75,-179.6875,351.5625,-1031.25,15.625,125.0
2373856,-453.125,367.1875,-796.875,-898.4375,453.125,-46.875,-921.875,382.8125,187.5,-976.5625,-195.3125,343.75,-1023.4375,15.625,109.375
2373856,-453.125,367.1875,-796.875,-898.4375,453.125,-46.875,-921.875,382.8125,187.5,-976.5625,-195.3125,343.75,-1023.4375,15.625,109.375
2373856,-484.375,320.3125,-796.875,-906.25,437.5,-46.875,-914.0625,367.1875,195.3125,-968.75,-179.6875,351.5625,-1023.4375,15.625,101.5625
2373856,-484.375,320.3125,-796.875,-906.25,437.5,-46.875,-914.0625,367.1875,195.3125,-968.75,-179.6875,351.5625,-1023.4375,15.625,101.5625
2373864,-500.0,281.25,-804.6875,-929.6875,429.6875,-54.6875,-921.875,359.375,195.3125,-953.125,-187.5,351.5625,-1015.625,7.8125,93.75
2373864,-500.0,281.25,-804.6875,-929.6875,429.6875,-54.6875,-921.875,359.375,195.3125,-953.125,-187.5,351.5625,-1015.625,7.8125,93.75
2374009,-343.75,101.5625,-773.4375,-429.6875,1117.1875,710.9375,117.1875,632.8125,1023.4375,-265.625,343.75,992.1875,-437.5,671.875,320.3125
2374009,-343.75,101.5625,-773.4375,-429.6875,1117.1875,710.9375,117.1875,632.8125,1023.4375,-265.625,343.75,992.1875,-437.5,671.875,320.3125
2374016,-375.0,289.0625,-953.125,-296.875,1039.0625,781.25,218.75,546.875,1148.4375,171.875,476.5625,976.5625,-617.1875,445.3125,507.8125
2374016,-375.0,289.0625,-953.125,-296.875,1039.0625,781.25,218.75,546.875,1148.4375,171.875,476.5625,976.5625,-617.1875,445.3125,507.8125
2374018,-343.75,367.1875,-945.3125,-265.625,882.8125,820.3125,335.9375,484.375,1179.6875,148.4375,-7.8125,1179.6875,-156.25,429.6875,718.75
2374018,-343.75,367.1875,-945.3125,-265.625,882.8125,820.3125,335.9375,484.375,1179.6875,148.4375,-7.8125,1179.6875,-156.25,429.6875,718.75
2374026,-304.6875,484.375,-960.9375,-265.625,968.75,1171.875,335.9375,195.3125,1257.8125,93.75,0.0,1296.875,-351.5625,500.0,804.6875
2374026,-304.6875,484.375,-960.9375,-265.625,968.75,1171.875,335.9375,195.3125,1257.8125,93.75,0.0,1296.875,-351.5625,500.0,804.6875
2374171,-414.0625,257.8125,-828.125,-609.375,437.5,125.0,-1054.6875,390.625,-171.875,-1203.125,-234.375,-23.4375,-1289.0625,-148.4375,-390.625
2374171,-414.0625,257.8125,-828.125,-609.375,437.5,125.0,-1054.6875,390.625,-171.875,-1203.125,-234.375,-23.4375,-1289.0625,-148.4375,-390.625
2374179,-476.5625,328.125,-773.4375,-804.6875,359.375,15.625,-1226.5625,312.5,-218.75,-1234.375,-273.4375,-23.4375,-1343.75,-156.25,-468.75
2374179,-476.5625,328.125,-773.4375,-804.6875,359.375,15.625,-1226.5625,312.5,-218.75,-1234.375,-273.4375,-23.4375,-1343.75,-156.25,-468.75
2374179,-539.0625,414.0625,-757.8125,-929.6875,304.6875,-109.375,-1335.9375,273.4375,-257.8125,-1289.0625,-226.5625,-78.125,-1328.125,-164.0625,-515.625
2374179,-539.0625,414.0625,-757.8125,-929.6875,304.6875,-109.375,-1335.9375,273.4375,-257.8125,-1289.0625,-226.5625,-78.125,-1328.125,-164.0625,-515.625
2374187,-539.0625,468.75,-742.1875,-1015.625,257.8125,-210.9375,-1351.5625,289.0625,-320.3125,-1312.5,-265.625,-140.625,-1210.9375,-195.3125,-257.8125
2374187,-539.0625,468.75,-742.1875,-1015.625,257.8125,-210.9375,-1351.5625,289.0625,-320.3125,-1312.5,-265.625,-140.625,-1210.9375,-195.3125,-257.8125
