2398414,-140.625,531.25,828.125,-39.0625,-804.6875,632.8125,164.0625,-976.5625,226.5625,515.625,-851.5625,39.0625,539.0625,-843.75,39.0625
2398414,-140.625,531.25,828.125,-39.0625,-804.6875,632.8125,164.0625,-976.5625,226.5625,515.625,-851.5625,39.0625,539.0625,-843.75,39.0625
2398422,-140.625,531.25,843.75,-39.0625,-796.875,632.8125,164.0625,-976.5625,226.5625,507.8125,-851.5625,46.875,539.0625,-851.5625,31.25
2398422,-140.625,531.25,843.75,-39.0625,-796.875,632.8125,164.0625,-976.5625,226.5625,507.8125,-851.5625,46.875,539.0625,-851.5625,31.25
2398422,-140.625,531.25,843.75,-39.0625,-804.6875,640.625,156.25,-976.5625,234.375,515.625,-851.5625,31.25,531.25,-851.5625,31.25
2398422,-140.625,531.25,843.75,-39.0625,-804.6875,640.625,156.25,-976.5625,234.375,515.625,-851.5625,31.25,531.25,-851.5625,31.25
2398430,-140.625,531.25,843.75,-39.0625,-804.6875,640.625,164.0625,-976.5625,234.375,515.625,-851.5625,39.0625,523.4375,-843.75,31.25
2398430,-140.625,531.25,843.75,-39.0625,-804.6875,640.625,164.0625,-976.5625,234.375,515.625,-851.5625,39.0625,523.4375,-843.75,31.25
2398575,-148.4375,531.25,835.9375,-46.875,-804.6875,632.8125,171.875,-976.5625,226.5625,523.4375,-851.5625,39.0625,531.25,-843.75,31.25
2398575,-148.4375,531.25,835.9375,-46.875,-804.6875,632.8125,171.875,-976.5625,226.5625,523.4375,-851.5625,39.0625,531.25,-843.75,31.25
2398583,-148.4375,539.0625,835.9375,-39.0625,-812.5,632.8125,156.25,-976.5625,218.75,523.4375,-851.5625,46.875,531.25,-843.75,31.25
2398583,-148.4375,539.0625,835.9375,-39.0625,-812.5,632.8125,156.25,-976.5625,218.75,523.4375,-851.5625,46.875,531.25,-843.75,31.25
2398583,-140.625,531.25,828.125,-46.875,-812.5,625.0,156.25,-976.5625,226.5625,531.25,-851.5625,39.0625,539.0625,-851.5625,39.0625
2398583,-140.625,531.25,828.125,-46.875,-812.5,625.0,156.25,-976.5625,226.5625,531.25,-851.5625,39.0625,539.0625,-851.5625,39.0625
2398591,-148.4375,531.25,835.9375,-39.0625,-812.5,632.8125,156.25,-984.375,234.375,523.4375,-859.375,39.0625,531.25,-843.75,39.0625
2398591,-148.4375,531.25,835.9375,-39.0625,-812.5,632.8125,156.25,-984.375,234.375,523.4375,-859.375,39.0625,531.25,-843.75,39.0625
2398737,-148.4375,523.4375,843.75,-46.875,-804.6875,632.8125,164.0625,-984.375,234.375,523.4375,-851.5625,23.4375,531.25,-851.5625,31.25
2398737,-148.4375,523.4375,843.75,-46.875,-804.6875,632.8125,164.0625,-984.375,234.375,523.4375,-851.5625,23.4375,531.25,-851.5625,31.25
2398745,-140.625,531.25,835.9375,-46.875,-820.3125,632.8125,164.0625,-984.375,218.75,515.625,-859.375,31.25,531.25,-851.5625,31.25
2398745,-140.625,531.25,835.9375,-46.875,-820.3125,632.8125,164.0625,-984.375,218.75,515.625,-859.375,31.25,531.25,-851.5625,31.25
2398745,-140.625,531.25,843.75,-46.875,-820.3125,640.625,156.25,-984.375,234.375,515.625,-859.375,39.0625,531.25,-851.5625,23.4375
2398745,-140.625,531.25,843.75,-46.875,-820.3125,640.625,156.25,-984.375,234.375,515.625,-859.375,39.0625,531.25,-851.5625,23.4375
2398753,-148.4375,523.4375,835.9375,-46.875,-820.3125,640.625,156.25,-992.1875,226.5625,515.625,-851.5625,39.0625,539.0625,-851.5625,39.0625
2398753,-148.4375,523.4375,835.9375,-46.875,-820.3125,640.625,156.25,-992.1875,226.5625,515.625,-851.5625,39.0625,539.0625,-851.5625,39.0625
2398898,-140.625,531.25,835.9375,-39.0625,-804.6875,632.8125,156.25,-976.5625,234.375,515.625,-859.375,39.0625,523.4375,-843.75,39.0625
2398898,-140.625,531.25,835.9375,-39.0625,-804.6875,632.8125,156.25,-976.5625,234.375,515.625,-859.375,39.0625,523.4375,-843.75,39.0625
2398906,-140.625,531.25,835.9375,-39.0625,-804.6875,632.8125,164.0625,-976.5625,234.375,515.625,-851.5625,46.875,539.0625,-851.5625,31.25
2398906,-140.625,531.25,835.9375,-39.0625,-804.6875,632.8125,164.0625,-976.5625,234.375,515.625,-851.5625,46.875,539.0625,-851.5625,31.25
2398906,-140.625,531.25,828.125,-39.0625,-812.5,632.8125,164.0625,-976.5625,234.375,515.625,-851.5625,46.875,531.25,-851.5625,39.0625
2398906,-140.625,531.25,828.125,-39.0625,-812.5,632.8125,164.0625,-976.5625,234.375,515.625,-851.5625,46.875,531.25,-851.5625,39.0625
2398914,-148.4375,531.25,835.9375,-46.875,-804.6875,632.8125,156.25,-976.5625,226.5625,507.8125,-859.375,46.875,531.25,-851.5625,31.25
2398914,-148.4375,531.25,835.9375,-46.875,-804.6875,632.8125,156.25,-976.5625,226.5625,507.8125,-859.375,46.875,531.25,-851.5625,31.25
2399058,-117.1875,539.0625,828.125,-39.0625,-804.6875,640.625,156.25,-976.5625,226.5625,515.625,-851.5625,31.25,531.25,-835.9375,31.25
2399058,-117.1875,539.0625,828.125,-39.0625,-804.6875,640.625,156.25,-976.5625,226.5625,515.625,-851.5625,31.25,531.25,-835.9375,31.25
2399067,-148.4375,546.875,835.9375,-46.875,-804.6875,625.0,164.0625,-976.5625,226.5625,507.8125,-851.5625,39.0625,531.25,-835.9375,31.25
2399067,-148.4375,546.875,835.9375,-46.875,-804.6875,625.0,164.0625,-976.5625,226.5625,507.8125,-851.5625,39.0625,531.25,-835.9375,31.25
2399067,-148.4375,539.0625,835.9375,-39.0625,-804.6875,632.8125,164.0625,-968.75,226.5625,515.625,-843.75,39.0625,531.25,-843.75,31.25
2399067,-148.4375,539.0625,835.9375,-39.0625,-804.6875,632.8125,164.0625,-968.75,226.5625,515.625,-843.75,39.0625,531.25,-843.75,31.25
2399075,-132.8125,531.25,843.75,-39.0625,-804.6875,640.625,164.0625,-976.5625,218.75,515.625,-851.5625,46.875,531.25,-843.75,39.0625
2399075,-132.8125,531.25,843.75,-39.0625,-804.6875,640.625,164.0625,-976.5625,218.75,515.625,-851.5625,46.875,531.25,-843.75,39.0625
2399237,-148.4375,539.0625,828.125,-39.0625,-796.875,632.8125,164.0625,-968.75,226.5625,515.625,-843.75,39.0625,531.25,-843.75,23.4375
2399237,-148.4375,539.0625,828.125,-39.0625,-796.875,632.8125,164.0625,-968.75,226.5625,515.625,-843.75,39.0625,531.25,-843.75,23.4375
2399245,-140.625,531.25,820.3125,-31.25,-796.875,625.0,164.0625,-960.9375,234.375,515.625,-843.75,46.875,523.4375,-843.75,23.4375
2399245,-140.625,531.25,820.3125,-31.25,-796.875,625.0,164.0625,-960.9375,234.375,515.625,-843.75,46.875,523.4375,-843.75,23.4375
2399245,-140.625,539.0625,835.9375,-46.875,-796.875,640.625,156.25,-968.75,234.375,515.625,-843.75,39.0625,523.4375,-835.9375,31.25
2399245,-140.625,539.0625,835.9375,-46.875,-796.875,640.625,156.25,-968.75,234.375,515.625,-843.75,39.0625,523.4375,-835.9375,31.25
2399253,-148.4375,539.0625,828.125,-46.875,-804.6875,632.8125,156.25,-968.75,226.5625,515.625,-851.5625,39.0625,531.25,-843.75,31.25
2399253,-148.4375,539.0625,828.125,-46.875,-804.6875,632.8125,156.25,-968.75,226.5625,515.625,-851.5625,39.0625,531.25,-843.75,31.25
2399398,-148.4375,546.875,835.9375,-39.0625,-804.6875,632.8125,164.0625,-976.5625,226.5625,515.625,-851.5625,46.875,531.25,-851.5625,31.25
2399398,-148.4375,546.875,835.9375,-39.0625,-804.6875,632.8125,164.0625,-976.5625,226.5625,515.625,-851.5625,46.875,531.25,-851.5625,31.25
2399406,-140.625,531.25,835.9375,-39.0625,-804.6875,640.625,164.0625,-968.75,234.375,523.4375,-851.5625,31.25,539.0625,-843.75,31.25
2399406,-140.625,531.25,835.9375,-39.0625,-804.6875,640.625,164.0625,-968.75,234.375,523.4375,-851.5625,31.25,539.0625,-843.75,31.25
2399406,-132.8125,539.0625,835.9375,-46.875,-812.5,632.8125,164.0625,-976.5625,226.5625,523.4375,-851.5625,46.875,531.25,-843.75,31.25
2399406,-132.8125,539.0625,835.9375,-46.875,-812.5,632.8125,164.0625,-976.5625,226.5625,523.4375,-851.5625,46.875,531.25,-843.75,31.25
2399414,-140.625,539.0625,835.9375,-46.875,-812.5,632.8125,156.25,-984.375,218.75,523.4375,-851.5625,31.25,531.25,-851.5625,31.25
2399414,-140.625,539.0625,835.9375,-46.875,-812.5,632.8125,156.25,-984.375,218.75,523.4375,-851.5625,31.25,531.25,-851.5625,31.25
2399560,-140.625,531.25,843.75,-39.0625,-812.5,640.625,164.0625,-984.375,226.5625,523.4375,-851.5625,31.25,531.25,-851.5625,39.0625
2399560,-140.625,531.25,843.75,-39.0625,-812.5,640.625,164.0625,-984.375,226.5625,523.4375,-851.5625,31.25,531.25,-851.5625,39.0625
2399567,-140.625,539.0625,843.75,-46.875,-812.5,632.8125,164.0625,-984.375,226.5625,523.4375,-851.5625,39.0625,539.0625,-851.5625,31.25
2399567,-140.625,539.0625,843.75,-46.875,-812.5,632.8125,164.0625,-984.375,226.5625,523.4375,-851.5625,39.0625,539.0625,-851.5625,31.25
2399567,-171.875,531.25,843.75,-39.0625,-804.6875,632.8125,164.0625,-976.5625,234.375,523.4375,-851.5625,39.0625,539.0625,-851.5625,31.25
2399567,-171.875,531.25,843.75,-39.0625,-804.6875,632.8125,164.0625,-976.5625,234.375,523.4375,-851.5625,39.0625,539.0625,-851.5625,31.25
2399575,-109.375,539.0625,835.9375,-46.875,-812.5,632.8125,164.0625,-976.5625,226.5625,523.4375,-851.5625,39.0625,539.0625,-851.5625,31.25
2399575,-109.375,539.0625,835.9375,-46.875,-812.5,632.8125,164.0625,-976.5625,226.5625,523.4375,-851.5625,39.0625,539.0625,-851.5625,31.25
