2363774,385.0,1763.125,6243.125
2363774,385.0,1763.125,6243.125
2363784,630.0,3311.875,6024.375
2363784,630.0,3311.875,6024.375
2363794,2581.25,1194.375,4029.375
2363794,2581.25,1194.375,4029.375
2363805,2887.5,-756.875,1719.375
2363805,2887.5,-756.875,1719.375
2363815,1754.375,-1968.75,100.625
2363815,1754.375,-1968.75,100.625
2363826,1579.375,-2821.875,-363.125
2363826,1579.375,-2821.875,-363.125
2363836,1933.75,-2021.25,131.25
2363836,1933.75,-2021.25,131.25
2363846,1295.0,-1710.625,612.5
2363846,1295.0,-1710.625,612.5
2363856,586.25,-1636.25,962.5
2363856,586.25,-1636.25,962.5
2363867,511.875,-1071.875,1312.5
2363867,511.875,-1071.875,1312.5
2363877,1198.75,-520.625,1771.875
2363877,1198.75,-520.625,1771.875
2363887,2296.875,-96.25,2520.0
2363887,2296.875,-96.25,2520.0
2363898,2642.5,140.0,2966.25
2363898,2642.5,140.0,2966.25
2363908,2178.75,310.625,2878.75
2363908,2178.75,310.625,2878.75
2363918,2117.5,450.625,2922.5
2363918,2117.5,450.625,2922.5
2363929,2310.0,428.75,2983.75
2363929,2310.0,428.75,2983.75
2363939,2953.125,100.625,2598.75
2363939,2953.125,100.625,2598.75
2363949,3535.0,52.5,2108.75
2363949,3535.0,52.5,2108.75
2363960,4073.125,122.5,2340.625
2363960,4073.125,122.5,2340.625
2363970,4729.375,297.5,3364.375
2363970,4729.375,297.5,3364.375
2363980,4970.0,153.125,4449.375
2363980,4970.0,153.125,4449.375
2363990,4698.75,-135.625,4799.375
2363990,4698.75,-135.625,4799.375
2364001,3605.0,774.375,4243.75
2364001,3605.0,774.375,4243.75
2364011,2585.625,783.125,3635.625
2364011,2585.625,783.125,3635.625
2364022,2038.75,630.0,2883.125
2364022,2038.75,630.0,2883.125
2364032,1675.625,800.625,2165.625
2364032,1675.625,800.625,2165.625
2364042,1391.25,1032.5,1697.5
2364042,1391.25,1032.5,1697.5
2364053,1155.0,1080.625,1741.25
2364053,1155.0,1080.625,1741.25
2364063,1176.875,1251.25,1776.25
2364063,1176.875,1251.25,1776.25
2364073,1299.375,857.5,1115.625
2364073,1299.375,857.5,1115.625
2364083,1470.0,280.0,140.0
2364083,1470.0,280.0,140.0
2364094,1395.625,-87.5,-183.75
2364094,1395.625,-87.5,-183.75
2364104,1246.875,-96.25,-48.125
2364104,1246.875,-96.25,-48.125
2364114,1356.25,-21.875,105.0
2364114,1356.25,-21.875,105.0
2364125,1316.875,520.625,791.875
2364125,1316.875,520.625,791.875
2364135,805.0,1316.875,1758.75
2364135,805.0,1316.875,1758.75
2364145,144.375,1653.75,1977.5
2364145,144.375,1653.75,1977.5
2364156,-428.75,2034.375,1995.0
2364156,-428.75,2034.375,1995.0
2364166,-892.5,1662.5,1815.625
2364166,-892.5,1662.5,1815.625
2364176,-1758.75,980.0,1308.125
2364176,-1758.75,980.0,1308.125
2364187,-2550.625,879.375,660.625
2364187,-2550.625,879.375,660.625
2364197,-1942.5,1990.625,-13.125
2364197,-1942.5,1990.625,-13.125
2364207,-1155.0,3390.625,529.375
2364207,-1155.0,3390.625,529.375
2364218,-1312.5,3609.375,398.125
2364218,-1312.5,3609.375,398.125
2364228,-1526.875,3202.5,-166.25
2364228,-1526.875,3202.5,-166.25
2364238,-1334.375,2791.25,-319.375
2364238,-1334.375,2791.25,-319.375
2364249,-704.375,2883.125,-8.75
2364249,-704.375,2883.125,-8.75
2364260,-118.125,2397.5,-179.375
2364260,-118.125,2397.5,-179.375
2364269,65.625,1964.375,-65.625
2364269,65.625,1964.375,-65.625
2364279,363.125,2056.25,651.875
2364279,363.125,2056.25,651.875
2364290,1190.0,1701.875,1496.25
2364290,1190.0,1701.875,1496.25
2364300,1102.5,1334.375,1089.375
2364300,1102.5,1334.375,1089.375
2364310,1194.375,805.0,525.0
2364310,1194.375,805.0,525.0
2364321,1085.0,682.5,590.625
2364321,1085.0,682.5,590.625
2364331,888.125,800.625,1150.625
2364331,888.125,800.625,1150.625
2364341,940.625,958.125,1881.25
2364341,940.625,958.125,1881.25
2364352,980.0,892.5,1916.25
2364352,980.0,892.5,1916.25
2364362,1378.125,485.625,1531.25
2364362,1378.125,485.625,1531.25
2364372,1942.5,533.75,1610.0
2364372,1942.5,533.75,1610.0
2364383,1518.125,704.375,1999.375
2364383,1518.125,704.375,1999.375
2364393,695.625,542.5,1964.375
2364393,695.625,542.5,1964.375
2364403,122.5,310.625,1999.375
2364403,122.5,310.625,1999.375
2364414,-8.75,61.25,1911.875
2364414,-8.75,61.25,1911.875
2364424,13.125,266.875,2231.25
2364424,13.125,266.875,2231.25
2364434,-126.875,735.0,2948.75
2364434,-126.875,735.0,2948.75
2364445,-306.25,1093.75,3801.875
2364445,-306.25,1093.75,3801.875
2364455,-284.375,1675.625,4414.375
2364455,-284.375,1675.625,4414.375
2364465,131.25,1754.375,4773.125
2364465,131.25,1754.375,4773.125
2364475,1351.875,1356.25,4628.75
2364475,1351.875,1356.25,4628.75
2364486,1995.0,870.625,3666.25
2364486,1995.0,870.625,3666.25
2364496,1911.875,700.0,2712.5
2364496,1911.875,700.0,2712.5
2364506,1548.75,-74.375,910.0
2364506,1548.75,-74.375,910.0
2364517,861.875,-791.875,-595.0
2364517,861.875,-791.875,-595.0
2364527,542.5,-914.375,-1102.5
2364527,542.5,-914.375,-1102.5
2364537,420.0,-1001.875,-1080.625
2364537,420.0,-1001.875,-1080.625
2364548,730.625,-726.25,-988.75
2364548,730.625,-726.25,-988.75
2364558,1032.5,-783.125,-1063.125
2364558,1032.5,-783.125,-1063.125
2364567,686.875,-923.125,-1054.375
2364567,686.875,-923.125,-1054.375
2364579,-74.375,-831.25,-818.125
2364579,-74.375,-831.25,-818.125
2364589,-848.75,-472.5,-323.75
2364589,-848.75,-472.5,-323.75
2364599,-1325.625,-280.0,-70.0
2364599,-1325.625,-280.0,-70.0
2364610,-1071.875,-91.875,109.375
2364610,-1071.875,-91.875,109.375
2364620,-700.0,236.25,503.125
2364620,-700.0,236.25,503.125
2364630,-507.5,297.5,603.75
2364630,-507.5,297.5,603.75
2364641,-507.5,74.375,161.875
2364641,-507.5,74.375,161.875
2364651,-323.75,-371.875,-595.0
2364651,-323.75,-371.875,-595.0
2364661,4.375,-721.875,-1080.625
2364661,4.375,-721.875,-1080.625
2364671,17.5,-1120.0,-1369.375
2364671,17.5,-1120.0,-1369.375
2364682,105.0,-1610.0,-1715.0
2364682,105.0,-1610.0,-1715.0
2364692,-91.875,-1701.875,-1715.0
2364692,-91.875,-1701.875,-1715.0
2364702,-398.125,-1281.875,-1465.625
2364702,-398.125,-1281.875,-1465.625
2364713,-660.625,-739.375,-1041.25
2364713,-660.625,-739.375,-1041.25
2364723,-1019.375,-643.125,-940.625
2364723,-1019.375,-643.125,-940.625
2364733,-1045.625,-704.375,-1141.875
2364733,-1045.625,-704.375,-1141.875
2364744,-721.875,-713.125,-1343.125
2364744,-721.875,-713.125,-1343.125
2364754,-468.125,-542.5,-1386.875
2364754,-468.125,-542.5,-1386.875
2364765,-380.625,-323.75,-1754.375
2364765,-380.625,-323.75,-1754.375
2364775,-231.875,-371.875,-2345.0
2364775,-231.875,-371.875,-2345.0
2364785,-240.625,-511.875,-2887.5
2364785,-240.625,-511.875,-2887.5
2364795,-118.125,-826.875,-2922.5
2364795,-118.125,-826.875,-2922.5
2364806,-476.875,-1850.625,-2082.5
2364806,-476.875,-1850.625,-2082.5
2364816,-3473.75,-7875.0,463.75
2364816,-3473.75,-7875.0,463.75
2364826,1303.75,-3972.5,-2813.125
2364826,1303.75,-3972.5,-2813.125
2364837,2699.375,-135.625,-1771.875
2364837,2699.375,-135.625,-1771.875
2364847,1640.625,-3386.25,371.875
2364847,1640.625,-3386.25,371.875
2364857,-83.125,-8872.5,4230.625
2364857,-83.125,-8872.5,4230.625
2364867,-118.125,-8351.875,-520.625
2364867,-118.125,-8351.875,-520.625
2364878,179.375,-74.375,-1168.125
2364878,179.375,-74.375,-1168.125
2364888,603.75,-2371.25,-533.75
2364888,603.75,-2371.25,-533.75
2364898,-1050.0,-4226.25,231.875
2364898,-1050.0,-4226.25,231.875
2364909,-2401.875,-7363.125,35.0
2364909,-2401.875,-7363.125,35.0
2364919,-43.75,-6230.0,-1951.25
2364919,-43.75,-6230.0,-1951.25
2364929,713.125,-5232.5,-1330.0
2364929,713.125,-5232.5,-1330.0
2364940,-603.75,-5324.375,83.125
2364940,-603.75,-5324.375,83.125
2364950,43.75,-2638.125,170.625
2364950,43.75,-2638.125,170.625
2364960,831.25,-560.0,949.375
2364960,831.25,-560.0,949.375
2364970,765.625,-546.875,1876.875
2364970,765.625,-546.875,1876.875
2364981,568.75,-402.5,2336.25
2364981,568.75,-402.5,2336.25
2364991,-65.625,-293.125,2283.75
2364991,-65.625,-293.125,2283.75
2365002,-616.875,-358.75,2100.0
2365002,-616.875,-358.75,2100.0
2365012,-332.5,-516.25,1439.375
2365012,-332.5,-516.25,1439.375
2365022,376.25,-533.75,853.125
2365022,376.25,-533.75,853.125
2365033,643.125,-389.375,336.875
2365033,643.125,-389.375,336.875
2365043,-367.5,-1391.25,-428.75
2365043,-367.5,-1391.25,-428.75
2365053,-459.375,-2607.5,-2082.5
2365053,-459.375,-2607.5,-2082.5
2365064,1863.75,-1404.375,-2996.875
2365064,1863.75,-1404.375,-2996.875
2365074,2406.25,-1881.25,-3648.75
2365074,2406.25,-1881.25,-3648.75
2365084,1645.0,-2966.25,-4261.25
2365084,1645.0,-2966.25,-4261.25
2365094,262.5,-3574.375,-4348.75
2365094,262.5,-3574.375,-4348.75
2365105,437.5,-3670.625,-4252.5
2365105,437.5,-3670.625,-4252.5
2365115,1036.875,-3443.125,-3237.5
2365115,1036.875,-3443.125,-3237.5
2365126,411.25,-3836.875,-1395.625
2365126,411.25,-3836.875,-1395.625
2365136,-1767.5,-4344.375,774.375
2365136,-1767.5,-4344.375,774.375
2365146,-1566.25,-2375.625,1588.125
2365146,-1566.25,-2375.625,1588.125
2365157,-805.0,-634.375,2515.625
2365157,-805.0,-634.375,2515.625
2365167,-713.125,-1194.375,3220.0
2365167,-713.125,-1194.375,3220.0
2365177,-2366.875,-2445.625,3871.875
2365177,-2366.875,-2445.625,3871.875
2365187,-2458.75,-3399.375,2769.375
2365187,-2458.75,-3399.375,2769.375
2365198,665.0,-1715.0,1369.375
2365198,665.0,-1715.0,1369.375
2365208,1071.875,-2270.625,1041.25
2365208,1071.875,-2270.625,1041.25
2365218,-1216.25,-4418.75,1163.75
2365218,-1216.25,-4418.75,1163.75
2365229,-1723.75,-4493.125,-551.25
2365229,-1723.75,-4493.125,-551.25
2365239,56.875,-2266.25,-1605.625
2365239,56.875,-2266.25,-1605.625
2365249,-428.75,-1701.875,-1277.5
2365249,-428.75,-1701.875,-1277.5
2365260,-809.375,-1680.0,-1190.0
2365260,-809.375,-1680.0,-1190.0
2365270,-3342.5,-2410.625,-752.5
2365270,-3342.5,-2410.625,-752.5
2365280,-4060.0,-2423.75,-1435.0
2365280,-4060.0,-2423.75,-1435.0
2365290,-516.25,-258.125,-1758.75
2365290,-516.25,-258.125,-1758.75
2365301,-669.375,-686.875,-1798.125
2365301,-669.375,-686.875,-1798.125
2365311,-2060.625,-2432.5,-2397.5
2365311,-2060.625,-2432.5,-2397.5
2365321,-1373.75,-2458.75,-3395.0
2365321,-1373.75,-2458.75,-3395.0
2365332,48.125,-1868.125,-4230.625
2365332,48.125,-1868.125,-4230.625
2365342,39.375,-1955.625,-4436.25
2365342,39.375,-1955.625,-4436.25
2365353,91.875,-2213.75,-3631.25
2365353,91.875,-2213.75,-3631.25
2365363,332.5,-2209.375,-2340.625
2365363,332.5,-2209.375,-2340.625
2365373,1268.75,-1736.875,-546.875
2365373,1268.75,-1736.875,-546.875
2365383,2091.25,-1373.75,1146.25
2365383,2091.25,-1373.75,1146.25
2365394,1802.5,-988.75,2279.375
2365394,1802.5,-988.75,2279.375
2365404,787.5,-883.75,3040.625
2365404,787.5,-883.75,3040.625
2365414,-406.875,-503.125,3469.375
2365414,-406.875,-503.125,3469.375
2365425,-857.5,-441.875,3386.25
2365425,-857.5,-441.875,3386.25
2365435,-805.0,-765.625,3268.125
2365435,-805.0,-765.625,3268.125
2365445,-1911.875,-2012.5,4064.375
2365445,-1911.875,-2012.5,4064.375
2365456,-2073.75,-3456.25,2996.875
2365456,-2073.75,-3456.25,2996.875
2365466,1321.25,-774.375,1351.875
2365466,1321.25,-774.375,1351.875
2365476,1995.0,-148.75,1653.75
2365476,1995.0,-148.75,1653.75
2365487,1916.25,-481.25,2095.625
2365487,1916.25,-481.25,2095.625
2365497,1583.75,-249.375,1951.25
2365497,1583.75,-249.375,1951.25
2365508,1133.125,-406.875,1255.625
2365508,1133.125,-406.875,1255.625
2365517,962.5,-616.875,546.875
2365517,962.5,-616.875,546.875
2365528,953.75,-739.375,-227.5
2365528,953.75,-739.375,-227.5
2365538,1001.875,-905.625,-1373.75
2365538,1001.875,-905.625,-1373.75
2365549,787.5,-1150.625,-2366.875
2365549,787.5,-1150.625,-2366.875
2365559,638.75,-1277.5,-3075.625
2365559,638.75,-1277.5,-3075.625
2365569,651.875,-1386.875,-3521.875
2365569,651.875,-1386.875,-3521.875
2365580,643.125,-1500.625,-3539.375
2365580,643.125,-1500.625,-3539.375
2365590,590.625,-1404.375,-3421.25
2365590,590.625,-1404.375,-3421.25
2365600,332.5,-1176.875,-2992.5
2365600,332.5,-1176.875,-2992.5
2365610,402.5,-980.0,-2331.875
2365610,402.5,-980.0,-2331.875
2365621,13.125,-630.0,-1448.125
2365621,13.125,-630.0,-1448.125
2365631,-91.875,-280.0,-201.25
2365631,-91.875,-280.0,-201.25
2365640,8.75,-61.25,813.75
2365640,8.75,-61.25,813.75
2365652,78.75,275.625,1522.5
2365652,78.75,275.625,1522.5
2365661,4.375,161.875,1938.125
2365661,4.375,161.875,1938.125
2365672,-70.0,113.75,2323.125
2365672,-70.0,113.75,2323.125
2365683,-113.75,-350.0,2555.0
2365683,-113.75,-350.0,2555.0
2365693,-1898.75,-1736.875,3819.375
2365693,-1898.75,-1736.875,3819.375
2365704,-3066.875,-3018.75,3110.625
2365704,-3066.875,-3018.75,3110.625
2365713,-542.5,-109.375,1483.125
2365713,-542.5,-109.375,1483.125
2365724,-350.0,-380.625,1548.75
2365724,-350.0,-380.625,1548.75
2365735,-3710.0,-3666.25,2095.625
2365735,-3710.0,-3666.25,2095.625
2365744,-1815.625,-3136.875,-800.625
2365744,-1815.625,-3136.875,-800.625
2365755,-262.5,-1741.25,-1623.125
2365755,-262.5,-1741.25,-1623.125
2365765,-1776.25,-3342.5,-1006.25
2365765,-1776.25,-3342.5,-1006.25
2365775,113.75,-2314.375,-1666.875
2365775,113.75,-2314.375,-1666.875
2365786,2336.25,-726.25,-1789.375
2365786,2336.25,-726.25,-1789.375
2365796,2266.25,-1019.375,-1540.0
2365796,2266.25,-1019.375,-1540.0
2365806,1911.875,-805.0,-1360.625
2365806,1911.875,-805.0,-1360.625
2365816,2065.0,-700.0,-1548.75
2365816,2065.0,-700.0,-1548.75
2365827,2012.5,-923.125,-1470.0
2365827,2012.5,-923.125,-1470.0
2365837,1421.875,-1216.25,-984.375
2365837,1421.875,-1216.25,-984.375
2365848,-560.0,-1916.25,175.0
2365848,-560.0,-1916.25,175.0
2365859,-472.5,-1448.125,-13.125
2365859,-472.5,-1448.125,-13.125
2365868,406.875,78.75,-498.75
2365868,406.875,78.75,-498.75
2365879,161.875,-65.625,-901.25
2365879,161.875,-65.625,-901.25
2365889,446.25,-450.625,-1172.5
2365889,446.25,-450.625,-1172.5
2365899,1080.625,-783.125,-542.5
2365899,1080.625,-783.125,-542.5
2365910,74.375,-1391.25,892.5
2365910,74.375,-1391.25,892.5
2365920,-879.375,-1386.875,678.125
2365920,-879.375,-1386.875,678.125
2365931,-113.75,-231.875,363.125
2365931,-113.75,-231.875,363.125
2365941,-100.625,-669.375,323.75
2365941,-100.625,-669.375,323.75
2365950,-358.75,-1391.25,-170.625
2365950,-358.75,-1391.25,-170.625
2365961,-822.5,-2095.625,-730.625
2365961,-822.5,-2095.625,-730.625
2365972,-3806.25,-3080.0,476.875
2365972,-3806.25,-3080.0,476.875
2365982,-4716.25,-2485.0,-266.875
2365982,-4716.25,-2485.0,-266.875
2365992,-2218.125,-288.75,-564.375
2365992,-2218.125,-288.75,-564.375
2366002,-848.75,-560.0,39.375
2366002,-848.75,-560.0,39.375
2366013,109.375,-525.0,258.125
2366013,109.375,-525.0,258.125
2366023,1098.125,-752.5,-529.375
2366023,1098.125,-752.5,-529.375
2366033,1544.375,-1246.875,-1347.5
2366033,1544.375,-1246.875,-1347.5
2366044,1933.75,-1649.375,-1955.625
2366044,1933.75,-1649.375,-1955.625
2366054,1623.125,-2025.625,-1951.25
2366054,1623.125,-2025.625,-1951.25
2366064,345.625,-1522.5,-1548.75
2366064,345.625,-1522.5,-1548.75
2366075,-507.5,-1194.375,-966.875
2366075,-507.5,-1194.375,-966.875
2366085,-778.75,-905.625,-376.25
2366085,-778.75,-905.625,-376.25
2366095,-1115.625,-949.375,280.0
2366095,-1115.625,-949.375,280.0
2366106,-2310.0,-1977.5,840.0
2366106,-2310.0,-1977.5,840.0
2366116,-2616.25,-3093.125,468.125
2366116,-2616.25,-3093.125,468.125
2366126,-183.75,-870.625,-175.0
2366126,-183.75,-870.625,-175.0
2366137,-428.75,-433.125,-100.625
2366137,-428.75,-433.125,-100.625
2366147,-936.25,-1063.125,-612.5
2366147,-936.25,-1063.125,-612.5
2366157,-896.875,-1089.375,-1080.625
2366157,-896.875,-1089.375,-1080.625
2366167,-389.375,-1347.5,-1001.875
2366167,-389.375,-1347.5,-1001.875
2366177,-568.75,-1330.0,-616.875
2366177,-568.75,-1330.0,-616.875
2366188,-739.375,-958.125,-148.75
2366188,-739.375,-958.125,-148.75
2366198,-262.5,-568.75,332.5
2366198,-262.5,-568.75,332.5
2366209,686.875,-603.75,691.25
2366209,686.875,-603.75,691.25
2366218,1159.375,-1124.375,621.25
2366218,1159.375,-1124.375,621.25
2366229,651.875,-1273.125,271.25
2366229,651.875,-1273.125,271.25
2366240,-253.75,-1045.625,271.25
2366240,-253.75,-1045.625,271.25
2366251,-643.125,-686.875,656.25
2366251,-643.125,-686.875,656.25
2366260,-717.5,-398.125,953.75
2366260,-717.5,-398.125,953.75
2366270,-210.0,-380.625,1207.5
2366270,-210.0,-380.625,1207.5
2366281,446.25,-472.5,1181.25
2366281,446.25,-472.5,1181.25
2366292,993.125,-669.375,1028.125
2366292,993.125,-669.375,1028.125
2366302,1098.125,-756.875,818.125
2366302,1098.125,-756.875,818.125
2366312,1163.75,-805.0,708.75
2366312,1163.75,-805.0,708.75
2366322,1172.5,-787.5,879.375
2366322,1172.5,-787.5,879.375
2366332,1001.875,-826.875,1194.375
2366332,1001.875,-826.875,1194.375
2366343,428.75,-446.25,1671.25
2366343,428.75,-446.25,1671.25
2366353,175.0,-310.625,2043.125
2366353,175.0,-310.625,2043.125
2366364,74.375,-157.5,2511.25
2366364,74.375,-157.5,2511.25
2366374,-275.625,-87.5,2559.375
2366374,-275.625,-87.5,2559.375
2366384,-415.625,-503.125,2183.125
2366384,-415.625,-503.125,2183.125
2366394,-411.25,-538.125,1938.125
2366394,-411.25,-538.125,1938.125
2366405,-218.75,-612.5,2117.5
2366405,-218.75,-612.5,2117.5
2366415,-288.75,-450.625,2296.875
2366415,-288.75,-450.625,2296.875
2366426,-415.625,-301.875,2423.75
2366426,-415.625,-301.875,2423.75
2366436,-437.5,0.0,2568.125
2366436,-437.5,0.0,2568.125
2366446,-319.375,52.5,2629.375
2366446,-319.375,52.5,2629.375
2366456,-48.125,-8.75,2686.25
2366456,-48.125,-8.75,2686.25
2366467,310.625,-240.625,2406.25
2366467,310.625,-240.625,2406.25
2366477,341.25,-245.0,2366.875
2366477,341.25,-245.0,2366.875
2366487,-240.625,-56.875,2375.625
2366487,-240.625,-56.875,2375.625
2366498,-218.75,100.625,2331.875
2366498,-218.75,100.625,2331.875
2366508,223.125,-21.875,2161.25
2366508,223.125,-21.875,2161.25
2366518,704.375,-297.5,2030.0
2366518,704.375,-297.5,2030.0
2366529,770.0,-297.5,1846.25
2366529,770.0,-297.5,1846.25
2366539,616.875,-262.5,1518.125
2366539,616.875,-262.5,1518.125
2366549,555.625,-188.125,1500.625
2366549,555.625,-188.125,1500.625
2366560,726.25,-301.875,1623.125
2366560,726.25,-301.875,1623.125
2366570,603.75,-231.875,1666.875
2366570,603.75,-231.875,1666.875
2366580,848.75,-214.375,1684.375
2366580,848.75,-214.375,1684.375
2366591,923.125,-341.25,1662.5
2366591,923.125,-341.25,1662.5
2366602,870.625,-214.375,1802.5
2366602,870.625,-214.375,1802.5
2366611,831.25,-74.375,1920.625
2366611,831.25,-74.375,1920.625
2366622,730.625,-210.0,1942.5
2366622,730.625,-210.0,1942.5
2366632,345.625,0.0,1911.875
2366632,345.625,0.0,1911.875
2366642,-4.375,218.75,1820.0
2366642,-4.375,218.75,1820.0
2366652,61.25,-61.25,1767.5
2366652,61.25,-61.25,1767.5
2366663,428.75,-96.25,1855.0
2366663,428.75,-96.25,1855.0
2366672,818.125,-140.0,2073.75
2366672,818.125,-140.0,2073.75
2366683,748.125,35.0,2253.125
2366683,748.125,35.0,2253.125
2366694,385.0,-39.375,1837.5
2366694,385.0,-39.375,1837.5
2366704,21.875,-275.625,1382.5
2366704,21.875,-275.625,1382.5
2366714,380.625,-61.25,1881.25
2366714,380.625,-61.25,1881.25
2366725,975.625,363.125,2559.375
2366725,975.625,363.125,2559.375
2366735,800.625,315.0,2677.5
2366735,800.625,315.0,2677.5
2366745,542.5,284.375,2078.125
2366745,542.5,284.375,2078.125
2366756,1019.375,13.125,1841.875
2366756,1019.375,13.125,1841.875
2366766,1207.5,-126.875,1680.0
2366766,1207.5,-126.875,1680.0
2366776,1036.875,-525.0,971.25
2366776,1036.875,-525.0,971.25
2366787,424.375,-730.625,450.625
2366787,424.375,-730.625,450.625
2366797,-231.875,-669.375,577.5
2366797,-231.875,-669.375,577.5
2366807,-748.125,-345.625,988.75
2366807,-748.125,-345.625,988.75
2366817,-656.25,-21.875,1610.0
2366817,-656.25,-21.875,1610.0
