1574034,-61.25,13.125,-17.5
1574034,-61.25,13.125,-17.5
1574044,-48.125,8.75,-17.5
1574044,-48.125,8.75,-17.5
1574195,0.0,-8.75,-43.75
1574195,0.0,-8.75,-43.75
1574205,-21.875,-8.75,-35.0
1574205,-21.875,-8.75,-35.0
1574356,-48.125,0.0,-13.125
1574356,-48.125,0.0,-13.125
1574367,-35.0,-4.375,-8.75
1574367,-35.0,-4.375,-8.75
1574518,-30.625,8.75,-26.25
1574518,-30.625,8.75,-26.25
1574528,-43.75,8.75,-21.875
1574528,-43.75,8.75,-21.875
1574680,-65.625,4.375,70.0
1574680,-65.625,4.375,70.0
1574690,-113.75,39.375,91.875
1574690,-113.75,39.375,91.875
1574831,-109.375,17.5,21.875
1574831,-109.375,17.5,21.875
1574840,-105.0,13.125,13.125
1574840,-105.0,13.125,13.125
1574992,-26.25,17.5,-30.625
1574992,-26.25,17.5,-30.625
1575002,-13.125,13.125,-52.5
1575002,-13.125,13.125,-52.5
1575013,4.375,8.75,-83.125
1575013,4.375,8.75,-83.125
1575175,-52.5,21.875,-26.25
1575175,-52.5,21.875,-26.25
1575184,-74.375,30.625,-48.125
1575184,-74.375,30.625,-48.125
1575336,-240.625,188.125,367.5
1575336,-240.625,188.125,367.5
1575345,-577.5,223.125,682.5
1575345,-577.5,223.125,682.5
1575497,678.125,105.0,984.375
1575497,678.125,105.0,984.375
1575507,739.375,35.0,1198.75
1575507,739.375,35.0,1198.75
1575658,188.125,-284.375,818.125
1575658,188.125,-284.375,818.125
1575669,109.375,-516.25,1295.0
1575669,109.375,-516.25,1295.0
1575820,-11160.625,6479.375,1706.25
1575820,-11160.625,6479.375,1706.25
1575830,-13566.875,4388.125,953.75
1575830,-13566.875,4388.125,953.75
1575981,-7437.5,-8115.625,-23301.25
1575981,-7437.5,-8115.625,-23301.25
1575991,-8470.0,-11585.0,-22894.375
1575991,-8470.0,-11585.0,-22894.375
1576143,14087.5,7148.75,14520.625
1576143,14087.5,7148.75,14520.625
1576153,19201.875,10622.5,14153.125
1576153,19201.875,10622.5,14153.125
1576163,22509.375,15203.125,13475.0
1576163,22509.375,15203.125,13475.0
1576173,23900.625,20378.75,12578.125
1576173,23900.625,20378.75,12578.125
1576325,-23143.75,-17854.375,-9533.125
1576325,-23143.75,-17854.375,-9533.125
1576335,-22925.0,-17780.0,-11291.875
1576335,-22925.0,-17780.0,-11291.875
1576486,27689.375,21678.125,3626.875
1576486,27689.375,21678.125,3626.875
1576496,28529.375,22338.75,2808.75
1576496,28529.375,22338.75,2808.75
1576647,-4558.75,-7800.625,-218.75
1576647,-4558.75,-7800.625,-218.75
1576658,-5591.25,-5862.5,-441.875
1576658,-5591.25,-5862.5,-441.875
1576809,1365.0,70.0,-1001.875
1576809,1365.0,70.0,-1001.875
1576819,1216.25,-105.0,-1185.625
1576819,1216.25,-105.0,-1185.625
1576971,-441.875,-393.75,-240.625
1576971,-441.875,-393.75,-240.625
