1557610,546.875,3736.25,-1824.375
1557610,546.875,3736.25,-1824.375
1557620,-573.125,2559.375,-1767.5
1557620,-573.125,2559.375,-1767.5
1557630,-608.125,1548.75,-1890.0
1557630,-608.125,1548.75,-1890.0
1557641,-800.625,1505.0,-2874.375
1557641,-800.625,1505.0,-2874.375
1557651,1150.625,2948.75,-3841.25
1557651,1150.625,2948.75,-3841.25
1557661,6221.25,5648.125,-2590.0
1557661,6221.25,5648.125,-2590.0
1557672,1050.0,6273.75,-3976.875
1557672,1050.0,6273.75,-3976.875
1557682,-2073.75,1360.625,-4401.25
1557682,-2073.75,1360.625,-4401.25
1557692,-380.625,-109.375,-3941.875
1557692,-380.625,-109.375,-3941.875
1557703,-586.25,1264.375,-4606.875
1557703,-586.25,1264.375,-4606.875
1557713,-350.0,-113.75,-4558.75
1557713,-350.0,-113.75,-4558.75
1557723,-1483.125,-1238.125,-4593.75
1557723,-1483.125,-1238.125,-4593.75
1557734,-3176.25,-2480.625,-4935.0
1557734,-3176.25,-2480.625,-4935.0
1557744,-4900.0,-5311.25,-4602.5
1557744,-4900.0,-5311.25,-4602.5
1557755,-7013.125,-6164.375,-4322.5
1557755,-7013.125,-6164.375,-4322.5
1557764,-8111.25,-6461.875,-3666.25
1557764,-8111.25,-6461.875,-3666.25
1557775,-9594.375,-6055.0,-4379.375
1557775,-9594.375,-6055.0,-4379.375
1557785,-9384.375,-5783.75,-2043.125
1557785,-9384.375,-5783.75,-2043.125
1557796,-9034.375,-4650.625,-2485.0
1557796,-9034.375,-4650.625,-2485.0
1557806,-11418.75,-7446.25,-4646.25
1557806,-11418.75,-7446.25,-4646.25
1557816,2305.625,-3447.5,-1758.75
1557816,2305.625,-3447.5,-1758.75
1557827,3246.25,288.75,568.75
1557827,3246.25,288.75,568.75
1557837,6164.375,-192.5,-74.375
1557837,6164.375,-192.5,-74.375
1557847,12131.875,2511.25,-301.875
1557847,12131.875,2511.25,-301.875
1557857,8960.0,1688.75,-953.75
1557857,8960.0,1688.75,-953.75
1557868,7275.625,-371.875,-568.75
1557868,7275.625,-371.875,-568.75
1557877,5691.875,74.375,-1015.0
1557877,5691.875,74.375,-1015.0
1557888,3836.875,70.0,-805.0
1557888,3836.875,70.0,-805.0
1557899,2310.0,459.375,-1133.125
1557899,2310.0,459.375,-1133.125
1557909,2957.5,2590.0,-1675.625
1557909,2957.5,2590.0,-1675.625
1557919,3648.75,4344.375,-2546.25
1557919,3648.75,4344.375,-2546.25
1557930,3670.625,3132.5,-2791.25
1557930,3670.625,3132.5,-2791.25
1557940,3049.375,1491.875,-2730.0
1557940,3049.375,1491.875,-2730.0
1557951,2712.5,1163.75,-2603.125
1557951,2712.5,1163.75,-2603.125
1557961,2896.25,1369.375,-2511.25
1557961,2896.25,1369.375,-2511.25
1557971,3443.125,2463.125,-2266.25
1557971,3443.125,2463.125,-2266.25
1557981,3810.625,3478.125,-2161.25
1557981,3810.625,3478.125,-2161.25
1557992,3880.625,4585.0,-2161.25
1557992,3880.625,4585.0,-2161.25
1558002,3346.875,5188.75,-2345.0
1558002,3346.875,5188.75,-2345.0
1558012,2318.75,5740.0,-2458.75
1558012,2318.75,5740.0,-2458.75
1558023,844.375,5836.25,-2314.375
1558023,844.375,5836.25,-2314.375
1558033,-940.625,5433.75,-2012.5
1558033,-940.625,5433.75,-2012.5
1558043,-1859.375,3898.125,-1343.125
1558043,-1859.375,3898.125,-1343.125
1558053,-2100.0,1750.0,-1089.375
1558053,-2100.0,1750.0,-1089.375
1558064,-1124.375,-131.25,-958.125
1558064,-1124.375,-131.25,-958.125
1558074,485.625,-949.375,-1071.875
1558074,485.625,-949.375,-1071.875
1558084,2598.75,-918.75,-975.625
1558084,2598.75,-918.75,-975.625
1558095,5162.5,651.875,-1168.125
1558095,5162.5,651.875,-1168.125
1558105,7236.25,3478.125,-1513.75
1558105,7236.25,3478.125,-1513.75
1558115,6076.875,5871.25,-1343.125
1558115,6076.875,5871.25,-1343.125
1558126,1544.375,6387.5,-1023.75
1558126,1544.375,6387.5,-1023.75
1558136,-3911.25,4029.375,-1386.875
1558136,-3911.25,4029.375,-1386.875
1558147,-6960.625,888.125,-2314.375
1558147,-6960.625,888.125,-2314.375
1558157,-7013.125,-1771.875,-3780.0
1558157,-7013.125,-1771.875,-3780.0
1558167,-4103.75,-3263.75,-5083.75
1558167,-4103.75,-3263.75,-5083.75
1558177,-931.875,-4375.0,-6536.25
1558177,-931.875,-4375.0,-6536.25
1558188,1693.125,-5105.625,-7485.625
1558188,1693.125,-5105.625,-7485.625
1558198,3666.25,-5127.5,-7840.0
1558198,3666.25,-5127.5,-7840.0
1558208,5748.75,-4458.125,-8089.375
1558208,5748.75,-4458.125,-8089.375
1558219,6632.5,-3587.5,-7651.875
1558219,6632.5,-3587.5,-7651.875
1558229,5070.625,-4086.25,-6943.125
1558229,5070.625,-4086.25,-6943.125
1558239,3180.625,-7393.75,-5538.75
1558239,3180.625,-7393.75,-5538.75
1558249,3364.375,-11016.25,-3591.875
1558249,3364.375,-11016.25,-3591.875
1558260,3570.0,-14310.625,-1898.75
1558260,3570.0,-14310.625,-1898.75
1558270,3570.0,-18418.75,-196.875
1558270,3570.0,-18418.75,-196.875
1558280,4038.125,-20308.75,975.625
1558280,4038.125,-20308.75,975.625
1558291,4475.625,-17858.75,2187.5
1558291,4475.625,-17858.75,2187.5
1558302,8286.25,-6199.375,5193.125
1558302,8286.25,-6199.375,5193.125
1558311,9375.625,4038.125,7612.5
1558311,9375.625,4038.125,7612.5
1558321,3683.75,6492.5,8938.125
1558321,3683.75,6492.5,8938.125
1558332,-5700.625,3876.25,9891.875
1558332,-5700.625,3876.25,9891.875
1558342,-17106.25,-1478.75,8885.625
1558342,-17106.25,-1478.75,8885.625
1558353,-22435.0,-5481.875,8172.5
1558353,-22435.0,-5481.875,8172.5
1558363,-21840.0,-10185.0,5425.0
1558363,-21840.0,-10185.0,5425.0
1558373,-15255.625,-13081.25,2471.875
1558373,-15255.625,-13081.25,2471.875
1558383,-9996.875,-12893.125,-1575.0
1558383,-9996.875,-12893.125,-1575.0
1558394,-568.75,-5228.125,-3692.5
1558394,-568.75,-5228.125,-3692.5
1558404,7013.125,4204.375,-5604.375
1558404,7013.125,4204.375,-5604.375
1558414,8898.75,8120.0,-5805.625
1558414,8898.75,8120.0,-5805.625
1558425,8758.75,8601.25,-3705.625
1558425,8758.75,8601.25,-3705.625
1558435,5779.375,4917.5,-1452.5
1558435,5779.375,4917.5,-1452.5
1558445,472.5,923.125,1382.5
1558445,472.5,923.125,1382.5
1558457,-5390.0,-1793.75,3115.0
1558457,-5390.0,-1793.75,3115.0
1558466,-7503.125,-5127.5,3150.0
1558466,-7503.125,-5127.5,3150.0
1558476,-5936.875,-4860.625,1176.875
1558476,-5936.875,-4860.625,1176.875
1558487,-3749.375,-1220.625,-1592.5
1558487,-3749.375,-1220.625,-1592.5
1558497,551.25,1470.0,-3780.0
1558497,551.25,1470.0,-3780.0
1558507,6321.875,1658.125,-6146.875
1558507,6321.875,1658.125,-6146.875
1558518,12280.625,1439.375,-7196.875
1558518,12280.625,1439.375,-7196.875
1558528,15898.75,2161.25,-6536.25
1558528,15898.75,2161.25,-6536.25
1558538,16485.0,2555.0,-5079.375
1558538,16485.0,2555.0,-5079.375
1558549,16196.25,2380.0,-2305.625
1558549,16196.25,2380.0,-2305.625
1558559,16261.875,4475.625,1684.375
1558559,16261.875,4475.625,1684.375
1558569,13085.625,8443.75,4558.75
1558569,13085.625,8443.75,4558.75
1558580,5315.625,12630.625,7170.625
1558580,5315.625,12630.625,7170.625
1558590,-2743.125,14122.5,8706.25
1558590,-2743.125,14122.5,8706.25
1558600,-7459.375,13321.875,9520.0
1558600,-7459.375,13321.875,9520.0
1558611,-6046.25,11182.5,10565.625
1558611,-6046.25,11182.5,10565.625
1558621,-2288.125,7700.0,10031.875
1558621,-2288.125,7700.0,10031.875
1558631,-638.75,4335.625,7634.375
1558631,-638.75,4335.625,7634.375
1558642,-1789.375,1159.375,5184.375
1558642,-1789.375,1159.375,5184.375
1558652,-3268.125,-1981.875,3368.75
1558652,-3268.125,-1981.875,3368.75
1558661,-5346.25,-5118.75,2318.75
1558661,-5346.25,-5118.75,2318.75
1558672,-8159.375,-9533.125,1662.5
1558672,-8159.375,-9533.125,1662.5
1558683,-10898.125,-14004.375,1373.75
1558683,-10898.125,-14004.375,1373.75
1558693,-11431.875,-16891.875,997.5
1558693,-11431.875,-16891.875,997.5
1558704,-10600.625,-19328.75,686.875
1558704,-10600.625,-19328.75,686.875
1558714,-8465.625,-21201.25,-113.75
1558714,-8465.625,-21201.25,-113.75
1558724,-5656.875,-21831.25,-892.5
1558724,-5656.875,-21831.25,-892.5
1558734,-3290.0,-19932.5,-1535.625
1558734,-3290.0,-19932.5,-1535.625
1558745,-1601.25,-17031.875,-1710.625
1558745,-1601.25,-17031.875,-1710.625
1558755,-472.5,-15286.25,-1150.625
1558755,-472.5,-15286.25,-1150.625
1558765,-328.125,-12411.875,-625.625
1558765,-328.125,-12411.875,-625.625
1558776,-980.0,-9086.875,-166.25
1558776,-980.0,-9086.875,-166.25
1558786,-1719.375,-5674.375,218.75
1558786,-1719.375,-5674.375,218.75
1558796,-2506.875,-1470.0,161.875
1558796,-2506.875,-1470.0,161.875
1558807,-2848.125,3088.75,179.375
1558807,-2848.125,3088.75,179.375
1558817,-2467.5,7533.75,288.75
1558817,-2467.5,7533.75,288.75
1558827,-1767.5,11370.625,481.25
1558827,-1767.5,11370.625,481.25
1558838,-1561.875,13409.375,577.5
1558838,-1561.875,13409.375,577.5
1558848,-1133.125,13685.0,638.75
1558848,-1133.125,13685.0,638.75
1558858,-490.0,13033.125,691.25
1558858,-490.0,13033.125,691.25
1558869,306.25,11449.375,625.625
1558869,306.25,11449.375,625.625
1558879,1491.875,9170.0,573.125
1558879,1491.875,9170.0,573.125
1558889,2533.125,7249.375,446.25
1558889,2533.125,7249.375,446.25
1558900,3701.25,4930.625,196.875
1558900,3701.25,4930.625,196.875
1558910,5123.125,1903.125,371.875
1558910,5123.125,1903.125,371.875
1558920,5538.75,-660.625,376.25
1558920,5538.75,-660.625,376.25
1558930,5818.75,-3819.375,564.375
1558930,5818.75,-3819.375,564.375
1558941,6667.5,-6768.125,844.375
1558941,6667.5,-6768.125,844.375
1558951,6881.875,-8610.0,1273.125
1558951,6881.875,-8610.0,1273.125
1558962,6641.25,-9646.875,1496.25
1558962,6641.25,-9646.875,1496.25
1558972,6606.25,-10574.375,1666.875
1558972,6606.25,-10574.375,1666.875
1558982,7708.75,-10990.0,1505.0
1558982,7708.75,-10990.0,1505.0
1558992,8382.5,-9318.75,1194.375
1558992,8382.5,-9318.75,1194.375
1559002,7586.25,-8824.375,1229.375
1559002,7586.25,-8824.375,1229.375
1559013,6365.625,-7581.875,1093.75
1559013,6365.625,-7581.875,1093.75
1559023,4261.25,-6356.875,616.875
1559023,4261.25,-6356.875,616.875
1559034,3364.375,-6321.875,157.5
1559034,3364.375,-6321.875,157.5
1559044,3718.75,-5827.5,-170.625
1559044,3718.75,-5827.5,-170.625
1559054,4816.875,-4615.625,-363.125
1559054,4816.875,-4615.625,-363.125
1559065,5499.375,-2913.75,-612.5
1559065,5499.375,-2913.75,-612.5
1559075,4926.25,-1741.25,-923.125
1559075,4926.25,-1741.25,-923.125
1559085,3075.625,-1303.75,-778.75
1559085,3075.625,-1303.75,-778.75
1559095,914.375,-971.25,-468.125
1559095,914.375,-971.25,-468.125
1559106,713.125,148.75,-271.25
1559106,713.125,148.75,-271.25
1559116,-1128.75,-4121.25,-245.0
1559116,-1128.75,-4121.25,-245.0
1559126,-2388.75,-5180.0,-192.5
1559126,-2388.75,-5180.0,-192.5
1559136,-2795.625,-3854.375,-17.5
1559136,-2795.625,-3854.375,-17.5
1559147,-2441.25,-2795.625,166.25
1559147,-2441.25,-2795.625,166.25
1559158,-2380.0,-1308.125,350.0
1559158,-2380.0,-1308.125,350.0
1559168,-2051.875,161.875,336.875
1559168,-2051.875,161.875,336.875
1559178,-958.125,1203.125,441.875
1559178,-958.125,1203.125,441.875
1559188,-424.375,1614.375,516.25
1559188,-424.375,1614.375,516.25
1559199,-30.625,1120.0,818.125
1559199,-30.625,1120.0,818.125
1559209,310.625,822.5,1080.625
1559209,310.625,822.5,1080.625
1559219,525.0,651.875,1281.875
1559219,525.0,651.875,1281.875
1559230,476.875,643.125,1470.0
1559230,476.875,643.125,1470.0
1559240,-266.875,258.125,1675.625
1559240,-266.875,258.125,1675.625
1559249,-783.125,-700.0,1776.25
1559249,-783.125,-700.0,1776.25
1559261,-616.875,-2226.875,1859.375
1559261,-616.875,-2226.875,1859.375
1559271,-398.125,-3119.375,1925.0
1559271,-398.125,-3119.375,1925.0
1559281,-192.5,-3298.75,1828.75
1559281,-192.5,-3298.75,1828.75
1559292,-48.125,-3123.75,1754.375
1559292,-48.125,-3123.75,1754.375
1559302,8.75,-2852.5,1649.375
1559302,8.75,-2852.5,1649.375
1559313,218.75,-2467.5,1343.125
1559313,218.75,-2467.5,1343.125
1559322,958.125,-2734.375,1181.25
1559322,958.125,-2734.375,1181.25
1559333,1260.0,-2314.375,905.625
1559333,1260.0,-2314.375,905.625
1559343,1019.375,-2043.125,625.625
1559343,1019.375,-2043.125,625.625
1559354,791.875,-1793.75,555.625
1559354,791.875,-1793.75,555.625
1559364,1102.5,-1561.875,498.75
1559364,1102.5,-1561.875,498.75
1559374,1264.375,-1203.125,249.375
1559374,1264.375,-1203.125,249.375
1559384,1343.125,-800.625,350.0
1559384,1343.125,-800.625,350.0
1559395,743.75,-669.375,446.25
1559395,743.75,-669.375,446.25
1559405,258.125,-1006.25,350.0
1559405,258.125,-1006.25,350.0
1559415,468.125,-1028.125,223.125
1559415,468.125,-1028.125,223.125
1559425,818.125,-577.5,96.25
1559425,818.125,-577.5,96.25
1559436,901.25,-599.375,26.25
1559436,901.25,-599.375,26.25
1559446,783.125,-1067.5,-8.75
1559446,783.125,-1067.5,-8.75
1559457,608.125,-1325.625,70.0
1559457,608.125,-1325.625,70.0
1559467,756.875,-1426.25,144.375
1559467,756.875,-1426.25,144.375
1559477,739.375,-1360.625,293.125
1559477,739.375,-1360.625,293.125
1559488,721.875,-1373.75,411.25
1559488,721.875,-1373.75,411.25
1559498,726.25,-1408.75,490.0
1559498,726.25,-1408.75,490.0
1559509,765.625,-1260.0,428.75
1559509,765.625,-1260.0,428.75
1559519,787.5,-1098.125,350.0
1559519,787.5,-1098.125,350.0
1559529,577.5,-993.125,328.125
1559529,577.5,-993.125,328.125
1559539,651.875,-1181.25,529.375
1559539,651.875,-1181.25,529.375
1559550,625.625,-1102.5,612.5
1559550,625.625,-1102.5,612.5
1559560,328.125,-1023.75,651.875
1559560,328.125,-1023.75,651.875
1559570,258.125,-923.125,682.5
1559570,258.125,-923.125,682.5
1559580,441.875,-450.625,809.375
1559580,441.875,-450.625,809.375
1559591,183.75,-135.625,603.75
1559591,183.75,-135.625,603.75
1559601,455.0,-74.375,560.0
1559601,455.0,-74.375,560.0
1559611,350.0,-297.5,660.625
1559611,350.0,-297.5,660.625
1559622,122.5,-179.375,700.0
1559622,122.5,-179.375,700.0
1559632,122.5,-376.25,643.125
1559632,122.5,-376.25,643.125
1559642,-376.25,-179.375,660.625
1559642,-376.25,-179.375,660.625
1559652,-844.375,-398.125,608.125
1559652,-844.375,-398.125,608.125
1559664,-1058.75,-726.25,490.0
1559664,-1058.75,-726.25,490.0
1559673,-826.875,-503.125,516.25
1559673,-826.875,-503.125,516.25
1559684,-319.375,210.0,546.875
1559684,-319.375,210.0,546.875
1559694,100.625,678.125,411.25
1559694,100.625,678.125,411.25
1559705,13.125,892.5,245.0
1559705,13.125,892.5,245.0
1559715,-148.75,581.875,109.375
1559715,-148.75,581.875,109.375
1559725,-485.625,310.625,218.75
1559725,-485.625,310.625,218.75
1559735,-428.75,306.25,354.375
1559735,-428.75,306.25,354.375
1559746,-293.125,599.375,297.5
1559746,-293.125,599.375,297.5
1559756,-56.875,770.0,319.375
1559756,-56.875,770.0,319.375
1559766,-275.625,704.375,310.625
1559766,-275.625,704.375,310.625
1559776,-590.625,844.375,-13.125
1559776,-590.625,844.375,-13.125
1559787,122.5,376.25,-188.125
1559787,122.5,376.25,-188.125
1559797,682.5,398.125,-310.625
1559797,682.5,398.125,-310.625
1559807,-13.125,936.25,-227.5
1559807,-13.125,936.25,-227.5
1559818,-328.125,888.125,0.0
1559818,-328.125,888.125,0.0
1559828,-8.75,380.625,153.125
1559828,-8.75,380.625,153.125
1559838,-577.5,153.125,201.25
1559838,-577.5,153.125,201.25
1559849,-1001.875,-306.25,39.375
1559849,-1001.875,-306.25,39.375
1559860,-503.125,284.375,91.875
1559860,-503.125,284.375,91.875
1559869,485.625,1334.375,-153.125
1559869,485.625,1334.375,-153.125
1559880,341.25,1500.625,-183.75
1559880,341.25,1500.625,-183.75
1559890,-573.125,1351.875,-13.125
1559890,-573.125,1351.875,-13.125
1559900,-1299.375,1216.25,192.5
1559900,-1299.375,1216.25,192.5
1559911,-1605.625,673.75,231.875
1559911,-1605.625,673.75,231.875
1559921,-1540.0,-323.75,354.375
1559921,-1540.0,-323.75,354.375
1559931,-1723.75,-1181.25,345.625
1559931,-1723.75,-1181.25,345.625
1559942,-2196.25,-1137.5,179.375
1559942,-2196.25,-1137.5,179.375
1559952,-2393.125,-739.375,52.5
1559952,-2393.125,-739.375,52.5
1559962,-2051.875,196.875,-297.5
1559962,-2051.875,196.875,-297.5
1559973,-1356.25,1920.625,-704.375
1559973,-1356.25,1920.625,-704.375
1559983,-476.875,3259.375,-866.25
1559983,-476.875,3259.375,-866.25
1559993,393.75,3548.125,-818.125
1559993,393.75,3548.125,-818.125
1560004,398.125,3574.375,-774.375
1560004,398.125,3574.375,-774.375
1560014,328.125,3307.5,-743.75
1560014,328.125,3307.5,-743.75
1560024,109.375,2668.75,-682.5
1560024,109.375,2668.75,-682.5
1560034,424.375,1876.875,-564.375
1560034,424.375,1876.875,-564.375
1560045,402.5,1172.5,-157.5
1560045,402.5,1172.5,-157.5
1560055,-109.375,573.125,-13.125
1560055,-109.375,573.125,-13.125
1560065,-328.125,65.625,35.0
1560065,-328.125,65.625,35.0
1560076,-586.25,96.25,-96.25
1560076,-586.25,96.25,-96.25
1560086,-459.375,472.5,-170.625
1560086,-459.375,472.5,-170.625
1560096,-380.625,1273.125,-371.875
1560096,-380.625,1273.125,-371.875
1560107,-231.875,1693.125,-503.125
1560107,-231.875,1693.125,-503.125
1560117,87.5,2038.75,-455.0
1560117,87.5,2038.75,-455.0
1560127,621.25,2428.125,-498.75
1560127,621.25,2428.125,-498.75
1560138,1032.5,2598.75,-363.125
1560138,1032.5,2598.75,-363.125
1560148,468.125,2633.75,-284.375
1560148,468.125,2633.75,-284.375
1560158,188.125,2253.125,-236.25
1560158,188.125,2253.125,-236.25
1560169,179.375,1640.625,-188.125
1560169,179.375,1640.625,-188.125
1560179,-35.0,1290.625,-210.0
1560179,-35.0,1290.625,-210.0
1560189,-293.125,1421.875,-118.125
1560189,-293.125,1421.875,-118.125
1560200,-787.5,1102.5,-183.75
1560200,-787.5,1102.5,-183.75
1560210,-1325.625,498.75,-231.875
1560210,-1325.625,498.75,-231.875
1560220,-1430.625,275.625,-205.625
1560220,-1430.625,275.625,-205.625
1560230,-1286.25,441.875,-240.625
1560230,-1286.25,441.875,-240.625
1560241,-1347.5,1111.25,-376.25
1560241,-1347.5,1111.25,-376.25
1560251,-1185.625,1382.5,-498.75
1560251,-1185.625,1382.5,-498.75
1560261,-774.375,1710.625,-625.625
1560261,-774.375,1710.625,-625.625
1560272,-459.375,2121.875,-625.625
1560272,-459.375,2121.875,-625.625
1560282,-227.5,2266.25,-691.25
1560282,-227.5,2266.25,-691.25
1560292,-555.625,2900.625,-796.25
1560292,-555.625,2900.625,-796.25
1560303,-1102.5,2830.625,-1010.625
1560303,-1102.5,2830.625,-1010.625
1560313,-1627.5,2401.875,-892.5
1560313,-1627.5,2401.875,-892.5
1560323,-1977.5,2240.0,-835.625
1560323,-1977.5,2240.0,-835.625
1560334,-2218.125,1968.75,-848.75
1560334,-2218.125,1968.75,-848.75
1560344,-3128.125,2253.125,-901.25
1560344,-3128.125,2253.125,-901.25
1560354,-3482.5,2786.875,-1216.25
1560354,-3482.5,2786.875,-1216.25
1560365,-3508.75,3062.5,-1325.625
1560365,-3508.75,3062.5,-1325.625
1560375,-5468.75,2572.5,-1675.625
1560375,-5468.75,2572.5,-1675.625
1560385,-6496.875,3710.0,-1522.5
1560385,-6496.875,3710.0,-1522.5
1560396,-5547.5,5796.875,-2524.375
1560396,-5547.5,5796.875,-2524.375
1560406,-6510.0,2288.125,-2979.375
1560406,-6510.0,2288.125,-2979.375
1560416,-7240.625,3053.75,-3517.5
1560416,-7240.625,3053.75,-3517.5
1560425,-7542.5,4760.0,-5363.75
1560425,-7542.5,4760.0,-5363.75
1560437,-7940.625,4536.875,-5932.5
1560437,-7940.625,4536.875,-5932.5
1560447,-10469.375,4108.125,-11256.875
1560447,-10469.375,4108.125,-11256.875
1560457,-11637.5,5761.875,-11108.125
1560457,-11637.5,5761.875,-11108.125
1560468,-8636.25,4558.75,-6536.25
1560468,-8636.25,4558.75,-6536.25
1560478,-7061.25,2865.625,-3823.75
1560478,-7061.25,2865.625,-3823.75
1560488,-6448.75,3416.875,-7577.5
1560488,-6448.75,3416.875,-7577.5
1560499,-8386.875,3088.75,-6492.5
1560499,-8386.875,3088.75,-6492.5
1560509,-5508.125,2765.0,-2419.375
1560509,-5508.125,2765.0,-2419.375
1560519,-4344.375,280.0,-2135.0
1560519,-4344.375,280.0,-2135.0
1560530,-2909.375,975.625,-1640.625
1560530,-2909.375,975.625,-1640.625
1560540,-2069.375,896.875,-1330.0
1560540,-2069.375,896.875,-1330.0
1560551,-1697.5,818.125,-918.75
1560551,-1697.5,818.125,-918.75
1560561,-1435.0,376.25,-231.875
1560561,-1435.0,376.25,-231.875
1560571,-971.25,39.375,87.5
1560571,-971.25,39.375,87.5
1560581,-1242.5,161.875,371.875
1560581,-1242.5,161.875,371.875
1560592,-2231.25,358.75,761.25
1560592,-2231.25,358.75,761.25
1560602,-2292.5,-140.0,949.375
1560602,-2292.5,-140.0,949.375
1560612,-2620.625,-980.0,1233.75
1560612,-2620.625,-980.0,1233.75
1560623,-2200.625,-1815.625,914.375
1560623,-2200.625,-1815.625,914.375
1560633,-507.5,-398.125,1400.0
1560633,-507.5,-398.125,1400.0
