1546967,-140.625,578.125,796.875,-148.4375,-796.875,625.0,70.3125,-937.5,382.8125,398.4375,-929.6875,117.1875,375.0,-882.8125,281.25
1546967,-140.625,578.125,796.875,-148.4375,-796.875,625.0,70.3125,-937.5,382.8125,398.4375,-929.6875,117.1875,375.0,-882.8125,281.25
1546975,-132.8125,570.3125,804.6875,-156.25,-796.875,625.0,70.3125,-945.3125,390.625,390.625,-921.875,109.375,367.1875,-890.625,289.0625
1546975,-132.8125,570.3125,804.6875,-156.25,-796.875,625.0,70.3125,-945.3125,390.625,390.625,-921.875,109.375,367.1875,-890.625,289.0625
1546975,-140.625,585.9375,789.0625,-148.4375,-804.6875,625.0,70.3125,-929.6875,382.8125,390.625,-914.0625,117.1875,375.0,-882.8125,289.0625
1546975,-140.625,585.9375,789.0625,-148.4375,-804.6875,625.0,70.3125,-929.6875,382.8125,390.625,-914.0625,117.1875,375.0,-882.8125,289.0625
1546983,-132.8125,593.75,796.875,-156.25,-796.875,632.8125,70.3125,-937.5,398.4375,390.625,-929.6875,109.375,367.1875,-890.625,289.0625
1546983,-132.8125,593.75,796.875,-156.25,-796.875,632.8125,70.3125,-937.5,398.4375,390.625,-929.6875,109.375,367.1875,-890.625,289.0625
1547127,-132.8125,578.125,804.6875,-156.25,-796.875,625.0,70.3125,-937.5,390.625,390.625,-914.0625,109.375,375.0,-882.8125,289.0625
1547127,-132.8125,578.125,804.6875,-156.25,-796.875,625.0,70.3125,-937.5,390.625,390.625,-914.0625,109.375,375.0,-882.8125,289.0625
1547136,-140.625,578.125,796.875,-156.25,-804.6875,625.0,70.3125,-953.125,382.8125,414.0625,-921.875,125.0,375.0,-875.0,281.25
1547136,-140.625,578.125,796.875,-156.25,-804.6875,625.0,70.3125,-953.125,382.8125,414.0625,-921.875,125.0,375.0,-875.0,281.25
1547136,-140.625,578.125,796.875,-171.875,-804.6875,617.1875,70.3125,-937.5,382.8125,375.0,-906.25,101.5625,359.375,-898.4375,281.25
1547136,-140.625,578.125,796.875,-171.875,-804.6875,617.1875,70.3125,-937.5,382.8125,375.0,-906.25,101.5625,359.375,-898.4375,281.25
1547144,-132.8125,578.125,804.6875,-148.4375,-796.875,617.1875,62.5,-937.5,382.8125,382.8125,-906.25,101.5625,375.0,-882.8125,281.25
1547144,-132.8125,578.125,804.6875,-148.4375,-796.875,617.1875,62.5,-937.5,382.8125,382.8125,-906.25,101.5625,375.0,-882.8125,281.25
1547290,-140.625,585.9375,804.6875,-156.25,-796.875,632.8125,70.3125,-945.3125,382.8125,398.4375,-914.0625,117.1875,367.1875,-890.625,296.875
1547290,-140.625,585.9375,804.6875,-156.25,-796.875,632.8125,70.3125,-945.3125,382.8125,398.4375,-914.0625,117.1875,367.1875,-890.625,296.875
1547297,-132.8125,585.9375,804.6875,-148.4375,-796.875,625.0,70.3125,-945.3125,390.625,390.625,-921.875,109.375,367.1875,-890.625,296.875
1547297,-132.8125,585.9375,804.6875,-148.4375,-796.875,625.0,70.3125,-945.3125,390.625,390.625,-921.875,109.375,367.1875,-890.625,296.875
1547297,-132.8125,578.125,812.5,-148.4375,-804.6875,625.0,70.3125,-945.3125,390.625,398.4375,-929.6875,109.375,367.1875,-890.625,289.0625
1547297,-132.8125,578.125,812.5,-148.4375,-804.6875,625.0,70.3125,-945.3125,390.625,398.4375,-929.6875,109.375,367.1875,-890.625,289.0625
1547305,-132.8125,578.125,804.6875,-148.4375,-812.5,625.0,70.3125,-937.5,390.625,390.625,-921.875,117.1875,367.1875,-890.625,281.25
1547305,-132.8125,578.125,804.6875,-148.4375,-812.5,625.0,70.3125,-937.5,390.625,390.625,-921.875,117.1875,367.1875,-890.625,281.25
1547451,-140.625,578.125,812.5,-156.25,-804.6875,625.0,62.5,-945.3125,382.8125,390.625,-921.875,117.1875,367.1875,-890.625,289.0625
1547451,-140.625,578.125,812.5,-156.25,-804.6875,625.0,62.5,-945.3125,382.8125,390.625,-921.875,117.1875,367.1875,-890.625,289.0625
1547458,-132.8125,585.9375,812.5,-156.25,-804.6875,625.0,62.5,-937.5,382.8125,390.625,-929.6875,109.375,375.0,-890.625,289.0625
1547458,-132.8125,585.9375,812.5,-156.25,-804.6875,625.0,62.5,-937.5,382.8125,390.625,-929.6875,109.375,375.0,-890.625,289.0625
1547459,-148.4375,578.125,812.5,-164.0625,-812.5,625.0,62.5,-945.3125,390.625,390.625,-921.875,109.375,367.1875,-898.4375,289.0625
1547459,-148.4375,578.125,812.5,-164.0625,-812.5,625.0,62.5,-945.3125,390.625,390.625,-921.875,109.375,367.1875,-898.4375,289.0625
1547467,-148.4375,585.9375,812.5,-156.25,-804.6875,625.0,70.3125,-937.5,390.625,390.625,-921.875,109.375,382.8125,-890.625,289.0625
1547467,-148.4375,585.9375,812.5,-156.25,-804.6875,625.0,70.3125,-937.5,390.625,390.625,-921.875,109.375,382.8125,-890.625,289.0625
1547612,-132.8125,585.9375,812.5,-148.4375,-804.6875,625.0,78.125,-945.3125,382.8125,398.4375,-921.875,109.375,375.0,-890.625,289.0625
1547612,-132.8125,585.9375,812.5,-148.4375,-804.6875,625.0,78.125,-945.3125,382.8125,398.4375,-921.875,109.375,375.0,-890.625,289.0625
1547620,-140.625,585.9375,804.6875,-148.4375,-804.6875,625.0,70.3125,-945.3125,390.625,398.4375,-914.0625,117.1875,367.1875,-890.625,296.875
1547620,-140.625,585.9375,804.6875,-148.4375,-804.6875,625.0,70.3125,-945.3125,390.625,398.4375,-914.0625,117.1875,367.1875,-890.625,296.875
1547620,-132.8125,585.9375,812.5,-156.25,-796.875,625.0,70.3125,-929.6875,390.625,398.4375,-914.0625,125.0,375.0,-890.625,289.0625
1547620,-132.8125,585.9375,812.5,-156.25,-796.875,625.0,70.3125,-929.6875,390.625,398.4375,-914.0625,125.0,375.0,-890.625,289.0625
1547628,-140.625,585.9375,804.6875,-156.25,-796.875,632.8125,62.5,-929.6875,382.8125,390.625,-921.875,109.375,367.1875,-882.8125,289.0625
1547628,-140.625,585.9375,804.6875,-156.25,-796.875,632.8125,62.5,-929.6875,382.8125,390.625,-921.875,109.375,367.1875,-882.8125,289.0625
1547774,-140.625,578.125,804.6875,-148.4375,-796.875,617.1875,62.5,-929.6875,390.625,390.625,-921.875,117.1875,375.0,-890.625,296.875
1547774,-140.625,578.125,804.6875,-148.4375,-796.875,617.1875,62.5,-929.6875,390.625,390.625,-921.875,117.1875,375.0,-890.625,296.875
1547781,-132.8125,578.125,812.5,-156.25,-804.6875,625.0,62.5,-937.5,390.625,390.625,-914.0625,117.1875,367.1875,-898.4375,289.0625
1547781,-132.8125,578.125,812.5,-156.25,-804.6875,625.0,62.5,-937.5,390.625,390.625,-914.0625,117.1875,367.1875,-898.4375,289.0625
1547782,-148.4375,578.125,812.5,-156.25,-796.875,625.0,62.5,-937.5,390.625,382.8125,-914.0625,109.375,367.1875,-882.8125,289.0625
1547782,-148.4375,578.125,812.5,-156.25,-796.875,625.0,62.5,-937.5,390.625,382.8125,-914.0625,109.375,367.1875,-882.8125,289.0625
1547790,-132.8125,585.9375,804.6875,-156.25,-804.6875,617.1875,70.3125,-945.3125,398.4375,382.8125,-921.875,109.375,359.375,-890.625,296.875
1547790,-132.8125,585.9375,804.6875,-156.25,-804.6875,617.1875,70.3125,-945.3125,398.4375,382.8125,-921.875,109.375,359.375,-890.625,296.875
1547935,-132.8125,593.75,804.6875,-156.25,-796.875,609.375,78.125,-937.5,390.625,375.0,-914.0625,117.1875,367.1875,-898.4375,289.0625
1547935,-132.8125,593.75,804.6875,-156.25,-796.875,609.375,78.125,-937.5,390.625,375.0,-914.0625,117.1875,367.1875,-898.4375,289.0625
1547943,-140.625,585.9375,804.6875,-156.25,-804.6875,632.8125,70.3125,-937.5,398.4375,390.625,-914.0625,117.1875,367.1875,-898.4375,289.0625
1547943,-140.625,585.9375,804.6875,-156.25,-804.6875,632.8125,70.3125,-937.5,398.4375,390.625,-914.0625,117.1875,367.1875,-898.4375,289.0625
1547943,-140.625,578.125,804.6875,-156.25,-796.875,632.8125,62.5,-937.5,398.4375,390.625,-921.875,117.1875,375.0,-890.625,296.875
1547943,-140.625,578.125,804.6875,-156.25,-796.875,632.8125,62.5,-937.5,398.4375,390.625,-921.875,117.1875,375.0,-890.625,296.875
1547951,-140.625,578.125,804.6875,-148.4375,-796.875,625.0,62.5,-937.5,390.625,390.625,-921.875,125.0,375.0,-890.625,296.875
1547951,-140.625,578.125,804.6875,-148.4375,-796.875,625.0,62.5,-937.5,390.625,390.625,-921.875,125.0,375.0,-890.625,296.875
1548096,-140.625,578.125,796.875,-164.0625,-796.875,625.0,62.5,-937.5,390.625,390.625,-921.875,109.375,367.1875,-882.8125,289.0625
1548096,-140.625,578.125,796.875,-164.0625,-796.875,625.0,62.5,-937.5,390.625,390.625,-921.875,109.375,367.1875,-882.8125,289.0625
1548104,-140.625,578.125,804.6875,-156.25,-796.875,632.8125,70.3125,-929.6875,390.625,382.8125,-929.6875,117.1875,367.1875,-882.8125,289.0625
1548104,-140.625,578.125,804.6875,-156.25,-796.875,632.8125,70.3125,-929.6875,390.625,382.8125,-929.6875,117.1875,367.1875,-882.8125,289.0625
1548104,-140.625,570.3125,812.5,-148.4375,-796.875,617.1875,70.3125,-929.6875,390.625,390.625,-921.875,117.1875,367.1875,-890.625,289.0625
1548104,-140.625,570.3125,812.5,-148.4375,-796.875,617.1875,70.3125,-929.6875,390.625,390.625,-921.875,117.1875,367.1875,-890.625,289.0625
1548112,-148.4375,578.125,804.6875,-148.4375,-796.875,625.0,70.3125,-937.5,390.625,390.625,-914.0625,109.375,367.1875,-890.625,289.0625
1548112,-148.4375,578.125,804.6875,-148.4375,-796.875,625.0,70.3125,-937.5,390.625,390.625,-914.0625,109.375,367.1875,-890.625,289.0625
1548257,-132.8125,578.125,804.6875,-148.4375,-796.875,632.8125,54.6875,-937.5,390.625,382.8125,-914.0625,101.5625,375.0,-882.8125,281.25
1548257,-132.8125,578.125,804.6875,-148.4375,-796.875,632.8125,54.6875,-937.5,390.625,382.8125,-914.0625,101.5625,375.0,-882.8125,281.25
1548265,-140.625,578.125,804.6875,-156.25,-796.875,625.0,70.3125,-929.6875,398.4375,390.625,-914.0625,117.1875,367.1875,-890.625,289.0625
1548265,-140.625,578.125,804.6875,-156.25,-796.875,625.0,70.3125,-929.6875,398.4375,390.625,-914.0625,117.1875,367.1875,-890.625,289.0625
1548265,-140.625,578.125,812.5,-148.4375,-789.0625,625.0,54.6875,-921.875,398.4375,390.625,-921.875,117.1875,382.8125,-882.8125,289.0625
1548265,-140.625,578.125,812.5,-148.4375,-789.0625,625.0,54.6875,-921.875,398.4375,390.625,-921.875,117.1875,382.8125,-882.8125,289.0625
1548273,-132.8125,585.9375,804.6875,-156.25,-796.875,617.1875,62.5,-929.6875,382.8125,390.625,-921.875,109.375,375.0,-890.625,281.25
1548273,-132.8125,585.9375,804.6875,-156.25,-796.875,617.1875,62.5,-929.6875,382.8125,390.625,-921.875,109.375,375.0,-890.625,281.25
1548419,-140.625,578.125,804.6875,-156.25,-796.875,632.8125,62.5,-937.5,398.4375,382.8125,-914.0625,117.1875,367.1875,-882.8125,281.25
1548419,-140.625,578.125,804.6875,-156.25,-796.875,632.8125,62.5,-937.5,398.4375,382.8125,-914.0625,117.1875,367.1875,-882.8125,281.25
1548426,-148.4375,578.125,804.6875,-164.0625,-796.875,625.0,70.3125,-929.6875,390.625,390.625,-921.875,109.375,367.1875,-882.8125,281.25
1548426,-148.4375,578.125,804.6875,-164.0625,-796.875,625.0,70.3125,-929.6875,390.625,390.625,-921.875,109.375,367.1875,-882.8125,281.25
1548427,-140.625,578.125,812.5,-156.25,-796.875,632.8125,62.5,-937.5,406.25,382.8125,-914.0625,125.0,367.1875,-882.8125,296.875
1548427,-140.625,578.125,812.5,-156.25,-796.875,632.8125,62.5,-937.5,406.25,382.8125,-914.0625,125.0,367.1875,-882.8125,296.875
1548435,-140.625,578.125,812.5,-156.25,-796.875,632.8125,70.3125,-929.6875,398.4375,390.625,-921.875,109.375,367.1875,-882.8125,289.0625
1548435,-140.625,578.125,812.5,-156.25,-796.875,632.8125,70.3125,-929.6875,398.4375,390.625,-921.875,109.375,367.1875,-882.8125,289.0625
1548580,-132.8125,593.75,804.6875,-156.25,-804.6875,632.8125,62.5,-937.5,390.625,382.8125,-921.875,117.1875,375.0,-882.8125,289.0625
1548580,-132.8125,593.75,804.6875,-156.25,-804.6875,632.8125,62.5,-937.5,390.625,382.8125,-921.875,117.1875,375.0,-882.8125,289.0625
1548588,-132.8125,593.75,804.6875,-148.4375,-789.0625,625.0,70.3125,-929.6875,398.4375,398.4375,-914.0625,117.1875,367.1875,-882.8125,289.0625
1548588,-132.8125,593.75,804.6875,-148.4375,-789.0625,625.0,70.3125,-929.6875,398.4375,398.4375,-914.0625,117.1875,367.1875,-882.8125,289.0625
1548588,-140.625,585.9375,804.6875,-156.25,-789.0625,625.0,62.5,-929.6875,390.625,390.625,-914.0625,125.0,375.0,-882.8125,281.25
1548588,-140.625,585.9375,804.6875,-156.25,-789.0625,625.0,62.5,-929.6875,390.625,390.625,-914.0625,125.0,375.0,-882.8125,281.25
1548596,-132.8125,593.75,804.6875,-148.4375,-789.0625,640.625,78.125,-929.6875,390.625,390.625,-914.0625,101.5625,382.8125,-875.0,281.25
1548596,-132.8125,593.75,804.6875,-148.4375,-789.0625,640.625,78.125,-929.6875,390.625,390.625,-914.0625,101.5625,382.8125,-875.0,281.25
1548781,-210.9375,804.6875,945.3125,-117.1875,-882.8125,960.9375,289.0625,-968.75,804.6875,562.5,-1148.4375,273.4375,625.0,-960.9375,531.25
1548781,-210.9375,804.6875,945.3125,-117.1875,-882.8125,960.9375,289.0625,-968.75,804.6875,562.5,-1148.4375,273.4375,625.0,-960.9375,531.25
1548789,-195.3125,890.625,1000.0,-156.25,-1000.0,906.25,265.625,-1164.0625,648.4375,617.1875,-1062.5,304.6875,437.5,-968.75,328.125
1548789,-195.3125,890.625,1000.0,-156.25,-1000.0,906.25,265.625,-1164.0625,648.4375,617.1875,-1062.5,304.6875,437.5,-968.75,328.125
1548789,-171.875,953.125,1015.625,15.625,-1054.6875,992.1875,195.3125,-1203.125,718.75,460.9375,-1109.375,320.3125,539.0625,-1226.5625,429.6875
1548789,-171.875,953.125,1015.625,15.625,-1054.6875,992.1875,195.3125,-1203.125,718.75,460.9375,-1109.375,320.3125,539.0625,-1226.5625,429.6875
1548797,-125.0,992.1875,1046.875,-132.8125,-1335.9375,1312.5,195.3125,-1117.1875,726.5625,570.3125,-1187.5,296.875,570.3125,-1164.0625,398.4375
1548797,-125.0,992.1875,1046.875,-132.8125,-1335.9375,1312.5,195.3125,-1117.1875,726.5625,570.3125,-1187.5,296.875,570.3125,-1164.0625,398.4375
1548885,39.0625,1109.375,1093.75,140.625,-1601.5625,1390.625,554.6875,-1960.9375,1054.6875,984.375,-1203.125,390.625,1023.4375,-1492.1875,453.125
1548885,39.0625,1109.375,1093.75,140.625,-1601.5625,1390.625,554.6875,-1960.9375,1054.6875,984.375,-1203.125,390.625,1023.4375,-1492.1875,453.125
1548885,117.1875,1335.9375,1078.125,78.125,-1664.0625,1304.6875,625.0,-1562.5,945.3125,937.5,-1281.25,359.375,1015.625,-1460.9375,453.125
1548885,117.1875,1335.9375,1078.125,78.125,-1664.0625,1304.6875,625.0,-1562.5,945.3125,937.5,-1281.25,359.375,1015.625,-1460.9375,453.125
1548895,93.75,1539.0625,1023.4375,54.6875,-1554.6875,1226.5625,421.875,-1578.125,812.5,890.625,-1328.125,226.5625,953.125,-1500.0,367.1875
1548895,93.75,1539.0625,1023.4375,54.6875,-1554.6875,1226.5625,421.875,-1578.125,812.5,890.625,-1328.125,226.5625,953.125,-1500.0,367.1875
1548902,70.3125,1656.25,984.375,0.0,-1421.875,1203.125,296.875,-1507.8125,656.25,789.0625,-1429.6875,125.0,937.5,-1570.3125,289.0625
1548902,70.3125,1656.25,984.375,0.0,-1421.875,1203.125,296.875,-1507.8125,656.25,789.0625,-1429.6875,125.0,937.5,-1570.3125,289.0625
1549047,-351.5625,578.125,953.125,-390.625,-1125.0,-23.4375,-195.3125,-1156.25,-296.875,-343.75,-1054.6875,-734.375,-242.1875,-1015.625,-851.5625
1549047,-351.5625,578.125,953.125,-390.625,-1125.0,-23.4375,-195.3125,-1156.25,-296.875,-343.75,-1054.6875,-734.375,-242.1875,-1015.625,-851.5625
1549048,-312.5,500.0,945.3125,-445.3125,-1218.75,-117.1875,-335.9375,-1203.125,-375.0,-421.875,-1007.8125,-710.9375,23.4375,-1007.8125,-359.375
1549048,-312.5,500.0,945.3125,-445.3125,-1218.75,-117.1875,-335.9375,-1203.125,-375.0,-421.875,-1007.8125,-710.9375,23.4375,-1007.8125,-359.375
1549056,-312.5,390.625,960.9375,-453.125,-1171.875,-164.0625,-476.5625,-1210.9375,-468.75,-421.875,-750.0,-648.4375,507.8125,-804.6875,367.1875
1549056,-312.5,390.625,960.9375,-453.125,-1171.875,-164.0625,-476.5625,-1210.9375,-468.75,-421.875,-750.0,-648.4375,507.8125,-804.6875,367.1875
1549064,-328.125,265.625,945.3125,-421.875,-1101.5625,-234.375,-523.4375,-1101.5625,-507.8125,-359.375,-679.6875,-562.5,851.5625,-1007.8125,992.1875
1549064,-328.125,265.625,945.3125,-421.875,-1101.5625,-234.375,-523.4375,-1101.5625,-507.8125,-359.375,-679.6875,-562.5,851.5625,-1007.8125,992.1875
1549209,156.25,-164.0625,-492.1875,132.8125,601.5625,-62.5,242.1875,625.0,234.375,234.375,593.75,304.6875,359.375,578.125,46.875
1549209,156.25,-164.0625,-492.1875,132.8125,601.5625,-62.5,242.1875,625.0,234.375,234.375,593.75,304.6875,359.375,578.125,46.875
1549209,171.875,-210.9375,-554.6875,179.6875,640.625,-46.875,289.0625,671.875,234.375,273.4375,656.25,296.875,421.875,617.1875,15.625
1549209,171.875,-210.9375,-554.6875,179.6875,640.625,-46.875,289.0625,671.875,234.375,273.4375,656.25,296.875,421.875,617.1875,15.625
1549217,187.5,-234.375,-593.75,281.25,750.0,-23.4375,312.5,750.0,210.9375,289.0625,695.3125,273.4375,429.6875,640.625,-15.625
1549217,187.5,-234.375,-593.75,281.25,750.0,-23.4375,312.5,750.0,210.9375,289.0625,695.3125,273.4375,429.6875,640.625,-15.625
1549225,242.1875,-250.0,-593.75,320.3125,843.75,15.625,335.9375,828.125,148.4375,304.6875,765.625,218.75,437.5,695.3125,-70.3125
1549225,242.1875,-250.0,-593.75,320.3125,843.75,15.625,335.9375,828.125,148.4375,304.6875,765.625,218.75,437.5,695.3125,-70.3125
1549370,460.9375,187.5,1898.4375,1109.375,-1820.3125,-1421.875,-39.0625,-890.625,-2906.25,-1203.125,-523.4375,-2921.875,-1625.0,-1335.9375,-2585.9375
1549370,460.9375,187.5,1898.4375,1109.375,-1820.3125,-1421.875,-39.0625,-890.625,-2906.25,-1203.125,-523.4375,-2921.875,-1625.0,-1335.9375,-2585.9375
1549370,601.5625,648.4375,2445.3125,898.4375,-2812.5,-1250.0,-140.625,-1906.25,-3148.4375,-1218.75,-1335.9375,-3273.4375,-1679.6875,-2171.875,-2625.0
1549370,601.5625,648.4375,2445.3125,898.4375,-2812.5,-1250.0,-140.625,-1906.25,-3148.4375,-1218.75,-1335.9375,-3273.4375,-1679.6875,-2171.875,-2625.0
1549378,281.25,1031.25,2921.875,726.5625,-3773.4375,-945.3125,-164.0625,-2960.9375,-3312.5,-1085.9375,-2242.1875,-3601.5625,-1648.4375,-3125.0,-2671.875
1549378,281.25,1031.25,2921.875,726.5625,-3773.4375,-945.3125,-164.0625,-2960.9375,-3312.5,-1085.9375,-2242.1875,-3601.5625,-1648.4375,-3125.0,-2671.875
1549386,-7.8125,1335.9375,3500.0,632.8125,-3992.1875,-570.3125,-54.6875,-3992.1875,-3406.25,-875.0,-3375.0,-3968.75,-1625.0,-3992.1875,-2687.5
1549386,-7.8125,1335.9375,3500.0,632.8125,-3992.1875,-570.3125,-54.6875,-3992.1875,-3406.25,-875.0,-3375.0,-3968.75,-1625.0,-3992.1875,-2687.5
1549531,414.0625,-2765.625,-351.5625,1335.9375,1195.3125,-2078.125,-117.1875,2320.3125,-1570.3125,-734.375,2687.5,-507.8125,-234.375,2429.6875,-1109.375
1549531,414.0625,-2765.625,-351.5625,1335.9375,1195.3125,-2078.125,-117.1875,2320.3125,-1570.3125,-734.375,2687.5,-507.8125,-234.375,2429.6875,-1109.375
1549531,335.9375,-3335.9375,-648.4375,1218.75,2093.75,-2562.5,-265.625,3382.8125,-1507.8125,-906.25,3484.375,-148.4375,-460.9375,3242.1875,-1093.75
1549531,335.9375,-3335.9375,-648.4375,1218.75,2093.75,-2562.5,-265.625,3382.8125,-1507.8125,-906.25,3484.375,-148.4375,-460.9375,3242.1875,-1093.75
1549540,304.6875,-3312.5,-1031.25,1039.0625,3054.6875,-2953.125,-468.75,4000.0,-1351.5625,-1265.625,4000.0,187.5,-781.25,3882.8125,-953.125
1549540,304.6875,-3312.5,-1031.25,1039.0625,3054.6875,-2953.125,-468.75,4000.0,-1351.5625,-1265.625,4000.0,187.5,-781.25,3882.8125,-953.125
1549547,367.1875,-3140.625,-1304.6875,914.0625,3796.875,-3164.0625,-531.25,4000.0,-1195.3125,-1546.875,4000.0,484.375,-1039.0625,4000.0,-828.125
1549547,367.1875,-3140.625,-1304.6875,914.0625,3796.875,-3164.0625,-531.25,4000.0,-1195.3125,-1546.875,4000.0,484.375,-1039.0625,4000.0,-828.125
1549693,-414.0625,1742.1875,3984.375,-1039.0625,-3992.1875,-406.25,-1390.625,-3992.1875,-2375.0,-1757.8125,-3750.0,-2742.1875,-2226.5625,-3968.75,-1500.0
1549693,-414.0625,1742.1875,3984.375,-1039.0625,-3992.1875,-406.25,-1390.625,-3992.1875,-2375.0,-1757.8125,-3750.0,-2742.1875,-2226.5625,-3968.75,-1500.0
1549693,-507.8125,1593.75,3992.1875,-1156.25,-3992.1875,-445.3125,-1078.125,-3992.1875,-1914.0625,-1734.375,-3781.25,-2656.25,-2210.9375,-3953.125,-1429.6875
1549693,-507.8125,1593.75,3992.1875,-1156.25,-3992.1875,-445.3125,-1078.125,-3992.1875,-1914.0625,-1734.375,-3781.25,-2656.25,-2210.9375,-3953.125,-1429.6875
1549701,-476.5625,1632.8125,3992.1875,-1187.5,-3992.1875,-414.0625,-1750.0,-3992.1875,-2195.3125,-1750.0,-3789.0625,-2523.4375,-2070.3125,-3976.5625,-1296.875
1549701,-476.5625,1632.8125,3992.1875,-1187.5,-3992.1875,-414.0625,-1750.0,-3992.1875,-2195.3125,-1750.0,-3789.0625,-2523.4375,-2070.3125,-3976.5625,-1296.875
1549709,-593.75,1585.9375,3992.1875,-1335.9375,-3992.1875,-359.375,-1421.875,-3992.1875,-2132.8125,-1593.75,-3843.75,-2500.0,-2007.8125,-3976.5625,-1226.5625
1549709,-593.75,1585.9375,3992.1875,-1335.9375,-3992.1875,-359.375,-1421.875,-3992.1875,-2132.8125,-1593.75,-3843.75,-2500.0,-2007.8125,-3976.5625,-1226.5625
1549854,-257.8125,406.25,468.75,-203.125,-484.375,0.0,-140.625,-429.6875,-250.0,-226.5625,-382.8125,-375.0,-328.125,-445.3125,-312.5
1549854,-257.8125,406.25,468.75,-203.125,-484.375,0.0,-140.625,-429.6875,-250.0,-226.5625,-382.8125,-375.0,-328.125,-445.3125,-312.5
1549854,-226.5625,468.75,500.0,-226.5625,-562.5,7.8125,-156.25,-492.1875,-257.8125,-242.1875,-437.5,-375.0,-335.9375,-500.0,-304.6875
1549854,-226.5625,468.75,500.0,-226.5625,-562.5,7.8125,-156.25,-492.1875,-257.8125,-242.1875,-437.5,-375.0,-335.9375,-500.0,-304.6875
1549862,-250.0,492.1875,531.25,-218.75,-648.4375,23.4375,-179.6875,-562.5,-281.25,-265.625,-484.375,-398.4375,-382.8125,-554.6875,-296.875
1549862,-250.0,492.1875,531.25,-218.75,-648.4375,23.4375,-179.6875,-562.5,-281.25,-265.625,-484.375,-398.4375,-382.8125,-554.6875,-296.875
1549870,-257.8125,507.8125,570.3125,-242.1875,-718.75,31.25,-195.3125,-632.8125,-312.5,-273.4375,-554.6875,-437.5,-406.25,-617.1875,-289.0625
1549870,-257.8125,507.8125,570.3125,-242.1875,-718.75,31.25,-195.3125,-632.8125,-312.5,-273.4375,-554.6875,-437.5,-406.25,-617.1875,-289.0625
