1539492,5193.125,-16113.125,4506.25
1539492,5193.125,-16113.125,4506.25
1539502,1583.75,-14336.875,6514.375
1539502,1583.75,-14336.875,6514.375
1539512,-4711.875,-12967.5,9270.625
1539512,-4711.875,-12967.5,9270.625
1539523,-11116.875,-15071.875,11348.75
1539523,-11116.875,-15071.875,11348.75
1539533,-14463.75,-20138.125,12346.25
1539533,-14463.75,-20138.125,12346.25
1539543,-14481.25,-26184.375,11396.875
1539543,-14481.25,-26184.375,11396.875
1539554,-10959.375,-30030.0,7730.625
1539554,-10959.375,-30030.0,7730.625
1539563,-3867.5,-27256.25,2454.375
1539563,-3867.5,-27256.25,2454.375
1539574,3815.0,-18703.125,-1439.375
1539574,3815.0,-18703.125,-1439.375
1539584,8723.75,-6790.0,-3220.0
1539584,8723.75,-6790.0,-3220.0
1539595,10893.75,1246.875,-2170.0
1539595,10893.75,1246.875,-2170.0
1539605,6492.5,4497.5,-1063.125
1539605,6492.5,4497.5,-1063.125
1539615,-2944.375,4340.0,-201.25
1539615,-2944.375,4340.0,-201.25
1539626,-12411.875,3281.25,354.375
1539626,-12411.875,3281.25,354.375
1539636,-14813.75,3316.25,651.875
1539636,-14813.75,3316.25,651.875
1539646,-12442.5,3215.625,-100.625
1539646,-12442.5,3215.625,-100.625
1539657,-8133.125,4208.75,-3058.125
1539657,-8133.125,4208.75,-3058.125
1539667,-2358.125,4178.125,-6313.125
1539667,-2358.125,4178.125,-6313.125
1539677,3570.0,3342.5,-9065.0
1539677,3570.0,3342.5,-9065.0
1539687,9743.125,3259.375,-11042.5
1539687,9743.125,3259.375,-11042.5
1539698,16598.75,2082.5,-12350.625
1539698,16598.75,2082.5,-12350.625
1539708,24845.625,1995.0,-13422.5
1539708,24845.625,1995.0,-13422.5
1539719,31268.125,4716.25,-12438.125
1539719,31268.125,4716.25,-12438.125
1539729,33945.625,7463.75,-8216.25
1539729,33945.625,7463.75,-8216.25
1539739,30008.125,11160.625,-2611.875
1539739,30008.125,11160.625,-2611.875
1539750,21783.125,14936.25,3692.5
1539750,21783.125,14936.25,3692.5
1539760,13833.75,15098.125,9576.875
1539760,13833.75,15098.125,9576.875
1539770,8185.625,16406.25,12490.625
1539770,8185.625,16406.25,12490.625
1539781,7398.125,19726.875,12766.25
1539781,7398.125,19726.875,12766.25
1539791,7096.25,17342.5,11523.75
1539791,7096.25,17342.5,11523.75
1539801,4602.5,13361.25,9288.125
1539801,4602.5,13361.25,9288.125
1539811,1238.125,8233.75,7441.875
1539811,1238.125,8233.75,7441.875
1539822,-5289.375,476.875,6510.0
1539822,-5289.375,476.875,6510.0
1539832,-14262.5,-7901.25,6024.375
1539832,-14262.5,-7901.25,6024.375
1539842,-21765.625,-14866.25,5328.75
1539842,-21765.625,-14866.25,5328.75
1539852,-25711.875,-20050.625,4055.625
1539852,-25711.875,-20050.625,4055.625
1539863,-25370.625,-23349.375,2174.375
1539863,-25370.625,-23349.375,2174.375
1539874,-22395.625,-23944.375,262.5
1539874,-22395.625,-23944.375,262.5
1539884,-18554.375,-23244.375,-1133.125
1539884,-18554.375,-23244.375,-1133.125
1539894,-14157.5,-21367.5,-2056.25
1539894,-14157.5,-21367.5,-2056.25
1539905,-9511.25,-18611.25,-2865.625
1539905,-9511.25,-18611.25,-2865.625
1539915,-5455.625,-15907.5,-3430.0
1539915,-5455.625,-15907.5,-3430.0
1539925,-2327.5,-12884.375,-4335.625
1539925,-2327.5,-12884.375,-4335.625
1539935,603.75,-8815.625,-5897.5
1539935,603.75,-8815.625,-5897.5
1539946,3915.625,-4786.25,-7030.625
1539946,3915.625,-4786.25,-7030.625
1539956,5066.25,-1106.875,-7538.125
1539956,5066.25,-1106.875,-7538.125
1539966,4143.125,2047.5,-7280.0
1539966,4143.125,2047.5,-7280.0
1539977,2091.25,5495.0,-6076.875
1539977,2091.25,5495.0,-6076.875
1539987,-809.375,8570.625,-4983.125
1539987,-809.375,8570.625,-4983.125
1539997,-2375.625,10670.625,-4051.25
1539997,-2375.625,10670.625,-4051.25
1540008,-3233.125,13663.125,-3613.75
1540008,-3233.125,13663.125,-3613.75
1540018,-3224.375,15933.75,-3045.0
1540018,-3224.375,15933.75,-3045.0
1540028,-2563.75,18077.5,-2563.75
1540028,-2563.75,18077.5,-2563.75
1540038,-1802.5,19766.25,-2121.875
1540038,-1802.5,19766.25,-2121.875
1540049,-822.5,20947.5,-1732.5
1540049,-822.5,20947.5,-1732.5
1540059,293.125,20755.0,-1211.875
1540059,293.125,20755.0,-1211.875
1540070,1715.0,18147.5,-4.375
1540070,1715.0,18147.5,-4.375
1540080,2651.25,14529.375,1273.125
1540080,2651.25,14529.375,1273.125
1540090,3158.75,10521.875,2546.25
1540090,3158.75,10521.875,2546.25
1540101,3653.125,6059.375,3613.75
1540101,3653.125,6059.375,3613.75
1540111,4703.125,1561.875,4431.875
1540111,4703.125,1561.875,4431.875
1540121,5748.75,-1798.125,5031.25
1540121,5748.75,-1798.125,5031.25
1540131,6269.375,-4029.375,5376.875
1540131,6269.375,-4029.375,5376.875
1540142,6160.0,-5853.75,5066.25
1540142,6160.0,-5853.75,5066.25
1540152,6536.25,-7783.125,4611.25
1540152,6536.25,-7783.125,4611.25
1540162,6566.875,-9480.625,4178.125
1540162,6566.875,-9480.625,4178.125
1540173,6339.375,-10128.125,3618.125
1540173,6339.375,-10128.125,3618.125
1540183,5648.125,-10718.75,3189.375
1540183,5648.125,-10718.75,3189.375
1540193,5193.125,-11099.375,2655.625
1540193,5193.125,-11099.375,2655.625
1540204,4930.625,-10898.125,2231.25
1540204,4930.625,-10898.125,2231.25
1540214,4195.625,-10198.125,1745.625
1540214,4195.625,-10198.125,1745.625
1540224,4200.0,-9270.625,1246.875
1540224,4200.0,-9270.625,1246.875
1540234,5547.5,-7380.625,787.5
1540234,5547.5,-7380.625,787.5
1540245,6505.625,-5031.25,113.75
1540245,6505.625,-5031.25,113.75
1540255,6006.875,-3552.5,-297.5
1540255,6006.875,-3552.5,-297.5
1540266,4637.5,-2953.125,-319.375
1540266,4637.5,-2953.125,-319.375
1540276,2765.0,-3093.125,-140.0
1540276,2765.0,-3093.125,-140.0
1540286,1054.375,-3998.75,245.0
1540286,1054.375,-3998.75,245.0
1540296,-441.875,-4248.125,529.375
1540296,-441.875,-4248.125,529.375
1540307,-1400.0,-4130.0,739.375
1540307,-1400.0,-4130.0,739.375
1540317,-1811.25,-3915.625,870.625
1540317,-1811.25,-3915.625,870.625
1540327,-1671.25,-3255.0,966.875
1540327,-1671.25,-3255.0,966.875
1540338,-1365.0,-1802.5,953.75
1540338,-1365.0,-1802.5,953.75
1540348,-1531.25,-48.125,966.875
1540348,-1531.25,-48.125,966.875
1540358,-1977.5,848.75,1036.875
1540358,-1977.5,848.75,1036.875
1540369,-1461.25,914.375,1233.75
1540369,-1461.25,914.375,1233.75
1540379,-848.75,1133.125,1417.5
1540379,-848.75,1133.125,1417.5
1540389,-533.75,1496.25,1688.75
1540389,-533.75,1496.25,1688.75
1540400,-175.0,1916.25,1929.375
1540400,-175.0,1916.25,1929.375
1540410,-371.875,2314.375,2261.875
1540410,-371.875,2314.375,2261.875
1540421,-472.5,2130.625,2445.625
1540421,-472.5,2130.625,2445.625
1540431,-603.75,2051.875,2681.875
1540431,-603.75,2051.875,2681.875
1540441,-962.5,2082.5,2883.125
1540441,-962.5,2082.5,2883.125
1540451,-936.25,2069.375,2887.5
1540451,-936.25,2069.375,2887.5
1540462,-691.25,1890.0,2861.25
1540462,-691.25,1890.0,2861.25
1540472,-573.125,1500.625,2948.75
1540472,-573.125,1500.625,2948.75
1540482,-656.25,634.375,2734.375
1540482,-656.25,634.375,2734.375
1540492,-236.25,-288.75,2594.375
1540492,-236.25,-288.75,2594.375
1540503,428.75,-616.875,2393.125
1540503,428.75,-616.875,2393.125
1540513,441.875,-590.625,2156.875
1540513,441.875,-590.625,2156.875
1540523,161.875,-958.125,1920.625
1540523,161.875,-958.125,1920.625
1540534,625.625,-1658.125,1561.875
1540534,625.625,-1658.125,1561.875
1540544,1299.375,-2126.25,1190.0
1540544,1299.375,-2126.25,1190.0
1540554,1763.125,-2095.625,875.0
1540554,1763.125,-2095.625,875.0
1540565,1456.875,-2047.5,791.875
1540565,1456.875,-2047.5,791.875
1540576,809.375,-2314.375,586.25
1540576,809.375,-2314.375,586.25
1540585,673.75,-2318.75,350.0
1540585,673.75,-2318.75,350.0
1540596,861.875,-1868.125,210.0
1540596,861.875,-1868.125,210.0
1540606,1137.5,-1575.0,-126.875
1540606,1137.5,-1575.0,-126.875
1540617,1583.75,-1264.375,-354.375
1540617,1583.75,-1264.375,-354.375
1540627,2003.75,-756.875,-621.25
1540627,2003.75,-756.875,-621.25
1540637,2008.125,-406.875,-630.0
1540637,2008.125,-406.875,-630.0
1540647,1995.0,-507.5,-717.5
1540647,1995.0,-507.5,-717.5
1540658,1710.625,-879.375,-651.875
1540658,1710.625,-879.375,-651.875
1540668,1133.125,-1137.5,-599.375
1540668,1133.125,-1137.5,-599.375
1540678,546.875,-1338.75,-581.875
1540678,546.875,-1338.75,-581.875
1540689,385.0,-1596.875,-481.25
1540689,385.0,-1596.875,-481.25
1540699,205.625,-1750.0,-511.875
1540699,205.625,-1750.0,-511.875
1540709,56.875,-1732.5,-481.25
1540709,56.875,-1732.5,-481.25
1540719,-78.75,-1561.875,-468.125
1540719,-78.75,-1561.875,-468.125
1540730,-258.125,-1295.0,-468.125
1540730,-258.125,-1295.0,-468.125
1540740,-249.375,-1448.125,-341.25
1540740,-249.375,-1448.125,-341.25
1540750,-446.25,-1281.875,-341.25
1540750,-446.25,-1281.875,-341.25
1540761,-560.0,-975.625,-166.25
1540761,-560.0,-975.625,-166.25
1540771,-848.75,-525.0,-236.25
1540771,-848.75,-525.0,-236.25
1540781,-984.375,-91.875,-354.375
1540781,-984.375,-91.875,-354.375
1540791,-883.75,179.375,-262.5
1540791,-883.75,179.375,-262.5
1540802,-520.625,363.125,-153.125
1540802,-520.625,363.125,-153.125
1540812,-485.625,656.25,-188.125
1540812,-485.625,656.25,-188.125
1540823,-800.625,940.625,-74.375
1540823,-800.625,940.625,-74.375
1540833,-1194.375,721.875,-118.125
1540833,-1194.375,721.875,-118.125
1540843,-1015.0,183.75,-105.0
1540843,-1015.0,183.75,-105.0
1540854,-739.375,126.875,-39.375
1540854,-739.375,126.875,-39.375
1540864,-424.375,153.125,70.0
1540864,-424.375,153.125,70.0
1540874,-192.5,-4.375,144.375
1540874,-192.5,-4.375,144.375
1540885,-406.875,140.0,122.5
1540885,-406.875,140.0,122.5
1540895,-406.875,363.125,175.0
1540895,-406.875,363.125,175.0
1540905,-345.625,354.375,170.625
1540905,-345.625,354.375,170.625
1540916,-39.375,494.375,179.375
1540916,-39.375,494.375,179.375
1540926,-52.5,494.375,288.75
1540926,-52.5,494.375,288.75
1540936,-144.375,179.375,332.5
1540936,-144.375,179.375,332.5
1540946,135.625,-109.375,262.5
1540946,135.625,-109.375,262.5
1540957,433.125,-126.875,157.5
1540957,433.125,-126.875,157.5
1540967,-52.5,275.625,140.0
1540967,-52.5,275.625,140.0
1540977,-358.75,293.125,126.875
1540977,-358.75,293.125,126.875
1540988,-441.875,161.875,4.375
1540988,-441.875,161.875,4.375
1540998,-463.75,-949.375,-280.0
1540998,-463.75,-949.375,-280.0
1541008,-188.125,-1750.0,-258.125
1541008,-188.125,-1750.0,-258.125
1541018,770.0,-1211.875,39.375
1541018,770.0,-1211.875,39.375
1541029,1360.625,-476.875,13.125
1541029,1360.625,-476.875,13.125
1541039,481.25,-638.75,-105.0
1541039,481.25,-638.75,-105.0
1541050,-564.375,-748.125,100.625
1541050,-564.375,-748.125,100.625
1541060,-931.875,-927.5,223.125
1541060,-931.875,-927.5,223.125
1541070,-931.875,-1255.625,140.0
1541070,-931.875,-1255.625,140.0
1541081,-700.0,-1863.75,288.75
1541081,-700.0,-1863.75,288.75
1541091,-1001.875,-1933.75,599.375
1541091,-1001.875,-1933.75,599.375
1541101,-1627.5,-1640.625,770.0
1541101,-1627.5,-1640.625,770.0
1541112,-1719.375,-1146.25,691.25
1541112,-1719.375,-1146.25,691.25
1541123,-1417.5,-240.625,634.375
1541123,-1417.5,-240.625,634.375
1541132,-1036.875,630.0,590.625
1541132,-1036.875,630.0,590.625
1541142,-686.875,1001.875,415.625
1541142,-686.875,1001.875,415.625
1541153,-236.25,1028.125,415.625
1541153,-236.25,1028.125,415.625
1541163,-48.125,1120.0,529.375
1541163,-48.125,1120.0,529.375
1541173,-70.0,1181.25,708.75
1541173,-70.0,1181.25,708.75
1541184,-385.0,1067.5,730.625
1541184,-385.0,1067.5,730.625
1541193,-643.125,931.875,857.5
1541193,-643.125,931.875,857.5
1541204,-1159.375,756.875,980.0
1541204,-1159.375,756.875,980.0
1541215,-1627.5,625.625,892.5
1541215,-1627.5,625.625,892.5
1541225,-1697.5,625.625,866.25
1541225,-1697.5,625.625,866.25
1541236,-1365.0,879.375,739.375
1541236,-1365.0,879.375,739.375
1541245,-1023.75,931.875,560.0
1541245,-1023.75,931.875,560.0
1541256,-809.375,892.5,516.25
1541256,-809.375,892.5,516.25
1541266,-498.75,940.625,393.75
1541266,-498.75,940.625,393.75
1541277,-61.25,953.75,280.0
1541277,-61.25,953.75,280.0
1541287,201.25,1229.375,350.0
1541287,201.25,1229.375,350.0
1541297,-113.75,1137.5,236.25
1541297,-113.75,1137.5,236.25
1541308,-245.0,997.5,262.5
1541308,-245.0,997.5,262.5
1541319,218.75,931.875,253.75
1541319,218.75,931.875,253.75
1541328,402.5,901.25,122.5
1541328,402.5,901.25,122.5
1541339,231.875,748.125,91.875
1541339,231.875,748.125,91.875
1541349,-315.0,406.875,170.625
1541349,-315.0,406.875,170.625
1541359,-761.25,113.75,48.125
1541359,-761.25,113.75,48.125
1541369,-494.375,-231.875,43.75
1541369,-494.375,-231.875,43.75
1541380,0.0,148.75,39.375
1541380,0.0,148.75,39.375
1541390,459.375,424.375,-17.5
1541390,459.375,424.375,-17.5
1541400,756.875,529.375,-74.375
1541400,756.875,529.375,-74.375
1541411,971.25,350.0,-205.625
1541411,971.25,350.0,-205.625
1541421,1141.875,297.5,-258.125
1541421,1141.875,297.5,-258.125
1541431,1155.0,459.375,-74.375
1541431,1155.0,459.375,-74.375
1541442,1080.625,306.25,-175.0
1541442,1080.625,306.25,-175.0
1541452,1023.75,-61.25,-109.375
1541452,1023.75,-61.25,-109.375
1541463,783.125,-393.75,-56.875
1541463,783.125,-393.75,-56.875
1541473,748.125,-446.25,-52.5
1541473,748.125,-446.25,-52.5
1541483,936.25,-328.125,35.0
1541483,936.25,-328.125,35.0
1541493,721.875,-61.25,61.25
1541493,721.875,-61.25,61.25
1541504,393.75,126.875,4.375
1541504,393.75,126.875,4.375
1541514,218.75,-157.5,30.625
1541514,218.75,-157.5,30.625
1541524,118.125,-100.625,70.0
1541524,118.125,-100.625,70.0
1541535,345.625,157.5,0.0
1541535,345.625,157.5,0.0
1541545,560.0,262.5,-153.125
1541545,560.0,262.5,-153.125
1541555,564.375,586.25,-721.875
1541555,564.375,586.25,-721.875
1541566,1426.25,1505.0,-603.75
1541566,1426.25,1505.0,-603.75
1541576,1198.75,1080.625,-218.75
1541576,1198.75,1080.625,-218.75
1541586,686.875,1273.125,-210.0
1541586,686.875,1273.125,-210.0
1541596,183.75,1238.125,-87.5
1541596,183.75,1238.125,-87.5
1541607,-26.25,1093.75,-26.25
1541607,-26.25,1093.75,-26.25
1541617,-586.25,1063.125,-236.25
1541617,-586.25,1063.125,-236.25
1541628,-787.5,1023.75,-183.75
1541628,-787.5,1023.75,-183.75
1541638,-463.75,1089.375,-201.25
1541638,-463.75,1089.375,-201.25
1541648,-297.5,1268.75,-170.625
1541648,-297.5,1268.75,-170.625
1541659,-323.75,1443.75,-297.5
1541659,-323.75,1443.75,-297.5
1541669,-280.0,1693.125,-476.875
1541669,-280.0,1693.125,-476.875
1541679,-153.125,1894.375,-490.0
1541679,-153.125,1894.375,-490.0
1541689,135.625,1977.5,-529.375
1541689,135.625,1977.5,-529.375
1541700,118.125,1776.25,-420.0
1541700,118.125,1776.25,-420.0
1541710,-205.625,1531.25,-371.875
1541710,-205.625,1531.25,-371.875
1541720,-494.375,1268.75,-319.375
1541720,-494.375,1268.75,-319.375
1541731,-310.625,1268.75,-459.375
1541731,-310.625,1268.75,-459.375
1541741,459.375,1413.125,-525.0
1541741,459.375,1413.125,-525.0
1541751,306.25,1697.5,-402.5
1541751,306.25,1697.5,-402.5
1541762,39.375,1575.0,-573.125
1541762,39.375,1575.0,-573.125
1541772,-56.875,1071.875,-599.375
1541772,-56.875,1071.875,-599.375
1541783,-511.875,135.625,-656.25
1541783,-511.875,135.625,-656.25
1541793,-730.625,-643.125,-538.125
1541793,-730.625,-643.125,-538.125
1541803,280.0,319.375,-358.75
1541803,280.0,319.375,-358.75
1541814,1496.25,1505.0,-498.75
1541814,1496.25,1505.0,-498.75
1541824,1159.375,1172.5,-739.375
1541824,1159.375,1172.5,-739.375
1541834,214.375,218.75,-805.0
1541834,214.375,218.75,-805.0
1541844,-638.75,170.625,-1001.875
1541844,-638.75,170.625,-1001.875
1541855,-319.375,-249.375,-713.125
1541855,-319.375,-249.375,-713.125
1541865,-398.125,-1421.875,-288.75
1541865,-398.125,-1421.875,-288.75
1541875,-931.875,-1684.375,-39.375
1541875,-931.875,-1684.375,-39.375
1541885,-1238.125,-1356.25,52.5
1541885,-1238.125,-1356.25,52.5
1541896,-966.875,-371.875,-74.375
1541896,-966.875,-371.875,-74.375
1541906,-393.75,161.875,-310.625
1541906,-393.75,161.875,-310.625
1541915,245.0,494.375,-455.0
1541915,245.0,494.375,-455.0
1541927,875.0,713.125,-455.0
1541927,875.0,713.125,-455.0
1541937,1058.75,638.75,-498.75
1541937,1058.75,638.75,-498.75
1541947,717.5,126.875,-507.5
1541947,717.5,126.875,-507.5
1541958,726.25,-533.75,-196.875
1541958,726.25,-533.75,-196.875
1541968,599.375,-809.375,-26.25
1541968,599.375,-809.375,-26.25
1541979,240.625,-1032.5,4.375
1541979,240.625,-1032.5,4.375
1541989,-65.625,-1290.625,52.5
1541989,-65.625,-1290.625,52.5
1541999,-183.75,-1238.125,144.375
1541999,-183.75,-1238.125,144.375
1542010,-118.125,-1277.5,118.125
1542010,-118.125,-1277.5,118.125
1542019,-240.625,-1128.75,131.25
1542019,-240.625,-1128.75,131.25
1542030,-83.125,-975.625,148.75
1542030,-83.125,-975.625,148.75
1542040,100.625,-936.25,118.125
1542040,100.625,-936.25,118.125
1542051,196.875,-1036.875,153.125
1542051,196.875,-1036.875,153.125
1542061,678.125,-1111.25,52.5
1542061,678.125,-1111.25,52.5
1542071,1579.375,-1058.75,-56.875
1542071,1579.375,-1058.75,-56.875
1542081,1378.125,-936.25,8.75
1542081,1378.125,-936.25,8.75
1542092,708.75,-778.75,35.0
1542092,708.75,-778.75,35.0
1542102,958.125,-831.25,161.875
1542102,958.125,-831.25,161.875
1542112,1019.375,-1176.875,179.375
1542112,1019.375,-1176.875,179.375
1542123,870.625,-1295.0,74.375
1542123,870.625,-1295.0,74.375
1542134,507.5,-1067.5,258.125
1542134,507.5,-1067.5,258.125
1542143,-70.0,-901.25,476.875
1542143,-70.0,-901.25,476.875
1542154,-376.25,-1360.625,341.25
1542154,-376.25,-1360.625,341.25
1542164,-179.375,-1343.125,336.875
1542164,-179.375,-1343.125,336.875
1542174,371.875,-931.875,271.25
1542174,371.875,-931.875,271.25
1542185,673.75,-678.125,323.75
1542185,673.75,-678.125,323.75
1542195,735.0,-678.125,336.875
1542195,735.0,-678.125,336.875
1542205,813.75,-866.25,293.125
1542205,813.75,-866.25,293.125
1542216,695.625,-975.625,288.75
1542216,695.625,-975.625,288.75
1542226,494.375,-1211.875,271.25
1542226,494.375,-1211.875,271.25
1542236,393.75,-1592.5,275.625
1542236,393.75,-1592.5,275.625
1542247,446.25,-1951.25,175.0
1542247,446.25,-1951.25,175.0
1542257,551.25,-2104.375,240.625
1542257,551.25,-2104.375,240.625
1542267,468.125,-2082.5,196.875
1542267,468.125,-2082.5,196.875
1542277,323.75,-1946.875,153.125
1542277,323.75,-1946.875,153.125
1542288,201.25,-1710.625,161.875
1542288,201.25,-1710.625,161.875
1542298,459.375,-1763.125,100.625
1542298,459.375,-1763.125,100.625
1542308,700.0,-1754.375,161.875
1542308,700.0,-1754.375,161.875
1542319,796.25,-1658.125,236.25
1542319,796.25,-1658.125,236.25
1542330,805.0,-1723.75,223.125
1542330,805.0,-1723.75,223.125
1542339,971.25,-1793.75,271.25
1542339,971.25,-1793.75,271.25
1542349,936.25,-1732.5,398.125
1542349,936.25,-1732.5,398.125
1542360,581.875,-1701.875,315.0
1542360,581.875,-1701.875,315.0
1542371,262.5,-1785.0,262.5
1542371,262.5,-1785.0,262.5
1542381,428.75,-1859.375,275.625
1542381,428.75,-1859.375,275.625
1542391,603.75,-1811.25,350.0
1542391,603.75,-1811.25,350.0
1542401,704.375,-1680.0,420.0
1542401,704.375,-1680.0,420.0
1542412,927.5,-1610.0,323.75
1542412,927.5,-1610.0,323.75
1542422,971.25,-1456.875,341.25
1542422,971.25,-1456.875,341.25
1542432,962.5,-1273.125,297.5
1542432,962.5,-1273.125,297.5
1542443,1041.25,-1216.25,367.5
1542443,1041.25,-1216.25,367.5
1542453,848.75,-1268.75,341.25
1542453,848.75,-1268.75,341.25
1542463,695.625,-1185.625,358.75
1542463,695.625,-1185.625,358.75
1542473,599.375,-1093.75,472.5
1542473,599.375,-1093.75,472.5
1542484,301.875,-1128.75,503.125
1542484,301.875,-1128.75,503.125
1542494,424.375,-1343.125,468.125
1542494,424.375,-1343.125,468.125
1542504,778.75,-1238.125,358.75
1542504,778.75,-1238.125,358.75
1542515,551.25,-1238.125,275.625
1542515,551.25,-1238.125,275.625
1542525,253.75,-1448.125,253.75
1542525,253.75,-1448.125,253.75
1542535,406.875,-1806.875,411.25
1542535,406.875,-1806.875,411.25
1542545,179.375,-2502.5,336.875
1542545,179.375,-2502.5,336.875
1542556,-61.25,-2800.0,398.125
1542556,-61.25,-2800.0,398.125
1542566,1036.875,-1662.5,380.625
1542566,1036.875,-1662.5,380.625
