1574028,-62.5,578.125,820.3125,-78.125,-789.0625,656.25,140.625,-984.375,234.375,507.8125,-859.375,54.6875,578.125,-773.4375,281.25
1574028,-62.5,578.125,820.3125,-78.125,-789.0625,656.25,140.625,-984.375,234.375,507.8125,-859.375,54.6875,578.125,-773.4375,281.25
1574037,-62.5,585.9375,812.5,-78.125,-781.25,640.625,140.625,-984.375,226.5625,507.8125,-867.1875,39.0625,570.3125,-773.4375,281.25
1574037,-62.5,585.9375,812.5,-78.125,-781.25,640.625,140.625,-984.375,226.5625,507.8125,-867.1875,39.0625,570.3125,-773.4375,281.25
1574045,-62.5,578.125,812.5,-78.125,-781.25,656.25,132.8125,-984.375,234.375,500.0,-859.375,54.6875,570.3125,-773.4375,265.625
1574045,-62.5,578.125,812.5,-78.125,-781.25,656.25,132.8125,-984.375,234.375,500.0,-859.375,54.6875,570.3125,-773.4375,265.625
1574046,-62.5,585.9375,812.5,-78.125,-781.25,664.0625,140.625,-976.5625,234.375,500.0,-859.375,46.875,578.125,-773.4375,281.25
1574046,-62.5,585.9375,812.5,-78.125,-781.25,664.0625,140.625,-976.5625,234.375,500.0,-859.375,46.875,578.125,-773.4375,281.25
1574191,-62.5,578.125,812.5,-70.3125,-789.0625,656.25,132.8125,-984.375,226.5625,507.8125,-867.1875,39.0625,578.125,-773.4375,281.25
1574191,-62.5,578.125,812.5,-70.3125,-789.0625,656.25,132.8125,-984.375,226.5625,507.8125,-867.1875,39.0625,578.125,-773.4375,281.25
1574198,-70.3125,578.125,812.5,-78.125,-789.0625,656.25,140.625,-984.375,218.75,507.8125,-859.375,46.875,578.125,-773.4375,281.25
1574198,-70.3125,578.125,812.5,-78.125,-789.0625,656.25,140.625,-984.375,218.75,507.8125,-859.375,46.875,578.125,-773.4375,281.25
1574207,-62.5,578.125,820.3125,-78.125,-789.0625,640.625,132.8125,-976.5625,226.5625,507.8125,-867.1875,39.0625,578.125,-765.625,281.25
1574207,-62.5,578.125,820.3125,-78.125,-789.0625,640.625,132.8125,-976.5625,226.5625,507.8125,-867.1875,39.0625,578.125,-765.625,281.25
1574207,-62.5,578.125,812.5,-78.125,-789.0625,648.4375,140.625,-984.375,218.75,500.0,-859.375,39.0625,578.125,-773.4375,273.4375
1574207,-62.5,578.125,812.5,-78.125,-789.0625,648.4375,140.625,-984.375,218.75,500.0,-859.375,39.0625,578.125,-773.4375,273.4375
1574352,-62.5,578.125,812.5,-70.3125,-789.0625,648.4375,140.625,-984.375,234.375,507.8125,-859.375,46.875,578.125,-773.4375,281.25
1574352,-62.5,578.125,812.5,-70.3125,-789.0625,648.4375,140.625,-984.375,234.375,507.8125,-859.375,46.875,578.125,-773.4375,281.25
1574360,-54.6875,578.125,812.5,-70.3125,-781.25,656.25,140.625,-976.5625,234.375,500.0,-859.375,46.875,578.125,-773.4375,273.4375
1574360,-54.6875,578.125,812.5,-70.3125,-781.25,656.25,140.625,-976.5625,234.375,500.0,-859.375,46.875,578.125,-773.4375,273.4375
1574368,-62.5,578.125,812.5,-70.3125,-781.25,648.4375,132.8125,-976.5625,234.375,507.8125,-859.375,46.875,570.3125,-765.625,281.25
1574368,-62.5,578.125,812.5,-70.3125,-781.25,648.4375,132.8125,-976.5625,234.375,507.8125,-859.375,46.875,570.3125,-765.625,281.25
1574368,-62.5,578.125,820.3125,-70.3125,-789.0625,648.4375,132.8125,-976.5625,234.375,507.8125,-859.375,39.0625,570.3125,-765.625,281.25
1574368,-62.5,578.125,820.3125,-70.3125,-789.0625,648.4375,132.8125,-976.5625,234.375,507.8125,-859.375,39.0625,570.3125,-765.625,281.25
1574513,-62.5,570.3125,812.5,-70.3125,-789.0625,648.4375,140.625,-992.1875,226.5625,500.0,-867.1875,46.875,570.3125,-781.25,281.25
1574513,-62.5,570.3125,812.5,-70.3125,-789.0625,648.4375,140.625,-992.1875,226.5625,500.0,-867.1875,46.875,570.3125,-781.25,281.25
1574521,-62.5,578.125,812.5,-78.125,-789.0625,656.25,132.8125,-984.375,226.5625,507.8125,-867.1875,39.0625,578.125,-773.4375,281.25
1574521,-62.5,578.125,812.5,-78.125,-789.0625,656.25,132.8125,-984.375,226.5625,507.8125,-867.1875,39.0625,578.125,-773.4375,281.25
1574529,-62.5,585.9375,820.3125,-78.125,-789.0625,648.4375,148.4375,-976.5625,226.5625,507.8125,-867.1875,46.875,585.9375,-773.4375,281.25
1574529,-62.5,585.9375,820.3125,-78.125,-789.0625,648.4375,148.4375,-976.5625,226.5625,507.8125,-867.1875,46.875,585.9375,-773.4375,281.25
1574529,-62.5,578.125,812.5,-78.125,-796.875,656.25,132.8125,-976.5625,218.75,500.0,-867.1875,46.875,578.125,-765.625,281.25
1574529,-62.5,578.125,812.5,-78.125,-796.875,656.25,132.8125,-976.5625,218.75,500.0,-867.1875,46.875,578.125,-765.625,281.25
1574673,-62.5,578.125,820.3125,-78.125,-789.0625,640.625,132.8125,-984.375,226.5625,507.8125,-867.1875,46.875,585.9375,-773.4375,273.4375
1574673,-62.5,578.125,820.3125,-78.125,-789.0625,640.625,132.8125,-984.375,226.5625,507.8125,-867.1875,46.875,585.9375,-773.4375,273.4375
1574682,-62.5,578.125,812.5,-85.9375,-789.0625,648.4375,132.8125,-984.375,226.5625,507.8125,-859.375,46.875,585.9375,-773.4375,281.25
1574682,-62.5,578.125,812.5,-85.9375,-789.0625,648.4375,132.8125,-984.375,226.5625,507.8125,-859.375,46.875,585.9375,-773.4375,281.25
1574690,-62.5,570.3125,812.5,-70.3125,-789.0625,648.4375,140.625,-968.75,218.75,507.8125,-867.1875,39.0625,570.3125,-765.625,273.4375
1574690,-62.5,570.3125,812.5,-70.3125,-789.0625,648.4375,140.625,-968.75,218.75,507.8125,-867.1875,39.0625,570.3125,-765.625,273.4375
1574690,-62.5,578.125,812.5,-70.3125,-789.0625,648.4375,140.625,-976.5625,226.5625,507.8125,-859.375,46.875,585.9375,-773.4375,273.4375
1574690,-62.5,578.125,812.5,-70.3125,-789.0625,648.4375,140.625,-976.5625,226.5625,507.8125,-859.375,46.875,585.9375,-773.4375,273.4375
1574834,-62.5,578.125,812.5,-62.5,-789.0625,648.4375,140.625,-976.5625,234.375,507.8125,-851.5625,46.875,578.125,-773.4375,273.4375
1574834,-62.5,578.125,812.5,-62.5,-789.0625,648.4375,140.625,-976.5625,234.375,507.8125,-851.5625,46.875,578.125,-773.4375,273.4375
1574834,-62.5,578.125,820.3125,-70.3125,-781.25,648.4375,140.625,-976.5625,234.375,507.8125,-859.375,39.0625,570.3125,-773.4375,273.4375
1574834,-62.5,578.125,820.3125,-70.3125,-781.25,648.4375,140.625,-976.5625,234.375,507.8125,-859.375,39.0625,570.3125,-773.4375,273.4375
1574842,-62.5,578.125,812.5,-70.3125,-789.0625,656.25,140.625,-984.375,234.375,507.8125,-867.1875,46.875,578.125,-773.4375,281.25
1574842,-62.5,578.125,812.5,-70.3125,-789.0625,656.25,140.625,-984.375,234.375,507.8125,-867.1875,46.875,578.125,-773.4375,281.25
1574850,-54.6875,578.125,820.3125,-78.125,-781.25,656.25,140.625,-976.5625,226.5625,507.8125,-867.1875,39.0625,585.9375,-773.4375,281.25
1574850,-54.6875,578.125,820.3125,-78.125,-781.25,656.25,140.625,-976.5625,226.5625,507.8125,-867.1875,39.0625,585.9375,-773.4375,281.25
1574997,-54.6875,578.125,820.3125,-62.5,-773.4375,656.25,140.625,-976.5625,218.75,500.0,-859.375,46.875,578.125,-765.625,281.25
1574997,-54.6875,578.125,820.3125,-62.5,-773.4375,656.25,140.625,-976.5625,218.75,500.0,-859.375,46.875,578.125,-765.625,281.25
1574997,-54.6875,578.125,812.5,-62.5,-789.0625,656.25,140.625,-984.375,234.375,507.8125,-851.5625,39.0625,585.9375,-765.625,289.0625
1574997,-54.6875,578.125,812.5,-62.5,-789.0625,656.25,140.625,-984.375,234.375,507.8125,-851.5625,39.0625,585.9375,-765.625,289.0625
1575005,-62.5,585.9375,820.3125,-70.3125,-781.25,656.25,148.4375,-976.5625,218.75,507.8125,-859.375,31.25,578.125,-773.4375,273.4375
1575005,-62.5,585.9375,820.3125,-70.3125,-781.25,656.25,148.4375,-976.5625,218.75,507.8125,-859.375,31.25,578.125,-773.4375,273.4375
1575175,-54.6875,578.125,812.5,-78.125,-789.0625,656.25,140.625,-984.375,234.375,507.8125,-851.5625,46.875,570.3125,-765.625,289.0625
1575175,-54.6875,578.125,812.5,-78.125,-789.0625,656.25,140.625,-984.375,234.375,507.8125,-851.5625,46.875,570.3125,-765.625,289.0625
1575175,-62.5,570.3125,820.3125,-70.3125,-781.25,656.25,140.625,-984.375,234.375,507.8125,-851.5625,39.0625,578.125,-773.4375,281.25
1575175,-62.5,570.3125,820.3125,-70.3125,-781.25,656.25,140.625,-984.375,234.375,507.8125,-851.5625,39.0625,578.125,-773.4375,281.25
1575182,-54.6875,578.125,812.5,-70.3125,-796.875,648.4375,140.625,-984.375,226.5625,507.8125,-859.375,46.875,570.3125,-765.625,281.25
1575182,-54.6875,578.125,812.5,-70.3125,-796.875,648.4375,140.625,-984.375,226.5625,507.8125,-859.375,46.875,570.3125,-765.625,281.25
1575190,-62.5,578.125,812.5,-62.5,-781.25,640.625,140.625,-976.5625,234.375,500.0,-859.375,39.0625,570.3125,-765.625,281.25
1575190,-62.5,578.125,812.5,-62.5,-781.25,640.625,140.625,-976.5625,234.375,500.0,-859.375,39.0625,570.3125,-765.625,281.25
1575336,-54.6875,593.75,851.5625,-78.125,-804.6875,679.6875,140.625,-1015.625,234.375,507.8125,-882.8125,54.6875,554.6875,-765.625,281.25
1575336,-54.6875,593.75,851.5625,-78.125,-804.6875,679.6875,140.625,-1015.625,234.375,507.8125,-882.8125,54.6875,554.6875,-765.625,281.25
1575336,-62.5,609.375,843.75,-101.5625,-796.875,679.6875,140.625,-1007.8125,234.375,507.8125,-882.8125,54.6875,609.375,-789.0625,312.5
1575336,-62.5,609.375,843.75,-101.5625,-796.875,679.6875,140.625,-1007.8125,234.375,507.8125,-882.8125,54.6875,609.375,-789.0625,312.5
1575344,-62.5,609.375,851.5625,-85.9375,-796.875,664.0625,125.0,-1000.0,234.375,515.625,-867.1875,39.0625,585.9375,-796.875,281.25
1575344,-62.5,609.375,851.5625,-85.9375,-796.875,664.0625,125.0,-1000.0,234.375,515.625,-867.1875,39.0625,585.9375,-796.875,281.25
1575350,-62.5,625.0,851.5625,-101.5625,-750.0,671.875,125.0,-945.3125,234.375,507.8125,-859.375,31.25,617.1875,-796.875,257.8125
1575350,-62.5,625.0,851.5625,-101.5625,-750.0,671.875,125.0,-945.3125,234.375,507.8125,-859.375,31.25,617.1875,-796.875,257.8125
1575497,-15.625,593.75,789.0625,-39.0625,-789.0625,632.8125,187.5,-921.875,226.5625,523.4375,-843.75,39.0625,585.9375,-687.5,242.1875
1575497,-15.625,593.75,789.0625,-39.0625,-789.0625,632.8125,187.5,-921.875,226.5625,523.4375,-843.75,39.0625,585.9375,-687.5,242.1875
1575497,-15.625,593.75,796.875,-39.0625,-773.4375,640.625,148.4375,-984.375,234.375,507.8125,-820.3125,39.0625,578.125,-734.375,257.8125
1575497,-15.625,593.75,796.875,-39.0625,-773.4375,640.625,148.4375,-984.375,234.375,507.8125,-820.3125,39.0625,578.125,-734.375,257.8125
1575505,-7.8125,609.375,796.875,-39.0625,-773.4375,648.4375,171.875,-953.125,242.1875,539.0625,-835.9375,46.875,593.75,-757.8125,273.4375
1575505,-7.8125,609.375,796.875,-39.0625,-773.4375,648.4375,171.875,-953.125,242.1875,539.0625,-835.9375,46.875,593.75,-757.8125,273.4375
1575513,7.8125,570.3125,796.875,-31.25,-781.25,640.625,187.5,-945.3125,226.5625,539.0625,-843.75,39.0625,601.5625,-750.0,273.4375
1575513,7.8125,570.3125,796.875,-31.25,-781.25,640.625,187.5,-945.3125,226.5625,539.0625,-843.75,39.0625,601.5625,-750.0,273.4375
1575658,7.8125,593.75,851.5625,-39.0625,-812.5,640.625,203.125,-992.1875,218.75,578.125,-843.75,31.25,648.4375,-750.0,289.0625
1575658,7.8125,593.75,851.5625,-39.0625,-812.5,640.625,203.125,-992.1875,218.75,578.125,-843.75,31.25,648.4375,-750.0,289.0625
1575658,46.875,593.75,835.9375,-7.8125,-820.3125,664.0625,203.125,-1000.0,203.125,578.125,-851.5625,31.25,640.625,-742.1875,296.875
1575658,46.875,593.75,835.9375,-7.8125,-820.3125,664.0625,203.125,-1000.0,203.125,578.125,-851.5625,31.25,640.625,-742.1875,296.875
1575666,23.4375,625.0,843.75,-23.4375,-804.6875,664.0625,210.9375,-984.375,242.1875,578.125,-820.3125,39.0625,656.25,-742.1875,289.0625
1575666,23.4375,625.0,843.75,-23.4375,-804.6875,664.0625,210.9375,-984.375,242.1875,578.125,-820.3125,39.0625,656.25,-742.1875,289.0625
1575673,0.0,640.625,843.75,-54.6875,-804.6875,679.6875,195.3125,-1000.0,234.375,585.9375,-843.75,39.0625,656.25,-734.375,289.0625
1575673,0.0,640.625,843.75,-54.6875,-804.6875,679.6875,195.3125,-1000.0,234.375,585.9375,-843.75,39.0625,656.25,-734.375,289.0625
1575819,437.5,1171.875,1156.25,578.125,-1398.4375,1437.5,835.9375,-2242.1875,578.125,1328.125,-1523.4375,70.3125,1304.6875,-1460.9375,367.1875
1575819,437.5,1171.875,1156.25,578.125,-1398.4375,1437.5,835.9375,-2242.1875,578.125,1328.125,-1523.4375,70.3125,1304.6875,-1460.9375,367.1875
1575819,476.5625,1257.8125,1187.5,460.9375,-1578.125,1421.875,679.6875,-2343.75,460.9375,1421.875,-2015.625,-101.5625,1882.8125,-601.5625,945.3125
1575819,476.5625,1257.8125,1187.5,460.9375,-1578.125,1421.875,679.6875,-2343.75,460.9375,1421.875,-2015.625,-101.5625,1882.8125,-601.5625,945.3125
1575827,531.25,1406.25,1250.0,382.8125,-1601.5625,1343.75,679.6875,-2031.25,515.625,1523.4375,-2695.3125,-31.25,1640.625,-1703.125,945.3125
1575827,531.25,1406.25,1250.0,382.8125,-1601.5625,1343.75,679.6875,-2031.25,515.625,1523.4375,-2695.3125,-31.25,1640.625,-1703.125,945.3125
1575834,585.9375,1515.625,1242.1875,351.5625,-1640.625,1312.5,750.0,-1867.1875,726.5625,1742.1875,-2765.625,-85.9375,1250.0,-2289.0625,828.125
1575834,585.9375,1515.625,1242.1875,351.5625,-1640.625,1312.5,750.0,-1867.1875,726.5625,1742.1875,-2765.625,-85.9375,1250.0,-2289.0625,828.125
1575980,359.375,234.375,1054.6875,164.0625,-1187.5,-148.4375,218.75,-1117.1875,-453.125,335.9375,-945.3125,-742.1875,398.4375,-1070.3125,-343.75
1575980,359.375,234.375,1054.6875,164.0625,-1187.5,-148.4375,218.75,-1117.1875,-453.125,335.9375,-945.3125,-742.1875,398.4375,-1070.3125,-343.75
1575981,375.0,195.3125,968.75,117.1875,-1117.1875,-265.625,148.4375,-1031.25,-531.25,203.125,-851.5625,-750.0,296.875,-1039.0625,-375.0
1575981,375.0,195.3125,968.75,117.1875,-1117.1875,-265.625,148.4375,-1031.25,-531.25,203.125,-851.5625,-750.0,296.875,-1039.0625,-375.0
1575988,273.4375,109.375,875.0,70.3125,-1054.6875,-375.0,39.0625,-882.8125,-632.8125,117.1875,-726.5625,-796.875,203.125,-945.3125,-437.5
1575988,273.4375,109.375,875.0,70.3125,-1054.6875,-375.0,39.0625,-882.8125,-632.8125,117.1875,-726.5625,-796.875,203.125,-945.3125,-437.5
1575996,117.1875,-46.875,789.0625,0.0,-914.0625,-437.5,-93.75,-742.1875,-695.3125,7.8125,-546.875,-820.3125,132.8125,-796.875,-507.8125
1575996,117.1875,-46.875,789.0625,0.0,-914.0625,-437.5,-93.75,-742.1875,-695.3125,7.8125,-546.875,-820.3125,132.8125,-796.875,-507.8125
1576142,773.4375,-710.9375,-1562.5,1351.5625,2335.9375,-562.5,914.0625,2664.0625,0.0,398.4375,2625.0,234.375,484.375,2335.9375,-632.8125
1576142,773.4375,-710.9375,-1562.5,1351.5625,2335.9375,-562.5,914.0625,2664.0625,0.0,398.4375,2625.0,234.375,484.375,2335.9375,-632.8125
1576142,804.6875,-640.625,-1539.0625,1492.1875,2203.125,-445.3125,1046.875,2507.8125,-31.25,523.4375,2500.0,140.625,554.6875,2179.6875,-695.3125
1576142,804.6875,-640.625,-1539.0625,1492.1875,2203.125,-445.3125,1046.875,2507.8125,-31.25,523.4375,2500.0,140.625,554.6875,2179.6875,-695.3125
1576150,750.0,-585.9375,-1531.25,1539.0625,1914.0625,-382.8125,1085.9375,2351.5625,-93.75,625.0,2375.0,62.5,687.5,2039.0625,-718.75
1576150,750.0,-585.9375,-1531.25,1539.0625,1914.0625,-382.8125,1085.9375,2351.5625,-93.75,625.0,2375.0,62.5,687.5,2039.0625,-718.75
1576157,750.0,-656.25,-1398.4375,1578.125,1742.1875,-304.6875,1164.0625,2179.6875,-156.25,718.75,2210.9375,-31.25,781.25,1851.5625,-742.1875
1576157,750.0,-656.25,-1398.4375,1578.125,1742.1875,-304.6875,1164.0625,2179.6875,-156.25,718.75,2210.9375,-31.25,781.25,1851.5625,-742.1875
1576158,757.8125,-648.4375,-1398.4375,1671.875,1781.25,-210.9375,1351.5625,1992.1875,-195.3125,867.1875,2054.6875,-132.8125,906.25,1656.25,-757.8125
1576158,757.8125,-648.4375,-1398.4375,1671.875,1781.25,-210.9375,1351.5625,1992.1875,-195.3125,867.1875,2054.6875,-132.8125,906.25,1656.25,-757.8125
1576166,734.375,-703.125,-1328.125,1781.25,1562.5,-210.9375,1453.125,1781.25,-257.8125,976.5625,1890.625,-226.5625,976.5625,1476.5625,-828.125
1576166,734.375,-703.125,-1328.125,1781.25,1562.5,-210.9375,1453.125,1781.25,-257.8125,976.5625,1890.625,-226.5625,976.5625,1476.5625,-828.125
1576166,664.0625,-757.8125,-1132.8125,1898.4375,1335.9375,-203.125,1515.625,1578.125,-351.5625,1062.5,1734.375,-359.375,1023.4375,1289.0625,-953.125
1576166,664.0625,-757.8125,-1132.8125,1898.4375,1335.9375,-203.125,1515.625,1578.125,-351.5625,1062.5,1734.375,-359.375,1023.4375,1289.0625,-953.125
1576174,617.1875,-734.375,-882.8125,1757.8125,945.3125,-226.5625,1554.6875,1328.125,-453.125,1101.5625,1500.0,-554.6875,992.1875,937.5,-1062.5
1576174,617.1875,-734.375,-882.8125,1757.8125,945.3125,-226.5625,1554.6875,1328.125,-453.125,1101.5625,1500.0,-554.6875,992.1875,937.5,-1062.5
1576319,335.9375,1242.1875,1539.0625,789.0625,-2156.25,460.9375,1000.0,-1984.375,-1132.8125,757.8125,-1539.0625,-1796.875,468.75,-2007.8125,-1304.6875
1576319,335.9375,1242.1875,1539.0625,789.0625,-2156.25,460.9375,1000.0,-1984.375,-1132.8125,757.8125,-1539.0625,-1796.875,468.75,-2007.8125,-1304.6875
1576328,367.1875,906.25,1289.0625,828.125,-1773.4375,304.6875,960.9375,-1585.9375,-1125.0,648.4375,-1140.625,-1656.25,453.125,-1632.8125,-1257.8125
1576328,367.1875,906.25,1289.0625,828.125,-1773.4375,304.6875,960.9375,-1585.9375,-1125.0,648.4375,-1140.625,-1656.25,453.125,-1632.8125,-1257.8125
1576328,351.5625,554.6875,1070.3125,820.3125,-1476.5625,117.1875,867.1875,-1234.375,-1132.8125,585.9375,-851.5625,-1539.0625,437.5,-1296.875,-1218.75
1576328,351.5625,554.6875,1070.3125,820.3125,-1476.5625,117.1875,867.1875,-1234.375,-1132.8125,585.9375,-851.5625,-1539.0625,437.5,-1296.875,-1218.75
1576336,367.1875,234.375,867.1875,843.75,-1218.75,-70.3125,812.5,-851.5625,-1109.375,539.0625,-507.8125,-1414.0625,429.6875,-953.125,-1187.5
1576336,367.1875,234.375,867.1875,843.75,-1218.75,-70.3125,812.5,-851.5625,-1109.375,539.0625,-507.8125,-1414.0625,429.6875,-953.125,-1187.5
1576481,867.1875,-156.25,-7.8125,1476.5625,-132.8125,-132.8125,1187.5,304.6875,-1000.0,625.0,476.5625,-1250.0,468.75,-93.75,-1335.9375
1576481,867.1875,-156.25,-7.8125,1476.5625,-132.8125,-132.8125,1187.5,304.6875,-1000.0,625.0,476.5625,-1250.0,468.75,-93.75,-1335.9375
1576489,781.25,-62.5,375.0,1343.75,-562.5,-242.1875,1093.75,-54.6875,-1218.75,531.25,85.9375,-1492.1875,390.625,-492.1875,-1437.5
1576489,781.25,-62.5,375.0,1343.75,-562.5,-242.1875,1093.75,-54.6875,-1218.75,531.25,85.9375,-1492.1875,390.625,-492.1875,-1437.5
1576489,718.75,46.875,796.875,1179.6875,-1023.4375,-375.0,953.125,-515.625,-1445.3125,453.125,-242.1875,-1726.5625,250.0,-867.1875,-1585.9375
1576489,718.75,46.875,796.875,1179.6875,-1023.4375,-375.0,953.125,-515.625,-1445.3125,453.125,-242.1875,-1726.5625,250.0,-867.1875,-1585.9375
1576497,656.25,109.375,1226.5625,1000.0,-1562.5,-445.3125,812.5,-992.1875,-1679.6875,281.25,-609.375,-2000.0,93.75,-1289.0625,-1734.375
1576497,656.25,109.375,1226.5625,1000.0,-1562.5,-445.3125,812.5,-992.1875,-1679.6875,281.25,-609.375,-2000.0,93.75,-1289.0625,-1734.375
1576642,-101.5625,671.875,562.5,164.0625,-906.25,640.625,601.5625,-968.75,-70.3125,632.8125,-750.0,-500.0,539.0625,-875.0,-335.9375
1576642,-101.5625,671.875,562.5,164.0625,-906.25,640.625,601.5625,-968.75,-70.3125,632.8125,-750.0,-500.0,539.0625,-875.0,-335.9375
1576650,-85.9375,593.75,406.25,148.4375,-718.75,578.125,578.125,-773.4375,15.625,617.1875,-593.75,-375.0,546.875,-687.5,-273.4375
1576650,-85.9375,593.75,406.25,148.4375,-718.75,578.125,578.125,-773.4375,15.625,617.1875,-593.75,-375.0,546.875,-687.5,-273.4375
1576651,-109.375,531.25,273.4375,148.4375,-500.0,515.625,531.25,-562.5,62.5,578.125,-429.6875,-289.0625,507.8125,-507.8125,-250.0
1576651,-109.375,531.25,273.4375,148.4375,-500.0,515.625,531.25,-562.5,62.5,578.125,-429.6875,-289.0625,507.8125,-507.8125,-250.0
1576658,-140.625,476.5625,171.875,148.4375,-312.5,460.9375,476.5625,-343.75,78.125,492.1875,-242.1875,-226.5625,437.5,-343.75,-257.8125
1576658,-140.625,476.5625,171.875,148.4375,-312.5,460.9375,476.5625,-343.75,78.125,492.1875,-242.1875,-226.5625,437.5,-343.75,-257.8125
1576804,-304.6875,523.4375,976.5625,-304.6875,-1140.625,85.9375,-156.25,-1054.6875,-500.0,-218.75,-906.25,-695.3125,-304.6875,-1015.625,-468.75
1576804,-304.6875,523.4375,976.5625,-304.6875,-1140.625,85.9375,-156.25,-1054.6875,-500.0,-218.75,-906.25,-695.3125,-304.6875,-1015.625,-468.75
1576812,-296.875,515.625,960.9375,-289.0625,-1164.0625,109.375,-132.8125,-1070.3125,-492.1875,-195.3125,-921.875,-687.5,-281.25,-1023.4375,-460.9375
1576812,-296.875,515.625,960.9375,-289.0625,-1164.0625,109.375,-132.8125,-1070.3125,-492.1875,-195.3125,-921.875,-687.5,-281.25,-1023.4375,-460.9375
1576812,-296.875,500.0,968.75,-289.0625,-1171.875,109.375,-125.0,-1093.75,-484.375,-179.6875,-929.6875,-687.5,-250.0,-1031.25,-445.3125
1576812,-296.875,500.0,968.75,-289.0625,-1171.875,109.375,-125.0,-1093.75,-484.375,-179.6875,-929.6875,-687.5,-250.0,-1031.25,-445.3125
1576820,-281.25,500.0,953.125,-281.25,-1156.25,125.0,-109.375,-1093.75,-476.5625,-132.8125,-929.6875,-679.6875,-226.5625,-1031.25,-429.6875
1576820,-281.25,500.0,953.125,-281.25,-1156.25,125.0,-109.375,-1093.75,-476.5625,-132.8125,-929.6875,-679.6875,-226.5625,-1031.25,-429.6875
1576965,-343.75,437.5,843.75,-320.3125,-960.9375,0.0,-203.125,-859.375,-453.125,-250.0,-734.375,-601.5625,-335.9375,-835.9375,-429.6875
1576965,-343.75,437.5,843.75,-320.3125,-960.9375,0.0,-203.125,-859.375,-453.125,-250.0,-734.375,-601.5625,-335.9375,-835.9375,-429.6875
1576965,-351.5625,437.5,851.5625,-320.3125,-960.9375,7.8125,-195.3125,-867.1875,-453.125,-250.0,-750.0,-601.5625,-320.3125,-843.75,-429.6875
1576965,-351.5625,437.5,851.5625,-320.3125,-960.9375,7.8125,-195.3125,-867.1875,-453.125,-250.0,-750.0,-601.5625,-320.3125,-843.75,-429.6875
1576972,-343.75,421.875,851.5625,-320.3125,-976.5625,7.8125,-195.3125,-875.0,-468.75,-250.0,-742.1875,-609.375,-312.5,-843.75,-437.5
1576972,-343.75,421.875,851.5625,-320.3125,-976.5625,7.8125,-195.3125,-875.0,-468.75,-250.0,-742.1875,-609.375,-312.5,-843.75,-437.5
1576972,-335.9375,414.0625,851.5625,-312.5,-984.375,15.625,-187.5,-882.8125,-460.9375,-234.375,-765.625,-609.375,-304.6875,-859.375,-429.6875
1576972,-335.9375,414.0625,851.5625,-312.5,-984.375,15.625,-187.5,-882.8125,-460.9375,-234.375,-765.625,-609.375,-304.6875,-859.375,-429.6875
