1566658,-433.125,-503.125,-126.875
1566658,-433.125,-503.125,-126.875
1566669,450.625,-573.125,-113.75
1566669,450.625,-573.125,-113.75
1566679,1150.625,-131.25,-100.625
1566679,1150.625,-131.25,-100.625
1566690,896.875,140.0,-91.875
1566690,896.875,140.0,-91.875
1566700,861.875,-323.75,-192.5
1566700,861.875,-323.75,-192.5
1566710,1168.125,-498.75,-135.625
1566710,1168.125,-498.75,-135.625
1566720,945.0,-511.875,-61.25
1566720,945.0,-511.875,-61.25
1566731,700.0,-713.125,118.125
1566731,700.0,-713.125,118.125
1566741,503.125,-739.375,179.375
1566741,503.125,-739.375,179.375
1566752,538.125,-809.375,83.125
1566752,538.125,-809.375,83.125
1566762,581.875,-1023.75,135.625
1566762,581.875,-1023.75,135.625
1566772,428.75,-1229.375,214.375
1566772,428.75,-1229.375,214.375
1566782,546.875,-1461.25,35.0
1566782,546.875,-1461.25,35.0
1566793,656.25,-1386.875,78.75
1566793,656.25,-1386.875,78.75
1566803,678.125,-1155.0,83.125
1566803,678.125,-1155.0,83.125
1566813,835.625,-1242.5,-8.75
1566813,835.625,-1242.5,-8.75
1566824,748.125,-1238.125,-13.125
1566824,748.125,-1238.125,-13.125
1566834,800.625,-1351.875,100.625
1566834,800.625,-1351.875,100.625
1566844,896.875,-1522.5,153.125
1566844,896.875,-1522.5,153.125
1566854,721.875,-1321.25,100.625
1566854,721.875,-1321.25,100.625
1566865,643.125,-1260.0,122.5
1566865,643.125,-1260.0,122.5
1566875,717.5,-1089.375,201.25
1566875,717.5,-1089.375,201.25
1566886,678.125,-665.0,65.625
1566886,678.125,-665.0,65.625
1566896,511.875,-577.5,-249.375
1566896,511.875,-577.5,-249.375
1566907,288.75,-573.125,-472.5
1566907,288.75,-573.125,-472.5
1566916,-126.875,-608.125,-844.375
1566916,-126.875,-608.125,-844.375
1566927,-1312.5,-673.75,-1391.25
1566927,-1312.5,-673.75,-1391.25
1566937,-1754.375,-1211.875,-1474.375
1566937,-1754.375,-1211.875,-1474.375
1566948,-1863.75,-1045.625,-1946.875
1566948,-1863.75,-1045.625,-1946.875
1566957,-2038.75,-1133.125,-2454.375
1566957,-2038.75,-1133.125,-2454.375
1566968,-4033.75,-2323.125,-2384.375
1566968,-4033.75,-2323.125,-2384.375
1566978,-5687.5,-2288.125,-2511.25
1566978,-5687.5,-2288.125,-2511.25
1566989,-4961.25,-1793.75,-2419.375
1566989,-4961.25,-1793.75,-2419.375
1566999,-7227.5,-3320.625,-2813.125
1566999,-7227.5,-3320.625,-2813.125
1567009,-8334.375,-3241.875,-2620.625
1567009,-8334.375,-3241.875,-2620.625
1567020,-9502.5,-4703.125,-1671.25
1567020,-9502.5,-4703.125,-1671.25
1567029,-11427.5,-5508.125,-1986.25
1567029,-11427.5,-5508.125,-1986.25
1567038,-11445.0,-5534.375,-1929.375
1567038,-11445.0,-5534.375,-1929.375
1567051,-5827.5,-4633.125,568.75
1567051,-5827.5,-4633.125,568.75
1567061,1229.375,-2165.625,-1518.125
1567061,1229.375,-2165.625,-1518.125
1567071,3246.25,6615.0,-1448.125
1567071,3246.25,6615.0,-1448.125
1567081,-2607.5,3836.875,-17.5
1567081,-2607.5,3836.875,-17.5
1567092,1697.5,-1990.625,371.875
1567092,1697.5,-1990.625,371.875
1567103,6461.875,-743.75,-1032.5
1567103,6461.875,-743.75,-1032.5
1567112,15347.5,2944.375,-507.5
1567112,15347.5,2944.375,-507.5
1567123,10320.625,7726.25,-1706.25
1567123,10320.625,7726.25,-1706.25
1567133,4370.625,5827.5,-1802.5
1567133,4370.625,5827.5,-1802.5
1567143,2463.125,2458.75,-1596.875
1567143,2463.125,2458.75,-1596.875
1567153,918.75,1255.625,-1894.375
1567153,918.75,1255.625,-1894.375
1567164,105.0,-1798.125,-1631.875
1567164,105.0,-1798.125,-1631.875
1567174,-498.75,-3425.625,-1286.25
1567174,-498.75,-3425.625,-1286.25
1567183,564.375,-3548.125,-1933.75
1567183,564.375,-3548.125,-1933.75
1567195,3255.0,-4908.75,-1058.75
1567195,3255.0,-4908.75,-1058.75
1567205,2970.625,-4865.0,-441.875
1567205,2970.625,-4865.0,-441.875
1567216,3504.375,-5381.25,-236.25
1567216,3504.375,-5381.25,-236.25
1567226,4221.875,-4895.625,-621.25
1567226,4221.875,-4895.625,-621.25
1567236,4165.0,-3119.375,-1181.25
1567236,4165.0,-3119.375,-1181.25
1567246,5600.0,-2248.75,-1605.625
1567246,5600.0,-2248.75,-1605.625
1567257,6947.5,-1811.25,-2156.875
1567257,6947.5,-1811.25,-2156.875
1567267,7223.125,-2275.0,-2305.625
1567267,7223.125,-2275.0,-2305.625
1567278,6676.25,-3666.25,-2248.75
1567278,6676.25,-3666.25,-2248.75
1567288,6702.5,-4536.875,-1688.75
1567288,6702.5,-4536.875,-1688.75
1567298,6234.375,-3959.375,-1211.875
1567298,6234.375,-3959.375,-1211.875
1567308,5700.625,-2638.125,-748.125
1567308,5700.625,-2638.125,-748.125
1567319,5271.875,-1601.25,-389.375
1567319,5271.875,-1601.25,-389.375
1567329,4020.625,-1141.875,-21.875
1567329,4020.625,-1141.875,-21.875
1567339,2716.875,-1032.5,240.625
1567339,2716.875,-1032.5,240.625
1567350,844.375,-358.75,201.25
1567350,844.375,-358.75,201.25
1567360,-577.5,853.125,-118.125
1567360,-577.5,853.125,-118.125
1567370,-1246.875,1981.875,-498.75
1567370,-1246.875,1981.875,-498.75
1567381,-1509.375,3049.375,-651.875
1567381,-1509.375,3049.375,-651.875
1567391,-1798.125,3871.875,-441.875
1567391,-1798.125,3871.875,-441.875
1567401,-3027.5,4173.75,-367.5
1567401,-3027.5,4173.75,-367.5
1567412,-3421.25,3911.25,-411.25
1567412,-3421.25,3911.25,-411.25
1567422,-2310.0,2856.875,218.75
1567422,-2310.0,2856.875,218.75
1567432,-1636.25,2121.875,568.75
1567432,-1636.25,2121.875,568.75
1567443,-958.125,2813.125,-35.0
1567443,-958.125,2813.125,-35.0
1567453,-402.5,3281.25,-175.0
1567453,-402.5,3281.25,-175.0
1567463,48.125,2148.125,-363.125
1567463,48.125,2148.125,-363.125
1567473,-595.0,1540.0,-966.875
1567473,-595.0,1540.0,-966.875
1567484,-1124.375,1338.75,-643.125
1567484,-1124.375,1338.75,-643.125
1567494,-2730.0,-56.875,-201.25
1567494,-2730.0,-56.875,-201.25
1567505,-4550.0,-538.125,-918.75
1567505,-4550.0,-538.125,-918.75
1567515,-4007.5,-1995.0,-1225.0
1567515,-4007.5,-1995.0,-1225.0
1567525,-4480.0,-4283.125,-1763.125
1567525,-4480.0,-4283.125,-1763.125
1567535,-5083.75,-7564.375,-1789.375
1567535,-5083.75,-7564.375,-1789.375
1567546,-5525.625,-9511.25,-2034.375
1567546,-5525.625,-9511.25,-2034.375
1567556,-5608.75,-9305.625,-2800.0
1567556,-5608.75,-9305.625,-2800.0
1567567,-4795.0,-7573.125,-3635.625
1567567,-4795.0,-7573.125,-3635.625
1567577,-2323.125,-4707.5,-3841.25
1567577,-2323.125,-4707.5,-3841.25
1567587,1137.5,-2270.625,-2896.25
1567587,1137.5,-2270.625,-2896.25
1567597,3775.625,-468.125,-1413.125
1567597,3775.625,-468.125,-1413.125
1567608,5893.125,1658.125,214.375
1567608,5893.125,1658.125,214.375
1567618,8299.375,3609.375,1168.125
1567618,8299.375,3609.375,1168.125
1567628,11895.625,5127.5,1605.625
1567628,11895.625,5127.5,1605.625
1567639,16476.25,4873.75,2384.375
1567639,16476.25,4873.75,2384.375
1567649,18983.125,1776.25,3263.75
1567649,18983.125,1776.25,3263.75
1567659,17775.625,-2778.125,4681.25
1567659,17775.625,-2778.125,4681.25
1567670,14577.5,-8360.625,6418.125
1567670,14577.5,-8360.625,6418.125
1567680,11646.25,-14371.875,7367.5
1567680,11646.25,-14371.875,7367.5
1567690,10023.125,-16660.0,7131.25
1567690,10023.125,-16660.0,7131.25
1567701,10097.5,-11886.875,7791.875
1567701,10097.5,-11886.875,7791.875
1567711,7455.0,-3023.125,7927.5
1567711,7455.0,-3023.125,7927.5
1567721,6374.375,4453.75,8264.375
1567721,6374.375,4453.75,8264.375
1567732,6313.125,4029.375,8728.125
1567732,6313.125,4029.375,8728.125
1567742,1793.75,-2681.875,7546.875
1567742,1793.75,-2681.875,7546.875
1567752,-2681.875,-9537.5,6667.5
1567752,-2681.875,-9537.5,6667.5
1567763,-3473.75,-11698.75,5779.375
1567763,-3473.75,-11698.75,5779.375
1567773,-3675.0,-14332.5,2590.0
1567773,-3675.0,-14332.5,2590.0
1567783,-4073.125,-16178.75,-245.0
1567783,-4073.125,-16178.75,-245.0
1567794,-3093.125,-14700.0,-271.25
1567794,-3093.125,-14700.0,-271.25
1567804,-4410.0,-6833.75,551.25
1567804,-4410.0,-6833.75,551.25
1567814,-7170.625,3723.125,2008.125
1567814,-7170.625,3723.125,2008.125
1567823,-7135.625,7682.5,2725.625
1567823,-7135.625,7682.5,2725.625
1567835,-9625.0,9690.625,1710.625
1567835,-9625.0,9690.625,1710.625
1567845,-15618.75,14385.0,-931.875
1567845,-15618.75,14385.0,-931.875
1567855,-18453.75,15185.625,-713.125
1567855,-18453.75,15185.625,-713.125
1567866,-16808.75,13628.125,-1277.5
1567866,-16808.75,13628.125,-1277.5
1567876,-10609.375,14306.25,-3395.0
1567876,-10609.375,14306.25,-3395.0
1567886,-1872.5,16310.0,-5700.625
1567886,-1872.5,16310.0,-5700.625
1567897,5652.5,20265.0,-8373.75
1567897,5652.5,20265.0,-8373.75
1567907,12061.875,20173.125,-10150.0
1567907,12061.875,20173.125,-10150.0
1567917,20418.125,13623.75,-9970.625
1567917,20418.125,13623.75,-9970.625
1567928,28153.125,4746.875,-8723.75
1567928,28153.125,4746.875,-8723.75
1567938,26805.625,-568.75,-7612.5
1567938,26805.625,-568.75,-7612.5
1567948,18186.875,3097.5,-6006.875
1567948,18186.875,3097.5,-6006.875
1567959,12573.75,4156.25,-4160.625
1567959,12573.75,4156.25,-4160.625
1567969,11488.75,6002.5,-651.875
1567969,11488.75,6002.5,-651.875
1567979,5359.375,7498.75,3416.875
1567979,5359.375,7498.75,3416.875
1567990,525.0,7752.5,5810.0
1567990,525.0,7752.5,5810.0
1568000,2288.125,6588.75,9480.625
1568000,2288.125,6588.75,9480.625
1568010,1697.5,1955.625,10250.625
1568010,1697.5,1955.625,10250.625
1568020,2603.125,-3128.125,10675.0
1568020,2603.125,-3128.125,10675.0
1568031,118.125,-8273.125,9883.125
1568031,118.125,-8273.125,9883.125
1568041,-6317.5,-12670.0,8093.75
1568041,-6317.5,-12670.0,8093.75
1568051,-11633.125,-15999.375,6685.0
1568051,-11633.125,-15999.375,6685.0
1568062,-14039.375,-18261.25,4961.25
1568062,-14039.375,-18261.25,4961.25
1568072,-15163.75,-20068.125,2712.5
1568072,-15163.75,-20068.125,2712.5
1568082,-15688.75,-21315.0,861.875
1568082,-15688.75,-21315.0,861.875
1568093,-14730.625,-22141.875,-770.0
1568093,-14730.625,-22141.875,-770.0
1568103,-11445.0,-21673.75,-1898.75
1568103,-11445.0,-21673.75,-1898.75
1568114,-7161.875,-18882.5,-3298.75
1568114,-7161.875,-18882.5,-3298.75
1568124,-2130.625,-17093.125,-3749.375
1568124,-2130.625,-17093.125,-3749.375
1568134,1618.75,-14070.0,-4676.875
1568134,1618.75,-14070.0,-4676.875
1568144,3784.375,-12932.5,-5101.25
1568144,3784.375,-12932.5,-5101.25
1568155,5788.125,-9550.625,-5547.5
1568155,5788.125,-9550.625,-5547.5
1568165,7293.125,-7319.375,-5810.0
1568165,7293.125,-7319.375,-5810.0
1568175,7126.875,-5508.125,-5573.75
1568175,7126.875,-5508.125,-5573.75
1568186,6313.125,-1487.5,-5442.5
1568186,6313.125,-1487.5,-5442.5
1568196,5136.25,1745.625,-4908.75
1568196,5136.25,1745.625,-4908.75
1568206,2590.0,5621.875,-4589.375
1568206,2590.0,5621.875,-4589.375
1568216,953.75,8229.375,-4055.625
1568216,953.75,8229.375,-4055.625
1568227,341.25,9821.875,-3093.125
1568227,341.25,9821.875,-3093.125
1568236,-818.125,11646.25,-2043.125
1568236,-818.125,11646.25,-2043.125
1568247,-1115.625,12823.125,-1421.875
1568247,-1115.625,12823.125,-1421.875
1568258,35.0,13833.75,-634.375
1568258,35.0,13833.75,-634.375
1568267,437.5,14966.875,-266.875
1568267,437.5,14966.875,-266.875
1568278,-608.125,12875.625,188.125
1568278,-608.125,12875.625,188.125
1568288,-997.5,11471.25,577.5
1568288,-997.5,11471.25,577.5
1568299,-1089.375,8776.25,1225.0
1568299,-1089.375,8776.25,1225.0
1568310,-1220.625,5048.75,1951.25
1568310,-1220.625,5048.75,1951.25
1568320,-783.125,1645.0,2625.0
1568320,-783.125,1645.0,2625.0
1568330,245.0,-1141.875,3005.625
1568330,245.0,-1141.875,3005.625
1568341,1509.375,-3136.875,3193.75
1568341,1509.375,-3136.875,3193.75
1568351,2292.5,-4370.625,3150.0
1568351,2292.5,-4370.625,3150.0
1568361,2607.5,-5381.25,2786.875
1568361,2607.5,-5381.25,2786.875
1568371,3163.125,-6300.0,2283.75
1568371,3163.125,-6300.0,2283.75
1568382,3438.75,-6632.5,1623.125
1568382,3438.75,-6632.5,1623.125
1568392,3412.5,-6671.875,1220.625
1568392,3412.5,-6671.875,1220.625
1568402,2782.5,-6378.75,669.375
1568402,2782.5,-6378.75,669.375
1568412,1881.25,-5753.125,144.375
1568412,1881.25,-5753.125,144.375
1568423,1496.25,-4655.0,-341.25
1568423,1496.25,-4655.0,-341.25
1568433,1487.5,-3311.875,-848.75
1568433,1487.5,-3311.875,-848.75
1568443,1452.5,-1903.125,-1421.875
1568443,1452.5,-1903.125,-1421.875
1568454,1316.875,-831.25,-1890.0
1568454,1316.875,-831.25,-1890.0
1568464,1093.75,148.75,-1618.75
1568464,1093.75,148.75,-1618.75
1568474,463.75,988.75,-1483.125
1568474,463.75,988.75,-1483.125
1568485,-376.25,1491.875,-1299.375
1568485,-376.25,1491.875,-1299.375
1568495,-1050.0,2086.875,-1076.25
1568495,-1050.0,2086.875,-1076.25
1568505,-1561.875,2852.5,-761.25
1568505,-1561.875,2852.5,-761.25
1568516,-2152.5,3718.75,-577.5
1568516,-2152.5,3718.75,-577.5
1568526,-2423.75,4348.75,-385.0
1568526,-2423.75,4348.75,-385.0
1568536,-2616.25,4685.625,-297.5
1568536,-2616.25,4685.625,-297.5
1568547,-2725.625,4882.5,-183.75
1568547,-2725.625,4882.5,-183.75
1568557,-2817.5,4891.25,-56.875
1568557,-2817.5,4891.25,-56.875
1568567,-2817.5,4681.25,56.875
1568567,-2817.5,4681.25,56.875
1568578,-2874.375,4151.875,122.5
1568578,-2874.375,4151.875,122.5
1568588,-2961.875,3206.875,70.0
1568588,-2961.875,3206.875,70.0
1568598,-2738.75,2485.0,21.875
1568598,-2738.75,2485.0,21.875
1568609,-2498.125,2572.5,192.5
1568609,-2498.125,2572.5,192.5
1568618,-2108.75,4856.25,161.875
1568618,-2108.75,4856.25,161.875
1568629,-1251.25,4580.625,-516.25
1568629,-1251.25,4580.625,-516.25
1568639,-1789.375,2572.5,-993.125
1568639,-1789.375,2572.5,-993.125
1568650,-1426.25,3618.125,-975.625
1568650,-1426.25,3618.125,-975.625
1568661,-1369.375,3797.5,-861.875
1568661,-1369.375,3797.5,-861.875
1568670,-1295.0,4283.125,-1382.5
1568670,-1295.0,4283.125,-1382.5
1568681,-91.875,3609.375,-1111.25
1568681,-91.875,3609.375,-1111.25
1568691,-371.875,3723.125,-787.5
1568691,-371.875,3723.125,-787.5
1568701,-1465.625,3780.0,-542.5
1568701,-1465.625,3780.0,-542.5
1568712,-1382.5,3784.375,-573.125
1568712,-1382.5,3784.375,-573.125
1568722,-1610.0,3027.5,-791.875
1568722,-1610.0,3027.5,-791.875
1568732,-2178.75,2095.625,-1050.0
1568732,-2178.75,2095.625,-1050.0
1568743,-1798.125,2191.875,-1203.125
1568743,-1798.125,2191.875,-1203.125
1568753,-809.375,3088.75,-1137.5
1568753,-809.375,3088.75,-1137.5
1568763,13.125,4025.0,-1557.5
1568763,13.125,4025.0,-1557.5
1568774,-148.75,4095.0,-1841.875
1568774,-148.75,4095.0,-1841.875
1568784,-590.625,3972.5,-1789.375
1568784,-590.625,3972.5,-1789.375
1568794,-735.0,3941.875,-1570.625
1568794,-735.0,3941.875,-1570.625
1568805,-892.5,3613.75,-1461.25
1568805,-892.5,3613.75,-1461.25
1568815,-927.5,2388.75,-1548.75
1568815,-927.5,2388.75,-1548.75
1568825,-1124.375,1395.625,-1465.625
1568825,-1124.375,1395.625,-1465.625
1568835,-1579.375,949.375,-1382.5
1568835,-1579.375,949.375,-1382.5
1568846,-1268.75,787.5,-1496.25
1568846,-1268.75,787.5,-1496.25
1568857,-870.625,1146.25,-1408.75
1568857,-870.625,1146.25,-1408.75
1568866,-328.125,1863.75,-1347.5
1568866,-328.125,1863.75,-1347.5
1568877,258.125,2152.5,-1308.125
1568877,258.125,2152.5,-1308.125
1568887,118.125,2008.125,-1347.5
1568887,118.125,2008.125,-1347.5
1568897,-105.0,1601.25,-1435.0
1568897,-105.0,1601.25,-1435.0
1568908,-8.75,1216.25,-1365.0
1568908,-8.75,1216.25,-1365.0
1568918,-249.375,1045.625,-1260.0
1568918,-249.375,1045.625,-1260.0
1568929,-586.25,826.875,-1067.5
1568929,-586.25,826.875,-1067.5
1568939,-927.5,371.875,-927.5
1568939,-927.5,371.875,-927.5
1568949,-1233.75,83.125,-726.25
1568949,-1233.75,83.125,-726.25
1568960,-1719.375,476.875,-700.0
1568960,-1719.375,476.875,-700.0
1568970,-1575.0,945.0,-717.5
1568970,-1575.0,945.0,-717.5
1568980,-1579.375,1811.25,-713.125
1568980,-1579.375,1811.25,-713.125
1568990,-1439.375,2502.5,-800.625
1568990,-1439.375,2502.5,-800.625
1569001,-1098.125,2458.75,-901.25
1569001,-1098.125,2458.75,-901.25
1569011,-761.25,2528.75,-901.25
1569011,-761.25,2528.75,-901.25
1569021,-35.0,2660.0,-984.375
1569021,-35.0,2660.0,-984.375
1569032,140.0,2926.875,-1159.375
1569032,140.0,2926.875,-1159.375
1569042,-525.0,3237.5,-1085.0
1569042,-525.0,3237.5,-1085.0
1569052,-665.0,3163.125,-1015.0
1569052,-665.0,3163.125,-1015.0
1569063,118.125,2813.125,-1168.125
1569063,118.125,2813.125,-1168.125
1569073,770.0,2655.625,-1032.5
1569073,770.0,2655.625,-1032.5
1569083,669.375,2537.5,-892.5
1569083,669.375,2537.5,-892.5
1569093,-52.5,2318.75,-791.875
1569093,-52.5,2318.75,-791.875
1569104,-529.375,1771.875,-844.375
1569104,-529.375,1771.875,-844.375
1569114,-393.75,1575.0,-796.25
1569114,-393.75,1575.0,-796.25
1569125,8.75,1960.0,-686.875
1569125,8.75,1960.0,-686.875
1569135,70.0,2205.0,-691.25
1569135,70.0,2205.0,-691.25
1569145,354.375,2266.25,-665.0
1569145,354.375,2266.25,-665.0
1569155,1146.25,2349.375,-520.625
1569155,1146.25,2349.375,-520.625
1569165,1522.5,2655.625,-498.75
1569165,1522.5,2655.625,-498.75
1569176,1330.0,2716.875,-643.125
1569176,1330.0,2716.875,-643.125
1569186,1120.0,2358.125,-555.625
1569186,1120.0,2358.125,-555.625
1569197,739.375,1623.125,-485.625
1569197,739.375,1623.125,-485.625
1569207,551.25,1911.875,-1636.25
1569207,551.25,1911.875,-1636.25
1569217,2226.875,2725.625,-1168.125
1569217,2226.875,2725.625,-1168.125
1569227,1351.875,1150.625,-179.375
1569227,1351.875,1150.625,-179.375
1569238,275.625,931.875,-288.75
1569238,275.625,931.875,-288.75
1569248,284.375,210.0,-161.875
1569248,284.375,210.0,-161.875
1569259,901.25,214.375,-192.5
1569259,901.25,214.375,-192.5
1569269,918.75,354.375,-218.75
1569269,918.75,354.375,-218.75
1569279,818.125,-39.375,-205.625
1569279,818.125,-39.375,-205.625
1569289,831.25,-822.5,-17.5
1569289,831.25,-822.5,-17.5
1569300,376.25,656.25,-1220.625
1569300,376.25,656.25,-1220.625
1569310,1916.25,-196.875,-266.875
1569310,1916.25,-196.875,-266.875
1569321,980.0,-310.625,0.0
1569321,980.0,-310.625,0.0
1569331,997.5,-778.75,61.25
1569331,997.5,-778.75,61.25
1569341,1032.5,-1155.0,43.75
1569341,1032.5,-1155.0,43.75
1569352,1032.5,-1255.625,17.5
1569352,1032.5,-1255.625,17.5
1569362,765.625,-1316.875,280.0
1569362,765.625,-1316.875,280.0
1569372,459.375,-1373.75,310.625
1569372,459.375,-1373.75,310.625
1569382,205.625,-1203.125,345.625
1569382,205.625,-1203.125,345.625
1569393,131.25,-1128.75,468.125
1569393,131.25,-1128.75,468.125
1569403,126.875,-1036.875,315.0
1569403,126.875,-1036.875,315.0
1569413,328.125,-1080.625,389.375
1569413,328.125,-1080.625,389.375
1569424,468.125,-1159.375,459.375
1569424,468.125,-1159.375,459.375
1569434,393.75,-1124.375,494.375
1569434,393.75,-1124.375,494.375
1569444,717.5,-1216.25,608.125
1569444,717.5,-1216.25,608.125
1569455,962.5,-1176.875,656.25
1569455,962.5,-1176.875,656.25
1569465,756.875,-1229.375,678.125
1569465,756.875,-1229.375,678.125
1569475,-140.0,-1404.375,726.25
1569475,-140.0,-1404.375,726.25
1569485,-293.125,-1929.375,770.0
1569485,-293.125,-1929.375,770.0
1569496,-284.375,-2358.125,643.125
1569496,-284.375,-2358.125,643.125
1569506,-455.0,-3123.75,420.0
1569506,-455.0,-3123.75,420.0
1569517,332.5,-3110.625,393.75
1569517,332.5,-3110.625,393.75
1569527,1920.625,-1793.75,406.875
1569527,1920.625,-1793.75,406.875
1569537,1863.75,-1347.5,175.0
1569537,1863.75,-1347.5,175.0
1569548,546.875,-1903.125,214.375
1569548,546.875,-1903.125,214.375
1569557,-476.875,-2200.625,503.125
1569557,-476.875,-2200.625,503.125
1569568,-1133.125,-2213.75,713.125
1569568,-1133.125,-2213.75,713.125
1569578,-1211.875,-2721.25,643.125
1569578,-1211.875,-2721.25,643.125
1569589,-660.625,-3552.5,660.625
1569589,-660.625,-3552.5,660.625
1569599,-245.0,-3587.5,748.125
1569599,-245.0,-3587.5,748.125
1569609,-288.75,-3049.375,761.25
1569609,-288.75,-3049.375,761.25
1569619,-428.75,-2642.5,538.125
1569619,-428.75,-2642.5,538.125
1569630,48.125,-2314.375,393.75
1569630,48.125,-2314.375,393.75
1569640,813.75,-1846.25,315.0
1569640,813.75,-1846.25,315.0
1569651,1334.375,-1487.5,376.25
1569651,1334.375,-1487.5,376.25
1569661,1452.5,-1601.25,428.75
1569661,1452.5,-1601.25,428.75
1569672,1426.25,-2388.75,472.5
1569672,1426.25,-2388.75,472.5
1569682,1351.875,-3158.75,704.375
1569682,1351.875,-3158.75,704.375
1569692,1058.75,-3500.0,726.25
1569692,1058.75,-3500.0,726.25
1569702,809.375,-3889.375,695.625
1569702,809.375,-3889.375,695.625
1569713,376.25,-4213.125,783.125
1569713,376.25,-4213.125,783.125
1569723,-310.625,-4414.375,883.75
1569723,-310.625,-4414.375,883.75
1569733,-826.875,-4445.0,910.0
1569733,-826.875,-4445.0,910.0
