1555929,-4.375,-13.125,48.125
1555929,-4.375,-13.125,48.125
1555939,4.375,-4.375,61.25
1555939,4.375,-4.375,61.25
1556090,-48.125,17.5,26.25
1556090,-48.125,17.5,26.25
1556100,-48.125,8.75,8.75
1556100,-48.125,8.75,8.75
1556252,-35.0,-17.5,-48.125
1556252,-35.0,-17.5,-48.125
1556262,-21.875,-13.125,-39.375
1556262,-21.875,-13.125,-39.375
1556413,61.25,-30.625,-48.125
1556413,61.25,-30.625,-48.125
1556423,78.75,-35.0,-43.75
1556423,78.75,-35.0,-43.75
1556575,166.25,-17.5,39.375
1556575,166.25,-17.5,39.375
1556585,148.75,-8.75,0.0
1556585,148.75,-8.75,0.0
1556736,1483.125,240.625,2152.5
1556736,1483.125,240.625,2152.5
1556746,691.25,721.875,2865.625
1556746,691.25,721.875,2865.625
1556898,-9883.125,3473.75,4326.875
1556898,-9883.125,3473.75,4326.875
1556908,-13960.625,5013.75,6212.5
1556908,-13960.625,5013.75,6212.5
1557059,-10158.75,2196.25,-10198.125
1557059,-10158.75,2196.25,-10198.125
1557069,-10198.125,1478.75,-10049.375
1557069,-10198.125,1478.75,-10049.375
1557221,-5035.625,-4869.375,-2992.5
1557221,-5035.625,-4869.375,-2992.5
1557231,-4296.25,-3823.75,-3062.5
1557231,-4296.25,-3823.75,-3062.5
1557382,31088.75,22478.75,11917.5
1557382,31088.75,22478.75,11917.5
1557392,30922.5,23117.5,14708.75
1557392,30922.5,23117.5,14708.75
1557544,-27588.75,-14192.5,-19416.25
1557544,-27588.75,-14192.5,-19416.25
1557554,-26919.375,-14218.75,-17460.625
1557554,-26919.375,-14218.75,-17460.625
1557705,16065.0,10710.0,-2480.625
1557705,16065.0,10710.0,-2480.625
1557715,12490.625,5993.75,-4007.5
1557715,12490.625,5993.75,-4007.5
1557866,-1413.125,1299.375,2576.875
1557866,-1413.125,1299.375,2576.875
1557877,-1098.125,1824.375,2773.75
1557877,-1098.125,1824.375,2773.75
1558018,826.875,-896.875,-1067.5
1558018,826.875,-896.875,-1067.5
1558027,485.625,-883.75,-866.25
1558027,485.625,-883.75,-866.25
1558038,341.25,-756.875,-752.5
1558038,341.25,-756.875,-752.5
1558119,-122.5,74.375,-166.25
1558119,-122.5,74.375,-166.25
1558129,-201.25,258.125,-175.0
1558129,-201.25,258.125,-175.0
1558442,380.625,-170.625,-175.0
1558442,380.625,-170.625,-175.0
1558452,231.875,-113.75,-109.375
1558452,231.875,-113.75,-109.375
1558765,205.625,83.125,-61.25
1558765,205.625,83.125,-61.25
1558775,122.5,91.875,-91.875
1558775,122.5,91.875,-91.875
1559007,188.125,-52.5,-205.625
1559007,188.125,-52.5,-205.625
1559017,157.5,-39.375,-113.75
1559017,157.5,-39.375,-113.75
