1583408,23.4375,546.875,828.125,-31.25,-789.0625,656.25,242.1875,-960.9375,234.375,546.875,-828.125,23.4375,593.75,-742.1875,296.875
1583408,23.4375,546.875,828.125,-31.25,-789.0625,656.25,242.1875,-960.9375,234.375,546.875,-828.125,23.4375,593.75,-742.1875,296.875
1583416,31.25,562.5,828.125,-23.4375,-789.0625,648.4375,234.375,-960.9375,242.1875,539.0625,-828.125,31.25,601.5625,-742.1875,289.0625
1583416,31.25,562.5,828.125,-23.4375,-789.0625,648.4375,234.375,-960.9375,242.1875,539.0625,-828.125,31.25,601.5625,-742.1875,289.0625
1583416,23.4375,554.6875,835.9375,-31.25,-789.0625,656.25,234.375,-953.125,234.375,546.875,-835.9375,31.25,593.75,-742.1875,296.875
1583416,23.4375,554.6875,835.9375,-31.25,-789.0625,656.25,234.375,-953.125,234.375,546.875,-835.9375,31.25,593.75,-742.1875,296.875
1583424,31.25,546.875,828.125,-31.25,-781.25,656.25,242.1875,-960.9375,242.1875,546.875,-828.125,31.25,593.75,-742.1875,304.6875
1583424,31.25,546.875,828.125,-31.25,-781.25,656.25,242.1875,-960.9375,242.1875,546.875,-828.125,31.25,593.75,-742.1875,304.6875
1583489,23.4375,554.6875,835.9375,-23.4375,-781.25,656.25,242.1875,-953.125,234.375,539.0625,-835.9375,39.0625,593.75,-742.1875,289.0625
1583489,23.4375,554.6875,835.9375,-23.4375,-781.25,656.25,242.1875,-953.125,234.375,539.0625,-835.9375,39.0625,593.75,-742.1875,289.0625
1583496,23.4375,554.6875,828.125,-23.4375,-781.25,656.25,234.375,-960.9375,242.1875,539.0625,-828.125,31.25,593.75,-742.1875,304.6875
1583496,23.4375,554.6875,828.125,-23.4375,-781.25,656.25,234.375,-960.9375,242.1875,539.0625,-828.125,31.25,593.75,-742.1875,304.6875
1583497,23.4375,546.875,828.125,-23.4375,-789.0625,664.0625,250.0,-960.9375,234.375,546.875,-835.9375,39.0625,593.75,-742.1875,296.875
1583497,23.4375,546.875,828.125,-23.4375,-789.0625,664.0625,250.0,-960.9375,234.375,546.875,-835.9375,39.0625,593.75,-742.1875,296.875
1583505,31.25,546.875,835.9375,-23.4375,-789.0625,656.25,234.375,-953.125,226.5625,546.875,-828.125,23.4375,601.5625,-742.1875,289.0625
1583505,31.25,546.875,835.9375,-23.4375,-789.0625,656.25,234.375,-953.125,226.5625,546.875,-828.125,23.4375,601.5625,-742.1875,289.0625
1583650,39.0625,570.3125,835.9375,-23.4375,-781.25,664.0625,250.0,-960.9375,226.5625,539.0625,-843.75,31.25,601.5625,-757.8125,296.875
1583650,39.0625,570.3125,835.9375,-23.4375,-781.25,664.0625,250.0,-960.9375,226.5625,539.0625,-843.75,31.25,601.5625,-757.8125,296.875
1583658,62.5,539.0625,828.125,-23.4375,-789.0625,648.4375,242.1875,-968.75,234.375,546.875,-843.75,31.25,601.5625,-750.0,304.6875
1583658,62.5,539.0625,828.125,-23.4375,-789.0625,648.4375,242.1875,-968.75,234.375,546.875,-843.75,31.25,601.5625,-750.0,304.6875
1583658,23.4375,554.6875,835.9375,-23.4375,-789.0625,656.25,234.375,-968.75,234.375,554.6875,-835.9375,31.25,601.5625,-757.8125,304.6875
1583658,23.4375,554.6875,835.9375,-23.4375,-789.0625,656.25,234.375,-968.75,234.375,554.6875,-835.9375,31.25,601.5625,-757.8125,304.6875
1583666,15.625,546.875,828.125,-31.25,-796.875,648.4375,242.1875,-968.75,234.375,546.875,-835.9375,31.25,593.75,-757.8125,296.875
1583666,15.625,546.875,828.125,-31.25,-796.875,648.4375,242.1875,-968.75,234.375,546.875,-835.9375,31.25,593.75,-757.8125,296.875
1583690,31.25,554.6875,835.9375,-31.25,-796.875,656.25,242.1875,-960.9375,234.375,546.875,-843.75,31.25,601.5625,-750.0,289.0625
1583690,31.25,554.6875,835.9375,-31.25,-796.875,656.25,242.1875,-960.9375,234.375,546.875,-843.75,31.25,601.5625,-750.0,289.0625
1583698,23.4375,554.6875,835.9375,-23.4375,-789.0625,656.25,250.0,-960.9375,226.5625,546.875,-828.125,39.0625,585.9375,-757.8125,296.875
1583698,23.4375,554.6875,835.9375,-23.4375,-789.0625,656.25,250.0,-960.9375,226.5625,546.875,-828.125,39.0625,585.9375,-757.8125,296.875
1583698,31.25,554.6875,828.125,-23.4375,-789.0625,656.25,250.0,-953.125,234.375,546.875,-835.9375,31.25,593.75,-742.1875,296.875
1583698,31.25,554.6875,828.125,-23.4375,-789.0625,656.25,250.0,-953.125,234.375,546.875,-835.9375,31.25,593.75,-742.1875,296.875
1583706,31.25,554.6875,835.9375,-23.4375,-789.0625,656.25,242.1875,-953.125,234.375,554.6875,-828.125,31.25,609.375,-742.1875,296.875
1583706,31.25,554.6875,835.9375,-23.4375,-789.0625,656.25,242.1875,-953.125,234.375,554.6875,-828.125,31.25,609.375,-742.1875,296.875
1583844,31.25,562.5,828.125,-23.4375,-781.25,656.25,250.0,-953.125,234.375,554.6875,-828.125,39.0625,593.75,-750.0,289.0625
1583844,31.25,562.5,828.125,-23.4375,-781.25,656.25,250.0,-953.125,234.375,554.6875,-828.125,39.0625,593.75,-750.0,289.0625
1583851,31.25,562.5,828.125,-23.4375,-796.875,656.25,234.375,-953.125,234.375,546.875,-828.125,31.25,601.5625,-757.8125,296.875
1583851,31.25,562.5,828.125,-23.4375,-796.875,656.25,234.375,-953.125,234.375,546.875,-828.125,31.25,601.5625,-757.8125,296.875
1583859,31.25,562.5,820.3125,-23.4375,-781.25,656.25,242.1875,-968.75,234.375,546.875,-843.75,39.0625,593.75,-750.0,304.6875
1583859,31.25,562.5,820.3125,-23.4375,-781.25,656.25,242.1875,-968.75,234.375,546.875,-843.75,39.0625,593.75,-750.0,304.6875
1583859,31.25,562.5,835.9375,-23.4375,-789.0625,656.25,242.1875,-953.125,234.375,554.6875,-843.75,39.0625,593.75,-742.1875,304.6875
1583859,31.25,562.5,835.9375,-23.4375,-789.0625,656.25,242.1875,-953.125,234.375,554.6875,-843.75,39.0625,593.75,-742.1875,304.6875
1584005,39.0625,546.875,835.9375,-23.4375,-781.25,656.25,234.375,-960.9375,234.375,539.0625,-835.9375,39.0625,593.75,-750.0,296.875
1584005,39.0625,546.875,835.9375,-23.4375,-781.25,656.25,234.375,-960.9375,234.375,539.0625,-835.9375,39.0625,593.75,-750.0,296.875
1584012,23.4375,554.6875,828.125,-31.25,-781.25,656.25,242.1875,-960.9375,234.375,546.875,-835.9375,23.4375,601.5625,-757.8125,296.875
1584012,23.4375,554.6875,828.125,-31.25,-781.25,656.25,242.1875,-960.9375,234.375,546.875,-835.9375,23.4375,601.5625,-757.8125,296.875
1584020,23.4375,546.875,828.125,-23.4375,-789.0625,656.25,242.1875,-953.125,234.375,546.875,-828.125,31.25,609.375,-742.1875,296.875
1584020,23.4375,546.875,828.125,-23.4375,-789.0625,656.25,242.1875,-953.125,234.375,546.875,-828.125,31.25,609.375,-742.1875,296.875
1584021,31.25,554.6875,835.9375,-15.625,-789.0625,656.25,234.375,-953.125,234.375,546.875,-835.9375,23.4375,601.5625,-757.8125,296.875
1584021,31.25,554.6875,835.9375,-15.625,-789.0625,656.25,234.375,-953.125,234.375,546.875,-835.9375,23.4375,601.5625,-757.8125,296.875
1584166,31.25,546.875,835.9375,-31.25,-789.0625,664.0625,242.1875,-960.9375,234.375,539.0625,-835.9375,31.25,593.75,-750.0,304.6875
1584166,31.25,546.875,835.9375,-31.25,-789.0625,664.0625,242.1875,-960.9375,234.375,539.0625,-835.9375,31.25,593.75,-750.0,304.6875
1584174,31.25,562.5,828.125,-23.4375,-781.25,656.25,242.1875,-960.9375,242.1875,546.875,-835.9375,23.4375,593.75,-742.1875,304.6875
1584174,31.25,562.5,828.125,-23.4375,-781.25,656.25,242.1875,-960.9375,242.1875,546.875,-835.9375,23.4375,593.75,-742.1875,304.6875
1584182,39.0625,562.5,828.125,-15.625,-781.25,664.0625,242.1875,-953.125,234.375,554.6875,-828.125,39.0625,601.5625,-742.1875,296.875
1584182,39.0625,562.5,828.125,-15.625,-781.25,664.0625,242.1875,-953.125,234.375,554.6875,-828.125,39.0625,601.5625,-742.1875,296.875
1584182,23.4375,554.6875,835.9375,-31.25,-789.0625,656.25,250.0,-953.125,234.375,539.0625,-835.9375,31.25,593.75,-742.1875,304.6875
1584182,23.4375,554.6875,835.9375,-31.25,-789.0625,656.25,250.0,-953.125,234.375,539.0625,-835.9375,31.25,593.75,-742.1875,304.6875
1584327,31.25,539.0625,835.9375,-23.4375,-796.875,656.25,242.1875,-953.125,226.5625,554.6875,-835.9375,31.25,601.5625,-750.0,296.875
1584327,31.25,539.0625,835.9375,-23.4375,-796.875,656.25,242.1875,-953.125,226.5625,554.6875,-835.9375,31.25,601.5625,-750.0,296.875
1584335,23.4375,546.875,835.9375,-31.25,-789.0625,648.4375,242.1875,-960.9375,226.5625,554.6875,-835.9375,31.25,601.5625,-750.0,304.6875
1584335,23.4375,546.875,835.9375,-31.25,-789.0625,648.4375,242.1875,-960.9375,226.5625,554.6875,-835.9375,31.25,601.5625,-750.0,304.6875
1584343,31.25,546.875,820.3125,-23.4375,-796.875,648.4375,234.375,-968.75,234.375,554.6875,-843.75,23.4375,593.75,-742.1875,304.6875
1584343,31.25,546.875,820.3125,-23.4375,-796.875,648.4375,234.375,-968.75,234.375,554.6875,-843.75,23.4375,593.75,-742.1875,304.6875
1584343,31.25,546.875,835.9375,-23.4375,-789.0625,648.4375,234.375,-960.9375,242.1875,546.875,-835.9375,23.4375,593.75,-750.0,296.875
1584343,31.25,546.875,835.9375,-23.4375,-789.0625,648.4375,234.375,-960.9375,242.1875,546.875,-835.9375,23.4375,593.75,-750.0,296.875
1584488,23.4375,546.875,828.125,-23.4375,-796.875,648.4375,250.0,-960.9375,234.375,546.875,-820.3125,23.4375,601.5625,-750.0,296.875
1584488,23.4375,546.875,828.125,-23.4375,-796.875,648.4375,250.0,-960.9375,234.375,546.875,-820.3125,23.4375,601.5625,-750.0,296.875
1584497,23.4375,546.875,843.75,-31.25,-789.0625,656.25,250.0,-960.9375,226.5625,546.875,-835.9375,23.4375,601.5625,-742.1875,304.6875
1584497,23.4375,546.875,843.75,-31.25,-789.0625,656.25,250.0,-960.9375,226.5625,546.875,-835.9375,23.4375,601.5625,-742.1875,304.6875
1584505,31.25,546.875,835.9375,-23.4375,-789.0625,640.625,234.375,-960.9375,226.5625,546.875,-835.9375,23.4375,601.5625,-750.0,296.875
1584505,31.25,546.875,835.9375,-23.4375,-789.0625,640.625,234.375,-960.9375,226.5625,546.875,-835.9375,23.4375,601.5625,-750.0,296.875
1584505,15.625,539.0625,843.75,-31.25,-796.875,648.4375,234.375,-960.9375,226.5625,546.875,-843.75,23.4375,601.5625,-750.0,304.6875
1584505,15.625,539.0625,843.75,-31.25,-796.875,648.4375,234.375,-960.9375,226.5625,546.875,-843.75,23.4375,601.5625,-750.0,304.6875
1584553,23.4375,554.6875,835.9375,-23.4375,-789.0625,648.4375,242.1875,-960.9375,234.375,546.875,-828.125,23.4375,601.5625,-750.0,289.0625
1584553,23.4375,554.6875,835.9375,-23.4375,-789.0625,648.4375,242.1875,-960.9375,234.375,546.875,-828.125,23.4375,601.5625,-750.0,289.0625
1584553,31.25,546.875,828.125,-23.4375,-789.0625,656.25,250.0,-960.9375,234.375,546.875,-828.125,31.25,593.75,-750.0,296.875
1584553,31.25,546.875,828.125,-23.4375,-789.0625,656.25,250.0,-960.9375,234.375,546.875,-828.125,31.25,593.75,-750.0,296.875
1584561,23.4375,546.875,835.9375,-31.25,-789.0625,656.25,250.0,-953.125,226.5625,554.6875,-843.75,31.25,601.5625,-750.0,289.0625
1584561,23.4375,546.875,835.9375,-31.25,-789.0625,656.25,250.0,-953.125,226.5625,554.6875,-843.75,31.25,601.5625,-750.0,289.0625
1584568,31.25,554.6875,835.9375,-23.4375,-789.0625,656.25,242.1875,-960.9375,226.5625,546.875,-828.125,23.4375,593.75,-750.0,289.0625
1584568,31.25,554.6875,835.9375,-23.4375,-789.0625,656.25,242.1875,-960.9375,226.5625,546.875,-828.125,23.4375,593.75,-750.0,289.0625
1584714,23.4375,546.875,835.9375,-31.25,-796.875,656.25,242.1875,-953.125,234.375,546.875,-835.9375,15.625,585.9375,-750.0,304.6875
1584714,23.4375,546.875,835.9375,-31.25,-796.875,656.25,242.1875,-953.125,234.375,546.875,-835.9375,15.625,585.9375,-750.0,304.6875
1584714,31.25,546.875,835.9375,-23.4375,-789.0625,656.25,250.0,-968.75,234.375,539.0625,-828.125,31.25,593.75,-750.0,304.6875
1584714,31.25,546.875,835.9375,-23.4375,-789.0625,656.25,250.0,-968.75,234.375,539.0625,-828.125,31.25,593.75,-750.0,304.6875
1584722,23.4375,546.875,835.9375,-23.4375,-789.0625,640.625,234.375,-953.125,226.5625,554.6875,-835.9375,31.25,593.75,-750.0,296.875
1584722,23.4375,546.875,835.9375,-23.4375,-789.0625,640.625,234.375,-953.125,226.5625,554.6875,-835.9375,31.25,593.75,-750.0,296.875
1584730,31.25,546.875,835.9375,-23.4375,-796.875,648.4375,234.375,-960.9375,226.5625,546.875,-835.9375,23.4375,593.75,-742.1875,304.6875
1584730,31.25,546.875,835.9375,-23.4375,-796.875,648.4375,234.375,-960.9375,226.5625,546.875,-835.9375,23.4375,593.75,-742.1875,304.6875
1584875,31.25,546.875,843.75,-31.25,-796.875,664.0625,242.1875,-968.75,234.375,554.6875,-835.9375,23.4375,601.5625,-750.0,296.875
1584875,31.25,546.875,843.75,-31.25,-796.875,664.0625,242.1875,-968.75,234.375,554.6875,-835.9375,23.4375,601.5625,-750.0,296.875
1584876,23.4375,554.6875,835.9375,-23.4375,-796.875,648.4375,257.8125,-968.75,226.5625,562.5,-835.9375,23.4375,601.5625,-750.0,296.875
1584876,23.4375,554.6875,835.9375,-23.4375,-796.875,648.4375,257.8125,-968.75,226.5625,562.5,-835.9375,23.4375,601.5625,-750.0,296.875
1584883,31.25,539.0625,828.125,-23.4375,-796.875,648.4375,250.0,-960.9375,226.5625,562.5,-835.9375,23.4375,601.5625,-750.0,296.875
1584883,31.25,539.0625,828.125,-23.4375,-796.875,648.4375,250.0,-960.9375,226.5625,562.5,-835.9375,23.4375,601.5625,-750.0,296.875
1584891,39.0625,546.875,843.75,-23.4375,-804.6875,648.4375,257.8125,-960.9375,242.1875,562.5,-835.9375,23.4375,601.5625,-750.0,304.6875
1584891,39.0625,546.875,843.75,-23.4375,-804.6875,648.4375,257.8125,-960.9375,242.1875,562.5,-835.9375,23.4375,601.5625,-750.0,304.6875
1585037,85.9375,710.9375,937.5,132.8125,-890.625,1101.5625,296.875,-1328.125,453.125,890.625,-1164.0625,250.0,796.875,-1132.8125,492.1875
1585037,85.9375,710.9375,937.5,132.8125,-890.625,1101.5625,296.875,-1328.125,453.125,890.625,-1164.0625,250.0,796.875,-1132.8125,492.1875
1585037,70.3125,750.0,921.875,101.5625,-914.0625,1039.0625,562.5,-1429.6875,554.6875,851.5625,-1015.625,382.8125,828.125,-1109.375,546.875
1585037,70.3125,750.0,921.875,101.5625,-914.0625,1039.0625,562.5,-1429.6875,554.6875,851.5625,-1015.625,382.8125,828.125,-1109.375,546.875
1585045,54.6875,820.3125,906.25,39.0625,-945.3125,960.9375,476.5625,-1328.125,890.625,796.875,-867.1875,406.25,757.8125,-937.5,500.0
1585045,54.6875,820.3125,906.25,39.0625,-945.3125,960.9375,476.5625,-1328.125,890.625,796.875,-867.1875,406.25,757.8125,-937.5,500.0
1585052,62.5,984.375,906.25,250.0,-953.125,1132.8125,656.25,-1375.0,781.25,875.0,-953.125,351.5625,796.875,-937.5,429.6875
1585052,62.5,984.375,906.25,250.0,-953.125,1132.8125,656.25,-1375.0,781.25,875.0,-953.125,351.5625,796.875,-937.5,429.6875
1585198,93.75,1125.0,1109.375,109.375,-1460.9375,1046.875,320.3125,-1609.375,453.125,687.5,-1500.0,-179.6875,679.6875,-1585.9375,210.9375
1585198,93.75,1125.0,1109.375,109.375,-1460.9375,1046.875,320.3125,-1609.375,453.125,687.5,-1500.0,-179.6875,679.6875,-1585.9375,210.9375
1585198,101.5625,1109.375,1140.625,78.125,-1484.375,984.375,281.25,-1593.75,382.8125,640.625,-1484.375,-210.9375,625.0,-1585.9375,171.875
1585198,101.5625,1109.375,1140.625,78.125,-1484.375,984.375,281.25,-1593.75,382.8125,640.625,-1484.375,-210.9375,625.0,-1585.9375,171.875
1585206,85.9375,1085.9375,1148.4375,31.25,-1468.75,921.875,250.0,-1609.375,328.125,562.5,-1484.375,-257.8125,585.9375,-1554.6875,117.1875
1585206,85.9375,1085.9375,1148.4375,31.25,-1468.75,921.875,250.0,-1609.375,328.125,562.5,-1484.375,-257.8125,585.9375,-1554.6875,117.1875
1585214,46.875,1093.75,1148.4375,-7.8125,-1484.375,867.1875,226.5625,-1617.1875,320.3125,539.0625,-1507.8125,-281.25,554.6875,-1515.625,101.5625
1585214,46.875,1093.75,1148.4375,-7.8125,-1484.375,867.1875,226.5625,-1617.1875,320.3125,539.0625,-1507.8125,-281.25,554.6875,-1515.625,101.5625
1585359,-234.375,468.75,554.6875,-226.5625,-734.375,125.0,-171.875,-718.75,-226.5625,-304.6875,-640.625,-492.1875,-218.75,-718.75,-367.1875
1585359,-234.375,468.75,554.6875,-226.5625,-734.375,125.0,-171.875,-718.75,-226.5625,-304.6875,-640.625,-492.1875,-218.75,-718.75,-367.1875
1585359,-203.125,398.4375,539.0625,-250.0,-679.6875,85.9375,-218.75,-671.875,-203.125,-242.1875,-578.125,-437.5,-218.75,-679.6875,-335.9375
1585359,-203.125,398.4375,539.0625,-250.0,-679.6875,85.9375,-218.75,-671.875,-203.125,-242.1875,-578.125,-437.5,-218.75,-679.6875,-335.9375
1585367,-187.5,312.5,546.875,-257.8125,-648.4375,39.0625,-210.9375,-617.1875,-210.9375,-156.25,-468.75,-382.8125,-195.3125,-632.8125,-296.875
1585367,-187.5,312.5,546.875,-257.8125,-648.4375,39.0625,-210.9375,-617.1875,-210.9375,-156.25,-468.75,-382.8125,-195.3125,-632.8125,-296.875
1585375,-164.0625,250.0,523.4375,-281.25,-617.1875,0.0,-218.75,-554.6875,-218.75,-281.25,-609.375,-429.6875,-171.875,-593.75,-210.9375
1585375,-164.0625,250.0,523.4375,-281.25,-617.1875,0.0,-218.75,-554.6875,-218.75,-281.25,-609.375,-429.6875,-171.875,-593.75,-210.9375
1585520,109.375,-1320.3125,-1929.6875,648.4375,2640.625,-820.3125,546.875,2914.0625,320.3125,476.5625,2664.0625,773.4375,789.0625,2507.8125,46.875
1585520,109.375,-1320.3125,-1929.6875,648.4375,2640.625,-820.3125,546.875,2914.0625,320.3125,476.5625,2664.0625,773.4375,789.0625,2507.8125,46.875
1585520,164.0625,-1312.5,-1914.0625,710.9375,2625.0,-812.5,562.5,2953.125,273.4375,437.5,2671.875,750.0,703.125,2570.3125,-39.0625
1585520,164.0625,-1312.5,-1914.0625,710.9375,2625.0,-812.5,562.5,2953.125,273.4375,437.5,2671.875,750.0,703.125,2570.3125,-39.0625
1585528,281.25,-1296.875,-1859.375,773.4375,2562.5,-812.5,515.625,2882.8125,210.9375,375.0,2726.5625,687.5,601.5625,2585.9375,-179.6875
1585528,281.25,-1296.875,-1859.375,773.4375,2562.5,-812.5,515.625,2882.8125,210.9375,375.0,2726.5625,687.5,601.5625,2585.9375,-179.6875
1585536,375.0,-1257.8125,-1765.625,835.9375,2460.9375,-851.5625,492.1875,2828.125,101.5625,281.25,2757.8125,570.3125,484.375,2578.125,-312.5
1585536,375.0,-1257.8125,-1765.625,835.9375,2460.9375,-851.5625,492.1875,2828.125,101.5625,281.25,2757.8125,570.3125,484.375,2578.125,-312.5
1585681,-210.9375,2984.375,3992.1875,-875.0,-3992.1875,1703.125,-226.5625,-3992.1875,-1726.5625,-195.3125,-3992.1875,-3062.5,-554.6875,-3992.1875,-1046.875
1585681,-210.9375,2984.375,3992.1875,-875.0,-3992.1875,1703.125,-226.5625,-3992.1875,-1726.5625,-195.3125,-3992.1875,-3062.5,-554.6875,-3992.1875,-1046.875
1585682,-132.8125,2945.3125,3992.1875,-695.3125,-3992.1875,1773.4375,7.8125,-3992.1875,-1539.0625,39.0625,-3992.1875,-2867.1875,-320.3125,-3992.1875,-1054.6875
1585682,-132.8125,2945.3125,3992.1875,-695.3125,-3992.1875,1773.4375,7.8125,-3992.1875,-1539.0625,39.0625,-3992.1875,-2867.1875,-320.3125,-3992.1875,-1054.6875
1585690,-70.3125,2851.5625,3773.4375,-421.875,-3992.1875,1781.25,265.625,-3992.1875,-1312.5,257.8125,-3992.1875,-2640.625,-132.8125,-3992.1875,-992.1875
1585690,-70.3125,2851.5625,3773.4375,-421.875,-3992.1875,1781.25,265.625,-3992.1875,-1312.5,257.8125,-3992.1875,-2640.625,-132.8125,-3992.1875,-992.1875
1585698,-15.625,2789.0625,3312.5,-250.0,-3992.1875,1781.25,421.875,-3992.1875,-1156.25,367.1875,-3992.1875,-2437.5,-54.6875,-3992.1875,-1000.0
1585698,-15.625,2789.0625,3312.5,-250.0,-3992.1875,1781.25,421.875,-3992.1875,-1156.25,367.1875,-3992.1875,-2437.5,-54.6875,-3992.1875,-1000.0
1585843,570.3125,-671.875,-1585.9375,1203.125,2437.5,-632.8125,546.875,2617.1875,-101.5625,15.625,2460.9375,328.125,-15.625,2218.75,-460.9375
1585843,570.3125,-671.875,-1585.9375,1203.125,2437.5,-632.8125,546.875,2617.1875,-101.5625,15.625,2460.9375,328.125,-15.625,2218.75,-460.9375
1585843,570.3125,-429.6875,-1429.6875,1250.0,2125.0,-390.625,710.9375,2250.0,-85.9375,148.4375,2156.25,234.375,62.5,1875.0,-468.75
1585843,570.3125,-429.6875,-1429.6875,1250.0,2125.0,-390.625,710.9375,2250.0,-85.9375,148.4375,2156.25,234.375,62.5,1875.0,-468.75
1585851,500.0,-335.9375,-1218.75,1289.0625,1742.1875,-226.5625,781.25,1851.5625,-93.75,250.0,1773.4375,78.125,210.9375,1476.5625,-523.4375
1585851,500.0,-335.9375,-1218.75,1289.0625,1742.1875,-226.5625,781.25,1851.5625,-93.75,250.0,1773.4375,78.125,210.9375,1476.5625,-523.4375
1585859,445.3125,-265.625,-945.3125,1179.6875,1226.5625,-101.5625,804.6875,1367.1875,-164.0625,375.0,1343.75,-117.1875,312.5,1000.0,-578.125
1585859,445.3125,-265.625,-945.3125,1179.6875,1226.5625,-101.5625,804.6875,1367.1875,-164.0625,375.0,1343.75,-117.1875,312.5,1000.0,-578.125
1586004,-242.1875,1109.375,1335.9375,-195.3125,-1703.125,585.9375,125.0,-1695.3125,-492.1875,23.4375,-1421.875,-1031.25,-171.875,-1593.75,-664.0625
1586004,-242.1875,1109.375,1335.9375,-195.3125,-1703.125,585.9375,125.0,-1695.3125,-492.1875,23.4375,-1421.875,-1031.25,-171.875,-1593.75,-664.0625
1586005,-179.6875,1109.375,1070.3125,-132.8125,-1406.25,632.8125,171.875,-1453.125,-382.8125,54.6875,-1234.375,-906.25,-125.0,-1390.625,-578.125
1586005,-179.6875,1109.375,1070.3125,-132.8125,-1406.25,632.8125,171.875,-1453.125,-382.8125,54.6875,-1234.375,-906.25,-125.0,-1390.625,-578.125
1586012,-257.8125,1007.8125,835.9375,-93.75,-1140.625,625.0,218.75,-1257.8125,-265.625,125.0,-1039.0625,-734.375,-7.8125,-1164.0625,-484.375
1586012,-257.8125,1007.8125,835.9375,-93.75,-1140.625,625.0,218.75,-1257.8125,-265.625,125.0,-1039.0625,-734.375,-7.8125,-1164.0625,-484.375
1586020,-296.875,851.5625,664.0625,-93.75,-937.5,570.3125,234.375,-1046.875,-148.4375,226.5625,-882.8125,-585.9375,101.5625,-1015.625,-390.625
1586020,-296.875,851.5625,664.0625,-93.75,-937.5,570.3125,234.375,-1046.875,-148.4375,226.5625,-882.8125,-585.9375,101.5625,-1015.625,-390.625
1586165,-226.5625,539.0625,960.9375,-273.4375,-1140.625,117.1875,-210.9375,-1078.125,-460.9375,-312.5,-914.0625,-664.0625,-429.6875,-1015.625,-398.4375
1586165,-226.5625,539.0625,960.9375,-273.4375,-1140.625,117.1875,-210.9375,-1078.125,-460.9375,-312.5,-914.0625,-664.0625,-429.6875,-1015.625,-398.4375
1586165,-210.9375,539.0625,976.5625,-281.25,-1132.8125,93.75,-234.375,-1062.5,-468.75,-335.9375,-898.4375,-671.875,-445.3125,-992.1875,-406.25
1586165,-210.9375,539.0625,976.5625,-281.25,-1132.8125,93.75,-234.375,-1062.5,-468.75,-335.9375,-898.4375,-671.875,-445.3125,-992.1875,-406.25
1586173,-210.9375,562.5,968.75,-273.4375,-1117.1875,93.75,-226.5625,-1046.875,-484.375,-320.3125,-882.8125,-687.5,-437.5,-976.5625,-437.5
1586173,-210.9375,562.5,968.75,-273.4375,-1117.1875,93.75,-226.5625,-1046.875,-484.375,-320.3125,-882.8125,-687.5,-437.5,-976.5625,-437.5
1586181,-242.1875,562.5,976.5625,-250.0,-1125.0,101.5625,-203.125,-1039.0625,-484.375,-328.125,-875.0,-679.6875,-445.3125,-976.5625,-445.3125
1586181,-242.1875,562.5,976.5625,-250.0,-1125.0,101.5625,-203.125,-1039.0625,-484.375,-328.125,-875.0,-679.6875,-445.3125,-976.5625,-445.3125
1586327,-351.5625,500.0,867.1875,-312.5,-1078.125,164.0625,-148.4375,-1046.875,-343.75,-156.25,-898.4375,-585.9375,-257.8125,-984.375,-359.375
1586327,-351.5625,500.0,867.1875,-312.5,-1078.125,164.0625,-148.4375,-1046.875,-343.75,-156.25,-898.4375,-585.9375,-257.8125,-984.375,-359.375
1586327,-351.5625,476.5625,859.375,-312.5,-1085.9375,164.0625,-140.625,-1046.875,-335.9375,-164.0625,-906.25,-578.125,-250.0,-984.375,-351.5625
1586327,-351.5625,476.5625,859.375,-312.5,-1085.9375,164.0625,-140.625,-1046.875,-335.9375,-164.0625,-906.25,-578.125,-250.0,-984.375,-351.5625
1586335,-351.5625,476.5625,859.375,-312.5,-1078.125,164.0625,-148.4375,-1039.0625,-351.5625,-171.875,-890.625,-585.9375,-250.0,-976.5625,-351.5625
1586335,-351.5625,476.5625,859.375,-312.5,-1078.125,164.0625,-148.4375,-1039.0625,-351.5625,-171.875,-890.625,-585.9375,-250.0,-976.5625,-351.5625
1586343,-343.75,492.1875,851.5625,-312.5,-1070.3125,156.25,-148.4375,-1015.625,-343.75,-164.0625,-882.8125,-585.9375,-265.625,-960.9375,-351.5625
1586343,-343.75,492.1875,851.5625,-312.5,-1070.3125,156.25,-148.4375,-1015.625,-343.75,-164.0625,-882.8125,-585.9375,-265.625,-960.9375,-351.5625
