1530463,1124.375,-918.75,-161.875
1530463,1124.375,-918.75,-161.875
1530474,1001.875,-1085.0,-61.25
1530474,1001.875,-1085.0,-61.25
1530484,800.625,-1330.0,-131.25
1530484,800.625,-1330.0,-131.25
1530494,682.5,-1404.375,-245.0
1530494,682.5,-1404.375,-245.0
1530505,389.375,-1299.375,-284.375
1530505,389.375,-1299.375,-284.375
1530515,406.875,-1308.125,-393.75
1530515,406.875,-1308.125,-393.75
1530526,892.5,-1176.875,-516.25
1530526,892.5,-1176.875,-516.25
1530536,1487.5,-1045.625,-756.875
1530536,1487.5,-1045.625,-756.875
1530546,1911.875,-1063.125,-914.375
1530546,1911.875,-1063.125,-914.375
1530556,1736.875,-1133.125,-861.875
1530556,1736.875,-1133.125,-861.875
1530567,1614.375,-1251.25,-770.0
1530567,1614.375,-1251.25,-770.0
1530577,1518.125,-1076.25,-612.5
1530577,1518.125,-1076.25,-612.5
1530587,1290.625,-533.75,-533.75
1530587,1290.625,-533.75,-533.75
1530598,1255.625,17.5,-568.75
1530598,1255.625,17.5,-568.75
1530608,1645.0,315.0,-678.125
1530608,1645.0,315.0,-678.125
1530618,2340.625,533.75,-910.0
1530618,2340.625,533.75,-910.0
1530629,2581.25,507.5,-1054.375
1530629,2581.25,507.5,-1054.375
1530639,2423.75,-26.25,-1203.125
1530639,2423.75,-26.25,-1203.125
1530649,2082.5,-831.25,-1001.875
1530649,2082.5,-831.25,-1001.875
1530660,1531.25,-1076.25,-791.875
1530660,1531.25,-1076.25,-791.875
1530670,1115.625,-1277.5,-910.0
1530670,1115.625,-1277.5,-910.0
1530680,1754.375,-1146.25,-1019.375
1530680,1754.375,-1146.25,-1019.375
1530690,2318.75,-161.875,-1338.75
1530690,2318.75,-161.875,-1338.75
1530701,1610.0,892.5,-1697.5
1530701,1610.0,892.5,-1697.5
1530711,1207.5,1111.25,-2296.875
1530711,1207.5,1111.25,-2296.875
1530722,1050.0,1496.25,-2996.875
1530722,1050.0,1496.25,-2996.875
1530732,201.25,2406.25,-3136.875
1530732,201.25,2406.25,-3136.875
1530742,-761.25,1203.125,-3473.75
1530742,-761.25,1203.125,-3473.75
1530753,-1920.625,2323.125,-4042.5
1530753,-1920.625,2323.125,-4042.5
1530763,-2633.75,5005.0,-3535.0
1530763,-2633.75,5005.0,-3535.0
1530773,-7061.25,4917.5,-4086.25
1530773,-7061.25,4917.5,-4086.25
1530783,-11878.125,3416.875,-2861.25
1530783,-11878.125,3416.875,-2861.25
1530794,-14599.375,2533.125,-2121.875
1530794,-14599.375,2533.125,-2121.875
1530804,-11694.375,3250.625,-2187.5
1530804,-11694.375,3250.625,-2187.5
1530814,-7411.25,262.5,-975.625
1530814,-7411.25,262.5,-975.625
1530825,-6225.625,-7437.5,1579.375
1530825,-6225.625,-7437.5,1579.375
1530835,3276.875,4991.875,6540.625
1530835,3276.875,4991.875,6540.625
1530845,-1995.0,5849.375,4011.875
1530845,-1995.0,5849.375,4011.875
1530856,5438.125,7266.875,2773.75
1530856,5438.125,7266.875,2773.75
1530866,9480.625,9520.0,-214.375
1530866,9480.625,9520.0,-214.375
1530876,8741.25,5836.25,-3145.625
1530876,8741.25,5836.25,-3145.625
1530887,8343.125,1111.25,-3622.5
1530887,8343.125,1111.25,-3622.5
1530897,6050.625,-2165.625,-3543.75
1530897,6050.625,-2165.625,-3543.75
1530907,4200.0,-1308.125,-4151.875
1530907,4200.0,-1308.125,-4151.875
1530918,3797.5,-61.25,-4624.375
1530918,3797.5,-61.25,-4624.375
1530928,3696.875,-249.375,-5534.375
1530928,3696.875,-249.375,-5534.375
1530938,3368.75,-1268.75,-6186.25
1530938,3368.75,-1268.75,-6186.25
1530949,3473.75,-2913.75,-6260.625
1530949,3473.75,-2913.75,-6260.625
1530959,3640.0,-3399.375,-5958.75
1530959,3640.0,-3399.375,-5958.75
1530969,3469.375,-2515.625,-5162.5
1530969,3469.375,-2515.625,-5162.5
1530979,2830.625,-1351.875,-4532.5
1530979,2830.625,-1351.875,-4532.5
1530990,2953.125,-100.625,-3780.0
1530990,2953.125,-100.625,-3780.0
1531000,3666.25,1211.875,-3399.375
1531000,3666.25,1211.875,-3399.375
1531010,4620.0,1190.0,-3425.625
1531010,4620.0,1190.0,-3425.625
1531021,4633.125,879.375,-3915.625
1531021,4633.125,879.375,-3915.625
1531031,5193.125,1618.75,-3635.625
1531031,5193.125,1618.75,-3635.625
1531041,4812.5,1535.625,-2769.375
1531041,4812.5,1535.625,-2769.375
1531052,3683.75,1509.375,-1605.625
1531052,3683.75,1509.375,-1605.625
1531062,2183.125,2038.75,-503.125
1531062,2183.125,2038.75,-503.125
1531073,595.0,2795.625,-376.25
1531073,595.0,2795.625,-376.25
1531083,-1238.125,3998.75,-293.125
1531083,-1238.125,3998.75,-293.125
1531093,-2441.25,5928.125,179.375
1531093,-2441.25,5928.125,179.375
1531103,-2870.0,8518.125,695.625
1531103,-2870.0,8518.125,695.625
1531114,-2870.0,10093.125,1181.25
1531114,-2870.0,10093.125,1181.25
1531124,-2410.625,9891.875,739.375
1531124,-2410.625,9891.875,739.375
1531134,-840.0,9550.625,551.25
1531134,-840.0,9550.625,551.25
1531145,459.375,8837.5,1067.5
1531145,459.375,8837.5,1067.5
1531155,1386.875,7748.125,1290.625
1531155,1386.875,7748.125,1290.625
1531165,2323.125,6663.125,1194.375
1531165,2323.125,6663.125,1194.375
1531175,2349.375,4961.25,866.25
1531175,2349.375,4961.25,866.25
1531186,2476.25,3469.375,608.125
1531186,2476.25,3469.375,608.125
1531196,2161.25,883.75,1015.0
1531196,2161.25,883.75,1015.0
1531206,1015.0,-1859.375,1697.5
1531206,1015.0,-1859.375,1697.5
1531217,-231.875,-3985.625,2371.25
1531217,-231.875,-3985.625,2371.25
1531227,-800.625,-5530.0,2817.5
1531227,-800.625,-5530.0,2817.5
1531237,-336.875,-6759.375,2835.0
1531237,-336.875,-6759.375,2835.0
1531248,-402.5,-9222.5,2730.0
1531248,-402.5,-9222.5,2730.0
1531258,-1911.875,-11208.75,1089.375
1531258,-1911.875,-11208.75,1089.375
1531269,-6216.875,-13986.875,-336.875
1531269,-6216.875,-13986.875,-336.875
1531279,-2401.875,-10478.125,-870.625
1531279,-2401.875,-10478.125,-870.625
1531289,-1190.0,-8251.25,-2450.0
1531289,-1190.0,-8251.25,-2450.0
1531299,-2318.75,-9979.375,-3535.0
1531299,-2318.75,-9979.375,-3535.0
1531310,-1750.0,-10710.0,-3845.625
1531310,-1750.0,-10710.0,-3845.625
1531320,-568.75,-9310.0,-4173.75
1531320,-568.75,-9310.0,-4173.75
1531330,1960.0,-4816.875,-4843.125
1531330,1960.0,-4816.875,-4843.125
1531341,5718.125,1268.75,-4803.75
1531341,5718.125,1268.75,-4803.75
1531351,9445.625,6628.125,-3946.25
1531351,9445.625,6628.125,-3946.25
1531360,12766.25,10631.25,-2511.25
1531360,12766.25,10631.25,-2511.25
1531372,16375.625,11878.125,-1391.25
1531372,16375.625,11878.125,-1391.25
1531382,19866.875,11716.25,-1229.375
1531382,19866.875,11716.25,-1229.375
1531392,21818.125,13378.75,398.125
1531392,21818.125,13378.75,398.125
1531402,17224.375,9209.375,-1159.375
1531402,17224.375,9209.375,-1159.375
1531413,12136.25,599.375,-1448.125
1531413,12136.25,599.375,-1448.125
1531424,10771.25,-6461.875,61.25
1531424,10771.25,-6461.875,61.25
1531433,9279.375,-15483.125,866.25
1531433,9279.375,-15483.125,866.25
1531444,8658.125,-27711.25,656.25
1531444,8658.125,-27711.25,656.25
1531454,9913.75,-34321.875,240.625
1531454,9913.75,-34321.875,240.625
1531465,6055.0,-35980.0,-122.5
1531465,6055.0,-35980.0,-122.5
1531475,-2113.125,-35695.625,-1588.125
1531475,-2113.125,-35695.625,-1588.125
1531485,-8662.5,-30069.375,-870.625
1531485,-8662.5,-30069.375,-870.625
1531495,-7100.625,-14949.375,1491.875
1531495,-7100.625,-14949.375,1491.875
1531506,-9576.875,-8417.5,4169.375
1531506,-9576.875,-8417.5,4169.375
1531516,-18331.25,-12490.625,6720.0
1531516,-18331.25,-12490.625,6720.0
1531526,-23996.875,-13168.75,6125.0
1531526,-23996.875,-13168.75,6125.0
1531537,-22618.75,-7236.25,2401.875
1531537,-22618.75,-7236.25,2401.875
1531547,-20698.125,-2012.5,-1286.25
1531547,-20698.125,-2012.5,-1286.25
1531557,-17045.0,4952.5,-4274.375
1531557,-17045.0,4952.5,-4274.375
1531568,-8509.375,17447.5,-6715.625
1531568,-8509.375,17447.5,-6715.625
1531578,-3233.125,28511.875,-6864.375
1531578,-3233.125,28511.875,-6864.375
1531588,-2139.375,32116.875,-6488.125
1531588,-2139.375,32116.875,-6488.125
1531598,-6496.875,31841.25,-4226.25
1531598,-6496.875,31841.25,-4226.25
1531609,-10381.875,30721.25,-280.0
1531609,-10381.875,30721.25,-280.0
1531620,-9716.875,30362.5,2301.25
1531620,-9716.875,30362.5,2301.25
1531629,-7621.25,30493.75,1330.0
1531629,-7621.25,30493.75,1330.0
1531640,-1890.0,28385.0,-1509.375
1531640,-1890.0,28385.0,-1509.375
1531650,4077.5,25208.75,-6711.25
1531650,4077.5,25208.75,-6711.25
1531660,12162.5,24648.75,-9660.0
1531660,12162.5,24648.75,-9660.0
1531671,19862.5,23690.625,-11685.625
1531671,19862.5,23690.625,-11685.625
1531681,27361.25,17928.75,-11554.375
1531681,27361.25,17928.75,-11554.375
1531691,33779.375,8312.5,-9983.75
1531691,33779.375,8312.5,-9983.75
1531702,39764.375,-770.0,-7896.875
1531702,39764.375,-770.0,-7896.875
1531712,42083.125,-5525.625,-6378.75
1531712,42083.125,-5525.625,-6378.75
1531722,38167.5,-6724.375,-2861.25
1531722,38167.5,-6724.375,-2861.25
1531733,29312.5,-8505.0,1513.75
1531733,29312.5,-8505.0,1513.75
1531743,15627.5,-7503.125,6895.0
1531743,15627.5,-7503.125,6895.0
1531753,4563.125,-6724.375,10403.75
1531753,4563.125,-6724.375,10403.75
1531764,-3561.25,-7420.0,11353.125
1531764,-3561.25,-7420.0,11353.125
1531775,-8207.5,-6116.25,10994.375
1531775,-8207.5,-6116.25,10994.375
1531784,-7813.75,-2581.25,9266.25
1531784,-7813.75,-2581.25,9266.25
1531794,-8474.375,0.0,5525.625
1531794,-8474.375,0.0,5525.625
1531805,-12013.75,140.0,2576.875
1531805,-12013.75,140.0,2576.875
1531816,-16148.125,-2848.125,1820.0
1531816,-16148.125,-2848.125,1820.0
1531825,-23988.125,-6938.75,1920.625
1531825,-23988.125,-6938.75,1920.625
1531836,-31010.0,-11340.0,1623.125
1531836,-31010.0,-11340.0,1623.125
1531846,-33486.25,-14735.0,752.5
1531846,-33486.25,-14735.0,752.5
1531856,-32160.625,-16095.625,61.25
1531856,-32160.625,-16095.625,61.25
1531867,-27825.0,-16660.0,-1465.625
1531867,-27825.0,-16660.0,-1465.625
1531877,-20825.0,-14923.125,-2830.625
1531877,-20825.0,-14923.125,-2830.625
1531887,-13514.375,-12473.125,-3788.75
1531887,-13514.375,-12473.125,-3788.75
1531898,-6855.625,-10968.125,-4173.75
1531898,-6855.625,-10968.125,-4173.75
1531908,-2738.75,-9795.625,-4138.75
1531908,-2738.75,-9795.625,-4138.75
1531918,-1706.25,-9598.75,-3766.875
1531918,-1706.25,-9598.75,-3766.875
1531929,-634.375,-10171.875,-3325.0
1531929,-634.375,-10171.875,-3325.0
1531939,612.5,-9826.25,-3198.125
1531939,612.5,-9826.25,-3198.125
1531949,1631.875,-7708.75,-3005.625
1531949,1631.875,-7708.75,-3005.625
1531960,1960.0,-4116.875,-2721.25
1531960,1960.0,-4116.875,-2721.25
1531970,875.0,-573.125,-2231.25
1531970,875.0,-573.125,-2231.25
1531980,-61.25,2135.0,-1268.75
1531980,-61.25,2135.0,-1268.75
1531991,-1334.375,5105.625,-406.875
1531991,-1334.375,5105.625,-406.875
1532000,-2944.375,7157.5,402.5
1532000,-2944.375,7157.5,402.5
1532011,-3268.125,9454.375,529.375
1532011,-3268.125,9454.375,529.375
1532022,-2078.125,11742.5,485.625
1532022,-2078.125,11742.5,485.625
1532032,-1071.875,13483.75,634.375
1532032,-1071.875,13483.75,634.375
1532042,-739.375,14603.75,1115.625
1532042,-739.375,14603.75,1115.625
1532052,-1058.75,13518.75,1553.125
1532052,-1058.75,13518.75,1553.125
1532063,-1268.75,10189.375,1859.375
1532063,-1268.75,10189.375,1859.375
1532073,148.75,6501.25,2607.5
1532073,148.75,6501.25,2607.5
1532084,2091.25,4025.0,3084.375
1532084,2091.25,4025.0,3084.375
1532094,2633.75,1356.25,3815.0
1532094,2633.75,1356.25,3815.0
1532104,2331.875,-1238.125,4007.5
1532104,2331.875,-1238.125,4007.5
1532115,2660.0,-4112.5,4081.875
1532115,2660.0,-4112.5,4081.875
1532125,2813.125,-6720.0,4221.875
1532125,2813.125,-6720.0,4221.875
1532135,3320.625,-9191.875,4274.375
1532135,3320.625,-9191.875,4274.375
1532145,4383.75,-10285.625,4230.625
1532145,4383.75,-10285.625,4230.625
1532156,5788.125,-9909.375,3959.375
1532156,5788.125,-9909.375,3959.375
1532166,5560.625,-8942.5,3272.5
1532166,5560.625,-8942.5,3272.5
1532176,4768.75,-8378.125,2664.375
1532176,4768.75,-8378.125,2664.375
1532187,4208.75,-7861.875,2441.25
1532187,4208.75,-7861.875,2441.25
1532197,3403.75,-7100.625,2121.875
1532197,3403.75,-7100.625,2121.875
1532207,2769.375,-6781.25,1701.875
1532207,2769.375,-6781.25,1701.875
1532218,2060.625,-5831.875,1435.0
1532218,2060.625,-5831.875,1435.0
1532228,1124.375,-4388.125,1242.5
1532228,1124.375,-4388.125,1242.5
1532238,-393.75,-2979.375,831.25
1532238,-393.75,-2979.375,831.25
1532249,-1308.125,-1824.375,205.625
1532249,-1308.125,-1824.375,205.625
1532259,-708.75,-1220.625,43.75
1532259,-708.75,-1220.625,43.75
1532269,-161.875,-315.0,-113.75
1532269,-161.875,-315.0,-113.75
1532280,275.625,26.25,-350.0
1532280,275.625,26.25,-350.0
1532290,223.125,-4.375,-336.875
1532290,223.125,-4.375,-336.875
1532300,-140.0,-70.0,-96.25
1532300,-140.0,-70.0,-96.25
1532311,-332.5,-70.0,122.5
1532311,-332.5,-70.0,122.5
1532321,-931.875,-56.875,468.125
1532321,-931.875,-56.875,468.125
1532331,-1465.625,-577.5,748.125
1532331,-1465.625,-577.5,748.125
1532341,-1645.0,-1137.5,962.5
1532341,-1645.0,-1137.5,962.5
1532351,-1968.75,-1316.875,1198.75
1532351,-1968.75,-1316.875,1198.75
1532362,-2043.125,-1023.75,1662.5
1532362,-2043.125,-1023.75,1662.5
1532372,-2603.125,-700.0,1872.5
1532372,-2603.125,-700.0,1872.5
1532383,-2856.875,-634.375,1964.375
1532383,-2856.875,-634.375,1964.375
1532393,-2485.0,214.375,2170.0
1532393,-2485.0,214.375,2170.0
1532403,-1815.625,1124.375,2401.875
1532403,-1815.625,1124.375,2401.875
1532413,-1111.25,1885.625,2782.5
1532413,-1111.25,1885.625,2782.5
1532424,-1575.0,2086.875,2786.875
1532424,-1575.0,2086.875,2786.875
1532435,-1522.5,1671.25,2668.75
1532435,-1522.5,1671.25,2668.75
1532445,-437.5,2113.125,2616.25
1532445,-437.5,2113.125,2616.25
1532455,608.125,2839.375,2563.75
1532455,608.125,2839.375,2563.75
1532465,910.0,3106.25,2520.0
1532465,910.0,3106.25,2520.0
1532476,245.0,2419.375,2388.75
1532476,245.0,2419.375,2388.75
1532486,-415.625,1360.625,2183.125
1532486,-415.625,1360.625,2183.125
1532496,-621.25,743.75,1955.625
1532496,-621.25,743.75,1955.625
1532507,-48.125,805.0,1483.125
1532507,-48.125,805.0,1483.125
1532517,651.875,835.625,1071.875
1532517,651.875,835.625,1071.875
1532527,1268.75,853.125,1120.0
1532527,1268.75,853.125,1120.0
1532537,1723.75,603.75,883.75
1532537,1723.75,603.75,883.75
1532548,2030.0,192.5,428.75
1532548,2030.0,192.5,428.75
1532558,2323.125,-205.625,175.0
1532558,2323.125,-205.625,175.0
1532568,2830.625,-166.25,188.125
1532568,2830.625,-166.25,188.125
1532579,2520.0,-26.25,205.625
1532579,2520.0,-26.25,205.625
1532589,2170.0,-608.125,-4.375
1532589,2170.0,-608.125,-4.375
1532599,2489.375,-1036.875,-118.125
1532599,2489.375,-1036.875,-118.125
1532610,2480.625,-669.375,-83.125
1532610,2480.625,-669.375,-83.125
1532620,2161.25,-507.5,-201.25
1532620,2161.25,-507.5,-201.25
1532631,1754.375,-590.625,-271.25
1532631,1754.375,-590.625,-271.25
1532641,1540.0,-363.125,-175.0
1532641,1540.0,-363.125,-175.0
1532651,1456.875,-100.625,-113.75
1532651,1456.875,-100.625,-113.75
1532660,1181.25,-8.75,4.375
1532660,1181.25,-8.75,4.375
1532672,875.0,-332.5,0.0
1532672,875.0,-332.5,0.0
1532682,984.375,-516.25,96.25
1532682,984.375,-516.25,96.25
1532692,1509.375,-634.375,157.5
1532692,1509.375,-634.375,157.5
1532703,1745.625,-1141.875,-4.375
1532703,1745.625,-1141.875,-4.375
1532713,1684.375,-1435.0,-223.125
1532713,1684.375,-1435.0,-223.125
1532723,1365.0,-1627.5,-315.0
1532723,1365.0,-1627.5,-315.0
1532733,1015.0,-1386.875,-503.125
1532733,1015.0,-1386.875,-503.125
1532744,980.0,-831.25,-511.875
1532744,980.0,-831.25,-511.875
1532754,1032.5,122.5,-761.25
1532754,1032.5,122.5,-761.25
1532764,1089.375,1028.125,-866.25
1532764,1089.375,1028.125,-866.25
1532775,1198.75,1588.125,-791.875
1532775,1198.75,1588.125,-791.875
1532785,1321.25,1990.625,-577.5
1532785,1321.25,1990.625,-577.5
1532795,1251.25,2165.625,-555.625
1532795,1251.25,2165.625,-555.625
1532806,1063.125,2126.25,-459.375
1532806,1063.125,2126.25,-459.375
1532816,673.75,1933.75,-315.0
1532816,673.75,1933.75,-315.0
1532827,109.375,1592.5,-301.875
1532827,109.375,1592.5,-301.875
1532837,-109.375,1557.5,-266.875
1532837,-109.375,1557.5,-266.875
1532847,-420.0,1137.5,-293.125
1532847,-420.0,1137.5,-293.125
1532857,-131.25,848.75,-214.375
1532857,-131.25,848.75,-214.375
1532868,857.5,1605.625,-56.875
1532868,857.5,1605.625,-56.875
1532878,1181.25,2533.125,-61.25
1532878,1181.25,2533.125,-61.25
1532888,-161.875,2498.125,-161.875
1532888,-161.875,2498.125,-161.875
1532899,-1330.0,1977.5,-153.125
1532899,-1330.0,1977.5,-153.125
1532909,-1522.5,1701.875,-26.25
1532909,-1522.5,1701.875,-26.25
1532919,-1421.875,1273.125,-83.125
1532919,-1421.875,1273.125,-83.125
1532929,-1491.875,1268.75,-78.75
1532929,-1491.875,1268.75,-78.75
1532940,-1666.875,1295.0,-30.625
1532940,-1666.875,1295.0,-30.625
1532950,-1347.5,1631.875,-61.25
1532950,-1347.5,1631.875,-61.25
1532959,-1080.625,2388.75,-293.125
1532959,-1080.625,2388.75,-293.125
1532971,-923.125,2926.875,-568.75
1532971,-923.125,2926.875,-568.75
1532982,-927.5,3066.875,-1168.125
1532982,-927.5,3066.875,-1168.125
1532991,-428.75,2611.875,-1456.875
1532991,-428.75,2611.875,-1456.875
1533002,507.5,2030.0,-1251.25
1533002,507.5,2030.0,-1251.25
1533012,1006.25,1120.0,-931.875
1533012,1006.25,1120.0,-931.875
1533023,774.375,105.0,-678.125
1533023,774.375,105.0,-678.125
1533032,-258.125,-783.125,-770.0
1533032,-258.125,-783.125,-770.0
1533043,-1155.0,-1736.875,-848.75
1533043,-1155.0,-1736.875,-848.75
1533053,-1435.0,-1881.25,-883.75
1533053,-1435.0,-1881.25,-883.75
1533064,-1120.0,-962.5,-966.875
1533064,-1120.0,-962.5,-966.875
1533074,-835.625,-118.125,-1089.375
1533074,-835.625,-118.125,-1089.375
1533084,-630.0,498.75,-1159.375
1533084,-630.0,498.75,-1159.375
1533095,-437.5,1006.25,-1168.125
1533095,-437.5,1006.25,-1168.125
1533105,-253.75,1106.875,-1146.25
1533105,-253.75,1106.875,-1146.25
1533115,4.375,1347.5,-888.125
1533115,4.375,1347.5,-888.125
1533126,196.875,1653.75,-805.0
1533126,196.875,1653.75,-805.0
1533137,280.0,1701.875,-752.5
1533137,280.0,1701.875,-752.5
1533146,65.625,1680.0,-542.5
1533146,65.625,1680.0,-542.5
1533156,-83.125,1338.75,-280.0
1533156,-83.125,1338.75,-280.0
1533167,-118.125,1015.0,-131.25
1533167,-118.125,1015.0,-131.25
1533178,-113.75,354.375,188.125
1533178,-113.75,354.375,188.125
1533187,-835.625,52.5,258.125
1533187,-835.625,52.5,258.125
1533198,-1636.25,-472.5,214.375
1533198,-1636.25,-472.5,214.375
1533208,-1618.75,-498.75,48.125
1533208,-1618.75,-498.75,48.125
1533218,-774.375,-210.0,-17.5
1533218,-774.375,-210.0,-17.5
1533229,201.25,4.375,126.875
1533229,201.25,4.375,126.875
1533239,319.375,21.875,43.75
1533239,319.375,21.875,43.75
1533249,428.75,74.375,188.125
1533249,428.75,74.375,188.125
1533260,336.875,-161.875,262.5
1533260,336.875,-161.875,262.5
1533270,297.5,-520.625,288.75
1533270,297.5,-520.625,288.75
1533280,323.75,-577.5,280.0
1533280,323.75,-577.5,280.0
1533291,148.75,-962.5,179.375
1533291,148.75,-962.5,179.375
1533301,48.125,-1680.0,223.125
1533301,48.125,-1680.0,223.125
1533311,363.125,-1767.5,157.5
1533311,363.125,-1767.5,157.5
1533322,446.25,-1736.875,61.25
1533322,446.25,-1736.875,61.25
1533332,258.125,-1697.5,96.25
1533332,258.125,-1697.5,96.25
1533342,315.0,-1732.5,179.375
1533342,315.0,-1732.5,179.375
1533353,472.5,-1671.25,166.25
1533353,472.5,-1671.25,166.25
1533363,332.5,-1566.25,258.125
1533363,332.5,-1566.25,258.125
1533373,30.625,-1806.875,192.5
1533373,30.625,-1806.875,192.5
1533383,245.0,-2025.625,275.625
1533383,245.0,-2025.625,275.625
1533394,437.5,-1715.0,472.5
1533394,437.5,-1715.0,472.5
1533404,223.125,-1456.875,380.625
1533404,223.125,-1456.875,380.625
1533414,341.25,-1824.375,371.875
1533414,341.25,-1824.375,371.875
1533425,704.375,-1855.0,437.5
1533425,704.375,-1855.0,437.5
1533435,748.125,-1483.125,415.625
1533435,748.125,-1483.125,415.625
1533445,739.375,-1360.625,481.25
1533445,739.375,-1360.625,481.25
1533456,717.5,-1575.0,603.75
1533456,717.5,-1575.0,603.75
1533466,529.375,-1728.125,686.875
1533466,529.375,-1728.125,686.875
1533477,249.375,-1640.625,756.875
1533477,249.375,-1640.625,756.875
1533487,227.5,-1666.875,835.625
1533487,227.5,-1666.875,835.625
1533497,245.0,-1710.625,866.25
1533497,245.0,-1710.625,866.25
1533507,686.875,-1566.25,840.0
1533507,686.875,-1566.25,840.0
1533518,971.25,-1111.25,818.125
1533518,971.25,-1111.25,818.125
