1546967,-39.375,-4.375,-52.5
1546967,-39.375,-4.375,-52.5
1546977,-48.125,-8.75,-65.625
1546977,-48.125,-8.75,-65.625
1547128,-65.625,0.0,-13.125
1547128,-65.625,0.0,-13.125
1547139,-43.75,-4.375,-26.25
1547139,-43.75,-4.375,-26.25
1547290,-8.75,-8.75,-26.25
1547290,-8.75,-8.75,-26.25
1547300,-26.25,-8.75,-30.625
1547300,-26.25,-8.75,-30.625
1547452,-26.25,-30.625,78.75
1547452,-26.25,-30.625,78.75
1547462,-4.375,-30.625,91.875
1547462,-4.375,-30.625,91.875
1547613,-56.875,-17.5,-21.875
1547613,-56.875,-17.5,-21.875
1547623,-70.0,-17.5,-61.25
1547623,-70.0,-17.5,-61.25
1547775,-17.5,-4.375,-83.125
1547775,-17.5,-4.375,-83.125
1547785,4.375,0.0,-91.875
1547785,4.375,0.0,-91.875
1547936,17.5,-4.375,-105.0
1547936,17.5,-4.375,-105.0
1547946,8.75,-8.75,-100.625
1547946,8.75,-8.75,-100.625
1548098,0.0,4.375,-122.5
1548098,0.0,4.375,-122.5
1548108,0.0,4.375,-126.875
1548108,0.0,4.375,-126.875
1548259,-61.25,-21.875,8.75
1548259,-61.25,-21.875,8.75
1548269,-35.0,-17.5,13.125
1548269,-35.0,-17.5,13.125
1548420,-48.125,-4.375,39.375
1548420,-48.125,-4.375,39.375
1548431,-39.375,0.0,26.25
1548431,-39.375,0.0,26.25
1548582,-39.375,21.875,341.25
1548582,-39.375,21.875,341.25
1548592,0.0,17.5,358.75
1548592,0.0,17.5,358.75
1548784,-2541.875,-1566.25,3924.375
1548784,-2541.875,-1566.25,3924.375
1548794,-3990.0,-809.375,3255.0
1548794,-3990.0,-809.375,3255.0
1548885,-17430.0,1588.125,1408.75
1548885,-17430.0,1588.125,1408.75
1548895,-20733.125,1456.875,2555.0
1548895,-20733.125,1456.875,2555.0
1549046,-7118.125,-2607.5,-12643.75
1549046,-7118.125,-2607.5,-12643.75
1549056,-6938.75,-3644.375,-13020.0
1549056,-6938.75,-3644.375,-13020.0
1549208,-3657.5,-8365.0,-2086.875
1549208,-3657.5,-8365.0,-2086.875
1549218,-2555.0,-7555.625,-1168.125
1549218,-2555.0,-7555.625,-1168.125
1549369,31985.625,30550.625,17850.0
1549369,31985.625,30550.625,17850.0
1549379,35126.875,29500.625,18825.625
1549379,35126.875,29500.625,18825.625
1549531,-23235.625,-16428.125,-17346.875
1549531,-23235.625,-16428.125,-17346.875
1549540,-24434.375,-15251.25,-13278.125
1549540,-24434.375,-15251.25,-13278.125
1549693,19985.0,12114.375,223.125
1549693,19985.0,12114.375,223.125
1549702,17784.375,6798.75,-323.75
1549702,17784.375,6798.75,-323.75
1549854,-2314.375,1513.75,2069.375
1549854,-2314.375,1513.75,2069.375
1549864,-1461.25,1964.375,2296.875
1549864,-1461.25,1964.375,2296.875
