1564941,-21.875,-13.125,13.125
1564941,-21.875,-13.125,13.125
1564951,4.375,-13.125,-21.875
1564951,4.375,-13.125,-21.875
1565063,56.875,-26.25,-56.875
1565063,56.875,-26.25,-56.875
1565072,52.5,-26.25,-48.125
1565072,52.5,-26.25,-48.125
1565224,144.375,-43.75,-4.375
1565224,144.375,-43.75,-4.375
1565234,148.75,-56.875,-8.75
1565234,148.75,-56.875,-8.75
1565547,170.625,-21.875,8.75
1565547,170.625,-21.875,8.75
1565556,210.0,-21.875,-26.25
1565556,210.0,-21.875,-26.25
1565708,-258.125,-332.5,542.5
1565708,-258.125,-332.5,542.5
1565718,-175.0,-148.75,1260.0
1565718,-175.0,-148.75,1260.0
1565869,-12862.5,3911.25,-3915.625
1565869,-12862.5,3911.25,-3915.625
1565878,-10928.75,4191.25,-7398.125
1565878,-10928.75,4191.25,-7398.125
1566031,-3863.125,-5267.5,-16629.375
1566031,-3863.125,-5267.5,-16629.375
1566041,-5044.375,-5985.0,-14665.0
1566041,-5044.375,-5985.0,-14665.0
1566192,-3963.75,-8666.875,-1063.125
1566192,-3963.75,-8666.875,-1063.125
1566202,-3298.75,-7398.125,-1172.5
1566202,-3298.75,-7398.125,-1172.5
1566354,31876.25,30397.5,12731.25
1566354,31876.25,30397.5,12731.25
1566364,32252.5,28717.5,12446.875
1566364,32252.5,28717.5,12446.875
1566506,-22526.875,-15636.25,-15233.75
1566506,-22526.875,-15636.25,-15233.75
1566515,-22251.25,-15076.25,-15321.25
1566515,-22251.25,-15076.25,-15321.25
1566525,-22426.25,-14621.25,-14927.5
1566525,-22426.25,-14621.25,-14927.5
1566676,19490.625,16086.875,2480.625
1566676,19490.625,16086.875,2480.625
1566829,-2528.75,-367.5,3233.125
1566829,-2528.75,-367.5,3233.125
1566838,-1636.25,542.5,3771.25
1566838,-1636.25,542.5,3771.25
1566990,1785.0,-498.75,-997.5
1566990,1785.0,-498.75,-997.5
1567000,1806.875,-695.625,-813.75
1567000,1806.875,-695.625,-813.75
1567151,-96.25,398.125,-288.75
1567151,-96.25,398.125,-288.75
1567161,-96.25,358.75,-367.5
1567161,-96.25,358.75,-367.5
1567312,-21.875,-87.5,-157.5
1567312,-21.875,-87.5,-157.5
1567323,126.875,-4.375,-240.625
1567323,126.875,-4.375,-240.625
1567474,56.875,-13.125,-78.75
1567474,56.875,-13.125,-78.75
1567484,70.0,-39.375,-26.25
1567484,70.0,-39.375,-26.25
1567635,205.625,-61.25,-118.125
1567635,205.625,-61.25,-118.125
1567645,96.25,-61.25,-74.375
1567645,96.25,-61.25,-74.375
1567756,4.375,4.375,-210.0
1567756,4.375,4.375,-210.0
1567767,83.125,43.75,-227.5
1567767,83.125,43.75,-227.5
1567837,-118.125,157.5,-113.75
1567837,-118.125,157.5,-113.75
1567847,-135.625,196.875,-113.75
1567847,-135.625,196.875,-113.75
