1564941,15.625,640.625,781.25,-46.875,-851.5625,585.9375,289.0625,-929.6875,304.6875,539.0625,-828.125,39.0625,578.125,-750.0,312.5
1564941,15.625,640.625,781.25,-46.875,-851.5625,585.9375,289.0625,-929.6875,304.6875,539.0625,-828.125,39.0625,578.125,-750.0,312.5
1564949,23.4375,640.625,773.4375,-54.6875,-843.75,578.125,296.875,-914.0625,320.3125,539.0625,-835.9375,46.875,585.9375,-750.0,312.5
1564949,23.4375,640.625,773.4375,-54.6875,-843.75,578.125,296.875,-914.0625,320.3125,539.0625,-835.9375,46.875,585.9375,-750.0,312.5
1564949,15.625,640.625,773.4375,-54.6875,-835.9375,578.125,296.875,-914.0625,320.3125,546.875,-835.9375,46.875,585.9375,-757.8125,312.5
1564949,15.625,640.625,773.4375,-54.6875,-835.9375,578.125,296.875,-914.0625,320.3125,546.875,-835.9375,46.875,585.9375,-757.8125,312.5
1564957,15.625,640.625,773.4375,-46.875,-843.75,578.125,289.0625,-921.875,320.3125,546.875,-835.9375,39.0625,593.75,-750.0,312.5
1564957,15.625,640.625,773.4375,-46.875,-843.75,578.125,289.0625,-921.875,320.3125,546.875,-835.9375,39.0625,593.75,-750.0,312.5
1565062,7.8125,640.625,765.625,-54.6875,-835.9375,570.3125,289.0625,-914.0625,312.5,531.25,-835.9375,39.0625,585.9375,-757.8125,304.6875
1565062,7.8125,640.625,765.625,-54.6875,-835.9375,570.3125,289.0625,-914.0625,312.5,531.25,-835.9375,39.0625,585.9375,-757.8125,304.6875
1565070,7.8125,640.625,781.25,-54.6875,-843.75,578.125,289.0625,-921.875,312.5,531.25,-843.75,39.0625,578.125,-750.0,312.5
1565070,7.8125,640.625,781.25,-54.6875,-843.75,578.125,289.0625,-921.875,312.5,531.25,-843.75,39.0625,578.125,-750.0,312.5
1565071,15.625,640.625,773.4375,-54.6875,-835.9375,578.125,281.25,-921.875,312.5,539.0625,-835.9375,39.0625,585.9375,-750.0,320.3125
1565071,15.625,640.625,773.4375,-54.6875,-835.9375,578.125,281.25,-921.875,312.5,539.0625,-835.9375,39.0625,585.9375,-750.0,320.3125
1565078,15.625,640.625,773.4375,-46.875,-835.9375,585.9375,281.25,-921.875,320.3125,539.0625,-828.125,39.0625,578.125,-750.0,304.6875
1565078,15.625,640.625,773.4375,-46.875,-835.9375,585.9375,281.25,-921.875,320.3125,539.0625,-828.125,39.0625,578.125,-750.0,304.6875
1565224,7.8125,625.0,781.25,-54.6875,-851.5625,570.3125,281.25,-921.875,312.5,539.0625,-835.9375,15.625,585.9375,-757.8125,304.6875
1565224,7.8125,625.0,781.25,-54.6875,-851.5625,570.3125,281.25,-921.875,312.5,539.0625,-835.9375,15.625,585.9375,-757.8125,304.6875
1565232,7.8125,625.0,781.25,-54.6875,-851.5625,570.3125,289.0625,-929.6875,304.6875,539.0625,-843.75,23.4375,585.9375,-757.8125,304.6875
1565232,7.8125,625.0,781.25,-54.6875,-851.5625,570.3125,289.0625,-929.6875,304.6875,539.0625,-843.75,23.4375,585.9375,-757.8125,304.6875
1565232,7.8125,632.8125,773.4375,-54.6875,-843.75,570.3125,289.0625,-929.6875,304.6875,531.25,-835.9375,23.4375,578.125,-750.0,312.5
1565232,7.8125,632.8125,773.4375,-54.6875,-843.75,570.3125,289.0625,-929.6875,304.6875,531.25,-835.9375,23.4375,578.125,-750.0,312.5
1565240,7.8125,625.0,781.25,-46.875,-843.75,562.5,296.875,-914.0625,312.5,539.0625,-835.9375,23.4375,585.9375,-757.8125,296.875
1565240,7.8125,625.0,781.25,-46.875,-843.75,562.5,296.875,-914.0625,312.5,539.0625,-835.9375,23.4375,585.9375,-757.8125,296.875
1565547,15.625,640.625,773.4375,-46.875,-843.75,578.125,289.0625,-921.875,296.875,539.0625,-835.9375,31.25,578.125,-750.0,312.5
1565547,15.625,640.625,773.4375,-46.875,-843.75,578.125,289.0625,-921.875,296.875,539.0625,-835.9375,31.25,578.125,-750.0,312.5
1565554,7.8125,632.8125,773.4375,-54.6875,-843.75,570.3125,281.25,-921.875,304.6875,546.875,-835.9375,23.4375,578.125,-757.8125,312.5
1565554,7.8125,632.8125,773.4375,-54.6875,-843.75,570.3125,281.25,-921.875,304.6875,546.875,-835.9375,23.4375,578.125,-757.8125,312.5
1565555,7.8125,625.0,773.4375,-54.6875,-851.5625,578.125,296.875,-921.875,312.5,546.875,-835.9375,31.25,585.9375,-765.625,304.6875
1565555,7.8125,625.0,773.4375,-54.6875,-851.5625,578.125,296.875,-921.875,312.5,546.875,-835.9375,31.25,585.9375,-765.625,304.6875
1565563,0.0,625.0,781.25,-54.6875,-851.5625,570.3125,296.875,-921.875,304.6875,546.875,-835.9375,31.25,585.9375,-757.8125,312.5
1565563,0.0,625.0,781.25,-54.6875,-851.5625,570.3125,296.875,-921.875,304.6875,546.875,-835.9375,31.25,585.9375,-757.8125,312.5
1565708,15.625,648.4375,804.6875,-54.6875,-890.625,578.125,312.5,-968.75,312.5,609.375,-859.375,31.25,656.25,-789.0625,328.125
1565708,15.625,648.4375,804.6875,-54.6875,-890.625,578.125,312.5,-968.75,312.5,609.375,-859.375,31.25,656.25,-789.0625,328.125
1565716,31.25,648.4375,835.9375,-46.875,-890.625,585.9375,328.125,-953.125,320.3125,601.5625,-898.4375,7.8125,640.625,-789.0625,328.125
1565716,31.25,648.4375,835.9375,-46.875,-890.625,585.9375,328.125,-953.125,320.3125,601.5625,-898.4375,7.8125,640.625,-789.0625,328.125
1565716,62.5,671.875,835.9375,-54.6875,-921.875,585.9375,335.9375,-976.5625,312.5,609.375,-851.5625,15.625,671.875,-828.125,367.1875
1565716,62.5,671.875,835.9375,-54.6875,-921.875,585.9375,335.9375,-976.5625,312.5,609.375,-851.5625,15.625,671.875,-828.125,367.1875
1565724,109.375,656.25,859.375,-62.5,-937.5,570.3125,320.3125,-976.5625,312.5,609.375,-867.1875,23.4375,679.6875,-781.25,328.125
1565724,109.375,656.25,859.375,-62.5,-937.5,570.3125,320.3125,-976.5625,312.5,609.375,-867.1875,23.4375,679.6875,-781.25,328.125
1565869,359.375,1898.4375,945.3125,242.1875,-1335.9375,1406.25,890.625,-1398.4375,875.0,1296.875,-1187.5,296.875,1281.25,-921.875,656.25
1565869,359.375,1898.4375,945.3125,242.1875,-1335.9375,1406.25,890.625,-1398.4375,875.0,1296.875,-1187.5,296.875,1281.25,-921.875,656.25
1565876,382.8125,1960.9375,960.9375,226.5625,-1320.3125,1375.0,828.125,-1375.0,882.8125,1273.4375,-1171.875,242.1875,1242.1875,-976.5625,562.5
1565876,382.8125,1960.9375,960.9375,226.5625,-1320.3125,1375.0,828.125,-1375.0,882.8125,1273.4375,-1171.875,242.1875,1242.1875,-976.5625,562.5
1565876,406.25,1960.9375,1000.0,203.125,-1304.6875,1382.8125,781.25,-1414.0625,828.125,1218.75,-1203.125,210.9375,1203.125,-1046.875,476.5625
1565876,406.25,1960.9375,1000.0,203.125,-1304.6875,1382.8125,781.25,-1414.0625,828.125,1218.75,-1203.125,210.9375,1203.125,-1046.875,476.5625
1565885,414.0625,1921.875,1031.25,218.75,-1273.4375,1335.9375,726.5625,-1406.25,757.8125,1171.875,-1257.8125,148.4375,1109.375,-1179.6875,429.6875
1565885,414.0625,1921.875,1031.25,218.75,-1273.4375,1335.9375,726.5625,-1406.25,757.8125,1171.875,-1257.8125,148.4375,1109.375,-1179.6875,429.6875
1566030,-234.375,296.875,679.6875,-226.5625,-906.25,179.6875,-156.25,-984.375,-195.3125,-70.3125,-929.6875,-578.125,-15.625,-1007.8125,-265.625
1566030,-234.375,296.875,679.6875,-226.5625,-906.25,179.6875,-156.25,-984.375,-195.3125,-70.3125,-929.6875,-578.125,-15.625,-1007.8125,-265.625
1566038,-242.1875,85.9375,625.0,-250.0,-906.25,148.4375,-179.6875,-937.5,-234.375,-179.6875,-851.5625,-562.5,-156.25,-976.5625,-343.75
1566038,-242.1875,85.9375,625.0,-250.0,-906.25,148.4375,-179.6875,-937.5,-234.375,-179.6875,-851.5625,-562.5,-156.25,-976.5625,-343.75
1566038,-265.625,-117.1875,578.125,-257.8125,-906.25,93.75,-210.9375,-906.25,-281.25,-210.9375,-796.875,-593.75,-265.625,-929.6875,-414.0625
1566038,-265.625,-117.1875,578.125,-257.8125,-906.25,93.75,-210.9375,-906.25,-281.25,-210.9375,-796.875,-593.75,-265.625,-929.6875,-414.0625
1566045,-312.5,-242.1875,578.125,-257.8125,-867.1875,54.6875,-273.4375,-882.8125,-281.25,-218.75,-734.375,-570.3125,-242.1875,-890.625,-453.125
1566045,-312.5,-242.1875,578.125,-257.8125,-867.1875,54.6875,-273.4375,-882.8125,-281.25,-218.75,-734.375,-570.3125,-242.1875,-890.625,-453.125
1566191,-23.4375,31.25,-500.0,46.875,468.75,148.4375,46.875,429.6875,187.5,62.5,351.5625,250.0,148.4375,343.75,85.9375
1566191,-23.4375,31.25,-500.0,46.875,468.75,148.4375,46.875,429.6875,187.5,62.5,351.5625,250.0,148.4375,343.75,85.9375
1566199,0.0,78.125,-531.25,140.625,585.9375,179.6875,101.5625,523.4375,234.375,117.1875,453.125,304.6875,179.6875,445.3125,101.5625
1566199,0.0,78.125,-531.25,140.625,585.9375,179.6875,101.5625,523.4375,234.375,117.1875,453.125,304.6875,179.6875,445.3125,101.5625
1566199,78.125,70.3125,-554.6875,210.9375,679.6875,195.3125,171.875,632.8125,281.25,148.4375,539.0625,343.75,195.3125,539.0625,109.375
1566199,78.125,70.3125,-554.6875,210.9375,679.6875,195.3125,171.875,632.8125,281.25,148.4375,539.0625,343.75,195.3125,539.0625,109.375
1566207,171.875,23.4375,-632.8125,257.8125,765.625,210.9375,210.9375,734.375,304.6875,171.875,632.8125,367.1875,250.0,640.625,78.125
1566207,171.875,23.4375,-632.8125,257.8125,765.625,210.9375,210.9375,734.375,304.6875,171.875,632.8125,367.1875,250.0,640.625,78.125
1566353,585.9375,-140.625,1804.6875,1234.375,-2234.375,-1039.0625,835.9375,-1328.125,-2656.25,-31.25,-703.125,-3039.0625,-453.125,-1671.875,-2656.25
1566353,585.9375,-140.625,1804.6875,1234.375,-2234.375,-1039.0625,835.9375,-1328.125,-2656.25,-31.25,-703.125,-3039.0625,-453.125,-1671.875,-2656.25
1566361,523.4375,218.75,2382.8125,1101.5625,-3015.625,-921.875,703.125,-2070.3125,-2937.5,-93.75,-1328.125,-3445.3125,-554.6875,-2351.5625,-2867.1875
1566361,523.4375,218.75,2382.8125,1101.5625,-3015.625,-921.875,703.125,-2070.3125,-2937.5,-93.75,-1328.125,-3445.3125,-554.6875,-2351.5625,-2867.1875
1566361,375.0,617.1875,3046.875,937.5,-3835.9375,-812.5,671.875,-2843.75,-3203.125,-93.75,-1953.125,-3859.375,-648.4375,-3054.6875,-3117.1875
1566361,375.0,617.1875,3046.875,937.5,-3835.9375,-812.5,671.875,-2843.75,-3203.125,-93.75,-1953.125,-3859.375,-648.4375,-3054.6875,-3117.1875
1566369,195.3125,1062.5,3750.0,750.0,-3992.1875,-617.1875,640.625,-3710.9375,-3437.5,-265.625,-2695.3125,-4000.0,-898.4375,-3804.6875,-3304.6875
1566369,195.3125,1062.5,3750.0,750.0,-3992.1875,-617.1875,640.625,-3710.9375,-3437.5,-265.625,-2695.3125,-4000.0,-898.4375,-3804.6875,-3304.6875
1566514,500.0,-765.625,93.75,1046.875,31.25,-703.125,585.9375,492.1875,-1000.0,210.9375,789.0625,-867.1875,203.125,453.125,-1000.0
1566514,500.0,-765.625,93.75,1046.875,31.25,-703.125,585.9375,492.1875,-1000.0,210.9375,789.0625,-867.1875,203.125,453.125,-1000.0
1566522,453.125,-1031.25,-132.8125,1007.8125,328.125,-921.875,406.25,859.375,-1023.4375,39.0625,1148.4375,-718.75,93.75,859.375,-945.3125
1566522,453.125,-1031.25,-132.8125,1007.8125,328.125,-921.875,406.25,859.375,-1023.4375,39.0625,1148.4375,-718.75,93.75,859.375,-945.3125
1566522,406.25,-1273.4375,-375.0,953.125,710.9375,-1148.4375,273.4375,1296.875,-1023.4375,-109.375,1515.625,-531.25,-7.8125,1265.625,-867.1875
1566522,406.25,-1273.4375,-375.0,953.125,710.9375,-1148.4375,273.4375,1296.875,-1023.4375,-109.375,1515.625,-531.25,-7.8125,1265.625,-867.1875
1566667,23.4375,1273.4375,2375.0,39.0625,-3171.875,320.3125,289.0625,-3015.625,-1515.625,-62.5,-2515.625,-2265.625,-500.0,-3015.625,-1476.5625
1566667,23.4375,1273.4375,2375.0,39.0625,-3171.875,320.3125,289.0625,-3015.625,-1515.625,-62.5,-2515.625,-2265.625,-500.0,-3015.625,-1476.5625
1566667,7.8125,1500.0,2710.9375,-109.375,-3648.4375,421.875,117.1875,-3507.8125,-1656.25,-242.1875,-2882.8125,-2445.3125,-718.75,-3390.625,-1507.8125
1566667,7.8125,1500.0,2710.9375,-109.375,-3648.4375,421.875,117.1875,-3507.8125,-1656.25,-242.1875,-2882.8125,-2445.3125,-718.75,-3390.625,-1507.8125
1566675,-46.875,1750.0,3039.0625,-289.0625,-3992.1875,531.25,-39.0625,-3992.1875,-1773.4375,-429.6875,-3273.4375,-2632.8125,-906.25,-3765.625,-1539.0625
1566675,-46.875,1750.0,3039.0625,-289.0625,-3992.1875,531.25,-39.0625,-3992.1875,-1773.4375,-429.6875,-3273.4375,-2632.8125,-906.25,-3765.625,-1539.0625
1566684,-156.25,1945.3125,3289.0625,-437.5,-3992.1875,617.1875,-148.4375,-3992.1875,-1851.5625,-531.25,-3593.75,-2726.5625,-984.375,-3992.1875,-1554.6875
1566684,-156.25,1945.3125,3289.0625,-437.5,-3992.1875,617.1875,-148.4375,-3992.1875,-1851.5625,-531.25,-3593.75,-2726.5625,-984.375,-3992.1875,-1554.6875
1566828,-328.125,507.8125,117.1875,-273.4375,-179.6875,250.0,-15.625,-296.875,117.1875,46.875,-320.3125,-62.5,7.8125,-375.0,-85.9375
1566828,-328.125,507.8125,117.1875,-273.4375,-179.6875,250.0,-15.625,-296.875,117.1875,46.875,-320.3125,-62.5,7.8125,-375.0,-85.9375
1566829,-289.0625,531.25,132.8125,-257.8125,-218.75,289.0625,0.0,-351.5625,117.1875,46.875,-375.0,-78.125,7.8125,-421.875,-78.125
1566829,-289.0625,531.25,132.8125,-257.8125,-218.75,289.0625,0.0,-351.5625,117.1875,46.875,-375.0,-78.125,7.8125,-421.875,-78.125
1566835,-273.4375,554.6875,179.6875,-242.1875,-265.625,320.3125,23.4375,-421.875,117.1875,70.3125,-429.6875,-93.75,15.625,-484.375,-62.5
1566835,-273.4375,554.6875,179.6875,-242.1875,-265.625,320.3125,23.4375,-421.875,117.1875,70.3125,-429.6875,-93.75,15.625,-484.375,-62.5
1566845,-250.0,601.5625,203.125,-210.9375,-320.3125,367.1875,46.875,-484.375,125.0,78.125,-476.5625,-117.1875,0.0,-531.25,-70.3125
1566845,-250.0,601.5625,203.125,-210.9375,-320.3125,367.1875,46.875,-484.375,125.0,78.125,-476.5625,-117.1875,0.0,-531.25,-70.3125
1566990,-312.5,601.5625,765.625,-351.5625,-992.1875,187.5,-140.625,-1000.0,-273.4375,-164.0625,-875.0,-515.625,-250.0,-953.125,-296.875
1566990,-312.5,601.5625,765.625,-351.5625,-992.1875,187.5,-140.625,-1000.0,-273.4375,-164.0625,-875.0,-515.625,-250.0,-953.125,-296.875
1566990,-312.5,601.5625,765.625,-351.5625,-992.1875,210.9375,-125.0,-1015.625,-250.0,-117.1875,-882.8125,-507.8125,-226.5625,-960.9375,-296.875
1566990,-312.5,601.5625,765.625,-351.5625,-992.1875,210.9375,-125.0,-1015.625,-250.0,-117.1875,-882.8125,-507.8125,-226.5625,-960.9375,-296.875
1566998,-328.125,593.75,773.4375,-335.9375,-984.375,218.75,-109.375,-1023.4375,-234.375,-85.9375,-906.25,-507.8125,-195.3125,-976.5625,-289.0625
1566998,-328.125,593.75,773.4375,-335.9375,-984.375,218.75,-109.375,-1023.4375,-234.375,-85.9375,-906.25,-507.8125,-195.3125,-976.5625,-289.0625
1567006,-320.3125,609.375,765.625,-335.9375,-992.1875,250.0,-101.5625,-1023.4375,-226.5625,-93.75,-906.25,-492.1875,-195.3125,-976.5625,-281.25
1567006,-320.3125,609.375,765.625,-335.9375,-992.1875,250.0,-101.5625,-1023.4375,-226.5625,-93.75,-906.25,-492.1875,-195.3125,-976.5625,-281.25
1567151,-328.125,656.25,765.625,-296.875,-1000.0,296.875,-62.5,-1046.875,-218.75,-70.3125,-921.875,-515.625,-195.3125,-1000.0,-304.6875
1567151,-328.125,656.25,765.625,-296.875,-1000.0,296.875,-62.5,-1046.875,-218.75,-70.3125,-921.875,-515.625,-195.3125,-1000.0,-304.6875
1567151,-312.5,671.875,765.625,-296.875,-1000.0,289.0625,-78.125,-1039.0625,-226.5625,-85.9375,-914.0625,-523.4375,-226.5625,-984.375,-320.3125
1567151,-312.5,671.875,765.625,-296.875,-1000.0,289.0625,-78.125,-1039.0625,-226.5625,-85.9375,-914.0625,-523.4375,-226.5625,-984.375,-320.3125
1567159,-296.875,679.6875,789.0625,-296.875,-992.1875,281.25,-85.9375,-1031.25,-250.0,-117.1875,-906.25,-523.4375,-234.375,-984.375,-320.3125
1567159,-296.875,679.6875,789.0625,-296.875,-992.1875,281.25,-85.9375,-1031.25,-250.0,-117.1875,-906.25,-523.4375,-234.375,-984.375,-320.3125
1567167,-296.875,671.875,781.25,-304.6875,-1000.0,265.625,-93.75,-1031.25,-265.625,-117.1875,-890.625,-531.25,-242.1875,-976.5625,-320.3125
1567167,-296.875,671.875,781.25,-304.6875,-1000.0,265.625,-93.75,-1031.25,-265.625,-117.1875,-890.625,-531.25,-242.1875,-976.5625,-320.3125
1567312,-320.3125,648.4375,687.5,-289.0625,-906.25,273.4375,-70.3125,-953.125,-203.125,-78.125,-843.75,-476.5625,-195.3125,-914.0625,-289.0625
1567312,-320.3125,648.4375,687.5,-289.0625,-906.25,273.4375,-70.3125,-953.125,-203.125,-78.125,-843.75,-476.5625,-195.3125,-914.0625,-289.0625
1567312,-320.3125,625.0,695.3125,-296.875,-906.25,281.25,-70.3125,-953.125,-210.9375,-78.125,-843.75,-468.75,-187.5,-914.0625,-281.25
1567312,-320.3125,625.0,695.3125,-296.875,-906.25,281.25,-70.3125,-953.125,-210.9375,-78.125,-843.75,-468.75,-187.5,-914.0625,-281.25
1567320,-328.125,625.0,695.3125,-296.875,-906.25,265.625,-78.125,-968.75,-203.125,-78.125,-859.375,-468.75,-187.5,-929.6875,-281.25
1567320,-328.125,625.0,695.3125,-296.875,-906.25,265.625,-78.125,-968.75,-203.125,-78.125,-859.375,-468.75,-187.5,-929.6875,-281.25
1567328,-335.9375,617.1875,703.125,-312.5,-914.0625,265.625,-78.125,-968.75,-203.125,-78.125,-851.5625,-476.5625,-187.5,-921.875,-265.625
1567328,-335.9375,617.1875,703.125,-312.5,-914.0625,265.625,-78.125,-968.75,-203.125,-78.125,-851.5625,-476.5625,-187.5,-921.875,-265.625
1567473,-359.375,593.75,742.1875,-335.9375,-953.125,226.5625,-125.0,-984.375,-234.375,-125.0,-875.0,-492.1875,-234.375,-937.5,-281.25
1567473,-359.375,593.75,742.1875,-335.9375,-953.125,226.5625,-125.0,-984.375,-234.375,-125.0,-875.0,-492.1875,-234.375,-937.5,-281.25
1567473,-343.75,609.375,750.0,-328.125,-945.3125,226.5625,-125.0,-992.1875,-234.375,-125.0,-882.8125,-484.375,-250.0,-953.125,-281.25
1567473,-343.75,609.375,750.0,-328.125,-945.3125,226.5625,-125.0,-992.1875,-234.375,-125.0,-882.8125,-484.375,-250.0,-953.125,-281.25
1567481,-343.75,609.375,742.1875,-328.125,-960.9375,234.375,-117.1875,-1000.0,-226.5625,-132.8125,-882.8125,-492.1875,-234.375,-953.125,-281.25
1567481,-343.75,609.375,742.1875,-328.125,-960.9375,234.375,-117.1875,-1000.0,-226.5625,-132.8125,-882.8125,-492.1875,-234.375,-953.125,-281.25
1567490,-335.9375,617.1875,750.0,-320.3125,-960.9375,242.1875,-117.1875,-1000.0,-226.5625,-132.8125,-890.625,-492.1875,-242.1875,-945.3125,-273.4375
1567490,-335.9375,617.1875,750.0,-320.3125,-960.9375,242.1875,-117.1875,-1000.0,-226.5625,-132.8125,-890.625,-492.1875,-242.1875,-945.3125,-273.4375
1567634,-328.125,593.75,734.375,-289.0625,-953.125,265.625,-70.3125,-984.375,-218.75,-78.125,-867.1875,-492.1875,-187.5,-937.5,-289.0625
1567634,-328.125,593.75,734.375,-289.0625,-953.125,265.625,-70.3125,-984.375,-218.75,-78.125,-867.1875,-492.1875,-187.5,-937.5,-289.0625
1567635,-328.125,601.5625,734.375,-296.875,-953.125,257.8125,-70.3125,-992.1875,-218.75,-70.3125,-875.0,-492.1875,-179.6875,-945.3125,-289.0625
1567635,-328.125,601.5625,734.375,-296.875,-953.125,257.8125,-70.3125,-992.1875,-218.75,-70.3125,-875.0,-492.1875,-179.6875,-945.3125,-289.0625
1567642,-335.9375,601.5625,734.375,-296.875,-953.125,257.8125,-62.5,-992.1875,-218.75,-85.9375,-875.0,-492.1875,-195.3125,-937.5,-289.0625
1567642,-335.9375,601.5625,734.375,-296.875,-953.125,257.8125,-62.5,-992.1875,-218.75,-85.9375,-875.0,-492.1875,-195.3125,-937.5,-289.0625
1567649,-335.9375,617.1875,734.375,-296.875,-953.125,250.0,-70.3125,-984.375,-226.5625,-85.9375,-867.1875,-492.1875,-195.3125,-945.3125,-289.0625
1567649,-335.9375,617.1875,734.375,-296.875,-953.125,250.0,-70.3125,-984.375,-226.5625,-85.9375,-867.1875,-492.1875,-195.3125,-945.3125,-289.0625
1567755,-335.9375,625.0,734.375,-304.6875,-945.3125,250.0,-85.9375,-976.5625,-226.5625,-101.5625,-867.1875,-492.1875,-218.75,-929.6875,-289.0625
1567755,-335.9375,625.0,734.375,-304.6875,-945.3125,250.0,-85.9375,-976.5625,-226.5625,-101.5625,-867.1875,-492.1875,-218.75,-929.6875,-289.0625
1567756,-343.75,609.375,734.375,-296.875,-945.3125,242.1875,-85.9375,-976.5625,-218.75,-93.75,-875.0,-492.1875,-210.9375,-929.6875,-281.25
1567756,-343.75,609.375,734.375,-296.875,-945.3125,242.1875,-85.9375,-976.5625,-218.75,-93.75,-875.0,-492.1875,-210.9375,-929.6875,-281.25
1567763,-343.75,609.375,734.375,-304.6875,-945.3125,250.0,-85.9375,-992.1875,-210.9375,-85.9375,-875.0,-484.375,-210.9375,-945.3125,-281.25
1567763,-343.75,609.375,734.375,-304.6875,-945.3125,250.0,-85.9375,-992.1875,-210.9375,-85.9375,-875.0,-484.375,-210.9375,-945.3125,-281.25
1567771,-343.75,593.75,726.5625,-304.6875,-960.9375,250.0,-93.75,-984.375,-226.5625,-93.75,-867.1875,-484.375,-218.75,-937.5,-289.0625
1567771,-343.75,593.75,726.5625,-304.6875,-960.9375,250.0,-93.75,-984.375,-226.5625,-93.75,-867.1875,-484.375,-218.75,-937.5,-289.0625
1567836,-351.5625,578.125,718.75,-304.6875,-937.5,242.1875,-101.5625,-960.9375,-218.75,-109.375,-859.375,-468.75,-234.375,-921.875,-273.4375
1567836,-351.5625,578.125,718.75,-304.6875,-937.5,242.1875,-101.5625,-960.9375,-218.75,-109.375,-859.375,-468.75,-234.375,-921.875,-273.4375
1567836,-351.5625,593.75,726.5625,-304.6875,-929.6875,242.1875,-93.75,-968.75,-218.75,-117.1875,-867.1875,-476.5625,-234.375,-929.6875,-281.25
1567836,-351.5625,593.75,726.5625,-304.6875,-929.6875,242.1875,-93.75,-968.75,-218.75,-117.1875,-867.1875,-476.5625,-234.375,-929.6875,-281.25
1567844,-343.75,609.375,726.5625,-304.6875,-921.875,250.0,-101.5625,-968.75,-218.75,-117.1875,-859.375,-476.5625,-226.5625,-929.6875,-273.4375
1567844,-343.75,609.375,726.5625,-304.6875,-921.875,250.0,-101.5625,-968.75,-218.75,-117.1875,-859.375,-476.5625,-226.5625,-929.6875,-273.4375
1567852,-343.75,617.1875,726.5625,-312.5,-937.5,242.1875,-101.5625,-968.75,-226.5625,-117.1875,-859.375,-476.5625,-234.375,-929.6875,-281.25
1567852,-343.75,617.1875,726.5625,-312.5,-937.5,242.1875,-101.5625,-968.75,-226.5625,-117.1875,-859.375,-476.5625,-234.375,-929.6875,-281.25
