1548562,4777.5,6046.25,-4681.25
1548562,4777.5,6046.25,-4681.25
1548571,6986.875,13960.625,-4296.25
1548571,6986.875,13960.625,-4296.25
1548582,4751.25,18711.875,-2695.0
1548582,4751.25,18711.875,-2695.0
1548592,638.75,18598.125,-205.625
1548592,638.75,18598.125,-205.625
1548603,-4007.5,18790.625,888.125
1548603,-4007.5,18790.625,888.125
1548613,-11466.875,17123.75,2310.0
1548613,-11466.875,17123.75,2310.0
1548623,-13199.375,13816.25,2664.375
1548623,-13199.375,13816.25,2664.375
1548633,-8369.375,14743.75,1019.375
1548633,-8369.375,14743.75,1019.375
1548644,-1968.75,17740.625,-1347.5
1548644,-1968.75,17740.625,-1347.5
1548654,4252.5,18331.25,-2681.875
1548654,4252.5,18331.25,-2681.875
1548664,9296.875,14936.25,-3885.0
1548664,9296.875,14936.25,-3885.0
1548674,13825.0,8478.75,-5166.875
1548674,13825.0,8478.75,-5166.875
1548685,17535.0,2576.875,-5166.875
1548685,17535.0,2576.875,-5166.875
1548695,18847.5,-1881.25,-5276.25
1548695,18847.5,-1881.25,-5276.25
1548705,21192.5,-5127.5,-4620.0
1548705,21192.5,-5127.5,-4620.0
1548716,18847.5,-3679.375,-2016.875
1548716,18847.5,-3679.375,-2016.875
1548726,12411.875,-2865.625,1242.5
1548726,12411.875,-2865.625,1242.5
1548736,6991.25,-3570.0,4768.75
1548736,6991.25,-3570.0,4768.75
1548747,2961.875,306.25,7621.25
1548747,2961.875,306.25,7621.25
1548757,135.625,4528.125,8758.75
1548757,135.625,4528.125,8758.75
1548767,-319.375,6033.125,8491.875
1548767,-319.375,6033.125,8491.875
1548778,1316.875,5582.5,7743.75
1548778,1316.875,5582.5,7743.75
1548788,2113.125,4265.625,6265.0
1548788,2113.125,4265.625,6265.0
1548798,-468.125,2690.625,4200.0
1548798,-468.125,2690.625,4200.0
1548809,-6186.25,-783.125,2432.5
1548809,-6186.25,-783.125,2432.5
1548819,-12092.5,-6085.625,2445.625
1548819,-12092.5,-6085.625,2445.625
1548829,-16896.25,-9467.5,2301.25
1548829,-16896.25,-9467.5,2301.25
1548840,-19880.0,-13825.0,826.875
1548840,-19880.0,-13825.0,826.875
1548850,-19923.75,-18379.375,-888.125
1548850,-19923.75,-18379.375,-888.125
1548860,-16935.625,-15675.625,-2891.875
1548860,-16935.625,-15675.625,-2891.875
1548870,-13632.5,-12438.125,-4851.875
1548870,-13632.5,-12438.125,-4851.875
1548881,-9795.625,-10001.25,-5945.625
1548881,-9795.625,-10001.25,-5945.625
1548891,-5613.125,-6715.625,-6234.375
1548891,-5613.125,-6715.625,-6234.375
1548902,-2380.0,-4160.625,-6321.875
1548902,-2380.0,-4160.625,-6321.875
1548912,1036.875,-1421.875,-6387.5
1548912,1036.875,-1421.875,-6387.5
1548922,4239.375,2546.25,-6571.25
1548922,4239.375,2546.25,-6571.25
1548932,6426.875,6492.5,-6698.125
1548932,6426.875,6492.5,-6698.125
1548943,7153.125,9108.75,-6593.125
1548943,7153.125,9108.75,-6593.125
1548953,6247.5,10552.5,-5722.5
1548953,6247.5,10552.5,-5722.5
1548963,4217.5,11536.875,-4563.125
1548963,4217.5,11536.875,-4563.125
1548974,2117.5,12849.375,-3399.375
1548974,2117.5,12849.375,-3399.375
1548984,-100.625,14087.5,-2489.375
1548984,-100.625,14087.5,-2489.375
1548994,-1264.375,14778.75,-1750.0
1548994,-1264.375,14778.75,-1750.0
1549004,-1295.0,15159.375,-1373.75
1549004,-1295.0,15159.375,-1373.75
1549015,-866.25,14691.25,-1032.5
1549015,-866.25,14691.25,-1032.5
1549026,-542.5,12823.125,-415.625
1549026,-542.5,12823.125,-415.625
1549036,-236.25,10066.875,205.625
1549036,-236.25,10066.875,205.625
1549046,371.875,6523.125,1115.625
1549046,371.875,6523.125,1115.625
1549056,809.375,3145.625,1872.5
1549056,809.375,3145.625,1872.5
1549067,1605.625,87.5,2318.75
1549067,1605.625,87.5,2318.75
1549077,2423.75,-2550.625,2830.625
1549077,2423.75,-2550.625,2830.625
1549087,2909.375,-4003.125,3110.625
1549087,2909.375,-4003.125,3110.625
1549098,3154.375,-4904.375,3040.625
1549098,3154.375,-4904.375,3040.625
1549108,3661.875,-5801.25,3084.375
1549108,3661.875,-5801.25,3084.375
1549118,3714.375,-6413.75,3132.5
1549118,3714.375,-6413.75,3132.5
1549128,3828.125,-6829.375,2283.75
1549128,3828.125,-6829.375,2283.75
1549139,5228.125,-5175.625,2135.0
1549139,5228.125,-5175.625,2135.0
1549149,4830.0,-4878.125,2073.75
1549149,4830.0,-4878.125,2073.75
1549159,3701.25,-3237.5,1181.25
1549159,3701.25,-3237.5,1181.25
1549170,3128.125,-2782.5,748.125
1549170,3128.125,-2782.5,748.125
1549180,3062.5,-2410.625,240.625
1549180,3062.5,-2410.625,240.625
1549190,2485.0,-1627.5,-332.5
1549190,2485.0,-1627.5,-332.5
1549201,1903.125,-1098.125,-993.125
1549201,1903.125,-1098.125,-993.125
1549211,2152.5,-490.0,-1404.375
1549211,2152.5,-490.0,-1404.375
1549222,2813.125,651.875,-1811.25
1549222,2813.125,651.875,-1811.25
1549231,2170.0,1015.0,-2104.375
1549231,2170.0,1015.0,-2104.375
1549242,905.625,520.625,-2121.875
1549242,905.625,520.625,-2121.875
1549252,161.875,446.25,-1789.375
1549252,161.875,446.25,-1789.375
1549263,-805.0,-30.625,-1461.25
1549263,-805.0,-30.625,-1461.25
1549273,-1006.25,-1071.875,-1155.0
1549273,-1006.25,-1071.875,-1155.0
1549283,-1137.5,-1811.25,-603.75
1549283,-1137.5,-1811.25,-603.75
1549293,-1675.625,-1990.625,-227.5
1549293,-1675.625,-1990.625,-227.5
1549304,-2038.75,-1785.0,179.375
1549304,-2038.75,-1785.0,179.375
1549314,-1666.875,-1207.5,328.125
1549314,-1666.875,-1207.5,328.125
1549325,-835.625,-630.0,481.25
1549325,-835.625,-630.0,481.25
1549335,-109.375,91.875,630.0
1549335,-109.375,91.875,630.0
1549345,380.625,560.0,743.75
1549345,380.625,560.0,743.75
1549355,494.375,459.375,1163.75
1549355,494.375,459.375,1163.75
1549366,455.0,56.875,1627.5
1549366,455.0,56.875,1627.5
1549375,201.25,-437.5,2034.375
1549375,201.25,-437.5,2034.375
1549386,65.625,-765.625,2296.875
1549386,65.625,-765.625,2296.875
1549397,-135.625,-835.625,2563.75
1549397,-135.625,-835.625,2563.75
1549407,-358.75,-748.125,2712.5
1549407,-358.75,-748.125,2712.5
1549418,-853.125,-875.0,2791.25
1549418,-853.125,-875.0,2791.25
1549428,-984.375,-1071.875,2620.625
1549428,-984.375,-1071.875,2620.625
1549438,-415.625,-1080.625,2506.875
1549438,-415.625,-1080.625,2506.875
1549448,135.625,-953.75,2450.0
1549448,135.625,-953.75,2450.0
1549459,420.0,-1015.0,2327.5
1549459,420.0,-1015.0,2327.5
1549469,805.0,-1238.125,2248.75
1549469,805.0,-1238.125,2248.75
1549479,1168.125,-1386.875,2240.0
1549479,1168.125,-1386.875,2240.0
1549490,1150.625,-1316.875,1898.75
1549490,1150.625,-1316.875,1898.75
1549500,599.375,-1623.125,1614.375
1549500,599.375,-1623.125,1614.375
1549510,113.75,-2222.5,1483.125
1549510,113.75,-2222.5,1483.125
1549521,612.5,-2428.125,1238.125
1549521,612.5,-2428.125,1238.125
1549531,1365.0,-2712.5,1085.0
1549531,1365.0,-2712.5,1085.0
1549541,1544.375,-2480.625,805.0
1549541,1544.375,-2480.625,805.0
1549551,1172.5,-1938.125,673.75
1549551,1172.5,-1938.125,673.75
1549562,266.875,-1448.125,551.25
1549562,266.875,-1448.125,551.25
1549572,-210.0,-1977.5,542.5
1549572,-210.0,-1977.5,542.5
1549582,35.0,-2082.5,573.125
1549582,35.0,-2082.5,573.125
1549593,74.375,-1684.375,389.375
1549593,74.375,-1684.375,389.375
1549603,240.625,-1601.25,393.75
1549603,240.625,-1601.25,393.75
1549614,700.0,-1509.375,398.125
1549614,700.0,-1509.375,398.125
1549624,1041.25,-1369.375,271.25
1549624,1041.25,-1369.375,271.25
1549634,822.5,-1168.125,323.75
1549634,822.5,-1168.125,323.75
1549645,463.75,-1413.125,231.875
1549645,463.75,-1413.125,231.875
1549655,420.0,-2030.0,231.875
1549655,420.0,-2030.0,231.875
1549665,673.75,-2139.375,350.0
1549665,673.75,-2139.375,350.0
1549675,573.125,-2270.625,288.75
1549675,573.125,-2270.625,288.75
1549686,-74.375,-2183.125,118.125
1549686,-74.375,-2183.125,118.125
1549696,-306.25,-2712.5,266.875
1549696,-306.25,-2712.5,266.875
1549706,-214.375,-2598.75,266.875
1549706,-214.375,-2598.75,266.875
1549717,113.75,-2410.625,450.625
1549717,113.75,-2410.625,450.625
1549727,74.375,-2056.25,538.125
1549727,74.375,-2056.25,538.125
1549737,-284.375,-1653.75,542.5
1549737,-284.375,-1653.75,542.5
1549748,-713.125,-1605.625,385.0
1549748,-713.125,-1605.625,385.0
1549758,-669.375,-1592.5,393.75
1549758,-669.375,-1592.5,393.75
1549769,-363.125,-1561.875,398.125
1549769,-363.125,-1561.875,398.125
1549778,-65.625,-1281.875,503.125
1549778,-65.625,-1281.875,503.125
1549789,227.5,-984.375,490.0
1549789,227.5,-984.375,490.0
1549799,227.5,-844.375,433.125
1549799,227.5,-844.375,433.125
1549810,-83.125,-980.0,503.125
1549810,-83.125,-980.0,503.125
1549820,-170.625,-1264.375,564.375
1549820,-170.625,-1264.375,564.375
1549830,122.5,-1754.375,573.125
1549830,122.5,-1754.375,573.125
1549841,385.0,-1798.125,319.375
1549841,385.0,-1798.125,319.375
1549851,848.75,-1553.125,170.625
1549851,848.75,-1553.125,170.625
1549861,1041.25,-1220.625,236.25
1549861,1041.25,-1220.625,236.25
1549871,980.0,-1050.0,262.5
1549871,980.0,-1050.0,262.5
1549882,660.625,-1229.375,280.0
1549882,660.625,-1229.375,280.0
1549892,853.125,-1548.75,406.875
1549892,853.125,-1548.75,406.875
1549902,848.75,-1693.125,441.875
1549902,848.75,-1693.125,441.875
1549913,651.875,-1745.625,249.375
1549913,651.875,-1745.625,249.375
1549922,665.0,-1631.875,183.75
1549922,665.0,-1631.875,183.75
1549933,485.625,-1351.875,218.75
1549933,485.625,-1351.875,218.75
1549944,603.75,-1159.375,144.375
1549944,603.75,-1159.375,144.375
1549954,586.25,-931.875,-48.125
1549954,586.25,-931.875,-48.125
1549965,288.75,-1216.25,43.75
1549965,288.75,-1216.25,43.75
1549975,148.75,-1561.875,153.125
1549975,148.75,-1561.875,153.125
1549985,319.375,-1798.125,175.0
1549985,319.375,-1798.125,175.0
1549996,-26.25,-2174.375,126.875
1549996,-26.25,-2174.375,126.875
1550005,-175.0,-2445.625,-48.125
1550005,-175.0,-2445.625,-48.125
1550016,691.25,-1680.0,-43.75
1550016,691.25,-1680.0,-43.75
1550026,2021.25,-538.125,-13.125
1550026,2021.25,-538.125,-13.125
1550037,2043.125,-253.75,-100.625
1550037,2043.125,-253.75,-100.625
1550047,1015.0,-686.875,78.75
1550047,1015.0,-686.875,78.75
1550057,310.625,-1356.25,328.125
1550057,310.625,-1356.25,328.125
1550067,13.125,-2078.125,389.375
1550067,13.125,-2078.125,389.375
1550078,-245.0,-2642.5,638.75
1550078,-245.0,-2642.5,638.75
1550088,-949.375,-2821.875,866.25
1550088,-949.375,-2821.875,866.25
1550098,-1771.875,-2909.375,870.625
1550098,-1771.875,-2909.375,870.625
1550109,-2043.125,-2349.375,726.25
1550109,-2043.125,-2349.375,726.25
1550119,-1172.5,-1881.25,398.125
1550119,-1172.5,-1881.25,398.125
1550129,-170.625,-1277.5,411.25
1550129,-170.625,-1277.5,411.25
1550140,621.25,-761.25,319.375
1550140,621.25,-761.25,319.375
1550150,1238.125,-638.75,109.375
1550150,1238.125,-638.75,109.375
1550160,1369.375,-800.625,266.875
1550160,1369.375,-800.625,266.875
1550171,1308.125,-1133.125,332.5
1550171,1308.125,-1133.125,332.5
1550181,831.25,-1089.375,328.125
1550181,831.25,-1089.375,328.125
1550191,682.5,-1325.625,258.125
1550191,682.5,-1325.625,258.125
1550202,468.125,-1662.5,323.75
1550202,468.125,-1662.5,323.75
1550212,13.125,-1785.0,363.125
1550212,13.125,-1785.0,363.125
1550222,-371.875,-1903.125,402.5
1550222,-371.875,-1903.125,402.5
1550233,-656.25,-1771.875,533.75
1550233,-656.25,-1771.875,533.75
1550243,-560.0,-1308.125,485.625
1550243,-560.0,-1308.125,485.625
1550253,-315.0,-971.25,398.125
1550253,-315.0,-971.25,398.125
1550263,-301.875,-1128.75,231.875
1550263,-301.875,-1128.75,231.875
1550275,153.125,-1338.75,301.875
1550275,153.125,-1338.75,301.875
1550284,651.875,-1238.125,196.875
1550284,651.875,-1238.125,196.875
1550294,1194.375,-901.25,148.75
1550294,1194.375,-901.25,148.75
1550305,538.125,-468.125,161.875
1550305,538.125,-468.125,161.875
1550315,-78.75,-463.75,218.75
1550315,-78.75,-463.75,218.75
1550325,74.375,-682.5,210.0
1550325,74.375,-682.5,210.0
1550336,411.25,-840.0,196.875
1550336,411.25,-840.0,196.875
1550346,201.25,-896.875,253.75
1550346,201.25,-896.875,253.75
1550356,-406.875,-1330.0,284.375
1550356,-406.875,-1330.0,284.375
1550367,-713.125,-1701.875,262.5
1550367,-713.125,-1701.875,262.5
1550377,-341.25,-1636.25,201.25
1550377,-341.25,-1636.25,201.25
1550388,96.25,-1238.125,240.625
1550388,96.25,-1238.125,240.625
1550397,87.5,-831.25,205.625
1550397,87.5,-831.25,205.625
1550408,472.5,-643.125,214.375
1550408,472.5,-643.125,214.375
1550418,848.75,-730.625,297.5
1550418,848.75,-730.625,297.5
1550429,634.375,-953.75,315.0
1550429,634.375,-953.75,315.0
1550439,765.625,-1098.125,231.875
1550439,765.625,-1098.125,231.875
1550449,1124.375,-1063.125,196.875
1550449,1124.375,-1063.125,196.875
1550460,853.125,-1006.25,218.75
1550460,853.125,-1006.25,218.75
1550470,691.25,-1566.25,262.5
1550470,691.25,-1566.25,262.5
1550480,695.625,-1850.625,306.25
1550480,695.625,-1850.625,306.25
1550490,682.5,-1701.875,179.375
1550490,682.5,-1701.875,179.375
1550501,708.75,-1470.0,113.75
1550501,708.75,-1470.0,113.75
1550511,647.5,-1203.125,56.875
1550511,647.5,-1203.125,56.875
1550521,643.125,-971.25,52.5
1550521,643.125,-971.25,52.5
1550532,844.375,-914.375,183.75
1550532,844.375,-914.375,183.75
1550541,459.375,-1001.875,262.5
1550541,459.375,-1001.875,262.5
1550552,468.125,-1360.625,336.875
1550552,468.125,-1360.625,336.875
1550562,498.75,-1736.875,371.875
1550562,498.75,-1736.875,371.875
1550573,450.625,-1627.5,328.125
1550573,450.625,-1627.5,328.125
1550583,345.625,-1500.625,297.5
1550583,345.625,-1500.625,297.5
1550594,105.0,-1435.0,83.125
1550594,105.0,-1435.0,83.125
1550604,262.5,-1225.0,-56.875
1550604,262.5,-1225.0,-56.875
1550614,599.375,-1106.875,-26.25
1550614,599.375,-1106.875,-26.25
1550625,328.125,-853.125,-43.75
1550625,328.125,-853.125,-43.75
1550635,345.625,-993.125,109.375
1550635,345.625,-993.125,109.375
1550645,481.25,-1190.0,157.5
1550645,481.25,-1190.0,157.5
1550656,525.0,-1041.25,210.0
1550656,525.0,-1041.25,210.0
1550666,581.875,-1032.5,126.875
1550666,581.875,-1032.5,126.875
1550676,691.25,-1019.375,131.25
1550676,691.25,-1019.375,131.25
1550686,643.125,-931.875,39.375
1550686,643.125,-931.875,39.375
1550697,665.0,-971.25,43.75
1550697,665.0,-971.25,43.75
1550708,809.375,-1067.5,175.0
1550708,809.375,-1067.5,175.0
1550717,822.5,-997.5,105.0
1550717,822.5,-997.5,105.0
1550728,791.875,-975.625,196.875
1550728,791.875,-975.625,196.875
1550738,713.125,-997.5,179.375
1550738,713.125,-997.5,179.375
1550748,560.0,-1015.0,280.0
1550748,560.0,-1015.0,280.0
1550759,595.0,-918.75,170.625
1550759,595.0,-918.75,170.625
1550769,1093.75,-651.875,-4.375
1550769,1093.75,-651.875,-4.375
1550779,1045.625,-551.25,26.25
1550779,1045.625,-551.25,26.25
1550790,800.625,-590.625,126.875
1550790,800.625,-590.625,126.875
1550800,735.0,-866.25,214.375
1550800,735.0,-866.25,214.375
1550810,87.5,-1478.75,157.5
1550810,87.5,-1478.75,157.5
1550821,-48.125,-2266.25,201.25
1550821,-48.125,-2266.25,201.25
1550831,455.0,-1824.375,293.125
1550831,455.0,-1824.375,293.125
1550841,1505.0,-778.75,153.125
1550841,1505.0,-778.75,153.125
1550852,1373.75,-503.125,-8.75
1550852,1373.75,-503.125,-8.75
1550863,472.5,-608.125,-122.5
1550863,472.5,-608.125,-122.5
1550872,131.25,-993.125,-17.5
1550872,131.25,-993.125,-17.5
1550882,-8.75,-1470.0,183.75
1550882,-8.75,-1470.0,183.75
1550893,-564.375,-1824.375,323.75
1550893,-564.375,-1824.375,323.75
1550903,-1347.5,-2533.125,573.125
1550903,-1347.5,-2533.125,573.125
1550913,-2069.375,-2279.375,638.75
1550913,-2069.375,-2279.375,638.75
1550924,-2091.25,-2200.625,538.125
1550924,-2091.25,-2200.625,538.125
1550934,-1334.375,-1771.875,271.25
1550934,-1334.375,-1771.875,271.25
1550944,-48.125,-765.625,61.25
1550944,-48.125,-765.625,61.25
1550955,835.625,188.125,17.5
1550955,835.625,188.125,17.5
1550965,1102.5,126.875,0.0
1550965,1102.5,126.875,0.0
1550975,945.0,-363.125,39.375
1550975,945.0,-363.125,39.375
1550986,481.25,-901.25,109.375
1550986,481.25,-901.25,109.375
1550996,35.0,-1163.75,341.25
1550996,35.0,-1163.75,341.25
1551006,-336.875,-1264.375,411.25
1551006,-336.875,-1264.375,411.25
1551017,-643.125,-1465.625,398.125
1551017,-643.125,-1465.625,398.125
1551027,-638.75,-1566.25,371.875
1551027,-638.75,-1566.25,371.875
1551037,-595.0,-1386.875,297.5
1551037,-595.0,-1386.875,297.5
1551048,-332.5,-984.375,275.625
1551048,-332.5,-984.375,275.625
1551058,-280.0,-323.75,65.625
1551058,-280.0,-323.75,65.625
1551068,-240.625,-87.5,126.875
1551068,-240.625,-87.5,126.875
1551079,-258.125,-61.25,91.875
1551079,-258.125,-61.25,91.875
1551089,-43.75,-231.875,170.625
1551089,-43.75,-231.875,170.625
1551099,595.0,-170.625,166.25
1551099,595.0,-170.625,166.25
1551110,634.375,183.75,192.5
1551110,634.375,183.75,192.5
1551120,-161.875,-8.75,249.375
1551120,-161.875,-8.75,249.375
1551130,-328.125,70.0,83.125
1551130,-328.125,70.0,83.125
1551140,433.125,113.75,-43.75
1551140,433.125,113.75,-43.75
1551151,866.25,183.75,-35.0
1551151,866.25,183.75,-35.0
1551161,-39.375,275.625,-109.375
1551161,-39.375,275.625,-109.375
1551171,-822.5,-170.625,17.5
1551171,-822.5,-170.625,17.5
1551182,-945.0,-656.25,126.875
1551182,-945.0,-656.25,126.875
1551192,-1050.0,-188.125,144.375
1551192,-1050.0,-188.125,144.375
1551203,-861.875,161.875,249.375
1551203,-861.875,161.875,249.375
1551213,-446.25,428.75,280.0
1551213,-446.25,428.75,280.0
1551223,-262.5,608.125,280.0
1551223,-262.5,608.125,280.0
1551232,-131.25,616.875,249.375
1551232,-131.25,616.875,249.375
1551244,-175.0,721.875,126.875
1551244,-175.0,721.875,126.875
1551254,61.25,1045.625,-8.75
1551254,61.25,1045.625,-8.75
1551264,131.25,1085.0,-70.0
1551264,131.25,1085.0,-70.0
1551275,52.5,857.5,0.0
1551275,52.5,857.5,0.0
1551285,56.875,691.25,17.5
1551285,56.875,691.25,17.5
1551295,43.75,468.125,96.25
1551295,43.75,468.125,96.25
1551305,-61.25,201.25,70.0
1551305,-61.25,201.25,70.0
1551316,-258.125,-126.875,205.625
1551316,-258.125,-126.875,205.625
1551326,-258.125,-74.375,231.875
1551326,-258.125,-74.375,231.875
1551336,-96.25,-157.5,157.5
1551336,-96.25,-157.5,157.5
1551347,91.875,-323.75,210.0
1551347,91.875,-323.75,210.0
1551357,-4.375,-100.625,231.875
1551357,-4.375,-100.625,231.875
1551368,-4.375,-52.5,275.625
1551368,-4.375,-52.5,275.625
1551378,-262.5,118.125,310.625
1551378,-262.5,118.125,310.625
1551388,-520.625,157.5,196.875
1551388,-520.625,157.5,196.875
1551399,-402.5,253.75,175.0
1551399,-402.5,253.75,175.0
1551409,-420.0,608.125,284.375
1551409,-420.0,608.125,284.375
1551418,-468.125,739.375,236.25
1551418,-468.125,739.375,236.25
1551429,-350.0,936.25,13.125
1551429,-350.0,936.25,13.125
1551440,-376.25,1032.5,-48.125
1551440,-376.25,1032.5,-48.125
1551449,-651.875,1028.125,-135.625
1551449,-651.875,1028.125,-135.625
1551460,-616.875,945.0,0.0
1551460,-616.875,945.0,0.0
1551471,-595.0,1010.625,13.125
1551471,-595.0,1010.625,13.125
1551481,-910.0,1246.875,-52.5
1551481,-910.0,1246.875,-52.5
1551491,-735.0,1334.375,-39.375
1551491,-735.0,1334.375,-39.375
1551502,-625.625,1404.375,-78.75
1551502,-625.625,1404.375,-78.75
1551512,-638.75,1649.375,-140.0
1551512,-638.75,1649.375,-140.0
1551523,-253.75,1671.25,-161.875
1551523,-253.75,1671.25,-161.875
1551533,-43.75,1509.375,30.625
1551533,-43.75,1509.375,30.625
1551543,-43.75,1365.0,118.125
1551543,-43.75,1365.0,118.125
1551553,-463.75,1063.125,56.875
1551553,-463.75,1063.125,56.875
1551564,-778.75,730.625,91.875
1551564,-778.75,730.625,91.875
1551574,-450.625,678.125,170.625
1551574,-450.625,678.125,170.625
1551584,52.5,848.75,-13.125
1551584,52.5,848.75,-13.125
1551595,87.5,1050.0,48.125
1551595,87.5,1050.0,48.125
