684230,-52.5,4.375,-52.5
684230,-52.5,4.375,-52.5
684240,-52.5,-8.75,-70.0
684240,-52.5,-8.75,-70.0
684392,-13.125,0.0,-17.5
684392,-13.125,0.0,-17.5
684402,-56.875,4.375,-17.5
684402,-56.875,4.375,-17.5
684553,-8.75,-4.375,-43.75
684553,-8.75,-4.375,-43.75
684563,0.0,-8.75,-48.125
684563,0.0,-8.75,-48.125
684714,8.75,-21.875,-35.0
684714,8.75,-21.875,-35.0
684725,-4.375,-21.875,-30.625
684725,-4.375,-21.875,-30.625
684876,-78.75,-4.375,8.75
684876,-78.75,-4.375,8.75
684886,-70.0,-17.5,4.375
684886,-70.0,-17.5,4.375
685037,-26.25,13.125,-17.5
685037,-26.25,13.125,-17.5
685048,-13.125,8.75,-30.625
685048,-13.125,8.75,-30.625
685199,-52.5,4.375,-56.875
685199,-52.5,4.375,-56.875
685209,-87.5,4.375,-43.75
685209,-87.5,4.375,-43.75
685360,26.25,-43.75,-65.625
685360,26.25,-43.75,-65.625
685370,26.25,-43.75,-61.25
685370,26.25,-43.75,-61.25
685502,-17.5,-26.25,-78.75
685502,-17.5,-26.25,-78.75
685512,-43.75,-21.875,-109.375
685512,-43.75,-21.875,-109.375
685663,-245.0,-65.625,-581.875
685663,-245.0,-65.625,-581.875
685672,122.5,70.0,-529.375
685672,122.5,70.0,-529.375
685825,-2423.75,-284.375,-3430.0
685825,-2423.75,-284.375,-3430.0
685835,-3460.625,-74.375,-4147.5
685835,-3460.625,-74.375,-4147.5
685926,-8225.0,-621.25,-16568.125
685926,-8225.0,-621.25,-16568.125
685936,-8146.25,-271.25,-18746.875
685936,-8146.25,-271.25,-18746.875
