649546,-3666.25,-533.75,463.75
649546,-3666.25,-533.75,463.75
649556,-3478.125,345.625,35.0
649556,-3478.125,345.625,35.0
649567,-3740.625,949.375,-52.5
649567,-3740.625,949.375,-52.5
649577,-3727.5,1356.25,-328.125
649577,-3727.5,1356.25,-328.125
649588,-5582.5,2690.625,-660.625
649588,-5582.5,2690.625,-660.625
649597,-5464.375,1750.0,-1133.125
649597,-5464.375,1750.0,-1133.125
649608,1264.375,1045.625,-1216.25
649608,1264.375,1045.625,-1216.25
649619,332.5,2795.625,2213.75
649619,332.5,2795.625,2213.75
649629,-2415.0,931.875,2642.5
649629,-2415.0,931.875,2642.5
649639,-2655.625,-1141.875,2970.625
649639,-2655.625,-1141.875,2970.625
649649,-8837.5,2677.5,3329.375
649649,-8837.5,2677.5,3329.375
649660,-12289.375,4729.375,-3395.0
649660,-12289.375,4729.375,-3395.0
649671,-9240.0,4904.375,-6028.75
649671,-9240.0,4904.375,-6028.75
649680,-11834.375,7678.125,-5805.625
649680,-11834.375,7678.125,-5805.625
649691,-25182.5,9454.375,-6951.875
649691,-25182.5,9454.375,-6951.875
649701,-28043.75,7787.5,-5061.875
649701,-28043.75,7787.5,-5061.875
649711,-26149.375,9270.625,-4186.875
649711,-26149.375,9270.625,-4186.875
649722,-33516.875,10815.0,-3928.75
649722,-33516.875,10815.0,-3928.75
649732,-41238.75,16550.625,-2012.5
649732,-41238.75,16550.625,-2012.5
649742,-47757.5,23909.375,-3740.625
649742,-47757.5,23909.375,-3740.625
649753,-55006.875,29596.875,-4786.25
649753,-55006.875,29596.875,-4786.25
649763,-64745.625,34881.875,-5263.125
649763,-64745.625,34881.875,-5263.125
649773,-83453.125,35332.5,-6615.0
649773,-83453.125,35332.5,-6615.0
649783,-97396.25,32020.625,-7826.875
649783,-97396.25,32020.625,-7826.875
649794,-99662.5,34440.0,-10150.0
649794,-99662.5,34440.0,-10150.0
649804,-106334.375,43666.875,-12648.125
649804,-106334.375,43666.875,-12648.125
649814,-123606.875,45241.875,-13208.125
649814,-123606.875,45241.875,-13208.125
649825,-142008.125,49870.625,-15701.875
649825,-142008.125,49870.625,-15701.875
649835,-143360.0,60764.375,-19595.625
649835,-143360.0,60764.375,-19595.625
649845,-143123.75,69400.625,-18445.0
649845,-143123.75,69400.625,-18445.0
649856,-143294.375,89818.75,-13615.0
649856,-143294.375,89818.75,-13615.0
649866,-143360.0,130580.625,-12761.875
649866,-143360.0,130580.625,-12761.875
649876,-143355.625,-143360.0,-10727.5
649876,-143355.625,-143360.0,-10727.5
649886,-143360.0,-143360.0,-1290.625
649886,-143360.0,-143360.0,-1290.625
649897,-143360.0,143010.0,18112.5
649897,-143360.0,143010.0,18112.5
649908,-143360.0,-143360.0,45788.75
649908,-143360.0,-143360.0,45788.75
649918,-143360.0,-143360.0,64894.375
649918,-143360.0,-143360.0,64894.375
649928,-143360.0,143351.25,82468.75
649928,-143360.0,143351.25,82468.75
649938,-143360.0,135235.625,97050.625
649938,-143360.0,135235.625,97050.625
649948,-143360.0,123808.125,111068.125
649948,-143360.0,123808.125,111068.125
649959,-143360.0,143189.375,127421.875
649959,-143360.0,143189.375,127421.875
649969,-143360.0,138101.25,-143360.0
649969,-143360.0,138101.25,-143360.0
649980,-143360.0,103775.0,-143360.0
649980,-143360.0,103775.0,-143360.0
649990,-143360.0,83794.375,143106.25
649990,-143360.0,83794.375,143106.25
650000,-143360.0,94045.0,143342.5
650000,-143360.0,94045.0,143342.5
650011,-143360.0,125015.625,-143360.0
650011,-143360.0,125015.625,-143360.0
650021,-143360.0,127150.625,143355.625
650021,-143360.0,127150.625,143355.625
650031,-143360.0,102493.125,-143360.0
650031,-143360.0,102493.125,-143360.0
650041,-143360.0,96293.75,-143360.0
650041,-143360.0,96293.75,-143360.0
650052,-92575.0,113693.125,135279.375
650052,-92575.0,113693.125,135279.375
650062,-10736.25,141124.375,78701.875
650062,-10736.25,141124.375,78701.875
650072,-5158.125,121922.5,65590.0
650072,-5158.125,121922.5,65590.0
650082,-38080.0,86511.25,72988.125
650082,-38080.0,86511.25,72988.125
650093,-35691.25,50741.25,48247.5
650093,-35691.25,50741.25,48247.5
650103,-33289.375,39278.75,12372.5
650103,-33289.375,39278.75,12372.5
650114,-35918.75,27225.625,-3688.125
650114,-35918.75,27225.625,-3688.125
650124,-41851.25,19184.375,-15990.625
650124,-41851.25,19184.375,-15990.625
650134,-56678.125,20269.375,-27693.75
650134,-56678.125,20269.375,-27693.75
650144,-62190.625,14791.875,-31316.25
650144,-62190.625,14791.875,-31316.25
650155,-54875.625,8841.875,-32077.5
650155,-54875.625,8841.875,-32077.5
650165,-43767.5,-293.125,-34081.25
650165,-43767.5,-293.125,-34081.25
650176,-33687.5,-6195.0,-36509.375
650176,-33687.5,-6195.0,-36509.375
650186,-26753.125,-9218.125,-38049.375
650186,-26753.125,-9218.125,-38049.375
650196,-20973.75,-13545.0,-39624.375
650196,-20973.75,-13545.0,-39624.375
650207,-17688.125,-16021.25,-40779.375
650207,-17688.125,-16021.25,-40779.375
650218,-18396.875,-14306.25,-40162.5
650218,-18396.875,-14306.25,-40162.5
650227,-18309.375,-9581.25,-37765.0
650227,-18309.375,-9581.25,-37765.0
650237,-15890.0,-3985.625,-31421.25
650237,-15890.0,-3985.625,-31421.25
650248,-12884.375,1334.375,-22920.625
650248,-12884.375,1334.375,-22920.625
650258,-12665.625,-630.0,-5219.375
650258,-12665.625,-630.0,-5219.375
650268,459.375,10163.125,11388.125
650268,459.375,10163.125,11388.125
650279,22229.375,17421.25,9620.625
650279,22229.375,17421.25,9620.625
650289,23751.875,12333.125,2432.5
650289,23751.875,12333.125,2432.5
650299,24841.25,9410.625,-2992.5
650299,24841.25,9410.625,-2992.5
650310,26245.625,3456.25,-1150.625
650310,26245.625,3456.25,-1150.625
650320,31228.75,2865.625,4344.375
650320,31228.75,2865.625,4344.375
650330,35660.625,5748.75,7035.0
650330,35660.625,5748.75,7035.0
650341,33845.0,10561.25,9520.0
650341,33845.0,10561.25,9520.0
650351,30603.125,19512.5,13619.375
650351,30603.125,19512.5,13619.375
650361,28717.5,22203.125,18672.5
650361,28717.5,22203.125,18672.5
650372,27265.0,20466.25,21511.875
650372,27265.0,20466.25,21511.875
650382,25204.375,18453.75,20724.375
650382,25204.375,18453.75,20724.375
650392,22999.375,15894.375,18182.5
650392,22999.375,15894.375,18182.5
650403,21048.125,13864.375,15806.875
650403,21048.125,13864.375,15806.875
650413,19201.875,11563.125,13833.75
650413,19201.875,11563.125,13833.75
650423,16196.25,9060.625,12403.125
650423,16196.25,9060.625,12403.125
650434,12271.875,7704.375,11313.75
650434,12271.875,7704.375,11313.75
650444,8995.0,8732.5,10023.125
650444,8995.0,8732.5,10023.125
650454,6387.5,8242.5,8369.375
650454,6387.5,8242.5,8369.375
650464,3933.125,5661.25,5691.875
650464,3933.125,5661.25,5691.875
650475,1981.875,2948.75,2646.875
650475,1981.875,2948.75,2646.875
650485,411.25,1610.0,-612.5
650485,411.25,1610.0,-612.5
650495,-1041.25,2187.5,-3543.75
650495,-1041.25,2187.5,-3543.75
650506,-2533.125,2598.75,-5761.875
650506,-2533.125,2598.75,-5761.875
650516,-2581.25,2638.125,-7166.25
650516,-2581.25,2638.125,-7166.25
650527,-1658.125,3946.25,-8273.125
650527,-1658.125,3946.25,-8273.125
650537,-1435.0,5425.0,-8631.875
650537,-1435.0,5425.0,-8631.875
650546,-1881.25,6208.125,-8089.375
650546,-1881.25,6208.125,-8089.375
650557,-1452.5,6916.875,-7647.5
650557,-1452.5,6916.875,-7647.5
650568,-988.75,7516.25,-7459.375
650568,-988.75,7516.25,-7459.375
650578,-1006.25,7043.75,-7748.125
650578,-1006.25,7043.75,-7748.125
650588,-1386.875,7231.875,-8496.25
650588,-1386.875,7231.875,-8496.25
650599,-1684.375,8168.125,-8242.5
650599,-1684.375,8168.125,-8242.5
650609,-1220.625,9463.125,-7122.5
650609,-1220.625,9463.125,-7122.5
650619,-892.5,9638.125,-5779.375
650619,-892.5,9638.125,-5779.375
650630,-61.25,10045.0,-4987.5
650630,-61.25,10045.0,-4987.5
650640,87.5,11440.625,-4261.25
650640,87.5,11440.625,-4261.25
650650,371.875,11589.375,-3158.75
650650,371.875,11589.375,-3158.75
650661,1365.0,10880.625,-1758.75
650661,1365.0,10880.625,-1758.75
650671,2961.875,11191.25,-284.375
650671,2961.875,11191.25,-284.375
650681,4838.75,12425.0,1299.375
650681,4838.75,12425.0,1299.375
650691,5578.125,12385.625,2721.25
650691,5578.125,12385.625,2721.25
650702,5350.625,10968.125,4182.5
650702,5350.625,10968.125,4182.5
650712,5871.25,10088.75,4865.0
650712,5871.25,10088.75,4865.0
650722,6654.375,10727.5,5171.25
650722,6654.375,10727.5,5171.25
650733,8408.75,12031.25,5792.5
650733,8408.75,12031.25,5792.5
650743,10618.125,12306.875,6260.625
650743,10618.125,12306.875,6260.625
650753,10605.0,10228.75,6855.625
650753,10605.0,10228.75,6855.625
650764,7700.0,7796.25,8513.75
650764,7700.0,7796.25,8513.75
650774,4663.75,7048.125,9791.25
650774,4663.75,7048.125,9791.25
650784,1728.125,7665.0,10272.5
650784,1728.125,7665.0,10272.5
650795,-1596.875,8360.625,10469.375
650795,-1596.875,8360.625,10469.375
650805,-3325.0,8636.25,10351.25
650805,-3325.0,8636.25,10351.25
650815,-2585.625,6991.25,10010.0
650815,-2585.625,6991.25,10010.0
650826,-183.75,5923.75,9323.125
650826,-183.75,5923.75,9323.125
650836,1938.125,6588.75,8754.375
650836,1938.125,6588.75,8754.375
650846,3836.875,7017.5,8128.75
650846,3836.875,7017.5,8128.75
650856,4077.5,6750.625,7354.375
650856,4077.5,6750.625,7354.375
650867,3101.875,5573.75,6632.5
650867,3101.875,5573.75,6632.5
650878,2340.625,3946.25,6540.625
650878,2340.625,3946.25,6540.625
650888,2817.5,2598.75,6842.5
650888,2817.5,2598.75,6842.5
650898,3762.5,1561.875,7052.5
650898,3762.5,1561.875,7052.5
650908,4624.375,1964.375,6846.875
650908,4624.375,1964.375,6846.875
650919,6488.125,2616.25,6912.5
650919,6488.125,2616.25,6912.5
650929,8645.0,3635.625,6868.75
650929,8645.0,3635.625,6868.75
650939,10539.375,3740.625,6531.875
650939,10539.375,3740.625,6531.875
650949,12118.75,3710.0,5709.375
650949,12118.75,3710.0,5709.375
650960,13190.625,3473.75,4528.125
650960,13190.625,3473.75,4528.125
650970,13886.25,3241.875,3040.625
650970,13886.25,3241.875,3040.625
650980,14853.125,3399.375,1990.625
650980,14853.125,3399.375,1990.625
650991,15413.125,4160.625,1400.0
650991,15413.125,4160.625,1400.0
651001,14188.125,4305.0,1041.25
651001,14188.125,4305.0,1041.25
651011,10688.125,3438.75,1124.375
651011,10688.125,3438.75,1124.375
651022,7844.375,2441.25,962.5
651022,7844.375,2441.25,962.5
651033,6308.75,1194.375,564.375
651033,6308.75,1194.375,564.375
651042,5818.75,975.625,-240.625
651042,5818.75,975.625,-240.625
651053,6361.25,1181.25,-1518.125
651053,6361.25,1181.25,-1518.125
651062,6370.0,931.875,-2358.125
651062,6370.0,931.875,-2358.125
651073,6348.125,1203.125,-2340.625
651073,6348.125,1203.125,-2340.625
651084,6400.625,1684.375,-1916.25
651084,6400.625,1684.375,-1916.25
651094,7188.125,1662.5,-1124.375
651094,7188.125,1662.5,-1124.375
651104,7931.875,1728.125,-647.5
651104,7931.875,1728.125,-647.5
651114,8601.25,1566.25,-520.625
651114,8601.25,1566.25,-520.625
651125,8671.25,840.0,-590.625
651125,8671.25,840.0,-590.625
651135,7643.125,196.875,65.625
651135,7643.125,196.875,65.625
651146,7052.5,1080.625,857.5
651146,7052.5,1080.625,857.5
651156,7188.125,1907.5,1715.0
651156,7188.125,1907.5,1715.0
651166,6916.875,2288.125,2699.375
651166,6916.875,2288.125,2699.375
651176,6969.375,1662.5,2979.375
651176,6969.375,1662.5,2979.375
651187,6750.625,1435.0,2616.25
651187,6750.625,1435.0,2616.25
651197,6405.0,2721.25,2270.625
651197,6405.0,2721.25,2270.625
651207,6072.5,3316.25,2318.75
651207,6072.5,3316.25,2318.75
651218,3473.75,2305.625,2760.625
651218,3473.75,2305.625,2760.625
651228,293.125,1281.875,3386.25
651228,293.125,1281.875,3386.25
651238,-2953.125,1776.25,4186.875
651238,-2953.125,1776.25,4186.875
651249,-5503.75,1806.875,5639.375
651249,-5503.75,1806.875,5639.375
651259,-4414.375,1719.375,6440.0
651259,-4414.375,1719.375,6440.0
651269,-2152.5,2375.625,6203.75
651269,-2152.5,2375.625,6203.75
651280,-1006.25,3640.0,5923.75
651280,-1006.25,3640.0,5923.75
651290,634.375,4265.625,5906.25
651290,634.375,4265.625,5906.25
651301,2371.25,3574.375,5591.25
651301,2371.25,3574.375,5591.25
651311,3718.75,2909.375,4970.0
651311,3718.75,2909.375,4970.0
651321,4624.375,3640.0,4305.0
651321,4624.375,3640.0,4305.0
651331,5048.75,3898.125,4068.75
651331,5048.75,3898.125,4068.75
651342,6160.0,4090.625,3906.875
651342,6160.0,4090.625,3906.875
651352,7052.5,4130.0,3609.375
651352,7052.5,4130.0,3609.375
651362,7328.125,3937.5,3412.5
651362,7328.125,3937.5,3412.5
651373,6908.125,3272.5,3377.5
651373,6908.125,3272.5,3377.5
651382,6825.0,2450.0,3163.125
651382,6825.0,2450.0,3163.125
651393,7297.5,1986.25,2642.5
651393,7297.5,1986.25,2642.5
651403,7380.625,1203.125,2095.625
651403,7380.625,1203.125,2095.625
651414,6986.875,310.625,1671.25
651414,6986.875,310.625,1671.25
651424,6173.125,-376.25,1421.875
651424,6173.125,-376.25,1421.875
651434,5888.75,-748.125,1194.375
651434,5888.75,-748.125,1194.375
651444,5683.125,-1351.875,643.125
651444,5683.125,-1351.875,643.125
651455,5845.0,-2318.75,70.0
651455,5845.0,-2318.75,70.0
651465,6457.5,-3206.875,-581.875
651465,6457.5,-3206.875,-581.875
651476,6558.125,-4235.0,-1076.25
651476,6558.125,-4235.0,-1076.25
651486,6216.875,-4733.75,-1351.875
651486,6216.875,-4733.75,-1351.875
651497,5950.0,-4484.375,-1736.875
651497,5950.0,-4484.375,-1736.875
651507,5906.25,-4510.625,-2253.125
651507,5906.25,-4510.625,-2253.125
651517,6413.75,-4878.125,-2900.625
651517,6413.75,-4878.125,-2900.625
651527,6785.625,-5131.875,-3530.625
651527,6785.625,-5131.875,-3530.625
651538,6536.25,-5621.875,-4147.5
651538,6536.25,-5621.875,-4147.5
651548,5149.375,-5823.125,-4567.5
651548,5149.375,-5823.125,-4567.5
651558,3766.875,-5709.375,-4125.625
651558,3766.875,-5709.375,-4125.625
651569,2725.625,-4878.125,-3189.375
651569,2725.625,-4878.125,-3189.375
651580,2576.875,-3640.0,-2222.5
651580,2576.875,-3640.0,-2222.5
651589,3727.5,-2380.0,-1732.5
651589,3727.5,-2380.0,-1732.5
651599,4392.5,-1750.0,-1255.625
651599,4392.5,-1750.0,-1255.625
651610,5193.125,-1146.25,-988.75
651610,5193.125,-1146.25,-988.75
651620,5543.125,-651.875,-520.625
651620,5543.125,-651.875,-520.625
651630,5460.0,-958.125,-17.5
651630,5460.0,-958.125,-17.5
651641,6164.375,-682.5,271.25
651641,6164.375,-682.5,271.25
651651,7402.5,-726.25,861.875
651651,7402.5,-726.25,861.875
651661,9336.25,-30.625,1137.5
651661,9336.25,-30.625,1137.5
651672,11580.625,1111.25,1308.125
651672,11580.625,1111.25,1308.125
651682,14131.25,1522.5,1321.25
651682,14131.25,1522.5,1321.25
651692,15710.625,949.375,1356.25
651692,15710.625,949.375,1356.25
651703,16581.25,428.75,1172.5
651703,16581.25,428.75,1172.5
651713,16830.625,-21.875,1176.875
651713,16830.625,-21.875,1176.875
651723,16314.375,-577.5,1470.0
651723,16314.375,-577.5,1470.0
651734,15535.625,-1185.625,2248.75
651734,15535.625,-1185.625,2248.75
651744,13916.875,-1535.625,3040.625
651744,13916.875,-1535.625,3040.625
651754,11869.375,-1334.375,3889.375
651754,11869.375,-1334.375,3889.375
651765,9108.75,-1124.375,4821.25
651765,9108.75,-1124.375,4821.25
651775,5691.875,-1675.625,5639.375
651775,5691.875,-1675.625,5639.375
651785,3478.125,-1872.5,5678.75
651785,3478.125,-1872.5,5678.75
651795,2585.625,-2152.5,5346.25
651795,2585.625,-2152.5,5346.25
651806,2734.375,-2708.125,4991.875
651806,2734.375,-2708.125,4991.875
651815,3005.625,-2843.75,4274.375
651815,3005.625,-2843.75,4274.375
651826,3390.625,-3040.625,3731.875
651826,3390.625,-3040.625,3731.875
651837,4033.75,-3360.0,3801.875
651837,4033.75,-3360.0,3801.875
651847,4935.0,-4081.875,4217.5
651847,4935.0,-4081.875,4217.5
651857,6212.5,-4716.25,4480.0
651857,6212.5,-4716.25,4480.0
651868,6925.625,-5442.5,4611.25
651868,6925.625,-5442.5,4611.25
651878,7415.625,-5783.75,4418.75
651878,7415.625,-5783.75,4418.75
651889,7476.875,-5180.0,4051.25
651889,7476.875,-5180.0,4051.25
651899,7516.25,-3902.5,3902.5
651899,7516.25,-3902.5,3902.5
651909,8645.0,-2095.625,3075.625
651909,8645.0,-2095.625,3075.625
651919,10447.5,-1351.875,2126.25
651919,10447.5,-1351.875,2126.25
651930,12735.625,-1290.625,958.125
651930,12735.625,-1290.625,958.125
651940,15596.875,-1168.125,-297.5
651940,15596.875,-1168.125,-297.5
651950,18125.625,-2576.875,-923.125
651950,18125.625,-2576.875,-923.125
651961,20803.125,-4746.875,-1701.875
651961,20803.125,-4746.875,-1701.875
651971,22649.375,-6370.0,-3066.875
651971,22649.375,-6370.0,-3066.875
651981,22050.0,-8907.5,-4086.25
651981,22050.0,-8907.5,-4086.25
651992,21078.75,-12175.625,-5263.125
651992,21078.75,-12175.625,-5263.125
652002,21297.5,-15841.875,-6825.0
652002,21297.5,-15841.875,-6825.0
652012,21988.75,-20352.5,-7892.5
652012,21988.75,-20352.5,-7892.5
652022,22478.75,-26136.25,-10167.5
652022,22478.75,-26136.25,-10167.5
652033,22789.375,-35774.375,-13107.5
652033,22789.375,-35774.375,-13107.5
652043,24618.125,-47114.375,-16292.5
652043,24618.125,-47114.375,-16292.5
652053,28236.25,-57649.375,-20230.0
652053,28236.25,-57649.375,-20230.0
652064,32536.875,-69689.375,-24447.5
652064,32536.875,-69689.375,-24447.5
652074,37454.375,-80998.75,-30856.875
652074,37454.375,-80998.75,-30856.875
652085,43067.5,-92723.75,-35385.0
652085,43067.5,-92723.75,-35385.0
652095,47801.25,-109799.375,-41588.75
652095,47801.25,-109799.375,-41588.75
652105,51218.125,-130646.25,-51646.875
652105,51218.125,-130646.25,-51646.875
652115,55881.875,-143355.625,-61958.75
652115,55881.875,-143355.625,-61958.75
652126,62991.25,-143355.625,-70577.5
652126,62991.25,-143355.625,-70577.5
652136,94679.375,-143101.875,-78833.125
652136,94679.375,-143101.875,-78833.125
652146,143355.625,-143355.625,-92872.5
652146,143355.625,-143355.625,-92872.5
652157,143355.625,-143355.625,-94386.25
652157,143355.625,-143355.625,-94386.25
652167,142117.5,-108920.0,-117000.625
652167,142117.5,-108920.0,-117000.625
652177,143355.625,24885.0,-143355.625
652177,143355.625,24885.0,-143355.625
652188,143355.625,8330.0,-142025.625
652188,143355.625,8330.0,-142025.625
652198,143333.75,-122447.5,-126437.5
652198,143333.75,-122447.5,-126437.5
652208,143355.625,-117740.0,-119560.0
652208,143355.625,-117740.0,-119560.0
652218,143355.625,-89079.375,-106277.5
652218,143355.625,-89079.375,-106277.5
652229,143355.625,-80071.25,-87141.25
652229,143355.625,-80071.25,-87141.25
652240,143355.625,-80618.125,-79178.75
652240,143355.625,-80618.125,-79178.75
652249,143355.625,-106592.5,-60589.375
652249,143355.625,-106592.5,-60589.375
652260,143355.625,-125448.75,-66281.25
652260,143355.625,-125448.75,-66281.25
652270,143355.625,-136316.25,-60388.125
652270,143355.625,-136316.25,-60388.125
652281,143355.625,-143355.625,-42783.125
652281,143355.625,-143355.625,-42783.125
652291,143355.625,-143355.625,-38600.625
652291,143355.625,-143355.625,-38600.625
652301,143355.625,-143202.5,-30603.125
652301,143355.625,-143202.5,-30603.125
652311,143355.625,-143355.625,-15771.875
652311,143355.625,-143355.625,-15771.875
652322,143355.625,-143355.625,5468.75
652322,143355.625,-143355.625,5468.75
652332,143355.625,-143355.625,23918.125
652332,143355.625,-143355.625,23918.125
652342,143355.625,-143355.625,36211.875
652342,143355.625,-143355.625,36211.875
652353,143355.625,-143355.625,67532.5
652353,143355.625,-143355.625,67532.5
652363,143355.625,-143355.625,100288.125
652363,143355.625,-143355.625,100288.125
652373,138363.75,-143355.625,108823.75
652373,138363.75,-143355.625,108823.75
652384,91096.25,-143355.625,101858.75
652384,91096.25,-143355.625,101858.75
652394,49630.0,-143355.625,93817.5
652394,49630.0,-143355.625,93817.5
652404,48693.75,-143355.625,78080.625
652404,48693.75,-143355.625,78080.625
652415,56603.75,-141391.25,58100.0
652415,56603.75,-141391.25,58100.0
652425,44038.75,-117206.25,43181.25
652425,44038.75,-117206.25,43181.25
652434,23380.0,-83453.125,23524.375
652434,23380.0,-83453.125,23524.375
652445,6619.375,-63183.75,15666.875
652445,6619.375,-63183.75,15666.875
652456,-2493.75,-52635.625,5831.875
652456,-2493.75,-52635.625,5831.875
652466,1264.375,-34650.0,-14310.625
652466,1264.375,-34650.0,-14310.625
652476,4261.25,-17898.125,-30113.125
652476,4261.25,-17898.125,-30113.125
652487,3224.375,-13422.5,-37266.25
652487,3224.375,-13422.5,-37266.25
652497,7087.5,-10351.25,-44073.75
652497,7087.5,-10351.25,-44073.75
652508,5131.875,-9038.75,-52447.5
652508,5131.875,-9038.75,-52447.5
652518,2730.0,-7275.625,-61385.625
652518,2730.0,-7275.625,-61385.625
652528,12836.25,2187.5,-63109.375
652528,12836.25,2187.5,-63109.375
652538,29076.25,17119.375,-62606.25
652538,29076.25,17119.375,-62606.25
652549,35490.0,28953.75,-61626.25
652549,35490.0,28953.75,-61626.25
652559,28091.875,30712.5,-54066.25
652559,28091.875,30712.5,-54066.25
652569,26031.25,29141.875,-51988.125
652569,26031.25,29141.875,-51988.125
652580,19499.375,28441.875,-46291.875
652580,19499.375,28441.875,-46291.875
652590,11646.25,22566.25,-37502.5
652590,11646.25,22566.25,-37502.5
652600,6728.75,7560.0,-36793.75
652600,6728.75,7560.0,-36793.75
652611,37891.875,7721.875,-30655.625
652611,37891.875,7721.875,-30655.625
652621,66670.625,10780.0,-9629.375
652621,66670.625,10780.0,-9629.375
