693155,-54.6875,437.5,906.25,210.9375,-609.375,765.625,343.75,-882.8125,351.5625,640.625,-742.1875,93.75,656.25,-703.125,242.1875
693155,-54.6875,437.5,906.25,210.9375,-609.375,765.625,343.75,-882.8125,351.5625,640.625,-742.1875,93.75,656.25,-703.125,242.1875
693155,-54.6875,429.6875,898.4375,210.9375,-632.8125,773.4375,343.75,-882.8125,367.1875,648.4375,-750.0,85.9375,656.25,-703.125,250.0
693155,-54.6875,429.6875,898.4375,210.9375,-632.8125,773.4375,343.75,-882.8125,367.1875,648.4375,-750.0,85.9375,656.25,-703.125,250.0
693163,-54.6875,429.6875,898.4375,218.75,-625.0,773.4375,351.5625,-882.8125,359.375,648.4375,-750.0,85.9375,664.0625,-703.125,242.1875
693163,-54.6875,429.6875,898.4375,218.75,-625.0,773.4375,351.5625,-882.8125,359.375,648.4375,-750.0,85.9375,664.0625,-703.125,242.1875
693171,-54.6875,429.6875,898.4375,210.9375,-617.1875,765.625,343.75,-882.8125,359.375,648.4375,-742.1875,85.9375,656.25,-710.9375,250.0
693171,-54.6875,429.6875,898.4375,210.9375,-617.1875,765.625,343.75,-882.8125,359.375,648.4375,-742.1875,85.9375,656.25,-710.9375,250.0
693316,-62.5,429.6875,898.4375,210.9375,-625.0,773.4375,343.75,-890.625,367.1875,648.4375,-750.0,85.9375,648.4375,-710.9375,242.1875
693316,-62.5,429.6875,898.4375,210.9375,-625.0,773.4375,343.75,-890.625,367.1875,648.4375,-750.0,85.9375,648.4375,-710.9375,242.1875
693316,-54.6875,429.6875,898.4375,210.9375,-617.1875,789.0625,351.5625,-890.625,359.375,648.4375,-750.0,101.5625,648.4375,-710.9375,250.0
693316,-54.6875,429.6875,898.4375,210.9375,-617.1875,789.0625,351.5625,-890.625,359.375,648.4375,-750.0,101.5625,648.4375,-710.9375,250.0
693325,-54.6875,437.5,898.4375,210.9375,-617.1875,781.25,335.9375,-882.8125,359.375,648.4375,-742.1875,85.9375,664.0625,-710.9375,250.0
693325,-54.6875,437.5,898.4375,210.9375,-617.1875,781.25,335.9375,-882.8125,359.375,648.4375,-742.1875,85.9375,664.0625,-710.9375,250.0
693332,-54.6875,437.5,898.4375,210.9375,-617.1875,773.4375,351.5625,-882.8125,351.5625,648.4375,-750.0,101.5625,648.4375,-718.75,250.0
693332,-54.6875,437.5,898.4375,210.9375,-617.1875,773.4375,351.5625,-882.8125,351.5625,648.4375,-750.0,101.5625,648.4375,-718.75,250.0
693477,-54.6875,445.3125,906.25,226.5625,-632.8125,796.875,359.375,-890.625,367.1875,664.0625,-757.8125,101.5625,679.6875,-710.9375,257.8125
693477,-54.6875,445.3125,906.25,226.5625,-632.8125,796.875,359.375,-890.625,367.1875,664.0625,-757.8125,101.5625,679.6875,-710.9375,257.8125
693478,-54.6875,437.5,906.25,210.9375,-625.0,789.0625,359.375,-890.625,375.0,664.0625,-757.8125,93.75,664.0625,-718.75,265.625
693478,-54.6875,437.5,906.25,210.9375,-625.0,789.0625,359.375,-890.625,375.0,664.0625,-757.8125,93.75,664.0625,-718.75,265.625
693486,-46.875,437.5,914.0625,210.9375,-640.625,789.0625,343.75,-906.25,375.0,656.25,-765.625,101.5625,664.0625,-718.75,265.625
693486,-46.875,437.5,914.0625,210.9375,-640.625,789.0625,343.75,-906.25,375.0,656.25,-765.625,101.5625,664.0625,-718.75,265.625
693493,-46.875,445.3125,906.25,210.9375,-640.625,781.25,351.5625,-898.4375,367.1875,664.0625,-765.625,101.5625,671.875,-734.375,265.625
693493,-46.875,445.3125,906.25,210.9375,-640.625,781.25,351.5625,-898.4375,367.1875,664.0625,-765.625,101.5625,671.875,-734.375,265.625
693736,-54.6875,421.875,898.4375,210.9375,-617.1875,796.875,390.625,-882.8125,390.625,648.4375,-750.0,109.375,664.0625,-726.5625,265.625
693736,-54.6875,421.875,898.4375,210.9375,-617.1875,796.875,390.625,-882.8125,390.625,648.4375,-750.0,109.375,664.0625,-726.5625,265.625
693744,-78.125,445.3125,890.625,187.5,-640.625,789.0625,304.6875,-890.625,375.0,664.0625,-757.8125,109.375,656.25,-710.9375,265.625
693744,-78.125,445.3125,890.625,187.5,-640.625,789.0625,304.6875,-890.625,375.0,664.0625,-757.8125,109.375,656.25,-710.9375,265.625
693744,-62.5,468.75,890.625,195.3125,-625.0,789.0625,351.5625,-882.8125,375.0,648.4375,-765.625,109.375,648.4375,-710.9375,265.625
693744,-62.5,468.75,890.625,195.3125,-625.0,789.0625,351.5625,-882.8125,375.0,648.4375,-765.625,109.375,648.4375,-710.9375,265.625
693752,-46.875,476.5625,890.625,226.5625,-601.5625,789.0625,343.75,-890.625,367.1875,656.25,-757.8125,101.5625,656.25,-710.9375,273.4375
693752,-46.875,476.5625,890.625,226.5625,-601.5625,789.0625,343.75,-890.625,367.1875,656.25,-757.8125,101.5625,656.25,-710.9375,273.4375
693897,-23.4375,484.375,867.1875,250.0,-562.5,835.9375,359.375,-875.0,421.875,687.5,-757.8125,148.4375,679.6875,-710.9375,320.3125
693897,-23.4375,484.375,867.1875,250.0,-562.5,835.9375,359.375,-875.0,421.875,687.5,-757.8125,148.4375,679.6875,-710.9375,320.3125
693905,-23.4375,492.1875,875.0,257.8125,-585.9375,843.75,390.625,-875.0,429.6875,671.875,-750.0,164.0625,695.3125,-718.75,328.125
693905,-23.4375,492.1875,875.0,257.8125,-585.9375,843.75,390.625,-875.0,429.6875,671.875,-750.0,164.0625,695.3125,-718.75,328.125
693905,-7.8125,429.6875,851.5625,304.6875,-562.5,851.5625,375.0,-867.1875,453.125,687.5,-742.1875,171.875,671.875,-718.75,328.125
693905,-7.8125,429.6875,851.5625,304.6875,-562.5,851.5625,375.0,-867.1875,453.125,687.5,-742.1875,171.875,671.875,-718.75,328.125
693913,-23.4375,453.125,859.375,226.5625,-632.8125,843.75,398.4375,-906.25,437.5,710.9375,-773.4375,179.6875,695.3125,-703.125,351.5625
693913,-23.4375,453.125,859.375,226.5625,-632.8125,843.75,398.4375,-906.25,437.5,710.9375,-773.4375,179.6875,695.3125,-703.125,351.5625
694018,39.0625,757.8125,976.5625,414.0625,-562.5,1054.6875,515.625,-968.75,617.1875,867.1875,-843.75,304.6875,804.6875,-781.25,468.75
694018,39.0625,757.8125,976.5625,414.0625,-562.5,1054.6875,515.625,-968.75,617.1875,867.1875,-843.75,304.6875,804.6875,-781.25,468.75
694026,46.875,742.1875,976.5625,406.25,-585.9375,1070.3125,531.25,-960.9375,617.1875,835.9375,-843.75,265.625,804.6875,-812.5,468.75
694026,46.875,742.1875,976.5625,406.25,-585.9375,1070.3125,531.25,-960.9375,617.1875,835.9375,-843.75,265.625,804.6875,-812.5,468.75
694026,31.25,750.0,960.9375,414.0625,-609.375,1085.9375,515.625,-968.75,617.1875,843.75,-867.1875,273.4375,796.875,-828.125,484.375
694026,31.25,750.0,960.9375,414.0625,-609.375,1085.9375,515.625,-968.75,617.1875,843.75,-867.1875,273.4375,796.875,-828.125,484.375
694034,7.8125,773.4375,953.125,437.5,-617.1875,1140.625,500.0,-1000.0,617.1875,843.75,-890.625,296.875,789.0625,-828.125,484.375
694034,7.8125,773.4375,953.125,437.5,-617.1875,1140.625,500.0,-1000.0,617.1875,843.75,-890.625,296.875,789.0625,-828.125,484.375
694179,-265.625,632.8125,796.875,23.4375,-679.6875,843.75,31.25,-921.875,421.875,289.0625,-960.9375,62.5,265.625,-937.5,226.5625
694179,-265.625,632.8125,796.875,23.4375,-679.6875,843.75,31.25,-921.875,421.875,289.0625,-960.9375,62.5,265.625,-937.5,226.5625
694187,-210.9375,695.3125,734.375,15.625,-671.875,796.875,39.0625,-898.4375,414.0625,273.4375,-929.6875,70.3125,265.625,-914.0625,242.1875
694187,-210.9375,695.3125,734.375,15.625,-671.875,796.875,39.0625,-898.4375,414.0625,273.4375,-929.6875,70.3125,265.625,-914.0625,242.1875
694187,-320.3125,773.4375,679.6875,-23.4375,-687.5,781.25,7.8125,-890.625,398.4375,273.4375,-929.6875,78.125,265.625,-906.25,257.8125
694187,-320.3125,773.4375,679.6875,-23.4375,-687.5,781.25,7.8125,-890.625,398.4375,273.4375,-929.6875,78.125,265.625,-906.25,257.8125
694195,-351.5625,835.9375,835.9375,-62.5,-625.0,734.375,-15.625,-859.375,375.0,289.0625,-914.0625,125.0,273.4375,-882.8125,281.25
694195,-351.5625,835.9375,835.9375,-62.5,-625.0,734.375,-15.625,-859.375,375.0,289.0625,-914.0625,125.0,273.4375,-882.8125,281.25
694341,-484.375,320.3125,539.0625,-250.0,-625.0,484.375,-210.9375,-742.1875,281.25,0.0,-804.6875,7.8125,-62.5,-789.0625,125.0
694341,-484.375,320.3125,539.0625,-250.0,-625.0,484.375,-210.9375,-742.1875,281.25,0.0,-804.6875,7.8125,-62.5,-789.0625,125.0
694349,-476.5625,359.375,554.6875,-265.625,-648.4375,453.125,-203.125,-773.4375,273.4375,31.25,-828.125,23.4375,-62.5,-820.3125,148.4375
694349,-476.5625,359.375,554.6875,-265.625,-648.4375,453.125,-203.125,-773.4375,273.4375,31.25,-828.125,23.4375,-62.5,-820.3125,148.4375
694349,-476.5625,398.4375,546.875,-257.8125,-656.25,453.125,-203.125,-781.25,273.4375,46.875,-851.5625,31.25,-46.875,-835.9375,195.3125
694349,-476.5625,398.4375,546.875,-257.8125,-656.25,453.125,-203.125,-781.25,273.4375,46.875,-851.5625,31.25,-46.875,-835.9375,195.3125
694357,-492.1875,421.875,539.0625,-250.0,-648.4375,453.125,-195.3125,-773.4375,265.625,62.5,-859.375,31.25,0.0,-820.3125,203.125
694357,-492.1875,421.875,539.0625,-250.0,-648.4375,453.125,-195.3125,-773.4375,265.625,62.5,-859.375,31.25,0.0,-820.3125,203.125
694502,-85.9375,773.4375,820.3125,-171.875,-718.75,578.125,-125.0,-835.9375,320.3125,101.5625,-890.625,0.0,15.625,-882.8125,195.3125
694502,-85.9375,773.4375,820.3125,-171.875,-718.75,578.125,-125.0,-835.9375,320.3125,101.5625,-890.625,0.0,15.625,-882.8125,195.3125
694510,-281.25,664.0625,679.6875,-109.375,-757.8125,546.875,-125.0,-898.4375,281.25,70.3125,-953.125,-39.0625,-46.875,-945.3125,156.25
694510,-281.25,664.0625,679.6875,-109.375,-757.8125,546.875,-125.0,-898.4375,281.25,70.3125,-953.125,-39.0625,-46.875,-945.3125,156.25
694510,-335.9375,570.3125,609.375,-85.9375,-742.1875,578.125,-132.8125,-890.625,273.4375,54.6875,-960.9375,-62.5,-85.9375,-960.9375,109.375
694510,-335.9375,570.3125,609.375,-85.9375,-742.1875,578.125,-132.8125,-890.625,273.4375,54.6875,-960.9375,-62.5,-85.9375,-960.9375,109.375
694518,-289.0625,570.3125,609.375,-46.875,-726.5625,632.8125,-109.375,-867.1875,281.25,46.875,-929.6875,-78.125,-117.1875,-929.6875,46.875
694518,-289.0625,570.3125,609.375,-46.875,-726.5625,632.8125,-109.375,-867.1875,281.25,46.875,-929.6875,-78.125,-117.1875,-929.6875,46.875
694663,-312.5,695.3125,695.3125,7.8125,-843.75,718.75,23.4375,-1046.875,390.625,210.9375,-1062.5,-15.625,-7.8125,-1070.3125,156.25
694663,-312.5,695.3125,695.3125,7.8125,-843.75,718.75,23.4375,-1046.875,390.625,210.9375,-1062.5,-15.625,-7.8125,-1070.3125,156.25
694671,-296.875,757.8125,734.375,23.4375,-796.875,718.75,39.0625,-1031.25,390.625,218.75,-1070.3125,-7.8125,-7.8125,-1062.5,171.875
694671,-296.875,757.8125,734.375,23.4375,-796.875,718.75,39.0625,-1031.25,390.625,218.75,-1070.3125,-7.8125,-7.8125,-1062.5,171.875
694671,-296.875,757.8125,757.8125,46.875,-773.4375,765.625,46.875,-1007.8125,406.25,218.75,-1062.5,-7.8125,0.0,-1062.5,187.5
694671,-296.875,757.8125,757.8125,46.875,-773.4375,765.625,46.875,-1007.8125,406.25,218.75,-1062.5,-7.8125,0.0,-1062.5,187.5
694679,-343.75,703.125,695.3125,39.0625,-796.875,796.875,23.4375,-1007.8125,414.0625,210.9375,-1062.5,-15.625,0.0,-1070.3125,164.0625
694679,-343.75,703.125,695.3125,39.0625,-796.875,796.875,23.4375,-1007.8125,414.0625,210.9375,-1062.5,-15.625,0.0,-1070.3125,164.0625
694824,-367.1875,648.4375,695.3125,-117.1875,-734.375,710.9375,-101.5625,-937.5,414.0625,85.9375,-1015.625,39.0625,-109.375,-1000.0,171.875
694824,-367.1875,648.4375,695.3125,-117.1875,-734.375,710.9375,-101.5625,-937.5,414.0625,85.9375,-1015.625,39.0625,-109.375,-1000.0,171.875
694832,-390.625,648.4375,695.3125,-125.0,-742.1875,718.75,-125.0,-929.6875,414.0625,78.125,-1007.8125,39.0625,-117.1875,-1000.0,179.6875
694832,-390.625,648.4375,695.3125,-125.0,-742.1875,718.75,-125.0,-929.6875,414.0625,78.125,-1007.8125,39.0625,-117.1875,-1000.0,179.6875
694832,-398.4375,648.4375,687.5,-125.0,-734.375,718.75,-117.1875,-921.875,414.0625,70.3125,-1007.8125,31.25,-117.1875,-984.375,187.5
694832,-398.4375,648.4375,687.5,-125.0,-734.375,718.75,-117.1875,-921.875,414.0625,70.3125,-1007.8125,31.25,-117.1875,-984.375,187.5
694840,-406.25,648.4375,695.3125,-148.4375,-726.5625,718.75,-117.1875,-914.0625,429.6875,78.125,-1015.625,46.875,-109.375,-992.1875,187.5
694840,-406.25,648.4375,695.3125,-148.4375,-726.5625,718.75,-117.1875,-914.0625,429.6875,78.125,-1015.625,46.875,-109.375,-992.1875,187.5
694986,-859.375,960.9375,398.4375,-312.5,-421.875,1210.9375,-140.625,-804.6875,1039.0625,132.8125,-1156.25,664.0625,-195.3125,-1046.875,812.5
694986,-859.375,960.9375,398.4375,-312.5,-421.875,1210.9375,-140.625,-804.6875,1039.0625,132.8125,-1156.25,664.0625,-195.3125,-1046.875,812.5
694994,-851.5625,960.9375,390.625,-312.5,-429.6875,1218.75,-140.625,-828.125,1039.0625,132.8125,-1171.875,664.0625,-187.5,-1054.6875,820.3125
694994,-851.5625,960.9375,390.625,-312.5,-429.6875,1218.75,-140.625,-828.125,1039.0625,132.8125,-1171.875,664.0625,-187.5,-1054.6875,820.3125
694994,-859.375,945.3125,367.1875,-320.3125,-429.6875,1210.9375,-140.625,-812.5,1046.875,132.8125,-1164.0625,664.0625,-187.5,-1046.875,828.125
694994,-859.375,945.3125,367.1875,-320.3125,-429.6875,1210.9375,-140.625,-812.5,1046.875,132.8125,-1164.0625,664.0625,-187.5,-1046.875,828.125
695002,-867.1875,929.6875,367.1875,-304.6875,-414.0625,1218.75,-132.8125,-804.6875,1046.875,132.8125,-1156.25,671.875,-179.6875,-1039.0625,828.125
695002,-867.1875,929.6875,367.1875,-304.6875,-414.0625,1218.75,-132.8125,-804.6875,1046.875,132.8125,-1156.25,671.875,-179.6875,-1039.0625,828.125
695147,695.3125,164.0625,531.25,695.3125,-882.8125,31.25,781.25,-953.125,-289.0625,1093.75,-679.6875,-593.75,1125.0,-921.875,-109.375
695147,695.3125,164.0625,531.25,695.3125,-882.8125,31.25,781.25,-953.125,-289.0625,1093.75,-679.6875,-593.75,1125.0,-921.875,-109.375
695155,882.8125,242.1875,601.5625,851.5625,-968.75,46.875,750.0,-1062.5,-429.6875,960.9375,-718.75,-773.4375,968.75,-984.375,-320.3125
695155,882.8125,242.1875,601.5625,851.5625,-968.75,46.875,750.0,-1062.5,-429.6875,960.9375,-718.75,-773.4375,968.75,-984.375,-320.3125
695155,1000.0,390.625,710.9375,984.375,-1007.8125,62.5,750.0,-1125.0,-570.3125,812.5,-718.75,-953.125,789.0625,-976.5625,-585.9375
695155,1000.0,390.625,710.9375,984.375,-1007.8125,62.5,750.0,-1125.0,-570.3125,812.5,-718.75,-953.125,789.0625,-976.5625,-585.9375
695163,1070.3125,593.75,796.875,1101.5625,-1078.125,85.9375,750.0,-1171.875,-671.875,671.875,-687.5,-1101.5625,648.4375,-992.1875,-875.0
695163,1070.3125,593.75,796.875,1101.5625,-1078.125,85.9375,750.0,-1171.875,-671.875,671.875,-687.5,-1101.5625,648.4375,-992.1875,-875.0
695307,179.6875,835.9375,507.8125,437.5,-578.125,648.4375,468.75,-820.3125,250.0,617.1875,-695.3125,-78.125,453.125,-804.6875,101.5625
695307,179.6875,835.9375,507.8125,437.5,-578.125,648.4375,468.75,-820.3125,250.0,617.1875,-695.3125,-78.125,453.125,-804.6875,101.5625
695316,195.3125,828.125,531.25,445.3125,-625.0,648.4375,460.9375,-867.1875,242.1875,609.375,-742.1875,-101.5625,453.125,-843.75,101.5625
695316,195.3125,828.125,531.25,445.3125,-625.0,648.4375,460.9375,-867.1875,242.1875,609.375,-742.1875,-101.5625,453.125,-843.75,101.5625
695316,210.9375,804.6875,578.125,460.9375,-664.0625,648.4375,453.125,-921.875,226.5625,609.375,-796.875,-117.1875,429.6875,-890.625,93.75
695316,210.9375,804.6875,578.125,460.9375,-664.0625,648.4375,453.125,-921.875,226.5625,609.375,-796.875,-117.1875,429.6875,-890.625,93.75
695323,234.375,781.25,609.375,460.9375,-726.5625,632.8125,437.5,-960.9375,203.125,609.375,-843.75,-148.4375,429.6875,-945.3125,85.9375
695323,234.375,781.25,609.375,460.9375,-726.5625,632.8125,437.5,-960.9375,203.125,609.375,-843.75,-148.4375,429.6875,-945.3125,85.9375
695470,31.25,757.8125,578.125,226.5625,-601.5625,687.5,257.8125,-828.125,320.3125,437.5,-789.0625,-7.8125,281.25,-859.375,171.875
695470,31.25,757.8125,578.125,226.5625,-601.5625,687.5,257.8125,-828.125,320.3125,437.5,-789.0625,-7.8125,281.25,-859.375,171.875
695478,39.0625,750.0,585.9375,210.9375,-609.375,687.5,242.1875,-835.9375,328.125,429.6875,-796.875,0.0,281.25,-859.375,179.6875
695478,39.0625,750.0,585.9375,210.9375,-609.375,687.5,242.1875,-835.9375,328.125,429.6875,-796.875,0.0,281.25,-859.375,179.6875
695478,31.25,750.0,562.5,218.75,-609.375,679.6875,234.375,-843.75,328.125,429.6875,-828.125,7.8125,273.4375,-867.1875,203.125
695478,31.25,750.0,562.5,218.75,-609.375,679.6875,234.375,-843.75,328.125,429.6875,-828.125,7.8125,273.4375,-867.1875,203.125
695486,7.8125,734.375,562.5,210.9375,-601.5625,695.3125,242.1875,-835.9375,335.9375,445.3125,-820.3125,23.4375,289.0625,-867.1875,210.9375
695486,7.8125,734.375,562.5,210.9375,-601.5625,695.3125,242.1875,-835.9375,335.9375,445.3125,-820.3125,23.4375,289.0625,-867.1875,210.9375
695631,78.125,757.8125,648.4375,273.4375,-726.5625,695.3125,289.0625,-953.125,304.6875,500.0,-898.4375,-46.875,328.125,-960.9375,171.875
695631,78.125,757.8125,648.4375,273.4375,-726.5625,695.3125,289.0625,-953.125,304.6875,500.0,-898.4375,-46.875,328.125,-960.9375,171.875
695639,93.75,781.25,640.625,281.25,-726.5625,695.3125,289.0625,-953.125,304.6875,500.0,-890.625,-39.0625,328.125,-960.9375,171.875
695639,93.75,781.25,640.625,281.25,-726.5625,695.3125,289.0625,-953.125,304.6875,500.0,-890.625,-39.0625,328.125,-960.9375,171.875
695639,85.9375,789.0625,640.625,289.0625,-718.75,695.3125,296.875,-953.125,304.6875,507.8125,-890.625,-46.875,335.9375,-968.75,164.0625
695639,85.9375,789.0625,640.625,289.0625,-718.75,695.3125,296.875,-953.125,304.6875,507.8125,-890.625,-46.875,335.9375,-968.75,164.0625
695647,93.75,796.875,648.4375,296.875,-718.75,695.3125,296.875,-945.3125,304.6875,500.0,-890.625,-46.875,351.5625,-960.9375,164.0625
695647,93.75,796.875,648.4375,296.875,-718.75,695.3125,296.875,-945.3125,304.6875,500.0,-890.625,-46.875,351.5625,-960.9375,164.0625
695792,85.9375,765.625,625.0,257.8125,-687.5,671.875,281.25,-914.0625,289.0625,476.5625,-851.5625,-39.0625,320.3125,-914.0625,156.25
695792,85.9375,765.625,625.0,257.8125,-687.5,671.875,281.25,-914.0625,289.0625,476.5625,-851.5625,-39.0625,320.3125,-914.0625,156.25
695800,85.9375,765.625,632.8125,265.625,-695.3125,671.875,289.0625,-914.0625,289.0625,484.375,-859.375,-39.0625,335.9375,-929.6875,164.0625
695800,85.9375,765.625,632.8125,265.625,-695.3125,671.875,289.0625,-914.0625,289.0625,484.375,-859.375,-39.0625,335.9375,-929.6875,164.0625
695800,78.125,765.625,617.1875,273.4375,-695.3125,679.6875,296.875,-929.6875,281.25,507.8125,-875.0,-46.875,335.9375,-937.5,171.875
695800,78.125,765.625,617.1875,273.4375,-695.3125,679.6875,296.875,-929.6875,281.25,507.8125,-875.0,-46.875,335.9375,-937.5,171.875
695808,85.9375,765.625,632.8125,281.25,-710.9375,671.875,289.0625,-921.875,281.25,500.0,-875.0,-46.875,335.9375,-945.3125,164.0625
695808,85.9375,765.625,632.8125,281.25,-710.9375,671.875,289.0625,-921.875,281.25,500.0,-875.0,-46.875,335.9375,-945.3125,164.0625
695954,93.75,773.4375,656.25,281.25,-726.5625,671.875,289.0625,-945.3125,281.25,500.0,-882.8125,-62.5,335.9375,-960.9375,156.25
695954,93.75,773.4375,656.25,281.25,-726.5625,671.875,289.0625,-945.3125,281.25,500.0,-882.8125,-62.5,335.9375,-960.9375,156.25
695961,93.75,781.25,656.25,289.0625,-718.75,679.6875,289.0625,-953.125,273.4375,500.0,-882.8125,-54.6875,335.9375,-960.9375,156.25
695961,93.75,781.25,656.25,289.0625,-718.75,679.6875,289.0625,-953.125,273.4375,500.0,-882.8125,-54.6875,335.9375,-960.9375,156.25
695962,85.9375,781.25,656.25,289.0625,-718.75,695.3125,296.875,-953.125,273.4375,507.8125,-890.625,-62.5,343.75,-960.9375,164.0625
695962,85.9375,781.25,656.25,289.0625,-718.75,695.3125,296.875,-953.125,273.4375,507.8125,-890.625,-62.5,343.75,-960.9375,164.0625
695969,85.9375,773.4375,664.0625,304.6875,-718.75,687.5,304.6875,-960.9375,289.0625,515.625,-890.625,-46.875,335.9375,-960.9375,164.0625
695969,85.9375,773.4375,664.0625,304.6875,-718.75,687.5,304.6875,-960.9375,289.0625,515.625,-890.625,-46.875,335.9375,-960.9375,164.0625
696115,85.9375,781.25,679.6875,289.0625,-734.375,687.5,304.6875,-960.9375,289.0625,507.8125,-890.625,-54.6875,335.9375,-960.9375,156.25
696115,85.9375,781.25,679.6875,289.0625,-734.375,687.5,304.6875,-960.9375,289.0625,507.8125,-890.625,-54.6875,335.9375,-960.9375,156.25
696123,85.9375,789.0625,671.875,289.0625,-726.5625,695.3125,289.0625,-960.9375,281.25,500.0,-898.4375,-54.6875,328.125,-960.9375,156.25
696123,85.9375,789.0625,671.875,289.0625,-726.5625,695.3125,289.0625,-960.9375,281.25,500.0,-898.4375,-54.6875,328.125,-960.9375,156.25
696123,85.9375,781.25,664.0625,289.0625,-726.5625,695.3125,296.875,-953.125,281.25,492.1875,-890.625,-54.6875,335.9375,-960.9375,156.25
696123,85.9375,781.25,664.0625,289.0625,-726.5625,695.3125,296.875,-953.125,281.25,492.1875,-890.625,-54.6875,335.9375,-960.9375,156.25
696131,78.125,789.0625,679.6875,289.0625,-726.5625,687.5,281.25,-953.125,296.875,492.1875,-890.625,-54.6875,328.125,-960.9375,156.25
696131,78.125,789.0625,679.6875,289.0625,-726.5625,687.5,281.25,-953.125,296.875,492.1875,-890.625,-54.6875,328.125,-960.9375,156.25
696276,46.875,726.5625,656.25,250.0,-710.9375,664.0625,273.4375,-921.875,289.0625,484.375,-875.0,-39.0625,320.3125,-937.5,171.875
696276,46.875,726.5625,656.25,250.0,-710.9375,664.0625,273.4375,-921.875,289.0625,484.375,-875.0,-39.0625,320.3125,-937.5,171.875
696284,54.6875,734.375,656.25,257.8125,-710.9375,671.875,273.4375,-921.875,281.25,484.375,-867.1875,-46.875,312.5,-937.5,156.25
696284,54.6875,734.375,656.25,257.8125,-710.9375,671.875,273.4375,-921.875,281.25,484.375,-867.1875,-46.875,312.5,-937.5,156.25
696284,62.5,742.1875,664.0625,257.8125,-710.9375,664.0625,273.4375,-929.6875,281.25,476.5625,-867.1875,-54.6875,296.875,-945.3125,140.625
696284,62.5,742.1875,664.0625,257.8125,-710.9375,664.0625,273.4375,-929.6875,281.25,476.5625,-867.1875,-54.6875,296.875,-945.3125,140.625
696292,62.5,734.375,656.25,265.625,-710.9375,671.875,273.4375,-929.6875,273.4375,468.75,-867.1875,-62.5,296.875,-945.3125,148.4375
696292,62.5,734.375,656.25,265.625,-710.9375,671.875,273.4375,-929.6875,273.4375,468.75,-867.1875,-62.5,296.875,-945.3125,148.4375
696437,54.6875,734.375,679.6875,250.0,-734.375,656.25,250.0,-945.3125,273.4375,453.125,-890.625,-62.5,289.0625,-960.9375,140.625
696437,54.6875,734.375,679.6875,250.0,-734.375,656.25,250.0,-945.3125,273.4375,453.125,-890.625,-62.5,289.0625,-960.9375,140.625
696445,46.875,734.375,687.5,242.1875,-734.375,664.0625,250.0,-953.125,265.625,453.125,-890.625,-78.125,289.0625,-953.125,132.8125
696445,46.875,734.375,687.5,242.1875,-734.375,664.0625,250.0,-953.125,265.625,453.125,-890.625,-78.125,289.0625,-953.125,132.8125
696445,54.6875,726.5625,687.5,242.1875,-742.1875,656.25,242.1875,-953.125,265.625,453.125,-890.625,-70.3125,289.0625,-953.125,140.625
696445,54.6875,726.5625,687.5,242.1875,-742.1875,656.25,242.1875,-953.125,265.625,453.125,-890.625,-70.3125,289.0625,-953.125,140.625
696453,46.875,710.9375,687.5,234.375,-742.1875,656.25,242.1875,-953.125,273.4375,453.125,-890.625,-78.125,289.0625,-960.9375,148.4375
696453,46.875,710.9375,687.5,234.375,-742.1875,656.25,242.1875,-953.125,273.4375,453.125,-890.625,-78.125,289.0625,-960.9375,148.4375
696598,62.5,757.8125,679.6875,265.625,-718.75,679.6875,273.4375,-937.5,289.0625,476.5625,-882.8125,-54.6875,312.5,-953.125,164.0625
696598,62.5,757.8125,679.6875,265.625,-718.75,679.6875,273.4375,-937.5,289.0625,476.5625,-882.8125,-54.6875,312.5,-953.125,164.0625
696607,62.5,750.0,671.875,265.625,-718.75,679.6875,281.25,-945.3125,281.25,476.5625,-875.0,-46.875,312.5,-945.3125,156.25
696607,62.5,750.0,671.875,265.625,-718.75,679.6875,281.25,-945.3125,281.25,476.5625,-875.0,-46.875,312.5,-945.3125,156.25
696607,62.5,757.8125,664.0625,265.625,-710.9375,679.6875,273.4375,-937.5,273.4375,468.75,-882.8125,-54.6875,304.6875,-953.125,156.25
696607,62.5,757.8125,664.0625,265.625,-710.9375,679.6875,273.4375,-937.5,273.4375,468.75,-882.8125,-54.6875,304.6875,-953.125,156.25
696615,62.5,757.8125,679.6875,257.8125,-718.75,671.875,273.4375,-937.5,273.4375,460.9375,-875.0,-62.5,312.5,-937.5,156.25
696615,62.5,757.8125,679.6875,257.8125,-718.75,671.875,273.4375,-937.5,273.4375,460.9375,-875.0,-62.5,312.5,-937.5,156.25
