658595,-143360.0,55278.125,22067.5
658595,-143360.0,55278.125,22067.5
658605,-143360.0,67326.875,29649.375
658605,-143360.0,67326.875,29649.375
658616,-143360.0,73955.0,41671.875
658616,-143360.0,73955.0,41671.875
658626,-143360.0,84039.375,58550.625
658626,-143360.0,84039.375,58550.625
658636,-143360.0,93992.5,85732.5
658636,-143360.0,93992.5,85732.5
658647,-143360.0,108591.875,109891.25
658647,-143360.0,108591.875,109891.25
658657,-143360.0,123987.5,134203.125
658657,-143360.0,123987.5,134203.125
658667,-143360.0,133931.875,-143360.0
658667,-143360.0,133931.875,-143360.0
658677,-143360.0,130816.875,-143360.0
658677,-143360.0,130816.875,-143360.0
658687,-143360.0,120120.0,143128.125
658687,-143360.0,120120.0,143128.125
658698,-143360.0,113106.875,-143360.0
658698,-143360.0,113106.875,-143360.0
658708,-143360.0,106303.75,-143360.0
658708,-143360.0,106303.75,-143360.0
658719,-143360.0,106456.875,143355.625
658719,-143360.0,106456.875,143355.625
658729,-143360.0,116865.0,-143360.0
658729,-143360.0,116865.0,-143360.0
658740,-143360.0,121725.625,-143360.0
658740,-143360.0,121725.625,-143360.0
658750,-138333.125,121086.875,-143360.0
658750,-138333.125,121086.875,-143360.0
658760,-104426.875,114808.75,-143360.0
658760,-104426.875,114808.75,-143360.0
658770,-62361.25,114581.25,-143360.0
658770,-62361.25,114581.25,-143360.0
658781,-24845.625,110088.125,135463.125
658781,-24845.625,110088.125,135463.125
658791,-3237.5,95672.5,99898.75
658791,-3237.5,95672.5,99898.75
658801,-1124.375,79695.0,66972.5
658801,-1124.375,79695.0,66972.5
658812,-2975.0,58318.75,54035.625
658812,-2975.0,58318.75,54035.625
658822,135.625,33394.375,52220.0
658822,135.625,33394.375,52220.0
658832,1802.5,18318.125,40823.125
658832,1802.5,18318.125,40823.125
658843,-1032.5,15124.375,21175.0
658843,-1032.5,15124.375,21175.0
658853,-9038.75,13523.125,8758.75
658853,-9038.75,13523.125,8758.75
658863,-23331.875,4558.75,10731.875
658863,-23331.875,4558.75,10731.875
658873,-38600.625,-15404.375,28848.75
658873,-38600.625,-15404.375,28848.75
658884,-16695.0,-27431.25,71448.125
658884,-16695.0,-27431.25,71448.125
658893,22299.375,-6251.875,60396.875
658893,22299.375,-6251.875,60396.875
658905,13142.5,1666.875,34278.125
658905,13142.5,1666.875,34278.125
658915,3329.375,-10801.875,26285.0
658915,3329.375,-10801.875,26285.0
658925,12455.625,-17810.625,15115.625
658925,12455.625,-17810.625,15115.625
658936,2821.875,-7796.25,11160.625
658936,2821.875,-7796.25,11160.625
658946,11313.75,-3775.625,21008.75
658946,11313.75,-3775.625,21008.75
658956,27326.25,-993.125,30966.25
658956,27326.25,-993.125,30966.25
658966,21542.5,11186.875,28980.0
658966,21542.5,11186.875,28980.0
658977,7997.5,10500.0,37922.5
658977,7997.5,10500.0,37922.5
658987,-5569.375,-2975.0,44410.625
658987,-5569.375,-2975.0,44410.625
658997,-13094.375,-12088.125,42013.125
658997,-13094.375,-12088.125,42013.125
659008,-12363.75,-21931.875,35437.5
659008,-12363.75,-21931.875,35437.5
659018,-4847.5,-23051.875,18125.625
659018,-4847.5,-23051.875,18125.625
659028,3543.75,-6190.625,12495.0
659028,3543.75,-6190.625,12495.0
659039,1115.625,-3023.125,23550.625
659039,1115.625,-3023.125,23550.625
659049,3465.0,15898.75,29141.875
659049,3465.0,15898.75,29141.875
659059,12311.25,28634.375,27138.125
659059,12311.25,28634.375,27138.125
659070,7752.5,27273.75,23082.5
659070,7752.5,27273.75,23082.5
659080,848.75,21083.125,17946.25
659080,848.75,21083.125,17946.25
659090,-953.75,14459.375,14288.75
659090,-953.75,14459.375,14288.75
659100,1408.75,12083.75,8395.625
659100,1408.75,12083.75,8395.625
659111,4243.75,11523.75,4195.625
659111,4243.75,11523.75,4195.625
659121,5600.0,8675.625,1286.25
659121,5600.0,8675.625,1286.25
659132,5696.25,5394.375,-1290.625
659132,5696.25,5394.375,-1290.625
659142,3731.875,6514.375,-2848.125
659142,3731.875,6514.375,-2848.125
659152,-192.5,10276.875,-2222.5
659152,-192.5,10276.875,-2222.5
659162,-7175.0,12748.75,848.75
659162,-7175.0,12748.75,848.75
659173,-17215.625,16388.75,5175.625
659173,-17215.625,16388.75,5175.625
659183,-23975.0,21546.875,10233.125
659183,-23975.0,21546.875,10233.125
659193,-25396.875,25458.125,14910.0
659193,-25396.875,25458.125,14910.0
659204,-23944.375,25261.25,18558.75
659204,-23944.375,25261.25,18558.75
659214,-20090.0,22325.625,20615.0
659214,-20090.0,22325.625,20615.0
659224,-15058.75,22032.5,19656.875
659224,-15058.75,22032.5,19656.875
659235,-10710.0,19188.75,17920.0
659235,-10710.0,19188.75,17920.0
659245,-3119.375,19131.875,15111.25
659245,-3119.375,19131.875,15111.25
659255,7783.125,22395.625,13370.0
659255,7783.125,22395.625,13370.0
659266,19950.0,24574.375,9813.125
659266,19950.0,24574.375,9813.125
659276,28048.125,26079.375,-783.125
659276,28048.125,26079.375,-783.125
659287,20041.875,17416.875,-3045.0
659287,20041.875,17416.875,-3045.0
659296,15338.75,11878.125,-1146.25
659296,15338.75,11878.125,-1146.25
659307,13776.875,9366.875,-1610.0
659307,13776.875,9366.875,-1610.0
659318,9205.0,6330.625,-2541.875
659318,9205.0,6330.625,-2541.875
659326,5298.125,3600.625,-3386.25
659326,5298.125,3600.625,-3386.25
659338,2878.75,1115.625,-4003.125
659338,2878.75,1115.625,-4003.125
659348,3578.75,643.125,-5446.875
659348,3578.75,643.125,-5446.875
659358,4716.25,1233.75,-7013.125
659358,4716.25,1233.75,-7013.125
659369,4598.125,1378.125,-7643.125
659369,4598.125,1378.125,-7643.125
659379,3325.0,1811.25,-8111.25
659379,3325.0,1811.25,-8111.25
659389,1190.0,3561.25,-8697.5
659389,1190.0,3561.25,-8697.5
659400,-284.375,5429.375,-8251.25
659400,-284.375,5429.375,-8251.25
659410,-170.625,7393.75,-7371.875
659410,-170.625,7393.75,-7371.875
659420,560.0,9817.5,-5963.125
659420,560.0,9817.5,-5963.125
659430,879.375,12341.875,-4860.625
659430,879.375,12341.875,-4860.625
659442,1098.125,13370.0,-4051.25
659442,1098.125,13370.0,-4051.25
659451,1295.0,13895.0,-3237.5
659451,1295.0,13895.0,-3237.5
659462,2725.625,15776.25,-2047.5
659462,2725.625,15776.25,-2047.5
659472,2358.125,18195.625,-778.75
659472,2358.125,18195.625,-778.75
659483,1885.625,18523.75,1413.125
659483,1885.625,18523.75,1413.125
659492,3106.25,17972.5,3797.5
659492,3106.25,17972.5,3797.5
659503,4326.875,18506.25,5801.25
659503,4326.875,18506.25,5801.25
659513,5670.0,19490.625,7616.875
659513,5670.0,19490.625,7616.875
659523,5906.25,20260.625,8080.625
659523,5906.25,20260.625,8080.625
659534,3171.875,18860.625,8141.875
659534,3171.875,18860.625,8141.875
659544,822.5,17136.875,8255.625
659544,822.5,17136.875,8255.625
659555,713.125,15605.625,8050.0
659555,713.125,15605.625,8050.0
659565,1085.0,15093.75,6829.375
659565,1085.0,15093.75,6829.375
659575,966.875,13759.375,5595.625
659575,966.875,13759.375,5595.625
659585,-507.5,10780.0,4742.5
659585,-507.5,10780.0,4742.5
659597,-3705.625,6746.25,4322.5
659597,-3705.625,6746.25,4322.5
659606,-6317.5,4506.25,4077.5
659606,-6317.5,4506.25,4077.5
659616,-6768.125,4541.25,3758.125
659616,-6768.125,4541.25,3758.125
659627,-4974.375,5678.75,3202.5
659627,-4974.375,5678.75,3202.5
659637,-3386.25,6020.0,2681.875
659637,-3386.25,6020.0,2681.875
659647,-4283.125,6413.75,2235.625
659647,-4283.125,6413.75,2235.625
659658,-5779.375,7078.75,2305.625
659658,-5779.375,7078.75,2305.625
659668,-6317.5,7472.5,2209.375
659668,-6317.5,7472.5,2209.375
659678,-5508.125,8023.75,2235.625
659678,-5508.125,8023.75,2235.625
659689,-4445.0,8281.875,2135.0
659689,-4445.0,8281.875,2135.0
659699,-3710.0,8303.75,2043.125
659699,-3710.0,8303.75,2043.125
659708,-3220.0,8693.125,2126.25
659708,-3220.0,8693.125,2126.25
659720,-2944.375,9331.875,2585.625
659720,-2944.375,9331.875,2585.625
659730,-1977.5,10031.875,3793.125
659730,-1977.5,10031.875,3793.125
659740,140.0,11191.25,4668.125
659740,140.0,11191.25,4668.125
659751,1999.375,11733.75,4970.0
659751,1999.375,11733.75,4970.0
659761,2393.125,10644.375,5324.375
659761,2393.125,10644.375,5324.375
659771,2563.75,8907.5,5617.5
659771,2563.75,8907.5,5617.5
659782,3106.25,7853.125,5228.125
659782,3106.25,7853.125,5228.125
659792,4453.75,7258.125,5022.5
659792,4453.75,7258.125,5022.5
659802,6041.875,7791.875,4821.25
659802,6041.875,7791.875,4821.25
659812,5980.625,7853.125,4882.5
659812,5980.625,7853.125,4882.5
659822,6203.75,8303.75,5311.25
659822,6203.75,8303.75,5311.25
659833,5250.0,7656.25,5206.25
659833,5250.0,7656.25,5206.25
659843,4720.625,6492.5,5670.0
659843,4720.625,6492.5,5670.0
659854,3132.5,5096.875,5617.5
659854,3132.5,5096.875,5617.5
659864,2100.0,3731.875,4952.5
659864,2100.0,3731.875,4952.5
659874,2821.875,3115.0,4480.0
659874,2821.875,3115.0,4480.0
659885,3705.625,2782.5,3622.5
659885,3705.625,2782.5,3622.5
659895,4602.5,2174.375,2196.25
659895,4602.5,2174.375,2196.25
659905,5950.0,1964.375,446.25
659905,5950.0,1964.375,446.25
659916,6444.375,1802.5,-888.125
659916,6444.375,1802.5,-888.125
659926,6020.0,1841.875,-2156.875
659926,6020.0,1841.875,-2156.875
659936,5735.625,888.125,-2699.375
659936,5735.625,888.125,-2699.375
659947,5171.25,-218.75,-3491.25
659947,5171.25,-218.75,-3491.25
659957,4147.5,-1286.25,-4523.75
659957,4147.5,-1286.25,-4523.75
659967,3150.0,-2121.875,-5608.75
659967,3150.0,-2121.875,-5608.75
659978,1894.375,-3443.125,-6593.125
659978,1894.375,-3443.125,-6593.125
659988,1592.5,-4204.375,-7581.875
659988,1592.5,-4204.375,-7581.875
659998,2205.0,-4532.5,-7910.0
659998,2205.0,-4532.5,-7910.0
660008,2108.75,-4191.25,-7756.875
660008,2108.75,-4191.25,-7756.875
660019,1763.125,-3815.0,-7236.25
660019,1763.125,-3815.0,-7236.25
660029,1128.75,-4243.75,-6370.0
660029,1128.75,-4243.75,-6370.0
660039,-686.875,-4195.625,-7161.875
660039,-686.875,-4195.625,-7161.875
660050,-945.0,-4978.75,-5805.625
660050,-945.0,-4978.75,-5805.625
660060,371.875,-4287.5,-5005.0
660060,371.875,-4287.5,-5005.0
660070,-1430.625,-4908.75,-5005.0
660070,-1430.625,-4908.75,-5005.0
660081,-1028.125,-3876.25,-4256.875
660081,-1028.125,-3876.25,-4256.875
660091,-179.375,-2699.375,-2703.75
660091,-179.375,-2699.375,-2703.75
660101,196.875,-1688.75,-866.25
660101,196.875,-1688.75,-866.25
660112,402.5,-704.375,463.75
660112,402.5,-704.375,463.75
660122,201.25,-91.875,1448.125
660122,201.25,-91.875,1448.125
660132,266.875,109.375,2257.5
660132,266.875,109.375,2257.5
660143,875.0,310.625,2572.5
660143,875.0,310.625,2572.5
660153,1999.375,192.5,2835.0
660153,1999.375,192.5,2835.0
660163,3005.625,651.875,2996.875
660163,3005.625,651.875,2996.875
660174,4230.625,971.25,2843.75
660174,4230.625,971.25,2843.75
660184,5761.875,1238.125,2226.875
660184,5761.875,1238.125,2226.875
660194,6090.0,297.5,2222.5
660194,6090.0,297.5,2222.5
660205,5652.5,-1395.625,2056.25
660205,5652.5,-1395.625,2056.25
660215,6361.25,-2935.625,1544.375
660215,6361.25,-2935.625,1544.375
660225,6763.75,-4077.5,1019.375
660225,6763.75,-4077.5,1019.375
660235,7179.375,-4803.75,700.0
660235,7179.375,-4803.75,700.0
660246,7459.375,-5464.375,840.0
660246,7459.375,-5464.375,840.0
660256,7148.75,-5906.25,551.25
660256,7148.75,-5906.25,551.25
660266,6759.375,-6593.125,428.75
660266,6759.375,-6593.125,428.75
660277,6234.375,-7511.875,310.625
660277,6234.375,-7511.875,310.625
660287,5604.375,-7371.875,-17.5
660287,5604.375,-7371.875,-17.5
660298,6068.125,-6492.5,-105.0
660298,6068.125,-6492.5,-105.0
660308,5652.5,-5827.5,-315.0
660308,5652.5,-5827.5,-315.0
660318,5503.75,-5123.125,-175.0
660318,5503.75,-5123.125,-175.0
660328,6068.125,-4252.5,148.75
660328,6068.125,-4252.5,148.75
660339,6251.875,-4121.25,1058.75
660339,6251.875,-4121.25,1058.75
660349,6667.5,-3565.625,1487.5
660349,6667.5,-3565.625,1487.5
660359,8321.25,-2957.5,1881.25
660359,8321.25,-2957.5,1881.25
660370,10062.5,-2034.375,1264.375
660370,10062.5,-2034.375,1264.375
660380,13300.0,-905.625,971.25
660380,13300.0,-905.625,971.25
660390,16550.625,1019.375,-253.75
660390,16550.625,1019.375,-253.75
660401,20028.75,1841.875,-1518.125
660401,20028.75,1841.875,-1518.125
660411,23445.625,1986.25,-1968.75
660411,23445.625,1986.25,-1968.75
660421,25099.375,1338.75,-1631.875
660421,25099.375,1338.75,-1631.875
660431,28765.625,695.625,-1439.375
660431,28765.625,695.625,-1439.375
660442,35039.375,-848.75,-822.5
660442,35039.375,-848.75,-822.5
660453,39055.625,-4025.0,-1006.25
660453,39055.625,-4025.0,-1006.25
660462,42726.25,-9957.5,-1798.125
660462,42726.25,-9957.5,-1798.125
660473,46948.125,-17937.5,-4939.375
660473,46948.125,-17937.5,-4939.375
660483,51401.875,-31307.5,-9253.125
660483,51401.875,-31307.5,-9253.125
660494,56551.25,-50859.375,-13514.375
660494,56551.25,-50859.375,-13514.375
660504,62536.25,-75197.5,-17368.75
660504,62536.25,-75197.5,-17368.75
660514,69995.625,-100961.875,-21013.125
660514,69995.625,-100961.875,-21013.125
660524,78876.875,-123882.5,-26586.875
660524,78876.875,-123882.5,-26586.875
660534,84450.625,-141780.625,-33928.125
660534,84450.625,-141780.625,-33928.125
660545,83580.0,-143355.625,-43181.25
660545,83580.0,-143355.625,-43181.25
660555,92802.5,-143158.75,-54363.75
660555,92802.5,-143158.75,-54363.75
660566,141697.5,-143290.0,-76076.875
660566,141697.5,-143290.0,-76076.875
660576,143355.625,-143355.625,-107782.5
660576,143355.625,-143355.625,-107782.5
660586,142541.875,-110005.0,-141684.375
660586,142541.875,-110005.0,-141684.375
660597,143215.625,-21218.75,-143355.625
660597,143215.625,-21218.75,-143355.625
660607,143355.625,-81235.0,-142905.0
660607,143355.625,-81235.0,-142905.0
660617,143346.875,-127522.5,-143259.375
660617,143346.875,-127522.5,-143259.375
660627,143355.625,-85050.0,-143180.625
660627,143355.625,-85050.0,-143180.625
660638,143355.625,-68433.75,-139658.75
660638,143355.625,-68433.75,-139658.75
660649,143355.625,-67563.125,-143031.875
660649,143355.625,-67563.125,-143031.875
660658,143355.625,-66443.125,-143355.625
660658,143355.625,-66443.125,-143355.625
660669,143355.625,-69343.75,-143298.75
660669,143355.625,-69343.75,-143298.75
660679,143355.625,-77700.0,-141194.375
660679,143355.625,-77700.0,-141194.375
660689,143355.625,-81125.625,-126608.125
660689,143355.625,-81125.625,-126608.125
660700,143355.625,-79594.375,-115644.375
660700,143355.625,-79594.375,-115644.375
660710,143355.625,-90895.0,-106168.125
660710,143355.625,-90895.0,-106168.125
660721,143355.625,-117372.5,-92566.25
660721,143355.625,-117372.5,-92566.25
660731,143355.625,-143355.625,-79498.125
660731,143355.625,-143355.625,-79498.125
660741,143355.625,-143355.625,-49358.75
660741,143355.625,-143355.625,-49358.75
660751,143355.625,-142887.5,-5560.625
660751,143355.625,-142887.5,-5560.625
660761,143355.625,-143338.125,17727.5
660761,143355.625,-143338.125,17727.5
660772,139212.5,-142957.5,21161.875
660772,139212.5,-142957.5,21161.875
660782,112691.25,-131691.875,17255.0
660782,112691.25,-131691.875,17255.0
660793,83825.0,-113093.75,6317.5
660793,83825.0,-113093.75,6317.5
660804,63476.875,-103810.0,-2034.375
660804,63476.875,-103810.0,-2034.375
660813,49284.375,-96661.25,-11235.0
660813,49284.375,-96661.25,-11235.0
660823,43942.5,-85566.25,-18313.75
660823,43942.5,-85566.25,-18313.75
660834,41313.125,-66959.375,-9865.625
660834,41313.125,-66959.375,-9865.625
660844,35319.375,-59911.25,-3626.875
660844,35319.375,-59911.25,-3626.875
660855,25366.25,-54810.0,910.0
660855,25366.25,-54810.0,910.0
660865,14923.125,-45675.0,4550.0
660865,14923.125,-45675.0,4550.0
660875,7275.625,-33941.25,3241.875
660875,7275.625,-33941.25,3241.875
660885,1631.875,-22141.875,-945.0
660885,1631.875,-22141.875,-945.0
660896,-3941.875,-16695.0,-6685.0
660896,-3941.875,-16695.0,-6685.0
660906,-9681.875,-17609.375,-13558.125
660906,-9681.875,-17609.375,-13558.125
660917,-10141.25,-14778.75,-15190.0
660917,-10141.25,-14778.75,-15190.0
660927,-3456.25,-9559.375,-11519.375
660927,-3456.25,-9559.375,-11519.375
660937,16209.375,-170.625,-15955.625
660937,16209.375,-170.625,-15955.625
660947,45583.125,3714.375,266.875
660947,45583.125,3714.375,266.875
660958,29456.875,-35507.5,26963.125
660958,29456.875,-35507.5,26963.125
660968,9664.375,-39462.5,12976.25
660968,9664.375,-39462.5,12976.25
660978,-8745.625,-32882.5,19831.875
660978,-8745.625,-32882.5,19831.875
660989,-26166.875,-38661.875,19696.25
660989,-26166.875,-38661.875,19696.25
660999,-28840.0,-25480.0,21074.375
660999,-28840.0,-25480.0,21074.375
661009,-23751.875,-2135.0,25554.375
661009,-23751.875,-2135.0,25554.375
661020,-21616.875,10880.625,33971.875
661020,-21616.875,10880.625,33971.875
661029,-14708.75,11532.5,31955.0
661029,-14708.75,11532.5,31955.0
661039,-12131.875,11987.5,23891.875
661039,-12131.875,11987.5,23891.875
661051,-20873.125,13995.625,16677.5
661051,-20873.125,13995.625,16677.5
661061,-17762.5,13348.125,8575.0
661061,-17762.5,13348.125,8575.0
661071,-6733.125,10990.0,2012.5
661071,-6733.125,10990.0,2012.5
661082,1566.25,9708.125,-4235.0
661082,1566.25,9708.125,-4235.0
661092,4077.5,10491.25,-9183.125
661092,4077.5,10491.25,-9183.125
661102,12267.5,12385.625,-11663.75
661102,12267.5,12385.625,-11663.75
661113,25795.0,14196.875,-11020.625
661113,25795.0,14196.875,-11020.625
661123,32449.375,14358.75,-9253.125
661123,32449.375,14358.75,-9253.125
661133,28822.5,3771.25,-6846.875
661133,28822.5,3771.25,-6846.875
661143,27413.75,-5705.0,-7231.875
661143,27413.75,-5705.0,-7231.875
661154,35332.5,-7953.75,-3307.5
661154,35332.5,-7953.75,-3307.5
661164,39585.0,-14021.875,1890.0
661164,39585.0,-14021.875,1890.0
661174,41930.0,-21651.875,-1273.125
661174,41930.0,-21651.875,-1273.125
661185,35787.5,-18392.5,-2502.5
661185,35787.5,-18392.5,-2502.5
661195,26866.875,-15198.75,6798.75
661195,26866.875,-15198.75,6798.75
661205,25847.5,-23590.0,13794.375
661205,25847.5,-23590.0,13794.375
661216,28013.125,-26022.5,19372.5
661216,28013.125,-26022.5,19372.5
661226,27081.25,-23331.875,17727.5
661226,27081.25,-23331.875,17727.5
661236,26328.75,-22876.875,15798.125
661236,26328.75,-22876.875,15798.125
661247,29855.0,-23931.25,12744.375
661247,29855.0,-23931.25,12744.375
661257,33578.125,-17801.875,9830.625
661257,33578.125,-17801.875,9830.625
661267,50010.625,-6514.375,6041.875
661267,50010.625,-6514.375,6041.875
661277,51078.125,-2852.5,6575.625
661277,51078.125,-2852.5,6575.625
661288,46550.0,-2222.5,3815.0
661288,46550.0,-2222.5,3815.0
661298,47801.25,-10303.125,2541.875
661298,47801.25,-10303.125,2541.875
661309,47398.75,-23161.25,-638.75
661309,47398.75,-23161.25,-638.75
661319,35660.625,-32891.25,11869.375
661319,35660.625,-32891.25,11869.375
661329,23104.375,-30970.625,4208.75
661329,23104.375,-30970.625,4208.75
661340,28192.5,-30266.25,1430.625
661340,28192.5,-30266.25,1430.625
661350,27396.25,-30410.625,1955.625
661350,27396.25,-30410.625,1955.625
661360,24447.5,-23996.875,-1032.5
661360,24447.5,-23996.875,-1032.5
661370,20540.625,-21700.0,4287.5
661370,20540.625,-21700.0,4287.5
661381,18838.75,-19490.625,2887.5
661381,18838.75,-19490.625,2887.5
661391,20488.125,-15666.875,1999.375
661391,20488.125,-15666.875,1999.375
661401,17084.375,-12853.75,5140.625
661401,17084.375,-12853.75,5140.625
661412,14131.25,-8850.625,6370.0
661412,14131.25,-8850.625,6370.0
661422,11265.625,-8001.875,5901.875
661422,11265.625,-8001.875,5901.875
661432,10465.0,-7070.0,5215.0
661432,10465.0,-7070.0,5215.0
661443,6203.75,-5582.5,8255.625
661443,6203.75,-5582.5,8255.625
661453,4528.125,-5617.5,7315.0
661453,4528.125,-5617.5,7315.0
661463,2835.0,-5276.25,7546.875
661463,2835.0,-5276.25,7546.875
661474,-1159.375,-4974.375,10276.875
661474,-1159.375,-4974.375,10276.875
661484,-3316.25,-5713.75,10600.625
661484,-3316.25,-5713.75,10600.625
661494,-1946.875,-4143.125,7796.25
661494,-1946.875,-4143.125,7796.25
661505,293.125,-175.0,5792.5
661505,293.125,-175.0,5792.5
661515,1557.5,2493.75,2646.875
661515,1557.5,2493.75,2646.875
661525,791.875,3661.875,866.25
661525,791.875,3661.875,866.25
661536,-476.875,4357.5,1281.875
661536,-476.875,4357.5,1281.875
661546,-2034.375,3276.875,2480.625
661546,-2034.375,3276.875,2480.625
661556,-2808.75,1706.25,4659.375
661556,-2808.75,1706.25,4659.375
661566,-1855.0,280.0,3740.625
661566,-1855.0,280.0,3740.625
661577,-2546.25,-1710.625,4165.0
661577,-2546.25,-1710.625,4165.0
661587,-2270.625,-2660.0,5320.0
661587,-2270.625,-2660.0,5320.0
661597,-1649.375,-3202.5,5748.75
661597,-1649.375,-3202.5,5748.75
661608,-770.0,-3268.125,4869.375
661608,-770.0,-3268.125,4869.375
661618,2091.25,-3080.0,3443.125
661618,2091.25,-3080.0,3443.125
661628,1894.375,-4217.5,4930.625
661628,1894.375,-4217.5,4930.625
661639,-2463.125,-6076.875,6860.0
661639,-2463.125,-6076.875,6860.0
661649,-4046.875,-5219.375,11668.125
661649,-4046.875,-5219.375,11668.125
661660,2323.125,-3180.625,15631.875
661660,2323.125,-3180.625,15631.875
661670,6063.75,-5932.5,12626.25
661670,6063.75,-5932.5,12626.25
661680,695.625,-7503.125,10561.25
661680,695.625,-7503.125,10561.25
661690,546.875,-7533.75,8645.0
661690,546.875,-7533.75,8645.0
