675339,-21.875,13.125,-30.625
675339,-21.875,13.125,-30.625
675349,-17.5,4.375,-48.125
675349,-17.5,4.375,-48.125
675501,-52.5,17.5,4.375
675501,-52.5,17.5,4.375
675511,-74.375,13.125,-8.75
675511,-74.375,13.125,-8.75
675652,-70.0,17.5,-8.75
675652,-70.0,17.5,-8.75
675662,-70.0,8.75,-21.875
675662,-70.0,8.75,-21.875
675814,65.625,-39.375,0.0
675814,65.625,-39.375,0.0
675824,43.75,-26.25,30.625
675824,43.75,-26.25,30.625
675975,-105.0,17.5,-26.25
675975,-105.0,17.5,-26.25
675985,-105.0,21.875,-43.75
675985,-105.0,21.875,-43.75
676056,-4.375,48.125,-61.25
676056,-4.375,48.125,-61.25
676066,78.75,17.5,-78.75
676066,78.75,17.5,-78.75
676217,-546.875,-61.25,310.625
676217,-546.875,-61.25,310.625
676227,-866.25,83.125,266.875
676227,-866.25,83.125,266.875
676378,-3710.0,-713.125,-3465.0
676378,-3710.0,-713.125,-3465.0
676389,-3132.5,-1063.125,-4200.0
676389,-3132.5,-1063.125,-4200.0
676540,-7205.625,-3911.25,-7743.75
676540,-7205.625,-3911.25,-7743.75
676550,-7700.0,-4248.125,-7901.25
676550,-7700.0,-4248.125,-7901.25
676621,-10902.5,-3259.375,-9655.625
676621,-10902.5,-3259.375,-9655.625
676630,-10390.625,-2183.125,-9760.625
676630,-10390.625,-2183.125,-9760.625
676782,-861.875,516.25,-4318.125
676782,-861.875,516.25,-4318.125
676792,-516.25,936.25,-3561.25
676792,-516.25,936.25,-3561.25
676863,1938.125,4130.0,-1509.375
676863,1938.125,4130.0,-1509.375
676873,2240.0,5455.625,-1290.625
676873,2240.0,5455.625,-1290.625
677025,-4532.5,4445.0,-306.25
677025,-4532.5,4445.0,-306.25
677035,-4729.375,1308.125,-196.875
677035,-4729.375,1308.125,-196.875
677186,3193.75,-914.375,1470.0
677186,3193.75,-914.375,1470.0
677197,3329.375,-1019.375,1627.5
677197,3329.375,-1019.375,1627.5
677348,1898.75,2165.625,2913.75
677348,1898.75,2165.625,2913.75
677358,1977.5,2821.875,1903.125
677358,1977.5,2821.875,1903.125
677509,-1133.125,7245.0,-1050.0
677509,-1133.125,7245.0,-1050.0
677519,595.0,6838.125,-1238.125
677519,595.0,6838.125,-1238.125
677671,-1658.125,5810.0,-2979.375
677671,-1658.125,5810.0,-2979.375
677681,-2226.875,6103.125,-2961.875
677681,-2226.875,6103.125,-2961.875
677832,-1273.125,-78.75,568.75
677832,-1273.125,-78.75,568.75
677842,-1395.625,-100.625,533.75
677842,-1395.625,-100.625,533.75
677993,385.0,122.5,61.25
677993,385.0,122.5,61.25
678003,463.75,148.75,153.125
678003,463.75,148.75,153.125
