684228,-125.0,421.875,898.4375,171.875,-632.8125,789.0625,273.4375,-906.25,382.8125,593.75,-796.875,62.5,625.0,-734.375,265.625
684228,-125.0,421.875,898.4375,171.875,-632.8125,789.0625,273.4375,-906.25,382.8125,593.75,-796.875,62.5,625.0,-734.375,265.625
684236,-132.8125,421.875,898.4375,164.0625,-632.8125,789.0625,265.625,-906.25,382.8125,601.5625,-789.0625,70.3125,625.0,-734.375,281.25
684236,-132.8125,421.875,898.4375,164.0625,-632.8125,789.0625,265.625,-906.25,382.8125,601.5625,-789.0625,70.3125,625.0,-734.375,281.25
684244,-125.0,429.6875,898.4375,171.875,-632.8125,781.25,265.625,-906.25,382.8125,601.5625,-789.0625,70.3125,625.0,-734.375,265.625
684244,-125.0,429.6875,898.4375,171.875,-632.8125,781.25,265.625,-906.25,382.8125,601.5625,-789.0625,70.3125,625.0,-734.375,265.625
684244,-132.8125,414.0625,890.625,171.875,-625.0,781.25,265.625,-906.25,375.0,601.5625,-796.875,62.5,625.0,-734.375,273.4375
684244,-132.8125,414.0625,890.625,171.875,-625.0,781.25,265.625,-906.25,375.0,601.5625,-796.875,62.5,625.0,-734.375,273.4375
684389,-132.8125,414.0625,906.25,171.875,-632.8125,796.875,265.625,-906.25,382.8125,601.5625,-796.875,62.5,632.8125,-734.375,273.4375
684389,-132.8125,414.0625,906.25,171.875,-632.8125,796.875,265.625,-906.25,382.8125,601.5625,-796.875,62.5,632.8125,-734.375,273.4375
684397,-132.8125,421.875,898.4375,171.875,-632.8125,781.25,257.8125,-906.25,375.0,601.5625,-796.875,70.3125,632.8125,-734.375,273.4375
684397,-132.8125,421.875,898.4375,171.875,-632.8125,781.25,257.8125,-906.25,375.0,601.5625,-796.875,70.3125,632.8125,-734.375,273.4375
684405,-132.8125,421.875,890.625,171.875,-625.0,781.25,273.4375,-906.25,375.0,601.5625,-796.875,54.6875,625.0,-734.375,273.4375
684405,-132.8125,421.875,890.625,171.875,-625.0,781.25,273.4375,-906.25,375.0,601.5625,-796.875,54.6875,625.0,-734.375,273.4375
684405,-132.8125,421.875,890.625,164.0625,-625.0,781.25,265.625,-906.25,375.0,601.5625,-796.875,70.3125,632.8125,-734.375,273.4375
684405,-132.8125,421.875,890.625,164.0625,-625.0,781.25,265.625,-906.25,375.0,601.5625,-796.875,70.3125,632.8125,-734.375,273.4375
684550,-132.8125,421.875,890.625,164.0625,-625.0,789.0625,257.8125,-906.25,375.0,593.75,-789.0625,70.3125,625.0,-726.5625,273.4375
684550,-132.8125,421.875,890.625,164.0625,-625.0,789.0625,257.8125,-906.25,375.0,593.75,-789.0625,70.3125,625.0,-726.5625,273.4375
684558,-132.8125,414.0625,898.4375,171.875,-625.0,781.25,265.625,-906.25,375.0,601.5625,-796.875,70.3125,632.8125,-726.5625,273.4375
684558,-132.8125,414.0625,898.4375,171.875,-625.0,781.25,265.625,-906.25,375.0,601.5625,-796.875,70.3125,632.8125,-726.5625,273.4375
684566,-132.8125,421.875,898.4375,164.0625,-625.0,781.25,265.625,-906.25,375.0,601.5625,-789.0625,70.3125,617.1875,-734.375,265.625
684566,-132.8125,421.875,898.4375,164.0625,-625.0,781.25,265.625,-906.25,375.0,601.5625,-789.0625,70.3125,617.1875,-734.375,265.625
684566,-132.8125,414.0625,898.4375,171.875,-632.8125,781.25,265.625,-906.25,375.0,601.5625,-796.875,62.5,625.0,-734.375,273.4375
684566,-132.8125,414.0625,898.4375,171.875,-632.8125,781.25,265.625,-906.25,375.0,601.5625,-796.875,62.5,625.0,-734.375,273.4375
684711,-132.8125,429.6875,890.625,164.0625,-625.0,781.25,257.8125,-898.4375,382.8125,601.5625,-789.0625,70.3125,625.0,-734.375,273.4375
684711,-132.8125,429.6875,890.625,164.0625,-625.0,781.25,257.8125,-898.4375,382.8125,601.5625,-789.0625,70.3125,625.0,-734.375,273.4375
684720,-132.8125,414.0625,890.625,171.875,-632.8125,781.25,265.625,-906.25,382.8125,601.5625,-804.6875,70.3125,625.0,-734.375,273.4375
684720,-132.8125,414.0625,890.625,171.875,-632.8125,781.25,265.625,-906.25,382.8125,601.5625,-804.6875,70.3125,625.0,-734.375,273.4375
684728,-132.8125,421.875,898.4375,171.875,-625.0,781.25,257.8125,-906.25,375.0,609.375,-796.875,78.125,625.0,-734.375,265.625
684728,-132.8125,421.875,898.4375,171.875,-625.0,781.25,257.8125,-906.25,375.0,609.375,-796.875,78.125,625.0,-734.375,265.625
684728,-132.8125,421.875,898.4375,171.875,-640.625,789.0625,257.8125,-914.0625,375.0,609.375,-804.6875,70.3125,632.8125,-742.1875,273.4375
684728,-132.8125,421.875,898.4375,171.875,-640.625,789.0625,257.8125,-914.0625,375.0,609.375,-804.6875,70.3125,632.8125,-742.1875,273.4375
684874,-125.0,421.875,898.4375,164.0625,-632.8125,781.25,265.625,-906.25,367.1875,601.5625,-789.0625,78.125,632.8125,-734.375,265.625
684874,-125.0,421.875,898.4375,164.0625,-632.8125,781.25,265.625,-906.25,367.1875,601.5625,-789.0625,78.125,632.8125,-734.375,265.625
684881,-125.0,421.875,890.625,171.875,-625.0,789.0625,265.625,-914.0625,367.1875,601.5625,-796.875,70.3125,625.0,-726.5625,273.4375
684881,-125.0,421.875,890.625,171.875,-625.0,789.0625,265.625,-914.0625,367.1875,601.5625,-796.875,70.3125,625.0,-726.5625,273.4375
684889,-140.625,421.875,890.625,164.0625,-625.0,781.25,265.625,-898.4375,382.8125,601.5625,-789.0625,62.5,632.8125,-734.375,265.625
684889,-140.625,421.875,890.625,164.0625,-625.0,781.25,265.625,-898.4375,382.8125,601.5625,-789.0625,62.5,632.8125,-734.375,265.625
684890,-132.8125,421.875,890.625,171.875,-625.0,781.25,273.4375,-906.25,375.0,601.5625,-796.875,70.3125,617.1875,-726.5625,265.625
684890,-132.8125,421.875,890.625,171.875,-625.0,781.25,273.4375,-906.25,375.0,601.5625,-796.875,70.3125,617.1875,-726.5625,265.625
685035,-132.8125,421.875,890.625,171.875,-625.0,773.4375,257.8125,-906.25,375.0,593.75,-789.0625,70.3125,617.1875,-726.5625,273.4375
685035,-132.8125,421.875,890.625,171.875,-625.0,773.4375,257.8125,-906.25,375.0,593.75,-789.0625,70.3125,617.1875,-726.5625,273.4375
685041,-132.8125,429.6875,890.625,179.6875,-617.1875,781.25,257.8125,-906.25,390.625,601.5625,-796.875,70.3125,617.1875,-726.5625,265.625
685041,-132.8125,429.6875,890.625,179.6875,-617.1875,781.25,257.8125,-906.25,390.625,601.5625,-796.875,70.3125,617.1875,-726.5625,265.625
685050,-125.0,429.6875,898.4375,171.875,-632.8125,781.25,257.8125,-906.25,375.0,601.5625,-781.25,70.3125,625.0,-742.1875,281.25
685050,-125.0,429.6875,898.4375,171.875,-632.8125,781.25,257.8125,-906.25,375.0,601.5625,-781.25,70.3125,625.0,-742.1875,281.25
685051,-132.8125,421.875,906.25,164.0625,-625.0,781.25,265.625,-914.0625,390.625,601.5625,-796.875,62.5,625.0,-726.5625,273.4375
685051,-132.8125,421.875,906.25,164.0625,-625.0,781.25,265.625,-914.0625,390.625,601.5625,-796.875,62.5,625.0,-726.5625,273.4375
685196,-132.8125,414.0625,906.25,164.0625,-632.8125,773.4375,257.8125,-921.875,375.0,609.375,-796.875,70.3125,625.0,-742.1875,273.4375
685196,-132.8125,414.0625,906.25,164.0625,-632.8125,773.4375,257.8125,-921.875,375.0,609.375,-796.875,70.3125,625.0,-742.1875,273.4375
685204,-132.8125,429.6875,890.625,171.875,-632.8125,781.25,265.625,-914.0625,375.0,601.5625,-796.875,70.3125,625.0,-742.1875,273.4375
685204,-132.8125,429.6875,890.625,171.875,-632.8125,781.25,265.625,-914.0625,375.0,601.5625,-796.875,70.3125,625.0,-742.1875,273.4375
685212,-125.0,421.875,898.4375,164.0625,-625.0,781.25,257.8125,-898.4375,367.1875,593.75,-789.0625,70.3125,625.0,-742.1875,273.4375
685212,-125.0,421.875,898.4375,164.0625,-625.0,781.25,257.8125,-898.4375,367.1875,593.75,-789.0625,70.3125,625.0,-742.1875,273.4375
685212,-132.8125,429.6875,882.8125,171.875,-625.0,781.25,265.625,-890.625,375.0,601.5625,-789.0625,70.3125,625.0,-726.5625,273.4375
685212,-132.8125,429.6875,882.8125,171.875,-625.0,781.25,265.625,-890.625,375.0,601.5625,-789.0625,70.3125,625.0,-726.5625,273.4375
685357,-132.8125,421.875,898.4375,171.875,-632.8125,781.25,265.625,-906.25,382.8125,601.5625,-796.875,70.3125,632.8125,-734.375,273.4375
685357,-132.8125,421.875,898.4375,171.875,-632.8125,781.25,265.625,-906.25,382.8125,601.5625,-796.875,70.3125,632.8125,-734.375,273.4375
685365,-140.625,429.6875,898.4375,171.875,-632.8125,773.4375,257.8125,-906.25,375.0,601.5625,-789.0625,62.5,625.0,-742.1875,273.4375
685365,-140.625,429.6875,898.4375,171.875,-632.8125,773.4375,257.8125,-906.25,375.0,601.5625,-789.0625,62.5,625.0,-742.1875,273.4375
685373,-132.8125,429.6875,898.4375,164.0625,-625.0,773.4375,265.625,-906.25,375.0,601.5625,-796.875,70.3125,632.8125,-726.5625,265.625
685373,-132.8125,429.6875,898.4375,164.0625,-625.0,773.4375,265.625,-906.25,375.0,601.5625,-796.875,70.3125,632.8125,-726.5625,265.625
685373,-132.8125,421.875,898.4375,171.875,-640.625,781.25,257.8125,-906.25,382.8125,601.5625,-789.0625,62.5,625.0,-734.375,273.4375
685373,-132.8125,421.875,898.4375,171.875,-640.625,781.25,257.8125,-906.25,382.8125,601.5625,-789.0625,62.5,625.0,-734.375,273.4375
685502,-140.625,421.875,898.4375,179.6875,-632.8125,773.4375,265.625,-914.0625,375.0,601.5625,-796.875,70.3125,617.1875,-734.375,273.4375
685502,-140.625,421.875,898.4375,179.6875,-632.8125,773.4375,265.625,-914.0625,375.0,601.5625,-796.875,70.3125,617.1875,-734.375,273.4375
685510,-125.0,429.6875,906.25,164.0625,-632.8125,781.25,265.625,-914.0625,375.0,609.375,-796.875,62.5,632.8125,-734.375,273.4375
685510,-125.0,429.6875,906.25,164.0625,-632.8125,781.25,265.625,-914.0625,375.0,609.375,-796.875,62.5,632.8125,-734.375,273.4375
685510,-140.625,421.875,898.4375,171.875,-632.8125,781.25,273.4375,-906.25,382.8125,601.5625,-789.0625,70.3125,625.0,-726.5625,273.4375
685510,-140.625,421.875,898.4375,171.875,-632.8125,781.25,273.4375,-906.25,382.8125,601.5625,-789.0625,70.3125,625.0,-726.5625,273.4375
685518,-132.8125,421.875,898.4375,171.875,-640.625,781.25,273.4375,-906.25,375.0,601.5625,-789.0625,62.5,617.1875,-734.375,273.4375
685518,-132.8125,421.875,898.4375,171.875,-640.625,781.25,273.4375,-906.25,375.0,601.5625,-789.0625,62.5,617.1875,-734.375,273.4375
685663,-156.25,453.125,882.8125,164.0625,-609.375,812.5,265.625,-898.4375,398.4375,609.375,-789.0625,93.75,625.0,-726.5625,296.875
685663,-156.25,453.125,882.8125,164.0625,-609.375,812.5,265.625,-898.4375,398.4375,609.375,-789.0625,93.75,625.0,-726.5625,296.875
685670,-140.625,445.3125,875.0,195.3125,-593.75,796.875,281.25,-906.25,398.4375,617.1875,-781.25,85.9375,648.4375,-718.75,296.875
685670,-140.625,445.3125,875.0,195.3125,-593.75,796.875,281.25,-906.25,398.4375,617.1875,-781.25,85.9375,648.4375,-718.75,296.875
685670,-117.1875,421.875,898.4375,203.125,-585.9375,828.125,296.875,-906.25,390.625,664.0625,-820.3125,93.75,640.625,-750.0,289.0625
685670,-117.1875,421.875,898.4375,203.125,-585.9375,828.125,296.875,-906.25,390.625,664.0625,-820.3125,93.75,640.625,-750.0,289.0625
685679,-125.0,414.0625,906.25,148.4375,-656.25,796.875,250.0,-921.875,398.4375,570.3125,-757.8125,109.375,632.8125,-757.8125,312.5
685679,-125.0,414.0625,906.25,148.4375,-656.25,796.875,250.0,-921.875,398.4375,570.3125,-757.8125,109.375,632.8125,-757.8125,312.5
685825,-70.3125,562.5,960.9375,335.9375,-507.8125,1070.3125,429.6875,-984.375,632.8125,843.75,-867.1875,289.0625,828.125,-789.0625,500.0
685825,-70.3125,562.5,960.9375,335.9375,-507.8125,1070.3125,429.6875,-984.375,632.8125,843.75,-867.1875,289.0625,828.125,-789.0625,500.0
685832,-62.5,585.9375,984.375,328.125,-531.25,1078.125,468.75,-960.9375,671.875,843.75,-843.75,335.9375,804.6875,-781.25,500.0
685832,-62.5,585.9375,984.375,328.125,-531.25,1078.125,468.75,-960.9375,671.875,843.75,-843.75,335.9375,804.6875,-781.25,500.0
685832,-70.3125,625.0,976.5625,320.3125,-500.0,1093.75,468.75,-929.6875,703.125,851.5625,-851.5625,343.75,796.875,-773.4375,492.1875
685832,-70.3125,625.0,976.5625,320.3125,-500.0,1093.75,468.75,-929.6875,703.125,851.5625,-851.5625,343.75,796.875,-773.4375,492.1875
685840,-78.125,671.875,937.5,320.3125,-492.1875,1109.375,468.75,-898.4375,703.125,859.375,-843.75,351.5625,804.6875,-750.0,500.0
685840,-78.125,671.875,937.5,320.3125,-492.1875,1109.375,468.75,-898.4375,703.125,859.375,-843.75,351.5625,804.6875,-750.0,500.0
685922,-343.75,867.1875,882.8125,312.5,-523.4375,1117.1875,453.125,-1000.0,726.5625,843.75,-953.125,359.375,726.5625,-890.625,531.25
685922,-343.75,867.1875,882.8125,312.5,-523.4375,1117.1875,453.125,-1000.0,726.5625,843.75,-953.125,359.375,726.5625,-890.625,531.25
685930,-398.4375,835.9375,890.625,335.9375,-531.25,1085.9375,484.375,-1031.25,718.75,773.4375,-921.875,312.5,695.3125,-921.875,453.125
685930,-398.4375,835.9375,890.625,335.9375,-531.25,1085.9375,484.375,-1031.25,718.75,773.4375,-921.875,312.5,695.3125,-921.875,453.125
685938,-390.625,820.3125,906.25,359.375,-539.0625,1054.6875,500.0,-1015.625,726.5625,734.375,-882.8125,203.125,664.0625,-960.9375,390.625
685938,-390.625,820.3125,906.25,359.375,-539.0625,1054.6875,500.0,-1015.625,726.5625,734.375,-882.8125,203.125,664.0625,-960.9375,390.625
685938,-320.3125,812.5,859.375,312.5,-578.125,1007.8125,468.75,-992.1875,687.5,742.1875,-882.8125,179.6875,664.0625,-960.9375,351.5625
685938,-320.3125,812.5,859.375,312.5,-578.125,1007.8125,468.75,-992.1875,687.5,742.1875,-882.8125,179.6875,664.0625,-960.9375,351.5625
