676713,12845.0,105.0,3040.625
676713,12845.0,105.0,3040.625
676723,11003.125,1299.375,2988.125
676723,11003.125,1299.375,2988.125
676734,8544.375,2681.875,3158.75
676734,8544.375,2681.875,3158.75
676745,6225.625,5228.125,2695.0
676745,6225.625,5228.125,2695.0
676754,4449.375,6387.5,2108.75
676754,4449.375,6387.5,2108.75
676765,4287.5,6151.25,918.75
676765,4287.5,6151.25,918.75
676775,4799.375,5954.375,-450.625
676775,4799.375,5954.375,-450.625
676784,5884.375,5980.625,-1321.25
676784,5884.375,5980.625,-1321.25
676796,7446.25,4571.875,-958.125
676796,7446.25,4571.875,-958.125
676806,7940.625,3014.375,-433.125
676806,7940.625,3014.375,-433.125
676816,8233.75,2559.375,-336.875
676816,8233.75,2559.375,-336.875
676827,9051.875,1995.0,-210.0
676827,9051.875,1995.0,-210.0
676837,10670.625,1618.75,-205.625
676837,10670.625,1618.75,-205.625
676847,12486.25,1995.0,-870.625
676847,12486.25,1995.0,-870.625
676858,13733.125,3228.75,-2065.0
676858,13733.125,3228.75,-2065.0
676868,14503.125,3924.375,-2065.0
676868,14503.125,3924.375,-2065.0
676878,13838.125,3727.5,-651.875
676878,13838.125,3727.5,-651.875
676888,12438.125,3898.125,1045.625
676888,12438.125,3898.125,1045.625
676899,11265.625,4278.75,3053.75
676899,11265.625,4278.75,3053.75
676909,10390.625,5306.875,4501.875
676909,10390.625,5306.875,4501.875
676919,9384.375,6072.5,4624.375
676919,9384.375,6072.5,4624.375
676930,9642.5,6671.875,3561.25
676930,9642.5,6671.875,3561.25
676940,11256.875,8089.375,1946.875
676940,11256.875,8089.375,1946.875
676950,13400.625,9301.25,647.5
676950,13400.625,9301.25,647.5
676960,14927.5,9664.375,-393.75
676960,14927.5,9664.375,-393.75
676971,15452.5,9773.75,-945.0
676971,15452.5,9773.75,-945.0
676981,15036.875,9883.125,-1115.625
676981,15036.875,9883.125,-1115.625
676992,13623.75,10815.0,-787.5
676992,13623.75,10815.0,-787.5
677002,11068.75,11020.625,525.0
677002,11068.75,11020.625,525.0
677012,6689.375,9966.25,2843.75
677012,6689.375,9966.25,2843.75
677023,2366.875,9699.375,5573.75
677023,2366.875,9699.375,5573.75
677033,-1120.0,11103.75,8102.5
677033,-1120.0,11103.75,8102.5
677043,-1973.125,13527.5,8806.875
677043,-1973.125,13527.5,8806.875
677053,-1334.375,14306.25,8684.375
677053,-1334.375,14306.25,8684.375
677064,-1356.25,14770.0,8583.75
677064,-1356.25,14770.0,8583.75
677074,-3193.75,15570.625,9515.625
677074,-3193.75,15570.625,9515.625
677085,-5363.75,16073.75,10823.75
677085,-5363.75,16073.75,10823.75
677095,-5923.75,17180.625,10955.0
677095,-5923.75,17180.625,10955.0
677105,-4615.625,19670.0,10338.125
677105,-4615.625,19670.0,10338.125
677115,-3854.375,22448.125,10653.125
677115,-3854.375,22448.125,10653.125
677126,-4865.0,23467.5,12691.875
677126,-4865.0,23467.5,12691.875
677136,-7310.625,22736.875,15426.25
677136,-7310.625,22736.875,15426.25
677146,-9835.0,22045.625,17574.375
677146,-9835.0,22045.625,17574.375
677157,-11235.0,22754.375,18663.75
677157,-11235.0,22754.375,18663.75
677166,-11908.75,23909.375,18768.75
677166,-11908.75,23909.375,18768.75
677177,-12560.625,23922.5,18532.5
677177,-12560.625,23922.5,18532.5
677188,-12613.125,24018.75,18068.75
677188,-12613.125,24018.75,18068.75
677198,-13234.375,24836.875,18121.25
677198,-13234.375,24836.875,18121.25
677208,-15758.75,26324.375,19215.0
677208,-15758.75,26324.375,19215.0
677219,-20711.25,28428.75,21398.125
677219,-20711.25,28428.75,21398.125
677229,-26026.875,28831.25,23747.5
677229,-26026.875,28831.25,23747.5
677239,-29150.625,27562.5,25401.25
677239,-29150.625,27562.5,25401.25
677250,-28210.0,26407.5,25055.625
677250,-28210.0,26407.5,25055.625
677260,-23730.0,24123.75,23699.375
677260,-23730.0,24123.75,23699.375
677270,-16493.75,22120.0,20895.0
677270,-16493.75,22120.0,20895.0
677281,-6518.75,21376.25,18169.375
677281,-6518.75,21376.25,18169.375
677291,2515.625,21030.625,17220.0
677291,2515.625,21030.625,17220.0
677301,7656.25,19547.5,18151.875
677301,7656.25,19547.5,18151.875
677311,10403.75,17443.125,20015.625
677311,10403.75,17443.125,20015.625
677322,12061.875,14616.875,20899.375
677322,12061.875,14616.875,20899.375
677332,13510.0,11436.25,20370.0
677332,13510.0,11436.25,20370.0
677342,14218.75,9139.375,18580.625
677342,14218.75,9139.375,18580.625
677353,14135.625,7100.625,15688.75
677353,14135.625,7100.625,15688.75
677363,12267.5,4497.5,12626.25
677363,12267.5,4497.5,12626.25
677373,8675.625,2012.5,9913.75
677373,8675.625,2012.5,9913.75
677384,4948.125,-153.125,8045.625
677384,4948.125,-153.125,8045.625
677394,2043.125,-1557.5,6737.5
677394,2043.125,-1557.5,6737.5
677405,-253.75,-2143.75,5088.125
677405,-253.75,-2143.75,5088.125
677415,-1754.375,-3255.0,2607.5
677415,-1754.375,-3255.0,2607.5
677425,-2397.5,-3101.875,-682.5
677425,-2397.5,-3101.875,-682.5
677435,-2572.5,-1500.625,-4095.0
677435,-2572.5,-1500.625,-4095.0
677446,-2235.625,-358.75,-6724.375
677446,-2235.625,-358.75,-6724.375
677456,-2174.375,533.75,-8413.125
677456,-2174.375,533.75,-8413.125
677466,-2515.625,2100.0,-9323.125
677466,-2515.625,2100.0,-9323.125
677477,-2703.75,3753.75,-8995.0
677477,-2703.75,3753.75,-8995.0
677487,-2874.375,5390.0,-7433.125
677487,-2874.375,5390.0,-7433.125
677497,-2314.375,5906.25,-5525.625
677497,-2314.375,5906.25,-5525.625
677507,-1220.625,5416.25,-4116.875
677507,-1220.625,5416.25,-4116.875
677518,498.75,4283.125,-2905.0
677518,498.75,4283.125,-2905.0
677528,2511.25,3272.5,-1824.375
677528,2511.25,3272.5,-1824.375
677538,4348.75,2808.75,-984.375
677538,4348.75,2808.75,-984.375
677549,5726.875,2791.25,-39.375
677549,5726.875,2791.25,-39.375
677560,6343.75,2808.75,721.875
677560,6343.75,2808.75,721.875
677569,6759.375,2362.5,1128.75
677569,6759.375,2362.5,1128.75
677580,7035.0,1820.0,1229.375
677580,7035.0,1820.0,1229.375
677590,6610.625,1001.875,1509.375
677590,6610.625,1001.875,1509.375
677601,6028.75,-402.5,1811.25
677601,6028.75,-402.5,1811.25
677611,5499.375,-1631.875,1820.0
677611,5499.375,-1631.875,1820.0
677621,5276.25,-1763.125,1763.125
677621,5276.25,-1763.125,1763.125
677631,5998.125,-1194.375,2021.25
677631,5998.125,-1194.375,2021.25
677642,6453.125,-665.0,2366.875
677642,6453.125,-665.0,2366.875
677652,6628.125,-450.625,2769.375
677652,6628.125,-450.625,2769.375
677662,6947.5,61.25,2926.875
677662,6947.5,61.25,2926.875
677673,7450.625,813.75,3075.625
677673,7450.625,813.75,3075.625
677683,7918.75,1522.5,3447.5
677683,7918.75,1522.5,3447.5
677693,7748.125,1802.5,3644.375
677693,7748.125,1802.5,3644.375
677704,7070.0,730.625,3679.375
677704,7070.0,730.625,3679.375
677714,6641.25,-109.375,3202.5
677714,6641.25,-109.375,3202.5
677724,6037.5,-511.875,2248.75
677724,6037.5,-511.875,2248.75
677735,5416.25,-511.875,1295.0
677735,5416.25,-511.875,1295.0
677745,4873.75,-809.375,866.25
677745,4873.75,-809.375,866.25
677756,4431.875,-1054.375,708.75
677756,4431.875,-1054.375,708.75
677765,4121.25,-962.5,739.375
677765,4121.25,-962.5,739.375
677776,3390.625,-962.5,875.0
677776,3390.625,-962.5,875.0
677785,2712.5,-940.625,651.875
677785,2712.5,-940.625,651.875
677797,2301.25,-1404.375,564.375
677797,2301.25,-1404.375,564.375
677807,1828.75,-1833.125,476.875
677807,1828.75,-1833.125,476.875
677817,1614.375,-2091.25,148.75
677817,1614.375,-2091.25,148.75
677827,1535.625,-1911.875,-441.875
677827,1535.625,-1911.875,-441.875
677838,1596.875,-1325.625,-599.375
677838,1596.875,-1325.625,-599.375
677848,2047.5,-857.5,-262.5
677848,2047.5,-857.5,-262.5
677858,2555.0,-765.625,-118.125
677858,2555.0,-765.625,-118.125
677869,2782.5,-542.5,48.125
677869,2782.5,-542.5,48.125
677879,2839.375,-638.75,354.375
677879,2839.375,-638.75,354.375
677889,3031.875,-542.5,511.875
677889,3031.875,-542.5,511.875
677900,3325.0,-660.625,516.25
677900,3325.0,-660.625,516.25
677909,3731.875,-393.75,26.25
677909,3731.875,-393.75,26.25
677920,4287.5,586.25,-485.625
677920,4287.5,586.25,-485.625
677931,4694.375,1146.25,-498.75
677931,4694.375,1146.25,-498.75
677941,5075.0,1211.875,-568.75
677941,5075.0,1211.875,-568.75
677952,5718.125,1238.125,-800.625
677952,5718.125,1238.125,-800.625
677961,6002.5,1496.25,-1045.625
677961,6002.5,1496.25,-1045.625
677972,5989.375,2502.5,-1058.75
677972,5989.375,2502.5,-1058.75
677982,6090.0,3316.25,-1023.75
677982,6090.0,3316.25,-1023.75
677993,5543.125,3066.875,-1150.625
677993,5543.125,3066.875,-1150.625
678003,4060.0,1723.75,-1435.0
678003,4060.0,1723.75,-1435.0
678013,1745.625,-91.875,-1360.625
678013,1745.625,-91.875,-1360.625
678023,341.25,-1448.125,-765.625
678023,341.25,-1448.125,-765.625
678034,608.125,-1360.625,-441.875
678034,608.125,-1360.625,-441.875
678044,1636.25,-673.75,-498.75
678044,1636.25,-673.75,-498.75
678054,2498.125,-113.75,-441.875
678054,2498.125,-113.75,-441.875
678065,2226.875,-730.625,441.875
678065,2226.875,-730.625,441.875
678075,1470.0,-1544.375,1255.625
678075,1470.0,-1544.375,1255.625
678085,341.25,-1295.0,1461.25
678085,341.25,-1295.0,1461.25
678096,398.125,-691.25,1588.125
678096,398.125,-691.25,1588.125
678106,1325.625,-91.875,1264.375
678106,1325.625,-91.875,1264.375
678116,2209.375,-205.625,420.0
678116,2209.375,-205.625,420.0
678127,2218.125,-1413.125,4.375
678127,2218.125,-1413.125,4.375
678137,1264.375,-2366.875,13.125
678137,1264.375,-2366.875,13.125
678148,612.5,-2773.75,437.5
678148,612.5,-2773.75,437.5
678158,787.5,-2800.0,861.875
678158,787.5,-2800.0,861.875
678168,1518.125,-2585.625,555.625
678168,1518.125,-2585.625,555.625
678178,2406.25,-2257.5,-74.375
678178,2406.25,-2257.5,-74.375
678188,2826.25,-2629.375,-752.5
678188,2826.25,-2629.375,-752.5
678199,2384.375,-2835.0,-1400.0
678199,2384.375,-2835.0,-1400.0
678209,1828.75,-2848.125,-1806.875
678209,1828.75,-2848.125,-1806.875
678220,1903.125,-2668.75,-2345.0
678220,1903.125,-2668.75,-2345.0
678230,2165.625,-2843.75,-2865.625
678230,2165.625,-2843.75,-2865.625
678240,2441.25,-3438.75,-3574.375
678240,2441.25,-3438.75,-3574.375
678250,2113.125,-3679.375,-4182.5
678250,2113.125,-3679.375,-4182.5
678261,1828.75,-3745.0,-4563.125
678261,1828.75,-3745.0,-4563.125
678271,1907.5,-3395.0,-4414.375
678271,1907.5,-3395.0,-4414.375
678281,2353.75,-2664.375,-3906.875
678281,2353.75,-2664.375,-3906.875
678292,2747.5,-2432.5,-3202.5
678292,2747.5,-2432.5,-3202.5
678302,2708.125,-2607.5,-2489.375
678302,2708.125,-2607.5,-2489.375
678312,2537.5,-2791.25,-1946.875
678312,2537.5,-2791.25,-1946.875
678323,2261.875,-2187.5,-1338.75
678323,2261.875,-2187.5,-1338.75
678333,1846.25,-1211.875,-752.5
678333,1846.25,-1211.875,-752.5
678343,1465.625,-1325.625,-4.375
678343,1465.625,-1325.625,-4.375
678354,910.0,-1461.25,468.125
678354,910.0,-1461.25,468.125
678364,437.5,-1216.25,476.875
678364,437.5,-1216.25,476.875
678374,-113.75,-1483.125,560.0
678374,-113.75,-1483.125,560.0
678385,-656.25,-1806.875,411.25
678385,-656.25,-1806.875,411.25
678394,-940.625,-1820.0,249.375
678394,-940.625,-1820.0,249.375
678405,-809.375,-1378.125,100.625
678405,-809.375,-1378.125,100.625
678416,-455.0,-962.5,113.75
678416,-455.0,-962.5,113.75
678426,74.375,-625.625,148.75
678426,74.375,-625.625,148.75
678436,433.125,-730.625,271.25
678436,433.125,-730.625,271.25
678447,74.375,-1299.375,188.125
678447,74.375,-1299.375,188.125
678457,-748.125,-1115.625,0.0
678457,-748.125,-1115.625,0.0
678467,-883.75,-896.875,205.625
678467,-883.75,-896.875,205.625
678477,-398.125,-1028.125,52.5
678477,-398.125,-1028.125,52.5
678488,-236.25,-1242.5,-389.375
678488,-236.25,-1242.5,-389.375
678498,-284.375,-1058.75,-721.875
678498,-284.375,-1058.75,-721.875
678508,-35.0,-1185.625,-686.875
678508,-35.0,-1185.625,-686.875
678518,214.375,-1268.75,-774.375
678518,214.375,-1268.75,-774.375
678529,-35.0,-1268.75,-988.75
678529,-35.0,-1268.75,-988.75
678539,-218.75,-1439.375,-1015.0
678539,-218.75,-1439.375,-1015.0
678550,-516.25,-1496.25,-1050.0
678550,-516.25,-1496.25,-1050.0
678560,-525.0,-1557.5,-1054.375
678560,-525.0,-1557.5,-1054.375
678570,65.625,-1220.625,-1063.125
678570,65.625,-1220.625,-1063.125
678580,870.625,-525.0,-1124.375
678580,870.625,-525.0,-1124.375
678591,1400.0,201.25,-997.5
678591,1400.0,201.25,-997.5
678601,813.75,385.0,-656.25
678601,813.75,385.0,-656.25
678612,-310.625,586.25,205.625
678612,-310.625,586.25,205.625
678622,-966.875,1190.0,1172.5
678622,-966.875,1190.0,1172.5
678632,-892.5,1907.5,1833.125
678632,-892.5,1907.5,1833.125
678642,-428.75,2323.125,2314.375
678642,-428.75,2323.125,2314.375
678653,-380.625,2296.875,2528.75
678653,-380.625,2296.875,2528.75
678663,-249.375,2016.875,2480.625
678663,-249.375,2016.875,2480.625
678673,135.625,1706.25,2331.875
678673,135.625,1706.25,2331.875
678684,275.625,1487.5,2165.625
678684,275.625,1487.5,2165.625
678694,415.625,1198.75,1885.625
678694,415.625,1198.75,1885.625
678704,306.25,997.5,1491.875
678704,306.25,997.5,1491.875
678715,-78.75,1216.25,1369.375
678715,-78.75,1216.25,1369.375
678725,-43.75,1273.125,1491.875
678725,-43.75,1273.125,1491.875
678735,507.5,538.125,1238.125
678735,507.5,538.125,1238.125
678746,1198.75,-297.5,577.5
678746,1198.75,-297.5,577.5
678756,1758.75,-791.875,380.625
678756,1758.75,-791.875,380.625
678767,2113.125,-1080.625,345.625
678767,2113.125,-1080.625,345.625
678777,1706.25,-1732.5,218.75
678777,1706.25,-1732.5,218.75
678787,1106.875,-2843.75,105.0
678787,1106.875,-2843.75,105.0
678797,586.25,-3530.625,-196.875
678797,586.25,-3530.625,-196.875
678808,971.25,-3473.75,-533.75
678808,971.25,-3473.75,-533.75
678818,1828.75,-3084.375,-778.75
678818,1828.75,-3084.375,-778.75
678828,2305.625,-3027.5,-1111.25
678828,2305.625,-3027.5,-1111.25
678839,2275.0,-2878.75,-1386.875
678839,2275.0,-2878.75,-1386.875
678849,2104.375,-2546.25,-1500.625
678849,2104.375,-2546.25,-1500.625
678859,2069.375,-2178.75,-1185.625
678859,2069.375,-2178.75,-1185.625
678869,2283.75,-2135.0,-1133.125
678869,2283.75,-2135.0,-1133.125
678880,2060.625,-2310.0,-1675.625
678880,2060.625,-2310.0,-1675.625
678890,1321.25,-2244.375,-2034.375
678890,1321.25,-2244.375,-2034.375
678899,835.625,-1885.625,-2261.875
678899,835.625,-1885.625,-2261.875
678911,503.125,-1456.875,-2362.5
678911,503.125,-1456.875,-2362.5
678921,148.75,-848.75,-2235.625
678921,148.75,-848.75,-2235.625
678931,-218.75,-595.0,-2209.375
678931,-218.75,-595.0,-2209.375
678942,-433.125,-511.875,-2244.375
678942,-433.125,-511.875,-2244.375
678952,-875.0,-568.75,-1863.75
678952,-875.0,-568.75,-1863.75
678963,-1111.25,-476.875,-1006.25
678963,-1111.25,-476.875,-1006.25
678973,-1185.625,-4.375,-188.125
678973,-1185.625,-4.375,-188.125
678983,-1106.875,673.75,30.625
678983,-1106.875,673.75,30.625
678993,-1080.625,993.125,350.0
678993,-1080.625,993.125,350.0
679004,-984.375,1299.375,625.625
679004,-984.375,1299.375,625.625
679014,-1146.25,621.25,853.125
679014,-1146.25,621.25,853.125
679024,-1386.875,170.625,634.375
679024,-1386.875,170.625,634.375
679035,-1111.25,481.25,52.5
679035,-1111.25,481.25,52.5
679045,-293.125,647.5,-192.5
679045,-293.125,647.5,-192.5
679055,258.125,350.0,-223.125
679055,258.125,350.0,-223.125
679066,542.5,-358.75,-70.0
679066,542.5,-358.75,-70.0
679076,560.0,-791.875,65.625
679076,560.0,-791.875,65.625
679086,564.375,-1220.625,393.75
679086,564.375,-1220.625,393.75
679096,752.5,-1653.75,371.875
679096,752.5,-1653.75,371.875
679107,936.25,-1793.75,586.25
679107,936.25,-1793.75,586.25
679117,818.125,-2021.25,848.75
679117,818.125,-2021.25,848.75
679127,411.25,-2555.0,1120.0
679127,411.25,-2555.0,1120.0
679138,520.625,-2751.875,770.0
679138,520.625,-2751.875,770.0
679148,1058.75,-2839.375,148.75
679148,1058.75,-2839.375,148.75
679159,1461.25,-3005.625,-420.0
679159,1461.25,-3005.625,-420.0
679169,1592.5,-2813.125,-783.125
679169,1592.5,-2813.125,-783.125
679179,1041.25,-2498.125,-848.75
679179,1041.25,-2498.125,-848.75
679189,468.125,-2235.625,-879.375
679189,468.125,-2235.625,-879.375
679200,411.25,-2121.875,-1220.625
679200,411.25,-2121.875,-1220.625
679210,323.75,-1986.25,-1776.25
679210,323.75,-1986.25,-1776.25
679220,0.0,-1999.375,-2165.625
679220,0.0,-1999.375,-2165.625
679231,-367.5,-2043.125,-2384.375
679231,-367.5,-2043.125,-2384.375
679240,-678.125,-1771.875,-2581.25
679240,-678.125,-1771.875,-2581.25
679251,-988.75,-1723.75,-2625.0
679251,-988.75,-1723.75,-2625.0
679262,-936.25,-2266.25,-2996.875
679262,-936.25,-2266.25,-2996.875
679272,-791.875,-2891.875,-3451.875
679272,-791.875,-2891.875,-3451.875
679282,-367.5,-3088.75,-4182.5
679282,-367.5,-3088.75,-4182.5
679292,280.0,-3224.375,-4900.0
679292,280.0,-3224.375,-4900.0
679303,1964.375,-3683.75,-5993.75
679303,1964.375,-3683.75,-5993.75
679314,5381.25,-2695.0,-7774.375
679314,5381.25,-2695.0,-7774.375
679323,6650.0,-2511.25,-9126.25
679323,6650.0,-2511.25,-9126.25
679334,6886.25,-2590.0,-9362.5
679334,6886.25,-2590.0,-9362.5
679344,5569.375,-3578.75,-9016.875
679344,5569.375,-3578.75,-9016.875
679355,5516.875,-1881.25,-9852.5
679355,5516.875,-1881.25,-9852.5
679365,7266.875,-1155.0,-10705.625
679365,7266.875,-1155.0,-10705.625
679375,10045.0,765.625,-11108.125
679375,10045.0,765.625,-11108.125
679385,11042.5,1588.125,-10027.5
679385,11042.5,1588.125,-10027.5
679396,10587.5,608.125,-8268.75
679396,10587.5,608.125,-8268.75
679406,7958.125,78.75,-6510.0
679406,7958.125,78.75,-6510.0
679416,5582.5,196.875,-5215.0
679416,5582.5,196.875,-5215.0
679427,3920.0,196.875,-3867.5
679427,3920.0,196.875,-3867.5
679437,2183.125,-525.0,-3062.5
679437,2183.125,-525.0,-3062.5
679447,857.5,-1242.5,-2625.0
679447,857.5,-1242.5,-2625.0
679458,350.0,-2056.25,-1430.625
679458,350.0,-2056.25,-1430.625
679468,665.0,-1732.5,-555.625
679468,665.0,-1732.5,-555.625
679478,1238.125,-940.625,-153.125
679478,1238.125,-940.625,-153.125
679489,1754.375,-796.25,-96.25
679489,1754.375,-796.25,-96.25
679499,1872.5,-953.75,-135.625
679499,1872.5,-953.75,-135.625
679510,1767.5,-1058.75,-406.875
679510,1767.5,-1058.75,-406.875
679519,1736.875,-1036.875,-376.25
679519,1736.875,-1036.875,-376.25
679530,1338.75,-1518.125,-56.875
679530,1338.75,-1518.125,-56.875
679540,678.125,-1798.125,-43.75
679540,678.125,-1798.125,-43.75
679550,144.375,-1920.625,118.125
679550,144.375,-1920.625,118.125
679561,188.125,-1841.875,135.625
679561,188.125,-1841.875,135.625
679571,861.875,-1400.0,-78.75
679571,861.875,-1400.0,-78.75
679582,1290.625,-638.75,-144.375
679582,1290.625,-638.75,-144.375
679592,1343.125,-140.0,358.75
679592,1343.125,-140.0,358.75
679602,984.375,-188.125,1229.375
679602,984.375,-188.125,1229.375
679612,555.625,-411.25,1938.125
679612,555.625,-411.25,1938.125
679623,857.5,-840.0,2458.75
679623,857.5,-840.0,2458.75
679633,1050.0,-1176.875,2340.625
679633,1050.0,-1176.875,2340.625
679643,1128.75,-1461.25,1951.25
679643,1128.75,-1461.25,1951.25
679654,1141.875,-2078.125,1828.75
679654,1141.875,-2078.125,1828.75
679664,914.375,-2340.625,1780.625
679664,914.375,-2340.625,1780.625
679674,743.75,-2603.125,1526.875
679674,743.75,-2603.125,1526.875
679685,700.0,-2716.875,1141.875
679685,700.0,-2716.875,1141.875
679695,735.0,-2655.625,1181.25
679695,735.0,-2655.625,1181.25
679705,892.5,-2524.375,1443.75
679705,892.5,-2524.375,1443.75
679715,962.5,-2467.5,1561.875
679715,962.5,-2467.5,1561.875
679726,1295.0,-2489.375,1312.5
679726,1295.0,-2489.375,1312.5
679736,1631.875,-2970.625,1229.375
679736,1631.875,-2970.625,1229.375
679747,1575.0,-3368.75,1316.875
679747,1575.0,-3368.75,1316.875
679757,1128.75,-2856.875,1067.5
679757,1128.75,-2856.875,1067.5
679767,691.25,-1627.5,1102.5
679767,691.25,-1627.5,1102.5
679778,870.625,-656.25,1618.75
679778,870.625,-656.25,1618.75
679787,988.75,-791.875,1610.0
679787,988.75,-791.875,1610.0
