693151,-105.0,48.125,-13.125
693151,-105.0,48.125,-13.125
693161,-131.25,52.5,-4.375
693161,-131.25,52.5,-4.375
693313,-70.0,13.125,8.75
693313,-70.0,13.125,8.75
693323,-78.75,13.125,21.875
693323,-78.75,13.125,21.875
693474,0.0,-21.875,-43.75
693474,0.0,-21.875,-43.75
693484,-26.25,48.125,-13.125
693484,-26.25,48.125,-13.125
693737,-415.625,-105.0,-520.625
693737,-415.625,-105.0,-520.625
693747,-1120.0,-161.875,-538.125
693747,-1120.0,-161.875,-538.125
693898,-1076.25,87.5,-791.875
693898,-1076.25,87.5,-791.875
693908,-1338.75,100.625,-616.875
693908,-1338.75,100.625,-616.875
694019,-3863.125,752.5,-2791.25
694019,-3863.125,752.5,-2791.25
694029,-4016.25,573.125,-3552.5
694029,-4016.25,573.125,-3552.5
694181,-6356.875,1881.25,-10885.0
694181,-6356.875,1881.25,-10885.0
694191,-6304.375,-1281.875,-12403.125
694191,-6304.375,-1281.875,-12403.125
694342,-4620.0,599.375,-3736.25
694342,-4620.0,599.375,-3736.25
694352,-4331.25,507.5,-2607.5
694352,-4331.25,507.5,-2607.5
694504,-1185.625,6619.375,1203.125
694504,-1185.625,6619.375,1203.125
694514,1850.625,2747.5,770.0
694514,1850.625,2747.5,770.0
694665,2016.875,210.0,196.875
694665,2016.875,210.0,196.875
694675,1605.625,-74.375,-91.875
694675,1605.625,-74.375,-91.875
694826,-363.125,752.5,-192.5
694826,-363.125,752.5,-192.5
694837,-275.625,625.625,-126.875
694837,-275.625,625.625,-126.875
694988,-1281.875,3570.0,-306.25
694988,-1281.875,3570.0,-306.25
694998,-1176.875,4029.375,-542.5
694998,-1176.875,4029.375,-542.5
695149,-9856.875,18458.125,-984.375
695149,-9856.875,18458.125,-984.375
695159,-12166.875,18252.5,-1575.0
695159,-12166.875,18252.5,-1575.0
695311,1023.75,966.875,1163.75
695311,1023.75,966.875,1163.75
695321,1382.5,1277.5,835.625
695321,1382.5,1277.5,835.625
695472,-240.625,-227.5,-56.875
695472,-240.625,-227.5,-56.875
695482,-56.875,-118.125,-4.375
695482,-56.875,-118.125,-4.375
695634,-218.75,196.875,-52.5
695634,-218.75,196.875,-52.5
695644,-437.5,223.125,-4.375
695644,-437.5,223.125,-4.375
695795,358.75,179.375,227.5
695795,358.75,179.375,227.5
695805,271.25,188.125,262.5
695805,271.25,188.125,262.5
695957,393.75,188.125,-363.125
695957,393.75,188.125,-363.125
695967,341.25,70.0,-341.25
695967,341.25,70.0,-341.25
696118,113.75,-166.25,-341.25
696118,113.75,-166.25,-341.25
696128,183.75,-201.25,-367.5
696128,183.75,-201.25,-367.5
696280,301.875,131.25,-310.625
696280,301.875,131.25,-310.625
696290,205.625,175.0,-341.25
696290,205.625,175.0,-341.25
696441,332.5,-87.5,-170.625
696441,332.5,-87.5,-170.625
696451,371.875,-87.5,-210.0
696451,371.875,-87.5,-210.0
696603,30.625,-13.125,35.0
696603,30.625,-13.125,35.0
696613,39.375,-52.5,35.0
696613,39.375,-52.5,35.0
