675334,171.875,421.875,882.8125,187.5,-617.1875,789.0625,281.25,-898.4375,398.4375,617.1875,-765.625,164.0625,679.6875,-687.5,265.625
675334,171.875,421.875,882.8125,187.5,-617.1875,789.0625,281.25,-898.4375,398.4375,617.1875,-765.625,164.0625,679.6875,-687.5,265.625
675342,171.875,421.875,890.625,179.6875,-632.8125,781.25,289.0625,-890.625,390.625,617.1875,-765.625,156.25,664.0625,-695.3125,250.0
675342,171.875,421.875,890.625,179.6875,-632.8125,781.25,289.0625,-890.625,390.625,617.1875,-765.625,156.25,664.0625,-695.3125,250.0
675350,171.875,414.0625,890.625,187.5,-625.0,789.0625,281.25,-890.625,398.4375,617.1875,-765.625,156.25,671.875,-695.3125,265.625
675350,171.875,414.0625,890.625,187.5,-625.0,789.0625,281.25,-890.625,398.4375,617.1875,-765.625,156.25,671.875,-695.3125,265.625
675350,164.0625,414.0625,882.8125,179.6875,-625.0,781.25,281.25,-890.625,398.4375,609.375,-765.625,156.25,671.875,-703.125,257.8125
675350,164.0625,414.0625,882.8125,179.6875,-625.0,781.25,281.25,-890.625,398.4375,609.375,-765.625,156.25,671.875,-703.125,257.8125
675496,164.0625,421.875,890.625,187.5,-625.0,781.25,281.25,-890.625,390.625,617.1875,-765.625,148.4375,671.875,-695.3125,257.8125
675496,164.0625,421.875,890.625,187.5,-625.0,781.25,281.25,-890.625,390.625,617.1875,-765.625,148.4375,671.875,-695.3125,257.8125
675503,164.0625,406.25,882.8125,179.6875,-632.8125,781.25,296.875,-890.625,398.4375,609.375,-773.4375,164.0625,671.875,-695.3125,257.8125
675503,164.0625,406.25,882.8125,179.6875,-632.8125,781.25,296.875,-890.625,398.4375,609.375,-773.4375,164.0625,671.875,-695.3125,257.8125
675511,164.0625,414.0625,882.8125,171.875,-625.0,789.0625,281.25,-890.625,390.625,617.1875,-765.625,156.25,679.6875,-695.3125,257.8125
675511,164.0625,414.0625,882.8125,171.875,-625.0,789.0625,281.25,-890.625,390.625,617.1875,-765.625,156.25,679.6875,-695.3125,257.8125
675511,164.0625,414.0625,875.0,195.3125,-632.8125,781.25,289.0625,-890.625,398.4375,609.375,-773.4375,148.4375,679.6875,-703.125,257.8125
675511,164.0625,414.0625,875.0,195.3125,-632.8125,781.25,289.0625,-890.625,398.4375,609.375,-773.4375,148.4375,679.6875,-703.125,257.8125
675655,171.875,414.0625,882.8125,179.6875,-625.0,789.0625,281.25,-890.625,398.4375,617.1875,-765.625,156.25,671.875,-695.3125,257.8125
675655,171.875,414.0625,882.8125,179.6875,-625.0,789.0625,281.25,-890.625,398.4375,617.1875,-765.625,156.25,671.875,-695.3125,257.8125
675657,164.0625,421.875,875.0,179.6875,-617.1875,789.0625,281.25,-882.8125,406.25,617.1875,-765.625,156.25,671.875,-687.5,257.8125
675657,164.0625,421.875,875.0,179.6875,-617.1875,789.0625,281.25,-882.8125,406.25,617.1875,-765.625,156.25,671.875,-687.5,257.8125
675665,171.875,421.875,882.8125,179.6875,-625.0,773.4375,289.0625,-882.8125,390.625,609.375,-765.625,164.0625,679.6875,-687.5,257.8125
675665,171.875,421.875,882.8125,179.6875,-625.0,773.4375,289.0625,-882.8125,390.625,609.375,-765.625,164.0625,679.6875,-687.5,257.8125
675673,164.0625,414.0625,890.625,179.6875,-617.1875,789.0625,289.0625,-882.8125,390.625,609.375,-765.625,148.4375,671.875,-695.3125,257.8125
675673,164.0625,414.0625,890.625,179.6875,-617.1875,789.0625,289.0625,-882.8125,390.625,609.375,-765.625,148.4375,671.875,-695.3125,257.8125
675818,164.0625,414.0625,898.4375,179.6875,-632.8125,789.0625,289.0625,-890.625,398.4375,617.1875,-773.4375,156.25,679.6875,-695.3125,257.8125
675818,164.0625,414.0625,898.4375,179.6875,-632.8125,789.0625,289.0625,-890.625,398.4375,617.1875,-773.4375,156.25,679.6875,-695.3125,257.8125
675818,164.0625,414.0625,890.625,187.5,-632.8125,781.25,281.25,-898.4375,398.4375,625.0,-773.4375,156.25,679.6875,-695.3125,265.625
675818,164.0625,414.0625,890.625,187.5,-632.8125,781.25,281.25,-898.4375,398.4375,625.0,-773.4375,156.25,679.6875,-695.3125,265.625
675826,171.875,414.0625,898.4375,171.875,-640.625,781.25,289.0625,-898.4375,390.625,617.1875,-765.625,164.0625,679.6875,-703.125,257.8125
675826,171.875,414.0625,898.4375,171.875,-640.625,781.25,289.0625,-898.4375,390.625,617.1875,-765.625,164.0625,679.6875,-703.125,257.8125
675834,164.0625,406.25,898.4375,171.875,-632.8125,789.0625,289.0625,-898.4375,390.625,625.0,-781.25,156.25,679.6875,-703.125,257.8125
675834,164.0625,406.25,898.4375,171.875,-632.8125,789.0625,289.0625,-898.4375,390.625,625.0,-781.25,156.25,679.6875,-703.125,257.8125
675979,171.875,414.0625,882.8125,179.6875,-625.0,789.0625,289.0625,-898.4375,398.4375,617.1875,-765.625,156.25,679.6875,-695.3125,257.8125
675979,171.875,414.0625,882.8125,179.6875,-625.0,789.0625,289.0625,-898.4375,398.4375,617.1875,-765.625,156.25,679.6875,-695.3125,257.8125
675979,164.0625,421.875,882.8125,179.6875,-625.0,789.0625,289.0625,-890.625,398.4375,617.1875,-765.625,156.25,679.6875,-695.3125,257.8125
675979,164.0625,421.875,882.8125,179.6875,-625.0,789.0625,289.0625,-890.625,398.4375,617.1875,-765.625,156.25,679.6875,-695.3125,257.8125
675987,171.875,421.875,875.0,187.5,-625.0,789.0625,296.875,-882.8125,406.25,625.0,-773.4375,156.25,671.875,-695.3125,265.625
675987,171.875,421.875,875.0,187.5,-625.0,789.0625,296.875,-882.8125,406.25,625.0,-773.4375,156.25,671.875,-695.3125,265.625
675993,179.6875,421.875,898.4375,179.6875,-625.0,789.0625,289.0625,-890.625,406.25,617.1875,-765.625,164.0625,687.5,-687.5,257.8125
675993,179.6875,421.875,898.4375,179.6875,-625.0,789.0625,289.0625,-890.625,406.25,617.1875,-765.625,164.0625,687.5,-687.5,257.8125
676058,179.6875,421.875,890.625,187.5,-632.8125,804.6875,289.0625,-906.25,414.0625,632.8125,-773.4375,171.875,695.3125,-710.9375,265.625
676058,179.6875,421.875,890.625,187.5,-632.8125,804.6875,289.0625,-906.25,414.0625,632.8125,-773.4375,171.875,695.3125,-710.9375,265.625
676059,164.0625,406.25,890.625,195.3125,-632.8125,796.875,296.875,-898.4375,414.0625,632.8125,-781.25,164.0625,671.875,-687.5,265.625
676059,164.0625,406.25,890.625,195.3125,-632.8125,796.875,296.875,-898.4375,414.0625,632.8125,-781.25,164.0625,671.875,-687.5,265.625
676067,179.6875,406.25,882.8125,195.3125,-625.0,804.6875,296.875,-890.625,421.875,625.0,-781.25,171.875,671.875,-695.3125,265.625
676067,179.6875,406.25,882.8125,195.3125,-625.0,804.6875,296.875,-890.625,421.875,625.0,-781.25,171.875,671.875,-695.3125,265.625
676075,187.5,414.0625,890.625,187.5,-625.0,820.3125,304.6875,-898.4375,414.0625,632.8125,-789.0625,187.5,695.3125,-703.125,273.4375
676075,187.5,414.0625,890.625,187.5,-625.0,820.3125,304.6875,-898.4375,414.0625,632.8125,-789.0625,187.5,695.3125,-703.125,273.4375
676220,187.5,437.5,898.4375,203.125,-632.8125,851.5625,312.5,-921.875,445.3125,648.4375,-812.5,179.6875,695.3125,-726.5625,281.25
676220,187.5,437.5,898.4375,203.125,-632.8125,851.5625,312.5,-921.875,445.3125,648.4375,-812.5,179.6875,695.3125,-726.5625,281.25
676221,179.6875,468.75,906.25,203.125,-640.625,851.5625,320.3125,-929.6875,445.3125,656.25,-812.5,179.6875,703.125,-726.5625,281.25
676221,179.6875,468.75,906.25,203.125,-640.625,851.5625,320.3125,-929.6875,445.3125,656.25,-812.5,179.6875,703.125,-726.5625,281.25
676229,187.5,468.75,906.25,210.9375,-632.8125,859.375,320.3125,-929.6875,453.125,656.25,-812.5,187.5,710.9375,-734.375,273.4375
676229,187.5,468.75,906.25,210.9375,-632.8125,859.375,320.3125,-929.6875,453.125,656.25,-812.5,187.5,710.9375,-734.375,273.4375
676237,195.3125,468.75,921.875,210.9375,-632.8125,867.1875,320.3125,-953.125,453.125,804.6875,-890.625,250.0,718.75,-765.625,304.6875
676237,195.3125,468.75,921.875,210.9375,-632.8125,867.1875,320.3125,-953.125,453.125,804.6875,-890.625,250.0,718.75,-765.625,304.6875
676382,335.9375,789.0625,968.75,304.6875,-539.0625,1101.5625,414.0625,-960.9375,687.5,796.875,-882.8125,421.875,789.0625,-781.25,570.3125
676382,335.9375,789.0625,968.75,304.6875,-539.0625,1101.5625,414.0625,-960.9375,687.5,796.875,-882.8125,421.875,789.0625,-781.25,570.3125
676382,328.125,726.5625,984.375,304.6875,-492.1875,1132.8125,398.4375,-945.3125,679.6875,796.875,-890.625,406.25,804.6875,-773.4375,585.9375
676382,328.125,726.5625,984.375,304.6875,-492.1875,1132.8125,398.4375,-945.3125,679.6875,796.875,-890.625,406.25,804.6875,-773.4375,585.9375
676390,320.3125,710.9375,968.75,304.6875,-539.0625,1109.375,414.0625,-953.125,679.6875,828.125,-867.1875,429.6875,804.6875,-734.375,570.3125
676390,320.3125,710.9375,968.75,304.6875,-539.0625,1109.375,414.0625,-953.125,679.6875,828.125,-867.1875,429.6875,804.6875,-734.375,570.3125
676398,281.25,695.3125,960.9375,281.25,-562.5,1093.75,421.875,-984.375,679.6875,750.0,-851.5625,367.1875,781.25,-750.0,546.875
676398,281.25,695.3125,960.9375,281.25,-562.5,1093.75,421.875,-984.375,679.6875,750.0,-851.5625,367.1875,781.25,-750.0,546.875
676544,-140.625,585.9375,765.625,-31.25,-562.5,890.625,70.3125,-914.0625,500.0,414.0625,-890.625,234.375,421.875,-882.8125,289.0625
676544,-140.625,585.9375,765.625,-31.25,-562.5,890.625,70.3125,-914.0625,500.0,414.0625,-890.625,234.375,421.875,-882.8125,289.0625
676544,-164.0625,609.375,757.8125,-54.6875,-562.5,875.0,62.5,-906.25,492.1875,398.4375,-898.4375,242.1875,398.4375,-882.8125,296.875
676544,-164.0625,609.375,757.8125,-54.6875,-562.5,875.0,62.5,-906.25,492.1875,398.4375,-898.4375,242.1875,398.4375,-882.8125,296.875
676551,-179.6875,640.625,765.625,-62.5,-546.875,867.1875,54.6875,-906.25,492.1875,398.4375,-898.4375,250.0,398.4375,-882.8125,320.3125
676551,-179.6875,640.625,765.625,-62.5,-546.875,867.1875,54.6875,-906.25,492.1875,398.4375,-898.4375,250.0,398.4375,-882.8125,320.3125
676560,-187.5,671.875,757.8125,-70.3125,-515.625,851.5625,46.875,-890.625,500.0,398.4375,-898.4375,265.625,406.25,-875.0,343.75
676560,-187.5,671.875,757.8125,-70.3125,-515.625,851.5625,46.875,-890.625,500.0,398.4375,-898.4375,265.625,406.25,-875.0,343.75
676624,-367.1875,664.0625,562.5,-164.0625,-453.125,718.75,-46.875,-726.5625,453.125,226.5625,-765.625,250.0,234.375,-765.625,281.25
676624,-367.1875,664.0625,562.5,-164.0625,-453.125,718.75,-46.875,-726.5625,453.125,226.5625,-765.625,250.0,234.375,-765.625,281.25
676624,-359.375,679.6875,578.125,-179.6875,-445.3125,703.125,-70.3125,-710.9375,437.5,203.125,-757.8125,242.1875,195.3125,-781.25,257.8125
676624,-359.375,679.6875,578.125,-179.6875,-445.3125,703.125,-70.3125,-710.9375,437.5,203.125,-757.8125,242.1875,195.3125,-781.25,257.8125
676631,-359.375,671.875,578.125,-195.3125,-460.9375,679.6875,-85.9375,-703.125,414.0625,187.5,-757.8125,242.1875,195.3125,-789.0625,250.0
676631,-359.375,671.875,578.125,-195.3125,-460.9375,679.6875,-85.9375,-703.125,414.0625,187.5,-757.8125,242.1875,195.3125,-789.0625,250.0
676640,-320.3125,656.25,593.75,-179.6875,-476.5625,664.0625,-125.0,-718.75,382.8125,164.0625,-773.4375,226.5625,171.875,-789.0625,257.8125
676640,-320.3125,656.25,593.75,-179.6875,-476.5625,664.0625,-125.0,-718.75,382.8125,164.0625,-773.4375,226.5625,171.875,-789.0625,257.8125
676785,-460.9375,546.875,296.875,-406.25,-335.9375,515.625,-367.1875,-554.6875,335.9375,-140.625,-718.75,156.25,-132.8125,-726.5625,210.9375
676785,-460.9375,546.875,296.875,-406.25,-335.9375,515.625,-367.1875,-554.6875,335.9375,-140.625,-718.75,156.25,-132.8125,-726.5625,210.9375
676785,-484.375,546.875,296.875,-398.4375,-335.9375,531.25,-351.5625,-562.5,351.5625,-132.8125,-718.75,164.0625,-132.8125,-726.5625,210.9375
676785,-484.375,546.875,296.875,-398.4375,-335.9375,531.25,-351.5625,-562.5,351.5625,-132.8125,-718.75,164.0625,-132.8125,-726.5625,210.9375
676793,-500.0,554.6875,312.5,-351.5625,-335.9375,578.125,-343.75,-562.5,359.375,-132.8125,-718.75,164.0625,-125.0,-718.75,226.5625
676793,-500.0,554.6875,312.5,-351.5625,-335.9375,578.125,-343.75,-562.5,359.375,-132.8125,-718.75,164.0625,-125.0,-718.75,226.5625
676802,-507.8125,539.0625,312.5,-320.3125,-335.9375,632.8125,-328.125,-546.875,375.0,-117.1875,-718.75,164.0625,-117.1875,-703.125,234.375
676802,-507.8125,539.0625,312.5,-320.3125,-335.9375,632.8125,-328.125,-546.875,375.0,-117.1875,-718.75,164.0625,-117.1875,-703.125,234.375
676866,-515.625,687.5,375.0,-250.0,-453.125,765.625,-195.3125,-687.5,554.6875,31.25,-851.5625,257.8125,-31.25,-812.5,328.125
676866,-515.625,687.5,375.0,-250.0,-453.125,765.625,-195.3125,-687.5,554.6875,31.25,-851.5625,257.8125,-31.25,-812.5,328.125
676866,-523.4375,718.75,343.75,-257.8125,-460.9375,773.4375,-210.9375,-710.9375,539.0625,31.25,-882.8125,250.0,-39.0625,-843.75,351.5625
676866,-523.4375,718.75,343.75,-257.8125,-460.9375,773.4375,-210.9375,-710.9375,539.0625,31.25,-882.8125,250.0,-39.0625,-843.75,351.5625
676874,-546.875,734.375,335.9375,-242.1875,-476.5625,773.4375,-210.9375,-734.375,539.0625,23.4375,-906.25,234.375,-31.25,-875.0,343.75
676874,-546.875,734.375,335.9375,-242.1875,-476.5625,773.4375,-210.9375,-734.375,539.0625,23.4375,-906.25,234.375,-31.25,-875.0,343.75
676882,-531.25,757.8125,343.75,125.0,-281.25,1328.125,-210.9375,-664.0625,601.5625,31.25,-929.6875,218.75,-46.875,-898.4375,343.75
676882,-531.25,757.8125,343.75,125.0,-281.25,1328.125,-210.9375,-664.0625,601.5625,31.25,-929.6875,218.75,-46.875,-898.4375,343.75
677027,-195.3125,679.6875,843.75,-375.0,-695.3125,710.9375,-273.4375,-843.75,554.6875,78.125,-1007.8125,210.9375,-7.8125,-914.0625,375.0
677027,-195.3125,679.6875,843.75,-375.0,-695.3125,710.9375,-273.4375,-843.75,554.6875,78.125,-1007.8125,210.9375,-7.8125,-914.0625,375.0
677027,-273.4375,796.875,867.1875,-226.5625,-648.4375,882.8125,-273.4375,-851.5625,515.625,54.6875,-1070.3125,156.25,-39.0625,-976.5625,375.0
677027,-273.4375,796.875,867.1875,-226.5625,-648.4375,882.8125,-273.4375,-851.5625,515.625,54.6875,-1070.3125,156.25,-39.0625,-976.5625,375.0
677035,-296.875,1023.4375,804.6875,-101.5625,-664.0625,898.4375,-242.1875,-921.875,500.0,23.4375,-1109.375,93.75,-85.9375,-1054.6875,335.9375
677035,-296.875,1023.4375,804.6875,-101.5625,-664.0625,898.4375,-242.1875,-921.875,500.0,23.4375,-1109.375,93.75,-85.9375,-1054.6875,335.9375
677043,-250.0,1109.375,773.4375,-117.1875,-687.5,906.25,-203.125,-945.3125,515.625,15.625,-1109.375,78.125,-117.1875,-1085.9375,265.625
677043,-250.0,1109.375,773.4375,-117.1875,-687.5,906.25,-203.125,-945.3125,515.625,15.625,-1109.375,78.125,-117.1875,-1085.9375,265.625
677188,-359.375,687.5,687.5,-250.0,-671.875,757.8125,-265.625,-867.1875,484.375,0.0,-1031.25,117.1875,-125.0,-984.375,265.625
677188,-359.375,687.5,687.5,-250.0,-671.875,757.8125,-265.625,-867.1875,484.375,0.0,-1031.25,117.1875,-125.0,-984.375,265.625
677188,-367.1875,703.125,695.3125,-250.0,-656.25,750.0,-265.625,-859.375,492.1875,-7.8125,-1023.4375,132.8125,-132.8125,-984.375,273.4375
677188,-367.1875,703.125,695.3125,-250.0,-656.25,750.0,-265.625,-859.375,492.1875,-7.8125,-1023.4375,132.8125,-132.8125,-984.375,273.4375
677196,-367.1875,695.3125,679.6875,-265.625,-656.25,750.0,-273.4375,-851.5625,492.1875,-15.625,-1015.625,132.8125,-140.625,-976.5625,257.8125
677196,-367.1875,695.3125,679.6875,-265.625,-656.25,750.0,-273.4375,-851.5625,492.1875,-15.625,-1015.625,132.8125,-140.625,-976.5625,257.8125
677204,-367.1875,687.5,679.6875,-234.375,-578.125,781.25,-273.4375,-812.5,500.0,-23.4375,-1000.0,140.625,-156.25,-968.75,242.1875
677204,-367.1875,687.5,679.6875,-234.375,-578.125,781.25,-273.4375,-812.5,500.0,-23.4375,-1000.0,140.625,-156.25,-968.75,242.1875
677349,-617.1875,859.375,476.5625,-250.0,-398.4375,1015.625,-179.6875,-710.9375,828.125,70.3125,-1000.0,476.5625,-140.625,-929.6875,601.5625
677349,-617.1875,859.375,476.5625,-250.0,-398.4375,1015.625,-179.6875,-710.9375,828.125,70.3125,-1000.0,476.5625,-140.625,-929.6875,601.5625
677350,-632.8125,851.5625,445.3125,-242.1875,-414.0625,1015.625,-164.0625,-726.5625,843.75,101.5625,-1023.4375,476.5625,-117.1875,-937.5,625.0
677350,-632.8125,851.5625,445.3125,-242.1875,-414.0625,1015.625,-164.0625,-726.5625,843.75,101.5625,-1023.4375,476.5625,-117.1875,-937.5,625.0
677358,-640.625,820.3125,453.125,-226.5625,-429.6875,1023.4375,-140.625,-757.8125,851.5625,132.8125,-1046.875,492.1875,-101.5625,-960.9375,648.4375
677358,-640.625,820.3125,453.125,-226.5625,-429.6875,1023.4375,-140.625,-757.8125,851.5625,132.8125,-1046.875,492.1875,-101.5625,-960.9375,648.4375
677366,-640.625,781.25,437.5,-203.125,-437.5,1023.4375,-117.1875,-781.25,859.375,164.0625,-1054.6875,484.375,-54.6875,-976.5625,656.25
677366,-640.625,781.25,437.5,-203.125,-437.5,1023.4375,-117.1875,-781.25,859.375,164.0625,-1054.6875,484.375,-54.6875,-976.5625,656.25
677511,15.625,804.6875,875.0,54.6875,-757.8125,656.25,-70.3125,-937.5,218.75,46.875,-914.0625,-265.625,-46.875,-960.9375,-195.3125
677511,15.625,804.6875,875.0,54.6875,-757.8125,656.25,-70.3125,-937.5,218.75,46.875,-914.0625,-265.625,-46.875,-960.9375,-195.3125
677511,23.4375,765.625,875.0,78.125,-796.875,671.875,-70.3125,-976.5625,210.9375,54.6875,-937.5,-289.0625,-39.0625,-1007.8125,-203.125
677511,23.4375,765.625,875.0,78.125,-796.875,671.875,-70.3125,-976.5625,210.9375,54.6875,-937.5,-289.0625,-39.0625,-1007.8125,-203.125
677519,39.0625,726.5625,867.1875,93.75,-843.75,656.25,-54.6875,-1023.4375,210.9375,78.125,-984.375,-289.0625,-31.25,-1031.25,-187.5
677519,39.0625,726.5625,867.1875,93.75,-843.75,656.25,-54.6875,-1023.4375,210.9375,78.125,-984.375,-289.0625,-31.25,-1031.25,-187.5
677527,54.6875,695.3125,867.1875,109.375,-906.25,656.25,-46.875,-1062.5,210.9375,93.75,-1023.4375,-289.0625,-15.625,-1070.3125,-148.4375
677527,54.6875,695.3125,867.1875,109.375,-906.25,656.25,-46.875,-1062.5,210.9375,93.75,-1023.4375,-289.0625,-15.625,-1070.3125,-148.4375
677672,375.0,335.9375,843.75,343.75,-1015.625,257.8125,289.0625,-1078.125,-70.3125,546.875,-835.9375,-468.75,539.0625,-937.5,-179.6875
677672,375.0,335.9375,843.75,343.75,-1015.625,257.8125,289.0625,-1078.125,-70.3125,546.875,-835.9375,-468.75,539.0625,-937.5,-179.6875
677672,382.8125,335.9375,914.0625,273.4375,-1046.875,242.1875,281.25,-1046.875,-109.375,507.8125,-796.875,-523.4375,492.1875,-906.25,-257.8125
677672,382.8125,335.9375,914.0625,273.4375,-1046.875,242.1875,281.25,-1046.875,-109.375,507.8125,-796.875,-523.4375,492.1875,-906.25,-257.8125
677681,414.0625,437.5,890.625,312.5,-1015.625,242.1875,250.0,-1031.25,-148.4375,437.5,-796.875,-546.875,437.5,-914.0625,-335.9375
677681,414.0625,437.5,890.625,312.5,-1015.625,242.1875,250.0,-1031.25,-148.4375,437.5,-796.875,-546.875,437.5,-914.0625,-335.9375
677689,406.25,437.5,906.25,304.6875,-960.9375,273.4375,210.9375,-1023.4375,-171.875,390.625,-765.625,-593.75,398.4375,-882.8125,-414.0625
677689,406.25,437.5,906.25,304.6875,-960.9375,273.4375,210.9375,-1023.4375,-171.875,390.625,-765.625,-593.75,398.4375,-882.8125,-414.0625
677833,226.5625,554.6875,789.0625,242.1875,-859.375,507.8125,187.5,-1007.8125,164.0625,406.25,-890.625,-250.0,343.75,-945.3125,-31.25
677833,226.5625,554.6875,789.0625,242.1875,-859.375,507.8125,187.5,-1007.8125,164.0625,406.25,-890.625,-250.0,343.75,-945.3125,-31.25
677834,203.125,570.3125,773.4375,242.1875,-828.125,523.4375,195.3125,-984.375,171.875,406.25,-875.0,-226.5625,335.9375,-937.5,-31.25
677834,203.125,570.3125,773.4375,242.1875,-828.125,523.4375,195.3125,-984.375,171.875,406.25,-875.0,-226.5625,335.9375,-937.5,-31.25
677842,203.125,593.75,773.4375,234.375,-812.5,523.4375,187.5,-953.125,179.6875,406.25,-859.375,-226.5625,320.3125,-921.875,-23.4375
677842,203.125,593.75,773.4375,234.375,-812.5,523.4375,187.5,-953.125,179.6875,406.25,-859.375,-226.5625,320.3125,-921.875,-23.4375
677850,203.125,609.375,773.4375,226.5625,-781.25,539.0625,179.6875,-953.125,187.5,375.0,-859.375,-210.9375,304.6875,-914.0625,-15.625
677850,203.125,609.375,773.4375,226.5625,-781.25,539.0625,179.6875,-953.125,187.5,375.0,-859.375,-210.9375,304.6875,-914.0625,-15.625
677995,85.9375,632.8125,765.625,132.8125,-789.0625,617.1875,85.9375,-960.9375,273.4375,328.125,-921.875,-132.8125,218.75,-960.9375,46.875
677995,85.9375,632.8125,765.625,132.8125,-789.0625,617.1875,85.9375,-960.9375,273.4375,328.125,-921.875,-132.8125,218.75,-960.9375,46.875
677995,85.9375,648.4375,765.625,148.4375,-804.6875,625.0,93.75,-968.75,273.4375,312.5,-937.5,-148.4375,226.5625,-984.375,46.875
677995,85.9375,648.4375,765.625,148.4375,-804.6875,625.0,93.75,-968.75,273.4375,312.5,-937.5,-148.4375,226.5625,-984.375,46.875
678003,101.5625,648.4375,781.25,148.4375,-812.5,617.1875,101.5625,-976.5625,265.625,320.3125,-937.5,-156.25,226.5625,-992.1875,39.0625
678003,101.5625,648.4375,781.25,148.4375,-812.5,617.1875,101.5625,-976.5625,265.625,320.3125,-937.5,-156.25,226.5625,-992.1875,39.0625
678011,109.375,664.0625,796.875,148.4375,-812.5,617.1875,101.5625,-1000.0,265.625,320.3125,-945.3125,-156.25,234.375,-992.1875,23.4375
678011,109.375,664.0625,796.875,148.4375,-812.5,617.1875,101.5625,-1000.0,265.625,320.3125,-945.3125,-156.25,234.375,-992.1875,23.4375
