685783,-143360.0,81698.75,54665.625
685783,-143360.0,81698.75,54665.625
685793,-143360.0,87163.125,51498.125
685793,-143360.0,87163.125,51498.125
685803,-143360.0,80701.25,54770.625
685803,-143360.0,80701.25,54770.625
685813,-143360.0,84157.5,64540.0
685813,-143360.0,84157.5,64540.0
685824,-142292.5,101071.25,62580.0
685824,-142292.5,101071.25,62580.0
685834,-125339.375,99925.0,50268.75
685834,-125339.375,99925.0,50268.75
685844,-115215.625,93620.625,37620.625
685844,-115215.625,93620.625,37620.625
685855,-114572.5,73609.375,29658.125
685855,-114572.5,73609.375,29658.125
685865,-114900.625,53585.0,29701.875
685865,-114900.625,53585.0,29701.875
685874,-120776.25,39051.25,35315.0
685874,-120776.25,39051.25,35315.0
685886,-128773.75,24386.25,45202.5
685886,-128773.75,24386.25,45202.5
685897,-127911.875,12250.0,53768.75
685897,-127911.875,12250.0,53768.75
685906,-118851.25,3810.625,54473.125
685906,-118851.25,3810.625,54473.125
685917,-112529.375,-7616.875,49463.75
685917,-112529.375,-7616.875,49463.75
685927,-102375.0,-16572.5,43605.625
685927,-102375.0,-16572.5,43605.625
685937,-90116.25,-23603.125,37865.625
685937,-90116.25,-23603.125,37865.625
685948,-84678.125,-32956.875,32952.5
685948,-84678.125,-32956.875,32952.5
685958,-77288.75,-42131.25,27523.125
685958,-77288.75,-42131.25,27523.125
685968,-66648.75,-50071.875,23358.125
685968,-66648.75,-50071.875,23358.125
685978,-52097.5,-52915.625,19429.375
685978,-52097.5,-52915.625,19429.375
685989,-26989.375,-47171.25,17001.25
685989,-26989.375,-47171.25,17001.25
685999,673.75,-34160.0,19748.75
685999,673.75,-34160.0,19748.75
686009,21345.625,-24443.125,41177.5
686009,21345.625,-24443.125,41177.5
686020,41776.875,-15080.625,86537.5
686020,41776.875,-15080.625,86537.5
686030,69041.875,-2471.875,124766.25
686030,69041.875,-2471.875,124766.25
686040,69943.125,-10788.75,138131.875
686040,69943.125,-10788.75,138131.875
686052,30883.125,-88965.625,-143360.0
686052,30883.125,-88965.625,-143360.0
686061,6453.125,-77013.125,111763.75
686061,6453.125,-77013.125,111763.75
686071,14857.5,16283.75,71596.875
686071,14857.5,16283.75,71596.875
686082,31675.0,18309.375,58520.0
686082,31675.0,18309.375,58520.0
686092,36933.75,-20059.375,62426.875
686092,36933.75,-20059.375,62426.875
686102,12140.625,-18200.0,67838.75
686102,12140.625,-18200.0,67838.75
686113,-29990.625,669.375,52893.75
686113,-29990.625,669.375,52893.75
686122,-2961.875,-6072.5,54586.875
686122,-2961.875,-6072.5,54586.875
686133,2170.0,-1203.125,56170.625
686133,2170.0,-1203.125,56170.625
686144,-12831.875,3670.625,39930.625
686144,-12831.875,3670.625,39930.625
686154,-15951.25,2467.5,34479.375
686154,-15951.25,2467.5,34479.375
686164,-5110.0,4668.125,37187.5
686164,-5110.0,4668.125,37187.5
686175,-4501.875,8268.75,36163.75
686175,-4501.875,8268.75,36163.75
686185,-7669.375,7905.625,38360.0
686185,-7669.375,7905.625,38360.0
686195,-4270.0,4593.75,38526.25
686195,-4270.0,4593.75,38526.25
686206,-3731.875,1308.125,33385.625
686206,-3731.875,1308.125,33385.625
686216,-5661.25,5066.25,28389.375
686216,-5661.25,5066.25,28389.375
686226,-3500.0,10976.875,22750.0
686226,-3500.0,10976.875,22750.0
686236,1330.0,16366.875,16305.625
686236,1330.0,16366.875,16305.625
686247,5687.5,16800.0,7078.75
686247,5687.5,16800.0,7078.75
686257,8163.75,14787.5,-4742.5
686257,8163.75,14787.5,-4742.5
686267,14879.375,16581.25,-14616.875
686267,14879.375,16581.25,-14616.875
686278,23266.25,18742.5,-18606.875
686278,23266.25,18742.5,-18606.875
686288,20641.25,14319.375,-22951.25
686288,20641.25,14319.375,-22951.25
686298,17443.125,10500.0,-29045.625
686298,17443.125,10500.0,-29045.625
686309,14542.5,10211.25,-31115.0
686309,14542.5,10211.25,-31115.0
686319,14021.875,12245.625,-25956.875
686319,14021.875,12245.625,-25956.875
686329,13076.875,10036.25,-24736.25
686329,13076.875,10036.25,-24736.25
686340,7656.25,6558.125,-26801.25
686340,7656.25,6558.125,-26801.25
686350,6724.375,6501.25,-22868.125
686350,6724.375,6501.25,-22868.125
686360,11003.125,7783.125,-16485.0
686360,11003.125,7783.125,-16485.0
686371,9856.875,10005.625,-11978.75
686371,9856.875,10005.625,-11978.75
686381,4283.125,12936.875,-8058.75
686381,4283.125,12936.875,-8058.75
686391,-1286.25,16161.25,-5171.25
686391,-1286.25,16161.25,-5171.25
686402,-6790.0,17486.875,-4445.0
686402,-6790.0,17486.875,-4445.0
686412,-11151.875,19289.375,-2988.125
686412,-11151.875,19289.375,-2988.125
686422,-15334.375,21892.5,-1487.5
686422,-15334.375,21892.5,-1487.5
686433,-16585.625,23712.5,1653.75
686433,-16585.625,23712.5,1653.75
686443,-15211.875,22120.0,4615.625
686443,-15211.875,22120.0,4615.625
686453,-15588.125,18064.375,5656.875
686453,-15588.125,18064.375,5656.875
686464,-16362.5,14306.25,5985.0
686464,-16362.5,14306.25,5985.0
686474,-15929.375,12140.625,5368.125
686474,-15929.375,12140.625,5368.125
686484,-13930.0,10001.25,5053.125
686484,-13930.0,10001.25,5053.125
686494,-11751.25,8225.0,5617.5
686494,-11751.25,8225.0,5617.5
686505,-9384.375,10123.75,6422.5
686505,-9384.375,10123.75,6422.5
686515,-8308.125,12735.625,8566.25
686515,-8308.125,12735.625,8566.25
686525,-7056.875,13186.25,11278.75
686525,-7056.875,13186.25,11278.75
686536,-6278.125,11865.0,12674.375
686536,-6278.125,11865.0,12674.375
686546,-7074.375,11536.875,12236.875
686546,-7074.375,11536.875,12236.875
686556,-6055.0,11878.125,11274.375
686556,-6055.0,11878.125,11274.375
686567,-4633.125,11672.5,10889.375
686567,-4633.125,11672.5,10889.375
686577,-3031.875,11480.0,10998.75
686577,-3031.875,11480.0,10998.75
686587,-3303.125,12670.0,10806.25
686587,-3303.125,12670.0,10806.25
686598,-4029.375,14516.25,10600.625
686598,-4029.375,14516.25,10600.625
686608,-2056.25,16170.0,10793.125
686608,-2056.25,16170.0,10793.125
686618,406.875,16528.75,10355.625
686618,406.875,16528.75,10355.625
686629,2240.0,14962.5,8194.375
686629,2240.0,14962.5,8194.375
686639,4637.5,14004.375,6426.875
686639,4637.5,14004.375,6426.875
686649,9747.5,14039.375,5153.75
686649,9747.5,14039.375,5153.75
686659,14459.375,11865.0,3828.125
686659,14459.375,11865.0,3828.125
686670,18672.5,10591.875,1701.875
686670,18672.5,10591.875,1701.875
686680,22946.875,8211.875,332.5
686680,22946.875,8211.875,332.5
686690,24946.25,4042.5,-1601.25
686690,24946.25,4042.5,-1601.25
686701,24040.625,1312.5,-3692.5
686701,24040.625,1312.5,-3692.5
686711,22942.5,1181.25,-4659.375
686711,22942.5,1181.25,-4659.375
686721,22058.75,262.5,-4650.625
686721,22058.75,262.5,-4650.625
686732,19792.5,-608.125,-4803.75
686732,19792.5,-608.125,-4803.75
686742,15496.25,-997.5,-4694.375
686742,15496.25,-997.5,-4694.375
686753,10237.5,-2358.125,-4165.0
686753,10237.5,-2358.125,-4165.0
686763,5263.125,-2633.75,-4025.0
686763,5263.125,-2633.75,-4025.0
686773,1732.5,-1881.25,-4143.125
686773,1732.5,-1881.25,-4143.125
686783,-735.0,-1369.375,-4125.625
686783,-735.0,-1369.375,-4125.625
686794,-2003.75,-1933.75,-4160.625
686794,-2003.75,-1933.75,-4160.625
686804,-2629.375,-2038.75,-4952.5
686804,-2629.375,-2038.75,-4952.5
686814,-2629.375,-1478.75,-5188.75
686814,-2629.375,-1478.75,-5188.75
686825,-3049.375,-735.0,-4751.25
686825,-3049.375,-735.0,-4751.25
686835,-3281.25,525.0,-3797.5
686835,-3281.25,525.0,-3797.5
686845,-2795.625,2043.125,-2708.125
686845,-2795.625,2043.125,-2708.125
686855,-1071.875,1802.5,-1780.625
686855,-1071.875,1802.5,-1780.625
686866,140.0,835.625,-1636.25
686866,140.0,835.625,-1636.25
686876,1614.375,494.375,-1448.125
686876,1614.375,494.375,-1448.125
686886,3198.125,525.0,-577.5
686886,3198.125,525.0,-577.5
686897,5061.875,866.25,65.625
686897,5061.875,866.25,65.625
686907,6746.25,1544.375,980.0
686907,6746.25,1544.375,980.0
686917,8159.375,1911.875,1618.75
686917,8159.375,1911.875,1618.75
686928,10815.0,1855.0,2353.75
686928,10815.0,1855.0,2353.75
686938,15859.375,1015.0,2681.875
686938,15859.375,1015.0,2681.875
686949,22452.5,-1846.25,3307.5
686949,22452.5,-1846.25,3307.5
686958,29798.125,-4016.25,2721.25
686958,29798.125,-4016.25,2721.25
686969,36413.125,-3456.25,2275.0
686969,36413.125,-3456.25,2275.0
686979,35665.0,-1238.125,1478.75
686979,35665.0,-1238.125,1478.75
686990,24228.75,708.75,896.875
686990,24228.75,708.75,896.875
687000,15522.5,-1640.625,2240.0
687000,15522.5,-1640.625,2240.0
687010,8470.0,-2926.875,196.875
687010,8470.0,-2926.875,196.875
687021,4886.875,-3014.375,-341.25
687021,4886.875,-3014.375,-341.25
687031,2677.5,-2725.625,-1190.0
687031,2677.5,-2725.625,-1190.0
687040,1194.375,-3994.375,-2218.125
687040,1194.375,-3994.375,-2218.125
687051,1246.875,-4147.5,-3412.5
687051,1246.875,-4147.5,-3412.5
687062,840.0,-4226.25,-4326.875
687062,840.0,-4226.25,-4326.875
687072,-96.25,-4265.625,-4550.0
687072,-96.25,-4265.625,-4550.0
687082,-1050.0,-4256.875,-4173.75
687082,-1050.0,-4256.875,-4173.75
687093,-1356.25,-4130.0,-3990.0
687093,-1356.25,-4130.0,-3990.0
687104,-1697.5,-3696.875,-3753.75
687104,-1697.5,-3696.875,-3753.75
687113,-2174.375,-2664.375,-3259.375
687113,-2174.375,-2664.375,-3259.375
687124,-2419.375,-1911.875,-2765.0
687124,-2419.375,-1911.875,-2765.0
687134,-1631.875,-1360.625,-1929.375
687134,-1631.875,-1360.625,-1929.375
687145,-796.25,-1260.0,-1728.125
687145,-796.25,-1260.0,-1728.125
687155,-612.5,-805.0,-1697.5
687155,-612.5,-805.0,-1697.5
687165,-739.375,118.125,-980.0
687165,-739.375,118.125,-980.0
687175,-398.125,844.375,-148.75
687175,-398.125,844.375,-148.75
687186,-87.5,1312.5,787.5
687186,-87.5,1312.5,787.5
687196,376.25,1942.5,1850.625
687196,376.25,1942.5,1850.625
687206,1198.75,2266.25,2187.5
687206,1198.75,2266.25,2187.5
687217,2638.125,2008.125,2327.5
687217,2638.125,2008.125,2327.5
687227,3241.875,1299.375,2270.625
687227,3241.875,1299.375,2270.625
687237,3338.125,1815.625,1955.625
687237,3338.125,1815.625,1955.625
687248,2979.375,1535.625,1601.25
687248,2979.375,1535.625,1601.25
687258,2410.625,-350.0,1124.375
687258,2410.625,-350.0,1124.375
687268,962.5,-1806.875,201.25
687268,962.5,-1806.875,201.25
687279,-48.125,-1955.625,-43.75
687279,-48.125,-1955.625,-43.75
687289,516.25,-1863.75,498.75
687289,516.25,-1863.75,498.75
687300,1203.125,-1579.375,-39.375
687300,1203.125,-1579.375,-39.375
687309,2086.875,-1054.375,-861.875
687309,2086.875,-1054.375,-861.875
687320,3771.25,-1041.25,-1185.625
687320,3771.25,-1041.25,-1185.625
687330,5145.0,-1316.875,-1566.25
687330,5145.0,-1316.875,-1566.25
687340,5394.375,-1299.375,-1618.75
687340,5394.375,-1299.375,-1618.75
687351,4077.5,-1172.5,-1526.875
687351,4077.5,-1172.5,-1526.875
687361,2152.5,-468.125,-923.125
687361,2152.5,-468.125,-923.125
687372,927.5,-175.0,293.125
687372,927.5,-175.0,293.125
687382,-332.5,-844.375,109.375
687382,-332.5,-844.375,109.375
687392,35.0,-1111.25,-214.375
687392,35.0,-1111.25,-214.375
687402,1023.75,-437.5,-227.5
687402,1023.75,-437.5,-227.5
687413,2038.75,472.5,52.5
687413,2038.75,472.5,52.5
687423,2069.375,398.125,476.875
687423,2069.375,398.125,476.875
687433,634.375,-1264.375,778.75
687433,634.375,-1264.375,778.75
687444,-1141.875,-1885.625,-122.5
687444,-1141.875,-1885.625,-122.5
687454,-918.75,-1076.25,-306.25
687454,-918.75,-1076.25,-306.25
687464,643.125,48.125,-525.0
687464,643.125,48.125,-525.0
687475,1264.375,778.75,-800.625
687475,1264.375,778.75,-800.625
687485,-105.0,-323.75,-433.125
687485,-105.0,-323.75,-433.125
687496,-2248.75,-2012.5,266.875
687496,-2248.75,-2012.5,266.875
687506,-2651.25,-2078.125,328.125
687506,-2651.25,-2078.125,328.125
687516,-901.25,-1443.75,43.75
687516,-901.25,-1443.75,43.75
687526,1312.5,301.875,-109.375
687526,1312.5,301.875,-109.375
687537,2791.25,1960.0,223.125
687537,2791.25,1960.0,223.125
687546,2008.125,266.875,-8.75
687546,2008.125,266.875,-8.75
687557,-463.75,-1916.25,-883.75
687557,-463.75,-1916.25,-883.75
687568,-949.375,-1588.125,-1181.25
687568,-949.375,-1588.125,-1181.25
687578,-43.75,-450.625,-905.625
687578,-43.75,-450.625,-905.625
687588,1050.0,341.25,-953.75
687588,1050.0,341.25,-953.75
687598,966.875,713.125,-1067.5
687598,966.875,713.125,-1067.5
687609,420.0,472.5,-1111.25
687609,420.0,472.5,-1111.25
687619,962.5,301.875,-1356.25
687619,962.5,301.875,-1356.25
687629,1531.25,-61.25,-1382.5
687629,1531.25,-61.25,-1382.5
687640,43.75,-1102.5,-1225.0
687640,43.75,-1102.5,-1225.0
687649,-2944.375,-2664.375,288.75
687649,-2944.375,-2664.375,288.75
687660,-4860.625,-3136.875,831.25
687660,-4860.625,-3136.875,831.25
687671,-4488.75,-2598.75,826.875
687671,-4488.75,-2598.75,826.875
687681,-3290.0,-2047.5,402.5
687681,-3290.0,-2047.5,402.5
687691,-1789.375,-1710.625,-245.0
687691,-1789.375,-1710.625,-245.0
687702,-441.875,-1601.25,-393.75
687702,-441.875,-1601.25,-393.75
687712,-1400.0,-1890.0,-74.375
687712,-1400.0,-1890.0,-74.375
687721,-3193.75,-2419.375,446.25
687721,-3193.75,-2419.375,446.25
687733,-4589.375,-1960.0,678.125
687733,-4589.375,-1960.0,678.125
687743,-5127.5,-590.625,1636.25
687743,-5127.5,-590.625,1636.25
687753,-6492.5,-358.75,2533.125
687753,-6492.5,-358.75,2533.125
687764,-6641.25,-910.0,2393.125
687764,-6641.25,-910.0,2393.125
687774,-5311.25,-949.375,1640.625
687774,-5311.25,-949.375,1640.625
687784,-3902.5,-1461.25,1211.875
687784,-3902.5,-1461.25,1211.875
687794,-2288.125,-1430.625,310.625
687794,-2288.125,-1430.625,310.625
687804,-1058.75,-1102.5,-350.0
687804,-1058.75,-1102.5,-350.0
687815,-503.125,-866.25,-573.125
687815,-503.125,-866.25,-573.125
687825,-533.75,-678.125,-529.375
687825,-533.75,-678.125,-529.375
687836,-665.0,-1106.875,-468.125
687836,-665.0,-1106.875,-468.125
687846,-1242.5,-1281.875,-695.625
687846,-1242.5,-1281.875,-695.625
687856,-1798.125,-1531.25,-402.5
687856,-1798.125,-1531.25,-402.5
687867,-1583.75,-1955.625,-30.625
687867,-1583.75,-1955.625,-30.625
687877,-516.25,-1688.75,-275.625
687877,-516.25,-1688.75,-275.625
687887,551.25,-1430.625,-455.0
687887,551.25,-1430.625,-455.0
687898,1439.375,-1522.5,-555.625
687898,1439.375,-1522.5,-555.625
687908,918.75,-1798.125,-809.375
687908,918.75,-1798.125,-809.375
687918,8.75,-1960.0,-660.625
687918,8.75,-1960.0,-660.625
687929,301.875,-1570.625,-625.625
687929,301.875,-1570.625,-625.625
687939,1330.0,-888.125,-778.75
687939,1330.0,-888.125,-778.75
687949,2305.625,-621.25,-1172.5
687949,2305.625,-621.25,-1172.5
687960,2568.125,-1054.375,-1373.75
687960,2568.125,-1054.375,-1373.75
687970,2550.625,-844.375,-1356.25
687970,2550.625,-844.375,-1356.25
687980,2830.625,-441.875,-1207.5
687980,2830.625,-441.875,-1207.5
687991,2878.75,-455.0,-1216.25
687991,2878.75,-455.0,-1216.25
688001,2148.125,-778.75,-1526.875
688001,2148.125,-778.75,-1526.875
688011,472.5,-1575.0,-1316.875
688011,472.5,-1575.0,-1316.875
688021,-1058.75,-2275.0,-1334.375
688021,-1058.75,-2275.0,-1334.375
688032,-796.25,-1281.875,-1487.5
688032,-796.25,-1281.875,-1487.5
688042,463.75,-319.375,-1312.5
688042,463.75,-319.375,-1312.5
688052,1509.375,-157.5,-1229.375
688052,1509.375,-157.5,-1229.375
688062,1662.5,-529.375,-1382.5
688062,1662.5,-529.375,-1382.5
688073,796.25,-1203.125,-686.875
688073,796.25,-1203.125,-686.875
688083,-91.875,-1649.375,284.375
688083,-91.875,-1649.375,284.375
688094,-555.625,-1876.875,813.75
688094,-555.625,-1876.875,813.75
688104,638.75,-1745.625,805.0
688104,638.75,-1745.625,805.0
688114,2261.875,-848.75,148.75
688114,2261.875,-848.75,148.75
688125,2996.875,-599.375,-345.625
688125,2996.875,-599.375,-345.625
688135,2686.25,-481.25,183.75
688135,2686.25,-481.25,183.75
688145,1474.375,-813.75,1001.875
688145,1474.375,-813.75,1001.875
688156,840.0,-927.5,1050.0
688156,840.0,-927.5,1050.0
688166,1128.75,-748.125,848.75
688166,1128.75,-748.125,848.75
688176,1461.25,-406.875,669.375
688176,1461.25,-406.875,669.375
688187,1636.25,-892.5,551.25
688187,1636.25,-892.5,551.25
688197,1028.125,-1649.375,-87.5
688197,1028.125,-1649.375,-87.5
688207,205.625,-1395.625,-153.125
688207,205.625,-1395.625,-153.125
688217,323.75,-507.5,-30.625
688217,323.75,-507.5,-30.625
688228,350.0,-231.875,-227.5
688228,350.0,-231.875,-227.5
688238,196.875,-450.625,-78.75
688238,196.875,-450.625,-78.75
688248,350.0,-748.125,-17.5
688248,350.0,-748.125,-17.5
688259,805.0,-1120.0,258.125
688259,805.0,-1120.0,258.125
688269,1120.0,-1006.25,245.0
688269,1120.0,-1006.25,245.0
688279,1754.375,-424.375,100.625
688279,1754.375,-424.375,100.625
688289,1995.0,-406.875,-192.5
688289,1995.0,-406.875,-192.5
688300,2126.25,-284.375,-743.75
688300,2126.25,-284.375,-743.75
688311,2043.125,-844.375,-581.875
688311,2043.125,-844.375,-581.875
688321,1478.75,-1452.5,-371.875
688321,1478.75,-1452.5,-371.875
688331,1194.375,-1185.625,-91.875
688331,1194.375,-1185.625,-91.875
688342,1216.25,-673.75,-144.375
688342,1216.25,-673.75,-144.375
688352,1400.0,-542.5,-787.5
688352,1400.0,-542.5,-787.5
688362,1531.25,-433.125,-1456.875
688362,1531.25,-433.125,-1456.875
688372,1754.375,-441.875,-1198.75
688372,1754.375,-441.875,-1198.75
688383,1085.0,-752.5,-905.625
688383,1085.0,-752.5,-905.625
688393,1496.25,-516.25,-297.5
688393,1496.25,-516.25,-297.5
688403,1933.75,-227.5,-48.125
688403,1933.75,-227.5,-48.125
688413,2340.625,144.375,4.375
688413,2340.625,144.375,4.375
688424,2948.75,-310.625,170.625
688424,2948.75,-310.625,170.625
688434,2695.0,-341.25,13.125
688434,2695.0,-341.25,13.125
688444,2209.375,118.125,297.5
688444,2209.375,118.125,297.5
688455,1483.125,-625.625,516.25
688455,1483.125,-625.625,516.25
688466,455.0,-1745.625,87.5
688466,455.0,-1745.625,87.5
688475,280.0,-2170.0,-568.75
688475,280.0,-2170.0,-568.75
688486,691.25,-1863.75,-901.25
688486,691.25,-1863.75,-901.25
688496,791.875,-1535.625,-695.625
688496,791.875,-1535.625,-695.625
688507,323.75,-1474.375,-686.875
688507,323.75,-1474.375,-686.875
688517,-223.125,-1631.875,-905.625
688517,-223.125,-1631.875,-905.625
688527,-91.875,-1929.375,-953.75
688527,-91.875,-1929.375,-953.75
688538,96.25,-1763.125,-1015.0
688538,96.25,-1763.125,-1015.0
688548,993.125,-1015.0,-848.75
688548,993.125,-1015.0,-848.75
688558,1763.125,-761.25,-691.25
688558,1763.125,-761.25,-691.25
688568,1890.0,-748.125,-643.125
688568,1890.0,-748.125,-643.125
688579,1903.125,-914.375,-363.125
688579,1903.125,-914.375,-363.125
688589,1802.5,-984.375,-455.0
688589,1802.5,-984.375,-455.0
688599,2638.125,-656.25,-520.625
688599,2638.125,-656.25,-520.625
688610,4466.875,126.875,-1102.5
688610,4466.875,126.875,-1102.5
688620,6645.625,1190.0,-1767.5
688620,6645.625,1190.0,-1767.5
688630,8369.375,1995.0,-1470.0
688630,8369.375,1995.0,-1470.0
688640,7809.375,1400.0,-1561.875
688640,7809.375,1400.0,-1561.875
688651,7468.125,525.0,-2113.125
688651,7468.125,525.0,-2113.125
688661,8216.25,87.5,-2410.625
688661,8216.25,87.5,-2410.625
688671,8421.875,-153.125,-3128.125
688671,8421.875,-153.125,-3128.125
688682,8168.125,-380.625,-3154.375
688682,8168.125,-380.625,-3154.375
688692,7078.75,-525.0,-3049.375
688692,7078.75,-525.0,-3049.375
688703,5363.75,-280.0,-1999.375
688703,5363.75,-280.0,-1999.375
688713,3591.875,4.375,-879.375
688713,3591.875,4.375,-879.375
688723,2240.0,148.75,-354.375
688723,2240.0,148.75,-354.375
688733,1448.125,175.0,262.5
688733,1448.125,175.0,262.5
688744,717.5,-140.0,586.25
688744,717.5,-140.0,586.25
688754,1093.75,-472.5,336.875
688754,1093.75,-472.5,336.875
688764,1614.375,-1133.125,253.75
688764,1614.375,-1133.125,253.75
688775,1238.125,-1754.375,-105.0
688775,1238.125,-1754.375,-105.0
688785,1246.875,-2104.375,-389.375
688785,1246.875,-2104.375,-389.375
688795,1645.0,-1601.25,-402.5
688795,1645.0,-1601.25,-402.5
688806,2419.375,-870.625,-590.625
688806,2419.375,-870.625,-590.625
688815,2568.125,-962.5,-647.5
688815,2568.125,-962.5,-647.5
688826,1938.125,-1684.375,-328.125
688826,1938.125,-1684.375,-328.125
688837,1553.125,-2292.5,-503.125
688837,1553.125,-2292.5,-503.125
