667664,1128.75,5158.125,936.25
667664,1128.75,5158.125,936.25
667675,945.0,4493.125,726.25
667675,945.0,4493.125,726.25
667685,1833.125,4808.125,3819.375
667685,1833.125,4808.125,3819.375
667695,1198.75,5376.875,258.125
667695,1198.75,5376.875,258.125
667706,-2450.0,5696.25,-4318.125
667706,-2450.0,5696.25,-4318.125
667716,-1684.375,7678.125,2436.875
667716,-1684.375,7678.125,2436.875
667726,608.125,9625.0,2226.875
667726,608.125,9625.0,2226.875
667737,-1168.125,12674.375,6111.875
667737,-1168.125,12674.375,6111.875
667747,-11506.25,12897.5,17316.25
667747,-11506.25,12897.5,17316.25
667757,-28905.625,9808.75,36251.25
667757,-28905.625,9808.75,36251.25
667767,-16931.25,-3570.0,26989.375
667767,-16931.25,-3570.0,26989.375
667778,-18536.875,5871.25,19000.625
667778,-18536.875,5871.25,19000.625
667788,-27304.375,14538.125,22693.125
667788,-27304.375,14538.125,22693.125
667798,-30244.375,4624.375,26061.875
667798,-30244.375,4624.375,26061.875
667809,-39007.5,2336.25,22006.25
667809,-39007.5,2336.25,22006.25
667819,-44108.75,12394.375,19245.625
667819,-44108.75,12394.375,19245.625
667829,-49848.75,23047.5,21148.75
667829,-49848.75,23047.5,21148.75
667840,-61853.75,27833.75,19985.0
667840,-61853.75,27833.75,19985.0
667850,-75285.0,39554.375,20116.25
667850,-75285.0,39554.375,20116.25
667861,-87386.25,52215.625,20304.375
667861,-87386.25,52215.625,20304.375
667871,-92526.875,62759.375,17613.75
667871,-92526.875,62759.375,17613.75
667881,-97278.125,73447.5,15448.125
667881,-97278.125,73447.5,15448.125
667891,-101543.75,81545.625,15246.875
667891,-101543.75,81545.625,15246.875
667902,-114021.25,84135.625,14153.125
667902,-114021.25,84135.625,14153.125
667912,-134540.0,84546.875,16712.5
667912,-134540.0,84546.875,16712.5
667922,-143360.0,79152.5,26162.5
667922,-143360.0,79152.5,26162.5
667933,-143360.0,81808.125,34330.625
667933,-143360.0,81808.125,34330.625
667943,-143141.25,81781.875,34326.25
667943,-143141.25,81781.875,34326.25
667953,-143360.0,92526.875,36443.75
667953,-143360.0,92526.875,36443.75
667964,-143360.0,115723.125,42214.375
667964,-143360.0,115723.125,42214.375
667974,-143355.625,136080.0,50723.75
667974,-143355.625,136080.0,50723.75
667984,-143360.0,-143360.0,57732.5
667984,-143360.0,-143360.0,57732.5
667994,-143360.0,-143360.0,61770.625
667994,-143360.0,-143360.0,61770.625
668005,-143360.0,143176.25,65546.25
668005,-143360.0,143176.25,65546.25
668015,-143360.0,-143360.0,68188.75
668015,-143360.0,-143360.0,68188.75
668025,-143360.0,-143360.0,81965.625
668025,-143360.0,-143360.0,81965.625
668036,-143360.0,143355.625,81322.5
668036,-143360.0,143355.625,81322.5
668046,-143360.0,128051.875,95865.0
668046,-143360.0,128051.875,95865.0
668057,-143360.0,75906.25,111387.5
668057,-143360.0,75906.25,111387.5
668067,-143360.0,42590.625,137322.5
668067,-143360.0,42590.625,137322.5
668077,-143360.0,45049.375,-143360.0
668077,-143360.0,45049.375,-143360.0
668087,-143360.0,69269.375,143136.875
668087,-143360.0,69269.375,143136.875
668098,-143360.0,121498.125,143167.5
668098,-143360.0,121498.125,143167.5
668108,-143360.0,-143360.0,-143360.0
668108,-143360.0,-143360.0,-143360.0
668118,-126800.625,138355.0,-143360.0
668118,-126800.625,138355.0,-143360.0
668129,-56700.0,132348.125,143355.625
668129,-56700.0,132348.125,143355.625
668139,-25650.625,-143360.0,115438.75
668139,-25650.625,-143360.0,115438.75
668149,-25738.125,136403.75,87141.25
668149,-25738.125,136403.75,87141.25
668160,-6453.125,61705.0,92076.25
668160,-6453.125,61705.0,92076.25
668170,-21091.875,-68315.625,92592.5
668170,-21091.875,-68315.625,92592.5
668180,-42533.75,-143355.625,69737.5
668180,-42533.75,-143355.625,69737.5
668191,-28074.375,-143355.625,88436.25
668191,-28074.375,-143355.625,88436.25
668201,-30205.0,-120999.375,76943.125
668201,-30205.0,-120999.375,76943.125
668212,-19009.375,-74055.625,46786.25
668212,-19009.375,-74055.625,46786.25
668221,-12678.75,-54639.375,23598.75
668221,-12678.75,-54639.375,23598.75
668232,-7560.0,-24062.5,9751.875
668232,-7560.0,-24062.5,9751.875
668242,-11248.125,-5600.0,9502.5
668242,-11248.125,-5600.0,9502.5
668253,-27658.75,-1443.75,12057.5
668253,-27658.75,-1443.75,12057.5
668263,-40166.875,-2051.875,9353.75
668263,-40166.875,-2051.875,9353.75
668273,-44541.875,-1719.375,1076.25
668273,-44541.875,-1719.375,1076.25
668283,-41015.625,-13.125,-6794.375
668283,-41015.625,-13.125,-6794.375
668294,-30970.625,3259.375,-11838.75
668294,-30970.625,3259.375,-11838.75
668304,-21910.0,6335.0,-13321.875
668304,-21910.0,6335.0,-13321.875
668314,-17421.25,11331.25,-12626.25
668314,-17421.25,11331.25,-12626.25
668325,-15946.875,14560.0,-8767.5
668325,-15946.875,14560.0,-8767.5
668335,-13820.625,15483.125,-4628.75
668335,-13820.625,15483.125,-4628.75
668345,-8828.75,16620.625,-2760.625
668345,-8828.75,16620.625,-2760.625
668356,-1999.375,16712.5,-1850.625
668356,-1999.375,16712.5,-1850.625
668366,3906.875,13628.125,301.875
668366,3906.875,13628.125,301.875
668376,5626.25,12267.5,2030.0
668376,5626.25,12267.5,2030.0
668387,5709.375,12368.125,10333.75
668387,5709.375,12368.125,10333.75
668397,12136.25,12258.75,24014.375
668397,12136.25,12258.75,24014.375
668407,20851.25,8238.125,32252.5
668407,20851.25,8238.125,32252.5
668417,25830.0,4501.875,21765.625
668417,25830.0,4501.875,21765.625
668428,31430.0,4125.625,-5420.625
668428,31430.0,4125.625,-5420.625
668438,34409.375,-6536.25,-11029.375
668438,34409.375,-6536.25,-11029.375
668449,43483.125,-13238.75,-9835.0
668449,43483.125,-13238.75,-9835.0
668459,48365.625,-13068.125,-9651.25
668459,48365.625,-13068.125,-9651.25
668469,43789.375,-11322.5,-9533.125
668469,43789.375,-11322.5,-9533.125
668480,36780.625,-8833.125,-8443.75
668480,36780.625,-8833.125,-8443.75
668489,29115.625,-1986.25,-6286.875
668489,29115.625,-1986.25,-6286.875
668500,21008.75,6361.25,-3889.375
668500,21008.75,6361.25,-3889.375
668510,14835.625,9839.375,-1662.5
668510,14835.625,9839.375,-1662.5
668521,9773.75,11738.125,-1846.25
668521,9773.75,11738.125,-1846.25
668531,7301.875,14227.5,-3736.25
668531,7301.875,14227.5,-3736.25
668541,7774.375,16126.25,-5438.125
668541,7774.375,16126.25,-5438.125
668552,8719.375,16183.125,-6269.375
668552,8719.375,16183.125,-6269.375
668562,6798.75,17049.375,-6505.625
668562,6798.75,17049.375,-6505.625
668572,2576.875,20969.375,-5398.75
668572,2576.875,20969.375,-5398.75
668583,-1290.625,26053.125,-2765.0
668583,-1290.625,26053.125,-2765.0
668593,-5136.25,29706.25,472.5
668593,-5136.25,29706.25,472.5
668604,-7424.375,29907.5,1553.125
668604,-7424.375,29907.5,1553.125
668614,-7354.375,29815.625,-293.125
668614,-7354.375,29815.625,-293.125
668624,-5411.875,29505.0,-2730.0
668624,-5411.875,29505.0,-2730.0
668634,-3823.75,28100.625,-2944.375
668634,-3823.75,28100.625,-2944.375
668645,-4029.375,28043.75,-1303.75
668645,-4029.375,28043.75,-1303.75
668655,-4865.0,28008.75,1019.375
668655,-4865.0,28008.75,1019.375
668665,-5656.875,28770.0,3281.25
668665,-5656.875,28770.0,3281.25
668675,-5630.625,31605.0,5495.0
668675,-5630.625,31605.0,5495.0
668686,-6352.5,33293.75,8360.625
668686,-6352.5,33293.75,8360.625
668696,-6715.625,34015.625,11471.25
668696,-6715.625,34015.625,11471.25
668706,-6448.75,36435.0,14227.5
668706,-6448.75,36435.0,14227.5
668717,-5652.5,38530.625,17027.5
668717,-5652.5,38530.625,17027.5
668727,-5105.625,37782.5,19105.625
668727,-5105.625,37782.5,19105.625
668737,-4838.75,34969.375,19416.25
668737,-4838.75,34969.375,19416.25
668747,-4020.625,31618.125,18103.75
668747,-4020.625,31618.125,18103.75
668757,-3591.875,28656.25,16979.375
668757,-3591.875,28656.25,16979.375
668768,-3819.375,25878.125,15907.5
668768,-3819.375,25878.125,15907.5
668779,-5101.25,23393.125,15662.5
668779,-5101.25,23393.125,15662.5
668789,-6181.875,22001.875,16310.0
668789,-6181.875,22001.875,16310.0
668799,-7052.5,22561.875,17705.625
668799,-7052.5,22561.875,17705.625
668810,-6496.875,24513.125,19648.125
668810,-6496.875,24513.125,19648.125
668820,-3521.875,27190.625,21398.125
668820,-3521.875,27190.625,21398.125
668830,376.25,28240.625,21980.0
668830,376.25,28240.625,21980.0
668841,4204.375,25987.5,20523.125
668841,4204.375,25987.5,20523.125
668851,7542.5,23174.375,17998.75
668851,7542.5,23174.375,17998.75
668861,10119.375,20702.5,16100.0
668861,10119.375,20702.5,16100.0
668872,12433.75,17902.5,14100.625
668872,12433.75,17902.5,14100.625
668882,14686.875,14485.625,11755.625
668882,14686.875,14485.625,11755.625
668892,17211.25,10316.25,8793.75
668892,17211.25,10316.25,8793.75
668902,19118.75,5761.875,5985.0
668902,19118.75,5761.875,5985.0
668913,19788.125,1890.0,3171.875
668913,19788.125,1890.0,3171.875
668923,18563.125,-516.25,708.75
668923,18563.125,-516.25,708.75
668933,15684.375,-2830.625,-599.375
668933,15684.375,-2830.625,-599.375
668943,12053.125,-5140.625,-1588.125
668943,12053.125,-5140.625,-1588.125
668955,8483.125,-6698.125,-2940.0
668955,8483.125,-6698.125,-2940.0
668964,5512.5,-7109.375,-4108.125
668964,5512.5,-7109.375,-4108.125
668974,3250.625,-5985.0,-5088.125
668974,3250.625,-5985.0,-5088.125
668985,1780.625,-5337.5,-5639.375
668985,1780.625,-5337.5,-5639.375
668995,914.375,-4593.75,-6807.5
668995,914.375,-4593.75,-6807.5
669006,866.25,-3158.75,-8268.75
669006,866.25,-3158.75,-8268.75
669016,1233.75,-2078.125,-9445.625
669016,1233.75,-2078.125,-9445.625
669026,1535.625,-1903.125,-10036.25
669026,1535.625,-1903.125,-10036.25
669036,1242.5,-1732.5,-10237.5
669036,1242.5,-1732.5,-10237.5
669047,389.375,-914.375,-10128.125
669047,389.375,-914.375,-10128.125
669057,35.0,293.125,-9038.75
669057,35.0,293.125,-9038.75
669068,525.0,1688.75,-7017.5
669068,525.0,1688.75,-7017.5
669078,1286.25,2852.5,-4567.5
669078,1286.25,2852.5,-4567.5
669088,2380.0,4541.25,-1938.125
669088,2380.0,4541.25,-1938.125
669099,2874.375,5219.375,713.125
669099,2874.375,5219.375,713.125
669109,3491.25,4882.5,2222.5
669109,3491.25,4882.5,2222.5
669119,4436.25,4300.625,2743.125
669119,4436.25,4300.625,2743.125
669129,5210.625,4475.625,3180.625
669129,5210.625,4475.625,3180.625
669140,5670.0,4318.125,4217.5
669140,5670.0,4318.125,4217.5
669150,6374.375,4388.125,4917.5
669150,6374.375,4388.125,4917.5
669160,7643.125,4633.125,4274.375
669160,7643.125,4633.125,4274.375
669171,8745.625,4256.875,3145.625
669171,8745.625,4256.875,3145.625
669181,9388.75,3723.125,2493.75
669181,9388.75,3723.125,2493.75
669191,9655.625,2848.125,2380.0
669191,9655.625,2848.125,2380.0
669202,9660.0,1015.0,2458.75
669202,9660.0,1015.0,2458.75
669212,9743.125,-993.125,2016.875
669212,9743.125,-993.125,2016.875
669222,10784.375,-2725.625,1211.875
669222,10784.375,-2725.625,1211.875
669233,12394.375,-3443.125,153.125
669233,12394.375,-3443.125,153.125
669243,13597.5,-3902.5,-783.125
669243,13597.5,-3902.5,-783.125
669253,14135.625,-4851.875,-1321.25
669253,14135.625,-4851.875,-1321.25
669264,14323.75,-6781.25,-1701.875
669264,14323.75,-6781.25,-1701.875
669274,14669.375,-8360.625,-2349.375
669274,14669.375,-8360.625,-2349.375
669284,15325.625,-10075.625,-3036.25
669284,15325.625,-10075.625,-3036.25
669295,16240.0,-12000.625,-3416.875
669295,16240.0,-12000.625,-3416.875
669305,17171.875,-13794.375,-3276.875
669305,17171.875,-13794.375,-3276.875
669315,16835.0,-14555.625,-2301.25
669315,16835.0,-14555.625,-2301.25
669325,14691.25,-14813.75,315.0
669325,14691.25,-14813.75,315.0
669336,11891.25,-13925.625,2257.5
669336,11891.25,-13925.625,2257.5
669346,9454.375,-13615.0,3250.625
669346,9454.375,-13615.0,3250.625
669356,7848.75,-13453.125,3241.875
669356,7848.75,-13453.125,3241.875
669367,7975.625,-13641.25,2581.25
669367,7975.625,-13641.25,2581.25
669378,9520.0,-12066.25,2756.25
669378,9520.0,-12066.25,2756.25
669387,10828.125,-9677.5,4165.0
669387,10828.125,-9677.5,4165.0
669398,10963.75,-8356.25,5928.125
669398,10963.75,-8356.25,5928.125
669408,10500.0,-8225.0,6680.625
669408,10500.0,-8225.0,6680.625
669419,10902.5,-8146.25,6037.5
669419,10902.5,-8146.25,6037.5
669429,11655.0,-7406.875,4917.5
669429,11655.0,-7406.875,4917.5
669439,13181.875,-7275.625,4296.25
669439,13181.875,-7275.625,4296.25
669449,14271.25,-7857.5,4016.25
669449,14271.25,-7857.5,4016.25
669460,14726.25,-7463.75,3539.375
669460,14726.25,-7463.75,3539.375
669470,14035.0,-7673.75,4243.75
669470,14035.0,-7673.75,4243.75
669480,13055.0,-8185.625,4908.75
669480,13055.0,-8185.625,4908.75
669491,12206.25,-8876.875,5586.875
669491,12206.25,-8876.875,5586.875
669501,11746.875,-9454.375,5613.125
669501,11746.875,-9454.375,5613.125
669511,11392.5,-10574.375,5219.375
669511,11392.5,-10574.375,5219.375
669522,10968.125,-11261.25,4983.125
669522,10968.125,-11261.25,4983.125
669532,10500.0,-10933.125,4322.5
669532,10500.0,-10933.125,4322.5
669543,9756.25,-10303.125,3412.5
669543,9756.25,-10303.125,3412.5
669552,8260.0,-10237.5,2454.375
669552,8260.0,-10237.5,2454.375
669563,6142.5,-11007.5,1487.5
669563,6142.5,-11007.5,1487.5
669573,4204.375,-12114.375,227.5
669573,4204.375,-12114.375,227.5
669583,2463.125,-12779.375,-1491.875
669583,2463.125,-12779.375,-1491.875
669594,1715.0,-13807.5,-3854.375
669594,1715.0,-13807.5,-3854.375
669604,1942.5,-15601.25,-7210.0
669604,1942.5,-15601.25,-7210.0
669614,1522.5,-17583.125,-11278.75
669614,1522.5,-17583.125,-11278.75
669625,-205.625,-19661.25,-16388.75
669625,-205.625,-19661.25,-16388.75
669635,-2572.5,-20632.5,-21144.375
669635,-2572.5,-20632.5,-21144.375
669645,-5884.375,-20129.375,-23725.625
669645,-5884.375,-20129.375,-23725.625
669656,-7030.625,-16629.375,-24570.0
669656,-7030.625,-16629.375,-24570.0
669666,-5473.125,-9445.625,-23366.875
669666,-5473.125,-9445.625,-23366.875
669676,-3539.375,297.5,-20138.125
669676,-3539.375,297.5,-20138.125
669687,1111.25,11340.0,-15758.75
669687,1111.25,11340.0,-15758.75
669697,6098.75,22351.875,-12053.125
669697,6098.75,22351.875,-12053.125
669707,8881.25,26534.375,-8960.0
669707,8881.25,26534.375,-8960.0
669718,9498.125,26604.375,-6055.0
669718,9498.125,26604.375,-6055.0
669728,12228.125,30786.875,-4598.125
669728,12228.125,30786.875,-4598.125
669738,17224.375,56096.25,-9734.375
669738,17224.375,56096.25,-9734.375
669748,4331.25,57645.0,-6973.75
669748,4331.25,57645.0,-6973.75
669759,13243.125,35249.375,-96.25
669759,13243.125,35249.375,-96.25
669769,24758.125,36802.5,-70.0
669769,24758.125,36802.5,-70.0
669779,30559.375,43128.75,4401.25
669779,30559.375,43128.75,4401.25
669790,49656.25,17758.125,2222.5
669790,49656.25,17758.125,2222.5
669800,98647.5,-64946.875,-24521.875
669800,98647.5,-64946.875,-24521.875
669811,93445.625,-37480.625,-15811.25
669811,93445.625,-37480.625,-15811.25
669821,76068.125,-32095.0,-7389.375
669821,76068.125,-32095.0,-7389.375
669831,79681.875,-44200.625,-7135.625
669831,79681.875,-44200.625,-7135.625
669841,77507.5,-52093.125,-10027.5
669841,77507.5,-52093.125,-10027.5
669851,71863.75,-60265.625,-12254.375
669851,71863.75,-60265.625,-12254.375
669862,69418.125,-74637.5,-13575.625
669862,69418.125,-74637.5,-13575.625
669872,52832.5,-79476.25,-16804.375
669872,52832.5,-79476.25,-16804.375
669883,52408.125,-68525.625,-23266.25
669883,52408.125,-68525.625,-23266.25
669893,66136.875,-65301.25,-26368.125
669893,66136.875,-65301.25,-26368.125
669903,67305.0,-62860.0,-31893.75
669903,67305.0,-62860.0,-31893.75
669914,61420.625,-62763.75,-40486.25
669914,61420.625,-62763.75,-40486.25
669924,59250.625,-66084.375,-48076.875
669924,59250.625,-66084.375,-48076.875
669934,60843.125,-70621.25,-54893.125
669934,60843.125,-70621.25,-54893.125
669944,64806.875,-76190.625,-59215.625
669944,64806.875,-76190.625,-59215.625
669955,71513.75,-82057.5,-63533.75
669955,71513.75,-82057.5,-63533.75
669965,77905.625,-86502.5,-73193.75
669965,77905.625,-86502.5,-73193.75
669975,79095.625,-93559.375,-85115.625
669975,79095.625,-93559.375,-85115.625
669986,73307.5,-102405.625,-92146.25
669986,73307.5,-102405.625,-92146.25
669996,66451.875,-110355.0,-91100.625
669996,66451.875,-110355.0,-91100.625
670006,64496.25,-122115.0,-86130.625
670006,64496.25,-122115.0,-86130.625
670017,64666.875,-138258.75,-81370.625
670017,64666.875,-138258.75,-81370.625
670027,56774.375,-143355.625,-84708.75
670027,56774.375,-143355.625,-84708.75
670037,42621.25,-143355.625,-91520.625
670037,42621.25,-143355.625,-91520.625
670048,33013.75,-143224.375,-90842.5
670048,33013.75,-143224.375,-90842.5
670058,27610.625,-143355.625,-83790.0
670058,27610.625,-143355.625,-83790.0
670068,13133.75,-143355.625,-71408.75
670068,13133.75,-143355.625,-71408.75
670079,-10933.125,-143355.625,-52241.875
670079,-10933.125,-143355.625,-52241.875
670089,-26096.875,-143355.625,-35319.375
670089,-26096.875,-143355.625,-35319.375
670099,-30244.375,-143355.625,-26827.5
670099,-30244.375,-143355.625,-26827.5
670110,-30660.0,-143355.625,-28380.625
670110,-30660.0,-143355.625,-28380.625
670120,-23887.5,-143355.625,-38381.875
670120,-23887.5,-143355.625,-38381.875
670130,-7048.125,-143355.625,-51979.375
670130,-7048.125,-143355.625,-51979.375
670141,18077.5,-141120.0,-65979.375
670141,18077.5,-141120.0,-65979.375
670151,45508.75,-115784.375,-80154.375
670151,45508.75,-115784.375,-80154.375
670161,69365.625,-83938.75,-84840.0
670161,69365.625,-83938.75,-84840.0
670172,90081.25,-66373.125,-77883.75
670172,90081.25,-66373.125,-77883.75
670182,109886.875,-60935.0,-69247.5
670182,109886.875,-60935.0,-69247.5
670192,122228.75,-61486.25,-57465.625
670192,122228.75,-61486.25,-57465.625
670203,124932.5,-68945.625,-56455.0
670203,124932.5,-68945.625,-56455.0
670213,110263.125,-79931.25,-61442.5
670213,110263.125,-79931.25,-61442.5
670223,86095.625,-82932.5,-61639.375
670223,86095.625,-82932.5,-61639.375
670234,72703.75,-79467.5,-63000.0
670234,72703.75,-79467.5,-63000.0
670244,70936.25,-70310.625,-69842.5
670244,70936.25,-70310.625,-69842.5
670254,69050.625,-56870.625,-68250.0
670254,69050.625,-56870.625,-68250.0
670264,67379.375,-39423.125,-60707.5
670264,67379.375,-39423.125,-60707.5
670275,74055.625,-1916.25,-51730.0
670275,74055.625,-1916.25,-51730.0
670285,76807.5,-5683.125,-48155.625
670285,76807.5,-5683.125,-48155.625
670295,70135.625,-22951.25,-43741.25
670295,70135.625,-22951.25,-43741.25
670305,63748.125,-21879.375,-42551.25
670305,63748.125,-21879.375,-42551.25
670316,59316.25,-25698.75,-49192.5
670316,59316.25,-25698.75,-49192.5
670325,54726.875,-33600.0,-57325.625
670325,54726.875,-33600.0,-57325.625
670337,52705.625,-31158.75,-55063.75
670337,52705.625,-31158.75,-55063.75
670347,52346.875,-29015.0,-45395.0
670347,52346.875,-29015.0,-45395.0
670358,56739.375,-29715.0,-39869.375
670358,56739.375,-29715.0,-39869.375
670367,62413.75,-28704.375,-35962.5
670367,62413.75,-28704.375,-35962.5
670378,61149.375,-32589.375,-31023.125
670378,61149.375,-32589.375,-31023.125
670388,56634.375,-39930.625,-30756.25
670388,56634.375,-39930.625,-30756.25
670399,54503.75,-44782.5,-34895.0
670399,54503.75,-44782.5,-34895.0
670409,68814.375,-43833.125,-41475.0
670409,68814.375,-43833.125,-41475.0
670419,80338.125,-41965.0,-46296.25
670419,80338.125,-41965.0,-46296.25
670430,73648.75,-50688.75,-49319.375
670430,73648.75,-50688.75,-49319.375
670440,61298.125,-52132.5,-51900.625
670440,61298.125,-52132.5,-51900.625
670450,58988.125,-42905.625,-55326.25
670450,58988.125,-42905.625,-55326.25
670460,68858.125,-36028.125,-51292.5
670460,68858.125,-36028.125,-51292.5
670471,77949.375,-25147.5,-43347.5
670471,77949.375,-25147.5,-43347.5
670481,77135.625,-20195.0,-37139.375
670481,77135.625,-20195.0,-37139.375
670491,70218.75,-18615.625,-35971.25
670491,70218.75,-18615.625,-35971.25
670502,60716.25,-16804.375,-36907.5
670502,60716.25,-16804.375,-36907.5
670511,47967.5,-18659.375,-35223.125
670511,47967.5,-18659.375,-35223.125
670522,35857.5,-18213.125,-31955.0
670522,35857.5,-18213.125,-31955.0
670533,29911.875,-14555.625,-28730.625
670533,29911.875,-14555.625,-28730.625
670543,25178.125,-10648.75,-24049.375
670543,25178.125,-10648.75,-24049.375
670554,18716.25,-4812.5,-19158.125
670554,18716.25,-4812.5,-19158.125
670564,17163.125,1540.0,-17241.875
670564,17163.125,1540.0,-17241.875
670574,14691.25,7315.0,-16778.125
670574,14691.25,7315.0,-16778.125
670584,10574.375,12009.375,-16493.75
670584,10574.375,12009.375,-16493.75
670595,8636.25,13711.25,-14021.875
670595,8636.25,13711.25,-14021.875
670605,8080.625,13737.5,-9629.375
670605,8080.625,13737.5,-9629.375
670615,7835.625,14743.75,-4825.625
670615,7835.625,14743.75,-4825.625
670626,9800.0,15986.25,-879.375
670626,9800.0,15986.25,-879.375
670636,11926.25,16047.5,1553.125
670636,11926.25,16047.5,1553.125
670646,11440.625,14210.0,1666.875
670646,11440.625,14210.0,1666.875
670656,9506.875,13335.0,455.0
670656,9506.875,13335.0,455.0
670667,7021.875,12057.5,-621.25
670667,7021.875,12057.5,-621.25
670677,7608.125,10237.5,-568.75
670677,7608.125,10237.5,-568.75
670687,8820.0,9393.125,993.125
670687,8820.0,9393.125,993.125
670698,7638.75,6833.75,3438.75
670698,7638.75,6833.75,3438.75
670708,3635.625,2432.5,5311.25
670708,3635.625,2432.5,5311.25
670718,-468.125,-2148.125,6483.75
670718,-468.125,-2148.125,6483.75
670729,-1334.375,-5136.25,7490.0
670729,-1334.375,-5136.25,7490.0
670739,253.75,-6418.125,8719.375
670739,253.75,-6418.125,8719.375
