702316,109.375,367.1875,921.875,250.0,-625.0,773.4375,375.0,-851.5625,390.625,695.3125,-671.875,187.5,718.75,-625.0,320.3125
702316,109.375,367.1875,921.875,250.0,-625.0,773.4375,375.0,-851.5625,390.625,695.3125,-671.875,187.5,718.75,-625.0,320.3125
702324,109.375,367.1875,929.6875,250.0,-617.1875,765.625,382.8125,-851.5625,390.625,703.125,-679.6875,187.5,718.75,-632.8125,320.3125
702324,109.375,367.1875,929.6875,250.0,-617.1875,765.625,382.8125,-851.5625,390.625,703.125,-679.6875,187.5,718.75,-632.8125,320.3125
702324,117.1875,359.375,929.6875,250.0,-632.8125,765.625,382.8125,-867.1875,398.4375,703.125,-695.3125,203.125,726.5625,-609.375,312.5
702324,117.1875,359.375,929.6875,250.0,-632.8125,765.625,382.8125,-867.1875,398.4375,703.125,-695.3125,203.125,726.5625,-609.375,312.5
702332,117.1875,359.375,914.0625,242.1875,-625.0,773.4375,390.625,-843.75,398.4375,703.125,-687.5,187.5,726.5625,-648.4375,320.3125
702332,117.1875,359.375,914.0625,242.1875,-625.0,773.4375,390.625,-843.75,398.4375,703.125,-687.5,187.5,726.5625,-648.4375,320.3125
702477,109.375,367.1875,921.875,250.0,-617.1875,765.625,382.8125,-851.5625,390.625,687.5,-687.5,187.5,703.125,-625.0,312.5
702477,109.375,367.1875,921.875,250.0,-617.1875,765.625,382.8125,-851.5625,390.625,687.5,-687.5,187.5,703.125,-625.0,312.5
702485,125.0,375.0,921.875,257.8125,-625.0,765.625,375.0,-843.75,398.4375,695.3125,-679.6875,187.5,710.9375,-625.0,320.3125
702485,125.0,375.0,921.875,257.8125,-625.0,765.625,375.0,-843.75,398.4375,695.3125,-679.6875,187.5,710.9375,-625.0,320.3125
702485,109.375,367.1875,914.0625,242.1875,-617.1875,765.625,390.625,-851.5625,398.4375,703.125,-687.5,187.5,710.9375,-632.8125,312.5
702485,109.375,367.1875,914.0625,242.1875,-617.1875,765.625,390.625,-851.5625,398.4375,703.125,-687.5,187.5,710.9375,-632.8125,312.5
702493,117.1875,367.1875,914.0625,250.0,-617.1875,765.625,375.0,-843.75,398.4375,695.3125,-679.6875,187.5,703.125,-632.8125,312.5
702493,117.1875,367.1875,914.0625,250.0,-617.1875,765.625,375.0,-843.75,398.4375,695.3125,-679.6875,187.5,703.125,-632.8125,312.5
702639,109.375,367.1875,914.0625,242.1875,-625.0,765.625,375.0,-851.5625,390.625,687.5,-695.3125,195.3125,703.125,-625.0,328.125
702639,109.375,367.1875,914.0625,242.1875,-625.0,765.625,375.0,-851.5625,390.625,687.5,-695.3125,195.3125,703.125,-625.0,328.125
702647,109.375,375.0,914.0625,257.8125,-617.1875,765.625,382.8125,-843.75,398.4375,703.125,-687.5,203.125,710.9375,-632.8125,312.5
702647,109.375,375.0,914.0625,257.8125,-617.1875,765.625,382.8125,-843.75,398.4375,703.125,-687.5,203.125,710.9375,-632.8125,312.5
702647,109.375,367.1875,921.875,250.0,-617.1875,765.625,375.0,-851.5625,398.4375,703.125,-695.3125,187.5,710.9375,-632.8125,312.5
702647,109.375,367.1875,921.875,250.0,-617.1875,765.625,375.0,-851.5625,398.4375,703.125,-695.3125,187.5,710.9375,-632.8125,312.5
702655,109.375,359.375,914.0625,250.0,-625.0,773.4375,382.8125,-851.5625,398.4375,695.3125,-687.5,195.3125,710.9375,-632.8125,320.3125
702655,109.375,359.375,914.0625,250.0,-625.0,773.4375,382.8125,-851.5625,398.4375,695.3125,-687.5,195.3125,710.9375,-632.8125,320.3125
702800,117.1875,359.375,914.0625,250.0,-625.0,773.4375,382.8125,-843.75,406.25,703.125,-687.5,195.3125,710.9375,-632.8125,320.3125
702800,117.1875,359.375,914.0625,250.0,-625.0,773.4375,382.8125,-843.75,406.25,703.125,-687.5,195.3125,710.9375,-632.8125,320.3125
702808,109.375,382.8125,914.0625,250.0,-617.1875,765.625,382.8125,-851.5625,398.4375,695.3125,-687.5,187.5,703.125,-632.8125,320.3125
702808,109.375,382.8125,914.0625,250.0,-617.1875,765.625,382.8125,-851.5625,398.4375,695.3125,-687.5,187.5,703.125,-632.8125,320.3125
702808,109.375,367.1875,914.0625,250.0,-617.1875,765.625,382.8125,-851.5625,398.4375,695.3125,-687.5,195.3125,703.125,-632.8125,320.3125
702808,109.375,367.1875,914.0625,250.0,-617.1875,765.625,382.8125,-851.5625,398.4375,695.3125,-687.5,195.3125,703.125,-632.8125,320.3125
702816,117.1875,375.0,921.875,250.0,-617.1875,781.25,367.1875,-843.75,406.25,695.3125,-687.5,187.5,710.9375,-625.0,320.3125
702816,117.1875,375.0,921.875,250.0,-617.1875,781.25,367.1875,-843.75,406.25,695.3125,-687.5,187.5,710.9375,-625.0,320.3125
702961,109.375,375.0,914.0625,250.0,-609.375,765.625,375.0,-851.5625,390.625,695.3125,-695.3125,179.6875,726.5625,-648.4375,312.5
702961,109.375,375.0,914.0625,250.0,-609.375,765.625,375.0,-851.5625,390.625,695.3125,-695.3125,179.6875,726.5625,-648.4375,312.5
702969,109.375,375.0,914.0625,250.0,-609.375,765.625,382.8125,-851.5625,390.625,695.3125,-695.3125,179.6875,710.9375,-625.0,304.6875
702969,109.375,375.0,914.0625,250.0,-609.375,765.625,382.8125,-851.5625,390.625,695.3125,-695.3125,179.6875,710.9375,-625.0,304.6875
702969,117.1875,367.1875,921.875,257.8125,-609.375,773.4375,382.8125,-859.375,382.8125,695.3125,-695.3125,171.875,703.125,-617.1875,304.6875
702969,117.1875,367.1875,921.875,257.8125,-609.375,773.4375,382.8125,-859.375,382.8125,695.3125,-695.3125,171.875,703.125,-617.1875,304.6875
702978,117.1875,359.375,914.0625,242.1875,-625.0,773.4375,375.0,-851.5625,390.625,695.3125,-687.5,179.6875,710.9375,-625.0,312.5
702978,117.1875,359.375,914.0625,242.1875,-625.0,773.4375,375.0,-851.5625,390.625,695.3125,-687.5,179.6875,710.9375,-625.0,312.5
703122,125.0,375.0,921.875,273.4375,-601.5625,804.6875,398.4375,-851.5625,429.6875,718.75,-687.5,195.3125,742.1875,-640.625,320.3125
703122,125.0,375.0,921.875,273.4375,-601.5625,804.6875,398.4375,-851.5625,429.6875,718.75,-687.5,195.3125,742.1875,-640.625,320.3125
703130,132.8125,375.0,929.6875,296.875,-617.1875,804.6875,414.0625,-851.5625,421.875,710.9375,-671.875,203.125,734.375,-601.5625,296.875
703130,132.8125,375.0,929.6875,296.875,-617.1875,804.6875,414.0625,-851.5625,421.875,710.9375,-671.875,203.125,734.375,-601.5625,296.875
703131,140.625,375.0,921.875,242.1875,-593.75,812.5,421.875,-859.375,421.875,718.75,-687.5,195.3125,718.75,-632.8125,335.9375
703131,140.625,375.0,921.875,242.1875,-593.75,812.5,421.875,-859.375,421.875,718.75,-687.5,195.3125,718.75,-632.8125,335.9375
703139,140.625,375.0,906.25,304.6875,-601.5625,804.6875,414.0625,-859.375,414.0625,734.375,-710.9375,210.9375,742.1875,-671.875,351.5625
703139,140.625,375.0,906.25,304.6875,-601.5625,804.6875,414.0625,-859.375,414.0625,734.375,-710.9375,210.9375,742.1875,-671.875,351.5625
703284,93.75,531.25,906.25,250.0,-554.6875,835.9375,382.8125,-859.375,421.875,703.125,-695.3125,187.5,710.9375,-656.25,320.3125
703284,93.75,531.25,906.25,250.0,-554.6875,835.9375,382.8125,-859.375,421.875,703.125,-695.3125,187.5,710.9375,-656.25,320.3125
703292,101.5625,531.25,906.25,265.625,-578.125,835.9375,382.8125,-851.5625,437.5,703.125,-703.125,195.3125,710.9375,-656.25,320.3125
703292,101.5625,531.25,906.25,265.625,-578.125,835.9375,382.8125,-851.5625,437.5,703.125,-703.125,195.3125,710.9375,-656.25,320.3125
703292,109.375,515.625,906.25,250.0,-570.3125,828.125,421.875,-851.5625,445.3125,710.9375,-710.9375,195.3125,703.125,-664.0625,312.5
703292,109.375,515.625,906.25,250.0,-570.3125,828.125,421.875,-851.5625,445.3125,710.9375,-710.9375,195.3125,703.125,-664.0625,312.5
703300,117.1875,515.625,906.25,265.625,-562.5,828.125,421.875,-851.5625,460.9375,718.75,-695.3125,210.9375,710.9375,-648.4375,328.125
703300,117.1875,515.625,906.25,265.625,-562.5,828.125,421.875,-851.5625,460.9375,718.75,-695.3125,210.9375,710.9375,-648.4375,328.125
703445,39.0625,562.5,890.625,320.3125,-585.9375,953.125,437.5,-921.875,546.875,750.0,-765.625,273.4375,718.75,-742.1875,390.625
703445,39.0625,562.5,890.625,320.3125,-585.9375,953.125,437.5,-921.875,546.875,750.0,-765.625,273.4375,718.75,-742.1875,390.625
703452,31.25,562.5,882.8125,320.3125,-593.75,960.9375,429.6875,-906.25,562.5,750.0,-773.4375,273.4375,718.75,-734.375,375.0
703452,31.25,562.5,882.8125,320.3125,-593.75,960.9375,429.6875,-906.25,562.5,750.0,-773.4375,273.4375,718.75,-734.375,375.0
703452,31.25,562.5,890.625,304.6875,-578.125,937.5,429.6875,-906.25,554.6875,757.8125,-765.625,265.625,710.9375,-726.5625,375.0
703452,31.25,562.5,890.625,304.6875,-578.125,937.5,429.6875,-906.25,554.6875,757.8125,-765.625,265.625,710.9375,-726.5625,375.0
703461,39.0625,554.6875,890.625,296.875,-609.375,921.875,445.3125,-914.0625,554.6875,750.0,-765.625,273.4375,718.75,-718.75,375.0
703461,39.0625,554.6875,890.625,296.875,-609.375,921.875,445.3125,-914.0625,554.6875,750.0,-765.625,273.4375,718.75,-718.75,375.0
703606,-289.0625,750.0,742.1875,156.25,-593.75,882.8125,273.4375,-945.3125,500.0,609.375,-875.0,171.875,554.6875,-890.625,312.5
703606,-289.0625,750.0,742.1875,156.25,-593.75,882.8125,273.4375,-945.3125,500.0,609.375,-875.0,171.875,554.6875,-890.625,312.5
703614,-312.5,757.8125,726.5625,148.4375,-609.375,882.8125,273.4375,-953.125,492.1875,585.9375,-882.8125,171.875,531.25,-914.0625,296.875
703614,-312.5,757.8125,726.5625,148.4375,-609.375,882.8125,273.4375,-953.125,492.1875,585.9375,-882.8125,171.875,531.25,-914.0625,296.875
703614,-343.75,750.0,718.75,148.4375,-625.0,875.0,273.4375,-945.3125,523.4375,585.9375,-867.1875,164.0625,515.625,-898.4375,281.25
703614,-343.75,750.0,718.75,148.4375,-625.0,875.0,273.4375,-945.3125,523.4375,585.9375,-867.1875,164.0625,515.625,-898.4375,281.25
703622,-367.1875,773.4375,710.9375,125.0,-640.625,867.1875,273.4375,-953.125,539.0625,554.6875,-867.1875,164.0625,484.375,-906.25,234.375
703622,-367.1875,773.4375,710.9375,125.0,-640.625,867.1875,273.4375,-953.125,539.0625,554.6875,-867.1875,164.0625,484.375,-906.25,234.375
703768,-390.625,421.875,687.5,-39.0625,-632.8125,664.0625,-23.4375,-820.3125,375.0,226.5625,-890.625,39.0625,164.0625,-890.625,234.375
703768,-390.625,421.875,687.5,-39.0625,-632.8125,664.0625,-23.4375,-820.3125,375.0,226.5625,-890.625,39.0625,164.0625,-890.625,234.375
703776,-414.0625,453.125,632.8125,-54.6875,-640.625,648.4375,-7.8125,-820.3125,406.25,250.0,-875.0,70.3125,171.875,-890.625,226.5625
703776,-414.0625,453.125,632.8125,-54.6875,-640.625,648.4375,-7.8125,-820.3125,406.25,250.0,-875.0,70.3125,171.875,-890.625,226.5625
703776,-453.125,460.9375,609.375,-46.875,-617.1875,656.25,-7.8125,-820.3125,406.25,265.625,-890.625,78.125,171.875,-906.25,242.1875
703776,-453.125,460.9375,609.375,-46.875,-617.1875,656.25,-7.8125,-820.3125,406.25,265.625,-890.625,78.125,171.875,-906.25,242.1875
703784,-445.3125,507.8125,554.6875,-62.5,-609.375,664.0625,-7.8125,-820.3125,406.25,265.625,-898.4375,93.75,164.0625,-906.25,257.8125
703784,-445.3125,507.8125,554.6875,-62.5,-609.375,664.0625,-7.8125,-820.3125,406.25,265.625,-898.4375,93.75,164.0625,-906.25,257.8125
703849,-523.4375,476.5625,390.625,-117.1875,-468.75,585.9375,-62.5,-656.25,375.0,179.6875,-742.1875,93.75,85.9375,-742.1875,234.375
703849,-523.4375,476.5625,390.625,-117.1875,-468.75,585.9375,-62.5,-656.25,375.0,179.6875,-742.1875,93.75,85.9375,-742.1875,234.375
703856,-531.25,468.75,351.5625,-93.75,-460.9375,593.75,-46.875,-656.25,367.1875,171.875,-742.1875,101.5625,78.125,-742.1875,234.375
703856,-531.25,468.75,351.5625,-93.75,-460.9375,593.75,-46.875,-656.25,367.1875,171.875,-742.1875,101.5625,78.125,-742.1875,234.375
703857,-523.4375,476.5625,320.3125,-70.3125,-476.5625,617.1875,-39.0625,-656.25,390.625,156.25,-742.1875,101.5625,70.3125,-726.5625,218.75
703857,-523.4375,476.5625,320.3125,-70.3125,-476.5625,617.1875,-39.0625,-656.25,390.625,156.25,-742.1875,101.5625,70.3125,-726.5625,218.75
703865,-500.0,453.125,328.125,-70.3125,-468.75,617.1875,-46.875,-640.625,406.25,156.25,-726.5625,109.375,54.6875,-710.9375,218.75
703865,-500.0,453.125,328.125,-70.3125,-468.75,617.1875,-46.875,-640.625,406.25,156.25,-726.5625,109.375,54.6875,-710.9375,218.75
703929,-500.0,445.3125,328.125,-15.625,-421.875,632.8125,0.0,-632.8125,429.6875,171.875,-726.5625,156.25,23.4375,-710.9375,242.1875
703929,-500.0,445.3125,328.125,-15.625,-421.875,632.8125,0.0,-632.8125,429.6875,171.875,-726.5625,156.25,23.4375,-710.9375,242.1875
703936,-500.0,406.25,367.1875,-23.4375,-445.3125,640.625,15.625,-648.4375,437.5,171.875,-718.75,148.4375,7.8125,-710.9375,242.1875
703936,-500.0,406.25,367.1875,-23.4375,-445.3125,640.625,15.625,-648.4375,437.5,171.875,-718.75,148.4375,7.8125,-710.9375,242.1875
703936,-468.75,398.4375,390.625,0.0,-460.9375,632.8125,15.625,-648.4375,421.875,179.6875,-710.9375,140.625,23.4375,-710.9375,226.5625
703936,-468.75,398.4375,390.625,0.0,-460.9375,632.8125,15.625,-648.4375,421.875,179.6875,-710.9375,140.625,23.4375,-710.9375,226.5625
703943,-437.5,421.875,414.0625,-7.8125,-468.75,609.375,31.25,-648.4375,421.875,195.3125,-710.9375,125.0,54.6875,-710.9375,234.375
703943,-437.5,421.875,414.0625,-7.8125,-468.75,609.375,31.25,-648.4375,421.875,195.3125,-710.9375,125.0,54.6875,-710.9375,234.375
704090,-218.75,531.25,812.5,78.125,-843.75,671.875,125.0,-1125.0,445.3125,421.875,-1187.5,31.25,242.1875,-1218.75,359.375
704090,-218.75,531.25,812.5,78.125,-843.75,671.875,125.0,-1125.0,445.3125,421.875,-1187.5,31.25,242.1875,-1218.75,359.375
704098,-70.3125,656.25,867.1875,132.8125,-921.875,726.5625,85.9375,-1093.75,437.5,414.0625,-1140.625,0.0,218.75,-1148.4375,273.4375
704098,-70.3125,656.25,867.1875,132.8125,-921.875,726.5625,85.9375,-1093.75,437.5,414.0625,-1140.625,0.0,218.75,-1148.4375,273.4375
704098,-46.875,789.0625,812.5,109.375,-843.75,851.5625,70.3125,-1093.75,429.6875,367.1875,-1156.25,-39.0625,187.5,-1179.6875,242.1875
704098,-46.875,789.0625,812.5,109.375,-843.75,851.5625,70.3125,-1093.75,429.6875,367.1875,-1156.25,-39.0625,187.5,-1179.6875,242.1875
704107,-117.1875,781.25,804.6875,117.1875,-835.9375,781.25,70.3125,-1093.75,421.875,328.125,-1171.875,-54.6875,125.0,-1203.125,210.9375
704107,-117.1875,781.25,804.6875,117.1875,-835.9375,781.25,70.3125,-1093.75,421.875,328.125,-1171.875,-54.6875,125.0,-1203.125,210.9375
704252,-554.6875,1046.875,710.9375,-54.6875,-671.875,1125.0,-78.125,-984.375,796.875,125.0,-1210.9375,273.4375,-195.3125,-1179.6875,390.625
704252,-554.6875,1046.875,710.9375,-54.6875,-671.875,1125.0,-78.125,-984.375,796.875,125.0,-1210.9375,273.4375,-195.3125,-1179.6875,390.625
704260,-585.9375,1039.0625,671.875,-62.5,-648.4375,1125.0,-78.125,-968.75,804.6875,117.1875,-1203.125,289.0625,-210.9375,-1140.625,390.625
704260,-585.9375,1039.0625,671.875,-62.5,-648.4375,1125.0,-78.125,-968.75,804.6875,117.1875,-1203.125,289.0625,-210.9375,-1140.625,390.625
704260,-617.1875,1000.0,648.4375,-78.125,-593.75,1125.0,-85.9375,-914.0625,804.6875,109.375,-1148.4375,304.6875,-179.6875,-1078.125,398.4375
704260,-617.1875,1000.0,648.4375,-78.125,-593.75,1125.0,-85.9375,-914.0625,804.6875,109.375,-1148.4375,304.6875,-179.6875,-1078.125,398.4375
704268,-648.4375,921.875,609.375,-109.375,-515.625,1117.1875,-70.3125,-843.75,796.875,125.0,-1078.125,328.125,-148.4375,-1039.0625,398.4375
704268,-648.4375,921.875,609.375,-109.375,-515.625,1117.1875,-70.3125,-843.75,796.875,125.0,-1078.125,328.125,-148.4375,-1039.0625,398.4375
704413,-296.875,1140.625,554.6875,70.3125,-390.625,906.25,-39.0625,-664.0625,515.625,-70.3125,-742.1875,78.125,-304.6875,-734.375,-15.625
704413,-296.875,1140.625,554.6875,70.3125,-390.625,906.25,-39.0625,-664.0625,515.625,-70.3125,-742.1875,78.125,-304.6875,-734.375,-15.625
704421,-296.875,1085.9375,531.25,101.5625,-421.875,890.625,0.0,-671.875,492.1875,-46.875,-750.0,62.5,-312.5,-757.8125,-39.0625
704421,-296.875,1085.9375,531.25,101.5625,-421.875,890.625,0.0,-671.875,492.1875,-46.875,-750.0,62.5,-312.5,-757.8125,-39.0625
704421,-312.5,960.9375,500.0,109.375,-468.75,859.375,23.4375,-726.5625,484.375,23.4375,-804.6875,39.0625,-210.9375,-812.5,-7.8125
704421,-312.5,960.9375,500.0,109.375,-468.75,859.375,23.4375,-726.5625,484.375,23.4375,-804.6875,39.0625,-210.9375,-812.5,-7.8125
704428,-312.5,765.625,484.375,78.125,-562.5,789.0625,39.0625,-796.875,476.5625,148.4375,-867.1875,62.5,-70.3125,-906.25,109.375
704428,-312.5,765.625,484.375,78.125,-562.5,789.0625,39.0625,-796.875,476.5625,148.4375,-867.1875,62.5,-70.3125,-906.25,109.375
704574,601.5625,601.5625,945.3125,429.6875,-1078.125,281.25,210.9375,-1148.4375,-242.1875,351.5625,-867.1875,-734.375,289.0625,-1046.875,-562.5
704574,601.5625,601.5625,945.3125,429.6875,-1078.125,281.25,210.9375,-1148.4375,-242.1875,351.5625,-867.1875,-734.375,289.0625,-1046.875,-562.5
704581,546.875,484.375,953.125,421.875,-1187.5,281.25,242.1875,-1281.25,-164.0625,492.1875,-1062.5,-617.1875,398.4375,-1226.5625,-281.25
704581,546.875,484.375,953.125,421.875,-1187.5,281.25,242.1875,-1281.25,-164.0625,492.1875,-1062.5,-617.1875,398.4375,-1226.5625,-281.25
704581,507.8125,414.0625,945.3125,398.4375,-1265.625,281.25,257.8125,-1367.1875,-109.375,593.75,-1164.0625,-531.25,484.375,-1281.25,-117.1875
704581,507.8125,414.0625,945.3125,398.4375,-1265.625,281.25,257.8125,-1367.1875,-109.375,593.75,-1164.0625,-531.25,484.375,-1281.25,-117.1875
704589,468.75,351.5625,906.25,375.0,-1296.875,273.4375,273.4375,-1382.8125,-70.3125,656.25,-1179.6875,-492.1875,515.625,-1289.0625,-46.875
704589,468.75,351.5625,906.25,375.0,-1296.875,273.4375,273.4375,-1382.8125,-70.3125,656.25,-1179.6875,-492.1875,515.625,-1289.0625,-46.875
704736,46.875,726.5625,656.25,250.0,-703.125,648.4375,187.5,-914.0625,296.875,359.375,-882.8125,-117.1875,203.125,-953.125,23.4375
704736,46.875,726.5625,656.25,250.0,-703.125,648.4375,187.5,-914.0625,296.875,359.375,-882.8125,-117.1875,203.125,-953.125,23.4375
704743,39.0625,726.5625,648.4375,218.75,-710.9375,632.8125,171.875,-921.875,312.5,351.5625,-890.625,-93.75,187.5,-953.125,46.875
704743,39.0625,726.5625,648.4375,218.75,-710.9375,632.8125,171.875,-921.875,312.5,351.5625,-890.625,-93.75,187.5,-953.125,46.875
704743,7.8125,695.3125,640.625,171.875,-710.9375,640.625,132.8125,-906.25,304.6875,335.9375,-898.4375,-85.9375,171.875,-945.3125,54.6875
704743,7.8125,695.3125,640.625,171.875,-710.9375,640.625,132.8125,-906.25,304.6875,335.9375,-898.4375,-85.9375,171.875,-945.3125,54.6875
704752,7.8125,679.6875,648.4375,148.4375,-718.75,617.1875,101.5625,-914.0625,296.875,304.6875,-898.4375,-93.75,156.25,-953.125,70.3125
704752,7.8125,679.6875,648.4375,148.4375,-718.75,617.1875,101.5625,-914.0625,296.875,304.6875,-898.4375,-93.75,156.25,-953.125,70.3125
704897,-39.0625,726.5625,656.25,171.875,-703.125,679.6875,125.0,-914.0625,343.75,312.5,-921.875,-54.6875,132.8125,-953.125,101.5625
704897,-39.0625,726.5625,656.25,171.875,-703.125,679.6875,125.0,-914.0625,343.75,312.5,-921.875,-54.6875,132.8125,-953.125,101.5625
704905,-39.0625,710.9375,656.25,156.25,-710.9375,671.875,101.5625,-921.875,328.125,312.5,-921.875,-54.6875,132.8125,-968.75,109.375
704905,-39.0625,710.9375,656.25,156.25,-710.9375,671.875,101.5625,-921.875,328.125,312.5,-921.875,-54.6875,132.8125,-968.75,109.375
704905,-39.0625,710.9375,656.25,156.25,-726.5625,664.0625,101.5625,-929.6875,328.125,320.3125,-929.6875,-54.6875,132.8125,-968.75,109.375
704905,-39.0625,710.9375,656.25,156.25,-726.5625,664.0625,101.5625,-929.6875,328.125,320.3125,-929.6875,-54.6875,132.8125,-968.75,109.375
704913,-39.0625,718.75,664.0625,148.4375,-726.5625,664.0625,109.375,-929.6875,328.125,312.5,-929.6875,-54.6875,132.8125,-976.5625,117.1875
704913,-39.0625,718.75,664.0625,148.4375,-726.5625,664.0625,109.375,-929.6875,328.125,312.5,-929.6875,-54.6875,132.8125,-976.5625,117.1875
705059,-70.3125,695.3125,679.6875,140.625,-750.0,695.3125,101.5625,-968.75,367.1875,328.125,-984.375,-23.4375,140.625,-1023.4375,164.0625
705059,-70.3125,695.3125,679.6875,140.625,-750.0,695.3125,101.5625,-968.75,367.1875,328.125,-984.375,-23.4375,140.625,-1023.4375,164.0625
705067,-62.5,710.9375,679.6875,148.4375,-750.0,687.5,93.75,-960.9375,375.0,328.125,-984.375,-31.25,140.625,-1015.625,156.25
705067,-62.5,710.9375,679.6875,148.4375,-750.0,687.5,93.75,-960.9375,375.0,328.125,-984.375,-31.25,140.625,-1015.625,156.25
705067,-62.5,710.9375,679.6875,132.8125,-742.1875,695.3125,93.75,-960.9375,359.375,320.3125,-960.9375,-39.0625,125.0,-1007.8125,148.4375
705067,-62.5,710.9375,679.6875,132.8125,-742.1875,695.3125,93.75,-960.9375,359.375,320.3125,-960.9375,-39.0625,125.0,-1007.8125,148.4375
705075,-62.5,710.9375,687.5,132.8125,-734.375,695.3125,78.125,-953.125,351.5625,296.875,-960.9375,-39.0625,109.375,-992.1875,125.0
705075,-62.5,710.9375,687.5,132.8125,-734.375,695.3125,78.125,-953.125,351.5625,296.875,-960.9375,-39.0625,109.375,-992.1875,125.0
705220,-62.5,765.625,671.875,179.6875,-710.9375,726.5625,132.8125,-945.3125,382.8125,335.9375,-953.125,-15.625,140.625,-992.1875,156.25
705220,-62.5,765.625,671.875,179.6875,-710.9375,726.5625,132.8125,-945.3125,382.8125,335.9375,-953.125,-15.625,140.625,-992.1875,156.25
705228,-54.6875,773.4375,679.6875,179.6875,-710.9375,726.5625,140.625,-953.125,382.8125,351.5625,-953.125,-7.8125,140.625,-1007.8125,156.25
705228,-54.6875,773.4375,679.6875,179.6875,-710.9375,726.5625,140.625,-953.125,382.8125,351.5625,-953.125,-7.8125,140.625,-1007.8125,156.25
705228,-62.5,773.4375,671.875,195.3125,-718.75,718.75,140.625,-953.125,382.8125,359.375,-960.9375,-7.8125,148.4375,-1007.8125,156.25
705228,-62.5,773.4375,671.875,195.3125,-718.75,718.75,140.625,-953.125,382.8125,359.375,-960.9375,-7.8125,148.4375,-1007.8125,156.25
705236,-62.5,773.4375,664.0625,187.5,-718.75,726.5625,140.625,-945.3125,390.625,359.375,-960.9375,-7.8125,156.25,-1007.8125,171.875
705236,-62.5,773.4375,664.0625,187.5,-718.75,726.5625,140.625,-945.3125,390.625,359.375,-960.9375,-7.8125,156.25,-1007.8125,171.875
