666287,-17.5,-21.875,8.75
666287,-17.5,-21.875,8.75
666297,-35.0,0.0,35.0
666297,-35.0,0.0,35.0
666448,4.375,-26.25,-43.75
666448,4.375,-26.25,-43.75
666458,83.125,-21.875,-87.5
666458,83.125,-21.875,-87.5
666610,-118.125,21.875,21.875
666610,-118.125,21.875,21.875
666620,-30.625,43.75,-30.625
666620,-30.625,43.75,-30.625
666762,-17.5,-43.75,-8.75
666762,-17.5,-43.75,-8.75
666771,-17.5,-35.0,-43.75
666771,-17.5,-35.0,-43.75
666943,-96.25,21.875,-13.125
666943,-96.25,21.875,-13.125
666953,-113.75,-26.25,-8.75
666953,-113.75,-26.25,-8.75
667013,-105.0,-30.625,35.0
667013,-105.0,-30.625,35.0
667023,-4.375,-21.875,-4.375
667023,-4.375,-21.875,-4.375
667174,-43.75,-8.75,-21.875
667174,-43.75,-8.75,-21.875
667185,-39.375,4.375,-17.5
667185,-39.375,4.375,-17.5
667336,-26.25,39.375,17.5
667336,-26.25,39.375,17.5
667347,-83.125,21.875,39.375
667347,-83.125,21.875,39.375
667498,-240.625,35.0,65.625
667498,-240.625,35.0,65.625
667508,-109.375,-8.75,-8.75
667508,-109.375,-8.75,-8.75
667579,-332.5,113.75,70.0
667579,-332.5,113.75,70.0
667589,-529.375,126.875,166.25
667589,-529.375,126.875,166.25
667740,-1964.375,-695.625,-1846.25
667740,-1964.375,-695.625,-1846.25
667750,-2121.875,-791.875,-2266.25
667750,-2121.875,-791.875,-2266.25
667902,-15500.625,-4081.875,-12538.75
667902,-15500.625,-4081.875,-12538.75
667912,-16485.0,-949.375,-12595.625
667912,-16485.0,-949.375,-12595.625
668063,-7647.5,7931.875,-4991.875
668063,-7647.5,7931.875,-4991.875
668073,-6615.0,9178.75,-4383.75
668073,-6615.0,9178.75,-4383.75
668224,2454.375,-1885.625,870.625
668224,2454.375,-1885.625,870.625
668235,2843.75,-2371.25,866.25
668235,2843.75,-2371.25,866.25
668305,818.125,-4230.625,-65.625
668305,818.125,-4230.625,-65.625
668315,-188.125,-1688.75,166.25
668315,-188.125,-1688.75,166.25
668467,5442.5,1058.75,275.625
668467,5442.5,1058.75,275.625
668477,5871.25,953.75,446.25
668477,5871.25,953.75,446.25
668628,2336.25,4978.75,1028.125
668628,2336.25,4978.75,1028.125
668638,857.5,5254.375,923.125
668638,857.5,5254.375,923.125
668790,3403.75,5779.375,1238.125
668790,3403.75,5779.375,1238.125
668800,3368.75,5206.25,1137.5
668800,3368.75,5206.25,1137.5
668951,-1325.625,1916.25,-8.75
668951,-1325.625,1916.25,-8.75
668960,-2091.25,1645.0,48.125
668960,-2091.25,1645.0,48.125
