2750338,-171.875,343.75,914.0625,-117.1875,-781.25,656.25,140.625,-890.625,460.9375,398.4375,-890.625,242.1875,406.25,-867.1875,328.125
2750338,-171.875,343.75,914.0625,-117.1875,-781.25,656.25,140.625,-890.625,460.9375,398.4375,-890.625,242.1875,406.25,-867.1875,328.125
2750346,-156.25,335.9375,914.0625,-101.5625,-781.25,656.25,148.4375,-890.625,460.9375,406.25,-890.625,242.1875,390.625,-859.375,335.9375
2750346,-156.25,335.9375,914.0625,-101.5625,-781.25,656.25,148.4375,-890.625,460.9375,406.25,-890.625,242.1875,390.625,-859.375,335.9375
2750346,-156.25,343.75,921.875,-101.5625,-773.4375,656.25,148.4375,-890.625,460.9375,406.25,-890.625,242.1875,390.625,-867.1875,328.125
2750346,-156.25,343.75,921.875,-101.5625,-773.4375,656.25,148.4375,-890.625,460.9375,406.25,-890.625,242.1875,390.625,-867.1875,328.125
2750353,-156.25,351.5625,921.875,-101.5625,-781.25,656.25,148.4375,-890.625,468.75,398.4375,-890.625,234.375,390.625,-867.1875,328.125
2750353,-156.25,351.5625,921.875,-101.5625,-781.25,656.25,148.4375,-890.625,468.75,398.4375,-890.625,234.375,390.625,-867.1875,328.125
2750361,-156.25,351.5625,921.875,-101.5625,-773.4375,656.25,148.4375,-890.625,468.75,406.25,-890.625,242.1875,398.4375,-859.375,328.125
2750361,-156.25,351.5625,921.875,-101.5625,-773.4375,656.25,148.4375,-890.625,468.75,406.25,-890.625,242.1875,398.4375,-859.375,328.125
2750361,-156.25,351.5625,914.0625,-109.375,-781.25,656.25,148.4375,-890.625,468.75,406.25,-890.625,242.1875,390.625,-867.1875,320.3125
2750361,-156.25,351.5625,914.0625,-109.375,-781.25,656.25,148.4375,-890.625,468.75,406.25,-890.625,242.1875,390.625,-867.1875,320.3125
2750369,-156.25,351.5625,914.0625,-101.5625,-781.25,656.25,156.25,-898.4375,453.125,398.4375,-890.625,226.5625,390.625,-867.1875,328.125
2750369,-156.25,351.5625,914.0625,-101.5625,-781.25,656.25,156.25,-898.4375,453.125,398.4375,-890.625,226.5625,390.625,-867.1875,328.125
2750369,-164.0625,351.5625,929.6875,-109.375,-781.25,656.25,156.25,-898.4375,468.75,406.25,-898.4375,234.375,398.4375,-867.1875,328.125
2750369,-164.0625,351.5625,929.6875,-109.375,-781.25,656.25,156.25,-898.4375,468.75,406.25,-898.4375,234.375,398.4375,-867.1875,328.125
2750378,-156.25,351.5625,921.875,-101.5625,-781.25,664.0625,148.4375,-890.625,460.9375,398.4375,-890.625,242.1875,390.625,-867.1875,328.125
2750378,-156.25,351.5625,921.875,-101.5625,-781.25,664.0625,148.4375,-890.625,460.9375,398.4375,-890.625,242.1875,390.625,-867.1875,328.125
2750411,-156.25,351.5625,921.875,-93.75,-773.4375,656.25,148.4375,-890.625,468.75,406.25,-890.625,234.375,398.4375,-867.1875,328.125
2750411,-156.25,351.5625,921.875,-93.75,-773.4375,656.25,148.4375,-890.625,468.75,406.25,-890.625,234.375,398.4375,-867.1875,328.125
2750417,-156.25,343.75,921.875,-101.5625,-773.4375,656.25,148.4375,-882.8125,460.9375,398.4375,-882.8125,242.1875,390.625,-867.1875,328.125
2750417,-156.25,343.75,921.875,-101.5625,-773.4375,656.25,148.4375,-882.8125,460.9375,398.4375,-882.8125,242.1875,390.625,-867.1875,328.125
2750425,-156.25,351.5625,914.0625,-101.5625,-781.25,656.25,148.4375,-898.4375,476.5625,406.25,-890.625,242.1875,390.625,-867.1875,328.125
2750425,-156.25,351.5625,914.0625,-101.5625,-781.25,656.25,148.4375,-898.4375,476.5625,406.25,-890.625,242.1875,390.625,-867.1875,328.125
2750572,-164.0625,343.75,929.6875,-109.375,-773.4375,664.0625,156.25,-890.625,468.75,406.25,-898.4375,234.375,390.625,-875.0,328.125
2750572,-164.0625,343.75,929.6875,-109.375,-773.4375,664.0625,156.25,-890.625,468.75,406.25,-898.4375,234.375,390.625,-875.0,328.125
2750572,-156.25,343.75,914.0625,-109.375,-781.25,664.0625,156.25,-882.8125,460.9375,398.4375,-890.625,234.375,398.4375,-859.375,320.3125
2750572,-156.25,343.75,914.0625,-109.375,-781.25,664.0625,156.25,-882.8125,460.9375,398.4375,-890.625,234.375,398.4375,-859.375,320.3125
2750580,-156.25,351.5625,921.875,-101.5625,-781.25,656.25,156.25,-890.625,460.9375,406.25,-890.625,242.1875,398.4375,-867.1875,328.125
2750580,-156.25,351.5625,921.875,-101.5625,-781.25,656.25,156.25,-890.625,460.9375,406.25,-890.625,242.1875,398.4375,-867.1875,328.125
2750741,-156.25,343.75,914.0625,-101.5625,-781.25,664.0625,156.25,-890.625,468.75,398.4375,-890.625,234.375,390.625,-867.1875,335.9375
2750741,-156.25,343.75,914.0625,-101.5625,-781.25,664.0625,156.25,-890.625,468.75,398.4375,-890.625,234.375,390.625,-867.1875,335.9375
2750749,-156.25,343.75,914.0625,-101.5625,-781.25,656.25,156.25,-890.625,460.9375,406.25,-890.625,242.1875,390.625,-859.375,328.125
2750749,-156.25,343.75,914.0625,-101.5625,-781.25,656.25,156.25,-890.625,460.9375,406.25,-890.625,242.1875,390.625,-859.375,328.125
2750749,-156.25,343.75,914.0625,-109.375,-781.25,664.0625,148.4375,-890.625,468.75,398.4375,-890.625,234.375,390.625,-867.1875,320.3125
2750749,-156.25,343.75,914.0625,-109.375,-781.25,664.0625,148.4375,-890.625,468.75,398.4375,-890.625,234.375,390.625,-867.1875,320.3125
2750895,-156.25,351.5625,921.875,-109.375,-781.25,656.25,148.4375,-890.625,460.9375,406.25,-890.625,234.375,390.625,-867.1875,328.125
2750895,-156.25,351.5625,921.875,-109.375,-781.25,656.25,148.4375,-890.625,460.9375,406.25,-890.625,234.375,390.625,-867.1875,328.125
2750895,-156.25,351.5625,921.875,-109.375,-781.25,648.4375,148.4375,-890.625,468.75,398.4375,-898.4375,234.375,382.8125,-859.375,328.125
2750895,-156.25,351.5625,921.875,-109.375,-781.25,648.4375,148.4375,-890.625,468.75,398.4375,-898.4375,234.375,382.8125,-859.375,328.125
2750903,-164.0625,351.5625,921.875,-101.5625,-781.25,656.25,156.25,-898.4375,460.9375,406.25,-882.8125,234.375,390.625,-859.375,328.125
2750903,-164.0625,351.5625,921.875,-101.5625,-781.25,656.25,156.25,-898.4375,460.9375,406.25,-882.8125,234.375,390.625,-859.375,328.125
2751048,-156.25,351.5625,929.6875,-101.5625,-781.25,664.0625,156.25,-898.4375,468.75,406.25,-890.625,242.1875,398.4375,-867.1875,328.125
2751048,-156.25,351.5625,929.6875,-101.5625,-781.25,664.0625,156.25,-898.4375,468.75,406.25,-890.625,242.1875,398.4375,-867.1875,328.125
2751056,-156.25,351.5625,921.875,-109.375,-789.0625,664.0625,156.25,-890.625,468.75,406.25,-890.625,242.1875,398.4375,-859.375,328.125
2751056,-156.25,351.5625,921.875,-109.375,-789.0625,664.0625,156.25,-890.625,468.75,406.25,-890.625,242.1875,398.4375,-859.375,328.125
2751056,-156.25,351.5625,914.0625,-101.5625,-781.25,664.0625,156.25,-898.4375,468.75,406.25,-898.4375,242.1875,398.4375,-867.1875,335.9375
2751056,-156.25,351.5625,914.0625,-101.5625,-781.25,664.0625,156.25,-898.4375,468.75,406.25,-898.4375,242.1875,398.4375,-867.1875,335.9375
2751217,-164.0625,351.5625,921.875,-109.375,-789.0625,664.0625,156.25,-898.4375,460.9375,406.25,-890.625,250.0,390.625,-875.0,320.3125
2751217,-164.0625,351.5625,921.875,-109.375,-789.0625,664.0625,156.25,-898.4375,460.9375,406.25,-890.625,250.0,390.625,-875.0,320.3125
2751225,-164.0625,351.5625,929.6875,-109.375,-781.25,664.0625,148.4375,-906.25,460.9375,406.25,-898.4375,234.375,398.4375,-875.0,335.9375
2751225,-164.0625,351.5625,929.6875,-109.375,-781.25,664.0625,148.4375,-906.25,460.9375,406.25,-898.4375,234.375,398.4375,-875.0,335.9375
2751233,-164.0625,343.75,929.6875,-101.5625,-781.25,664.0625,140.625,-890.625,468.75,398.4375,-898.4375,242.1875,398.4375,-875.0,328.125
2751233,-164.0625,343.75,929.6875,-101.5625,-781.25,664.0625,140.625,-890.625,468.75,398.4375,-898.4375,242.1875,398.4375,-875.0,328.125
2751378,-148.4375,359.375,921.875,-93.75,-781.25,656.25,156.25,-882.8125,468.75,406.25,-882.8125,250.0,398.4375,-859.375,335.9375
2751378,-148.4375,359.375,921.875,-93.75,-781.25,656.25,156.25,-882.8125,468.75,406.25,-882.8125,250.0,398.4375,-859.375,335.9375
2751378,-148.4375,351.5625,914.0625,-93.75,-765.625,664.0625,148.4375,-882.8125,468.75,398.4375,-882.8125,234.375,398.4375,-859.375,335.9375
2751378,-148.4375,351.5625,914.0625,-93.75,-765.625,664.0625,148.4375,-882.8125,468.75,398.4375,-882.8125,234.375,398.4375,-859.375,335.9375
2751385,-156.25,359.375,906.25,-85.9375,-765.625,664.0625,156.25,-882.8125,460.9375,398.4375,-875.0,242.1875,390.625,-859.375,335.9375
2751385,-156.25,359.375,906.25,-85.9375,-765.625,664.0625,156.25,-882.8125,460.9375,398.4375,-875.0,242.1875,390.625,-859.375,335.9375
2751548,-187.5,414.0625,945.3125,-101.5625,-765.625,726.5625,132.8125,-882.8125,500.0,375.0,-906.25,250.0,468.75,-882.8125,382.8125
2751548,-187.5,414.0625,945.3125,-101.5625,-765.625,726.5625,132.8125,-882.8125,500.0,375.0,-906.25,250.0,468.75,-882.8125,382.8125
2751555,-187.5,421.875,1007.8125,-148.4375,-789.0625,687.5,148.4375,-875.0,476.5625,429.6875,-867.1875,281.25,429.6875,-875.0,312.5
2751555,-187.5,421.875,1007.8125,-148.4375,-789.0625,687.5,148.4375,-875.0,476.5625,429.6875,-867.1875,281.25,429.6875,-875.0,312.5
2751555,-117.1875,468.75,1023.4375,-62.5,-820.3125,687.5,187.5,-937.5,476.5625,421.875,-953.125,250.0,406.25,-890.625,351.5625
2751555,-117.1875,468.75,1023.4375,-62.5,-820.3125,687.5,187.5,-937.5,476.5625,421.875,-953.125,250.0,406.25,-890.625,351.5625
2751700,-414.0625,562.5,953.125,-171.875,-1382.8125,1015.625,242.1875,-1625.0,718.75,804.6875,-1593.75,343.75,703.125,-1648.4375,843.75
2751700,-414.0625,562.5,953.125,-171.875,-1382.8125,1015.625,242.1875,-1625.0,718.75,804.6875,-1593.75,343.75,703.125,-1648.4375,843.75
2751701,-468.75,539.0625,921.875,-226.5625,-1453.125,1000.0,234.375,-1554.6875,718.75,757.8125,-1539.0625,312.5,703.125,-1617.1875,804.6875
2751701,-468.75,539.0625,921.875,-226.5625,-1453.125,1000.0,234.375,-1554.6875,718.75,757.8125,-1539.0625,312.5,703.125,-1617.1875,804.6875
2751709,-515.625,539.0625,859.375,-218.75,-1273.4375,976.5625,109.375,-1515.625,593.75,695.3125,-1531.25,234.375,632.8125,-1578.125,664.0625
2751709,-515.625,539.0625,859.375,-218.75,-1273.4375,976.5625,109.375,-1515.625,593.75,695.3125,-1531.25,234.375,632.8125,-1578.125,664.0625
2751854,-31.25,1250.0,445.3125,-109.375,-664.0625,656.25,-85.9375,-914.0625,265.625,156.25,-945.3125,-101.5625,-7.8125,-992.1875,54.6875
2751854,-31.25,1250.0,445.3125,-109.375,-664.0625,656.25,-85.9375,-914.0625,265.625,156.25,-945.3125,-101.5625,-7.8125,-992.1875,54.6875
2751862,-46.875,1210.9375,398.4375,-62.5,-632.8125,695.3125,-39.0625,-851.5625,281.25,148.4375,-882.8125,-85.9375,0.0,-953.125,39.0625
2751862,-46.875,1210.9375,398.4375,-62.5,-632.8125,695.3125,-39.0625,-851.5625,281.25,148.4375,-882.8125,-85.9375,0.0,-953.125,39.0625
2751862,-31.25,1140.625,367.1875,-39.0625,-578.125,718.75,15.625,-796.875,304.6875,179.6875,-820.3125,-70.3125,23.4375,-890.625,62.5
2751862,-31.25,1140.625,367.1875,-39.0625,-578.125,718.75,15.625,-796.875,304.6875,179.6875,-820.3125,-70.3125,23.4375,-890.625,62.5
2751934,148.4375,750.0,-85.9375,179.6875,-250.0,609.375,289.0625,-453.125,382.8125,351.5625,-445.3125,226.5625,195.3125,-484.375,328.125
2751934,148.4375,750.0,-85.9375,179.6875,-250.0,609.375,289.0625,-453.125,382.8125,351.5625,-445.3125,226.5625,195.3125,-484.375,328.125
2751935,125.0,796.875,-148.4375,226.5625,-179.6875,632.8125,320.3125,-390.625,382.8125,335.9375,-382.8125,234.375,171.875,-414.0625,296.875
2751935,125.0,796.875,-148.4375,226.5625,-179.6875,632.8125,320.3125,-390.625,382.8125,335.9375,-382.8125,234.375,171.875,-414.0625,296.875
2751943,93.75,843.75,-195.3125,226.5625,-117.1875,664.0625,312.5,-328.125,406.25,304.6875,-312.5,242.1875,156.25,-351.5625,281.25
2751943,93.75,843.75,-195.3125,226.5625,-117.1875,664.0625,312.5,-328.125,406.25,304.6875,-312.5,242.1875,156.25,-351.5625,281.25
2751943,93.75,851.5625,-234.375,242.1875,-54.6875,695.3125,343.75,-250.0,406.25,296.875,-250.0,265.625,187.5,-296.875,296.875
2751943,93.75,851.5625,-234.375,242.1875,-54.6875,695.3125,343.75,-250.0,406.25,296.875,-250.0,265.625,187.5,-296.875,296.875
2751951,93.75,859.375,-218.75,234.375,-7.8125,679.6875,359.375,-203.125,437.5,320.3125,-203.125,304.6875,218.75,-250.0,328.125
2751951,93.75,859.375,-218.75,234.375,-7.8125,679.6875,359.375,-203.125,437.5,320.3125,-203.125,304.6875,218.75,-250.0,328.125
2751959,125.0,843.75,-203.125,226.5625,23.4375,679.6875,382.8125,-179.6875,460.9375,335.9375,-179.6875,335.9375,234.375,-226.5625,359.375
2751959,125.0,843.75,-203.125,226.5625,23.4375,679.6875,382.8125,-179.6875,460.9375,335.9375,-179.6875,335.9375,234.375,-226.5625,359.375
2751959,164.0625,804.6875,-187.5,210.9375,46.875,656.25,390.625,-156.25,453.125,367.1875,-179.6875,359.375,281.25,-234.375,414.0625
2751959,164.0625,804.6875,-187.5,210.9375,46.875,656.25,390.625,-156.25,453.125,367.1875,-179.6875,359.375,281.25,-234.375,414.0625
2751967,203.125,750.0,-171.875,210.9375,31.25,617.1875,398.4375,-164.0625,453.125,414.0625,-195.3125,406.25,320.3125,-226.5625,476.5625
2751967,203.125,750.0,-171.875,210.9375,31.25,617.1875,398.4375,-164.0625,453.125,414.0625,-195.3125,406.25,320.3125,-226.5625,476.5625
2751975,242.1875,703.125,-179.6875,210.9375,-15.625,601.5625,406.25,-210.9375,460.9375,453.125,-210.9375,421.875,351.5625,-242.1875,507.8125
2751975,242.1875,703.125,-179.6875,210.9375,-15.625,601.5625,406.25,-210.9375,460.9375,453.125,-210.9375,421.875,351.5625,-242.1875,507.8125
2751975,242.1875,625.0,-210.9375,195.3125,-54.6875,593.75,437.5,-242.1875,460.9375,476.5625,-226.5625,445.3125,367.1875,-257.8125,539.0625
2751975,242.1875,625.0,-210.9375,195.3125,-54.6875,593.75,437.5,-242.1875,460.9375,476.5625,-226.5625,445.3125,367.1875,-257.8125,539.0625
2751983,218.75,585.9375,-281.25,250.0,-70.3125,601.5625,453.125,-265.625,460.9375,523.4375,-242.1875,445.3125,398.4375,-273.4375,562.5
2751983,218.75,585.9375,-281.25,250.0,-70.3125,601.5625,453.125,-265.625,460.9375,523.4375,-242.1875,445.3125,398.4375,-273.4375,562.5
2751983,187.5,585.9375,-351.5625,250.0,-70.3125,625.0,476.5625,-250.0,468.75,539.0625,-242.1875,437.5,421.875,-289.0625,585.9375
2751983,187.5,585.9375,-351.5625,250.0,-70.3125,625.0,476.5625,-250.0,468.75,539.0625,-242.1875,437.5,421.875,-289.0625,585.9375
2751991,132.8125,585.9375,-437.5,273.4375,-7.8125,648.4375,468.75,-203.125,445.3125,562.5,-234.375,421.875,429.6875,-281.25,585.9375
2751991,132.8125,585.9375,-437.5,273.4375,-7.8125,648.4375,468.75,-203.125,445.3125,562.5,-234.375,421.875,429.6875,-281.25,585.9375
2751999,93.75,601.5625,-500.0,281.25,23.4375,671.875,507.8125,-171.875,484.375,546.875,-187.5,460.9375,406.25,-242.1875,570.3125
2751999,93.75,601.5625,-500.0,281.25,23.4375,671.875,507.8125,-171.875,484.375,546.875,-187.5,460.9375,406.25,-242.1875,570.3125
2751999,54.6875,625.0,-539.0625,320.3125,62.5,718.75,546.875,-148.4375,554.6875,531.25,-140.625,515.625,398.4375,-187.5,570.3125
2751999,54.6875,625.0,-539.0625,320.3125,62.5,718.75,546.875,-148.4375,554.6875,531.25,-140.625,515.625,398.4375,-187.5,570.3125
2752007,62.5,671.875,-562.5,335.9375,132.8125,765.625,562.5,-109.375,601.5625,523.4375,-101.5625,554.6875,390.625,-140.625,578.125
2752007,62.5,671.875,-562.5,335.9375,132.8125,765.625,562.5,-109.375,601.5625,523.4375,-101.5625,554.6875,390.625,-140.625,578.125
2752015,62.5,679.6875,-546.875,281.25,156.25,765.625,562.5,-54.6875,648.4375,507.8125,-62.5,593.75,382.8125,-117.1875,617.1875
2752015,62.5,679.6875,-546.875,281.25,156.25,765.625,562.5,-54.6875,648.4375,507.8125,-62.5,593.75,382.8125,-117.1875,617.1875
2752015,85.9375,710.9375,-539.0625,328.125,218.75,804.6875,585.9375,-31.25,664.0625,515.625,-46.875,625.0,398.4375,-85.9375,664.0625
2752015,85.9375,710.9375,-539.0625,328.125,218.75,804.6875,585.9375,-31.25,664.0625,515.625,-46.875,625.0,398.4375,-85.9375,664.0625
2752023,117.1875,710.9375,-500.0,304.6875,242.1875,804.6875,562.5,0.0,664.0625,507.8125,-39.0625,640.625,390.625,-70.3125,679.6875
2752023,117.1875,710.9375,-500.0,304.6875,242.1875,804.6875,562.5,0.0,664.0625,507.8125,-39.0625,640.625,390.625,-70.3125,679.6875
2752024,148.4375,742.1875,-492.1875,273.4375,242.1875,812.5,554.6875,0.0,687.5,515.625,-46.875,671.875,406.25,-62.5,703.125
2752024,148.4375,742.1875,-492.1875,273.4375,242.1875,812.5,554.6875,0.0,687.5,515.625,-46.875,671.875,406.25,-62.5,703.125
2752031,164.0625,757.8125,-476.5625,289.0625,218.75,796.875,554.6875,0.0,695.3125,507.8125,-39.0625,671.875,390.625,-54.6875,710.9375
2752031,164.0625,757.8125,-476.5625,289.0625,218.75,796.875,554.6875,0.0,695.3125,507.8125,-39.0625,671.875,390.625,-54.6875,710.9375
2752039,195.3125,757.8125,-484.375,312.5,234.375,812.5,554.6875,-23.4375,671.875,515.625,-54.6875,664.0625,390.625,-62.5,718.75
2752039,195.3125,757.8125,-484.375,312.5,234.375,812.5,554.6875,-23.4375,671.875,515.625,-54.6875,664.0625,390.625,-62.5,718.75
2752040,187.5,750.0,-515.625,320.3125,187.5,804.6875,578.125,-62.5,664.0625,523.4375,-70.3125,656.25,390.625,-101.5625,718.75
2752040,187.5,750.0,-515.625,320.3125,187.5,804.6875,578.125,-62.5,664.0625,523.4375,-70.3125,656.25,390.625,-101.5625,718.75
2752047,171.875,710.9375,-570.3125,351.5625,171.875,820.3125,601.5625,-78.125,664.0625,562.5,-93.75,656.25,429.6875,-117.1875,750.0
2752047,171.875,710.9375,-570.3125,351.5625,171.875,820.3125,601.5625,-78.125,664.0625,562.5,-93.75,656.25,429.6875,-117.1875,750.0
2752054,125.0,695.3125,-617.1875,359.375,171.875,835.9375,617.1875,-93.75,664.0625,593.75,-101.5625,671.875,445.3125,-125.0,765.625
2752054,125.0,695.3125,-617.1875,359.375,171.875,835.9375,617.1875,-93.75,664.0625,593.75,-101.5625,671.875,445.3125,-125.0,765.625
2752056,109.375,664.0625,-671.875,367.1875,171.875,843.75,648.4375,-85.9375,687.5,609.375,-93.75,679.6875,468.75,-132.8125,796.875
2752056,109.375,664.0625,-671.875,367.1875,171.875,843.75,648.4375,-85.9375,687.5,609.375,-93.75,679.6875,468.75,-132.8125,796.875
2752064,101.5625,656.25,-664.0625,375.0,187.5,867.1875,664.0625,-70.3125,718.75,632.8125,-85.9375,718.75,492.1875,-109.375,812.5
2752064,101.5625,656.25,-664.0625,375.0,187.5,867.1875,664.0625,-70.3125,718.75,632.8125,-85.9375,718.75,492.1875,-109.375,812.5
2752064,117.1875,640.625,-656.25,359.375,187.5,859.375,671.875,-62.5,718.75,640.625,-70.3125,726.5625,484.375,-109.375,828.125
2752064,117.1875,640.625,-656.25,359.375,187.5,859.375,671.875,-62.5,718.75,640.625,-70.3125,726.5625,484.375,-109.375,828.125
2752072,132.8125,609.375,-640.625,351.5625,195.3125,851.5625,664.0625,-62.5,734.375,625.0,-85.9375,742.1875,460.9375,-101.5625,820.3125
2752072,132.8125,609.375,-640.625,351.5625,195.3125,851.5625,664.0625,-62.5,734.375,625.0,-85.9375,742.1875,460.9375,-101.5625,820.3125
2752080,156.25,585.9375,-632.8125,343.75,203.125,835.9375,632.8125,-62.5,718.75,617.1875,-78.125,742.1875,476.5625,-93.75,835.9375
2752080,156.25,585.9375,-632.8125,343.75,203.125,835.9375,632.8125,-62.5,718.75,617.1875,-78.125,742.1875,476.5625,-93.75,835.9375
2752080,164.0625,570.3125,-632.8125,304.6875,195.3125,812.5,593.75,-54.6875,710.9375,601.5625,-85.9375,734.375,468.75,-101.5625,851.5625
2752080,164.0625,570.3125,-632.8125,304.6875,195.3125,812.5,593.75,-54.6875,710.9375,601.5625,-85.9375,734.375,468.75,-101.5625,851.5625
2752088,156.25,570.3125,-632.8125,289.0625,179.6875,804.6875,578.125,-62.5,695.3125,585.9375,-93.75,734.375,460.9375,-101.5625,859.375
2752088,156.25,570.3125,-632.8125,289.0625,179.6875,804.6875,578.125,-62.5,695.3125,585.9375,-93.75,734.375,460.9375,-101.5625,859.375
2752096,140.625,554.6875,-656.25,257.8125,164.0625,796.875,570.3125,-70.3125,687.5,578.125,-109.375,726.5625,460.9375,-125.0,867.1875
2752096,140.625,554.6875,-656.25,257.8125,164.0625,796.875,570.3125,-70.3125,687.5,578.125,-109.375,726.5625,460.9375,-125.0,867.1875
2752096,109.375,570.3125,-671.875,273.4375,171.875,796.875,562.5,-85.9375,679.6875,578.125,-132.8125,734.375,460.9375,-125.0,882.8125
2752096,109.375,570.3125,-671.875,273.4375,171.875,796.875,562.5,-85.9375,679.6875,578.125,-132.8125,734.375,460.9375,-125.0,882.8125
2752104,101.5625,609.375,-679.6875,273.4375,164.0625,812.5,570.3125,-85.9375,687.5,593.75,-125.0,742.1875,468.75,-125.0,890.625
2752104,101.5625,609.375,-679.6875,273.4375,164.0625,812.5,570.3125,-85.9375,687.5,593.75,-125.0,742.1875,468.75,-125.0,890.625
2752104,101.5625,648.4375,-687.5,289.0625,179.6875,820.3125,585.9375,-85.9375,703.125,593.75,-109.375,750.0,445.3125,-109.375,875.0
2752104,101.5625,648.4375,-687.5,289.0625,179.6875,820.3125,585.9375,-85.9375,703.125,593.75,-109.375,750.0,445.3125,-109.375,875.0
2752112,132.8125,679.6875,-687.5,257.8125,203.125,828.125,585.9375,-54.6875,703.125,578.125,-78.125,742.1875,429.6875,-70.3125,843.75
2752112,132.8125,679.6875,-687.5,257.8125,203.125,828.125,585.9375,-54.6875,703.125,578.125,-78.125,742.1875,429.6875,-70.3125,843.75
2752120,148.4375,750.0,-664.0625,328.125,234.375,851.5625,625.0,-39.0625,718.75,578.125,-39.0625,750.0,437.5,-46.875,820.3125
2752120,148.4375,750.0,-664.0625,328.125,234.375,851.5625,625.0,-39.0625,718.75,578.125,-39.0625,750.0,437.5,-46.875,820.3125
2752120,164.0625,812.5,-656.25,359.375,265.625,867.1875,632.8125,0.0,726.5625,546.875,-7.8125,750.0,421.875,-31.25,789.0625
2752120,164.0625,812.5,-656.25,359.375,265.625,867.1875,632.8125,0.0,726.5625,546.875,-7.8125,750.0,421.875,-31.25,789.0625
2752128,164.0625,820.3125,-648.4375,367.1875,304.6875,898.4375,632.8125,15.625,742.1875,554.6875,0.0,742.1875,406.25,-7.8125,773.4375
2752128,164.0625,820.3125,-648.4375,367.1875,304.6875,898.4375,632.8125,15.625,742.1875,554.6875,0.0,742.1875,406.25,-7.8125,773.4375
2752184,-15.625,687.5,-648.4375,132.8125,109.375,914.0625,484.375,-179.6875,820.3125,546.875,-265.625,835.9375,359.375,-234.375,984.375
2752184,-15.625,687.5,-648.4375,132.8125,109.375,914.0625,484.375,-179.6875,820.3125,546.875,-265.625,835.9375,359.375,-234.375,984.375
2752185,-39.0625,703.125,-625.0,132.8125,101.5625,929.6875,492.1875,-195.3125,843.75,546.875,-281.25,835.9375,351.5625,-242.1875,976.5625
2752185,-39.0625,703.125,-625.0,132.8125,101.5625,929.6875,492.1875,-195.3125,843.75,546.875,-281.25,835.9375,351.5625,-242.1875,976.5625
2752193,-62.5,734.375,-625.0,125.0,109.375,945.3125,476.5625,-203.125,843.75,546.875,-304.6875,828.125,335.9375,-273.4375,968.75
2752193,-62.5,734.375,-625.0,125.0,109.375,945.3125,476.5625,-203.125,843.75,546.875,-304.6875,828.125,335.9375,-273.4375,968.75
2752346,-289.0625,867.1875,-421.875,-164.0625,-109.375,1007.8125,203.125,-437.5,929.6875,335.9375,-625.0,781.25,23.4375,-531.25,914.0625
2752346,-289.0625,867.1875,-421.875,-164.0625,-109.375,1007.8125,203.125,-437.5,929.6875,335.9375,-625.0,781.25,23.4375,-531.25,914.0625
2752354,-296.875,820.3125,-421.875,-179.6875,-109.375,984.375,187.5,-421.875,921.875,320.3125,-632.8125,781.25,15.625,-539.0625,906.25
2752354,-296.875,820.3125,-421.875,-179.6875,-109.375,984.375,187.5,-421.875,921.875,320.3125,-632.8125,781.25,15.625,-539.0625,906.25
2752362,-289.0625,804.6875,-406.25,-187.5,-109.375,968.75,164.0625,-421.875,914.0625,312.5,-640.625,781.25,0.0,-539.0625,906.25
2752362,-289.0625,804.6875,-406.25,-187.5,-109.375,968.75,164.0625,-421.875,914.0625,312.5,-640.625,781.25,0.0,-539.0625,906.25
2752514,-687.5,695.3125,-335.9375,-578.125,70.3125,843.75,-320.3125,-242.1875,937.5,-257.8125,-664.0625,765.625,-585.9375,-421.875,757.8125
2752514,-687.5,695.3125,-335.9375,-578.125,70.3125,843.75,-320.3125,-242.1875,937.5,-257.8125,-664.0625,765.625,-585.9375,-421.875,757.8125
2752523,-718.75,640.625,-320.3125,-625.0,70.3125,781.25,-351.5625,-226.5625,914.0625,-289.0625,-671.875,734.375,-593.75,-421.875,734.375
2752523,-718.75,640.625,-320.3125,-625.0,70.3125,781.25,-351.5625,-226.5625,914.0625,-289.0625,-671.875,734.375,-593.75,-421.875,734.375
2752523,-750.0,585.9375,-304.6875,-687.5,46.875,742.1875,-398.4375,-226.5625,890.625,-320.3125,-679.6875,734.375,-617.1875,-429.6875,726.5625
2752523,-750.0,585.9375,-304.6875,-687.5,46.875,742.1875,-398.4375,-226.5625,890.625,-320.3125,-679.6875,734.375,-617.1875,-429.6875,726.5625
2752667,-718.75,617.1875,-585.9375,-546.875,367.1875,882.8125,-234.375,39.0625,1046.875,-273.4375,-468.75,960.9375,-539.0625,-187.5,953.125
2752667,-718.75,617.1875,-585.9375,-546.875,367.1875,882.8125,-234.375,39.0625,1046.875,-273.4375,-468.75,960.9375,-539.0625,-187.5,953.125
2752667,-703.125,609.375,-585.9375,-539.0625,359.375,890.625,-226.5625,31.25,1062.5,-273.4375,-468.75,968.75,-539.0625,-203.125,929.6875
2752667,-703.125,609.375,-585.9375,-539.0625,359.375,890.625,-226.5625,31.25,1062.5,-273.4375,-468.75,968.75,-539.0625,-203.125,929.6875
2752676,-695.3125,578.125,-570.3125,-546.875,335.9375,890.625,-218.75,7.8125,1070.3125,-257.8125,-468.75,976.5625,-546.875,-203.125,921.875
2752676,-695.3125,578.125,-570.3125,-546.875,335.9375,890.625,-218.75,7.8125,1070.3125,-257.8125,-468.75,976.5625,-546.875,-203.125,921.875
2752830,-515.625,726.5625,-515.625,-335.9375,195.3125,960.9375,-15.625,-148.4375,1015.625,0.0,-500.0,898.4375,-296.875,-312.5,914.0625
2752830,-515.625,726.5625,-515.625,-335.9375,195.3125,960.9375,-15.625,-148.4375,1015.625,0.0,-500.0,898.4375,-296.875,-312.5,914.0625
2752838,-507.8125,726.5625,-507.8125,-335.9375,187.5,953.125,-7.8125,-148.4375,1007.8125,-7.8125,-507.8125,890.625,-304.6875,-320.3125,906.25
2752838,-507.8125,726.5625,-507.8125,-335.9375,187.5,953.125,-7.8125,-148.4375,1007.8125,-7.8125,-507.8125,890.625,-304.6875,-320.3125,906.25
2752845,-492.1875,750.0,-515.625,-320.3125,203.125,960.9375,-15.625,-140.625,1007.8125,-15.625,-500.0,898.4375,-304.6875,-304.6875,906.25
2752845,-492.1875,750.0,-515.625,-320.3125,203.125,960.9375,-15.625,-140.625,1007.8125,-15.625,-500.0,898.4375,-304.6875,-304.6875,906.25
