2769464,1526.875,48.125,1715.0
2769464,1526.875,48.125,1715.0
2769469,1421.875,-87.5,1916.25
2769469,1421.875,-87.5,1916.25
2769474,1386.875,-240.625,1999.375
2769474,1386.875,-240.625,1999.375
2769479,1198.75,-236.25,2253.125
2769479,1198.75,-236.25,2253.125
2769485,1168.125,-446.25,2213.75
2769485,1168.125,-446.25,2213.75
2769490,1076.25,-490.0,1885.625
2769490,1076.25,-490.0,1885.625
2769494,385.0,-647.5,1470.0
2769494,385.0,-647.5,1470.0
2769500,-205.625,-328.125,1050.0
2769500,-205.625,-328.125,1050.0
2769505,-441.875,-223.125,695.625
2769505,-441.875,-223.125,695.625
2769510,-599.375,-319.375,542.5
2769510,-599.375,-319.375,542.5
2769516,-371.875,-323.75,765.625
2769516,-371.875,-323.75,765.625
2769521,205.625,-406.875,1474.375
2769521,205.625,-406.875,1474.375
2769546,2060.625,258.125,1671.25
2769546,2060.625,258.125,1671.25
2769552,1890.0,284.375,1688.75
2769552,1890.0,284.375,1688.75
2769557,1601.25,65.625,1881.25
2769557,1601.25,65.625,1881.25
2769562,1080.625,-21.875,1977.5
2769562,1080.625,-21.875,1977.5
2769567,599.375,-135.625,1491.875
2769567,599.375,-135.625,1491.875
2769572,201.25,-218.75,1080.625
2769572,201.25,-218.75,1080.625
2769577,-210.0,-371.875,840.0
2769577,-210.0,-371.875,840.0
2769583,-691.25,-376.25,420.0
2769583,-691.25,-376.25,420.0
2769588,-647.5,-332.5,301.875
2769588,-647.5,-332.5,301.875
2769593,-538.125,-336.875,214.375
2769593,-538.125,-336.875,214.375
2769598,-455.0,-450.625,218.75
2769598,-455.0,-450.625,218.75
2769603,-450.625,-380.625,498.75
2769603,-450.625,-380.625,498.75
2769608,-363.125,-280.0,844.375
2769608,-363.125,-280.0,844.375
2769613,-188.125,-122.5,1115.625
2769613,-188.125,-122.5,1115.625
2769619,-253.75,-17.5,1347.5
2769619,-253.75,-17.5,1347.5
2769624,-153.125,-61.25,1588.125
2769624,-153.125,-61.25,1588.125
2769629,231.875,-17.5,1815.625
2769629,231.875,-17.5,1815.625
2769634,227.5,105.0,2065.0
2769634,227.5,105.0,2065.0
2769639,603.75,-87.5,2047.5
2769639,603.75,-87.5,2047.5
2769644,551.25,-87.5,2012.5
2769644,551.25,-87.5,2012.5
2769650,490.0,-48.125,2025.625
2769650,490.0,-48.125,2025.625
2769655,503.125,-74.375,1925.0
2769655,503.125,-74.375,1925.0
2769660,538.125,-35.0,1876.875
2769660,538.125,-35.0,1876.875
2769665,354.375,-179.375,1592.5
2769665,354.375,-179.375,1592.5
2769670,450.625,-258.125,1378.125
2769670,450.625,-258.125,1378.125
2769675,328.125,-227.5,1181.25
2769675,328.125,-227.5,1181.25
2769681,376.25,-297.5,1102.5
2769681,376.25,-297.5,1102.5
2769686,231.875,-218.75,966.875
2769686,231.875,-218.75,966.875
2769706,-371.875,-411.25,564.375
2769706,-371.875,-411.25,564.375
2769712,-83.125,-376.25,726.25
2769712,-83.125,-376.25,726.25
2769717,-367.5,-332.5,892.5
2769717,-367.5,-332.5,892.5
2769722,-848.75,-595.0,630.0
2769722,-848.75,-595.0,630.0
2769727,-940.625,-385.0,647.5
2769727,-940.625,-385.0,647.5
2769732,-822.5,-358.75,560.0
2769732,-822.5,-358.75,560.0
2769738,-748.125,-183.75,809.375
2769738,-748.125,-183.75,809.375
2769743,-923.125,-175.0,743.75
2769743,-923.125,-175.0,743.75
2769747,-1063.125,-218.75,643.125
2769747,-1063.125,-218.75,643.125
2769753,-1085.0,-166.25,735.0
2769753,-1085.0,-166.25,735.0
2769758,-984.375,-157.5,735.0
2769758,-984.375,-157.5,735.0
2769763,-695.625,48.125,730.625
2769763,-695.625,48.125,730.625
2769768,-516.25,280.0,717.5
2769768,-516.25,280.0,717.5
2769772,-358.75,883.75,1093.75
2769772,-358.75,883.75,1093.75
2769779,118.125,1461.25,1137.5
2769779,118.125,1461.25,1137.5
2769784,315.0,1995.0,892.5
2769784,315.0,1995.0,892.5
2769789,481.25,2585.625,494.375
2769789,481.25,2585.625,494.375
2769794,-61.25,3613.75,262.5
2769794,-61.25,3613.75,262.5
2769799,-1338.75,3885.0,765.625
2769799,-1338.75,3885.0,765.625
2769804,-1767.5,3889.375,809.375
2769804,-1767.5,3889.375,809.375
2769810,-2471.875,3863.125,1347.5
2769810,-2471.875,3863.125,1347.5
2769815,-2804.375,4366.25,2922.5
2769815,-2804.375,4366.25,2922.5
2769820,-1662.5,4182.5,3368.75
2769820,-1662.5,4182.5,3368.75
2769825,-4086.25,4589.375,3381.875
2769825,-4086.25,4589.375,3381.875
2769830,-6155.625,4869.375,3661.875
2769830,-6155.625,4869.375,3661.875
2769836,-5643.75,5088.125,5998.125
2769836,-5643.75,5088.125,5998.125
2769841,-6776.875,5691.875,5941.25
2769841,-6776.875,5691.875,5941.25
2769846,-7385.0,5818.75,3880.625
2769846,-7385.0,5818.75,3880.625
2769851,-7770.0,6033.125,1990.625
2769851,-7770.0,6033.125,1990.625
2769856,-9323.125,6317.5,358.75
2769856,-9323.125,6317.5,358.75
2769892,-22435.0,5092.5,6995.625
2769892,-22435.0,5092.5,6995.625
2769897,-18799.375,2992.5,9555.0
2769897,-18799.375,2992.5,9555.0
2769903,-18077.5,3171.875,12621.875
2769903,-18077.5,3171.875,12621.875
2769908,-13116.25,5586.875,12880.0
2769908,-13116.25,5586.875,12880.0
2769913,-4278.75,5381.25,10088.75
2769913,-4278.75,5381.25,10088.75
2769917,1373.75,5285.0,8688.75
2769917,1373.75,5285.0,8688.75
2769923,10110.625,7870.625,8596.875
2769923,10110.625,7870.625,8596.875
2769928,20698.125,4204.375,4515.0
2769928,20698.125,4204.375,4515.0
2769934,30922.5,-914.375,1382.5
2769934,30922.5,-914.375,1382.5
2769939,42490.0,-5201.875,5726.875
2769939,42490.0,-5201.875,5726.875
2769944,57347.5,-14616.875,11353.125
2769944,57347.5,-14616.875,11353.125
2769949,54595.625,-19967.5,12363.75
2769949,54595.625,-19967.5,12363.75
2769954,31657.5,-9415.0,19381.25
2769954,31657.5,-9415.0,19381.25
2769959,-28350.0,14210.0,14056.875
2769959,-28350.0,14210.0,14056.875
2769965,-81016.25,27383.125,-8995.0
2769965,-81016.25,27383.125,-8995.0
2769969,-70323.75,29859.375,-43798.125
2769969,-70323.75,29859.375,-43798.125
2769975,-23760.625,6881.875,-59543.75
2769975,-23760.625,6881.875,-59543.75
2769980,24976.875,-11908.75,11379.375
2769980,24976.875,-11908.75,11379.375
2769985,11641.875,3097.5,-8701.875
2769985,11641.875,3097.5,-8701.875
2769990,236.25,-2581.25,-26831.875
2769990,236.25,-2581.25,-26831.875
2769995,8106.875,-332.5,-2625.0
2769995,8106.875,-332.5,-2625.0
2770000,8255.625,3535.0,-271.25
2770000,8255.625,3535.0,-271.25
2770006,7310.625,2852.5,-4274.375
2770006,7310.625,2852.5,-4274.375
2770011,7056.875,3272.5,65.625
2770011,7056.875,3272.5,65.625
2770016,6798.75,3421.25,1356.25
2770016,6798.75,3421.25,1356.25
2770021,7800.625,2546.25,1509.375
2770021,7800.625,2546.25,1509.375
2770026,8211.875,1526.875,1592.5
2770026,8211.875,1526.875,1592.5
2770032,6663.125,717.5,468.125
2770032,6663.125,717.5,468.125
2770036,5145.0,122.5,-735.0
2770036,5145.0,122.5,-735.0
2770041,4773.125,-739.375,-1360.625
2770041,4773.125,-739.375,-1360.625
2770047,4786.25,-1325.625,-1343.125
2770047,4786.25,-1325.625,-1343.125
2770052,5118.75,-1465.625,-1299.375
2770052,5118.75,-1465.625,-1299.375
2770057,5670.0,-1649.375,-2174.375
2770057,5670.0,-1649.375,-2174.375
2770062,6090.0,-1518.125,-2200.625
2770062,6090.0,-1518.125,-2200.625
2770067,6046.25,-1273.125,-1561.875
2770067,6046.25,-1273.125,-1561.875
2770073,6181.875,-708.75,-800.625
2770073,6181.875,-708.75,-800.625
2770078,6693.75,-1102.5,-949.375
2770078,6693.75,-1102.5,-949.375
2770083,6772.5,-1421.875,-1706.25
2770083,6772.5,-1421.875,-1706.25
2770088,5840.625,-1400.0,-1649.375
2770088,5840.625,-1400.0,-1649.375
2770093,5219.375,-1308.125,-1312.5
2770093,5219.375,-1308.125,-1312.5
2770098,5534.375,-1745.625,-2603.125
2770098,5534.375,-1745.625,-2603.125
2770104,5678.75,-2082.5,-3381.875
2770104,5678.75,-2082.5,-3381.875
2770109,5145.0,-2060.625,-3517.5
2770109,5145.0,-2060.625,-3517.5
2770114,4860.625,-1728.125,-3928.75
2770114,4860.625,-1728.125,-3928.75
2770119,5512.5,-1938.125,-4633.125
2770119,5512.5,-1938.125,-4633.125
2770124,6085.625,-2485.0,-5880.0
2770124,6085.625,-2485.0,-5880.0
2770130,5543.125,-2646.875,-6912.5
2770130,5543.125,-2646.875,-6912.5
2770135,5180.0,-2401.875,-7927.5
2770135,5180.0,-2401.875,-7927.5
2770140,5880.0,-1960.0,-9528.75
2770140,5880.0,-1960.0,-9528.75
2770145,6177.5,-1811.25,-10158.75
2770145,6177.5,-1811.25,-10158.75
2770150,4825.625,-1513.75,-8960.0
2770150,4825.625,-1513.75,-8960.0
2770155,2638.125,-1470.0,-8483.125
2770155,2638.125,-1470.0,-8483.125
2770161,905.625,-1343.125,-9003.75
2770161,905.625,-1343.125,-9003.75
2770166,-126.875,-26.25,-8478.75
2770166,-126.875,-26.25,-8478.75
2770171,656.25,870.625,-6050.625
2770171,656.25,870.625,-6050.625
2770176,1960.0,-564.375,-4156.25
2770176,1960.0,-564.375,-4156.25
2770181,2253.125,-2345.0,-4208.75
2770181,2253.125,-2345.0,-4208.75
2770186,1220.625,-2778.125,-4475.625
2770186,1220.625,-2778.125,-4475.625
2770191,542.5,-2511.25,-5648.125
2770191,542.5,-2511.25,-5648.125
2770196,253.75,-2397.5,-7201.25
2770196,253.75,-2397.5,-7201.25
2770202,-542.5,-1583.75,-7647.5
2770202,-542.5,-1583.75,-7647.5
2770207,-945.0,-1360.625,-6689.375
2770207,-945.0,-1360.625,-6689.375
2770212,-1478.75,-2279.375,-5853.75
2770212,-1478.75,-2279.375,-5853.75
2770217,-3495.625,-2450.0,-9126.25
2770217,-3495.625,-2450.0,-9126.25
2770222,-5648.125,-2826.25,-10434.375
2770222,-5648.125,-2826.25,-10434.375
2770228,-3145.625,-3228.75,-6295.625
2770228,-3145.625,-3228.75,-6295.625
2770233,-196.875,-4742.5,-4541.25
2770233,-196.875,-4742.5,-4541.25
2770238,-74.375,-4396.875,-3644.375
2770238,-74.375,-4396.875,-3644.375
2770243,-3071.25,-2152.5,-3093.125
2770243,-3071.25,-2152.5,-3093.125
2770248,-4042.5,-546.875,-3653.125
2770248,-4042.5,-546.875,-3653.125
2770253,-3154.375,-258.125,-2546.25
2770253,-3154.375,-258.125,-2546.25
2770258,-2323.125,-1614.375,-1999.375
2770258,-2323.125,-1614.375,-1999.375
2770264,-1045.625,-1951.25,-4742.5
2770264,-1045.625,-1951.25,-4742.5
2770269,-1872.5,-761.25,-6615.0
2770269,-1872.5,-761.25,-6615.0
2770274,-5258.75,-83.125,-7726.25
2770274,-5258.75,-83.125,-7726.25
2770279,-4698.75,-1859.375,-5656.875
2770279,-4698.75,-1859.375,-5656.875
2770285,-2480.625,-3158.75,-5871.25
2770285,-2480.625,-3158.75,-5871.25
2770289,-2918.125,-3565.625,-5836.25
2770289,-2918.125,-3565.625,-5836.25
2770295,-3950.625,-1894.375,-8225.0
2770295,-3950.625,-1894.375,-8225.0
2770298,-4843.125,1093.75,-9813.125
2770298,-4843.125,1093.75,-9813.125
2770305,-4900.0,2366.875,-9848.125
2770305,-4900.0,2366.875,-9848.125
2770310,-5678.75,1220.625,-7450.625
2770310,-5678.75,1220.625,-7450.625
2770315,-4834.375,616.875,-7196.875
2770315,-4834.375,616.875,-7196.875
2770320,-4943.75,682.5,-5617.5
2770320,-4943.75,682.5,-5617.5
2770326,-4681.25,529.375,-4733.75
2770326,-4681.25,529.375,-4733.75
2770331,-3985.625,485.625,-4173.75
2770331,-3985.625,485.625,-4173.75
2770336,-4073.125,866.25,-6720.0
2770336,-4073.125,866.25,-6720.0
2770341,-5333.125,1561.875,-4501.875
2770341,-5333.125,1561.875,-4501.875
2770346,-5306.875,748.125,-1496.25
2770346,-5306.875,748.125,-1496.25
2770351,-3150.0,-433.125,-3360.0
2770351,-3150.0,-433.125,-3360.0
2770356,-3972.5,-109.375,-2983.75
2770356,-3972.5,-109.375,-2983.75
2770362,-6098.75,13.125,-1614.375
2770362,-6098.75,13.125,-1614.375
2770367,-5845.0,-573.125,-2686.25
2770367,-5845.0,-573.125,-2686.25
2770372,-4046.875,-1400.0,-4834.375
2770372,-4046.875,-1400.0,-4834.375
2770377,-3521.875,-1124.375,-4803.75
2770377,-3521.875,-1124.375,-4803.75
2770383,-3412.5,-866.25,-4125.625
2770383,-3412.5,-866.25,-4125.625
2770387,-3023.125,-1159.375,-3762.5
2770387,-3023.125,-1159.375,-3762.5
2770393,-2756.25,-1211.875,-2839.375
2770393,-2756.25,-1211.875,-2839.375
2770397,-2336.25,-1229.375,-2139.375
2770397,-2336.25,-1229.375,-2139.375
2770403,-1855.0,-1343.125,-1833.125
2770403,-1855.0,-1343.125,-1833.125
2770408,-1526.875,-1435.0,-1452.5
2770408,-1526.875,-1435.0,-1452.5
2770413,-1369.375,-1378.125,-1277.5
2770413,-1369.375,-1378.125,-1277.5
2770418,-1124.375,-1365.0,-1561.875
2770418,-1124.375,-1365.0,-1561.875
2770424,-1089.375,-1413.125,-1824.375
2770424,-1089.375,-1413.125,-1824.375
2770429,-581.875,-1601.25,-1968.75
2770429,-581.875,-1601.25,-1968.75
2770434,-354.375,-1579.375,-2336.25
2770434,-354.375,-1579.375,-2336.25
2770439,-201.25,-1596.875,-2537.5
2770439,-201.25,-1596.875,-2537.5
2770444,100.625,-1758.75,-2747.5
2770444,100.625,-1758.75,-2747.5
2770449,280.0,-1995.0,-3115.0
2770449,280.0,-1995.0,-3115.0
2770454,560.0,-2170.0,-3101.875
2770454,560.0,-2170.0,-3101.875
2770458,730.625,-2397.5,-3106.25
2770458,730.625,-2397.5,-3106.25
2770464,818.125,-2572.5,-3053.75
2770464,818.125,-2572.5,-3053.75
2770470,953.75,-2681.875,-2953.125
2770470,953.75,-2681.875,-2953.125
2770474,822.5,-3093.125,-3005.625
2770474,822.5,-3093.125,-3005.625
2770480,603.75,-3386.25,-2686.25
2770480,603.75,-3386.25,-2686.25
2770485,56.875,-3228.75,-2108.75
2770485,56.875,-3228.75,-2108.75
2770491,13.125,-3355.625,-1535.625
2770491,13.125,-3355.625,-1535.625
2770496,231.875,-3815.0,-1421.875
2770496,231.875,-3815.0,-1421.875
2770501,-433.125,-4361.875,-1461.25
2770501,-433.125,-4361.875,-1461.25
2770506,-1001.875,-4344.375,-8.75
2770506,-1001.875,-4344.375,-8.75
2770512,-511.875,-4646.25,581.875
2770512,-511.875,-4646.25,581.875
2770516,8.75,-4921.875,1426.25
2770516,8.75,-4921.875,1426.25
2770522,70.0,-4917.5,2975.0
2770522,70.0,-4917.5,2975.0
2770526,389.375,-4948.125,4016.25
2770526,389.375,-4948.125,4016.25
2770532,1290.625,-5193.125,4598.125
2770532,1290.625,-5193.125,4598.125
2770537,1566.25,-5026.875,5263.125
2770537,1566.25,-5026.875,5263.125
2770542,1995.0,-5140.625,5687.5
2770542,1995.0,-5140.625,5687.5
2770547,2244.375,-5403.125,6286.875
2770547,2244.375,-5403.125,6286.875
2770553,2323.125,-5079.375,6702.5
2770553,2323.125,-5079.375,6702.5
2770558,2340.625,-5175.625,6820.625
2770558,2340.625,-5175.625,6820.625
2770563,2275.0,-5293.75,6899.375
2770563,2275.0,-5293.75,6899.375
2770568,2817.5,-5359.375,6908.125
2770568,2817.5,-5359.375,6908.125
2770573,3793.125,-5446.875,7065.625
2770573,3793.125,-5446.875,7065.625
2770578,4143.125,-5551.875,7153.125
2770578,4143.125,-5551.875,7153.125
2770583,4392.5,-5735.625,7560.0
2770583,4392.5,-5735.625,7560.0
2770589,4497.5,-5700.625,8211.875
2770589,4497.5,-5700.625,8211.875
2770594,4685.625,-5761.875,8671.25
2770594,4685.625,-5761.875,8671.25
2770599,4808.125,-6142.5,9051.875
2770599,4808.125,-6142.5,9051.875
2770604,5223.75,-5845.0,9345.0
2770604,5223.75,-5845.0,9345.0
2770609,5166.875,-3311.875,8824.375
2770609,5166.875,-3311.875,8824.375
2770613,4265.625,1439.375,8890.0
2770613,4265.625,1439.375,8890.0
2770620,3670.625,1106.875,9856.875
2770620,3670.625,1106.875,9856.875
2770625,4440.625,-647.5,9380.0
2770625,4440.625,-647.5,9380.0
2770630,5158.125,-1890.0,10460.625
2770630,5158.125,-1890.0,10460.625
2770636,4711.875,-3303.125,10136.875
2770636,4711.875,-3303.125,10136.875
2770640,3198.125,-4020.625,9030.0
2770640,3198.125,-4020.625,9030.0
2770645,2415.0,-3675.0,8684.375
2770645,2415.0,-3675.0,8684.375
2770651,2366.875,-3031.875,8999.375
2770651,2366.875,-3031.875,8999.375
2770656,2165.625,-2415.0,8242.5
2770656,2165.625,-2415.0,8242.5
2770661,1596.875,-1824.375,6864.375
2770661,1596.875,-1824.375,6864.375
2770666,1058.75,-2305.625,6146.875
2770666,1058.75,-2305.625,6146.875
2770671,1785.0,-3705.625,5731.25
2770671,1785.0,-3705.625,5731.25
2770676,1553.125,-5070.625,6041.875
2770676,1553.125,-5070.625,6041.875
2770681,783.125,-4668.125,4655.0
2770681,783.125,-4668.125,4655.0
2770687,1697.5,-4790.625,3193.75
2770687,1697.5,-4790.625,3193.75
2770692,3211.25,-5149.375,1373.75
2770692,3211.25,-5149.375,1373.75
2770697,3933.125,-5088.125,2135.0
2770697,3933.125,-5088.125,2135.0
2770702,2957.5,-4598.125,1330.0
2770702,2957.5,-4598.125,1330.0
2770708,2607.5,-4676.875,-516.25
2770708,2607.5,-4676.875,-516.25
2770712,3049.375,-4913.125,-446.25
2770712,3049.375,-4913.125,-446.25
2770718,3683.75,-5140.625,0.0
2770718,3683.75,-5140.625,0.0
2770723,4221.875,-5245.625,638.75
2770723,4221.875,-5245.625,638.75
2770727,3766.875,-5040.0,428.75
2770727,3766.875,-5040.0,428.75
2770733,3587.5,-5613.125,-1907.5
2770733,3587.5,-5613.125,-1907.5
2770738,3220.0,-5258.75,-3123.75
2770738,3220.0,-5258.75,-3123.75
2770743,2957.5,-4221.875,-2638.125
2770743,2957.5,-4221.875,-2638.125
2770749,3040.625,-4637.5,-3823.75
2770749,3040.625,-4637.5,-3823.75
2770754,2738.75,-4668.125,-5044.375
2770754,2738.75,-4668.125,-5044.375
2770759,2568.125,-4497.5,-4318.125
2770759,2568.125,-4497.5,-4318.125
2770764,2935.625,-4493.125,-5131.875
2770764,2935.625,-4493.125,-5131.875
2770769,2918.125,-4681.25,-6055.0
2770769,2918.125,-4681.25,-6055.0
2770774,3206.875,-5053.125,-6125.0
2770774,3206.875,-5053.125,-6125.0
2770779,3250.625,-5355.0,-6361.25
2770779,3250.625,-5355.0,-6361.25
2770785,3766.875,-5530.0,-6378.75
2770785,3766.875,-5530.0,-6378.75
2770790,4003.125,-5556.25,-5901.875
2770790,4003.125,-5556.25,-5901.875
2770795,4200.0,-5490.625,-5376.875
2770795,4200.0,-5490.625,-5376.875
2770800,4178.125,-5171.25,-4663.75
2770800,4178.125,-5171.25,-4663.75
2770805,4283.125,-4904.375,-4121.25
2770805,4283.125,-4904.375,-4121.25
2770810,4405.625,-4742.5,-3570.0
2770810,4405.625,-4742.5,-3570.0
2770816,3976.875,-4405.625,-2773.75
2770816,3976.875,-4405.625,-2773.75
2770821,3556.875,-4108.125,-2288.125
2770821,3556.875,-4108.125,-2288.125
2770826,3211.25,-3788.75,-1793.75
2770826,3211.25,-3788.75,-1793.75
2770831,2651.25,-3434.375,-1181.25
2770831,2651.25,-3434.375,-1181.25
2770836,1920.625,-2970.625,-691.25
2770836,1920.625,-2970.625,-691.25
2770841,1841.875,-2769.375,-157.5
2770841,1841.875,-2769.375,-157.5
2770847,1496.25,-2603.125,450.625
2770847,1496.25,-2603.125,450.625
2770852,1566.25,-2318.75,783.125
2770852,1566.25,-2318.75,783.125
2770857,1758.75,-2419.375,1028.125
2770857,1758.75,-2419.375,1028.125
2770862,1697.5,-2209.375,1128.75
2770862,1697.5,-2209.375,1128.75
2770867,2078.125,-2043.125,958.125
2770867,2078.125,-2043.125,958.125
2770873,2603.125,-2038.75,818.125
2770873,2603.125,-2038.75,818.125
2770877,2568.125,-1903.125,428.75
2770877,2568.125,-1903.125,428.75
2770883,2533.125,-1719.375,52.5
2770883,2533.125,-1719.375,52.5
2770888,2327.5,-1697.5,-380.625
2770888,2327.5,-1697.5,-380.625
2770893,1986.25,-1417.5,-923.125
2770893,1986.25,-1417.5,-923.125
2770898,1828.75,-861.875,-2073.75
2770898,1828.75,-861.875,-2073.75
2770903,1557.5,-761.25,-3430.0
2770903,1557.5,-761.25,-3430.0
2770908,1675.625,-695.625,-3325.0
2770908,1675.625,-695.625,-3325.0
2770914,1491.875,-481.25,-3263.75
2770914,1491.875,-481.25,-3263.75
2770919,1513.75,-223.125,-3937.5
2770919,1513.75,-223.125,-3937.5
2770924,1308.125,100.625,-4466.875
2770924,1308.125,100.625,-4466.875
2770930,1452.5,175.0,-4694.375
2770930,1452.5,175.0,-4694.375
2770934,2104.375,586.25,-5083.75
2770934,2104.375,586.25,-5083.75
2770939,2467.5,818.125,-5341.875
2770939,2467.5,818.125,-5341.875
2770945,2607.5,980.0,-5630.625
2770945,2607.5,980.0,-5630.625
2770950,2454.375,1347.5,-5971.875
2770950,2454.375,1347.5,-5971.875
2770955,2590.0,1557.5,-6050.625
2770955,2590.0,1557.5,-6050.625
2770960,2576.875,1719.375,-6168.75
2770960,2576.875,1719.375,-6168.75
2770965,2432.5,1741.25,-6383.125
2770965,2432.5,1741.25,-6383.125
2770970,2244.375,2165.625,-6501.25
2770970,2244.375,2165.625,-6501.25
2770975,2117.5,2231.25,-6313.125
2770975,2117.5,2231.25,-6313.125
2770981,1964.375,2012.5,-6177.5
2770981,1964.375,2012.5,-6177.5
2770986,2100.0,2034.375,-6011.25
2770986,2100.0,2034.375,-6011.25
2770991,1911.875,1986.25,-5836.25
2770991,1911.875,1986.25,-5836.25
2770996,1811.25,2069.375,-5376.875
2770996,1811.25,2069.375,-5376.875
2771001,1876.875,1697.5,-5057.5
2771001,1876.875,1697.5,-5057.5
2771006,2205.0,1439.375,-4681.25
2771006,2205.0,1439.375,-4681.25
2771012,2261.875,1391.25,-4235.0
2771012,2261.875,1391.25,-4235.0
2771017,2397.5,625.625,-3565.625
2771017,2397.5,625.625,-3565.625
2771021,2629.375,113.75,-3132.5
2771021,2629.375,113.75,-3132.5
2771028,2878.75,227.5,-3018.75
2771028,2878.75,227.5,-3018.75
2771032,3141.25,231.875,-2804.375
2771032,3141.25,231.875,-2804.375
2771037,3255.0,411.25,-2323.125
2771037,3255.0,411.25,-2323.125
2771043,3093.125,538.125,-2008.125
2771043,3093.125,538.125,-2008.125
2771048,2550.625,691.25,-1675.625
2771048,2550.625,691.25,-1675.625
2771053,1951.25,730.625,-1386.875
2771053,1951.25,730.625,-1386.875
2771058,1334.375,813.75,-1141.875
2771058,1334.375,813.75,-1141.875
2771063,568.75,813.75,-770.0
2771063,568.75,813.75,-770.0
2771068,-39.375,940.625,-717.5
2771068,-39.375,940.625,-717.5
2771073,-555.625,945.0,-835.625
2771073,-555.625,945.0,-835.625
2771078,-770.0,765.625,-940.625
2771078,-770.0,765.625,-940.625
2771084,-1080.625,774.375,-1443.75
2771084,-1080.625,774.375,-1443.75
2771089,-1299.375,870.625,-1898.75
2771089,-1299.375,870.625,-1898.75
2771094,-1286.25,1032.5,-2056.25
2771094,-1286.25,1032.5,-2056.25
2771099,-1290.625,905.625,-1986.25
2771099,-1290.625,905.625,-1986.25
2771104,-1163.75,787.5,-1745.625
2771104,-1163.75,787.5,-1745.625
2771110,-866.25,905.625,-1723.75
2771110,-866.25,905.625,-1723.75
2771115,-363.125,1198.75,-1561.875
2771115,-363.125,1198.75,-1561.875
2771120,-179.375,1146.25,-1666.875
2771120,-179.375,1146.25,-1666.875
2771125,-433.125,1120.0,-1640.625
2771125,-433.125,1120.0,-1640.625
2771130,-634.375,1050.0,-1391.25
2771130,-634.375,1050.0,-1391.25
2771135,-1058.75,870.625,-1303.75
2771135,-1058.75,870.625,-1303.75
2771141,-1373.75,778.75,-1190.0
2771141,-1373.75,778.75,-1190.0
2771146,-1697.5,809.375,-1093.75
2771146,-1697.5,809.375,-1093.75
2771151,-2161.25,735.0,-1120.0
2771151,-2161.25,735.0,-1120.0
2771157,-2323.125,590.625,-1211.875
2771157,-2323.125,590.625,-1211.875
2771161,-2410.625,511.875,-1356.25
2771161,-2410.625,511.875,-1356.25
2771166,-2463.125,385.0,-1413.125
2771166,-2463.125,385.0,-1413.125
2771172,-2870.0,258.125,-1509.375
2771172,-2870.0,258.125,-1509.375
2771177,-3141.25,161.875,-1680.0
2771177,-3141.25,161.875,-1680.0
2771182,-3430.0,140.0,-1736.875
2771182,-3430.0,140.0,-1736.875
2771187,-3373.125,118.125,-1526.875
2771187,-3373.125,118.125,-1526.875
2771192,-3578.75,61.25,-1036.875
2771192,-3578.75,61.25,-1036.875
2771197,-3657.5,-87.5,-673.75
2771197,-3657.5,-87.5,-673.75
2771202,-3390.625,-253.75,-96.25
2771202,-3390.625,-253.75,-96.25
2771208,-3206.875,-210.0,538.125
2771208,-3206.875,-210.0,538.125
2771213,-3141.25,-280.0,1001.875
2771213,-3141.25,-280.0,1001.875
2771218,-2629.375,-245.0,1303.75
2771218,-2629.375,-245.0,1303.75
2771223,-2170.0,-175.0,1277.5
2771223,-2170.0,-175.0,1277.5
2771228,-1592.5,-61.25,1281.875
2771228,-1592.5,-61.25,1281.875
2771233,-1085.0,-48.125,953.75
2771233,-1085.0,-48.125,953.75
2771237,-796.25,-196.875,603.75
2771237,-796.25,-196.875,603.75
2771244,-476.875,70.0,441.875
2771244,-476.875,70.0,441.875
2771248,-336.875,-65.625,100.625
2771248,-336.875,-65.625,100.625
2771254,-323.75,-148.75,-21.875
2771254,-323.75,-148.75,-21.875
2771259,-218.75,-166.25,-109.375
2771259,-218.75,-166.25,-109.375
2771264,-306.25,-358.75,-113.75
2771264,-306.25,-358.75,-113.75
2771270,-354.375,-288.75,-26.25
2771270,-354.375,-288.75,-26.25
2771275,-555.625,-328.125,-35.0
2771275,-555.625,-328.125,-35.0
2771280,-608.125,-376.25,-109.375
2771280,-608.125,-376.25,-109.375
2771285,-888.125,-450.625,-83.125
2771285,-888.125,-450.625,-83.125
2771290,-1010.625,-529.375,-4.375
2771290,-1010.625,-529.375,-4.375
2771295,-1229.375,-660.625,-78.75
2771295,-1229.375,-660.625,-78.75
2771300,-1286.25,-529.375,-8.75
2771300,-1286.25,-529.375,-8.75
2771306,-1391.25,-669.375,148.75
2771306,-1391.25,-669.375,148.75
2771311,-1513.75,-813.75,105.0
2771311,-1513.75,-813.75,105.0
2771316,-1382.5,-721.875,109.375
2771316,-1382.5,-721.875,109.375
2771321,-1207.5,-713.125,205.625
2771321,-1207.5,-713.125,205.625
2771327,-1330.0,-682.5,192.5
2771327,-1330.0,-682.5,192.5
2771331,-1255.625,-678.125,459.375
2771331,-1255.625,-678.125,459.375
2771337,-1115.625,-700.0,595.0
2771337,-1115.625,-700.0,595.0
2771342,-945.0,-695.625,529.375
2771342,-945.0,-695.625,529.375
2771347,-809.375,-743.75,756.875
2771347,-809.375,-743.75,756.875
2771353,-853.125,-551.25,1115.625
2771353,-853.125,-551.25,1115.625
2771357,-918.75,-612.5,1163.75
2771357,-918.75,-612.5,1163.75
2771362,-914.375,-603.75,1229.375
2771362,-914.375,-603.75,1229.375
2771368,-936.25,-560.0,1277.5
2771368,-936.25,-560.0,1277.5
2771373,-940.625,-573.125,1085.0
2771373,-940.625,-573.125,1085.0
2771378,-608.125,-577.5,1102.5
2771378,-608.125,-577.5,1102.5
2771383,-323.75,-511.875,1054.375
2771383,-323.75,-511.875,1054.375
2771388,-105.0,-608.125,1373.75
2771388,-105.0,-608.125,1373.75
2771394,-341.25,-651.875,1671.25
2771394,-341.25,-651.875,1671.25
2771399,-647.5,-840.0,1833.125
2771399,-647.5,-840.0,1833.125
2771404,-686.875,-914.375,1811.25
2771404,-686.875,-914.375,1811.25
2771409,-26.25,-822.5,1903.125
2771409,-26.25,-822.5,1903.125
2771414,201.25,-739.375,1780.625
2771414,201.25,-739.375,1780.625
2771419,188.125,-599.375,1496.25
2771419,188.125,-599.375,1496.25
2771424,301.875,-516.25,1321.25
2771424,301.875,-516.25,1321.25
2771429,525.0,-520.625,1220.625
2771429,525.0,-520.625,1220.625
2771435,529.375,-485.625,1242.5
2771435,529.375,-485.625,1242.5
2771440,437.5,-288.75,1124.375
2771440,437.5,-288.75,1124.375
2771445,-13.125,-275.625,1001.875
2771445,-13.125,-275.625,1001.875
2771450,-669.375,-389.375,1286.25
2771450,-669.375,-389.375,1286.25
2771455,-1032.5,-258.125,1277.5
2771455,-1032.5,-258.125,1277.5
2771460,-1439.375,-227.5,1303.75
2771460,-1439.375,-227.5,1303.75
2771466,-1540.0,-476.875,1596.875
2771466,-1540.0,-476.875,1596.875
2771471,-1811.25,-455.0,1973.125
2771471,-1811.25,-455.0,1973.125
2771476,-2047.5,-481.25,2380.0
2771476,-2047.5,-481.25,2380.0
2771481,-2078.125,-511.875,2629.375
2771481,-2078.125,-511.875,2629.375
2771486,-1968.75,-555.625,2769.375
2771486,-1968.75,-555.625,2769.375
2771492,-2205.0,-603.75,2747.5
2771492,-2205.0,-603.75,2747.5
2771497,-2100.0,-455.0,2734.375
2771497,-2100.0,-455.0,2734.375
2771502,-2043.125,-363.125,2677.5
2771502,-2043.125,-363.125,2677.5
2771507,-1872.5,-245.0,2651.25
2771507,-1872.5,-245.0,2651.25
2771512,-1846.25,-105.0,2817.5
2771512,-1846.25,-105.0,2817.5
2771517,-1828.75,-131.25,2874.375
2771517,-1828.75,-131.25,2874.375
2771522,-1938.125,-78.75,2651.25
2771522,-1938.125,-78.75,2651.25
2771528,-1955.625,-74.375,2821.875
2771528,-1955.625,-74.375,2821.875
2771533,-1868.125,-43.75,2616.25
2771533,-1868.125,-43.75,2616.25
2771538,-1741.25,-83.125,2821.875
2771538,-1741.25,-83.125,2821.875
2771543,-1614.375,-166.25,3136.875
2771543,-1614.375,-166.25,3136.875
2771549,-1496.25,-210.0,3084.375
2771549,-1496.25,-210.0,3084.375
2771553,-1417.5,-376.25,3115.0
2771553,-1417.5,-376.25,3115.0
2771558,-1478.75,-358.75,3364.375
2771558,-1478.75,-358.75,3364.375
2771564,-1474.375,-118.125,3473.75
2771564,-1474.375,-118.125,3473.75
2771569,-1675.625,-332.5,3456.25
2771569,-1675.625,-332.5,3456.25
2771574,-1763.125,-533.75,3583.125
2771574,-1763.125,-533.75,3583.125
2771579,-1925.0,-599.375,3640.0
2771579,-1925.0,-599.375,3640.0
2771584,-1907.5,-529.375,3561.25
2771584,-1907.5,-529.375,3561.25
2771590,-1951.25,-538.125,3793.125
2771590,-1951.25,-538.125,3793.125
2771595,-2117.5,-590.625,3871.875
2771595,-2117.5,-590.625,3871.875
2771600,-2432.5,-542.5,3871.875
2771600,-2432.5,-542.5,3871.875
2771605,-2528.75,-490.0,3832.5
2771605,-2528.75,-490.0,3832.5
2771610,-2393.125,-529.375,3845.625
2771610,-2393.125,-529.375,3845.625
2771615,-2222.5,-603.75,3797.5
2771615,-2222.5,-603.75,3797.5
2771621,-1885.625,-581.875,3775.625
2771621,-1885.625,-581.875,3775.625
2771626,-1876.875,-555.625,3666.25
2771626,-1876.875,-555.625,3666.25
2771631,-1863.75,-437.5,3626.875
2771631,-1863.75,-437.5,3626.875
2771636,-1771.875,-468.125,3605.0
2771636,-1771.875,-468.125,3605.0
2771641,-1623.125,-437.5,3688.125
2771641,-1623.125,-437.5,3688.125
2771647,-1540.0,-529.375,3443.125
2771647,-1540.0,-529.375,3443.125
2771651,-1640.625,-398.125,3386.25
2771651,-1640.625,-398.125,3386.25
2771656,-1448.125,-310.625,3224.375
2771656,-1448.125,-310.625,3224.375
2771662,-1308.125,-323.75,3329.375
2771662,-1308.125,-323.75,3329.375
2771667,-1356.25,-411.25,3346.875
2771667,-1356.25,-411.25,3346.875
2771672,-1535.625,-297.5,3521.875
2771672,-1535.625,-297.5,3521.875
2771677,-1526.875,-293.125,3591.875
2771677,-1526.875,-293.125,3591.875
2771682,-1715.0,-236.25,3535.0
2771682,-1715.0,-236.25,3535.0
2771688,-1496.25,-144.375,3521.875
2771688,-1496.25,-144.375,3521.875
2771693,-1321.25,-118.125,3539.375
2771693,-1321.25,-118.125,3539.375
2771698,-1360.625,-218.75,3535.0
2771698,-1360.625,-218.75,3535.0
2771703,-1378.125,-140.0,3517.5
2771703,-1378.125,-140.0,3517.5
2771708,-1338.75,-96.25,3390.625
2771708,-1338.75,-96.25,3390.625
2771713,-1238.125,-17.5,3250.625
2771713,-1238.125,-17.5,3250.625
2771719,-1356.25,-48.125,3106.25
2771719,-1356.25,-48.125,3106.25
2771724,-1076.25,-56.875,2983.75
2771724,-1076.25,-56.875,2983.75
2771728,-822.5,-65.625,2975.0
2771728,-822.5,-65.625,2975.0
2771734,-896.875,-52.5,2922.5
2771734,-896.875,-52.5,2922.5
2771739,-1010.625,-43.75,2883.125
2771739,-1010.625,-43.75,2883.125
2771745,-1050.0,74.375,2983.75
2771745,-1050.0,74.375,2983.75
2771749,-1155.0,218.75,3071.25
2771749,-1155.0,218.75,3071.25
2771754,-1106.875,284.375,3005.625
2771754,-1106.875,284.375,3005.625
2771760,-892.5,341.25,2979.375
2771760,-892.5,341.25,2979.375
2771765,-940.625,398.125,2931.25
2771765,-940.625,398.125,2931.25
2771770,-848.75,424.375,2913.75
2771770,-848.75,424.375,2913.75
2771775,-695.625,345.625,2992.5
2771775,-695.625,345.625,2992.5
2771780,-573.125,446.25,2773.75
2771780,-573.125,446.25,2773.75
2771786,-555.625,428.75,2642.5
2771786,-555.625,428.75,2642.5
2771791,-188.125,183.75,2607.5
2771791,-188.125,183.75,2607.5
2771796,-96.25,319.375,2537.5
2771796,-96.25,319.375,2537.5
2771801,-293.125,74.375,2498.125
2771801,-293.125,74.375,2498.125
2771806,-144.375,153.125,2436.875
2771806,-144.375,153.125,2436.875
2771811,-271.25,-48.125,2555.0
2771811,-271.25,-48.125,2555.0
2771817,-411.25,-135.625,2686.25
2771817,-411.25,-135.625,2686.25
2771822,-258.125,-74.375,2826.25
2771822,-258.125,-74.375,2826.25
2771827,-153.125,-17.5,2760.625
2771827,-153.125,-17.5,2760.625
2771832,-96.25,-35.0,2594.375
2771832,-96.25,-35.0,2594.375
2771837,131.25,-70.0,2638.125
2771837,131.25,-70.0,2638.125
2771843,358.75,56.875,2625.0
2771843,358.75,56.875,2625.0
2771847,507.5,-135.625,2668.75
2771847,507.5,-135.625,2668.75
2771852,616.875,-30.625,2690.625
2771852,616.875,-30.625,2690.625
2771858,275.625,-297.5,2891.875
2771858,275.625,-297.5,2891.875
2771863,223.125,-218.75,3036.25
2771863,223.125,-218.75,3036.25
2771868,301.875,-376.25,2765.0
2771868,301.875,-376.25,2765.0
2771873,188.125,-218.75,2463.125
2771873,188.125,-218.75,2463.125
2771878,87.5,30.625,2261.875
2771878,87.5,30.625,2261.875
2771883,87.5,96.25,1925.0
2771883,87.5,96.25,1925.0
2771889,-153.125,-26.25,1728.125
2771889,-153.125,-26.25,1728.125
2771894,-700.0,-118.125,1846.25
2771894,-700.0,-118.125,1846.25
2771900,-739.375,-205.625,2095.625
2771900,-739.375,-205.625,2095.625
2771904,-481.25,-367.5,2393.125
2771904,-481.25,-367.5,2393.125
2771909,-126.875,-280.0,2760.625
2771909,-126.875,-280.0,2760.625
2771915,-8.75,-153.125,2751.875
2771915,-8.75,-153.125,2751.875
2771919,74.375,105.0,2638.125
2771919,74.375,105.0,2638.125
2771925,-26.25,223.125,2607.5
2771925,-26.25,223.125,2607.5
2771930,-201.25,144.375,2480.625
2771930,-201.25,144.375,2480.625
2771934,-319.375,271.25,2200.625
2771934,-319.375,271.25,2200.625
2771941,-389.375,236.25,2187.5
2771941,-389.375,236.25,2187.5
2771945,-608.125,214.375,2283.75
2771945,-608.125,214.375,2283.75
2771951,-748.125,118.125,2323.125
2771951,-748.125,118.125,2323.125
2771956,-1386.875,275.625,2082.5
2771956,-1386.875,275.625,2082.5
2771961,-2541.875,1373.75,2594.375
2771961,-2541.875,1373.75,2594.375
2771966,-1868.125,1513.75,2931.25
2771966,-1868.125,1513.75,2931.25
2771971,-721.875,525.0,2288.125
2771971,-721.875,525.0,2288.125
2771976,-1242.5,573.125,2130.625
2771976,-1242.5,573.125,2130.625
2771981,-1951.25,520.625,1575.0
2771981,-1951.25,520.625,1575.0
2771987,-1938.125,65.625,1085.0
2771987,-1938.125,65.625,1085.0
2771992,-2161.25,-140.0,1220.625
2771992,-2161.25,-140.0,1220.625
2771998,-2480.625,-126.875,1776.25
2771998,-2480.625,-126.875,1776.25
2772002,-2878.75,-109.375,2139.375
2772002,-2878.75,-109.375,2139.375
2772007,-3010.0,148.75,2642.5
2772007,-3010.0,148.75,2642.5
2772012,-2581.25,188.125,3031.875
2772012,-2581.25,188.125,3031.875
2772018,-2314.375,428.75,3351.25
2772018,-2314.375,428.75,3351.25
2772023,-1631.875,651.875,3635.625
2772023,-1631.875,651.875,3635.625
2772028,-1203.125,595.0,3535.0
2772028,-1203.125,595.0,3535.0
2772033,-892.5,603.75,3596.25
2772033,-892.5,603.75,3596.25
2772038,-726.25,586.25,3403.75
2772038,-726.25,586.25,3403.75
2772043,-227.5,293.125,2931.25
2772043,-227.5,293.125,2931.25
2772049,-253.75,131.25,2668.75
2772049,-253.75,131.25,2668.75
2772054,-678.125,91.875,2296.875
2772054,-678.125,91.875,2296.875
2772059,-704.375,-91.875,1885.625
2772059,-704.375,-91.875,1885.625
2772064,-800.625,-183.75,1474.375
2772064,-800.625,-183.75,1474.375
2772069,-774.375,-245.0,1050.0
2772069,-774.375,-245.0,1050.0
2772073,-809.375,-301.875,831.25
2772073,-809.375,-301.875,831.25
2772080,-866.25,-328.125,818.125
2772080,-866.25,-328.125,818.125
2772085,-879.375,-468.125,726.25
2772085,-879.375,-468.125,726.25
2772090,-1255.625,-415.625,713.125
2772090,-1255.625,-415.625,713.125
2772095,-1483.125,-525.0,809.375
2772095,-1483.125,-525.0,809.375
2772100,-1544.375,-358.75,1023.75
2772100,-1544.375,-358.75,1023.75
2772105,-1745.625,-310.625,980.0
2772105,-1745.625,-310.625,980.0
2772111,-1592.5,-376.25,1032.5
2772111,-1592.5,-376.25,1032.5
2772116,-1776.25,-363.125,1076.25
2772116,-1776.25,-363.125,1076.25
2772121,-1881.25,-446.25,1115.625
2772121,-1881.25,-446.25,1115.625
2772126,-1824.375,-450.625,1150.625
2772126,-1824.375,-450.625,1150.625
2772131,-1964.375,-455.0,1141.875
2772131,-1964.375,-455.0,1141.875
2772137,-1474.375,-328.125,1308.125
2772137,-1474.375,-328.125,1308.125
2772141,-1185.625,-354.375,1338.75
2772141,-1185.625,-354.375,1338.75
2772147,-892.5,-363.125,1426.25
2772147,-892.5,-363.125,1426.25
2772152,-752.5,-345.625,1452.5
2772152,-752.5,-345.625,1452.5
2772157,-498.75,-354.375,1474.375
2772157,-498.75,-354.375,1474.375
2772162,-144.375,-538.125,1526.875
2772162,-144.375,-538.125,1526.875
2772167,126.875,-376.25,1413.125
2772167,126.875,-376.25,1413.125
2772172,503.125,-385.0,1308.125
2772172,503.125,-385.0,1308.125
2772178,686.875,-323.75,1207.5
2772178,686.875,-323.75,1207.5
2772182,1001.875,-455.0,914.375
2772182,1001.875,-455.0,914.375
2772188,1194.375,-498.75,796.25
2772188,1194.375,-498.75,796.25
2772194,1063.125,-546.875,743.75
2772194,1063.125,-546.875,743.75
2772198,1106.875,-590.625,437.5
2772198,1106.875,-590.625,437.5
2772203,1220.625,-498.75,511.875
2772203,1220.625,-498.75,511.875
2772209,1483.125,-441.875,297.5
2772209,1483.125,-441.875,297.5
2772214,1658.125,-306.25,-161.875
2772214,1658.125,-306.25,-161.875
2772219,1793.75,-231.875,-682.5
2772219,1793.75,-231.875,-682.5
2772224,1767.5,-240.625,-1343.125
2772224,1767.5,-240.625,-1343.125
2772229,1964.375,-319.375,-1872.5
2772229,1964.375,-319.375,-1872.5
2772233,1964.375,-192.5,-2104.375
2772233,1964.375,-192.5,-2104.375
2772240,1636.25,-218.75,-2266.25
2772240,1636.25,-218.75,-2266.25
2772245,1426.25,-315.0,-2305.625
2772245,1426.25,-315.0,-2305.625
2772250,1413.125,-245.0,-2266.25
2772250,1413.125,-245.0,-2266.25
2772255,1207.5,-100.625,-2161.25
2772255,1207.5,-100.625,-2161.25
2772260,883.75,-105.0,-1942.5
2772260,883.75,-105.0,-1942.5
2772265,529.375,21.875,-1710.625
2772265,529.375,21.875,-1710.625
2772270,398.125,13.125,-1404.375
2772270,398.125,13.125,-1404.375
2772276,476.875,140.0,-1194.375
2772276,476.875,140.0,-1194.375
2772281,634.375,249.375,-1076.25
2772281,634.375,249.375,-1076.25
2772286,616.875,245.0,-774.375
2772286,616.875,245.0,-774.375
2772292,831.25,157.5,-831.25
2772292,831.25,157.5,-831.25
2772296,1023.75,65.625,-896.875
2772296,1023.75,65.625,-896.875
2772301,1041.25,52.5,-1067.5
2772301,1041.25,52.5,-1067.5
2772307,875.0,153.125,-1229.375
2772307,875.0,153.125,-1229.375
2772312,721.875,144.375,-1496.25
2772312,721.875,144.375,-1496.25
2772317,695.625,-52.5,-1553.125
2772317,695.625,-52.5,-1553.125
2772322,787.5,-43.75,-1649.375
2772322,787.5,-43.75,-1649.375
2772327,700.0,-113.75,-1636.25
2772327,700.0,-113.75,-1636.25
2772333,910.0,-297.5,-1640.625
2772333,910.0,-297.5,-1640.625
2772337,931.875,-354.375,-1351.875
2772337,931.875,-354.375,-1351.875
2772343,962.5,-376.25,-1203.125
2772343,962.5,-376.25,-1203.125
2772348,888.125,-516.25,-1242.5
2772348,888.125,-516.25,-1242.5
2772353,1028.125,-542.5,-1111.25
2772353,1028.125,-542.5,-1111.25
2772358,1080.625,-468.125,-1023.75
2772358,1080.625,-468.125,-1023.75
2772363,953.75,-525.0,-1032.5
2772363,953.75,-525.0,-1032.5
2772368,805.0,-428.75,-835.625
2772368,805.0,-428.75,-835.625
2772374,857.5,-455.0,-875.0
2772374,857.5,-455.0,-875.0
2772379,927.5,-336.875,-997.5
2772379,927.5,-336.875,-997.5
2772384,581.875,-402.5,-835.625
2772384,581.875,-402.5,-835.625
2772389,660.625,-463.75,-958.125
2772389,660.625,-463.75,-958.125
2772394,564.375,-398.125,-1006.25
2772394,564.375,-398.125,-1006.25
2772399,538.125,-332.5,-1041.25
2772399,538.125,-332.5,-1041.25
2772405,476.875,-266.875,-1063.125
2772405,476.875,-266.875,-1063.125
2772409,577.5,-218.75,-1071.875
2772409,577.5,-218.75,-1071.875
2772415,673.75,-332.5,-1032.5
2772415,673.75,-332.5,-1032.5
2772420,603.75,-293.125,-975.625
2772420,603.75,-293.125,-975.625
2772425,616.875,-170.625,-1120.0
2772425,616.875,-170.625,-1120.0
2772430,796.25,-113.75,-1295.0
2772430,796.25,-113.75,-1295.0
2772435,778.75,-131.25,-1443.75
2772435,778.75,-131.25,-1443.75
2772441,940.625,-105.0,-1588.125
2772441,940.625,-105.0,-1588.125
2772446,1041.25,-205.625,-1824.375
2772446,1041.25,-205.625,-1824.375
2772451,1382.5,-271.25,-1925.0
2772451,1382.5,-271.25,-1925.0
2772456,1443.75,-367.5,-2231.25
2772456,1443.75,-367.5,-2231.25
2772461,1176.875,-437.5,-2296.875
2772461,1176.875,-437.5,-2296.875
2772466,1408.75,-402.5,-2511.25
2772466,1408.75,-402.5,-2511.25
2772471,1373.75,-415.625,-2695.0
2772471,1373.75,-415.625,-2695.0
2772476,1058.75,-376.25,-2813.125
2772476,1058.75,-376.25,-2813.125
2772482,949.375,-310.625,-2716.875
2772482,949.375,-310.625,-2716.875
2772487,800.625,-236.25,-2725.625
2772487,800.625,-236.25,-2725.625
2772492,599.375,35.0,-2690.625
2772492,599.375,35.0,-2690.625
2772497,293.125,83.125,-2651.25
2772497,293.125,83.125,-2651.25
2772503,284.375,83.125,-2629.375
2772503,284.375,83.125,-2629.375
2772508,210.0,56.875,-2633.75
2772508,210.0,56.875,-2633.75
2772513,161.875,118.125,-2401.875
2772513,161.875,118.125,-2401.875
2772518,201.25,91.875,-2253.125
2772518,201.25,91.875,-2253.125
2772523,196.875,39.375,-2401.875
2772523,196.875,39.375,-2401.875
2772528,271.25,-17.5,-2660.0
2772528,271.25,-17.5,-2660.0
2772534,223.125,-91.875,-2817.5
2772534,223.125,-91.875,-2817.5
2772539,468.125,-227.5,-3027.5
2772539,468.125,-227.5,-3027.5
2772544,214.375,-319.375,-3141.25
2772544,214.375,-319.375,-3141.25
2772549,170.625,-424.375,-3473.75
2772549,170.625,-424.375,-3473.75
2772554,43.75,-288.75,-3797.5
2772554,43.75,-288.75,-3797.5
2772559,113.75,-485.625,-4099.375
2772559,113.75,-485.625,-4099.375
2772564,135.625,-476.875,-4147.5
2772564,135.625,-476.875,-4147.5
2772570,-284.375,-555.625,-4200.0
2772570,-284.375,-555.625,-4200.0
2772575,-433.125,-568.75,-4103.75
2772575,-433.125,-568.75,-4103.75
2772580,-148.75,-354.375,-3841.25
2772580,-148.75,-354.375,-3841.25
2772585,-258.125,-332.5,-3473.75
2772585,-258.125,-332.5,-3473.75
2772590,140.0,-332.5,-3040.625
2772590,140.0,-332.5,-3040.625
2772595,100.625,-280.0,-2572.5
2772595,100.625,-280.0,-2572.5
2772601,433.125,-319.375,-2436.875
2772601,433.125,-319.375,-2436.875
2772606,835.625,-319.375,-2633.75
2772606,835.625,-319.375,-2633.75
2772611,1242.5,-323.75,-2826.25
2772611,1242.5,-323.75,-2826.25
2772616,1706.25,-328.125,-3325.0
2772616,1706.25,-328.125,-3325.0
2772621,1894.375,-564.375,-3815.0
2772621,1894.375,-564.375,-3815.0
2772626,1723.75,-761.25,-4182.5
2772626,1723.75,-761.25,-4182.5
2772632,1430.625,-918.75,-4650.625
2772632,1430.625,-918.75,-4650.625
2772637,1268.75,-931.875,-4900.0
2772637,1268.75,-931.875,-4900.0
2772642,1356.25,-1080.625,-5289.375
2772642,1356.25,-1080.625,-5289.375
2772647,1395.625,-1102.5,-5385.625
2772647,1395.625,-1102.5,-5385.625
2772652,1295.0,-875.0,-5337.5
2772652,1295.0,-875.0,-5337.5
2772657,1106.875,-638.75,-5363.75
2772657,1106.875,-638.75,-5363.75
2772662,914.375,-577.5,-5468.75
2772662,914.375,-577.5,-5468.75
2772668,861.875,-603.75,-5499.375
2772668,861.875,-603.75,-5499.375
2772673,1111.25,-743.75,-5499.375
2772673,1111.25,-743.75,-5499.375
