2751408,341.25,2108.75,-1421.875
2751408,341.25,2108.75,-1421.875
2751413,-91.875,1579.375,-420.0
2751413,-91.875,1579.375,-420.0
2751417,-525.0,1080.625,507.5
2751417,-525.0,1080.625,507.5
2751423,-1155.0,603.75,183.75
2751423,-1155.0,603.75,183.75
2751428,-2528.75,201.25,695.625
2751428,-2528.75,201.25,695.625
2751434,-3176.25,485.625,765.625
2751434,-3176.25,485.625,765.625
2751439,-2782.5,-367.5,1955.625
2751439,-2782.5,-367.5,1955.625
2751444,-2275.0,1360.625,1185.625
2751444,-2275.0,1360.625,1185.625
2751449,-1776.25,2008.125,450.625
2751449,-1776.25,2008.125,450.625
2751454,-1986.25,1964.375,411.25
2751454,-1986.25,1964.375,411.25
2751459,-1754.375,1102.5,-153.125
2751459,-1754.375,1102.5,-153.125
2751465,-1824.375,1465.625,-494.375
2751465,-1824.375,1465.625,-494.375
2751470,-2314.375,2485.0,-1754.375
2751470,-2314.375,2485.0,-1754.375
2751476,-1544.375,3675.0,-2843.75
2751476,-1544.375,3675.0,-2843.75
2751480,-581.875,2625.0,-2502.5
2751480,-581.875,2625.0,-2502.5
2751485,-166.25,2331.875,-3640.0
2751485,-166.25,2331.875,-3640.0
2751490,-1553.125,2498.125,-4466.875
2751490,-1553.125,2498.125,-4466.875
2751495,-2423.75,2677.5,-2546.25
2751495,-2423.75,2677.5,-2546.25
2751501,-673.75,2292.5,-5460.0
2751501,-673.75,2292.5,-5460.0
2751506,-105.0,1413.125,-6588.75
2751506,-105.0,1413.125,-6588.75
2751511,-1351.875,3386.25,-11265.625
2751511,-1351.875,3386.25,-11265.625
2751517,-5468.75,4891.25,-16380.0
2751517,-5468.75,4891.25,-16380.0
2751521,-9130.625,3535.0,-15045.625
2751521,-9130.625,3535.0,-15045.625
2751526,-8255.625,3828.125,-12118.75
2751526,-8255.625,3828.125,-12118.75
2751531,-8841.875,3508.75,-11405.625
2751531,-8841.875,3508.75,-11405.625
2751537,-11156.25,3101.875,-11086.25
2751537,-11156.25,3101.875,-11086.25
2751542,-11410.0,2712.5,-11388.125
2751542,-11410.0,2712.5,-11388.125
2751547,-9673.125,1824.375,-9699.375
2751547,-9673.125,1824.375,-9699.375
2751552,-11510.625,-468.125,-1728.125
2751552,-11510.625,-468.125,-1728.125
2751557,-11803.75,249.375,2681.875
2751557,-11803.75,249.375,2681.875
2751563,-11856.25,1841.875,-936.25
2751563,-11856.25,1841.875,-936.25
2751568,-12241.25,402.5,2590.0
2751568,-12241.25,402.5,2590.0
2751573,-7612.5,-341.25,4291.875
2751573,-7612.5,-341.25,4291.875
2751578,-6562.5,551.25,4121.25
2751578,-6562.5,551.25,4121.25
2751583,-7625.625,-183.75,4655.0
2751583,-7625.625,-183.75,4655.0
2751588,-6916.875,-774.375,3329.375
2751588,-6916.875,-774.375,3329.375
2751594,-5915.0,-643.125,2616.25
2751594,-5915.0,-643.125,2616.25
2751599,-4497.5,-560.0,2270.625
2751599,-4497.5,-560.0,2270.625
2751604,-3438.75,-385.0,1242.5
2751604,-3438.75,-385.0,1242.5
2751609,-3062.5,-35.0,-83.125
2751609,-3062.5,-35.0,-83.125
2751614,-2292.5,306.25,-1045.625
2751614,-2292.5,306.25,-1045.625
2751619,-1058.75,700.0,-1710.625
2751619,-1058.75,700.0,-1710.625
2751624,-1207.5,516.25,-573.125
2751624,-1207.5,516.25,-573.125
2751630,-2607.5,1098.125,735.0
2751630,-2607.5,1098.125,735.0
2751635,-2611.875,1260.0,1330.0
2751635,-2611.875,1260.0,1330.0
2751640,-2030.0,1321.25,1736.875
2751640,-2030.0,1321.25,1736.875
2751644,-2121.875,1260.0,2331.875
2751644,-2121.875,1260.0,2331.875
2751649,-1938.125,1198.75,2738.75
2751649,-1938.125,1198.75,2738.75
2751656,-1605.625,853.125,2896.25
2751656,-1605.625,853.125,2896.25
2751661,-1063.125,730.625,2835.0
2751661,-1063.125,730.625,2835.0
2751666,-411.25,831.25,2699.375
2751666,-411.25,831.25,2699.375
2751671,354.375,726.25,2550.625
2751671,354.375,726.25,2550.625
2751676,1181.25,931.875,2336.25
2751676,1181.25,931.875,2336.25
2751681,1846.25,1137.5,2047.5
2751681,1846.25,1137.5,2047.5
2751687,2253.125,1146.25,1955.625
2751687,2253.125,1146.25,1955.625
2751692,2620.625,1133.125,2095.625
2751692,2620.625,1133.125,2095.625
2751697,3023.125,1277.5,2121.875
2751697,3023.125,1277.5,2121.875
2751702,3189.375,1295.0,2296.875
2751702,3189.375,1295.0,2296.875
2751707,3320.625,1194.375,2765.0
2751707,3320.625,1194.375,2765.0
2751711,3395.0,966.875,3255.0
2751711,3395.0,966.875,3255.0
2751717,3526.25,791.875,3451.875
2751717,3526.25,791.875,3451.875
2751722,3976.875,586.25,3749.375
2751722,3976.875,586.25,3749.375
2751728,4703.125,411.25,3963.75
2751728,4703.125,411.25,3963.75
2751733,5162.5,555.625,4055.625
2751733,5162.5,555.625,4055.625
2751738,5355.0,590.625,4007.5
2751738,5355.0,590.625,4007.5
2751743,5748.75,971.25,4029.375
2751743,5748.75,971.25,4029.375
2751748,5705.0,1299.375,3648.75
2751748,5705.0,1299.375,3648.75
2751753,5201.875,1763.125,3246.25
2751753,5201.875,1763.125,3246.25
2751759,5385.625,2384.375,2699.375
2751759,5385.625,2384.375,2699.375
2751763,4795.0,2988.125,3443.125
2751763,4795.0,2988.125,3443.125
2751770,3710.0,3425.625,3736.25
2751770,3710.0,3425.625,3736.25
2751774,4011.875,3591.875,2520.0
2751774,4011.875,3591.875,2520.0
2751779,4453.75,3753.75,3023.125
2751779,4453.75,3753.75,3023.125
2751785,4738.125,3626.875,3250.625
2751785,4738.125,3626.875,3250.625
2751790,4720.625,3692.5,2358.125
2751790,4720.625,3692.5,2358.125
2751795,5018.125,3871.875,2493.75
2751795,5018.125,3871.875,2493.75
2751800,5814.375,3915.625,3355.625
2751800,5814.375,3915.625,3355.625
2751805,6680.625,3863.125,2327.5
2751805,6680.625,3863.125,2327.5
2751810,7000.0,4274.375,1163.75
2751810,7000.0,4274.375,1163.75
2751815,6741.875,4703.125,1474.375
2751815,6741.875,4703.125,1474.375
2751821,6343.75,4558.75,1054.375
2751821,6343.75,4558.75,1054.375
2751826,5346.25,4318.125,218.75
2751826,5346.25,4318.125,218.75
2751831,4996.25,4226.25,844.375
2751831,4996.25,4226.25,844.375
2751836,4318.125,3101.875,70.0
2751836,4318.125,3101.875,70.0
2751841,3027.5,2113.125,-603.75
2751841,3027.5,2113.125,-603.75
2751846,2856.875,1763.125,-1058.75
2751846,2856.875,1763.125,-1058.75
2751851,4073.125,1176.875,-1491.875
2751851,4073.125,1176.875,-1491.875
2751857,5346.25,83.125,-1448.125
2751857,5346.25,83.125,-1448.125
2751862,6076.875,-1207.5,-945.0
2751862,6076.875,-1207.5,-945.0
2751867,5280.625,-1190.0,-791.875
2751867,5280.625,-1190.0,-791.875
2751872,3119.375,70.0,-1382.5
2751872,3119.375,70.0,-1382.5
2751877,1946.875,1526.875,-2511.25
2751877,1946.875,1526.875,-2511.25
2751882,1658.125,2760.625,-2576.875
2751882,1658.125,2760.625,-2576.875
2751887,1697.5,2021.25,-1868.125
2751887,1697.5,2021.25,-1868.125
2751893,2305.625,813.75,-2030.0
2751893,2305.625,813.75,-2030.0
2751898,2345.0,634.375,-1951.25
2751898,2345.0,634.375,-1951.25
2751903,1824.375,612.5,-468.125
2751903,1824.375,612.5,-468.125
2751908,1019.375,945.0,835.625
2751908,1019.375,945.0,835.625
2751913,643.125,813.75,2139.375
2751913,643.125,813.75,2139.375
2751919,157.5,65.625,2454.375
2751919,157.5,65.625,2454.375
2751924,-301.875,-962.5,2183.125
2751924,-301.875,-962.5,2183.125
2751929,-275.625,-818.125,-153.125
2751929,-275.625,-818.125,-153.125
2751934,-1557.5,-420.0,542.5
2751934,-1557.5,-420.0,542.5
2751939,-2248.75,-599.375,1286.25
2751939,-2248.75,-599.375,1286.25
2751944,-3911.25,179.375,-1688.75
2751944,-3911.25,179.375,-1688.75
2751949,-6930.0,4.375,214.375
2751949,-6930.0,4.375,214.375
2751955,-6698.125,-1246.875,52.5
2751955,-6698.125,-1246.875,52.5
2751959,-7078.75,-2025.625,323.75
2751959,-7078.75,-2025.625,323.75
2751965,-8741.25,-2498.125,2073.75
2751965,-8741.25,-2498.125,2073.75
2751970,-8063.125,-826.875,-1951.25
2751970,-8063.125,-826.875,-1951.25
2751975,-9178.75,-39.375,-1898.75
2751975,-9178.75,-39.375,-1898.75
2751981,-10976.875,-126.875,1526.875
2751981,-10976.875,-126.875,1526.875
2751986,-10198.125,-1601.25,564.375
2751986,-10198.125,-1601.25,564.375
2751991,-8190.0,-1312.5,-4348.75
2751991,-8190.0,-1312.5,-4348.75
2751995,-10329.375,411.25,-9366.875
2751995,-10329.375,411.25,-9366.875
2752001,-9957.5,1330.0,-7056.875
2752001,-9957.5,1330.0,-7056.875
2752006,-10416.875,1063.125,4270.0
2752006,-10416.875,1063.125,4270.0
2752011,-5963.125,-1627.5,546.875
2752011,-5963.125,-1627.5,546.875
2752032,-2861.25,630.0,-3250.625
2752032,-2861.25,630.0,-3250.625
2752037,-2839.375,573.125,-5591.25
2752037,-2839.375,573.125,-5591.25
2752042,-4020.625,1159.375,-5083.75
2752042,-4020.625,1159.375,-5083.75
2752047,-3154.375,857.5,-3832.5
2752047,-3154.375,857.5,-3832.5
2752053,-2073.75,253.75,-3552.5
2752053,-2073.75,253.75,-3552.5
2752058,-1920.625,105.0,-2830.625
2752058,-1920.625,105.0,-2830.625
2752063,-1820.0,-30.625,-2095.625
2752063,-1820.0,-30.625,-2095.625
2752068,-1115.625,-529.375,-1439.375
2752068,-1115.625,-529.375,-1439.375
2752073,-516.25,-721.875,-1054.375
2752073,-516.25,-721.875,-1054.375
2752079,-196.875,-1036.875,-756.875
2752079,-196.875,-1036.875,-756.875
2752084,415.625,-1391.25,-157.5
2752084,415.625,-1391.25,-157.5
2752089,704.375,-1693.125,-118.125
2752089,704.375,-1693.125,-118.125
2752094,848.75,-1785.0,-476.875
2752094,848.75,-1785.0,-476.875
2752099,1058.75,-2008.125,-455.0
2752099,1058.75,-2008.125,-455.0
2752104,1163.75,-2200.625,-660.625
2752104,1163.75,-2200.625,-660.625
2752110,1071.875,-2148.125,-997.5
2752110,1071.875,-2148.125,-997.5
2752115,686.875,-2275.0,-940.625
2752115,686.875,-2275.0,-940.625
2752120,463.75,-2371.25,-1015.0
2752120,463.75,-2371.25,-1015.0
2752125,358.75,-2607.5,-1045.625
2752125,358.75,-2607.5,-1045.625
2752130,367.5,-2616.25,-752.5
2752130,367.5,-2616.25,-752.5
2752135,345.625,-2870.0,-411.25
2752135,345.625,-2870.0,-411.25
2752156,2778.125,-3561.25,1211.875
2752156,2778.125,-3561.25,1211.875
2752161,3333.75,-3552.5,1421.875
2752161,3333.75,-3552.5,1421.875
2752166,4243.75,-3583.125,1973.125
2752166,4243.75,-3583.125,1973.125
2752202,5893.125,-5000.625,4847.5
2752202,5893.125,-5000.625,4847.5
2752207,6055.0,-5425.0,5438.125
2752207,6055.0,-5425.0,5438.125
2752213,6514.375,-5740.0,5971.875
2752213,6514.375,-5740.0,5971.875
2752218,7148.75,-6120.625,6658.75
2752218,7148.75,-6120.625,6658.75
2752223,7927.5,-6431.25,7070.0
2752223,7927.5,-6431.25,7070.0
2752228,8684.375,-6785.625,7590.625
2752228,8684.375,-6785.625,7590.625
2752233,9537.5,-7008.75,7945.0
2752233,9537.5,-7008.75,7945.0
2752238,10329.375,-7188.125,8133.125
2752238,10329.375,-7188.125,8133.125
2752244,10797.5,-7555.625,8312.5
2752244,10797.5,-7555.625,8312.5
2752249,10500.0,-7647.5,8176.875
2752249,10500.0,-7647.5,8176.875
2752254,10311.875,-7573.125,7656.25
2752254,10311.875,-7573.125,7656.25
2752259,10675.0,-7551.25,7551.25
2752259,10675.0,-7551.25,7551.25
2752264,10311.875,-7231.875,7052.5
2752264,10311.875,-7231.875,7052.5
2752269,9156.875,-6943.125,6650.0
2752269,9156.875,-6943.125,6650.0
2752275,9222.5,-6816.25,6335.0
2752275,9222.5,-6816.25,6335.0
2752280,9795.625,-6505.625,6457.5
2752280,9795.625,-6505.625,6457.5
2752285,10132.5,-6133.75,7026.25
2752285,10132.5,-6133.75,7026.25
2752290,10530.625,-5893.125,7555.625
2752290,10530.625,-5893.125,7555.625
2752295,11278.75,-6094.375,8338.75
2752295,11278.75,-6094.375,8338.75
2752300,11738.125,-5766.25,8723.75
2752300,11738.125,-5766.25,8723.75
2752306,12035.625,-5219.375,8973.125
2752306,12035.625,-5219.375,8973.125
2752311,12254.375,-4838.75,9226.875
2752311,12254.375,-4838.75,9226.875
2752316,12219.375,-4396.875,8719.375
2752316,12219.375,-4396.875,8719.375
2752321,11641.875,-3285.625,7358.75
2752321,11641.875,-3285.625,7358.75
2752326,10574.375,-1544.375,6107.5
2752326,10574.375,-1544.375,6107.5
2752331,9633.75,-660.625,5018.125
2752331,9633.75,-660.625,5018.125
2752336,9458.75,-1483.125,3928.75
2752336,9458.75,-1483.125,3928.75
2752342,9786.875,-2318.75,2607.5
2752342,9786.875,-2318.75,2607.5
2752347,10237.5,-2458.75,1758.75
2752347,10237.5,-2458.75,1758.75
2752352,10679.375,-2703.75,1391.25
2752352,10679.375,-2703.75,1391.25
2752357,11790.625,-2926.875,1505.0
2752357,11790.625,-2926.875,1505.0
2752362,12486.25,-3045.0,1955.625
2752362,12486.25,-3045.0,1955.625
2752367,13339.375,-3163.125,2734.375
2752367,13339.375,-3163.125,2734.375
2752373,14568.75,-3381.875,3136.875
2752373,14568.75,-3381.875,3136.875
2752377,14984.375,-3521.875,2896.25
2752377,14984.375,-3521.875,2896.25
2752383,15124.375,-3736.25,2966.25
2752383,15124.375,-3736.25,2966.25
2752388,15238.125,-3762.5,2874.375
2752388,15238.125,-3762.5,2874.375
2752393,14564.375,-3745.0,2235.625
2752393,14564.375,-3745.0,2235.625
2752398,13505.625,-4016.25,1347.5
2752398,13505.625,-4016.25,1347.5
2752403,12726.875,-4278.75,293.125
2752403,12726.875,-4278.75,293.125
2752409,11716.25,-4655.0,-643.125
2752409,11716.25,-4655.0,-643.125
2752414,9896.25,-4856.25,-945.0
2752414,9896.25,-4856.25,-945.0
2752419,8841.875,-4978.75,-1281.875
2752419,8841.875,-4978.75,-1281.875
2752424,8067.5,-5460.0,-1207.5
2752424,8067.5,-5460.0,-1207.5
2752430,7848.75,-5810.0,-1203.125
2752430,7848.75,-5810.0,-1203.125
2752435,7301.875,-5565.0,-1041.25
2752435,7301.875,-5565.0,-1041.25
2752440,7113.75,-5258.75,-240.625
2752440,7113.75,-5258.75,-240.625
2752444,7227.5,-5145.0,126.875
2752444,7227.5,-5145.0,126.875
2752450,7083.125,-5105.625,223.125
2752450,7083.125,-5105.625,223.125
2752455,6741.875,-5070.625,271.25
2752455,6741.875,-5070.625,271.25
2752460,6549.375,-4799.375,406.875
2752460,6549.375,-4799.375,406.875
2752465,6527.5,-4926.25,144.375
2752465,6527.5,-4926.25,144.375
2752471,6361.25,-4781.875,-656.25
2752471,6361.25,-4781.875,-656.25
2752476,5560.625,-4690.0,-1710.625
2752476,5560.625,-4690.0,-1710.625
2752481,4816.875,-4383.75,-1863.75
2752481,4816.875,-4383.75,-1863.75
2752486,4331.25,-4458.125,-2699.375
2752486,4331.25,-4458.125,-2699.375
2752491,3771.25,-4751.25,-3626.875
2752491,3771.25,-4751.25,-3626.875
2752496,3307.5,-4843.125,-4121.25
2752496,3307.5,-4843.125,-4121.25
2752502,2493.75,-4580.625,-4755.625
2752502,2493.75,-4580.625,-4755.625
2752507,1824.375,-4633.125,-4956.875
2752507,1824.375,-4633.125,-4956.875
2752511,1343.125,-4361.875,-4869.375
2752511,1343.125,-4361.875,-4869.375
2752517,1741.25,-4151.875,-4221.875
2752517,1741.25,-4151.875,-4221.875
2752522,1706.25,-4138.75,-3412.5
2752522,1706.25,-4138.75,-3412.5
2752528,1474.375,-4007.5,-2861.25
2752528,1474.375,-4007.5,-2861.25
2752532,1579.375,-3692.5,-2187.5
2752532,1579.375,-3692.5,-2187.5
2752538,1522.5,-3368.75,-1575.0
2752538,1522.5,-3368.75,-1575.0
2752543,1220.625,-3255.0,-1019.375
2752543,1220.625,-3255.0,-1019.375
2752548,1067.5,-3045.0,-739.375
2752548,1067.5,-3045.0,-739.375
2752553,818.125,-2826.25,-748.125
2752553,818.125,-2826.25,-748.125
2752558,651.875,-2795.625,-660.625
2752558,651.875,-2795.625,-660.625
2752563,494.375,-2738.75,-735.0
2752563,494.375,-2738.75,-735.0
2752569,-17.5,-2323.125,-866.25
2752569,-17.5,-2323.125,-866.25
2752574,-319.375,-2139.375,-826.875
2752574,-319.375,-2139.375,-826.875
2752579,-564.375,-1763.125,-700.0
2752579,-564.375,-1763.125,-700.0
2752585,-625.625,-1666.875,-595.0
2752585,-625.625,-1666.875,-595.0
2752589,-577.5,-1421.875,-612.5
2752589,-577.5,-1421.875,-612.5
2752594,-424.375,-1168.125,-603.75
2752594,-424.375,-1168.125,-603.75
2752600,-166.25,-1089.375,-555.625
2752600,-166.25,-1089.375,-555.625
2752604,446.25,-844.375,-525.0
2752604,446.25,-844.375,-525.0
2752610,476.875,-428.75,-402.5
2752610,476.875,-428.75,-402.5
2752615,669.375,-262.5,-280.0
2752615,669.375,-262.5,-280.0
2752619,980.0,-30.625,-503.125
2752619,980.0,-30.625,-503.125
2752626,1220.625,284.375,-468.125
2752626,1220.625,284.375,-468.125
2752630,1465.625,306.25,-354.375
2752630,1465.625,306.25,-354.375
2752636,1548.75,424.375,-376.25
2752636,1548.75,424.375,-376.25
2752641,1540.0,525.0,-253.75
2752641,1540.0,525.0,-253.75
2752646,1741.25,525.0,-210.0
2752646,1741.25,525.0,-210.0
2752651,2100.0,616.875,4.375
2752651,2100.0,616.875,4.375
2752656,2244.375,542.5,481.25
2752656,2244.375,542.5,481.25
2752661,2248.75,472.5,988.75
2752661,2248.75,472.5,988.75
2752666,1938.125,196.875,1299.375
2752666,1938.125,196.875,1299.375
2752672,1505.0,-179.375,1680.0
2752672,1505.0,-179.375,1680.0
2752677,1093.75,-599.375,1933.75
2752677,1093.75,-599.375,1933.75
2752683,927.5,-840.0,1697.5
2752683,927.5,-840.0,1697.5
2752687,1054.375,-870.625,1220.625
2752687,1054.375,-870.625,1220.625
2752692,1080.625,-1036.875,857.5
2752692,1080.625,-1036.875,857.5
2752698,656.25,-988.75,284.375
2752698,656.25,-988.75,284.375
2752703,686.875,-647.5,-201.25
2752703,686.875,-647.5,-201.25
2752708,1128.75,-485.625,-726.25
2752708,1128.75,-485.625,-726.25
2752713,1518.125,-323.75,-787.5
2752713,1518.125,-323.75,-787.5
2752718,2248.75,-196.875,-586.25
2752718,2248.75,-196.875,-586.25
2752724,2821.875,118.125,-748.125
2752724,2821.875,118.125,-748.125
2752728,3618.125,406.875,-1010.625
2752728,3618.125,406.875,-1010.625
2752734,4033.75,608.125,-1225.0
2752734,4033.75,608.125,-1225.0
2752739,4213.125,765.625,-1063.125
2752739,4213.125,765.625,-1063.125
2752744,4392.5,726.25,-651.875
2752744,4392.5,726.25,-651.875
2752749,3793.125,678.125,-205.625
2752749,3793.125,678.125,-205.625
2752754,3320.625,564.375,43.75
2752754,3320.625,564.375,43.75
2752759,2905.0,463.75,100.625
2752759,2905.0,463.75,100.625
2752765,2196.25,319.375,109.375
2752765,2196.25,319.375,109.375
2752770,1426.25,26.25,-240.625
2752770,1426.25,26.25,-240.625
2752775,945.0,-8.75,-704.375
2752775,945.0,-8.75,-704.375
2752781,393.75,35.0,-1120.0
2752781,393.75,35.0,-1120.0
2752785,140.0,205.625,-1470.0
2752785,140.0,205.625,-1470.0
2752790,-161.875,341.25,-1540.0
2752790,-161.875,341.25,-1540.0
2752796,-459.375,328.125,-1763.125
2752796,-459.375,328.125,-1763.125
2752801,-691.25,332.5,-1929.375
2752801,-691.25,332.5,-1929.375
2752806,-634.375,415.625,-1649.375
2752806,-634.375,415.625,-1649.375
2752811,-660.625,669.375,-1220.625
2752811,-660.625,669.375,-1220.625
2752816,-940.625,651.875,-831.25
2752816,-940.625,651.875,-831.25
2752821,-910.0,560.0,-590.625
2752821,-910.0,560.0,-590.625
2752826,-958.125,463.75,-210.0
2752826,-958.125,463.75,-210.0
2752832,-761.25,656.25,-30.625
2752832,-761.25,656.25,-30.625
2752837,-503.125,901.25,-83.125
2752837,-503.125,901.25,-83.125
2752842,-406.875,813.75,-135.625
2752842,-406.875,813.75,-135.625
2752847,-341.25,853.125,-105.0
2752847,-341.25,853.125,-105.0
2752852,-214.375,1006.25,-258.125
2752852,-214.375,1006.25,-258.125
2752857,74.375,949.375,-490.0
2752857,74.375,949.375,-490.0
2752863,96.25,805.0,-805.0
2752863,96.25,805.0,-805.0
2752868,-35.0,726.25,-923.125
2752868,-35.0,726.25,-923.125
2752873,8.75,415.625,-1054.375
2752873,8.75,415.625,-1054.375
2752879,-161.875,455.0,-1106.875
2752879,-161.875,455.0,-1106.875
2752883,-319.375,205.625,-1373.75
2752883,-319.375,205.625,-1373.75
2752888,-306.25,100.625,-1570.625
2752888,-306.25,100.625,-1570.625
2752894,-525.0,-96.25,-1570.625
2752894,-525.0,-96.25,-1570.625
2752899,-857.5,-301.875,-1706.25
2752899,-857.5,-301.875,-1706.25
2752904,-1015.0,-481.25,-1771.875
2752904,-1015.0,-481.25,-1771.875
2752909,-1343.125,-529.375,-1815.625
2752909,-1343.125,-529.375,-1815.625
2752914,-1535.625,-608.125,-2047.5
2752914,-1535.625,-608.125,-2047.5
2752920,-1592.5,-735.0,-2016.875
2752920,-1592.5,-735.0,-2016.875
2752925,-1684.375,-686.875,-1955.625
2752925,-1684.375,-686.875,-1955.625
2752929,-2012.5,-673.75,-1973.125
2752929,-2012.5,-673.75,-1973.125
2752935,-1946.875,-748.125,-1951.25
2752935,-1946.875,-748.125,-1951.25
2752940,-2082.5,-840.0,-1863.75
2752940,-2082.5,-840.0,-1863.75
2752945,-2170.0,-743.75,-1745.625
2752945,-2170.0,-743.75,-1745.625
2752950,-2012.5,-603.75,-1680.0
2752950,-2012.5,-603.75,-1680.0
2752955,-1789.375,-533.75,-1618.75
2752955,-1789.375,-533.75,-1618.75
2752961,-1601.25,-721.875,-1487.5
2752961,-1601.25,-721.875,-1487.5
2752966,-1487.5,-752.5,-1378.125
2752966,-1487.5,-752.5,-1378.125
2752971,-1356.25,-826.875,-1286.25
2752971,-1356.25,-826.875,-1286.25
2752976,-1194.375,-770.0,-997.5
2752976,-1194.375,-770.0,-997.5
2752981,-966.875,-940.625,-756.875
2752981,-966.875,-940.625,-756.875
2752986,-748.125,-770.0,-756.875
2752986,-748.125,-770.0,-756.875
2752992,-560.0,-796.25,-905.625
2752992,-560.0,-796.25,-905.625
2752997,-153.125,-678.125,-940.625
2752997,-153.125,-678.125,-940.625
2753002,70.0,-643.125,-848.75
2753002,70.0,-643.125,-848.75
2753007,21.875,-796.25,-721.875
2753007,21.875,-796.25,-721.875
2753012,-35.0,-940.625,-542.5
2753012,-35.0,-940.625,-542.5
2753017,214.375,-1006.25,-83.125
2753017,214.375,-1006.25,-83.125
2753023,704.375,-848.75,175.0
2753023,704.375,-848.75,175.0
2753028,892.5,-1036.875,183.75
2753028,892.5,-1036.875,183.75
2753033,1028.125,-988.75,-74.375
2753033,1028.125,-988.75,-74.375
2753038,1054.375,-958.125,-223.125
2753038,1054.375,-958.125,-223.125
2753043,1019.375,-953.75,-240.625
2753043,1019.375,-953.75,-240.625
2753048,1128.75,-910.0,-157.5
2753048,1128.75,-910.0,-157.5
2753053,962.5,-844.375,-170.625
2753053,962.5,-844.375,-170.625
2753059,275.625,-875.0,-328.125
2753059,275.625,-875.0,-328.125
2753064,13.125,-931.875,-555.625
2753064,13.125,-931.875,-555.625
2753068,-293.125,-988.75,-669.375
2753068,-293.125,-988.75,-669.375
2753073,-424.375,-870.625,-630.0
2753073,-424.375,-870.625,-630.0
2753079,-682.5,-988.75,-420.0
2753079,-682.5,-988.75,-420.0
2753084,-516.25,-905.625,-231.875
2753084,-516.25,-905.625,-231.875
2753090,-437.5,-953.75,4.375
2753090,-437.5,-953.75,4.375
2753095,-319.375,-1076.25,262.5
2753095,-319.375,-1076.25,262.5
2753100,-245.0,-1041.25,402.5
2753100,-245.0,-1041.25,402.5
2753105,-43.75,-975.625,336.875
2753105,-43.75,-975.625,336.875
2753110,179.375,-835.625,354.375
2753110,179.375,-835.625,354.375
2753115,284.375,-844.375,253.75
2753115,284.375,-844.375,253.75
2753121,542.5,-708.75,-52.5
2753121,542.5,-708.75,-52.5
2753126,669.375,-665.0,-140.0
2753126,669.375,-665.0,-140.0
2753131,673.75,-616.875,-218.75
2753131,673.75,-616.875,-218.75
2753136,621.25,-511.875,-284.375
2753136,621.25,-511.875,-284.375
2753141,577.5,-717.5,-428.75
2753141,577.5,-717.5,-428.75
2753146,354.375,-525.0,-538.125
2753146,354.375,-525.0,-538.125
2753152,450.625,-533.75,-630.0
2753152,450.625,-533.75,-630.0
2753156,398.125,-682.5,-476.875
2753156,398.125,-682.5,-476.875
2753161,262.5,-638.75,-350.0
2753161,262.5,-638.75,-350.0
2753167,275.625,-774.375,-336.875
2753167,275.625,-774.375,-336.875
2753173,218.75,-721.875,-253.75
2753173,218.75,-721.875,-253.75
2753177,175.0,-826.875,-481.25
2753177,175.0,-826.875,-481.25
2753182,249.375,-888.125,-420.0
2753182,249.375,-888.125,-420.0
2753188,118.125,-761.25,-218.75
2753188,118.125,-761.25,-218.75
2753193,105.0,-638.75,-315.0
2753193,105.0,-638.75,-315.0
2753198,310.625,-573.125,-306.25
2753198,310.625,-573.125,-306.25
2753203,109.375,-625.625,-406.875
2753203,109.375,-625.625,-406.875
2753208,-30.625,-700.0,-498.75
2753208,-30.625,-700.0,-498.75
2753213,-262.5,-704.375,-485.625
2753213,-262.5,-704.375,-485.625
2753219,-201.25,-673.75,-638.75
2753219,-201.25,-673.75,-638.75
2753224,-341.25,-494.375,-756.875
2753224,-341.25,-494.375,-756.875
2753230,-551.25,-433.125,-647.5
2753230,-551.25,-433.125,-647.5
2753234,-555.625,-441.875,-756.875
2753234,-555.625,-441.875,-756.875
2753239,-656.25,-586.25,-896.875
2753239,-656.25,-586.25,-896.875
2753244,-415.625,-581.875,-875.0
2753244,-415.625,-581.875,-875.0
2753250,-455.0,-551.25,-918.75
2753250,-455.0,-551.25,-918.75
2753255,-341.25,-402.5,-949.375
2753255,-341.25,-402.5,-949.375
2753260,-196.875,-350.0,-888.125
2753260,-196.875,-350.0,-888.125
2753265,-135.625,-341.25,-787.5
2753265,-135.625,-341.25,-787.5
2753268,-161.875,-468.125,-682.5
2753268,-161.875,-468.125,-682.5
2753276,-153.125,-415.625,-573.125
2753276,-153.125,-415.625,-573.125
2753280,-433.125,-455.0,-433.125
2753280,-433.125,-455.0,-433.125
2753286,-621.25,-363.125,-551.25
2753286,-621.25,-363.125,-551.25
2753291,-630.0,-227.5,-656.25
2753291,-630.0,-227.5,-656.25
2753296,-577.5,-354.375,-581.875
2753296,-577.5,-354.375,-581.875
2753301,-538.125,-380.625,-551.25
2753301,-538.125,-380.625,-551.25
2753306,-581.875,-363.125,-608.125
2753306,-581.875,-363.125,-608.125
2753311,-555.625,-389.375,-621.25
2753311,-555.625,-389.375,-621.25
2753317,-630.0,-503.125,-476.875
2753317,-630.0,-503.125,-476.875
2753322,-551.25,-385.0,-323.75
2753322,-551.25,-385.0,-323.75
2753327,-323.75,-411.25,-175.0
2753327,-323.75,-411.25,-175.0
2753332,-179.375,-398.125,-301.875
2753332,-179.375,-398.125,-301.875
2753337,-126.875,-380.625,-227.5
2753337,-126.875,-380.625,-227.5
2753343,-30.625,-459.375,56.875
2753343,-30.625,-459.375,56.875
2753348,-8.75,-389.375,74.375
2753348,-8.75,-389.375,74.375
2753353,39.375,-240.625,-157.5
2753353,39.375,-240.625,-157.5
2753358,48.125,-455.0,-35.0
2753358,48.125,-455.0,-35.0
2753363,100.625,-415.625,26.25
2753363,100.625,-415.625,26.25
2753368,-39.375,-350.0,-21.875
2753368,-39.375,-350.0,-21.875
2753373,-87.5,-529.375,65.625
2753373,-87.5,-529.375,65.625
2753378,-262.5,-511.875,17.5
2753378,-262.5,-511.875,17.5
2753384,-236.25,-616.875,109.375
2753384,-236.25,-616.875,109.375
2753389,-275.625,-560.0,56.875
2753389,-275.625,-560.0,56.875
2753394,-293.125,-511.875,83.125
2753394,-293.125,-511.875,83.125
2753399,-323.75,-533.75,-13.125
2753399,-323.75,-533.75,-13.125
2753404,-113.75,-472.5,74.375
2753404,-113.75,-472.5,74.375
2753409,-122.5,-560.0,-87.5
2753409,-122.5,-560.0,-87.5
2753415,-280.0,-599.375,-30.625
2753415,-280.0,-599.375,-30.625
2753420,-301.875,-520.625,13.125
2753420,-301.875,-520.625,13.125
2753425,-249.375,-376.25,-26.25
2753425,-249.375,-376.25,-26.25
2753430,-113.75,-402.5,30.625
2753430,-113.75,-402.5,30.625
2753435,-105.0,-87.5,100.625
2753435,-105.0,-87.5,100.625
2753441,43.75,-105.0,249.375
2753441,43.75,-105.0,249.375
2753446,323.75,-175.0,253.75
2753446,323.75,-175.0,253.75
2753451,581.875,-288.75,118.125
2753451,581.875,-288.75,118.125
2753456,354.375,26.25,218.75
2753456,354.375,26.25,218.75
2753461,590.625,192.5,341.25
2753461,590.625,192.5,341.25
2753466,993.125,297.5,625.625
2753466,993.125,297.5,625.625
2753472,1023.75,411.25,1041.25
2753472,1023.75,411.25,1041.25
2753477,752.5,446.25,1093.75
2753477,752.5,446.25,1093.75
2753482,118.125,441.875,840.0
2753482,118.125,441.875,840.0
2753487,-218.75,113.75,914.375
2753487,-218.75,113.75,914.375
2753492,-253.75,35.0,896.875
2753492,-253.75,35.0,896.875
2753497,-459.375,-65.625,669.375
2753497,-459.375,-65.625,669.375
2753502,-1124.375,-109.375,376.25
2753502,-1124.375,-109.375,376.25
2753507,-1583.75,0.0,-157.5
2753507,-1583.75,0.0,-157.5
2753513,-1658.125,56.875,-831.25
2753513,-1658.125,56.875,-831.25
2753518,-1439.375,275.625,-778.75
2753518,-1439.375,275.625,-778.75
2753523,-966.875,415.625,-323.75
2753523,-966.875,415.625,-323.75
2753528,-735.0,371.875,-393.75
2753528,-735.0,371.875,-393.75
2753533,-179.375,336.875,-161.875
2753533,-179.375,336.875,-161.875
2753539,341.25,577.5,-39.375
2753539,341.25,577.5,-39.375
2753544,608.125,778.75,-48.125
2753544,608.125,778.75,-48.125
2753549,800.625,905.625,153.125
2753549,800.625,905.625,153.125
2753554,765.625,835.625,249.375
2753554,765.625,835.625,249.375
2753559,389.375,647.5,336.875
2753559,389.375,647.5,336.875
2753564,-192.5,621.25,533.75
2753564,-192.5,621.25,533.75
2753570,-389.375,481.25,560.0
2753570,-389.375,481.25,560.0
2753574,-730.625,258.125,481.25
2753574,-730.625,258.125,481.25
2753580,-1316.875,74.375,105.0
2753580,-1316.875,74.375,105.0
2753585,-1741.25,70.0,-223.125
2753585,-1741.25,70.0,-223.125
2753590,-2196.25,4.375,-616.875
2753590,-2196.25,4.375,-616.875
2753595,-2568.125,-100.625,-927.5
2753595,-2568.125,-100.625,-927.5
2753600,-2848.125,-218.75,-1281.875
2753600,-2848.125,-218.75,-1281.875
2753605,-3373.125,-109.375,-1666.875
2753605,-3373.125,-109.375,-1666.875
2753611,-3775.625,-113.75,-1745.625
2753611,-3775.625,-113.75,-1745.625
2753616,-4344.375,-56.875,-1789.375
2753616,-4344.375,-56.875,-1789.375
2753621,-4856.25,-4.375,-1596.875
2753621,-4856.25,-4.375,-1596.875
2753626,-4821.25,83.125,-1238.125
2753626,-4821.25,83.125,-1238.125
2753631,-4694.375,201.25,-844.375
2753631,-4694.375,201.25,-844.375
2753636,-4475.625,218.75,-428.75
2753636,-4475.625,218.75,-428.75
2753642,-4033.75,328.125,-26.25
2753642,-4033.75,328.125,-26.25
2753646,-3780.0,468.125,455.0
2753646,-3780.0,468.125,455.0
2753652,-3570.0,608.125,704.375
2753652,-3570.0,608.125,704.375
2753657,-3185.0,616.875,822.5
2753657,-3185.0,616.875,822.5
2753662,-2940.0,651.875,770.0
2753662,-2940.0,651.875,770.0
2753668,-2791.25,682.5,673.75
2753668,-2791.25,682.5,673.75
2753673,-2891.875,616.875,406.875
2753673,-2891.875,616.875,406.875
2753678,-2870.0,406.875,196.875
2753678,-2870.0,406.875,196.875
2753683,-3290.0,280.0,271.25
2753683,-3290.0,280.0,271.25
2753688,-3329.375,157.5,140.0
2753688,-3329.375,157.5,140.0
2753693,-3355.625,140.0,-105.0
2753693,-3355.625,140.0,-105.0
2753698,-3513.125,175.0,-109.375
2753698,-3513.125,175.0,-109.375
2753704,-3613.75,-4.375,-148.75
2753704,-3613.75,-4.375,-148.75
2753708,-3692.5,-153.125,-236.25
2753708,-3692.5,-153.125,-236.25
2753714,-3701.25,-131.25,-323.75
2753714,-3701.25,-131.25,-323.75
2753719,-3478.125,-118.125,-420.0
2753719,-3478.125,-118.125,-420.0
2753724,-3517.5,-126.875,-131.25
2753724,-3517.5,-126.875,-131.25
2753729,-3491.25,-140.0,39.375
2753729,-3491.25,-140.0,39.375
2753735,-3377.5,-157.5,140.0
2753735,-3377.5,-157.5,140.0
2753740,-3460.625,-122.5,183.75
2753740,-3460.625,-122.5,183.75
2753745,-3281.25,-13.125,271.25
2753745,-3281.25,-13.125,271.25
2753750,-3176.25,96.25,459.375
2753750,-3176.25,96.25,459.375
2753754,-3211.25,17.5,389.375
2753754,-3211.25,17.5,389.375
2753760,-3360.0,39.375,411.25
2753760,-3360.0,39.375,411.25
2753765,-3255.0,175.0,783.125
2753765,-3255.0,175.0,783.125
2753770,-3071.25,214.375,756.875
2753770,-3071.25,214.375,756.875
2753776,-2821.875,315.0,1036.875
2753776,-2821.875,315.0,1036.875
2753781,-2808.75,376.25,1216.25
2753781,-2808.75,376.25,1216.25
2753786,-2664.375,161.875,1137.5
2753786,-2664.375,161.875,1137.5
2753792,-2410.625,385.0,1063.125
2753792,-2410.625,385.0,1063.125
2753796,-2388.75,341.25,1146.25
2753796,-2388.75,341.25,1146.25
2753802,-1955.625,406.875,1141.875
2753802,-1955.625,406.875,1141.875
2753807,-1614.375,560.0,1505.0
2753807,-1614.375,560.0,1505.0
2753812,-1369.375,393.75,1653.75
2753812,-1369.375,393.75,1653.75
2753817,-1526.875,188.125,1946.875
2753817,-1526.875,188.125,1946.875
2753822,-1640.625,192.5,2213.75
2753822,-1640.625,192.5,2213.75
2753827,-1658.125,113.75,2445.625
2753827,-1658.125,113.75,2445.625
2753833,-1491.875,35.0,2502.5
2753833,-1491.875,35.0,2502.5
2753838,-1325.625,70.0,2305.625
2753838,-1325.625,70.0,2305.625
2753843,-787.5,135.625,2296.875
2753843,-787.5,135.625,2296.875
2753848,-783.125,201.25,2253.125
2753848,-783.125,201.25,2253.125
2753853,-988.75,411.25,2187.5
2753853,-988.75,411.25,2187.5
2753858,-1098.125,441.875,2016.875
2753858,-1098.125,441.875,2016.875
2753864,-1076.25,411.25,2104.375
2753864,-1076.25,411.25,2104.375
2753869,-1487.5,385.0,2060.625
2753869,-1487.5,385.0,2060.625
2753874,-1981.875,437.5,2191.875
2753874,-1981.875,437.5,2191.875
2753879,-2721.25,476.875,2620.625
2753879,-2721.25,476.875,2620.625
2753883,-3136.875,398.125,2931.25
2753883,-3136.875,398.125,2931.25
2753890,-3080.0,389.375,2979.375
2753890,-3080.0,389.375,2979.375
2753894,-2961.875,319.375,3285.625
2753894,-2961.875,319.375,3285.625
2753900,-2979.375,35.0,3561.25
2753900,-2979.375,35.0,3561.25
2753905,-2913.75,48.125,4016.25
2753905,-2913.75,48.125,4016.25
2753910,-3005.625,4.375,4501.875
2753910,-3005.625,4.375,4501.875
2753915,-3193.75,-122.5,4720.625
2753915,-3193.75,-122.5,4720.625
2753920,-2931.25,-323.75,4672.5
2753920,-2931.25,-323.75,4672.5
2753925,-3115.0,-188.125,4716.25
2753925,-3115.0,-188.125,4716.25
2753931,-3456.25,43.75,4650.625
2753931,-3456.25,43.75,4650.625
2753936,-3845.625,236.25,4519.375
2753936,-3845.625,236.25,4519.375
2753941,-3976.875,280.0,4401.25
2753941,-3976.875,280.0,4401.25
2753946,-4431.875,686.875,4095.0
2753946,-4431.875,686.875,4095.0
2753951,-5219.375,975.625,3858.75
2753951,-5219.375,975.625,3858.75
2753956,-5005.0,1299.375,3185.0
2753956,-5005.0,1299.375,3185.0
2753962,-5162.5,1400.0,2660.0
2753962,-5162.5,1400.0,2660.0
2753967,-4825.625,1526.875,2069.375
2753967,-4825.625,1526.875,2069.375
2753972,-4458.125,1653.75,1448.125
2753972,-4458.125,1653.75,1448.125
2753977,-3657.5,1828.75,1133.125
2753977,-3657.5,1828.75,1133.125
2753982,-3430.0,1522.5,691.25
2753982,-3430.0,1522.5,691.25
2753988,-5035.625,1618.75,1373.75
2753988,-5035.625,1618.75,1373.75
2753992,-6103.125,1780.625,2380.0
2753992,-6103.125,1780.625,2380.0
2753998,-6383.125,1386.875,2852.5
2753998,-6383.125,1386.875,2852.5
2754003,-7420.0,2073.75,3565.625
2754003,-7420.0,2073.75,3565.625
2754008,-9625.0,2922.5,3653.125
2754008,-9625.0,2922.5,3653.125
2754013,-9655.625,1658.125,4471.25
2754013,-9655.625,1658.125,4471.25
2754018,-6300.0,1308.125,4138.75
2754018,-6300.0,1308.125,4138.75
2754023,-6715.625,1400.0,3377.5
2754023,-6715.625,1400.0,3377.5
2754029,-8190.0,1767.5,3622.5
2754029,-8190.0,1767.5,3622.5
2754033,-9095.625,1920.625,3591.875
2754033,-9095.625,1920.625,3591.875
2754039,-8198.75,1430.625,3364.375
2754039,-8198.75,1430.625,3364.375
2754044,-7603.75,1194.375,3084.375
2754044,-7603.75,1194.375,3084.375
2754049,-8400.0,1417.5,2555.0
2754049,-8400.0,1417.5,2555.0
2754054,-9117.5,1785.0,1561.875
2754054,-9117.5,1785.0,1561.875
2754060,-9436.875,1736.875,-96.25
2754060,-9436.875,1736.875,-96.25
2754065,-10889.375,1793.75,-1032.5
2754065,-10889.375,1793.75,-1032.5
2754070,-13286.875,2261.875,-2458.75
2754070,-13286.875,2261.875,-2458.75
2754075,-15050.0,2345.0,-4681.25
2754075,-15050.0,2345.0,-4681.25
2754080,-17066.875,3276.875,-7170.625
2754080,-17066.875,3276.875,-7170.625
2754085,-20129.375,5910.625,-11423.125
2754085,-20129.375,5910.625,-11423.125
2754090,-23550.625,8754.375,-18453.75
2754090,-23550.625,8754.375,-18453.75
2754096,-25038.125,8583.75,-17828.125
2754096,-25038.125,8583.75,-17828.125
2754101,-23760.625,7398.125,-15343.125
2754101,-23760.625,7398.125,-15343.125
2754106,-23196.25,7310.625,-15806.875
2754106,-23196.25,7310.625,-15806.875
2754111,-22820.0,6921.25,-14516.25
2754111,-22820.0,6921.25,-14516.25
2754117,-21761.25,6584.375,-12232.5
2754117,-21761.25,6584.375,-12232.5
2754121,-20597.5,6308.75,-10539.375
2754121,-20597.5,6308.75,-10539.375
2754127,-19136.25,6352.5,-8426.25
2754127,-19136.25,6352.5,-8426.25
2754132,-17950.625,6335.0,-6930.0
2754132,-17950.625,6335.0,-6930.0
2754137,-17040.625,5932.5,-5455.625
2754137,-17040.625,5932.5,-5455.625
2754142,-16161.25,5753.125,-3548.125
2754142,-16161.25,5753.125,-3548.125
2754147,-14953.75,5188.75,-2979.375
2754147,-14953.75,5188.75,-2979.375
2754152,-14770.0,5114.375,-1535.625
2754152,-14770.0,5114.375,-1535.625
2754158,-14380.625,5915.0,262.5
2754158,-14380.625,5915.0,262.5
2754163,-13335.0,6247.5,608.125
2754163,-13335.0,6247.5,608.125
2754168,-12131.875,6330.625,1373.75
2754168,-12131.875,6330.625,1373.75
2754173,-11003.125,6269.375,1553.125
2754173,-11003.125,6269.375,1553.125
2754178,-11256.875,5985.0,-371.875
2754178,-11256.875,5985.0,-371.875
2754184,-11379.375,5586.875,-1071.875
2754184,-11379.375,5586.875,-1071.875
2754188,-10605.0,5446.875,-853.125
2754188,-10605.0,5446.875,-853.125
2754194,-9900.625,5385.625,-1631.875
2754194,-9900.625,5385.625,-1631.875
2754199,-10040.625,5630.625,-700.0
2754199,-10040.625,5630.625,-700.0
2754204,-9743.125,5416.25,96.25
2754204,-9743.125,5416.25,96.25
2754209,-10010.0,5166.875,371.875
2754209,-10010.0,5166.875,371.875
2754214,-9804.375,5162.5,997.5
2754214,-9804.375,5162.5,997.5
2754219,-8299.375,4685.625,1080.625
2754219,-8299.375,4685.625,1080.625
2754245,-5390.0,6155.625,4948.125
2754245,-5390.0,6155.625,4948.125
2754250,-10053.75,6776.875,5009.375
2754250,-10053.75,6776.875,5009.375
2754256,-7074.375,4690.0,3928.75
2754256,-7074.375,4690.0,3928.75
2754260,-1500.625,4099.375,2222.5
2754260,-1500.625,4099.375,2222.5
2754266,-1474.375,4418.75,2931.25
2754266,-1474.375,4418.75,2931.25
2754271,-1903.125,4423.125,3215.625
2754271,-1903.125,4423.125,3215.625
2754276,-857.5,4116.875,1973.125
2754276,-857.5,4116.875,1973.125
2754282,-227.5,3661.875,2590.0
2754282,-227.5,3661.875,2590.0
2754286,-468.125,2948.75,2708.125
2754286,-468.125,2948.75,2708.125
2754292,-301.875,2371.25,2839.375
2754292,-301.875,2371.25,2839.375
2754297,223.125,1806.875,2913.75
2754297,223.125,1806.875,2913.75
2754302,315.0,1325.625,2913.75
2754302,315.0,1325.625,2913.75
2754307,240.625,1111.25,2891.875
2754307,240.625,1111.25,2891.875
2754312,-577.5,800.625,2813.125
2754312,-577.5,800.625,2813.125
2754317,-831.25,472.5,2616.25
2754317,-831.25,472.5,2616.25
2754338,1990.625,1242.5,-39.375
2754338,1990.625,1242.5,-39.375
2754343,8938.125,415.625,-10596.25
2754343,8938.125,415.625,-10596.25
2754348,12652.5,1281.875,-12280.625
2754348,12652.5,1281.875,-12280.625
2754354,18847.5,1955.625,-13864.375
2754354,18847.5,1955.625,-13864.375
2754359,35739.375,1128.75,-8426.25
2754359,35739.375,1128.75,-8426.25
2754364,64426.25,-280.0,7310.625
2754364,64426.25,-280.0,7310.625
2754384,-23883.125,-6286.875,437.5
2754384,-23883.125,-6286.875,437.5
2754390,-21936.25,-5311.25,-2712.5
2754390,-21936.25,-5311.25,-2712.5
2754395,-15855.0,-6011.25,2524.375
2754395,-15855.0,-6011.25,2524.375
2754415,-1408.75,-7568.75,1618.75
2754415,-1408.75,-7568.75,1618.75
2754421,2406.25,-5884.375,266.875
2754421,2406.25,-5884.375,266.875
2754426,5398.75,-5845.0,840.0
2754426,5398.75,-5845.0,840.0
