2759387,56.875,-161.875,-783.125
2759387,56.875,-161.875,-783.125
2759392,214.375,-21.875,-840.0
2759392,214.375,-21.875,-840.0
2759397,389.375,43.75,-953.75
2759397,389.375,43.75,-953.75
2759539,-761.25,-358.75,118.125
2759539,-761.25,-358.75,118.125
2759543,-953.75,-109.375,301.875
2759543,-953.75,-109.375,301.875
2759548,-1036.875,109.375,297.5
2759548,-1036.875,109.375,297.5
2759553,-1168.125,319.375,288.75
2759553,-1168.125,319.375,288.75
2759710,-1159.375,665.0,-603.75
2759710,-1159.375,665.0,-603.75
2759715,-997.5,678.125,-700.0
2759715,-997.5,678.125,-700.0
2759720,-669.375,651.875,-770.0
2759720,-669.375,651.875,-770.0
2759861,148.75,520.625,-1658.125
2759861,148.75,520.625,-1658.125
2759866,61.25,446.25,-1798.125
2759866,61.25,446.25,-1798.125
2759871,240.625,459.375,-1837.5
2759871,240.625,459.375,-1837.5
2759875,350.0,415.625,-1951.25
2759875,350.0,415.625,-1951.25
2760038,315.0,183.75,-1225.0
2760038,315.0,183.75,-1225.0
2760042,301.875,140.0,-1120.0
2760042,301.875,140.0,-1120.0
2760189,-26.25,-30.625,-695.625
2760189,-26.25,-30.625,-695.625
2760193,70.0,-65.625,-879.375
2760193,70.0,-65.625,-879.375
2760198,218.75,100.625,-923.125
2760198,218.75,100.625,-923.125
2760204,188.125,140.0,-971.25
2760204,188.125,140.0,-971.25
2760209,280.0,214.375,-1036.875
2760209,280.0,214.375,-1036.875
2760213,406.875,153.125,-988.75
2760213,406.875,153.125,-988.75
2760219,573.125,52.5,-857.5
2760219,573.125,52.5,-857.5
2760224,433.125,-249.375,-660.625
2760224,433.125,-249.375,-660.625
2760229,144.375,-415.625,-297.5
2760229,144.375,-415.625,-297.5
2760234,48.125,-599.375,258.125
2760234,48.125,-599.375,258.125
2760240,-236.25,-848.75,634.375
2760240,-236.25,-848.75,634.375
2760244,-494.375,-831.25,774.375
2760244,-494.375,-831.25,774.375
2760361,-866.25,-385.0,743.75
2760361,-866.25,-385.0,743.75
2760366,-1093.75,-87.5,800.625
2760366,-1093.75,-87.5,800.625
2760512,-848.75,-910.0,3381.875
2760512,-848.75,-910.0,3381.875
2760517,-818.125,-931.875,3430.0
2760517,-818.125,-931.875,3430.0
2760523,-529.375,-1155.0,3543.75
2760523,-529.375,-1155.0,3543.75
2760678,-4633.125,12149.375,33705.0
2760678,-4633.125,12149.375,33705.0
2760684,-7210.0,17828.125,41304.375
2760684,-7210.0,17828.125,41304.375
2760689,-7984.375,25904.375,48260.625
2760689,-7984.375,25904.375,48260.625
2760830,-102173.75,-6295.625,-143355.625
2760830,-102173.75,-6295.625,-143355.625
2760834,-128283.75,367.5,-143351.25
2760834,-128283.75,367.5,-143351.25
2760839,-143360.0,14227.5,-143355.625
2760839,-143360.0,14227.5,-143355.625
2760996,-143360.0,23445.625,-143355.625
2760996,-143360.0,23445.625,-143355.625
2761001,-143360.0,20488.125,-143355.625
2761001,-143360.0,20488.125,-143355.625
2761006,-143360.0,7586.25,-143355.625
2761006,-143360.0,7586.25,-143355.625
2761163,-46178.125,-54560.625,-54740.0
2761163,-46178.125,-54560.625,-54740.0
2761168,-44231.25,-49647.5,-47941.25
2761168,-44231.25,-49647.5,-47941.25
2761173,-41606.25,-41339.375,-40551.875
2761173,-41606.25,-41339.375,-40551.875
2761314,-60200.0,-143360.0,26005.0
2761314,-60200.0,-143360.0,26005.0
2761319,-55943.125,143303.125,21135.625
2761319,-55943.125,143303.125,21135.625
2761324,-49013.125,143342.5,16021.25
2761324,-49013.125,143342.5,16021.25
2761481,-57522.5,139606.25,21100.625
2761481,-57522.5,139606.25,21100.625
2761486,-51909.375,133625.625,20361.25
2761486,-51909.375,133625.625,20361.25
2761491,-48090.0,128073.75,18742.5
2761491,-48090.0,128073.75,18742.5
2761647,-8146.25,25471.25,16730.0
2761647,-8146.25,25471.25,16730.0
2761652,-5858.125,23642.5,16996.875
2761652,-5858.125,23642.5,16996.875
2761657,-3976.875,21551.25,17666.25
2761657,-3976.875,21551.25,17666.25
2761799,323.75,1605.625,6724.375
2761799,323.75,1605.625,6724.375
2761803,-1299.375,2441.25,5407.5
2761803,-1299.375,2441.25,5407.5
2761809,-2559.375,2498.125,4869.375
2761809,-2559.375,2498.125,4869.375
2761966,-65.625,1850.625,791.875
2761966,-65.625,1850.625,791.875
2761970,1032.5,2292.5,-4.375
2761970,1032.5,2292.5,-4.375
2761975,2318.75,2314.375,-665.0
2761975,2318.75,2314.375,-665.0
2762132,2191.875,498.75,-1395.625
2762132,2191.875,498.75,-1395.625
2762137,2135.0,262.5,-2008.125
2762137,2135.0,262.5,-2008.125
2762142,2038.75,52.5,-2533.125
2762142,2038.75,52.5,-2533.125
2762298,-1303.75,739.375,4493.125
2762298,-1303.75,739.375,4493.125
2762303,-1246.875,1220.625,4361.875
2762303,-1246.875,1220.625,4361.875
2762308,-1347.5,2012.5,4655.0
2762308,-1347.5,2012.5,4655.0
2762389,5245.625,1150.625,2498.125
2762389,5245.625,1150.625,2498.125
2762394,5079.375,1478.75,2668.75
2762394,5079.375,1478.75,2668.75
2762399,4943.75,1260.0,3360.0
2762399,4943.75,1260.0,3360.0
2762404,4235.0,371.875,3736.25
2762404,4235.0,371.875,3736.25
2762409,3648.75,83.125,3530.625
2762409,3648.75,83.125,3530.625
2762414,3276.875,560.0,3373.125
2762414,3276.875,560.0,3373.125
2762419,2988.125,306.25,3045.0
2762419,2988.125,306.25,3045.0
2762425,2336.25,-26.25,2760.625
2762425,2336.25,-26.25,2760.625
2762429,1474.375,625.625,2856.875
2762429,1474.375,625.625,2856.875
2762434,953.75,1356.25,2541.875
2762434,953.75,1356.25,2541.875
2762440,1190.0,1496.25,2244.375
2762440,1190.0,1496.25,2244.375
2762444,1806.875,1338.75,1535.625
2762444,1806.875,1338.75,1535.625
2762450,2808.75,1242.5,420.0
2762450,2808.75,1242.5,420.0
2762455,3268.125,1505.0,-380.625
2762455,3268.125,1505.0,-380.625
2762460,3517.5,1592.5,-866.25
2762460,3517.5,1592.5,-866.25
2762465,3469.375,1693.125,-853.125
2762465,3469.375,1693.125,-853.125
2762470,2988.125,1745.625,-1019.375
2762470,2988.125,1745.625,-1019.375
2762475,2725.625,1793.75,-848.75
2762475,2725.625,1793.75,-848.75
2762480,2340.625,1820.0,-638.75
2762480,2340.625,1820.0,-638.75
2762485,1872.5,1946.875,-371.875
2762485,1872.5,1946.875,-371.875
2762490,1999.375,1977.5,74.375
2762490,1999.375,1977.5,74.375
2762495,2296.875,1981.875,371.875
2762495,2296.875,1981.875,371.875
2762500,2432.5,1911.875,826.875
2762500,2432.5,1911.875,826.875
2762506,1990.625,1483.125,1776.25
2762506,1990.625,1483.125,1776.25
2762510,1360.625,389.375,2502.5
2762510,1360.625,389.375,2502.5
2762515,1141.875,-1150.625,2900.625
2762515,1141.875,-1150.625,2900.625
2762520,1456.875,-2275.0,2813.125
2762520,1456.875,-2275.0,2813.125
2762525,1885.625,-2397.5,2541.875
2762525,1885.625,-2397.5,2541.875
2762530,2375.625,-2515.625,2135.0
2762530,2375.625,-2515.625,2135.0
2762535,2948.75,-2852.5,1312.5
2762535,2948.75,-2852.5,1312.5
2762540,2821.875,-3045.0,297.5
2762540,2821.875,-3045.0,297.5
2762546,2524.375,-2747.5,-730.625
2762546,2524.375,-2747.5,-730.625
2762550,2266.25,-2358.125,-1601.25
2762550,2266.25,-2358.125,-1601.25
2762556,2380.0,-2235.625,-2388.75
2762556,2380.0,-2235.625,-2388.75
2762561,2826.25,-1636.25,-2953.125
2762561,2826.25,-1636.25,-2953.125
2762566,2603.125,-1260.0,-3115.0
2762566,2603.125,-1260.0,-3115.0
2762621,2686.25,-1194.375,-450.625
2762621,2686.25,-1194.375,-450.625
2762626,2856.875,-1006.25,-236.25
2762626,2856.875,-1006.25,-236.25
2762631,3285.625,-1316.875,-175.0
2762631,3285.625,-1316.875,-175.0
2762944,11943.75,-2104.375,5005.0
2762944,11943.75,-2104.375,5005.0
2762949,11576.25,-2397.5,5823.125
2762949,11576.25,-2397.5,5823.125
2762954,11160.625,-2253.125,6868.75
2762954,11160.625,-2253.125,6868.75
2763025,29933.75,-15885.625,17460.625
2763025,29933.75,-15885.625,17460.625
2763030,33105.625,-17215.625,19101.25
2763030,33105.625,-17215.625,19101.25
2763035,36233.75,-18655.0,20033.125
2763035,36233.75,-18655.0,20033.125
2763040,37616.25,-20720.0,20365.625
2763040,37616.25,-20720.0,20365.625
2763045,37756.25,-22176.875,20881.875
2763045,37756.25,-22176.875,20881.875
2763050,37292.5,-21949.375,20295.625
2763050,37292.5,-21949.375,20295.625
