2777925,-1286.25,126.875,-48.125
2777925,-1286.25,126.875,-48.125
2777931,-1159.375,161.875,389.375
2777931,-1159.375,161.875,389.375
2777935,-1211.875,70.0,564.375
2777935,-1211.875,70.0,564.375
2777940,-1246.875,-13.125,586.25
2777940,-1246.875,-13.125,586.25
2777945,-1207.5,61.25,625.625
2777945,-1207.5,61.25,625.625
2777950,-910.0,-507.5,888.125
2777950,-910.0,-507.5,888.125
2777955,-516.25,748.125,1155.0
2777955,-516.25,748.125,1155.0
2777960,-1706.25,446.25,761.25
2777960,-1706.25,446.25,761.25
2777966,-2161.25,-288.75,730.625
2777966,-2161.25,-288.75,730.625
2777971,-1553.125,638.75,1124.375
2777971,-1553.125,638.75,1124.375
2777976,-1408.75,503.125,993.125
2777976,-1408.75,503.125,993.125
2777981,-1898.75,420.0,984.375
2777981,-1898.75,420.0,984.375
2777986,-1798.125,791.875,1229.375
2777986,-1798.125,791.875,1229.375
2777991,-1518.125,975.625,1211.875
2777991,-1518.125,975.625,1211.875
2777996,-1338.75,984.375,1163.75
2777996,-1338.75,984.375,1163.75
2778001,-1290.625,1010.625,1115.625
2778001,-1290.625,1010.625,1115.625
2778006,-1115.625,975.625,1063.125
2778006,-1115.625,975.625,1063.125
2778010,-822.5,1023.75,1058.75
2778010,-822.5,1023.75,1058.75
2778016,-599.375,791.875,1028.125
2778016,-599.375,791.875,1028.125
2778021,-498.75,721.875,770.0
2778021,-498.75,721.875,770.0
2778026,-262.5,459.375,739.375
2778026,-262.5,459.375,739.375
2778031,-78.75,371.875,494.375
2778031,-78.75,371.875,494.375
2778035,214.375,21.875,551.25
2778035,214.375,21.875,551.25
2778040,245.0,-13.125,389.375
2778040,245.0,-13.125,389.375
2778046,328.125,-148.75,166.25
2778046,328.125,-148.75,166.25
2778051,494.375,-354.375,306.25
2778051,494.375,-354.375,306.25
2778056,634.375,-455.0,258.125
2778056,634.375,-455.0,258.125
2778061,341.25,-336.875,223.125
2778061,341.25,-336.875,223.125
2778067,83.125,-367.5,170.625
2778067,83.125,-367.5,170.625
2778072,236.25,-275.625,376.25
2778072,236.25,-275.625,376.25
2778909,-143360.0,127925.0,97558.125
2778909,-143360.0,127925.0,97558.125
2778915,-143360.0,121156.875,65983.75
2778915,-143360.0,121156.875,65983.75
2778919,-143360.0,99456.875,39147.5
2778919,-143360.0,99456.875,39147.5
2779383,-17163.125,64688.75,19184.375
2779383,-17163.125,64688.75,19184.375
2779389,-18270.0,70205.625,21043.75
2779389,-18270.0,70205.625,21043.75
2779394,-19753.125,76094.375,21135.625
2779394,-19753.125,76094.375,21135.625
2779555,-43321.25,104698.125,-5700.625
2779555,-43321.25,104698.125,-5700.625
2779560,-45635.625,105665.0,-6409.375
2779560,-45635.625,105665.0,-6409.375
2779565,-48886.25,109134.375,-6173.125
2779565,-48886.25,109134.375,-6173.125
2780287,-65.625,1421.875,-5416.25
2780287,-65.625,1421.875,-5416.25
2780292,546.875,1505.0,-5656.875
2780292,546.875,1505.0,-5656.875
2780297,1098.125,1754.375,-5901.875
2780297,1098.125,1754.375,-5901.875
2780443,9240.0,-5674.375,12394.375
2780443,9240.0,-5674.375,12394.375
2780448,10136.875,-6055.0,12433.75
2780448,10136.875,-6055.0,12433.75
2780453,10202.5,-6238.75,12162.5
2780453,10202.5,-6238.75,12162.5
2780610,11055.625,-10780.0,10661.875
2780610,11055.625,-10780.0,10661.875
2780615,12411.875,-11733.75,9953.125
2780615,12411.875,-11733.75,9953.125
2780620,13706.875,-12464.375,9476.25
2780620,13706.875,-12464.375,9476.25
