2759385,7.8125,726.5625,695.3125,-101.5625,-726.5625,710.9375,195.3125,-859.375,507.8125,429.6875,-890.625,171.875,375.0,-906.25,242.1875
2759385,7.8125,726.5625,695.3125,-101.5625,-726.5625,710.9375,195.3125,-859.375,507.8125,429.6875,-890.625,171.875,375.0,-906.25,242.1875
2759394,0.0,726.5625,687.5,-101.5625,-734.375,710.9375,195.3125,-867.1875,507.8125,429.6875,-890.625,164.0625,367.1875,-906.25,234.375
2759394,0.0,726.5625,687.5,-101.5625,-734.375,710.9375,195.3125,-867.1875,507.8125,429.6875,-890.625,164.0625,367.1875,-906.25,234.375
2759394,0.0,726.5625,695.3125,-101.5625,-726.5625,718.75,187.5,-867.1875,507.8125,429.6875,-890.625,179.6875,367.1875,-898.4375,234.375
2759394,0.0,726.5625,695.3125,-101.5625,-726.5625,718.75,187.5,-867.1875,507.8125,429.6875,-890.625,179.6875,367.1875,-898.4375,234.375
2759539,0.0,726.5625,695.3125,-117.1875,-726.5625,718.75,187.5,-859.375,500.0,421.875,-882.8125,171.875,375.0,-906.25,242.1875
2759539,0.0,726.5625,695.3125,-117.1875,-726.5625,718.75,187.5,-859.375,500.0,421.875,-882.8125,171.875,375.0,-906.25,242.1875
2759546,0.0,726.5625,695.3125,-109.375,-734.375,710.9375,179.6875,-867.1875,507.8125,429.6875,-898.4375,179.6875,367.1875,-906.25,242.1875
2759546,0.0,726.5625,695.3125,-109.375,-734.375,710.9375,179.6875,-867.1875,507.8125,429.6875,-898.4375,179.6875,367.1875,-906.25,242.1875
2759555,-7.8125,718.75,695.3125,-109.375,-742.1875,718.75,195.3125,-867.1875,500.0,429.6875,-898.4375,171.875,375.0,-914.0625,234.375
2759555,-7.8125,718.75,695.3125,-109.375,-742.1875,718.75,195.3125,-867.1875,500.0,429.6875,-898.4375,171.875,375.0,-914.0625,234.375
2759716,0.0,718.75,695.3125,-101.5625,-726.5625,710.9375,203.125,-859.375,507.8125,429.6875,-890.625,171.875,359.375,-898.4375,250.0
2759716,0.0,718.75,695.3125,-101.5625,-726.5625,710.9375,203.125,-859.375,507.8125,429.6875,-890.625,171.875,359.375,-898.4375,250.0
2759716,7.8125,734.375,695.3125,-101.5625,-734.375,710.9375,203.125,-859.375,507.8125,421.875,-882.8125,179.6875,359.375,-898.4375,234.375
2759716,7.8125,734.375,695.3125,-101.5625,-734.375,710.9375,203.125,-859.375,507.8125,421.875,-882.8125,179.6875,359.375,-898.4375,234.375
2759724,0.0,726.5625,703.125,-109.375,-726.5625,718.75,195.3125,-851.5625,507.8125,429.6875,-890.625,179.6875,375.0,-898.4375,242.1875
2759724,0.0,726.5625,703.125,-109.375,-726.5625,718.75,195.3125,-851.5625,507.8125,429.6875,-890.625,179.6875,375.0,-898.4375,242.1875
2759869,7.8125,734.375,695.3125,-93.75,-726.5625,718.75,195.3125,-851.5625,515.625,437.5,-890.625,179.6875,367.1875,-898.4375,250.0
2759869,7.8125,734.375,695.3125,-93.75,-726.5625,718.75,195.3125,-851.5625,515.625,437.5,-890.625,179.6875,367.1875,-898.4375,250.0
2759877,7.8125,734.375,695.3125,-101.5625,-726.5625,710.9375,187.5,-859.375,507.8125,429.6875,-890.625,171.875,367.1875,-906.25,250.0
2759877,7.8125,734.375,695.3125,-101.5625,-726.5625,710.9375,187.5,-859.375,507.8125,429.6875,-890.625,171.875,367.1875,-906.25,250.0
2759877,7.8125,726.5625,703.125,-101.5625,-734.375,718.75,195.3125,-859.375,507.8125,429.6875,-890.625,171.875,375.0,-906.25,250.0
2759877,7.8125,726.5625,703.125,-101.5625,-734.375,718.75,195.3125,-859.375,507.8125,429.6875,-890.625,171.875,375.0,-906.25,250.0
2760038,7.8125,718.75,703.125,-109.375,-726.5625,703.125,187.5,-851.5625,515.625,437.5,-890.625,179.6875,367.1875,-906.25,242.1875
2760038,7.8125,718.75,703.125,-109.375,-726.5625,703.125,187.5,-851.5625,515.625,437.5,-890.625,179.6875,367.1875,-906.25,242.1875
2760038,0.0,726.5625,695.3125,-109.375,-726.5625,710.9375,195.3125,-867.1875,507.8125,437.5,-890.625,171.875,367.1875,-898.4375,242.1875
2760038,0.0,726.5625,695.3125,-109.375,-726.5625,710.9375,195.3125,-867.1875,507.8125,437.5,-890.625,171.875,367.1875,-898.4375,242.1875
2760045,0.0,726.5625,695.3125,-93.75,-726.5625,710.9375,195.3125,-859.375,515.625,421.875,-890.625,179.6875,367.1875,-906.25,242.1875
2760045,0.0,726.5625,695.3125,-93.75,-726.5625,710.9375,195.3125,-859.375,515.625,421.875,-890.625,179.6875,367.1875,-906.25,242.1875
2760045,0.0,726.5625,695.3125,-101.5625,-726.5625,718.75,195.3125,-867.1875,507.8125,437.5,-890.625,179.6875,375.0,-906.25,234.375
2760045,0.0,726.5625,695.3125,-101.5625,-726.5625,718.75,195.3125,-867.1875,507.8125,437.5,-890.625,179.6875,375.0,-906.25,234.375
2760191,0.0,718.75,695.3125,-109.375,-734.375,710.9375,187.5,-851.5625,500.0,429.6875,-882.8125,171.875,367.1875,-898.4375,234.375
2760191,0.0,718.75,695.3125,-109.375,-734.375,710.9375,187.5,-851.5625,500.0,429.6875,-882.8125,171.875,367.1875,-898.4375,234.375
2760198,7.8125,726.5625,703.125,-101.5625,-726.5625,710.9375,195.3125,-859.375,500.0,421.875,-882.8125,179.6875,367.1875,-906.25,234.375
2760198,7.8125,726.5625,703.125,-101.5625,-726.5625,710.9375,195.3125,-859.375,500.0,421.875,-882.8125,179.6875,367.1875,-906.25,234.375
2760198,0.0,718.75,695.3125,-93.75,-726.5625,703.125,187.5,-851.5625,507.8125,429.6875,-890.625,164.0625,367.1875,-906.25,242.1875
2760198,0.0,718.75,695.3125,-93.75,-726.5625,703.125,187.5,-851.5625,507.8125,429.6875,-890.625,164.0625,367.1875,-906.25,242.1875
2760208,7.8125,718.75,695.3125,-101.5625,-726.5625,703.125,195.3125,-851.5625,507.8125,429.6875,-882.8125,179.6875,375.0,-906.25,242.1875
2760208,7.8125,718.75,695.3125,-101.5625,-726.5625,703.125,195.3125,-851.5625,507.8125,429.6875,-882.8125,179.6875,375.0,-906.25,242.1875
2760208,7.8125,726.5625,687.5,-101.5625,-726.5625,710.9375,187.5,-859.375,507.8125,421.875,-890.625,171.875,359.375,-906.25,250.0
2760208,7.8125,726.5625,687.5,-101.5625,-726.5625,710.9375,187.5,-859.375,507.8125,421.875,-890.625,171.875,359.375,-906.25,250.0
2760216,0.0,726.5625,687.5,-101.5625,-726.5625,710.9375,187.5,-859.375,500.0,429.6875,-882.8125,171.875,367.1875,-898.4375,242.1875
2760216,0.0,726.5625,687.5,-101.5625,-726.5625,710.9375,187.5,-859.375,500.0,429.6875,-882.8125,171.875,367.1875,-898.4375,242.1875
2760224,0.0,726.5625,695.3125,-101.5625,-718.75,718.75,195.3125,-851.5625,507.8125,429.6875,-890.625,179.6875,359.375,-898.4375,234.375
2760224,0.0,726.5625,695.3125,-101.5625,-718.75,718.75,195.3125,-851.5625,507.8125,429.6875,-890.625,179.6875,359.375,-898.4375,234.375
2760224,0.0,718.75,695.3125,-109.375,-726.5625,710.9375,187.5,-859.375,500.0,421.875,-890.625,171.875,367.1875,-906.25,242.1875
2760224,0.0,718.75,695.3125,-109.375,-726.5625,710.9375,187.5,-859.375,500.0,421.875,-890.625,171.875,367.1875,-906.25,242.1875
2760232,7.8125,718.75,695.3125,-101.5625,-726.5625,710.9375,195.3125,-859.375,515.625,421.875,-882.8125,179.6875,367.1875,-906.25,234.375
2760232,7.8125,718.75,695.3125,-101.5625,-726.5625,710.9375,195.3125,-859.375,515.625,421.875,-882.8125,179.6875,367.1875,-906.25,234.375
2760240,0.0,710.9375,695.3125,-101.5625,-726.5625,710.9375,195.3125,-859.375,507.8125,429.6875,-898.4375,164.0625,367.1875,-906.25,242.1875
2760240,0.0,710.9375,695.3125,-101.5625,-726.5625,710.9375,195.3125,-859.375,507.8125,429.6875,-898.4375,164.0625,367.1875,-906.25,242.1875
2760240,0.0,710.9375,695.3125,-109.375,-734.375,710.9375,187.5,-859.375,507.8125,414.0625,-890.625,164.0625,367.1875,-906.25,234.375
2760240,0.0,710.9375,695.3125,-109.375,-734.375,710.9375,187.5,-859.375,507.8125,414.0625,-890.625,164.0625,367.1875,-906.25,234.375
2760248,0.0,718.75,703.125,-101.5625,-734.375,703.125,187.5,-859.375,507.8125,421.875,-890.625,171.875,367.1875,-906.25,242.1875
2760248,0.0,718.75,703.125,-101.5625,-734.375,703.125,187.5,-859.375,507.8125,421.875,-890.625,171.875,367.1875,-906.25,242.1875
2760361,0.0,710.9375,695.3125,-109.375,-734.375,710.9375,187.5,-859.375,500.0,429.6875,-890.625,179.6875,367.1875,-906.25,242.1875
2760361,0.0,710.9375,695.3125,-109.375,-734.375,710.9375,187.5,-859.375,500.0,429.6875,-890.625,179.6875,367.1875,-906.25,242.1875
2760361,-7.8125,718.75,703.125,-109.375,-734.375,710.9375,187.5,-867.1875,507.8125,437.5,-890.625,164.0625,375.0,-906.25,242.1875
2760361,-7.8125,718.75,703.125,-109.375,-734.375,710.9375,187.5,-867.1875,507.8125,437.5,-890.625,164.0625,375.0,-906.25,242.1875
2760369,-7.8125,718.75,703.125,-109.375,-742.1875,718.75,195.3125,-859.375,507.8125,421.875,-890.625,171.875,375.0,-906.25,242.1875
2760369,-7.8125,718.75,703.125,-109.375,-742.1875,718.75,195.3125,-859.375,507.8125,421.875,-890.625,171.875,375.0,-906.25,242.1875
2760369,-7.8125,718.75,703.125,-109.375,-742.1875,718.75,187.5,-867.1875,500.0,429.6875,-890.625,171.875,375.0,-898.4375,242.1875
2760369,-7.8125,718.75,703.125,-109.375,-742.1875,718.75,187.5,-867.1875,500.0,429.6875,-890.625,171.875,375.0,-898.4375,242.1875
2760514,7.8125,726.5625,703.125,-93.75,-726.5625,710.9375,203.125,-859.375,515.625,437.5,-890.625,171.875,375.0,-906.25,242.1875
2760514,7.8125,726.5625,703.125,-93.75,-726.5625,710.9375,203.125,-859.375,515.625,437.5,-890.625,171.875,375.0,-906.25,242.1875
2760522,0.0,734.375,695.3125,-101.5625,-726.5625,710.9375,187.5,-867.1875,515.625,429.6875,-882.8125,171.875,367.1875,-906.25,250.0
2760522,0.0,734.375,695.3125,-101.5625,-726.5625,710.9375,187.5,-867.1875,515.625,429.6875,-882.8125,171.875,367.1875,-906.25,250.0
2760522,7.8125,726.5625,695.3125,-93.75,-726.5625,718.75,187.5,-859.375,507.8125,429.6875,-882.8125,171.875,359.375,-898.4375,242.1875
2760522,7.8125,726.5625,695.3125,-93.75,-726.5625,718.75,187.5,-859.375,507.8125,429.6875,-882.8125,171.875,359.375,-898.4375,242.1875
2760684,85.9375,750.0,703.125,-39.0625,-789.0625,757.8125,281.25,-875.0,523.4375,507.8125,-851.5625,156.25,382.8125,-1031.25,335.9375
2760684,85.9375,750.0,703.125,-39.0625,-789.0625,757.8125,281.25,-875.0,523.4375,507.8125,-851.5625,156.25,382.8125,-1031.25,335.9375
2760684,101.5625,773.4375,687.5,-70.3125,-796.875,742.1875,273.4375,-937.5,539.0625,515.625,-929.6875,203.125,539.0625,-1007.8125,296.875
2760684,101.5625,773.4375,687.5,-70.3125,-796.875,742.1875,273.4375,-937.5,539.0625,515.625,-929.6875,203.125,539.0625,-1007.8125,296.875
2760691,132.8125,781.25,695.3125,-78.125,-828.125,757.8125,257.8125,-914.0625,531.25,492.1875,-937.5,195.3125,546.875,-945.3125,273.4375
2760691,132.8125,781.25,695.3125,-78.125,-828.125,757.8125,257.8125,-914.0625,531.25,492.1875,-937.5,195.3125,546.875,-945.3125,273.4375
2760829,-31.25,820.3125,656.25,-117.1875,-1031.25,1218.75,203.125,-1382.8125,773.4375,609.375,-1312.5,179.6875,539.0625,-1343.75,367.1875
2760829,-31.25,820.3125,656.25,-117.1875,-1031.25,1218.75,203.125,-1382.8125,773.4375,609.375,-1312.5,179.6875,539.0625,-1343.75,367.1875
2760835,-140.625,718.75,632.8125,-179.6875,-1093.75,1132.8125,148.4375,-1359.375,726.5625,570.3125,-1312.5,148.4375,523.4375,-1312.5,343.75
2760835,-140.625,718.75,632.8125,-179.6875,-1093.75,1132.8125,148.4375,-1359.375,726.5625,570.3125,-1312.5,148.4375,523.4375,-1312.5,343.75
2760845,-265.625,640.625,632.8125,-250.0,-1109.375,1031.25,101.5625,-1335.9375,671.875,546.875,-1312.5,132.8125,500.0,-1289.0625,335.9375
2760845,-265.625,640.625,632.8125,-250.0,-1109.375,1031.25,101.5625,-1335.9375,671.875,546.875,-1312.5,132.8125,500.0,-1289.0625,335.9375
2760998,171.875,1031.25,382.8125,-31.25,-531.25,609.375,-15.625,-679.6875,343.75,62.5,-632.8125,-31.25,-140.625,-679.6875,-85.9375
2760998,171.875,1031.25,382.8125,-31.25,-531.25,609.375,-15.625,-679.6875,343.75,62.5,-632.8125,-31.25,-140.625,-679.6875,-85.9375
2761006,273.4375,1015.625,468.75,-31.25,-546.875,585.9375,39.0625,-671.875,281.25,46.875,-585.9375,-15.625,-125.0,-648.4375,-70.3125
2761006,273.4375,1015.625,468.75,-31.25,-546.875,585.9375,39.0625,-671.875,281.25,46.875,-585.9375,-15.625,-125.0,-648.4375,-70.3125
2761006,398.4375,992.1875,554.6875,0.0,-554.6875,531.25,39.0625,-664.0625,226.5625,23.4375,-570.3125,-31.25,-109.375,-632.8125,-39.0625
2761006,398.4375,992.1875,554.6875,0.0,-554.6875,531.25,39.0625,-664.0625,226.5625,23.4375,-570.3125,-31.25,-109.375,-632.8125,-39.0625
2761167,320.3125,664.0625,-585.9375,390.625,257.8125,804.6875,734.375,31.25,695.3125,750.0,54.6875,726.5625,710.9375,54.6875,804.6875
2761167,320.3125,664.0625,-585.9375,390.625,257.8125,804.6875,734.375,31.25,695.3125,750.0,54.6875,726.5625,710.9375,54.6875,804.6875
2761167,296.875,687.5,-617.1875,414.0625,273.4375,820.3125,773.4375,39.0625,726.5625,757.8125,70.3125,750.0,718.75,62.5,796.875
2761167,296.875,687.5,-617.1875,414.0625,273.4375,820.3125,773.4375,39.0625,726.5625,757.8125,70.3125,750.0,718.75,62.5,796.875
2761175,296.875,703.125,-625.0,421.875,281.25,835.9375,789.0625,39.0625,726.5625,781.25,78.125,750.0,726.5625,62.5,812.5
2761175,296.875,703.125,-625.0,421.875,281.25,835.9375,789.0625,39.0625,726.5625,781.25,78.125,750.0,726.5625,62.5,812.5
2761312,62.5,1179.6875,-351.5625,187.5,-226.5625,1171.875,515.625,-601.5625,898.4375,664.0625,-640.625,710.9375,359.375,-617.1875,898.4375
2761312,62.5,1179.6875,-351.5625,187.5,-226.5625,1171.875,515.625,-601.5625,898.4375,664.0625,-640.625,710.9375,359.375,-617.1875,898.4375
2761320,70.3125,1210.9375,-312.5,171.875,-203.125,1164.0625,507.8125,-593.75,898.4375,640.625,-625.0,703.125,343.75,-593.75,875.0
2761320,70.3125,1210.9375,-312.5,171.875,-203.125,1164.0625,507.8125,-593.75,898.4375,640.625,-625.0,703.125,343.75,-593.75,875.0
2761328,62.5,1226.5625,-281.25,117.1875,-218.75,1148.4375,453.125,-570.3125,906.25,609.375,-632.8125,703.125,312.5,-585.9375,875.0
2761328,62.5,1226.5625,-281.25,117.1875,-218.75,1148.4375,453.125,-570.3125,906.25,609.375,-632.8125,703.125,312.5,-585.9375,875.0
2761482,-750.0,757.8125,-242.1875,-765.625,54.6875,789.0625,-500.0,-250.0,921.875,-398.4375,-734.375,750.0,-671.875,-476.5625,734.375
2761482,-750.0,757.8125,-242.1875,-765.625,54.6875,789.0625,-500.0,-250.0,921.875,-398.4375,-734.375,750.0,-671.875,-476.5625,734.375
2761490,-750.0,765.625,-234.375,-781.25,54.6875,812.5,-500.0,-250.0,945.3125,-375.0,-750.0,765.625,-656.25,-500.0,765.625
2761490,-750.0,765.625,-234.375,-781.25,54.6875,812.5,-500.0,-250.0,945.3125,-375.0,-750.0,765.625,-656.25,-500.0,765.625
2761490,-773.4375,757.8125,-234.375,-765.625,46.875,820.3125,-484.375,-257.8125,968.75,-351.5625,-757.8125,765.625,-671.875,-507.8125,781.25
2761490,-773.4375,757.8125,-234.375,-765.625,46.875,820.3125,-484.375,-257.8125,968.75,-351.5625,-757.8125,765.625,-671.875,-507.8125,781.25
2761651,-656.25,703.125,-445.3125,-554.6875,234.375,882.8125,-234.375,-93.75,1015.625,-195.3125,-539.0625,898.4375,-445.3125,-312.5,890.625
2761651,-656.25,703.125,-445.3125,-554.6875,234.375,882.8125,-234.375,-93.75,1015.625,-195.3125,-539.0625,898.4375,-445.3125,-312.5,890.625
2761651,-648.4375,703.125,-437.5,-539.0625,226.5625,890.625,-226.5625,-101.5625,1015.625,-171.875,-546.875,906.25,-445.3125,-320.3125,906.25
2761651,-648.4375,703.125,-437.5,-539.0625,226.5625,890.625,-226.5625,-101.5625,1015.625,-171.875,-546.875,906.25,-445.3125,-320.3125,906.25
2761659,-632.8125,710.9375,-437.5,-539.0625,210.9375,890.625,-210.9375,-117.1875,1023.4375,-156.25,-554.6875,906.25,-414.0625,-328.125,929.6875
2761659,-632.8125,710.9375,-437.5,-539.0625,210.9375,890.625,-210.9375,-117.1875,1023.4375,-156.25,-554.6875,906.25,-414.0625,-328.125,929.6875
2761796,-507.8125,812.5,-359.375,-343.75,23.4375,976.5625,-7.8125,-312.5,992.1875,101.5625,-632.8125,835.9375,-210.9375,-484.375,906.25
2761796,-507.8125,812.5,-359.375,-343.75,23.4375,976.5625,-7.8125,-312.5,992.1875,101.5625,-632.8125,835.9375,-210.9375,-484.375,906.25
2761803,-500.0,820.3125,-375.0,-343.75,31.25,976.5625,-15.625,-312.5,992.1875,93.75,-632.8125,835.9375,-195.3125,-476.5625,914.0625
2761803,-500.0,820.3125,-375.0,-343.75,31.25,976.5625,-15.625,-312.5,992.1875,93.75,-632.8125,835.9375,-195.3125,-476.5625,914.0625
2761812,-492.1875,828.125,-367.1875,-335.9375,39.0625,976.5625,-23.4375,-304.6875,984.375,85.9375,-625.0,835.9375,-203.125,-468.75,914.0625
2761812,-492.1875,828.125,-367.1875,-335.9375,39.0625,976.5625,-23.4375,-304.6875,984.375,85.9375,-625.0,835.9375,-203.125,-468.75,914.0625
2761965,-476.5625,828.125,-359.375,-335.9375,54.6875,953.125,-15.625,-273.4375,960.9375,93.75,-601.5625,812.5,-179.6875,-445.3125,882.8125
2761965,-476.5625,828.125,-359.375,-335.9375,54.6875,953.125,-15.625,-273.4375,960.9375,93.75,-601.5625,812.5,-179.6875,-445.3125,882.8125
2761973,-484.375,843.75,-359.375,-343.75,62.5,960.9375,-23.4375,-265.625,968.75,78.125,-601.5625,812.5,-195.3125,-437.5,890.625
2761973,-484.375,843.75,-359.375,-343.75,62.5,960.9375,-23.4375,-265.625,968.75,78.125,-601.5625,812.5,-195.3125,-437.5,890.625
2761974,-484.375,828.125,-359.375,-343.75,62.5,945.3125,-23.4375,-265.625,968.75,78.125,-601.5625,820.3125,-195.3125,-445.3125,890.625
2761974,-484.375,828.125,-359.375,-343.75,62.5,945.3125,-23.4375,-265.625,968.75,78.125,-601.5625,820.3125,-195.3125,-445.3125,890.625
2762135,-484.375,820.3125,-367.1875,-320.3125,62.5,976.5625,-7.8125,-281.25,984.375,93.75,-609.375,828.125,-195.3125,-453.125,898.4375
2762135,-484.375,820.3125,-367.1875,-320.3125,62.5,976.5625,-7.8125,-281.25,984.375,93.75,-609.375,828.125,-195.3125,-453.125,898.4375
2762135,-492.1875,828.125,-367.1875,-320.3125,62.5,984.375,-7.8125,-281.25,984.375,93.75,-609.375,828.125,-195.3125,-460.9375,898.4375
2762135,-492.1875,828.125,-367.1875,-320.3125,62.5,984.375,-7.8125,-281.25,984.375,93.75,-609.375,828.125,-195.3125,-460.9375,898.4375
2762143,-492.1875,828.125,-375.0,-320.3125,62.5,968.75,0.0,-281.25,984.375,93.75,-609.375,820.3125,-195.3125,-460.9375,898.4375
2762143,-492.1875,828.125,-375.0,-320.3125,62.5,968.75,0.0,-281.25,984.375,93.75,-609.375,820.3125,-195.3125,-460.9375,898.4375
2762296,-484.375,812.5,-351.5625,-335.9375,78.125,953.125,-23.4375,-257.8125,976.5625,78.125,-593.75,820.3125,-187.5,-445.3125,882.8125
2762296,-484.375,812.5,-351.5625,-335.9375,78.125,953.125,-23.4375,-257.8125,976.5625,78.125,-593.75,820.3125,-187.5,-445.3125,882.8125
2762304,-484.375,812.5,-367.1875,-335.9375,70.3125,945.3125,-15.625,-265.625,976.5625,85.9375,-593.75,820.3125,-187.5,-445.3125,875.0
2762304,-484.375,812.5,-367.1875,-335.9375,70.3125,945.3125,-15.625,-265.625,976.5625,85.9375,-593.75,820.3125,-187.5,-445.3125,875.0
2762304,-484.375,812.5,-359.375,-335.9375,78.125,953.125,-15.625,-273.4375,976.5625,93.75,-585.9375,828.125,-195.3125,-445.3125,882.8125
2762304,-484.375,812.5,-359.375,-335.9375,78.125,953.125,-15.625,-273.4375,976.5625,93.75,-585.9375,828.125,-195.3125,-445.3125,882.8125
2762385,-484.375,828.125,-359.375,-335.9375,62.5,960.9375,-15.625,-273.4375,976.5625,93.75,-617.1875,820.3125,-179.6875,-460.9375,898.4375
2762385,-484.375,828.125,-359.375,-335.9375,62.5,960.9375,-15.625,-273.4375,976.5625,93.75,-617.1875,820.3125,-179.6875,-460.9375,898.4375
2762393,-484.375,820.3125,-359.375,-335.9375,62.5,968.75,-15.625,-281.25,976.5625,101.5625,-617.1875,828.125,-179.6875,-460.9375,890.625
2762393,-484.375,820.3125,-359.375,-335.9375,62.5,968.75,-15.625,-281.25,976.5625,101.5625,-617.1875,828.125,-179.6875,-460.9375,890.625
2762400,-476.5625,820.3125,-351.5625,-335.9375,62.5,953.125,-23.4375,-273.4375,968.75,85.9375,-609.375,828.125,-195.3125,-460.9375,890.625
2762400,-476.5625,820.3125,-351.5625,-335.9375,62.5,953.125,-23.4375,-273.4375,968.75,85.9375,-609.375,828.125,-195.3125,-460.9375,890.625
2762401,-476.5625,820.3125,-351.5625,-335.9375,62.5,953.125,-23.4375,-273.4375,968.75,93.75,-617.1875,812.5,-187.5,-460.9375,890.625
2762401,-476.5625,820.3125,-351.5625,-335.9375,62.5,953.125,-23.4375,-273.4375,968.75,93.75,-617.1875,812.5,-187.5,-460.9375,890.625
2762409,-484.375,828.125,-351.5625,-335.9375,62.5,953.125,-15.625,-273.4375,968.75,93.75,-617.1875,820.3125,-179.6875,-460.9375,898.4375
2762409,-484.375,828.125,-351.5625,-335.9375,62.5,953.125,-15.625,-273.4375,968.75,93.75,-617.1875,820.3125,-179.6875,-460.9375,898.4375
2762417,-484.375,828.125,-359.375,-335.9375,54.6875,960.9375,-23.4375,-289.0625,976.5625,101.5625,-625.0,820.3125,-171.875,-468.75,898.4375
2762417,-484.375,828.125,-359.375,-335.9375,54.6875,960.9375,-23.4375,-289.0625,976.5625,101.5625,-625.0,820.3125,-171.875,-468.75,898.4375
2762417,-476.5625,828.125,-351.5625,-328.125,39.0625,960.9375,-7.8125,-289.0625,976.5625,109.375,-617.1875,820.3125,-171.875,-476.5625,906.25
2762417,-476.5625,828.125,-351.5625,-328.125,39.0625,960.9375,-7.8125,-289.0625,976.5625,109.375,-617.1875,820.3125,-171.875,-476.5625,906.25
2762425,-484.375,828.125,-351.5625,-328.125,54.6875,960.9375,-15.625,-296.875,984.375,109.375,-617.1875,828.125,-179.6875,-476.5625,898.4375
2762425,-484.375,828.125,-351.5625,-328.125,54.6875,960.9375,-15.625,-296.875,984.375,109.375,-617.1875,828.125,-179.6875,-476.5625,898.4375
2762425,-484.375,828.125,-351.5625,-328.125,54.6875,976.5625,0.0,-296.875,984.375,109.375,-617.1875,828.125,-179.6875,-476.5625,890.625
2762425,-484.375,828.125,-351.5625,-328.125,54.6875,976.5625,0.0,-296.875,984.375,109.375,-617.1875,828.125,-179.6875,-476.5625,890.625
2762433,-484.375,835.9375,-351.5625,-328.125,54.6875,976.5625,-7.8125,-289.0625,984.375,101.5625,-617.1875,828.125,-187.5,-468.75,890.625
2762433,-484.375,835.9375,-351.5625,-328.125,54.6875,976.5625,-7.8125,-289.0625,984.375,101.5625,-617.1875,828.125,-187.5,-468.75,890.625
2762441,-476.5625,851.5625,-351.5625,-328.125,54.6875,976.5625,-7.8125,-281.25,984.375,101.5625,-617.1875,812.5,-179.6875,-468.75,882.8125
2762441,-476.5625,851.5625,-351.5625,-328.125,54.6875,976.5625,-7.8125,-281.25,984.375,101.5625,-617.1875,812.5,-179.6875,-468.75,882.8125
2762441,-484.375,851.5625,-367.1875,-328.125,54.6875,976.5625,-7.8125,-281.25,984.375,101.5625,-609.375,820.3125,-187.5,-468.75,890.625
2762441,-484.375,851.5625,-367.1875,-328.125,54.6875,976.5625,-7.8125,-281.25,984.375,101.5625,-609.375,820.3125,-187.5,-468.75,890.625
2762449,-484.375,851.5625,-343.75,-328.125,46.875,960.9375,-15.625,-296.875,976.5625,93.75,-617.1875,820.3125,-187.5,-468.75,890.625
2762449,-484.375,851.5625,-343.75,-328.125,46.875,960.9375,-15.625,-296.875,976.5625,93.75,-617.1875,820.3125,-187.5,-468.75,890.625
2762457,-492.1875,843.75,-351.5625,-328.125,46.875,968.75,-7.8125,-289.0625,984.375,93.75,-609.375,820.3125,-195.3125,-476.5625,898.4375
2762457,-492.1875,843.75,-351.5625,-328.125,46.875,968.75,-7.8125,-289.0625,984.375,93.75,-609.375,820.3125,-195.3125,-476.5625,898.4375
2762457,-484.375,835.9375,-351.5625,-335.9375,54.6875,968.75,-23.4375,-281.25,976.5625,93.75,-617.1875,820.3125,-187.5,-468.75,890.625
2762457,-484.375,835.9375,-351.5625,-335.9375,54.6875,968.75,-23.4375,-281.25,976.5625,93.75,-617.1875,820.3125,-187.5,-468.75,890.625
2762465,-492.1875,828.125,-343.75,-335.9375,54.6875,960.9375,-15.625,-289.0625,976.5625,85.9375,-617.1875,828.125,-187.5,-460.9375,882.8125
2762465,-492.1875,828.125,-343.75,-335.9375,54.6875,960.9375,-15.625,-289.0625,976.5625,85.9375,-617.1875,828.125,-187.5,-460.9375,882.8125
2762465,-492.1875,820.3125,-343.75,-335.9375,54.6875,968.75,-23.4375,-281.25,976.5625,85.9375,-617.1875,828.125,-195.3125,-460.9375,882.8125
2762465,-492.1875,820.3125,-343.75,-335.9375,54.6875,968.75,-23.4375,-281.25,976.5625,85.9375,-617.1875,828.125,-195.3125,-460.9375,882.8125
2762473,-492.1875,812.5,-343.75,-343.75,62.5,960.9375,-23.4375,-273.4375,984.375,93.75,-609.375,820.3125,-187.5,-460.9375,890.625
2762473,-492.1875,812.5,-343.75,-343.75,62.5,960.9375,-23.4375,-273.4375,984.375,93.75,-609.375,820.3125,-187.5,-460.9375,890.625
2762481,-492.1875,812.5,-335.9375,-343.75,54.6875,960.9375,-23.4375,-281.25,984.375,85.9375,-617.1875,820.3125,-179.6875,-468.75,890.625
2762481,-492.1875,812.5,-335.9375,-343.75,54.6875,960.9375,-23.4375,-281.25,984.375,85.9375,-617.1875,820.3125,-179.6875,-468.75,890.625
2762481,-492.1875,812.5,-343.75,-343.75,54.6875,953.125,-23.4375,-273.4375,976.5625,85.9375,-617.1875,820.3125,-187.5,-468.75,882.8125
2762481,-492.1875,812.5,-343.75,-343.75,54.6875,953.125,-23.4375,-273.4375,976.5625,85.9375,-617.1875,820.3125,-187.5,-468.75,882.8125
2762489,-492.1875,828.125,-343.75,-351.5625,54.6875,953.125,-23.4375,-273.4375,976.5625,85.9375,-617.1875,812.5,-203.125,-460.9375,890.625
2762489,-492.1875,828.125,-343.75,-351.5625,54.6875,953.125,-23.4375,-273.4375,976.5625,85.9375,-617.1875,812.5,-203.125,-460.9375,890.625
2762497,-492.1875,828.125,-343.75,-343.75,54.6875,960.9375,-31.25,-281.25,976.5625,78.125,-609.375,812.5,-203.125,-476.5625,882.8125
2762497,-492.1875,828.125,-343.75,-343.75,54.6875,960.9375,-31.25,-281.25,976.5625,78.125,-609.375,812.5,-203.125,-476.5625,882.8125
2762497,-476.5625,828.125,-343.75,-343.75,54.6875,953.125,-31.25,-273.4375,968.75,78.125,-617.1875,812.5,-195.3125,-468.75,875.0
2762497,-476.5625,828.125,-343.75,-343.75,54.6875,953.125,-31.25,-273.4375,968.75,78.125,-617.1875,812.5,-195.3125,-468.75,875.0
2762505,-484.375,820.3125,-328.125,-351.5625,54.6875,953.125,-31.25,-273.4375,960.9375,78.125,-617.1875,804.6875,-195.3125,-468.75,867.1875
2762505,-484.375,820.3125,-328.125,-351.5625,54.6875,953.125,-31.25,-273.4375,960.9375,78.125,-617.1875,804.6875,-195.3125,-468.75,867.1875
2762506,-476.5625,812.5,-328.125,-343.75,46.875,953.125,-31.25,-273.4375,968.75,78.125,-617.1875,812.5,-203.125,-460.9375,882.8125
2762506,-476.5625,812.5,-328.125,-343.75,46.875,953.125,-31.25,-273.4375,968.75,78.125,-617.1875,812.5,-203.125,-460.9375,882.8125
2762512,-468.75,828.125,-335.9375,-343.75,54.6875,960.9375,-31.25,-281.25,960.9375,78.125,-617.1875,812.5,-203.125,-468.75,875.0
2762512,-468.75,828.125,-335.9375,-343.75,54.6875,960.9375,-31.25,-281.25,960.9375,78.125,-617.1875,812.5,-203.125,-468.75,875.0
2762521,-476.5625,828.125,-335.9375,-343.75,46.875,960.9375,-31.25,-281.25,968.75,78.125,-625.0,804.6875,-195.3125,-468.75,882.8125
2762521,-476.5625,828.125,-335.9375,-343.75,46.875,960.9375,-31.25,-281.25,968.75,78.125,-625.0,804.6875,-195.3125,-468.75,882.8125
2762521,-484.375,843.75,-335.9375,-335.9375,46.875,960.9375,-23.4375,-289.0625,960.9375,85.9375,-617.1875,812.5,-195.3125,-476.5625,882.8125
2762521,-484.375,843.75,-335.9375,-335.9375,46.875,960.9375,-23.4375,-289.0625,960.9375,85.9375,-617.1875,812.5,-195.3125,-476.5625,882.8125
2762529,-492.1875,843.75,-343.75,-335.9375,46.875,968.75,-23.4375,-289.0625,976.5625,85.9375,-617.1875,812.5,-203.125,-476.5625,890.625
2762529,-492.1875,843.75,-343.75,-335.9375,46.875,968.75,-23.4375,-289.0625,976.5625,85.9375,-617.1875,812.5,-203.125,-476.5625,890.625
2762538,-492.1875,843.75,-335.9375,-335.9375,39.0625,968.75,-15.625,-289.0625,976.5625,101.5625,-632.8125,820.3125,-187.5,-484.375,890.625
2762538,-492.1875,843.75,-335.9375,-335.9375,39.0625,968.75,-15.625,-289.0625,976.5625,101.5625,-632.8125,820.3125,-187.5,-484.375,890.625
2762538,-492.1875,835.9375,-335.9375,-335.9375,46.875,976.5625,-23.4375,-296.875,984.375,101.5625,-625.0,828.125,-187.5,-484.375,898.4375
2762538,-492.1875,835.9375,-335.9375,-335.9375,46.875,976.5625,-23.4375,-296.875,984.375,101.5625,-625.0,828.125,-187.5,-484.375,898.4375
2762546,-500.0,843.75,-343.75,-335.9375,39.0625,976.5625,-15.625,-289.0625,984.375,101.5625,-625.0,820.3125,-195.3125,-484.375,890.625
2762546,-500.0,843.75,-343.75,-335.9375,39.0625,976.5625,-15.625,-289.0625,984.375,101.5625,-625.0,820.3125,-195.3125,-484.375,890.625
2762546,-500.0,835.9375,-343.75,-335.9375,46.875,976.5625,-15.625,-289.0625,984.375,93.75,-625.0,820.3125,-187.5,-476.5625,898.4375
2762546,-500.0,835.9375,-343.75,-335.9375,46.875,976.5625,-15.625,-289.0625,984.375,93.75,-625.0,820.3125,-187.5,-476.5625,898.4375
2762554,-500.0,843.75,-343.75,-328.125,54.6875,976.5625,-15.625,-281.25,984.375,93.75,-617.1875,820.3125,-195.3125,-476.5625,882.8125
2762554,-500.0,843.75,-343.75,-328.125,54.6875,976.5625,-15.625,-281.25,984.375,93.75,-617.1875,820.3125,-195.3125,-476.5625,882.8125
2762562,-500.0,828.125,-343.75,-335.9375,54.6875,976.5625,-15.625,-281.25,976.5625,93.75,-609.375,820.3125,-187.5,-460.9375,890.625
2762562,-500.0,828.125,-343.75,-335.9375,54.6875,976.5625,-15.625,-281.25,976.5625,93.75,-609.375,820.3125,-187.5,-460.9375,890.625
2762563,-492.1875,828.125,-351.5625,-335.9375,62.5,968.75,-15.625,-281.25,976.5625,78.125,-617.1875,820.3125,-179.6875,-460.9375,890.625
2762563,-492.1875,828.125,-351.5625,-335.9375,62.5,968.75,-15.625,-281.25,976.5625,78.125,-617.1875,820.3125,-179.6875,-460.9375,890.625
2762570,-492.1875,820.3125,-351.5625,-343.75,62.5,960.9375,-15.625,-273.4375,968.75,85.9375,-609.375,820.3125,-195.3125,-468.75,882.8125
2762570,-492.1875,820.3125,-351.5625,-343.75,62.5,960.9375,-15.625,-273.4375,968.75,85.9375,-609.375,820.3125,-195.3125,-468.75,882.8125
2762619,-492.1875,820.3125,-367.1875,-343.75,78.125,945.3125,-23.4375,-242.1875,984.375,78.125,-585.9375,820.3125,-195.3125,-445.3125,890.625
2762619,-492.1875,820.3125,-367.1875,-343.75,78.125,945.3125,-23.4375,-242.1875,984.375,78.125,-585.9375,820.3125,-195.3125,-445.3125,890.625
2762627,-484.375,812.5,-351.5625,-335.9375,78.125,960.9375,-31.25,-250.0,976.5625,70.3125,-585.9375,820.3125,-187.5,-445.3125,882.8125
2762627,-484.375,812.5,-351.5625,-335.9375,78.125,960.9375,-31.25,-250.0,976.5625,70.3125,-585.9375,820.3125,-187.5,-445.3125,882.8125
2762627,-484.375,812.5,-351.5625,-335.9375,70.3125,945.3125,-23.4375,-257.8125,984.375,85.9375,-585.9375,828.125,-187.5,-437.5,890.625
2762627,-484.375,812.5,-351.5625,-335.9375,70.3125,945.3125,-23.4375,-257.8125,984.375,85.9375,-585.9375,828.125,-187.5,-437.5,890.625
2762949,-460.9375,820.3125,-320.3125,-312.5,70.3125,945.3125,-7.8125,-257.8125,953.125,101.5625,-593.75,804.6875,-156.25,-453.125,867.1875
2762949,-460.9375,820.3125,-320.3125,-312.5,70.3125,945.3125,-7.8125,-257.8125,953.125,101.5625,-593.75,804.6875,-156.25,-453.125,867.1875
2762949,-468.75,820.3125,-328.125,-312.5,70.3125,953.125,0.0,-265.625,960.9375,109.375,-585.9375,804.6875,-164.0625,-460.9375,867.1875
2762949,-468.75,820.3125,-328.125,-312.5,70.3125,953.125,0.0,-265.625,960.9375,109.375,-585.9375,804.6875,-164.0625,-460.9375,867.1875
2762957,-460.9375,828.125,-328.125,-312.5,70.3125,937.5,-7.8125,-265.625,953.125,101.5625,-585.9375,796.875,-156.25,-445.3125,875.0
2762957,-460.9375,828.125,-328.125,-312.5,70.3125,937.5,-7.8125,-265.625,953.125,101.5625,-585.9375,796.875,-156.25,-445.3125,875.0
2763022,-460.9375,812.5,-296.875,-335.9375,117.1875,906.25,-39.0625,-187.5,921.875,39.0625,-523.4375,789.0625,-195.3125,-390.625,828.125
2763022,-460.9375,812.5,-296.875,-335.9375,117.1875,906.25,-39.0625,-187.5,921.875,39.0625,-523.4375,789.0625,-195.3125,-390.625,828.125
2763030,-468.75,804.6875,-296.875,-351.5625,117.1875,898.4375,-39.0625,-179.6875,929.6875,23.4375,-523.4375,804.6875,-195.3125,-375.0,835.9375
2763030,-468.75,804.6875,-296.875,-351.5625,117.1875,898.4375,-39.0625,-179.6875,929.6875,23.4375,-523.4375,804.6875,-195.3125,-375.0,835.9375
2763030,-468.75,796.875,-289.0625,-351.5625,93.75,898.4375,-62.5,-210.9375,921.875,39.0625,-554.6875,789.0625,-187.5,-390.625,851.5625
2763030,-468.75,796.875,-289.0625,-351.5625,93.75,898.4375,-62.5,-210.9375,921.875,39.0625,-554.6875,789.0625,-187.5,-390.625,851.5625
2763038,-468.75,781.25,-281.25,-351.5625,93.75,890.625,-39.0625,-203.125,921.875,46.875,-554.6875,781.25,-179.6875,-406.25,867.1875
2763038,-468.75,781.25,-281.25,-351.5625,93.75,890.625,-39.0625,-203.125,921.875,46.875,-554.6875,781.25,-179.6875,-406.25,867.1875
2763046,-484.375,773.4375,-296.875,-343.75,93.75,875.0,-46.875,-218.75,906.25,54.6875,-562.5,789.0625,-179.6875,-414.0625,882.8125
2763046,-484.375,773.4375,-296.875,-343.75,93.75,875.0,-46.875,-218.75,906.25,54.6875,-562.5,789.0625,-179.6875,-414.0625,882.8125
2763046,-492.1875,773.4375,-289.0625,-335.9375,70.3125,875.0,-46.875,-226.5625,914.0625,70.3125,-578.125,804.6875,-171.875,-437.5,890.625
2763046,-492.1875,773.4375,-289.0625,-335.9375,70.3125,875.0,-46.875,-226.5625,914.0625,70.3125,-578.125,804.6875,-171.875,-437.5,890.625
