2750330,118.125,-520.625,-1133.125
2750330,118.125,-520.625,-1133.125
2750334,275.625,-328.125,-1242.5
2750334,275.625,-328.125,-1242.5
2750339,61.25,-240.625,-1172.5
2750339,61.25,-240.625,-1172.5
2750345,-555.625,0.0,-735.0
2750345,-555.625,0.0,-735.0
2750350,-1404.375,-52.5,-533.75
2750350,-1404.375,-52.5,-533.75
2750355,-1474.375,21.875,-153.125
2750355,-1474.375,21.875,-153.125
2750360,-1067.5,109.375,166.25
2750360,-1067.5,109.375,166.25
2750365,-608.125,-43.75,315.0
2750365,-608.125,-43.75,315.0
2750369,-490.0,-205.625,113.75
2750369,-490.0,-205.625,113.75
2750374,-660.625,-148.75,52.5
2750374,-660.625,-148.75,52.5
2750411,695.625,-538.125,-1487.5
2750411,695.625,-538.125,-1487.5
2750415,249.375,-437.5,-1347.5
2750415,249.375,-437.5,-1347.5
2750419,-293.125,-266.875,-1168.125
2750419,-293.125,-266.875,-1168.125
2750424,-791.875,-83.125,-756.875
2750424,-791.875,-83.125,-756.875
2750567,148.75,-595.0,-262.5
2750567,148.75,-595.0,-262.5
2750572,-323.75,-586.25,-345.625
2750572,-323.75,-586.25,-345.625
2750577,-402.5,-459.375,-192.5
2750577,-402.5,-459.375,-192.5
2750733,-621.25,-43.75,-581.875
2750733,-621.25,-43.75,-581.875
2750738,-686.875,-70.0,-700.0
2750738,-686.875,-70.0,-700.0
2750743,-590.625,161.875,-599.375
2750743,-590.625,161.875,-599.375
2750748,-708.75,83.125,-520.625
2750748,-708.75,83.125,-520.625
2750895,-647.5,-420.0,-332.5
2750895,-647.5,-420.0,-332.5
2750900,-280.0,-336.875,-183.75
2750900,-280.0,-336.875,-183.75
2750905,-236.25,-205.625,-56.875
2750905,-236.25,-205.625,-56.875
2751051,-612.5,253.75,-673.75
2751051,-612.5,253.75,-673.75
2751056,-586.25,323.75,-875.0
2751056,-586.25,323.75,-875.0
2751061,-533.75,227.5,-1220.625
2751061,-533.75,227.5,-1220.625
2751217,-52.5,883.75,223.125
2751217,-52.5,883.75,223.125
2751223,-411.25,1093.75,148.75
2751223,-411.25,1093.75,148.75
2751227,-371.875,1308.125,166.25
2751227,-371.875,1308.125,166.25
2751233,-358.75,1351.875,-48.125
2751233,-358.75,1351.875,-48.125
2751374,-1723.75,844.375,-109.375
2751374,-1723.75,844.375,-109.375
2751379,-1351.875,599.375,-441.875
2751379,-1351.875,599.375,-441.875
2751384,-1098.125,463.75,-525.0
2751384,-1098.125,463.75,-525.0
2751540,17198.125,10928.75,40516.875
2751540,17198.125,10928.75,40516.875
2751546,20943.125,16174.375,44410.625
2751546,20943.125,16174.375,44410.625
2751550,21892.5,24521.875,50798.125
2751550,21892.5,24521.875,50798.125
2751702,-143360.0,-29137.5,18620.0
2751702,-143360.0,-29137.5,18620.0
2751707,-143360.0,-19044.375,14262.5
2751707,-143360.0,-19044.375,14262.5
2751712,-143360.0,-5123.125,11694.375
2751712,-143360.0,-5123.125,11694.375
2751858,-143360.0,-37323.125,-98826.875
2751858,-143360.0,-37323.125,-98826.875
2751863,-143360.0,-36745.625,-107117.5
2751863,-143360.0,-36745.625,-107117.5
2751868,-143360.0,-38062.5,-112656.25
2751868,-143360.0,-38062.5,-112656.25
2751934,-143360.0,-128248.75,-120194.375
2751934,-143360.0,-128248.75,-120194.375
2751939,-143360.0,-128633.75,-121244.375
2751939,-143360.0,-128633.75,-121244.375
2751944,-143360.0,-124473.125,-120426.25
2751944,-143360.0,-124473.125,-120426.25
2751949,-143360.0,-118278.125,-120041.25
2751949,-143360.0,-118278.125,-120041.25
2751954,-136106.25,-113518.125,-119787.5
2751954,-136106.25,-113518.125,-119787.5
2751959,-114747.5,-112595.0,-120032.5
2751959,-114747.5,-112595.0,-120032.5
2751964,-95383.75,-117075.0,-121209.375
2751964,-95383.75,-117075.0,-121209.375
2751969,-80434.375,-126958.125,-121498.125
2751969,-80434.375,-126958.125,-121498.125
2751975,-70866.25,-139260.625,-120054.375
2751975,-70866.25,-139260.625,-120054.375
2751979,-68814.375,-143355.625,-119498.75
2751979,-68814.375,-143355.625,-119498.75
2751984,-72200.625,-143355.625,-119476.875
2751984,-72200.625,-143355.625,-119476.875
2751989,-77310.625,-143250.625,-118002.5
2751989,-77310.625,-143250.625,-118002.5
2751995,-82792.5,-143066.875,-114983.75
2751995,-82792.5,-143066.875,-114983.75
2752000,-86655.625,-133905.625,-110858.125
2752000,-86655.625,-133905.625,-110858.125
2752005,-87443.125,-116970.0,-105809.375
2752005,-87443.125,-116970.0,-105809.375
2752010,-84752.5,-103280.625,-101561.25
2752010,-84752.5,-103280.625,-101561.25
2752015,-80937.5,-92837.5,-98227.5
2752015,-80937.5,-92837.5,-98227.5
2752020,-75652.5,-85623.125,-95471.25
2752020,-75652.5,-85623.125,-95471.25
2752025,-66605.0,-84481.25,-93476.25
2752025,-66605.0,-84481.25,-93476.25
2752030,-56280.0,-87451.875,-92347.5
2752030,-56280.0,-87451.875,-92347.5
2752035,-45368.75,-91354.375,-90181.875
2752035,-45368.75,-91354.375,-90181.875
2752040,-35017.5,-95121.25,-89000.625
2752040,-35017.5,-95121.25,-89000.625
2752045,-27886.25,-97076.875,-89888.75
2752045,-27886.25,-97076.875,-89888.75
2752050,-25007.5,-94005.625,-90746.25
2752050,-25007.5,-94005.625,-90746.25
2752054,-24815.0,-85159.375,-88926.25
2752054,-24815.0,-85159.375,-88926.25
2752060,-25554.375,-72791.25,-85881.25
2752060,-25554.375,-72791.25,-85881.25
2752065,-26215.0,-60440.625,-82796.875
2752065,-26215.0,-60440.625,-82796.875
2752070,-26285.0,-51060.625,-79196.25
2752070,-26285.0,-51060.625,-79196.25
2752075,-27453.125,-44673.125,-73185.0
2752075,-27453.125,-44673.125,-73185.0
2752080,-31163.125,-42402.5,-66968.125
2752080,-31163.125,-42402.5,-66968.125
2752086,-36382.5,-41151.25,-60694.375
2752086,-36382.5,-41151.25,-60694.375
2752090,-41689.375,-38246.25,-53830.0
2752090,-41689.375,-38246.25,-53830.0
2752096,-48120.625,-33718.125,-46567.5
2752096,-48120.625,-33718.125,-46567.5
2752100,-54057.5,-26131.875,-40250.0
2752100,-54057.5,-26131.875,-40250.0
2752106,-57658.125,-17084.375,-35280.0
2752106,-57658.125,-17084.375,-35280.0
2752111,-59311.875,-8439.375,-29977.5
2752111,-59311.875,-8439.375,-29977.5
2752116,-58848.125,-1701.875,-26481.875
2752116,-58848.125,-1701.875,-26481.875
2752121,-52583.125,2607.5,-25913.125
2752121,-52583.125,2607.5,-25913.125
2752126,-40503.75,6024.375,-26740.0
2752126,-40503.75,6024.375,-26740.0
2752131,-26783.75,9795.625,-26390.0
2752131,-26783.75,9795.625,-26390.0
2752177,8111.25,31373.125,-5735.625
2752177,8111.25,31373.125,-5735.625
2752181,4567.5,37095.625,-2493.75
2752181,4567.5,37095.625,-2493.75
2752186,-406.875,41076.875,695.625
2752186,-406.875,41076.875,695.625
2752192,-5005.0,45946.25,4558.75
2752192,-5005.0,45946.25,4558.75
2752348,-42227.5,105656.25,34251.875
2752348,-42227.5,105656.25,34251.875
2752353,-45110.625,108854.375,36890.0
2752353,-45110.625,108854.375,36890.0
2752358,-50588.125,111912.5,41151.25
2752358,-50588.125,111912.5,41151.25
2752513,-36968.75,121953.125,4891.25
2752513,-36968.75,121953.125,4891.25
2752518,-35700.0,120321.25,2318.75
2752518,-35700.0,120321.25,2318.75
2752524,-36465.625,118680.625,8.75
2752524,-36465.625,118680.625,8.75
2752666,-13807.5,37795.625,16200.625
2752666,-13807.5,37795.625,16200.625
2752670,-9655.625,38640.0,15413.125
2752670,-9655.625,38640.0,15413.125
2752676,-5801.25,36351.875,15207.5
2752676,-5801.25,36351.875,15207.5
2752832,-603.75,-122.5,4173.75
2752832,-603.75,-122.5,4173.75
2752838,-144.375,-56.875,4458.125
2752838,-144.375,-56.875,4458.125
2752842,756.875,-1032.5,3622.5
2752842,756.875,-1032.5,3622.5
