2768674,-46.875,687.5,726.5625,-109.375,-765.625,671.875,195.3125,-867.1875,492.1875,429.6875,-875.0,226.5625,390.625,-867.1875,328.125
2768674,-46.875,687.5,726.5625,-109.375,-765.625,671.875,195.3125,-867.1875,492.1875,429.6875,-875.0,226.5625,390.625,-867.1875,328.125
2768682,-46.875,687.5,718.75,-101.5625,-765.625,671.875,203.125,-875.0,484.375,421.875,-882.8125,218.75,390.625,-867.1875,335.9375
2768682,-46.875,687.5,718.75,-101.5625,-765.625,671.875,203.125,-875.0,484.375,421.875,-882.8125,218.75,390.625,-867.1875,335.9375
2768690,-46.875,695.3125,726.5625,-109.375,-765.625,671.875,195.3125,-867.1875,492.1875,429.6875,-882.8125,218.75,390.625,-875.0,335.9375
2768690,-46.875,695.3125,726.5625,-109.375,-765.625,671.875,195.3125,-867.1875,492.1875,429.6875,-882.8125,218.75,390.625,-875.0,335.9375
2768691,-54.6875,687.5,734.375,-109.375,-773.4375,671.875,203.125,-875.0,484.375,421.875,-882.8125,218.75,382.8125,-875.0,328.125
2768691,-54.6875,687.5,734.375,-109.375,-773.4375,671.875,203.125,-875.0,484.375,421.875,-882.8125,218.75,382.8125,-875.0,328.125
2768698,-46.875,695.3125,734.375,-117.1875,-765.625,664.0625,195.3125,-875.0,476.5625,429.6875,-890.625,218.75,390.625,-875.0,335.9375
2768698,-46.875,695.3125,734.375,-117.1875,-765.625,664.0625,195.3125,-875.0,476.5625,429.6875,-890.625,218.75,390.625,-875.0,335.9375
2768706,-46.875,695.3125,734.375,-109.375,-765.625,679.6875,195.3125,-875.0,484.375,429.6875,-890.625,226.5625,390.625,-867.1875,328.125
2768706,-46.875,695.3125,734.375,-109.375,-765.625,679.6875,195.3125,-875.0,484.375,429.6875,-890.625,226.5625,390.625,-867.1875,328.125
2768707,-46.875,687.5,726.5625,-109.375,-773.4375,664.0625,195.3125,-875.0,484.375,429.6875,-890.625,218.75,382.8125,-867.1875,328.125
2768707,-46.875,687.5,726.5625,-109.375,-773.4375,664.0625,195.3125,-875.0,484.375,429.6875,-890.625,218.75,382.8125,-867.1875,328.125
2768714,-39.0625,695.3125,726.5625,-109.375,-765.625,671.875,195.3125,-882.8125,484.375,421.875,-882.8125,210.9375,390.625,-867.1875,320.3125
2768714,-39.0625,695.3125,726.5625,-109.375,-765.625,671.875,195.3125,-882.8125,484.375,421.875,-882.8125,210.9375,390.625,-867.1875,320.3125
2768715,-46.875,687.5,726.5625,-117.1875,-765.625,664.0625,187.5,-875.0,484.375,429.6875,-882.8125,218.75,390.625,-875.0,320.3125
2768715,-46.875,687.5,726.5625,-117.1875,-765.625,664.0625,187.5,-875.0,484.375,429.6875,-882.8125,218.75,390.625,-875.0,320.3125
2768723,-54.6875,695.3125,726.5625,-109.375,-773.4375,664.0625,195.3125,-867.1875,492.1875,421.875,-882.8125,210.9375,390.625,-867.1875,328.125
2768723,-54.6875,695.3125,726.5625,-109.375,-773.4375,664.0625,195.3125,-867.1875,492.1875,421.875,-882.8125,210.9375,390.625,-867.1875,328.125
2768730,-54.6875,687.5,726.5625,-117.1875,-765.625,671.875,195.3125,-867.1875,484.375,421.875,-882.8125,218.75,382.8125,-875.0,328.125
2768730,-54.6875,687.5,726.5625,-117.1875,-765.625,671.875,195.3125,-867.1875,484.375,421.875,-882.8125,218.75,382.8125,-875.0,328.125
2768731,-46.875,687.5,718.75,-117.1875,-765.625,671.875,203.125,-875.0,476.5625,421.875,-882.8125,218.75,390.625,-875.0,328.125
2768731,-46.875,687.5,718.75,-117.1875,-765.625,671.875,203.125,-875.0,476.5625,421.875,-882.8125,218.75,390.625,-875.0,328.125
2768739,-46.875,695.3125,726.5625,-109.375,-765.625,664.0625,195.3125,-875.0,484.375,429.6875,-890.625,218.75,390.625,-867.1875,320.3125
2768739,-46.875,695.3125,726.5625,-109.375,-765.625,664.0625,195.3125,-875.0,484.375,429.6875,-890.625,218.75,390.625,-867.1875,320.3125
2768747,-46.875,695.3125,726.5625,-109.375,-773.4375,671.875,195.3125,-875.0,484.375,429.6875,-882.8125,218.75,382.8125,-875.0,320.3125
2768747,-46.875,695.3125,726.5625,-109.375,-773.4375,671.875,195.3125,-875.0,484.375,429.6875,-882.8125,218.75,382.8125,-875.0,320.3125
2768747,-46.875,703.125,726.5625,-109.375,-765.625,671.875,195.3125,-867.1875,484.375,429.6875,-875.0,218.75,390.625,-867.1875,335.9375
2768747,-46.875,703.125,726.5625,-109.375,-765.625,671.875,195.3125,-867.1875,484.375,429.6875,-875.0,218.75,390.625,-867.1875,335.9375
2768876,-46.875,695.3125,726.5625,-109.375,-773.4375,671.875,195.3125,-875.0,476.5625,429.6875,-882.8125,218.75,382.8125,-875.0,328.125
2768876,-46.875,695.3125,726.5625,-109.375,-773.4375,671.875,195.3125,-875.0,476.5625,429.6875,-882.8125,218.75,382.8125,-875.0,328.125
2768876,-46.875,687.5,726.5625,-109.375,-757.8125,671.875,195.3125,-875.0,484.375,421.875,-882.8125,210.9375,390.625,-875.0,328.125
2768876,-46.875,687.5,726.5625,-109.375,-757.8125,671.875,195.3125,-875.0,484.375,421.875,-882.8125,210.9375,390.625,-875.0,328.125
2768884,-46.875,695.3125,726.5625,-109.375,-773.4375,679.6875,203.125,-859.375,484.375,429.6875,-882.8125,226.5625,382.8125,-859.375,320.3125
2768884,-46.875,695.3125,726.5625,-109.375,-773.4375,679.6875,203.125,-859.375,484.375,429.6875,-882.8125,226.5625,382.8125,-859.375,320.3125
2769029,-39.0625,695.3125,726.5625,-101.5625,-765.625,671.875,203.125,-867.1875,484.375,429.6875,-882.8125,218.75,382.8125,-875.0,328.125
2769029,-39.0625,695.3125,726.5625,-101.5625,-765.625,671.875,203.125,-867.1875,484.375,429.6875,-882.8125,218.75,382.8125,-875.0,328.125
2769029,-39.0625,695.3125,726.5625,-109.375,-765.625,671.875,195.3125,-875.0,484.375,429.6875,-890.625,226.5625,390.625,-867.1875,328.125
2769029,-39.0625,695.3125,726.5625,-109.375,-765.625,671.875,195.3125,-875.0,484.375,429.6875,-890.625,226.5625,390.625,-867.1875,328.125
2769037,-39.0625,695.3125,734.375,-109.375,-765.625,664.0625,195.3125,-867.1875,500.0,429.6875,-882.8125,226.5625,390.625,-875.0,328.125
2769037,-39.0625,695.3125,734.375,-109.375,-765.625,664.0625,195.3125,-867.1875,500.0,429.6875,-882.8125,226.5625,390.625,-875.0,328.125
2769190,-46.875,695.3125,718.75,-109.375,-773.4375,679.6875,203.125,-867.1875,484.375,437.5,-875.0,218.75,382.8125,-867.1875,328.125
2769190,-46.875,695.3125,718.75,-109.375,-773.4375,679.6875,203.125,-867.1875,484.375,437.5,-875.0,218.75,382.8125,-867.1875,328.125
2769198,-39.0625,687.5,734.375,-93.75,-773.4375,671.875,203.125,-867.1875,484.375,421.875,-875.0,218.75,390.625,-859.375,335.9375
2769198,-39.0625,687.5,734.375,-93.75,-773.4375,671.875,203.125,-867.1875,484.375,421.875,-875.0,218.75,390.625,-859.375,335.9375
2769198,-39.0625,695.3125,726.5625,-109.375,-765.625,671.875,203.125,-867.1875,492.1875,445.3125,-875.0,226.5625,398.4375,-859.375,328.125
2769198,-39.0625,695.3125,726.5625,-109.375,-765.625,671.875,203.125,-867.1875,492.1875,445.3125,-875.0,226.5625,398.4375,-859.375,328.125
2769359,0.0,718.75,718.75,-93.75,-765.625,695.3125,210.9375,-875.0,492.1875,429.6875,-875.0,195.3125,414.0625,-875.0,343.75
2769359,0.0,718.75,718.75,-93.75,-765.625,695.3125,210.9375,-875.0,492.1875,429.6875,-875.0,195.3125,414.0625,-875.0,343.75
2769360,0.0,718.75,734.375,-109.375,-773.4375,695.3125,203.125,-875.0,492.1875,492.1875,-906.25,273.4375,414.0625,-859.375,335.9375
2769360,0.0,718.75,734.375,-109.375,-773.4375,695.3125,203.125,-875.0,492.1875,492.1875,-906.25,273.4375,414.0625,-859.375,335.9375
2769367,-15.625,742.1875,742.1875,-117.1875,-781.25,679.6875,203.125,-882.8125,492.1875,421.875,-882.8125,218.75,414.0625,-867.1875,351.5625
2769367,-15.625,742.1875,742.1875,-117.1875,-781.25,679.6875,203.125,-882.8125,492.1875,421.875,-882.8125,218.75,414.0625,-867.1875,351.5625
2769512,304.6875,789.0625,781.25,70.3125,-859.375,765.625,375.0,-976.5625,492.1875,757.8125,-859.375,375.0,710.9375,-796.875,429.6875
2769512,304.6875,789.0625,781.25,70.3125,-859.375,765.625,375.0,-976.5625,492.1875,757.8125,-859.375,375.0,710.9375,-796.875,429.6875
2769512,367.1875,812.5,781.25,78.125,-898.4375,781.25,414.0625,-1007.8125,539.0625,734.375,-914.0625,367.1875,726.5625,-804.6875,453.125
2769512,367.1875,812.5,781.25,78.125,-898.4375,781.25,414.0625,-1007.8125,539.0625,734.375,-914.0625,367.1875,726.5625,-804.6875,453.125
2769521,648.4375,1234.375,828.125,62.5,-859.375,812.5,414.0625,-1000.0,539.0625,789.0625,-875.0,382.8125,695.3125,-835.9375,507.8125
2769521,648.4375,1234.375,828.125,62.5,-859.375,812.5,414.0625,-1000.0,539.0625,789.0625,-875.0,382.8125,695.3125,-835.9375,507.8125
2769675,23.4375,1125.0,773.4375,132.8125,-1179.6875,1210.9375,500.0,-1484.375,796.875,1000.0,-1484.375,335.9375,812.5,-1421.875,734.375
2769675,23.4375,1125.0,773.4375,132.8125,-1179.6875,1210.9375,500.0,-1484.375,796.875,1000.0,-1484.375,335.9375,812.5,-1421.875,734.375
2769683,46.875,1093.75,773.4375,78.125,-1156.25,1117.1875,445.3125,-1437.5,757.8125,953.125,-1429.6875,296.875,796.875,-1382.8125,664.0625
2769683,46.875,1093.75,773.4375,78.125,-1156.25,1117.1875,445.3125,-1437.5,757.8125,953.125,-1429.6875,296.875,796.875,-1382.8125,664.0625
2769683,54.6875,1062.5,742.1875,54.6875,-1156.25,1039.0625,414.0625,-1453.125,726.5625,914.0625,-1359.375,257.8125,757.8125,-1343.75,601.5625
2769683,54.6875,1062.5,742.1875,54.6875,-1156.25,1039.0625,414.0625,-1453.125,726.5625,914.0625,-1359.375,257.8125,757.8125,-1343.75,601.5625
2769844,85.9375,851.5625,265.625,-140.625,-437.5,515.625,-46.875,-632.8125,250.0,125.0,-679.6875,7.8125,78.125,-695.3125,164.0625
2769844,85.9375,851.5625,265.625,-140.625,-437.5,515.625,-46.875,-632.8125,250.0,125.0,-679.6875,7.8125,78.125,-695.3125,164.0625
2769844,109.375,820.3125,281.25,-109.375,-406.25,531.25,-31.25,-601.5625,304.6875,140.625,-632.8125,31.25,93.75,-648.4375,187.5
2769844,109.375,820.3125,281.25,-109.375,-406.25,531.25,-31.25,-601.5625,304.6875,140.625,-632.8125,31.25,93.75,-648.4375,187.5
2769852,132.8125,773.4375,296.875,-93.75,-359.375,562.5,-15.625,-531.25,296.875,117.1875,-593.75,70.3125,85.9375,-609.375,203.125
2769852,132.8125,773.4375,296.875,-93.75,-359.375,562.5,-15.625,-531.25,296.875,117.1875,-593.75,70.3125,85.9375,-609.375,203.125
2769997,226.5625,804.6875,-453.125,218.75,257.8125,921.875,484.375,-39.0625,875.0,500.0,-93.75,851.5625,437.5,-7.8125,765.625
2769997,226.5625,804.6875,-453.125,218.75,257.8125,921.875,484.375,-39.0625,875.0,500.0,-93.75,851.5625,437.5,-7.8125,765.625
2769997,242.1875,804.6875,-468.75,234.375,218.75,953.125,515.625,-62.5,867.1875,562.5,-125.0,859.375,484.375,-31.25,828.125
2769997,242.1875,804.6875,-468.75,234.375,218.75,953.125,515.625,-62.5,867.1875,562.5,-125.0,859.375,484.375,-31.25,828.125
2770004,250.0,828.125,-500.0,281.25,203.125,968.75,539.0625,-109.375,898.4375,593.75,-187.5,843.75,492.1875,-62.5,875.0
2770004,250.0,828.125,-500.0,281.25,203.125,968.75,539.0625,-109.375,898.4375,593.75,-187.5,843.75,492.1875,-62.5,875.0
2770158,39.0625,976.5625,-554.6875,382.8125,101.5625,1062.5,640.625,-343.75,1023.4375,710.9375,-375.0,914.0625,437.5,-296.875,992.1875
2770158,39.0625,976.5625,-554.6875,382.8125,101.5625,1062.5,640.625,-343.75,1023.4375,710.9375,-375.0,914.0625,437.5,-296.875,992.1875
2770166,-7.8125,953.125,-562.5,453.125,-15.625,1156.25,726.5625,-421.875,1093.75,781.25,-445.3125,929.6875,453.125,-375.0,1023.4375
2770166,-7.8125,953.125,-562.5,453.125,-15.625,1156.25,726.5625,-421.875,1093.75,781.25,-445.3125,929.6875,453.125,-375.0,1023.4375
2770166,7.8125,937.5,-562.5,468.75,-39.0625,1242.1875,750.0,-484.375,1140.625,835.9375,-492.1875,945.3125,507.8125,-437.5,1085.9375
2770166,7.8125,937.5,-562.5,468.75,-39.0625,1242.1875,750.0,-484.375,1140.625,835.9375,-492.1875,945.3125,507.8125,-437.5,1085.9375
2770239,31.25,1195.3125,-328.125,148.4375,-179.6875,1195.3125,375.0,-585.9375,984.375,562.5,-671.875,742.1875,265.625,-625.0,859.375
2770239,31.25,1195.3125,-328.125,148.4375,-179.6875,1195.3125,375.0,-585.9375,984.375,562.5,-671.875,742.1875,265.625,-625.0,859.375
2770239,15.625,1218.75,-335.9375,140.625,-187.5,1210.9375,351.5625,-593.75,1007.8125,523.4375,-703.125,742.1875,210.9375,-648.4375,875.0
2770239,15.625,1218.75,-335.9375,140.625,-187.5,1210.9375,351.5625,-593.75,1007.8125,523.4375,-703.125,742.1875,210.9375,-648.4375,875.0
2770247,-7.8125,1203.125,-328.125,101.5625,-179.6875,1234.375,320.3125,-593.75,1023.4375,515.625,-734.375,757.8125,218.75,-679.6875,921.875
2770247,-7.8125,1203.125,-328.125,101.5625,-179.6875,1234.375,320.3125,-593.75,1023.4375,515.625,-734.375,757.8125,218.75,-679.6875,921.875
2770247,-46.875,1187.5,-312.5,85.9375,-195.3125,1242.1875,312.5,-617.1875,1039.0625,531.25,-757.8125,765.625,226.5625,-710.9375,953.125
2770247,-46.875,1187.5,-312.5,85.9375,-195.3125,1242.1875,312.5,-617.1875,1039.0625,531.25,-757.8125,765.625,226.5625,-710.9375,953.125
2770255,-62.5,1156.25,-320.3125,54.6875,-234.375,1234.375,296.875,-640.625,1031.25,515.625,-796.875,757.8125,210.9375,-734.375,960.9375
2770255,-62.5,1156.25,-320.3125,54.6875,-234.375,1234.375,296.875,-640.625,1031.25,515.625,-796.875,757.8125,210.9375,-734.375,960.9375
2770263,-101.5625,1109.375,-343.75,31.25,-242.1875,1210.9375,250.0,-648.4375,1039.0625,507.8125,-828.125,765.625,187.5,-750.0,976.5625
2770263,-101.5625,1109.375,-343.75,31.25,-242.1875,1210.9375,250.0,-648.4375,1039.0625,507.8125,-828.125,765.625,187.5,-750.0,976.5625
2770263,-140.625,1078.125,-320.3125,-7.8125,-265.625,1171.875,203.125,-664.0625,1023.4375,476.5625,-835.9375,781.25,156.25,-757.8125,984.375
2770263,-140.625,1078.125,-320.3125,-7.8125,-265.625,1171.875,203.125,-664.0625,1023.4375,476.5625,-835.9375,781.25,156.25,-757.8125,984.375
2770271,-156.25,1054.6875,-328.125,-70.3125,-265.625,1140.625,156.25,-656.25,1007.8125,437.5,-843.75,765.625,140.625,-750.0,992.1875
2770271,-156.25,1054.6875,-328.125,-70.3125,-265.625,1140.625,156.25,-656.25,1007.8125,437.5,-843.75,765.625,140.625,-750.0,992.1875
2770279,-171.875,1039.0625,-312.5,-101.5625,-242.1875,1109.375,117.1875,-632.8125,984.375,406.25,-835.9375,757.8125,109.375,-718.75,968.75
2770279,-171.875,1039.0625,-312.5,-101.5625,-242.1875,1109.375,117.1875,-632.8125,984.375,406.25,-835.9375,757.8125,109.375,-718.75,968.75
2770279,-187.5,1031.25,-296.875,-140.625,-234.375,1070.3125,70.3125,-593.75,953.125,359.375,-820.3125,742.1875,85.9375,-710.9375,937.5
2770279,-187.5,1031.25,-296.875,-140.625,-234.375,1070.3125,70.3125,-593.75,953.125,359.375,-820.3125,742.1875,85.9375,-710.9375,937.5
2770287,-195.3125,1039.0625,-273.4375,-171.875,-203.125,1046.875,54.6875,-578.125,937.5,335.9375,-796.875,726.5625,70.3125,-703.125,898.4375
2770287,-195.3125,1039.0625,-273.4375,-171.875,-203.125,1046.875,54.6875,-578.125,937.5,335.9375,-796.875,726.5625,70.3125,-703.125,898.4375
2770287,-203.125,1023.4375,-289.0625,-179.6875,-179.6875,1031.25,46.875,-539.0625,921.875,296.875,-781.25,710.9375,23.4375,-679.6875,875.0
2770287,-203.125,1023.4375,-289.0625,-179.6875,-179.6875,1031.25,46.875,-539.0625,921.875,296.875,-781.25,710.9375,23.4375,-679.6875,875.0
2770400,-648.4375,671.875,-437.5,-562.5,164.0625,828.125,-320.3125,-109.375,953.125,-250.0,-578.125,804.6875,-484.375,-359.375,804.6875
2770400,-648.4375,671.875,-437.5,-562.5,164.0625,828.125,-320.3125,-109.375,953.125,-250.0,-578.125,804.6875,-484.375,-359.375,804.6875
2770408,-656.25,687.5,-429.6875,-546.875,218.75,851.5625,-328.125,-101.5625,984.375,-250.0,-585.9375,828.125,-507.8125,-367.1875,820.3125
2770408,-656.25,687.5,-429.6875,-546.875,218.75,851.5625,-328.125,-101.5625,984.375,-250.0,-585.9375,828.125,-507.8125,-367.1875,820.3125
2770408,-656.25,703.125,-437.5,-570.3125,203.125,875.0,-328.125,-101.5625,1007.8125,-265.625,-593.75,851.5625,-531.25,-375.0,820.3125
2770408,-656.25,703.125,-437.5,-570.3125,203.125,875.0,-328.125,-101.5625,1007.8125,-265.625,-593.75,851.5625,-531.25,-375.0,820.3125
2770569,-617.1875,656.25,-593.75,-445.3125,320.3125,937.5,-187.5,7.8125,1054.6875,-164.0625,-492.1875,984.375,-421.875,-250.0,984.375
2770569,-617.1875,656.25,-593.75,-445.3125,320.3125,937.5,-187.5,7.8125,1054.6875,-164.0625,-492.1875,984.375,-421.875,-250.0,984.375
2770569,-609.375,671.875,-593.75,-437.5,312.5,937.5,-171.875,-7.8125,1078.125,-140.625,-492.1875,992.1875,-390.625,-265.625,1000.0
2770569,-609.375,671.875,-593.75,-437.5,312.5,937.5,-171.875,-7.8125,1078.125,-140.625,-492.1875,992.1875,-390.625,-265.625,1000.0
2770577,-601.5625,671.875,-593.75,-421.875,304.6875,953.125,-148.4375,-23.4375,1078.125,-101.5625,-507.8125,992.1875,-375.0,-273.4375,1007.8125
2770577,-601.5625,671.875,-593.75,-421.875,304.6875,953.125,-148.4375,-23.4375,1078.125,-101.5625,-507.8125,992.1875,-375.0,-273.4375,1007.8125
2770642,-539.0625,757.8125,-539.0625,-304.6875,187.5,1039.0625,-31.25,-171.875,1078.125,39.0625,-578.125,945.3125,-250.0,-390.625,1007.8125
2770642,-539.0625,757.8125,-539.0625,-304.6875,187.5,1039.0625,-31.25,-171.875,1078.125,39.0625,-578.125,945.3125,-250.0,-390.625,1007.8125
2770650,-546.875,765.625,-546.875,-304.6875,171.875,1039.0625,-39.0625,-179.6875,1101.5625,46.875,-593.75,960.9375,-250.0,-398.4375,1031.25
2770650,-546.875,765.625,-546.875,-304.6875,171.875,1039.0625,-39.0625,-179.6875,1101.5625,46.875,-593.75,960.9375,-250.0,-398.4375,1031.25
2770650,-539.0625,765.625,-539.0625,-296.875,164.0625,1039.0625,-31.25,-179.6875,1109.375,54.6875,-593.75,953.125,-250.0,-406.25,1023.4375
2770650,-539.0625,765.625,-539.0625,-296.875,164.0625,1039.0625,-31.25,-179.6875,1109.375,54.6875,-593.75,953.125,-250.0,-406.25,1023.4375
2770811,-468.75,773.4375,-492.1875,-250.0,164.0625,960.9375,-15.625,-164.0625,984.375,70.3125,-515.625,867.1875,-179.6875,-367.1875,914.0625
2770811,-468.75,773.4375,-492.1875,-250.0,164.0625,960.9375,-15.625,-164.0625,984.375,70.3125,-515.625,867.1875,-179.6875,-367.1875,914.0625
2770811,-468.75,773.4375,-484.375,-250.0,171.875,976.5625,-7.8125,-164.0625,992.1875,85.9375,-523.4375,867.1875,-171.875,-359.375,914.0625
2770811,-468.75,773.4375,-484.375,-250.0,171.875,976.5625,-7.8125,-164.0625,992.1875,85.9375,-523.4375,867.1875,-171.875,-359.375,914.0625
2770818,-460.9375,781.25,-492.1875,-250.0,164.0625,968.75,7.8125,-164.0625,1000.0,85.9375,-515.625,875.0,-164.0625,-367.1875,929.6875
2770818,-460.9375,781.25,-492.1875,-250.0,164.0625,968.75,7.8125,-164.0625,1000.0,85.9375,-515.625,875.0,-164.0625,-367.1875,929.6875
2770892,-453.125,765.625,-484.375,-257.8125,156.25,953.125,-15.625,-164.0625,992.1875,62.5,-523.4375,859.375,-195.3125,-359.375,906.25
2770892,-453.125,765.625,-484.375,-257.8125,156.25,953.125,-15.625,-164.0625,992.1875,62.5,-523.4375,859.375,-195.3125,-359.375,906.25
2770892,-460.9375,773.4375,-476.5625,-250.0,164.0625,960.9375,-7.8125,-156.25,984.375,62.5,-515.625,859.375,-203.125,-351.5625,898.4375
2770892,-460.9375,773.4375,-476.5625,-250.0,164.0625,960.9375,-7.8125,-156.25,984.375,62.5,-515.625,859.375,-203.125,-351.5625,898.4375
2770900,-460.9375,781.25,-476.5625,-257.8125,179.6875,968.75,-15.625,-148.4375,984.375,54.6875,-515.625,859.375,-195.3125,-351.5625,906.25
2770900,-460.9375,781.25,-476.5625,-257.8125,179.6875,968.75,-15.625,-148.4375,984.375,54.6875,-515.625,859.375,-195.3125,-351.5625,906.25
