2742437,573.125,-1089.375,65.625
2742437,573.125,-1089.375,65.625
2742442,743.75,-1286.25,30.625
2742442,743.75,-1286.25,30.625
2742447,743.75,-1465.625,-91.875
2742447,743.75,-1465.625,-91.875
2742452,717.5,-1487.5,-301.875
2742452,717.5,-1487.5,-301.875
2742457,599.375,-1408.75,-253.75
2742457,599.375,-1408.75,-253.75
2742463,354.375,-1456.875,-398.125
2742463,354.375,-1456.875,-398.125
2742467,140.0,-1264.375,-695.625
2742467,140.0,-1264.375,-695.625
2742473,-231.875,-953.75,-770.0
2742473,-231.875,-953.75,-770.0
2742478,-332.5,-761.25,-612.5
2742478,-332.5,-761.25,-612.5
2742483,-406.875,-923.125,-450.625
2742483,-406.875,-923.125,-450.625
2742488,-634.375,-980.0,-223.125
2742488,-634.375,-980.0,-223.125
2742493,-249.375,-577.5,-245.0
2742493,-249.375,-577.5,-245.0
2742498,-415.625,-380.625,236.25
2742498,-415.625,-380.625,236.25
2742504,-345.625,-332.5,498.75
2742504,-345.625,-332.5,498.75
2742509,-13.125,-201.25,420.0
2742509,-13.125,-201.25,420.0
2742514,109.375,-275.625,249.375
2742514,109.375,-275.625,249.375
2742520,498.75,-249.375,78.75
2742520,498.75,-249.375,78.75
2742524,875.0,-231.875,-61.25
2742524,875.0,-231.875,-61.25
2742529,1093.75,-280.0,-179.375
2742529,1093.75,-280.0,-179.375
2742534,1360.625,-389.375,175.0
2742534,1360.625,-389.375,175.0
2742540,1990.625,70.0,590.625
2742540,1990.625,70.0,590.625
2742545,2349.375,253.75,1225.0
2742545,2349.375,253.75,1225.0
2742550,2541.875,-651.875,2292.5
2742550,2541.875,-651.875,2292.5
2742555,2821.875,-901.25,1811.25
2742555,2821.875,-901.25,1811.25
2742561,2721.25,-560.0,1229.375
2742561,2721.25,-560.0,1229.375
2742565,2708.125,-380.625,1028.125
2742565,2708.125,-380.625,1028.125
2742571,2401.875,-385.0,835.625
2742571,2401.875,-385.0,835.625
2742576,1898.75,-205.625,678.125
2742576,1898.75,-205.625,678.125
2742581,1347.5,-148.75,551.25
2742581,1347.5,-148.75,551.25
2742586,1019.375,-157.5,665.0
2742586,1019.375,-157.5,665.0
2742591,660.625,-275.625,700.0
2742591,660.625,-275.625,700.0
2742596,-70.0,-310.625,835.625
2742596,-70.0,-310.625,835.625
2742601,-363.125,-249.375,1019.375
2742601,-363.125,-249.375,1019.375
2742607,-441.875,144.375,931.875
2742607,-441.875,144.375,931.875
2742612,-271.25,682.5,525.0
2742612,-271.25,682.5,525.0
2742618,-245.0,1067.5,630.0
2742618,-245.0,1067.5,630.0
2742622,113.75,1531.25,857.5
2742622,113.75,1531.25,857.5
2742627,643.125,2047.5,538.125
2742627,643.125,2047.5,538.125
2742633,476.875,2305.625,258.125
2742633,476.875,2305.625,258.125
2742638,-4.375,2590.0,30.625
2742638,-4.375,2590.0,30.625
2742643,-109.375,3018.75,8.75
2742643,-109.375,3018.75,8.75
2742647,-8.75,3600.625,275.625
2742647,-8.75,3600.625,275.625
2742653,463.75,4445.0,398.125
2742653,463.75,4445.0,398.125
2742658,1645.0,4821.25,336.875
2742658,1645.0,4821.25,336.875
2742663,1133.125,6024.375,1378.125
2742663,1133.125,6024.375,1378.125
2742669,3215.625,7280.0,-83.125
2742669,3215.625,7280.0,-83.125
2742674,6667.5,8413.125,-783.125
2742674,6667.5,8413.125,-783.125
2742679,8211.875,9371.25,-227.5
2742679,8211.875,9371.25,-227.5
2742684,10185.0,9270.625,2008.125
2742684,10185.0,9270.625,2008.125
2742689,13689.375,8671.25,2187.5
2742689,13689.375,8671.25,2187.5
2742694,16060.625,7953.75,3766.875
2742694,16060.625,7953.75,3766.875
2742700,19013.75,8299.375,-2498.125
2742700,19013.75,8299.375,-2498.125
2742705,20221.25,2419.375,-4130.0
2742705,20221.25,2419.375,-4130.0
2742710,19320.0,-26976.25,9060.625
2742710,19320.0,-26976.25,9060.625
2742714,32738.125,-49700.0,6772.5
2742714,32738.125,-49700.0,6772.5
2742720,24053.75,-32799.375,-9436.875
2742720,24053.75,-32799.375,-9436.875
2742725,1531.25,-18926.25,-2598.75
2742725,1531.25,-18926.25,-2598.75
2742731,-12289.375,-6623.75,15579.375
2742731,-12289.375,-6623.75,15579.375
2742736,-13479.375,1067.5,8697.5
2742736,-13479.375,1067.5,8697.5
2742741,-15986.25,5954.375,-17797.5
2742741,-15986.25,5954.375,-17797.5
2742746,-36369.375,8544.375,-29277.5
2742746,-36369.375,8544.375,-29277.5
2742750,-38272.5,1850.625,-15491.875
2742750,-38272.5,1850.625,-15491.875
2742756,-41243.125,6129.375,1653.75
2742756,-41243.125,6129.375,1653.75
2742762,-34663.125,7161.875,13076.875
2742762,-34663.125,7161.875,13076.875
2742767,-15890.0,4493.125,16826.25
2742767,-15890.0,4493.125,16826.25
2742772,-1176.875,3718.75,14958.125
2742772,-1176.875,3718.75,14958.125
2742777,6466.25,1925.0,11077.5
2742777,6466.25,1925.0,11077.5
2742782,12333.125,765.625,6750.625
2742782,12333.125,765.625,6750.625
2742787,12901.875,3889.375,-14735.0
2742787,12901.875,3889.375,-14735.0
2742792,14463.75,-236.25,-16165.625
2742792,14463.75,-236.25,-16165.625
2742798,9751.875,275.625,-13085.625
2742798,9751.875,275.625,-13085.625
2742803,1605.625,2008.125,-12757.5
2742803,1605.625,2008.125,-12757.5
2742808,1203.125,1540.0,-9480.625
2742808,1203.125,1540.0,-9480.625
2742813,4593.75,336.875,-8185.625
2742813,4593.75,336.875,-8185.625
2742818,6094.375,533.75,-6448.75
2742818,6094.375,533.75,-6448.75
2742823,6212.5,800.625,-3552.5
2742823,6212.5,800.625,-3552.5
2742829,6146.875,586.25,-2279.375
2742829,6146.875,586.25,-2279.375
2742834,6164.375,39.375,-2463.125
2742834,6164.375,39.375,-2463.125
2742839,6282.5,-218.75,-2865.625
2742839,6282.5,-218.75,-2865.625
2742844,5985.0,-472.5,-3416.875
2742844,5985.0,-472.5,-3416.875
2742849,6020.0,-778.75,-3998.75
2742849,6020.0,-778.75,-3998.75
2742854,6523.125,-923.125,-3749.375
2742854,6523.125,-923.125,-3749.375
2742860,6654.375,-783.125,-3316.25
2742860,6654.375,-783.125,-3316.25
2742864,6816.25,-888.125,-2686.25
2742864,6816.25,-888.125,-2686.25
2742870,7581.875,-1032.5,-1277.5
2742870,7581.875,-1032.5,-1277.5
2742875,8141.875,-1032.5,-328.125
2742875,8141.875,-1032.5,-328.125
2742880,8662.5,-857.5,266.875
2742880,8662.5,-857.5,266.875
2742886,10154.375,-791.875,748.125
2742886,10154.375,-791.875,748.125
2742890,10320.625,-630.0,1653.75
2742890,10320.625,-630.0,1653.75
2742896,9966.25,48.125,2187.5
2742896,9966.25,48.125,2187.5
2742901,10093.125,-192.5,2362.5
2742901,10093.125,-192.5,2362.5
2742906,10351.25,-560.0,2034.375
2742906,10351.25,-560.0,2034.375
2742911,10771.25,-875.0,1653.75
2742911,10771.25,-875.0,1653.75
2742916,10766.875,-1443.75,1645.0
2742916,10766.875,-1443.75,1645.0
2742921,10521.875,-1649.375,1680.0
2742921,10521.875,-1649.375,1680.0
2742926,11344.375,-1798.125,700.0
2742926,11344.375,-1798.125,700.0
2742932,10985.625,-1863.75,358.75
2742932,10985.625,-1863.75,358.75
2742937,10311.875,-1378.125,350.0
2742937,10311.875,-1378.125,350.0
2742942,10745.0,-1308.125,118.125
2742942,10745.0,-1308.125,118.125
2742947,11816.875,-1255.625,-323.75
2742947,11816.875,-1255.625,-323.75
2742952,12363.75,-1955.625,-196.875
2742952,12363.75,-1955.625,-196.875
2742958,11869.375,-2616.25,1001.875
2742958,11869.375,-2616.25,1001.875
2742963,13116.25,-1785.0,-74.375
2742963,13116.25,-1785.0,-74.375
2742968,13868.75,-1190.0,-1583.75
2742968,13868.75,-1190.0,-1583.75
2742973,12565.0,-2165.625,166.25
2742973,12565.0,-2165.625,166.25
2742978,11143.125,-3167.5,406.875
2742978,11143.125,-3167.5,406.875
2742983,11620.0,-3311.875,-612.5
2742983,11620.0,-3311.875,-612.5
2742988,11256.875,-4186.875,-301.875
2742988,11256.875,-4186.875,-301.875
2742994,11003.125,-2979.375,-1793.75
2742994,11003.125,-2979.375,-1793.75
2742999,9931.25,-3276.875,-774.375
2742999,9931.25,-3276.875,-774.375
2743004,9489.375,-2870.0,-1780.625
2743004,9489.375,-2870.0,-1780.625
2743009,9310.0,-1758.75,-4291.875
2743009,9310.0,-1758.75,-4291.875
2743014,8251.25,-1159.375,-6335.0
2743014,8251.25,-1159.375,-6335.0
2743019,6610.625,-1211.875,-6111.875
2743019,6610.625,-1211.875,-6111.875
2743025,5477.5,-494.375,-5569.375
2743025,5477.5,-494.375,-5569.375
2743030,4326.875,-936.25,-3723.125
2743030,4326.875,-936.25,-3723.125
2743035,5250.0,-441.875,-5481.875
2743035,5250.0,-441.875,-5481.875
2743040,3880.625,113.75,-3928.75
2743040,3880.625,113.75,-3928.75
2743045,2874.375,385.0,-3858.75
2743045,2874.375,385.0,-3858.75
2743050,2034.375,966.875,-2782.5
2743050,2034.375,966.875,-2782.5
2743056,625.625,-468.125,-1378.125
2743056,625.625,-468.125,-1378.125
2743061,87.5,-1404.375,-1220.625
2743061,87.5,-1404.375,-1220.625
2743066,-1951.25,-2878.75,1378.125
2743066,-1951.25,-2878.75,1378.125
2743071,-936.25,-3093.125,-35.0
2743071,-936.25,-3093.125,-35.0
2743076,-402.5,-3587.5,835.625
2743076,-402.5,-3587.5,835.625
2743081,-428.75,-4860.625,1198.75
2743081,-428.75,-4860.625,1198.75
2743087,-826.875,-6956.25,1828.75
2743087,-826.875,-6956.25,1828.75
2743092,-1920.625,-9695.0,2502.5
2743092,-1920.625,-9695.0,2502.5
2743097,-1750.0,-9021.25,-420.0
2743097,-1750.0,-9021.25,-420.0
2743102,-3556.875,-6886.25,-1128.75
2743102,-3556.875,-6886.25,-1128.75
2743107,-5009.375,-4703.125,-3115.0
2743107,-5009.375,-4703.125,-3115.0
2743112,-4554.375,-3311.875,-6260.625
2743112,-4554.375,-3311.875,-6260.625
2743117,-4305.0,-4020.625,-7958.125
2743117,-4305.0,-4020.625,-7958.125
2743123,-5573.75,-6116.25,-6930.0
2743123,-5573.75,-6116.25,-6930.0
2743128,-7848.75,-6606.25,-5884.375
2743128,-7848.75,-6606.25,-5884.375
2743133,-7249.375,-5066.25,-8150.625
2743133,-7249.375,-5066.25,-8150.625
2743138,-6400.625,-3561.25,-8391.25
2743138,-6400.625,-3561.25,-8391.25
2743143,-7039.375,-4633.125,-6330.625
2743143,-7039.375,-4633.125,-6330.625
2743148,-8124.375,-3635.625,-6286.875
2743148,-8124.375,-3635.625,-6286.875
2743154,-7743.75,-3228.75,-7070.0
2743154,-7743.75,-3228.75,-7070.0
2743159,-7778.75,-3565.625,-5989.375
2743159,-7778.75,-3565.625,-5989.375
2743164,-8316.875,-3622.5,-4532.5
2743164,-8316.875,-3622.5,-4532.5
2743169,-6846.875,-3653.125,-6243.125
2743169,-6846.875,-3653.125,-6243.125
2743174,-6680.625,-2222.5,-6457.5
2743174,-6680.625,-2222.5,-6457.5
2743180,-6715.625,-1470.0,-6785.625
2743180,-6715.625,-1470.0,-6785.625
2743185,-6098.75,-1229.375,-7170.625
2743185,-6098.75,-1229.375,-7170.625
2743190,-5521.25,-1303.75,-6881.875
2743190,-5521.25,-1303.75,-6881.875
2743195,-5184.375,-1404.375,-6247.5
2743195,-5184.375,-1404.375,-6247.5
2743200,-3360.0,-1561.875,-7980.0
2743200,-3360.0,-1561.875,-7980.0
2743205,-2852.5,-1365.0,-6846.875
2743205,-2852.5,-1365.0,-6846.875
2743210,-2975.0,-1373.75,-5372.5
2743210,-2975.0,-1373.75,-5372.5
2743216,-2485.0,-1343.125,-6177.5
2743216,-2485.0,-1343.125,-6177.5
2743221,-2261.875,-1076.25,-5630.625
2743221,-2261.875,-1076.25,-5630.625
2743226,-2082.5,-1540.0,-4856.25
2743226,-2082.5,-1540.0,-4856.25
2743231,-2113.125,-1955.625,-4641.875
2743231,-2113.125,-1955.625,-4641.875
2743236,-2078.125,-2209.375,-4370.625
2743236,-2078.125,-2209.375,-4370.625
2743241,-1666.875,-2401.875,-4571.875
2743241,-1666.875,-2401.875,-4571.875
2743246,-1728.125,-2366.875,-4926.25
2743246,-1728.125,-2366.875,-4926.25
2743252,-1614.375,-2327.5,-4825.625
2743252,-1614.375,-2327.5,-4825.625
2743257,-1421.875,-2384.375,-4777.5
2743257,-1421.875,-2384.375,-4777.5
2743262,-1509.375,-2345.0,-4913.125
2743262,-1509.375,-2345.0,-4913.125
2743267,-1868.125,-2380.0,-4790.625
2743267,-1868.125,-2380.0,-4790.625
2743271,-2310.0,-2441.25,-4589.375
2743271,-2310.0,-2441.25,-4589.375
2743277,-2690.625,-2362.5,-4007.5
2743277,-2690.625,-2362.5,-4007.5
2743283,-2856.875,-2143.75,-3718.75
2743283,-2856.875,-2143.75,-3718.75
2743288,-3005.625,-1841.875,-3276.875
2743288,-3005.625,-1841.875,-3276.875
2743293,-2471.875,-1846.25,-2651.25
2743293,-2471.875,-1846.25,-2651.25
2743298,-1898.75,-1968.75,-2187.5
2743298,-1898.75,-1968.75,-2187.5
2743303,-997.5,-2065.0,-1487.5
2743303,-997.5,-2065.0,-1487.5
2743309,262.5,-2196.25,-883.75
2743309,262.5,-2196.25,-883.75
2743313,1452.5,-2428.125,-275.625
2743313,1452.5,-2428.125,-275.625
2743319,3119.375,-2598.75,157.5
2743319,3119.375,-2598.75,157.5
2743324,4856.25,-2830.625,542.5
2743324,4856.25,-2830.625,542.5
2743329,5958.75,-2690.625,441.875
2743329,5958.75,-2690.625,441.875
2743334,6405.0,-2699.375,96.25
2743334,6405.0,-2699.375,96.25
2743339,6803.125,-2633.75,-91.875
2743339,6803.125,-2633.75,-91.875
2743344,7175.0,-2629.375,-214.375
2743344,7175.0,-2629.375,-214.375
2743350,7691.25,-2454.375,-153.125
2743350,7691.25,-2454.375,-153.125
2743355,8006.25,-2563.75,78.75
2743355,8006.25,-2563.75,78.75
2743360,8080.625,-3023.125,1242.5
2743360,8080.625,-3023.125,1242.5
2743365,8885.625,-3535.0,3290.0
2743365,8885.625,-3535.0,3290.0
2743370,9905.0,-3858.75,4313.75
2743370,9905.0,-3858.75,4313.75
2743375,10443.125,-4344.375,5079.375
2743375,10443.125,-4344.375,5079.375
2743381,11256.875,-4895.625,6011.25
2743381,11256.875,-4895.625,6011.25
2743386,12578.125,-5477.5,7192.5
2743386,12578.125,-5477.5,7192.5
2743391,13405.0,-5775.0,8006.25
2743391,13405.0,-5775.0,8006.25
2743396,13300.0,-5928.125,8146.25
2743396,13300.0,-5928.125,8146.25
2743401,12621.875,-6028.75,7958.125
2743401,12621.875,-6028.75,7958.125
2743407,11366.25,-6006.875,7599.375
2743407,11366.25,-6006.875,7599.375
2743411,10206.875,-6212.5,7175.0
2743411,10206.875,-6212.5,7175.0
2743417,8789.375,-6374.375,6566.875
2743417,8789.375,-6374.375,6566.875
2743422,7315.0,-6523.125,6256.25
2743422,7315.0,-6523.125,6256.25
2743427,6041.875,-6842.5,6111.875
2743427,6041.875,-6842.5,6111.875
2743432,5228.125,-7280.0,5928.125
2743432,5228.125,-7280.0,5928.125
2743437,4978.75,-7704.375,6028.75
2743437,4978.75,-7704.375,6028.75
2743442,5429.375,-8347.5,6282.5
2743442,5429.375,-8347.5,6282.5
2743448,6186.25,-8942.5,6606.25
2743448,6186.25,-8942.5,6606.25
2743453,6969.375,-9288.125,6772.5
2743453,6969.375,-9288.125,6772.5
2743474,8846.25,-10950.625,6785.625
2743474,8846.25,-10950.625,6785.625
2743479,7809.375,-10758.125,6063.75
2743479,7809.375,-10758.125,6063.75
2743484,6768.125,-10801.875,5337.5
2743484,6768.125,-10801.875,5337.5
2743488,5884.375,-10596.25,4650.625
2743488,5884.375,-10596.25,4650.625
2743494,5053.125,-10163.125,4340.0
2743494,5053.125,-10163.125,4340.0
2743499,4475.625,-9865.625,4274.375
2743499,4475.625,-9865.625,4274.375
2743504,4125.625,-9948.75,4676.875
2743504,4125.625,-9948.75,4676.875
2743510,4130.0,-9782.5,5145.0
2743510,4130.0,-9782.5,5145.0
2743515,4077.5,-8973.125,4873.75
2743515,4077.5,-8973.125,4873.75
2743520,3438.75,-6702.5,4501.875
2743520,3438.75,-6702.5,4501.875
2743525,2896.25,-5245.625,5022.5
2743525,2896.25,-5245.625,5022.5
2743531,2948.75,-5245.625,5359.375
2743531,2948.75,-5245.625,5359.375
2743535,3128.125,-5250.0,4843.125
2743535,3128.125,-5250.0,4843.125
2743540,2852.5,-4773.125,4270.0
2743540,2852.5,-4773.125,4270.0
2743546,2734.375,-4690.0,3863.125
2743546,2734.375,-4690.0,3863.125
2743551,2371.25,-4908.75,2769.375
2743551,2371.25,-4908.75,2769.375
2743556,1631.875,-5101.25,1631.875
2743556,1631.875,-5101.25,1631.875
2743561,923.125,-5359.375,700.0
2743561,923.125,-5359.375,700.0
2743566,-65.625,-5123.125,-91.875
2743566,-65.625,-5123.125,-91.875
2743572,-336.875,-5013.75,-918.75
2743572,-336.875,-5013.75,-918.75
2743577,328.125,-5131.875,-805.0
2743577,328.125,-5131.875,-805.0
2743582,328.125,-4847.5,-673.75
2743582,328.125,-4847.5,-673.75
2743587,113.75,-4484.375,-704.375
2743587,113.75,-4484.375,-704.375
2743591,358.75,-4068.75,-367.5
2743591,358.75,-4068.75,-367.5
2743613,984.375,-3364.375,-266.875
2743613,984.375,-3364.375,-266.875
2743618,971.25,-3023.125,-385.0
2743618,971.25,-3023.125,-385.0
2743623,787.5,-2874.375,-249.375
2743623,787.5,-2874.375,-249.375
2743629,682.5,-2432.5,-371.875
2743629,682.5,-2432.5,-371.875
2743633,638.75,-2143.75,-669.375
2743633,638.75,-2143.75,-669.375
2743639,529.375,-1995.0,-936.25
2743639,529.375,-1995.0,-936.25
2743644,468.125,-1496.25,-1071.875
2743644,468.125,-1496.25,-1071.875
2743649,721.875,-1067.5,-1163.75
2743649,721.875,-1067.5,-1163.75
2743654,940.625,-1050.0,-1071.875
2743654,940.625,-1050.0,-1071.875
2743659,927.5,-805.0,-721.875
2743659,927.5,-805.0,-721.875
2743664,1273.125,-892.5,-157.5
2743664,1273.125,-892.5,-157.5
2743690,2480.625,-1015.0,2279.375
2743690,2480.625,-1015.0,2279.375
2743695,2458.75,-1133.125,2401.875
2743695,2458.75,-1133.125,2401.875
2743701,2380.0,-1334.375,2708.125
2743701,2380.0,-1334.375,2708.125
2743705,2563.75,-1308.125,2708.125
2743705,2563.75,-1308.125,2708.125
2743711,2598.75,-997.5,2371.25
2743711,2598.75,-997.5,2371.25
2743716,2493.75,-993.125,2095.625
2743716,2493.75,-993.125,2095.625
2743721,2716.875,-896.875,1518.125
2743721,2716.875,-896.875,1518.125
2743727,2695.0,-818.125,1273.125
2743727,2695.0,-818.125,1273.125
2743731,2725.625,-730.625,1093.75
2743731,2725.625,-730.625,1093.75
2743737,2835.0,-472.5,936.25
2743737,2835.0,-472.5,936.25
2743742,2856.875,-481.25,927.5
2743742,2856.875,-481.25,927.5
2743747,2940.0,-481.25,1102.5
2743747,2940.0,-481.25,1102.5
2743752,2874.375,-625.625,1430.625
2743752,2874.375,-625.625,1430.625
2743757,2870.0,-590.625,1583.75
2743757,2870.0,-590.625,1583.75
2743762,2699.375,-616.875,1671.25
2743762,2699.375,-616.875,1671.25
2743768,2515.625,-717.5,1863.75
2743768,2515.625,-717.5,1863.75
2743773,2380.0,-721.875,1920.625
2743773,2380.0,-721.875,1920.625
2743778,2463.125,-533.75,1855.0
2743778,2463.125,-533.75,1855.0
2743783,2458.75,-450.625,1710.625
2743783,2458.75,-450.625,1710.625
2743788,2716.875,-393.75,1662.5
2743788,2716.875,-393.75,1662.5
2743793,2703.75,-157.5,1658.125
2743793,2703.75,-157.5,1658.125
2743799,2598.75,52.5,1754.375
2743799,2598.75,52.5,1754.375
2743819,2751.875,1098.125,1544.375
2743819,2751.875,1098.125,1544.375
2743825,3115.0,1478.75,1640.625
2743825,3115.0,1478.75,1640.625
2743829,3368.75,1846.25,1806.875
2743829,3368.75,1846.25,1806.875
2743835,3438.75,2051.875,2095.625
2743835,3438.75,2051.875,2095.625
2743840,3049.375,1938.125,2506.875
2743840,3049.375,1938.125,2506.875
2743845,2852.5,1666.875,2563.75
2743845,2852.5,1666.875,2563.75
2743850,2655.625,1666.875,2576.875
2743850,2655.625,1666.875,2576.875
2743855,2257.5,1557.5,2340.625
2743855,2257.5,1557.5,2340.625
2743860,1544.375,1465.625,1872.5
2743860,1544.375,1465.625,1872.5
2743865,686.875,1395.625,1605.625
2743865,686.875,1395.625,1605.625
2743871,-78.75,1365.0,1098.125
2743871,-78.75,1365.0,1098.125
2743876,-511.875,1505.0,743.75
2743876,-511.875,1505.0,743.75
2743881,-459.375,1583.75,630.0
2743881,-459.375,1583.75,630.0
2743886,-43.75,1535.625,700.0
2743886,-43.75,1535.625,700.0
2743891,175.0,1478.75,1001.875
2743891,175.0,1478.75,1001.875
2743896,380.625,1535.625,1128.75
2743896,380.625,1535.625,1128.75
2743902,586.25,1863.75,1225.0
2743902,586.25,1863.75,1225.0
2743907,1050.0,1785.0,1312.5
2743907,1050.0,1785.0,1312.5
2743912,1089.375,1627.5,1675.625
2743912,1089.375,1627.5,1675.625
2743917,717.5,1347.5,1833.125
2743917,717.5,1347.5,1833.125
2743923,65.625,1172.5,2266.25
2743923,65.625,1172.5,2266.25
2743927,-931.875,700.0,2506.875
2743927,-931.875,700.0,2506.875
2743933,-1378.125,341.25,2533.125
2743933,-1378.125,341.25,2533.125
2743938,-2091.25,-105.0,2393.125
2743938,-2091.25,-105.0,2393.125
2743943,-3080.0,-494.375,2021.25
2743943,-3080.0,-494.375,2021.25
2743948,-3806.25,-686.875,1526.875
2743948,-3806.25,-686.875,1526.875
2743953,-4379.375,-805.0,1146.25
2743953,-4379.375,-805.0,1146.25
2743958,-4821.25,-896.875,1141.875
2743958,-4821.25,-896.875,1141.875
2743964,-4926.25,-783.125,1176.875
2743964,-4926.25,-783.125,1176.875
2743969,-5096.875,-923.125,914.375
2743969,-5096.875,-923.125,914.375
2743974,-5333.125,-905.625,1015.0
2743974,-5333.125,-905.625,1015.0
2743979,-5464.375,-936.25,1544.375
2743979,-5464.375,-936.25,1544.375
2743984,-5425.0,-1015.0,2056.25
2743984,-5425.0,-1015.0,2056.25
2744005,-4453.75,-1185.625,4239.375
2744005,-4453.75,-1185.625,4239.375
2744010,-3828.125,-1308.125,4510.625
2744010,-3828.125,-1308.125,4510.625
2744015,-3228.75,-1146.25,4567.5
2744015,-3228.75,-1146.25,4567.5
2744020,-2743.125,-1085.0,4528.125
2744020,-2743.125,-1085.0,4528.125
2744025,-2393.125,-953.75,4392.5
2744025,-2393.125,-953.75,4392.5
2744031,-2095.625,-791.875,3806.25
2744031,-2095.625,-791.875,3806.25
2744036,-2187.5,-844.375,3587.5
2744036,-2187.5,-844.375,3587.5
2744041,-2244.375,-774.375,3285.625
2744041,-2244.375,-774.375,3285.625
2744045,-2244.375,-918.75,2957.5
2744045,-2244.375,-918.75,2957.5
2744051,-2393.125,-826.875,2616.25
2744051,-2393.125,-826.875,2616.25
2744056,-2384.375,-861.875,2362.5
2744056,-2384.375,-861.875,2362.5
2744062,-2432.5,-927.5,2117.5
2744062,-2432.5,-927.5,2117.5
2744067,-2629.375,-949.375,2244.375
2744067,-2629.375,-949.375,2244.375
2744072,-2695.0,-918.75,2432.5
2744072,-2695.0,-918.75,2432.5
2744077,-2970.625,-984.375,2598.75
2744077,-2970.625,-984.375,2598.75
2744082,-3443.125,-1041.25,2756.25
2744082,-3443.125,-1041.25,2756.25
2744087,-3644.375,-997.5,2813.125
2744087,-3644.375,-997.5,2813.125
2744092,-3889.375,-1260.0,2782.5
2744092,-3889.375,-1260.0,2782.5
2744098,-3841.25,-1334.375,2795.625
2744098,-3841.25,-1334.375,2795.625
2744103,-3850.0,-1194.375,2878.75
2744103,-3850.0,-1194.375,2878.75
2744108,-3723.125,-1093.75,2887.5
2744108,-3723.125,-1093.75,2887.5
2744113,-3539.375,-1089.375,3115.0
2744113,-3539.375,-1089.375,3115.0
2744118,-3381.875,-1185.625,3316.25
2744118,-3381.875,-1185.625,3316.25
2744123,-3123.75,-1281.875,3723.125
2744123,-3123.75,-1281.875,3723.125
2744129,-2690.625,-931.875,4068.75
2744129,-2690.625,-931.875,4068.75
2744134,-2887.5,-875.0,3893.75
2744134,-2887.5,-875.0,3893.75
2744139,-3132.5,-861.875,3670.625
2744139,-3132.5,-861.875,3670.625
2744144,-2668.75,-936.25,3600.625
2744144,-2668.75,-936.25,3600.625
2744149,-2393.125,-809.375,3718.75
2744149,-2393.125,-809.375,3718.75
2744154,-2056.25,-805.0,3714.375
2744154,-2056.25,-805.0,3714.375
2744160,-1964.375,-800.625,3692.5
2744160,-1964.375,-800.625,3692.5
2744165,-1916.25,-730.625,3797.5
2744165,-1916.25,-730.625,3797.5
2744170,-1649.375,-809.375,3723.125
2744170,-1649.375,-809.375,3723.125
2744176,-1531.25,-822.5,3688.125
2744176,-1531.25,-822.5,3688.125
2744180,-1456.875,-879.375,4038.125
2744180,-1456.875,-879.375,4038.125
2744185,-1544.375,-853.125,4151.875
2744185,-1544.375,-853.125,4151.875
2744191,-1242.5,-800.625,4073.125
2744191,-1242.5,-800.625,4073.125
2744195,-927.5,-896.875,4169.375
2744195,-927.5,-896.875,4169.375
2744201,-857.5,-774.375,3906.875
2744201,-857.5,-774.375,3906.875
2744206,-1006.25,-787.5,3653.125
2744206,-1006.25,-787.5,3653.125
2744211,-953.75,-568.75,3521.875
2744211,-953.75,-568.75,3521.875
2744216,-962.5,-336.875,3193.75
2744216,-962.5,-336.875,3193.75
2744222,-1032.5,-8.75,3066.875
2744222,-1032.5,-8.75,3066.875
2744227,-1150.625,188.125,3263.75
2744227,-1150.625,188.125,3263.75
2744232,-1500.625,236.25,3285.625
2744232,-1500.625,236.25,3285.625
2744237,-1636.25,599.375,3513.125
2744237,-1636.25,599.375,3513.125
2744242,-1833.125,980.0,3775.625
2744242,-1833.125,980.0,3775.625
2744247,-2043.125,2152.5,3955.0
2744247,-2043.125,2152.5,3955.0
2744252,-1859.375,2900.625,4523.75
2744252,-1859.375,2900.625,4523.75
2744257,-1719.375,2135.0,4659.375
2744257,-1719.375,2135.0,4659.375
2744263,-1540.0,1500.625,4379.375
2744263,-1540.0,1500.625,4379.375
2744268,-1544.375,1605.625,4563.125
2744268,-1544.375,1605.625,4563.125
2744273,-918.75,1413.125,4554.375
2744273,-918.75,1413.125,4554.375
2744278,-249.375,945.0,4046.875
2744278,-249.375,945.0,4046.875
2744299,214.375,126.875,2738.75
2744299,214.375,126.875,2738.75
2744304,686.875,-17.5,2467.5
2744304,686.875,-17.5,2467.5
2744309,1124.375,-109.375,2493.75
2744309,1124.375,-109.375,2493.75
2744314,1531.25,-170.625,2340.625
2744314,1531.25,-170.625,2340.625
2744320,1789.375,-380.625,2283.75
2744320,1789.375,-380.625,2283.75
2744325,1789.375,-328.125,2196.25
2744325,1789.375,-328.125,2196.25
2744330,1491.875,-280.0,2218.125
2744330,1491.875,-280.0,2218.125
2744335,1225.0,-39.375,2178.75
2744335,1225.0,-39.375,2178.75
2744340,1194.375,-122.5,2091.25
2744340,1194.375,-122.5,2091.25
2744345,1185.625,-284.375,2148.125
2744345,1185.625,-284.375,2148.125
2744350,805.0,-336.875,2056.25
2744350,805.0,-336.875,2056.25
2744356,516.25,-350.0,2056.25
2744356,516.25,-350.0,2056.25
2744361,323.75,-336.875,2117.5
2744361,323.75,-336.875,2117.5
2744366,-258.125,-341.25,2183.125
2744366,-258.125,-341.25,2183.125
2744371,-503.125,-135.625,2279.375
2744371,-503.125,-135.625,2279.375
2744375,-542.5,-100.625,2428.125
2744375,-542.5,-100.625,2428.125
2744381,-573.125,-140.0,2642.5
2744381,-573.125,-140.0,2642.5
2744387,-630.0,-65.625,2668.75
2744387,-630.0,-65.625,2668.75
2744392,-774.375,148.75,2730.0
2744392,-774.375,148.75,2730.0
2744397,-651.875,385.0,2961.875
2744397,-651.875,385.0,2961.875
2744402,-546.875,319.375,3005.625
2744402,-546.875,319.375,3005.625
2744407,-332.5,218.75,3058.125
2744407,-332.5,218.75,3058.125
2744412,-166.25,148.75,3071.25
2744412,-166.25,148.75,3071.25
2744418,-126.875,21.875,2953.125
2744418,-126.875,21.875,2953.125
2744422,-21.875,8.75,2979.375
2744422,-21.875,8.75,2979.375
2744429,30.625,122.5,2975.0
2744429,30.625,122.5,2975.0
2744433,-74.375,91.875,2975.0
2744433,-74.375,91.875,2975.0
2744438,-153.125,210.0,2773.75
2744438,-153.125,210.0,2773.75
2744443,-78.75,113.75,2703.75
2744443,-78.75,113.75,2703.75
2744449,188.125,-35.0,2633.75
2744449,188.125,-35.0,2633.75
2744454,183.75,-43.75,2568.125
2744454,183.75,-43.75,2568.125
2744459,109.375,65.625,2563.75
2744459,109.375,65.625,2563.75
2744464,336.875,70.0,2581.25
2744464,336.875,70.0,2581.25
2744469,529.375,170.625,2655.625
2744469,529.375,170.625,2655.625
2744474,630.0,131.25,2716.875
2744474,630.0,131.25,2716.875
2744479,695.625,223.125,2743.125
2744479,695.625,223.125,2743.125
2744485,665.0,205.625,2625.0
2744485,665.0,205.625,2625.0
2744490,826.875,148.75,2673.125
2744490,826.875,148.75,2673.125
2744495,844.375,4.375,2730.0
2744495,844.375,4.375,2730.0
2744500,651.875,113.75,2721.25
2744500,651.875,113.75,2721.25
2744505,643.125,218.75,2607.5
2744505,643.125,218.75,2607.5
2744510,848.75,175.0,2655.625
2744510,848.75,175.0,2655.625
2744516,962.5,196.875,2721.25
2744516,962.5,196.875,2721.25
2744521,783.125,188.125,2537.5
2744521,783.125,188.125,2537.5
2744526,616.875,363.125,2607.5
2744526,616.875,363.125,2607.5
2744531,704.375,284.375,2743.125
2744531,704.375,284.375,2743.125
2744536,691.25,393.75,2638.125
2744536,691.25,393.75,2638.125
2744541,673.75,415.625,2786.875
2744541,673.75,415.625,2786.875
2744546,498.75,546.875,2926.875
2744546,498.75,546.875,2926.875
2744552,1080.625,424.375,3465.0
2744552,1080.625,424.375,3465.0
2744557,1802.5,446.25,3972.5
2744557,1802.5,446.25,3972.5
2744562,735.0,507.5,3556.875
2744562,735.0,507.5,3556.875
2744567,-288.75,586.25,3246.25
2744567,-288.75,586.25,3246.25
2744572,-275.625,879.375,3189.375
2744572,-275.625,879.375,3189.375
2744577,4.375,857.5,2948.75
2744577,4.375,857.5,2948.75
2744583,-83.125,822.5,2778.125
2744583,-83.125,822.5,2778.125
2744588,-74.375,503.125,2493.75
2744588,-74.375,503.125,2493.75
2744593,-113.75,398.125,2218.125
2744593,-113.75,398.125,2218.125
2744598,-297.5,310.625,2218.125
2744598,-297.5,310.625,2218.125
2744602,61.25,376.25,2213.75
2744602,61.25,376.25,2213.75
2744608,551.25,424.375,2318.75
2744608,551.25,424.375,2318.75
2744614,958.125,319.375,2152.5
2744614,958.125,319.375,2152.5
2744619,1028.125,323.75,2121.875
2744619,1028.125,323.75,2121.875
2744624,927.5,301.875,2266.25
2744624,927.5,301.875,2266.25
2744629,835.625,170.625,2463.125
2744629,835.625,170.625,2463.125
2744634,739.375,61.25,2751.875
2744634,739.375,61.25,2751.875
2744639,350.0,65.625,2751.875
2744639,350.0,65.625,2751.875
2744645,148.75,258.125,2266.25
2744645,148.75,258.125,2266.25
2744650,-323.75,380.625,1968.75
2744650,-323.75,380.625,1968.75
2744655,-748.125,459.375,1605.625
2744655,-748.125,459.375,1605.625
2744660,-910.0,459.375,1185.625
2744660,-910.0,459.375,1185.625
2744665,-1150.625,192.5,1115.625
2744665,-1150.625,192.5,1115.625
2744671,-945.0,-131.25,1373.75
2744671,-945.0,-131.25,1373.75
2744675,-634.375,-297.5,1846.25
2744675,-634.375,-297.5,1846.25
2744681,-17.5,-179.375,2156.875
2744681,-17.5,-179.375,2156.875
2744686,4.375,70.0,2314.375
2744686,4.375,70.0,2314.375
2744690,249.375,78.75,2086.875
2744690,249.375,78.75,2086.875
2744696,17.5,253.75,1640.625
2744696,17.5,253.75,1640.625
2744701,-35.0,301.875,1553.125
2744701,-35.0,301.875,1553.125
2744706,-100.625,175.0,1540.0
2744706,-100.625,175.0,1540.0
2744712,-363.125,126.875,1435.0
2744712,-363.125,126.875,1435.0
2744717,-546.875,126.875,1439.375
2744717,-546.875,126.875,1439.375
2744722,-1045.625,-56.875,1203.125
2744722,-1045.625,-56.875,1203.125
2744727,-1592.5,-74.375,949.375
2744727,-1592.5,-74.375,949.375
2744732,-1767.5,-214.375,634.375
2744732,-1767.5,-214.375,634.375
2744737,-1548.75,-323.75,140.0
2744737,-1548.75,-323.75,140.0
2744743,-1491.875,-253.75,-8.75
2744743,-1491.875,-253.75,-8.75
2744747,-1207.5,-214.375,-280.0
2744747,-1207.5,-214.375,-280.0
2744753,-848.75,-192.5,-262.5
2744753,-848.75,-192.5,-262.5
2744758,-721.875,-323.75,-126.875
2744758,-721.875,-323.75,-126.875
2744763,-809.375,-183.75,83.125
2744763,-809.375,-183.75,83.125
2744768,-892.5,-284.375,236.25
2744768,-892.5,-284.375,236.25
2744773,-853.125,-245.0,433.125
2744773,-853.125,-245.0,433.125
2744779,-595.0,-148.75,608.125
2744779,-595.0,-148.75,608.125
2744784,-328.125,-218.75,822.5
2744784,-328.125,-218.75,822.5
2744789,87.5,-17.5,901.25
2744789,87.5,-17.5,901.25
2744794,634.375,-39.375,1032.5
2744794,634.375,-39.375,1032.5
2744799,958.125,-61.25,958.125
2744799,958.125,-61.25,958.125
2744804,1194.375,74.375,704.375
2744804,1194.375,74.375,704.375
2744810,1360.625,140.0,402.5
2744810,1360.625,140.0,402.5
2744815,1325.625,113.75,240.625
2744815,1325.625,113.75,240.625
2744820,1185.625,223.125,-262.5
2744820,1185.625,223.125,-262.5
2744825,1093.75,170.625,-608.125
2744825,1093.75,170.625,-608.125
2744830,901.25,166.25,-1041.25
2744830,901.25,166.25,-1041.25
2744836,778.75,166.25,-1356.25
2744836,778.75,166.25,-1356.25
2744841,520.625,-56.875,-1780.625
2744841,520.625,-56.875,-1780.625
2744846,485.625,-61.25,-2117.5
2744846,485.625,-61.25,-2117.5
2744851,236.25,-131.25,-2213.75
2744851,236.25,-131.25,-2213.75
2744856,-56.875,-188.125,-2366.875
2744856,-56.875,-188.125,-2366.875
2744861,-245.0,-157.5,-2397.5
2744861,-245.0,-157.5,-2397.5
2744866,-358.75,-131.25,-2471.875
2744866,-358.75,-131.25,-2471.875
2744871,-546.875,-74.375,-2511.25
2744871,-546.875,-74.375,-2511.25
2744877,-595.0,-280.0,-2572.5
2744877,-595.0,-280.0,-2572.5
2744882,-914.375,-126.875,-2476.25
2744882,-914.375,-126.875,-2476.25
2744887,-931.875,26.25,-2485.0
2744887,-931.875,26.25,-2485.0
2744892,-809.375,-17.5,-2476.25
2744892,-809.375,-17.5,-2476.25
2744897,-966.875,100.625,-2205.0
2744897,-966.875,100.625,-2205.0
2744902,-673.75,179.375,-1955.625
2744902,-673.75,179.375,-1955.625
2744908,-546.875,131.25,-1741.25
2744908,-546.875,131.25,-1741.25
2744913,-249.375,236.25,-1710.625
2744913,-249.375,236.25,-1710.625
2744918,13.125,227.5,-1561.875
2744918,13.125,227.5,-1561.875
2744923,218.75,249.375,-1408.75
2744923,218.75,249.375,-1408.75
2744928,424.375,245.0,-1338.75
2744928,424.375,245.0,-1338.75
2744934,630.0,183.75,-1106.875
2744934,630.0,183.75,-1106.875
2744939,402.5,231.875,-1207.5
2744939,402.5,231.875,-1207.5
2744944,555.625,161.875,-1443.75
2744944,555.625,161.875,-1443.75
2744949,826.875,253.75,-1763.125
2744949,826.875,253.75,-1763.125
2744954,857.5,175.0,-1715.0
2744954,857.5,175.0,-1715.0
2744959,1137.5,192.5,-1535.625
2744959,1137.5,192.5,-1535.625
2744964,1085.0,166.25,-1443.75
2744964,1085.0,166.25,-1443.75
2744970,949.375,-118.125,-1159.375
2744970,949.375,-118.125,-1159.375
2744975,1050.0,-183.75,-1019.375
2744975,1050.0,-183.75,-1019.375
2744980,1190.0,-240.625,-945.0
2744980,1190.0,-240.625,-945.0
2744985,1050.0,-389.375,-1080.625
2744985,1050.0,-389.375,-1080.625
2744991,1163.75,-218.75,-1378.125
2744991,1163.75,-218.75,-1378.125
2744995,1176.875,-210.0,-1623.125
2744995,1176.875,-210.0,-1623.125
2745000,905.625,-231.875,-1898.75
2745000,905.625,-231.875,-1898.75
2745006,643.125,-258.125,-1964.375
2745006,643.125,-258.125,-1964.375
2745011,437.5,-249.375,-1811.25
2745011,437.5,-249.375,-1811.25
2745016,336.875,-301.875,-1828.75
2745016,336.875,-301.875,-1828.75
2745021,-371.875,-354.375,-1837.5
2745021,-371.875,-354.375,-1837.5
2745026,-765.625,-389.375,-1697.5
2745026,-765.625,-389.375,-1697.5
2745032,-805.0,-446.25,-1618.75
2745032,-805.0,-446.25,-1618.75
2745036,-857.5,-328.125,-1448.125
2745036,-857.5,-328.125,-1448.125
2745042,-805.0,-385.0,-1369.375
2745042,-805.0,-385.0,-1369.375
2745047,-525.0,-402.5,-1242.5
2745047,-525.0,-402.5,-1242.5
2745052,-420.0,-402.5,-1041.25
2745052,-420.0,-402.5,-1041.25
2745057,-336.875,-371.875,-809.375
2745057,-336.875,-371.875,-809.375
2745062,-91.875,-358.75,-555.625
2745062,-91.875,-358.75,-555.625
2745068,-249.375,-188.125,-170.625
2745068,-249.375,-188.125,-170.625
2745073,-367.5,-118.125,214.375
2745073,-367.5,-118.125,214.375
2745078,-616.875,-135.625,350.0
2745078,-616.875,-135.625,350.0
2745083,-1023.75,245.0,341.25
2745083,-1023.75,245.0,341.25
2745089,-1316.875,153.125,358.75
2745089,-1316.875,153.125,358.75
2745093,-1601.25,170.625,660.625
2745093,-1601.25,170.625,660.625
2745098,-1855.0,161.875,993.125
2745098,-1855.0,161.875,993.125
2745104,-2143.75,126.875,1417.5
2745104,-2143.75,126.875,1417.5
2745109,-2056.25,35.0,1330.0
2745109,-2056.25,35.0,1330.0
2745114,-2152.5,-91.875,1251.25
2745114,-2152.5,-91.875,1251.25
2745119,-2231.25,-218.75,1290.625
2745119,-2231.25,-218.75,1290.625
2745124,-2100.0,-275.625,1076.25
2745124,-2100.0,-275.625,1076.25
2745130,-2708.125,-354.375,1155.0
2745130,-2708.125,-354.375,1155.0
2745135,-3185.0,-752.5,2598.75
2745135,-3185.0,-752.5,2598.75
2745139,-2883.125,-656.25,2436.875
2745139,-2883.125,-656.25,2436.875
2745145,-3495.625,-551.25,1933.75
2745145,-3495.625,-551.25,1933.75
2745150,-3298.75,-538.125,2056.25
2745150,-3298.75,-538.125,2056.25
2745155,-3316.25,-402.5,1968.75
2745155,-3316.25,-402.5,1968.75
2745161,-3342.5,-70.0,1417.5
2745161,-3342.5,-70.0,1417.5
2745166,-3766.875,-48.125,1006.25
2745166,-3766.875,-48.125,1006.25
2745171,-3635.625,-100.625,958.125
2745171,-3635.625,-100.625,958.125
2745176,-3959.375,131.25,840.0
2745176,-3959.375,131.25,840.0
2745181,-4370.625,240.625,879.375
2745181,-4370.625,240.625,879.375
2745187,-4860.625,205.625,962.5
2745187,-4860.625,205.625,962.5
2745191,-4904.375,253.75,892.5
2745191,-4904.375,253.75,892.5
2745196,-4795.0,144.375,704.375
2745196,-4795.0,144.375,704.375
2745202,-4961.25,140.0,660.625
2745202,-4961.25,140.0,660.625
2745207,-4641.875,188.125,717.5
2745207,-4641.875,188.125,717.5
2745212,-4436.25,135.625,437.5
2745212,-4436.25,135.625,437.5
2745216,-4742.5,166.25,713.125
2745216,-4742.5,166.25,713.125
2745222,-5153.75,105.0,1203.125
2745222,-5153.75,105.0,1203.125
2745227,-5193.125,56.875,1575.0
2745227,-5193.125,56.875,1575.0
2745233,-4462.5,363.125,1470.0
2745233,-4462.5,363.125,1470.0
2745238,-4261.25,446.25,1207.5
2745238,-4261.25,446.25,1207.5
2745244,-3937.5,590.625,1233.75
2745244,-3937.5,590.625,1233.75
2745248,-3867.5,608.125,1089.375
2745248,-3867.5,608.125,1089.375
2745253,-3937.5,726.25,826.875
2745253,-3937.5,726.25,826.875
2745259,-3854.375,879.375,896.875
2745259,-3854.375,879.375,896.875
2745264,-4195.625,1063.125,888.125
2745264,-4195.625,1063.125,888.125
2745269,-4943.75,1435.0,643.125
2745269,-4943.75,1435.0,643.125
2745274,-5656.875,1531.25,153.125
2745274,-5656.875,1531.25,153.125
2745279,-5858.125,1771.875,-153.125
2745279,-5858.125,1771.875,-153.125
2745285,-6706.875,2121.875,-249.375
2745285,-6706.875,2121.875,-249.375
2745289,-7533.75,2563.75,-336.875
2745289,-7533.75,2563.75,-336.875
2745295,-7831.25,2913.75,-673.75
2745295,-7831.25,2913.75,-673.75
2745299,-7984.375,3342.5,-966.875
2745299,-7984.375,3342.5,-966.875
2745305,-8085.0,3688.125,-1295.0
2745305,-8085.0,3688.125,-1295.0
2745310,-8592.5,4020.625,-2021.25
2745310,-8592.5,4020.625,-2021.25
2745315,-8548.75,4357.5,-2209.375
2745315,-8548.75,4357.5,-2209.375
2745320,-8793.75,4952.5,-2279.375
2745320,-8793.75,4952.5,-2279.375
2745325,-8290.625,5171.25,-2340.625
2745325,-8290.625,5171.25,-2340.625
2745331,-7787.5,5350.625,-2257.5
2745331,-7787.5,5350.625,-2257.5
2745336,-8137.5,5674.375,-2397.5
2745336,-8137.5,5674.375,-2397.5
2745342,-8767.5,6072.5,-2537.5
2745342,-8767.5,6072.5,-2537.5
2745346,-9196.25,6308.75,-2380.0
2745346,-9196.25,6308.75,-2380.0
2745351,-8448.125,6501.25,-1806.875
2745351,-8448.125,6501.25,-1806.875
2745357,-7905.625,6501.25,-2130.625
2745357,-7905.625,6501.25,-2130.625
2745362,-7704.375,6195.0,-2668.75
2745362,-7704.375,6195.0,-2668.75
2745367,-7336.875,6085.625,-2607.5
2745367,-7336.875,6085.625,-2607.5
2745372,-6833.75,5683.125,-3071.25
2745372,-6833.75,5683.125,-3071.25
2745377,-6370.0,5735.625,-3832.5
2745377,-6370.0,5735.625,-3832.5
2745382,-6387.5,6186.25,-4169.375
2745382,-6387.5,6186.25,-4169.375
2745387,-6081.25,6396.25,-4353.125
2745387,-6081.25,6396.25,-4353.125
2745393,-5429.375,5691.875,-4256.875
2745393,-5429.375,5691.875,-4256.875
2745398,-5363.75,5009.375,-3941.875
2745398,-5363.75,5009.375,-3941.875
2745403,-5893.125,4773.125,-3955.0
2745403,-5893.125,4773.125,-3955.0
2745408,-6444.375,4738.125,-3718.75
2745408,-6444.375,4738.125,-3718.75
2745413,-8124.375,5149.375,-3075.625
2745413,-8124.375,5149.375,-3075.625
2745418,-8981.875,5083.75,-2450.0
2745418,-8981.875,5083.75,-2450.0
2745423,-8417.5,4856.25,-2340.625
2745423,-8417.5,4856.25,-2340.625
2745429,-7424.375,4536.875,-2415.0
2745429,-7424.375,4536.875,-2415.0
2745434,-6597.5,5123.125,-2288.125
2745434,-6597.5,5123.125,-2288.125
2745440,-6133.75,5460.0,-2380.0
2745440,-6133.75,5460.0,-2380.0
2745444,-5613.125,6168.75,-2555.0
2745444,-5613.125,6168.75,-2555.0
2745449,-5061.875,7441.875,-3115.0
2745449,-5061.875,7441.875,-3115.0
2745454,-4493.125,8198.75,-3797.5
2745454,-4493.125,8198.75,-3797.5
2745460,-5105.625,8102.5,-4418.75
2745460,-5105.625,8102.5,-4418.75
2745465,-4646.25,7122.5,-4480.0
2745465,-4646.25,7122.5,-4480.0
2745470,-5101.25,7013.125,-4799.375
2745470,-5101.25,7013.125,-4799.375
2745475,-5718.125,6978.125,-5162.5
2745475,-5718.125,6978.125,-5162.5
2745480,-5250.0,6343.75,-5600.0
2745480,-5250.0,6343.75,-5600.0
2745485,-5853.75,6265.0,-6002.5
2745485,-5853.75,6265.0,-6002.5
2745491,-6387.5,5928.125,-6055.0
2745491,-6387.5,5928.125,-6055.0
2745496,-6190.625,5166.875,-6142.5
2745496,-6190.625,5166.875,-6142.5
2745501,-6125.0,4620.0,-5910.625
2745501,-6125.0,4620.0,-5910.625
2745506,-6247.5,4331.25,-5578.125
2745506,-6247.5,4331.25,-5578.125
2745511,-6050.625,4261.25,-5490.625
2745511,-6050.625,4261.25,-5490.625
2745516,-5565.0,3920.0,-4970.0
2745516,-5565.0,3920.0,-4970.0
