2760457,1299.375,-363.125,-455.0
2760457,1299.375,-363.125,-455.0
2760462,1137.5,-411.25,-494.375
2760462,1137.5,-411.25,-494.375
2760467,1185.625,-520.625,-612.5
2760467,1185.625,-520.625,-612.5
2760472,1312.5,-647.5,-538.125
2760472,1312.5,-647.5,-538.125
2760477,1413.125,-468.125,-498.75
2760477,1413.125,-468.125,-498.75
2760482,1268.75,-525.0,-603.75
2760482,1268.75,-525.0,-603.75
2760488,914.375,-551.25,-323.75
2760488,914.375,-551.25,-323.75
2760493,1067.5,-660.625,-538.125
2760493,1067.5,-660.625,-538.125
2760498,958.125,-643.125,-533.75
2760498,958.125,-643.125,-533.75
2760503,735.0,-700.0,-315.0
2760503,735.0,-700.0,-315.0
2760508,660.625,-796.25,-310.625
2760508,660.625,-796.25,-310.625
2760513,717.5,-590.625,-520.625
2760513,717.5,-590.625,-520.625
2760518,573.125,-525.0,-590.625
2760518,573.125,-525.0,-590.625
2760524,564.375,-301.875,-542.5
2760524,564.375,-301.875,-542.5
2760529,415.625,-271.25,-428.75
2760529,415.625,-271.25,-428.75
2760534,61.25,-262.5,-441.875
2760534,61.25,-262.5,-441.875
2760539,-170.625,-223.125,-376.25
2760539,-170.625,-223.125,-376.25
2760544,-266.875,-113.75,-551.25
2760544,-266.875,-113.75,-551.25
2760549,-210.0,-288.75,-398.125
2760549,-210.0,-288.75,-398.125
2760555,-376.25,-61.25,-358.75
2760555,-376.25,-61.25,-358.75
2760559,-520.625,96.25,-498.75
2760559,-520.625,96.25,-498.75
2760565,-249.375,240.625,-393.75
2760565,-249.375,240.625,-393.75
2760570,21.875,118.125,-135.625
2760570,21.875,118.125,-135.625
2760575,266.875,17.5,-350.0
2760575,266.875,17.5,-350.0
2760580,590.625,-39.375,-415.625
2760580,590.625,-39.375,-415.625
2760585,638.75,78.75,-166.25
2760585,638.75,78.75,-166.25
2760591,861.875,113.75,-358.75
2760591,861.875,113.75,-358.75
2760596,1023.75,-126.875,-616.875
2760596,1023.75,-126.875,-616.875
2760601,1106.875,-214.375,-647.5
2760601,1106.875,-214.375,-647.5
2760606,1211.875,-271.25,-507.5
2760606,1211.875,-271.25,-507.5
2760612,1452.5,-253.75,-459.375
2760612,1452.5,-253.75,-459.375
2760616,2047.5,-249.375,-201.25
2760616,2047.5,-249.375,-201.25
2760622,1745.625,-266.875,-245.0
2760622,1745.625,-266.875,-245.0
2760627,1680.0,-271.25,-595.0
2760627,1680.0,-271.25,-595.0
2760632,1833.125,-122.5,-560.0
2760632,1833.125,-122.5,-560.0
2760637,1758.75,-135.625,-402.5
2760637,1758.75,-135.625,-402.5
2760642,1500.625,-236.25,-140.0
2760642,1500.625,-236.25,-140.0
2760647,1146.25,-433.125,-26.25
2760647,1146.25,-433.125,-26.25
2760653,1050.0,-643.125,310.625
2760653,1050.0,-643.125,310.625
2760658,813.75,-796.25,301.875
2760658,813.75,-796.25,301.875
2760663,301.875,-971.25,253.75
2760663,301.875,-971.25,253.75
2760668,-345.625,-787.5,96.25
2760668,-345.625,-787.5,96.25
2760673,-918.75,-634.375,-179.375
2760673,-918.75,-634.375,-179.375
2760678,-708.75,-498.75,-253.75
2760678,-708.75,-498.75,-253.75
2760684,140.0,-420.0,-105.0
2760684,140.0,-420.0,-105.0
2760689,796.25,-402.5,74.375
2760689,796.25,-402.5,74.375
2760694,1133.125,-507.5,-21.875
2760694,1133.125,-507.5,-21.875
2760699,1299.375,-560.0,-148.75
2760699,1299.375,-560.0,-148.75
2760704,1496.25,-498.75,-175.0
2760704,1496.25,-498.75,-175.0
2760710,1706.25,-490.0,-175.0
2760710,1706.25,-490.0,-175.0
2760714,1540.0,-665.0,17.5
2760714,1540.0,-665.0,17.5
2760720,1036.875,-516.25,153.125
2760720,1036.875,-516.25,153.125
2760725,450.625,-223.125,201.25
2760725,450.625,-223.125,201.25
2760730,-350.0,253.75,135.625
2760730,-350.0,253.75,135.625
2760735,-1111.25,1093.75,284.375
2760735,-1111.25,1093.75,284.375
2760740,-2056.25,2047.5,555.625
2760740,-2056.25,2047.5,555.625
2760745,-3241.875,2515.625,835.625
2760745,-3241.875,2515.625,835.625
2760751,-4143.125,3136.875,949.375
2760751,-4143.125,3136.875,949.375
2760756,-4445.0,4318.125,1155.0
2760756,-4445.0,4318.125,1155.0
2760761,-4904.375,5241.25,2051.875
2760761,-4904.375,5241.25,2051.875
2760767,-5678.75,4795.0,2528.75
2760767,-5678.75,4795.0,2528.75
2760771,-4121.25,4917.5,2148.125
2760771,-4121.25,4917.5,2148.125
2760776,-5368.125,5320.0,2730.0
2760776,-5368.125,5320.0,2730.0
2760782,-7048.125,6925.625,4138.75
2760782,-7048.125,6925.625,4138.75
2760786,-7148.75,8330.0,3911.25
2760786,-7148.75,8330.0,3911.25
2760792,-6133.75,9848.125,3176.25
2760792,-6133.75,9848.125,3176.25
2760797,-7052.5,11226.25,4221.875
2760797,-7052.5,11226.25,4221.875
2760802,-11016.25,15658.125,6313.125
2760802,-11016.25,15658.125,6313.125
2760808,-13523.125,23896.25,7118.125
2760808,-13523.125,23896.25,7118.125
2760812,-15365.0,28205.625,7433.125
2760812,-15365.0,28205.625,7433.125
2760818,-11213.125,-2279.375,15776.25
2760818,-11213.125,-2279.375,15776.25
2760823,-10399.375,6146.875,19766.25
2760823,-10399.375,6146.875,19766.25
2760828,-9668.75,6260.625,-5438.125
2760828,-9668.75,6260.625,-5438.125
2760833,-9686.25,2773.75,-3749.375
2760833,-9686.25,2773.75,-3749.375
2760838,-14021.875,4917.5,-2253.125
2760838,-14021.875,4917.5,-2253.125
2760843,-16292.5,4908.75,-5805.625
2760843,-16292.5,4908.75,-5805.625
2760848,-16021.25,4676.875,-4305.0
2760848,-16021.25,4676.875,-4305.0
2760854,-17465.0,4278.75,-6663.125
2760854,-17465.0,4278.75,-6663.125
2760859,-19276.25,4357.5,-6558.125
2760859,-19276.25,4357.5,-6558.125
2760865,-20304.375,3622.5,-2524.375
2760865,-20304.375,3622.5,-2524.375
2760869,-20308.75,1640.625,-2660.0
2760869,-20308.75,1640.625,-2660.0
2760874,-20265.0,266.875,140.0
2760874,-20265.0,266.875,140.0
2760880,-19149.375,1225.0,5639.375
2760880,-19149.375,1225.0,5639.375
2760885,-14336.875,1557.5,6203.75
2760885,-14336.875,1557.5,6203.75
2760906,-113.75,1032.5,4624.375
2760906,-113.75,1032.5,4624.375
2760910,2830.625,30.625,3823.75
2760910,2830.625,30.625,3823.75
2760916,2489.375,2261.875,-7061.25
2760916,2489.375,2261.875,-7061.25
2760920,6483.75,183.75,-12696.25
2760920,6483.75,183.75,-12696.25
2760926,8168.125,-105.0,-5263.125
2760926,8168.125,-105.0,-5263.125
2760931,3613.75,997.5,-3368.75
2760931,3613.75,997.5,-3368.75
2760936,3416.875,883.75,-2476.25
2760936,3416.875,883.75,-2476.25
2760941,6151.25,783.125,-1951.25
2760941,6151.25,783.125,-1951.25
2760947,6540.625,1382.5,-966.875
2760947,6540.625,1382.5,-966.875
2760952,6265.0,2082.5,271.25
2760952,6265.0,2082.5,271.25
2760957,6155.625,2660.0,240.625
2760957,6155.625,2660.0,240.625
2760963,6925.625,2856.875,441.875
2760963,6925.625,2856.875,441.875
2760967,7258.125,3163.125,809.375
2760967,7258.125,3163.125,809.375
2760972,6947.5,3202.5,984.375
2760972,6947.5,3202.5,984.375
2760978,6571.25,3202.5,1233.75
2760978,6571.25,3202.5,1233.75
2760983,6706.875,2935.625,1579.375
2760983,6706.875,2935.625,1579.375
2760988,7170.625,2436.875,2121.875
2760988,7170.625,2436.875,2121.875
2760993,7686.875,2205.0,2651.25
2760993,7686.875,2205.0,2651.25
2760998,7686.875,1653.75,2992.5
2760998,7686.875,1653.75,2992.5
2761003,7612.5,1378.125,3233.125
2761003,7612.5,1378.125,3233.125
2761008,7673.75,1111.25,3250.625
2761008,7673.75,1111.25,3250.625
2761014,8124.375,665.0,2896.25
2761014,8124.375,665.0,2896.25
2761019,8859.375,568.75,2738.75
2761019,8859.375,568.75,2738.75
2761024,9279.375,363.125,3158.75
2761024,9279.375,363.125,3158.75
2761029,9852.5,30.625,3338.125
2761029,9852.5,30.625,3338.125
2761034,10237.5,91.875,3320.625
2761034,10237.5,91.875,3320.625
2761039,9808.75,-52.5,3307.5
2761039,9808.75,-52.5,3307.5
2761045,9581.25,-52.5,2568.125
2761045,9581.25,-52.5,2568.125
2761050,9240.0,236.25,1890.0
2761050,9240.0,236.25,1890.0
2761055,9485.0,682.5,1553.125
2761055,9485.0,682.5,1553.125
2761060,10259.375,1041.25,131.25
2761060,10259.375,1041.25,131.25
2761065,11668.125,1618.75,-1566.25
2761065,11668.125,1618.75,-1566.25
2761070,12341.875,2450.0,-2782.5
2761070,12341.875,2450.0,-2782.5
2761076,11195.625,2988.125,-2913.75
2761076,11195.625,2988.125,-2913.75
2761081,10443.125,3766.875,-2590.0
2761081,10443.125,3766.875,-2590.0
2761086,10959.375,3941.875,-2563.75
2761086,10959.375,3941.875,-2563.75
2761091,10858.75,3613.75,-2625.0
2761091,10858.75,3613.75,-2625.0
2761096,10097.5,3885.0,-2415.0
2761096,10097.5,3885.0,-2415.0
2761101,9664.375,4130.0,-2909.375
2761101,9664.375,4130.0,-2909.375
2761107,8299.375,4585.0,-3832.5
2761107,8299.375,4585.0,-3832.5
2761112,6488.125,5018.125,-3320.625
2761112,6488.125,5018.125,-3320.625
2761116,6361.25,4926.25,-2480.625
2761116,6361.25,4926.25,-2480.625
2761122,7315.0,4536.875,-3403.75
2761122,7315.0,4536.875,-3403.75
2761127,7371.875,4571.875,-4707.5
2761127,7371.875,4571.875,-4707.5
2761132,6895.0,5621.875,-6951.875
2761132,6895.0,5621.875,-6951.875
2761137,7743.75,6151.25,-10333.75
2761137,7743.75,6151.25,-10333.75
2761143,9616.25,6431.25,-11208.75
2761143,9616.25,6431.25,-11208.75
2761148,9905.0,6260.625,-11873.75
2761148,9905.0,6260.625,-11873.75
2761153,6536.25,6400.625,-12831.875
2761153,6536.25,6400.625,-12831.875
2761158,2550.625,6663.125,-11703.125
2761158,2550.625,6663.125,-11703.125
2761163,1728.125,6921.25,-9524.375
2761163,1728.125,6921.25,-9524.375
2761168,945.0,7463.75,-9716.875
2761168,945.0,7463.75,-9716.875
2761174,-2253.125,5792.5,-9953.125
2761174,-2253.125,5792.5,-9953.125
2761179,-568.75,7643.125,-5643.75
2761179,-568.75,7643.125,-5643.75
2761184,1688.75,7175.0,-3316.25
2761184,1688.75,7175.0,-3316.25
2761189,1124.375,5556.25,-2935.625
2761189,1124.375,5556.25,-2935.625
2761194,-883.75,5376.875,-3578.75
2761194,-883.75,5376.875,-3578.75
2761199,-3552.5,6829.375,-1106.875
2761199,-3552.5,6829.375,-1106.875
2761205,-2891.875,5880.0,-376.25
2761205,-2891.875,5880.0,-376.25
2761210,-2581.25,3657.5,-398.125
2761210,-2581.25,3657.5,-398.125
2761215,-4366.25,743.75,153.125
2761215,-4366.25,743.75,153.125
2761220,-4650.625,-2690.625,-1553.125
2761220,-4650.625,-2690.625,-1553.125
2761225,-4760.0,-4073.125,-4309.375
2761225,-4760.0,-4073.125,-4309.375
2761230,-5635.0,-2655.625,-3386.25
2761230,-5635.0,-2655.625,-3386.25
2761236,-3189.375,-630.0,-3998.75
2761236,-3189.375,-630.0,-3998.75
2761241,-813.75,-284.375,-4265.625
2761241,-813.75,-284.375,-4265.625
2761246,-188.125,-26.25,-4410.0
2761246,-188.125,-26.25,-4410.0
2761251,-1509.375,647.5,-2366.875
2761251,-1509.375,647.5,-2366.875
2761256,-3272.5,980.0,616.875
2761256,-3272.5,980.0,616.875
2761261,-5989.375,1382.5,3097.5
2761261,-5989.375,1382.5,3097.5
2761282,-3084.375,1951.25,1452.5
2761282,-3084.375,1951.25,1452.5
2761287,-4755.625,2541.875,1920.625
2761287,-4755.625,2541.875,1920.625
2761292,-4173.75,2034.375,-293.125
2761292,-4173.75,2034.375,-293.125
2761296,-3976.875,2471.875,-748.125
2761296,-3976.875,2471.875,-748.125
2761303,-4860.625,2616.25,30.625
2761303,-4860.625,2616.25,30.625
2761308,-5075.0,1780.625,218.75
2761308,-5075.0,1780.625,218.75
2761314,-4668.125,1207.5,866.25
2761314,-4668.125,1207.5,866.25
2761318,-3819.375,752.5,1763.125
2761318,-3819.375,752.5,1763.125
2761323,-2419.375,253.75,2196.25
2761323,-2419.375,253.75,2196.25
2761329,-1640.625,-39.375,2559.375
2761329,-1640.625,-39.375,2559.375
2761334,-1137.5,-161.875,2528.75
2761334,-1137.5,-161.875,2528.75
2761338,-564.375,-328.125,2253.125
2761338,-564.375,-328.125,2253.125
2761344,-70.0,-700.0,1942.5
2761344,-70.0,-700.0,1942.5
2761349,380.625,-861.875,1973.125
2761349,380.625,-861.875,1973.125
2761355,625.625,-1050.0,1846.25
2761355,625.625,-1050.0,1846.25
2761359,778.75,-1404.375,1470.0
2761359,778.75,-1404.375,1470.0
2761364,853.125,-1710.625,1058.75
2761364,853.125,-1710.625,1058.75
2761370,1080.625,-1968.75,809.375
2761370,1080.625,-1968.75,809.375
2761375,1185.625,-2231.25,717.5
2761375,1185.625,-2231.25,717.5
2761380,1321.25,-2524.375,581.875
2761380,1321.25,-2524.375,581.875
2761385,1719.375,-2957.5,275.625
2761385,1719.375,-2957.5,275.625
2761390,2240.0,-3088.75,266.875
2761390,2240.0,-3088.75,266.875
2761395,2813.125,-3036.25,778.75
2761395,2813.125,-3036.25,778.75
2761400,3005.625,-3066.875,1395.625
2761400,3005.625,-3066.875,1395.625
2761406,2708.125,-3233.125,1990.625
2761406,2708.125,-3233.125,1990.625
2761412,2152.5,-3325.0,2786.875
2761412,2152.5,-3325.0,2786.875
2761416,1697.5,-3115.0,3832.5
2761416,1697.5,-3115.0,3832.5
2761437,1080.625,-3530.625,7634.375
2761437,1080.625,-3530.625,7634.375
2761442,1640.625,-3478.125,8911.875
2761442,1640.625,-3478.125,8911.875
2761447,2340.625,-3644.375,9940.0
2761447,2340.625,-3644.375,9940.0
2761452,2992.5,-3841.25,11060.0
2761452,2992.5,-3841.25,11060.0
2761456,3836.875,-3788.75,11681.25
2761456,3836.875,-3788.75,11681.25
2761462,4191.25,-3745.0,12241.25
2761462,4191.25,-3745.0,12241.25
2761467,3915.625,-4003.125,12508.125
2761467,3915.625,-4003.125,12508.125
2761472,4252.5,-3893.75,13514.375
2761472,4252.5,-3893.75,13514.375
2761478,3399.375,-3653.125,13050.625
2761478,3399.375,-3653.125,13050.625
2761483,2489.375,-3714.375,12302.5
2761483,2489.375,-3714.375,12302.5
2761488,2104.375,-3670.625,11764.375
2761488,2104.375,-3670.625,11764.375
2761509,2126.25,-2839.375,10771.25
2761509,2126.25,-2839.375,10771.25
2761514,2646.875,-2922.5,11230.625
2761514,2646.875,-2922.5,11230.625
2761519,3408.125,-3106.25,12158.125
2761519,3408.125,-3106.25,12158.125
2761525,3972.5,-3206.875,13120.625
2761525,3972.5,-3206.875,13120.625
2761530,4733.75,-3080.0,13632.5
2761530,4733.75,-3080.0,13632.5
2761535,5232.5,-2948.75,14021.875
2761535,5232.5,-2948.75,14021.875
2761540,5403.125,-2625.0,14008.75
2761540,5403.125,-2625.0,14008.75
2761545,5061.875,-2205.0,13601.875
2761545,5061.875,-2205.0,13601.875
2761550,4602.5,-1763.125,13943.125
2761550,4602.5,-1763.125,13943.125
2761555,4060.0,-485.625,14275.625
2761555,4060.0,-485.625,14275.625
2761560,1881.25,1610.0,14074.375
2761560,1881.25,1610.0,14074.375
2761566,376.25,2327.5,14332.5
2761566,376.25,2327.5,14332.5
2761571,336.875,1610.0,13934.375
2761571,336.875,1610.0,13934.375
2761576,796.25,945.0,13772.5
2761576,796.25,945.0,13772.5
2761581,910.0,752.5,13890.625
2761581,910.0,752.5,13890.625
2761586,1260.0,669.375,13728.75
2761586,1260.0,669.375,13728.75
2761591,2082.5,367.5,13461.875
2761591,2082.5,367.5,13461.875
2761597,2458.75,74.375,13291.25
2761597,2458.75,74.375,13291.25
2761602,2817.5,-669.375,12985.0
2761602,2817.5,-669.375,12985.0
2761654,1575.0,-1133.125,8491.875
2761654,1575.0,-1133.125,8491.875
2761659,1990.625,-787.5,8732.5
2761659,1990.625,-787.5,8732.5
2761664,1960.0,-166.25,9060.625
2761664,1960.0,-166.25,9060.625
2761669,1793.75,65.625,9423.75
2761669,1793.75,65.625,9423.75
2761674,1981.875,406.875,9660.0
2761674,1981.875,406.875,9660.0
2761679,2025.625,472.5,9358.125
2761679,2025.625,472.5,9358.125
2761684,1325.625,971.25,8400.0
2761684,1325.625,971.25,8400.0
2761689,236.25,1395.625,7240.625
2761689,236.25,1395.625,7240.625
2761695,-380.625,997.5,6566.875
2761695,-380.625,997.5,6566.875
2761700,-700.0,669.375,5293.75
2761700,-700.0,669.375,5293.75
2761705,-1338.75,888.125,3045.0
2761705,-1338.75,888.125,3045.0
2761710,-1649.375,647.5,2668.75
2761710,-1649.375,647.5,2668.75
2761715,-1837.5,345.625,2003.75
2761715,-1837.5,345.625,2003.75
2761721,-1995.0,240.625,2375.625
2761721,-1995.0,240.625,2375.625
2761726,-1513.75,-253.75,2690.625
2761726,-1513.75,-253.75,2690.625
2761731,-1216.25,-441.875,2270.625
2761731,-1216.25,-441.875,2270.625
2761736,-883.75,-345.625,2196.25
2761736,-883.75,-345.625,2196.25
2761741,-175.0,-245.0,2336.25
2761741,-175.0,-245.0,2336.25
2761746,345.625,96.25,1754.375
2761746,345.625,96.25,1754.375
2761751,673.75,91.875,1470.0
2761751,673.75,91.875,1470.0
2761757,1111.25,-376.25,1645.0
2761757,1111.25,-376.25,1645.0
2761762,1316.875,-516.25,1290.625
2761762,1316.875,-516.25,1290.625
2761767,1085.0,-555.625,560.0
2761767,1085.0,-555.625,560.0
2761772,1023.75,-673.75,39.375
2761772,1023.75,-673.75,39.375
2761793,1999.375,-826.875,-568.75
2761793,1999.375,-826.875,-568.75
2761798,2301.25,-616.875,-179.375
2761798,2301.25,-616.875,-179.375
2761803,2555.0,-170.625,293.125
2761803,2555.0,-170.625,293.125
2761808,2616.25,56.875,966.875
2761808,2616.25,56.875,966.875
2761813,2848.125,-52.5,1343.125
2761813,2848.125,-52.5,1343.125
2761839,2603.125,621.25,1719.375
2761839,2603.125,621.25,1719.375
2761844,2821.875,892.5,1391.25
2761844,2821.875,892.5,1391.25
2761849,3071.25,1111.25,1155.0
2761849,3071.25,1111.25,1155.0
2761870,2861.25,1850.625,551.25
2761870,2861.25,1850.625,551.25
2761875,2786.875,2056.25,564.375
2761875,2786.875,2056.25,564.375
2761880,2826.25,2253.125,595.0
2761880,2826.25,2253.125,595.0
2761886,2830.625,2436.875,796.25
2761886,2830.625,2436.875,796.25
2761891,3298.75,2489.375,1032.5
2761891,3298.75,2489.375,1032.5
2761896,3478.125,2800.0,1089.375
2761896,3478.125,2800.0,1089.375
2761901,3513.125,2935.625,1522.5
2761901,3513.125,2935.625,1522.5
2761906,3508.75,2891.875,1820.0
2761906,3508.75,2891.875,1820.0
2761911,3578.75,2808.75,1951.25
2761911,3578.75,2808.75,1951.25
2761917,3377.5,2690.625,2183.125
2761917,3377.5,2690.625,2183.125
2761922,3158.75,2738.75,2191.875
2761922,3158.75,2738.75,2191.875
2761927,2813.125,2655.625,1973.125
2761927,2813.125,2655.625,1973.125
2761932,2012.5,2686.25,2248.75
2761932,2012.5,2686.25,2248.75
2761937,2401.875,2909.375,3255.0
2761937,2401.875,2909.375,3255.0
2761942,2646.875,2410.625,2782.5
2761942,2646.875,2410.625,2782.5
2761947,2016.875,2423.75,2423.75
2761947,2016.875,2423.75,2423.75
2761953,1841.875,2506.875,2082.5
2761953,1841.875,2506.875,2082.5
2761958,2135.0,2060.625,1745.625
2761958,2135.0,2060.625,1745.625
2761963,1771.875,1933.75,1618.75
2761963,1771.875,1933.75,1618.75
2761984,844.375,1645.0,1023.75
2761984,844.375,1645.0,1023.75
2761989,634.375,1649.375,1146.25
2761989,634.375,1649.375,1146.25
2761994,319.375,1448.125,1295.0
2761994,319.375,1448.125,1295.0
2761999,231.875,1596.875,1408.75
2761999,231.875,1596.875,1408.75
2762004,240.625,1605.625,1509.375
2762004,240.625,1605.625,1509.375
2762009,380.625,1483.125,1435.0
2762009,380.625,1483.125,1435.0
2762015,380.625,1386.875,1238.125
2762015,380.625,1386.875,1238.125
2762020,293.125,1308.125,1273.125
2762020,293.125,1308.125,1273.125
2762025,310.625,1343.125,1181.25
2762025,310.625,1343.125,1181.25
2762030,332.5,1448.125,1010.625
2762030,332.5,1448.125,1010.625
2762035,118.125,1421.875,1080.625
2762035,118.125,1421.875,1080.625
2762040,30.625,1338.75,1111.25
2762040,30.625,1338.75,1111.25
2762045,-140.0,1312.5,1080.625
2762045,-140.0,1312.5,1080.625
2762051,-271.25,1273.125,1032.5
2762051,-271.25,1273.125,1032.5
2762056,-481.25,1426.25,1098.125
2762056,-481.25,1426.25,1098.125
2762061,-616.875,1220.625,1194.375
2762061,-616.875,1220.625,1194.375
2762066,-656.25,1141.875,1229.375
2762066,-656.25,1141.875,1229.375
2762072,-691.25,1286.25,1373.75
2762072,-691.25,1286.25,1373.75
2762076,-892.5,1172.5,1426.25
2762076,-892.5,1172.5,1426.25
2762082,-1120.0,962.5,1553.125
2762082,-1120.0,962.5,1553.125
2762087,-1343.125,975.625,1666.875
2762087,-1343.125,975.625,1666.875
2762092,-1325.625,1041.25,1627.5
2762092,-1325.625,1041.25,1627.5
2762097,-1404.375,993.125,1483.125
2762097,-1404.375,993.125,1483.125
2762102,-1478.75,778.75,1435.0
2762102,-1478.75,778.75,1435.0
2762107,-1400.0,936.25,1242.5
2762107,-1400.0,936.25,1242.5
2762113,-1413.125,805.0,1260.0
2762113,-1413.125,805.0,1260.0
2762117,-1413.125,840.0,1277.5
2762117,-1413.125,840.0,1277.5
2762123,-1623.125,822.5,1373.75
2762123,-1623.125,822.5,1373.75
2762127,-1872.5,691.25,1461.25
2762127,-1872.5,691.25,1461.25
2762133,-1859.375,586.25,1513.75
2762133,-1859.375,586.25,1513.75
2762138,-1999.375,586.25,1623.125
2762138,-1999.375,586.25,1623.125
2762143,-1841.875,481.25,1631.875
2762143,-1841.875,481.25,1631.875
2762148,-1640.625,258.125,1623.125
2762148,-1640.625,258.125,1623.125
2762154,-1666.875,275.625,1658.125
2762154,-1666.875,275.625,1658.125
2762159,-1347.5,161.875,1557.5
2762159,-1347.5,161.875,1557.5
2762164,-1111.25,52.5,1610.0
2762164,-1111.25,52.5,1610.0
2762170,-1067.5,8.75,1483.125
2762170,-1067.5,8.75,1483.125
2762174,-1137.5,-26.25,1115.625
2762174,-1137.5,-26.25,1115.625
2762180,-1347.5,-122.5,1001.875
2762180,-1347.5,-122.5,1001.875
2762185,-1382.5,-231.875,796.25
2762185,-1382.5,-231.875,796.25
2762190,-1351.875,-175.0,586.25
2762190,-1351.875,-175.0,586.25
2762195,-1229.375,-227.5,301.875
2762195,-1229.375,-227.5,301.875
2762200,-1176.875,-385.0,196.875
2762200,-1176.875,-385.0,196.875
2762205,-1067.5,-564.375,205.625
2762205,-1067.5,-564.375,205.625
2762210,-953.75,-551.25,223.125
2762210,-953.75,-551.25,223.125
2762216,-739.375,-686.875,328.125
2762216,-739.375,-686.875,328.125
2762221,-708.75,-778.75,310.625
2762221,-708.75,-778.75,310.625
2762226,-468.125,-945.0,319.375
2762226,-468.125,-945.0,319.375
2762231,-332.5,-857.5,345.625
2762231,-332.5,-857.5,345.625
2762236,118.125,-853.125,170.625
2762236,118.125,-853.125,170.625
2762241,608.125,-861.875,240.625
2762241,608.125,-861.875,240.625
2762262,730.625,-1076.25,214.375
2762262,730.625,-1076.25,214.375
2762267,306.25,-1452.5,389.375
2762267,306.25,-1452.5,389.375
2762272,-319.375,-1408.75,310.625
2762272,-319.375,-1408.75,310.625
2762278,-958.125,-1365.0,105.0
2762278,-958.125,-1365.0,105.0
2762283,-1404.375,-1351.875,-275.625
2762283,-1404.375,-1351.875,-275.625
2762288,-1885.625,-1185.625,-975.625
2762288,-1885.625,-1185.625,-975.625
2762293,-1964.375,-1032.5,-1386.875
2762293,-1964.375,-1032.5,-1386.875
2762298,-1701.875,-1085.0,-1303.75
2762298,-1701.875,-1085.0,-1303.75
2762303,-1216.25,-1102.5,-848.75
2762303,-1216.25,-1102.5,-848.75
2762309,-389.375,-1198.75,-358.75
2762309,-389.375,-1198.75,-358.75
2762314,468.125,-901.25,-56.875
2762314,468.125,-901.25,-56.875
2762318,1093.75,-678.125,-109.375
2762318,1093.75,-678.125,-109.375
2762325,1378.125,-752.5,-91.875
2762325,1378.125,-752.5,-91.875
2762329,1106.875,-560.0,-131.25
2762329,1106.875,-560.0,-131.25
2762334,721.875,-581.875,-192.5
2762334,721.875,-581.875,-192.5
2762340,441.875,-616.875,-310.625
2762340,441.875,-616.875,-310.625
2762345,-196.875,-826.875,-231.875
2762345,-196.875,-826.875,-231.875
2762350,-1032.5,-988.75,-109.375
2762350,-1032.5,-988.75,-109.375
2762355,-1745.625,-1216.25,-415.625
2762355,-1745.625,-1216.25,-415.625
2762360,-2388.75,-1260.0,-866.25
2762360,-2388.75,-1260.0,-866.25
2762365,-2734.375,-1316.875,-1365.0
2762365,-2734.375,-1316.875,-1365.0
2762370,-3018.75,-1233.75,-1767.5
2762370,-3018.75,-1233.75,-1767.5
2762376,-2891.875,-1085.0,-2060.625
2762376,-2891.875,-1085.0,-2060.625
2762381,-3027.5,-980.0,-2218.125
2762381,-3027.5,-980.0,-2218.125
2762386,-2909.375,-778.75,-2397.5
2762386,-2909.375,-778.75,-2397.5
2762390,-2712.5,-695.625,-2301.25
2762390,-2712.5,-695.625,-2301.25
2762395,-2598.75,-568.75,-2121.875
2762395,-2598.75,-568.75,-2121.875
2762401,-2778.125,-455.0,-1890.0
2762401,-2778.125,-455.0,-1890.0
2762407,-2913.75,-455.0,-1518.125
2762407,-2913.75,-455.0,-1518.125
2762412,-2611.875,-420.0,-1172.5
2762412,-2611.875,-420.0,-1172.5
2762417,-2331.875,-380.625,-971.25
2762417,-2331.875,-380.625,-971.25
2762422,-2200.625,-393.75,-805.0
2762422,-2200.625,-393.75,-805.0
2762427,-1898.75,-332.5,-1036.875
2762427,-1898.75,-332.5,-1036.875
2762432,-1413.125,-161.875,-1299.375
2762432,-1413.125,-161.875,-1299.375
2762438,-888.125,-210.0,-1325.625
2762438,-888.125,-210.0,-1325.625
2762442,-516.25,-65.625,-1561.875
2762442,-516.25,-65.625,-1561.875
2762448,-266.875,-70.0,-1955.625
2762448,-266.875,-70.0,-1955.625
2762453,-183.75,-126.875,-2213.75
2762453,-183.75,-126.875,-2213.75
2762458,-398.125,-227.5,-2550.625
2762458,-398.125,-227.5,-2550.625
2762464,-730.625,-240.625,-2721.25
2762464,-730.625,-240.625,-2721.25
2762468,-713.125,-280.0,-2909.375
2762468,-713.125,-280.0,-2909.375
2762474,-835.625,-249.375,-3290.0
2762474,-835.625,-249.375,-3290.0
2762479,-1211.875,-463.75,-3421.25
2762479,-1211.875,-463.75,-3421.25
2762484,-1535.625,-262.5,-3281.25
2762484,-1535.625,-262.5,-3281.25
2762489,-1684.375,-700.0,-3285.625
2762489,-1684.375,-700.0,-3285.625
2762495,-1850.625,-1233.75,-3198.125
2762495,-1850.625,-1233.75,-3198.125
2762499,-2130.625,-1378.125,-3136.875
2762499,-2130.625,-1378.125,-3136.875
2762504,-2327.5,-1334.375,-2975.0
2762504,-2327.5,-1334.375,-2975.0
2762510,-2515.625,-1124.375,-2813.125
2762510,-2515.625,-1124.375,-2813.125
2762515,-2555.0,-1216.25,-2909.375
2762515,-2555.0,-1216.25,-2909.375
2762520,-2935.625,-1163.75,-2563.75
2762520,-2935.625,-1163.75,-2563.75
2762525,-3097.5,-984.375,-2340.625
2762525,-3097.5,-984.375,-2340.625
2762530,-3115.0,-848.75,-2353.75
2762530,-3115.0,-848.75,-2353.75
2762536,-2926.875,-809.375,-2248.75
2762536,-2926.875,-809.375,-2248.75
2762541,-2813.125,-730.625,-2016.875
2762541,-2813.125,-730.625,-2016.875
2762546,-2673.125,-511.875,-2174.375
2762546,-2673.125,-511.875,-2174.375
2762551,-2345.0,-188.125,-1995.0
2762551,-2345.0,-188.125,-1995.0
2762556,-1863.75,-376.25,-2170.0
2762556,-1863.75,-376.25,-2170.0
2762561,-1968.75,-498.75,-2498.125
2762561,-1968.75,-498.75,-2498.125
2762566,-1995.0,-345.625,-2310.0
2762566,-1995.0,-345.625,-2310.0
2762572,-1806.875,-415.625,-2366.875
2762572,-1806.875,-415.625,-2366.875
2762577,-1443.75,-393.75,-2590.0
2762577,-1443.75,-393.75,-2590.0
2762582,-962.5,-315.0,-2804.375
2762582,-962.5,-315.0,-2804.375
2762587,-730.625,-249.375,-2804.375
2762587,-730.625,-249.375,-2804.375
2762592,-533.75,-218.75,-2642.5
2762592,-533.75,-218.75,-2642.5
2762597,-586.25,-328.125,-2555.0
2762597,-586.25,-328.125,-2555.0
2762603,-656.25,-332.5,-2524.375
2762603,-656.25,-332.5,-2524.375
2762608,-931.875,-376.25,-2108.75
2762608,-931.875,-376.25,-2108.75
2762613,-958.125,-472.5,-1601.25
2762613,-958.125,-472.5,-1601.25
2762619,-643.125,-328.125,-1605.625
2762619,-643.125,-328.125,-1605.625
2762623,-599.375,-175.0,-1640.625
2762623,-599.375,-175.0,-1640.625
2762628,-555.625,-148.75,-1701.875
2762628,-555.625,-148.75,-1701.875
2762634,-463.75,-249.375,-1933.75
2762634,-463.75,-249.375,-1933.75
2762639,-227.5,-48.125,-2086.875
2762639,-227.5,-48.125,-2086.875
2762644,-227.5,-214.375,-2051.875
2762644,-227.5,-214.375,-2051.875
2762649,-345.625,-236.25,-2086.875
2762649,-345.625,-236.25,-2086.875
2762654,-783.125,-428.75,-2222.5
2762654,-783.125,-428.75,-2222.5
2762659,-1732.5,-393.75,-2047.5
2762659,-1732.5,-393.75,-2047.5
2762665,-2231.25,-100.625,-1907.5
2762665,-2231.25,-100.625,-1907.5
2762669,-2467.5,17.5,-1885.625
2762669,-2467.5,17.5,-1885.625
2762674,-2730.0,341.25,-1623.125
2762674,-2730.0,341.25,-1623.125
2762680,-2992.5,590.625,-1303.75
2762680,-2992.5,590.625,-1303.75
2762685,-3281.25,625.625,-1325.625
2762685,-3281.25,625.625,-1325.625
2762691,-3355.625,1015.0,-1015.0
2762691,-3355.625,1015.0,-1015.0
2762695,-3465.0,1015.0,-984.375
2762695,-3465.0,1015.0,-984.375
2762701,-3631.25,1080.625,-726.25
2762701,-3631.25,1080.625,-726.25
2762706,-3797.5,1251.25,-494.375
2762706,-3797.5,1251.25,-494.375
2762711,-3399.375,1295.0,-546.875
2762711,-3399.375,1295.0,-546.875
2762716,-2852.5,1395.625,-100.625
2762716,-2852.5,1395.625,-100.625
2762721,-2371.25,1421.875,227.5
2762721,-2371.25,1421.875,227.5
2762726,-1828.75,1365.0,-140.0
2762726,-1828.75,1365.0,-140.0
2762732,-1815.625,1334.375,-616.875
2762732,-1815.625,1334.375,-616.875
2762737,-1824.375,1273.125,-459.375
2762737,-1824.375,1273.125,-459.375
2762742,-1618.75,1133.125,-542.5
2762742,-1618.75,1133.125,-542.5
2762747,-498.75,1115.625,-835.625
2762747,-498.75,1115.625,-835.625
2762752,-1054.375,997.5,-656.25
2762752,-1054.375,997.5,-656.25
2762757,-2327.5,923.125,144.375
2762757,-2327.5,923.125,144.375
2762763,-1780.625,616.875,144.375
2762763,-1780.625,616.875,144.375
2762768,-875.0,651.875,227.5
2762768,-875.0,651.875,227.5
2762772,-813.75,485.625,170.625
2762772,-813.75,485.625,170.625
2762778,-1382.5,262.5,-210.0
2762778,-1382.5,262.5,-210.0
2762783,-1666.875,214.375,-494.375
2762783,-1666.875,214.375,-494.375
2762788,-1596.875,371.875,-367.5
2762788,-1596.875,371.875,-367.5
2762793,-1697.5,376.25,-223.125
2762793,-1697.5,376.25,-223.125
2762799,-1400.0,105.0,-494.375
2762799,-1400.0,105.0,-494.375
2762804,-1736.875,91.875,-826.875
2762804,-1736.875,91.875,-826.875
2762809,-1977.5,52.5,-993.125
2762809,-1977.5,52.5,-993.125
2762814,-2078.125,-17.5,-1260.0
2762814,-2078.125,-17.5,-1260.0
2762819,-2130.625,210.0,-1343.125
2762819,-2130.625,210.0,-1343.125
2762824,-2366.875,105.0,-1614.375
2762824,-2366.875,105.0,-1614.375
2762830,-2493.75,91.875,-2187.5
2762830,-2493.75,91.875,-2187.5
2762835,-2629.375,411.25,-2156.875
2762835,-2629.375,411.25,-2156.875
2762840,-2865.625,481.25,-2235.625
2762840,-2865.625,481.25,-2235.625
2762845,-2961.875,507.5,-2148.125
2762845,-2961.875,507.5,-2148.125
2762850,-2896.25,581.875,-2174.375
2762850,-2896.25,581.875,-2174.375
2762855,-3058.125,538.125,-2441.25
2762855,-3058.125,538.125,-2441.25
2762861,-3333.75,660.625,-2410.625
2762861,-3333.75,660.625,-2410.625
2762866,-3491.25,787.5,-2231.25
2762866,-3491.25,787.5,-2231.25
2762871,-3491.25,993.125,-1916.25
2762871,-3491.25,993.125,-1916.25
2762876,-3548.125,980.0,-1885.625
2762876,-3548.125,980.0,-1885.625
2762881,-3955.0,1194.375,-2012.5
2762881,-3955.0,1194.375,-2012.5
2762886,-4711.875,1404.375,-1951.25
2762886,-4711.875,1404.375,-1951.25
2762891,-5040.0,1592.5,-1758.75
2762891,-5040.0,1592.5,-1758.75
2762897,-5451.25,2161.25,-1785.0
2762897,-5451.25,2161.25,-1785.0
2762902,-5613.125,2187.5,-1863.75
2762902,-5613.125,2187.5,-1863.75
2762907,-5302.5,2196.25,-1863.75
2762907,-5302.5,2196.25,-1863.75
2762912,-5442.5,2353.75,-1631.875
2762912,-5442.5,2353.75,-1631.875
2762917,-6343.75,2891.875,-704.375
2762917,-6343.75,2891.875,-704.375
2762922,-7695.625,3421.25,1391.25
2762922,-7695.625,3421.25,1391.25
2762928,-7835.625,3456.25,1780.625
2762928,-7835.625,3456.25,1780.625
2762933,-7831.25,3136.875,-774.375
2762933,-7831.25,3136.875,-774.375
2762938,-8198.75,3202.5,-131.25
2762938,-8198.75,3202.5,-131.25
2762943,-8815.625,3937.5,-157.5
2762943,-8815.625,3937.5,-157.5
2762948,-9279.375,3950.625,-831.25
2762948,-9279.375,3950.625,-831.25
2762953,-8478.75,3762.5,-647.5
2762953,-8478.75,3762.5,-647.5
2762959,-7608.125,3438.75,-1631.875
2762959,-7608.125,3438.75,-1631.875
2762964,-7498.75,3325.0,-2747.5
2762964,-7498.75,3325.0,-2747.5
2762969,-7498.75,3583.125,-3246.25
2762969,-7498.75,3583.125,-3246.25
2762974,-7931.875,3600.625,-3605.0
2762974,-7931.875,3600.625,-3605.0
2762979,-7455.0,2655.625,-3027.5
2762979,-7455.0,2655.625,-3027.5
2762984,-6545.0,2362.5,-3403.75
2762984,-6545.0,2362.5,-3403.75
2762990,-6877.5,2419.375,-3871.875
2762990,-6877.5,2419.375,-3871.875
2762994,-7113.75,2638.125,-4191.25
2762994,-7113.75,2638.125,-4191.25
2763000,-6330.625,2848.125,-4121.25
2763000,-6330.625,2848.125,-4121.25
2763005,-6488.125,4178.125,-4808.125
2763005,-6488.125,4178.125,-4808.125
2763010,-5910.625,3858.75,-4353.125
2763010,-5910.625,3858.75,-4353.125
2763015,-7275.625,4042.5,-4125.625
2763015,-7275.625,4042.5,-4125.625
2763020,-9331.875,5306.875,-4620.0
2763020,-9331.875,5306.875,-4620.0
2763026,-9856.875,5250.0,-4296.25
2763026,-9856.875,5250.0,-4296.25
2763031,-8255.625,4703.125,-5145.0
2763031,-8255.625,4703.125,-5145.0
2763036,-7879.375,5145.0,-5770.625
2763036,-7879.375,5145.0,-5770.625
2763041,-8833.125,5950.0,-6295.625
2763041,-8833.125,5950.0,-6295.625
2763046,-8093.75,5858.125,-6435.625
2763046,-8093.75,5858.125,-6435.625
2763051,-7179.375,5302.5,-7017.5
2763051,-7179.375,5302.5,-7017.5
2763057,-6846.875,4243.75,-7017.5
2763057,-6846.875,4243.75,-7017.5
2763062,-8050.0,4283.125,-7021.875
2763062,-8050.0,4283.125,-7021.875
2763067,-8194.375,3871.875,-6636.875
2763067,-8194.375,3871.875,-6636.875
2763072,-8093.75,2848.125,-6908.125
2763072,-8093.75,2848.125,-6908.125
2763077,-8500.625,2751.875,-6238.75
2763077,-8500.625,2751.875,-6238.75
2763083,-9117.5,3434.375,-6488.125
2763083,-9117.5,3434.375,-6488.125
2763088,-9086.875,3959.375,-6641.25
2763088,-9086.875,3959.375,-6641.25
2763093,-8522.5,3320.625,-5499.375
2763093,-8522.5,3320.625,-5499.375
2763098,-6947.5,2218.125,-4453.75
2763098,-6947.5,2218.125,-4453.75
2763103,-5814.375,1798.125,-3688.125
2763103,-5814.375,1798.125,-3688.125
2763108,-4480.0,1575.0,-2598.75
2763108,-4480.0,1575.0,-2598.75
2763113,-3255.0,1561.875,-1645.0
2763113,-3255.0,1561.875,-1645.0
2763118,-1688.75,1190.0,-1168.125
2763118,-1688.75,1190.0,-1168.125
2763124,-761.25,529.375,-301.875
2763124,-761.25,529.375,-301.875
2763129,-336.875,-70.0,660.625
2763129,-336.875,-70.0,660.625
2763134,148.75,-319.375,1378.125
2763134,148.75,-319.375,1378.125
2763139,822.5,-564.375,1754.375
2763139,822.5,-564.375,1754.375
2763144,1015.0,-761.25,2161.25
2763144,1015.0,-761.25,2161.25
2763149,840.0,-1054.375,2235.625
2763149,840.0,-1054.375,2235.625
2763155,796.25,-1356.25,1693.125
2763155,796.25,-1356.25,1693.125
2763160,-109.375,-1566.25,1500.625
2763160,-109.375,-1566.25,1500.625
2763164,-1981.875,-2708.125,4230.625
2763164,-1981.875,-2708.125,4230.625
2763169,328.125,-2878.75,5140.625
2763169,328.125,-2878.75,5140.625
2763175,2410.625,-2979.375,1522.5
2763175,2410.625,-2979.375,1522.5
2763181,1732.5,-3661.875,5779.375
2763181,1732.5,-3661.875,5779.375
2763186,1448.125,-2314.375,4453.75
2763186,1448.125,-2314.375,4453.75
2763191,4646.25,-2100.0,-9804.375
2763191,4646.25,-2100.0,-9804.375
2763196,7275.625,-4068.75,-13711.25
2763196,7275.625,-4068.75,-13711.25
2763201,8706.25,-7437.5,2388.75
2763201,8706.25,-7437.5,2388.75
2763206,16060.625,-10259.375,-879.375
2763206,16060.625,-10259.375,-879.375
2763211,35310.625,-10268.125,-17731.875
2763211,35310.625,-10268.125,-17731.875
2763216,63936.25,-9078.125,-17766.875
2763216,63936.25,-9078.125,-17766.875
2763222,69295.625,-14616.875,-21183.75
2763222,69295.625,-14616.875,-21183.75
2763227,39318.125,-14634.375,-31666.25
2763227,39318.125,-14634.375,-31666.25
2763232,18532.5,-11143.125,-25440.625
2763232,18532.5,-11143.125,-25440.625
2763237,41405.0,-13177.5,1321.25
2763237,41405.0,-13177.5,1321.25
2763242,64063.125,-15443.75,9397.5
2763242,64063.125,-15443.75,9397.5
2763247,48842.5,-16353.75,-717.5
2763247,48842.5,-16353.75,-717.5
2763253,24224.375,-16043.125,-5092.5
2763253,24224.375,-16043.125,-5092.5
2763258,3753.75,-14726.25,-253.75
2763258,3753.75,-14726.25,-253.75
2763263,-6138.125,-12941.25,7393.75
2763263,-6138.125,-12941.25,7393.75
2763268,-9012.5,-10902.5,12228.125
2763268,-9012.5,-10902.5,12228.125
2763273,-8789.375,-10005.625,10666.25
2763273,-8789.375,-10005.625,10666.25
2763279,-9686.25,-8881.25,8386.875
2763279,-9686.25,-8881.25,8386.875
2763284,-12171.25,-6523.125,7227.5
2763284,-12171.25,-6523.125,7227.5
2763289,-12009.375,-4628.75,5040.0
2763289,-12009.375,-4628.75,5040.0
2763294,-8811.25,-2699.375,4401.25
2763294,-8811.25,-2699.375,4401.25
2763299,-3644.375,-455.0,3600.625
2763299,-3644.375,-455.0,3600.625
2763304,-1168.125,1190.0,2156.875
2763304,-1168.125,1190.0,2156.875
2763309,345.625,2043.125,953.75
2763309,345.625,2043.125,953.75
2763315,358.75,2533.125,564.375
2763315,358.75,2533.125,564.375
2763320,-831.25,2769.375,-800.625
2763320,-831.25,2769.375,-800.625
2763325,-1806.875,1968.75,-1496.25
2763325,-1806.875,1968.75,-1496.25
2763330,-3053.75,227.5,-634.375
2763330,-3053.75,227.5,-634.375
2763336,-4668.125,-892.5,-1925.0
2763336,-4668.125,-892.5,-1925.0
2763340,-5438.125,-2699.375,-3220.0
2763340,-5438.125,-2699.375,-3220.0
2763345,-5245.625,-5088.125,-2843.75
2763345,-5245.625,-5088.125,-2843.75
2763351,-4602.5,-6864.375,-1907.5
2763351,-4602.5,-6864.375,-1907.5
2763356,-3053.75,-7936.25,-1063.125
2763356,-3053.75,-7936.25,-1063.125
2763360,-1662.5,-9235.625,533.75
2763360,-1662.5,-9235.625,533.75
2763366,-402.5,-10381.875,2170.0
2763366,-402.5,-10381.875,2170.0
2763371,603.75,-11501.875,3937.5
2763371,603.75,-11501.875,3937.5
2763377,1299.375,-11847.5,5206.25
2763377,1299.375,-11847.5,5206.25
2763382,2721.25,-11886.875,6251.875
2763382,2721.25,-11886.875,6251.875
2763387,4060.0,-11720.625,7608.125
2763387,4060.0,-11720.625,7608.125
2763392,4978.75,-11068.75,8701.875
2763392,4978.75,-11068.75,8701.875
2763397,5468.75,-10928.75,9441.25
2763397,5468.75,-10928.75,9441.25
2763402,6203.75,-9826.25,10031.875
2763402,6203.75,-9826.25,10031.875
2763408,7441.875,-9703.75,10806.25
2763408,7441.875,-9703.75,10806.25
2763413,7389.375,-8728.125,10561.25
2763413,7389.375,-8728.125,10561.25
2763418,6405.0,-8448.125,10193.75
2763418,6405.0,-8448.125,10193.75
2763423,5967.5,-7564.375,8811.25
2763423,5967.5,-7564.375,8811.25
2763428,5696.25,-7161.875,6938.75
2763428,5696.25,-7161.875,6938.75
2763434,4830.0,-6488.125,5376.875
2763434,4830.0,-6488.125,5376.875
2763438,4073.125,-5341.875,3570.0
2763438,4073.125,-5341.875,3570.0
2763444,2817.5,-4716.25,2222.5
2763444,2817.5,-4716.25,2222.5
2763449,691.25,-4751.25,-43.75
2763449,691.25,-4751.25,-43.75
2763454,-43.75,-4650.625,-1811.25
2763454,-43.75,-4650.625,-1811.25
2763459,-1063.125,-4156.25,-1986.25
2763459,-1063.125,-4156.25,-1986.25
2763464,-1382.5,-4007.5,-2038.75
2763464,-1382.5,-4007.5,-2038.75
2763469,-595.0,-3902.5,-3338.125
2763469,-595.0,-3902.5,-3338.125
2763475,721.875,-3045.0,-4344.375
2763475,721.875,-3045.0,-4344.375
2763480,888.125,-2747.5,-5079.375
2763480,888.125,-2747.5,-5079.375
2763485,-358.75,-529.375,-4729.375
2763485,-358.75,-529.375,-4729.375
2763490,363.125,1706.25,-4326.875
2763490,363.125,1706.25,-4326.875
2763495,1264.375,2848.125,-4865.0
2763495,1264.375,2848.125,-4865.0
2763500,1828.75,3968.125,-4633.125
2763500,1828.75,3968.125,-4633.125
2763505,1977.5,4676.875,-4335.625
2763505,1977.5,4676.875,-4335.625
2763511,2340.625,4970.0,-3325.0
2763511,2340.625,4970.0,-3325.0
2763516,3390.625,4869.375,-2445.625
2763516,3390.625,4869.375,-2445.625
2763521,4112.5,4182.5,-2003.75
2763521,4112.5,4182.5,-2003.75
2763526,4318.125,3495.625,-774.375
2763526,4318.125,3495.625,-774.375
2763532,4510.625,2760.625,354.375
2763532,4510.625,2760.625,354.375
2763536,4751.25,2056.25,1172.5
2763536,4751.25,2056.25,1172.5
2763542,5271.875,1290.625,2463.125
2763542,5271.875,1290.625,2463.125
2763546,5735.625,678.125,3447.5
2763546,5735.625,678.125,3447.5
2763552,6641.25,-166.25,3981.25
2763552,6641.25,-166.25,3981.25
2763557,6566.875,-1001.875,4908.75
2763557,6566.875,-1001.875,4908.75
2763562,6269.375,-1596.875,5228.125
2763562,6269.375,-1596.875,5228.125
2763567,4830.0,-2489.375,5849.375
2763567,4830.0,-2489.375,5849.375
2763572,4121.25,-2992.5,6265.0
2763572,4121.25,-2992.5,6265.0
2763578,3570.0,-3416.875,6435.625
2763578,3570.0,-3416.875,6435.625
2763583,3066.875,-3486.875,6658.75
2763583,3066.875,-3486.875,6658.75
2763589,3224.375,-3447.5,6842.5
2763589,3224.375,-3447.5,6842.5
2763593,3605.0,-2957.5,6899.375
2763593,3605.0,-2957.5,6899.375
2763598,3578.75,-3723.125,7118.125
2763598,3578.75,-3723.125,7118.125
2763604,1771.875,-3946.25,7638.75
2763604,1771.875,-3946.25,7638.75
2763609,2712.5,-3941.875,7135.625
2763609,2712.5,-3941.875,7135.625
2763614,2288.125,-4147.5,6776.875
2763614,2288.125,-4147.5,6776.875
2763618,1141.875,-4571.875,6846.875
2763618,1141.875,-4571.875,6846.875
2763624,1015.0,-4703.125,6265.0
2763624,1015.0,-4703.125,6265.0
