2786090,857.5,-424.375,-39.375
2786090,857.5,-424.375,-39.375
2786094,936.25,-350.0,17.5
2786094,936.25,-350.0,17.5
2786100,888.125,-358.75,13.125
2786100,888.125,-358.75,13.125
2786256,-595.0,-288.75,-118.125
2786256,-595.0,-288.75,-118.125
2786261,-581.875,-148.75,35.0
2786261,-581.875,-148.75,35.0
2786266,-503.125,30.625,341.25
2786266,-503.125,30.625,341.25
2786423,-433.125,-144.375,-363.125
2786423,-433.125,-144.375,-363.125
2786427,-389.375,-153.125,-323.75
2786427,-389.375,-153.125,-323.75
2786433,-573.125,-148.75,-210.0
2786433,-573.125,-148.75,-210.0
2786574,188.125,-393.75,-472.5
2786574,188.125,-393.75,-472.5
2786579,-74.375,-367.5,-446.25
2786579,-74.375,-367.5,-446.25
2786584,-306.25,-262.5,-275.625
2786584,-306.25,-262.5,-275.625
2786740,-577.5,-494.375,-682.5
2786740,-577.5,-494.375,-682.5
2786745,-310.625,-568.75,-752.5
2786745,-310.625,-568.75,-752.5
2786750,-288.75,-459.375,-818.125
2786750,-288.75,-459.375,-818.125
2786907,43.75,-643.125,-223.125
2786907,43.75,-643.125,-223.125
2786912,-65.625,-463.75,-201.25
2786912,-65.625,-463.75,-201.25
2786917,-555.625,-275.625,-148.75
2786917,-555.625,-275.625,-148.75
2787058,-673.75,-455.0,-1010.625
2787058,-673.75,-455.0,-1010.625
2787063,-853.125,-507.5,-914.375
2787063,-853.125,-507.5,-914.375
2787068,-1045.625,-525.0,-818.125
2787068,-1045.625,-525.0,-818.125
2787220,-730.625,-568.75,-910.0
2787220,-730.625,-568.75,-910.0
2787225,-533.75,-647.5,-966.875
2787225,-533.75,-647.5,-966.875
2787230,-612.5,-866.25,-1010.625
2787230,-612.5,-866.25,-1010.625
2787235,-564.375,-787.5,-1071.875
2787235,-564.375,-787.5,-1071.875
2787382,-573.125,-1054.375,-1413.125
2787382,-573.125,-1054.375,-1413.125
2787386,-538.125,-923.125,-1413.125
2787386,-538.125,-923.125,-1413.125
2787391,-586.25,-818.125,-1491.875
2787391,-586.25,-818.125,-1491.875
2787553,573.125,-288.75,-507.5
2787553,573.125,-288.75,-507.5
2787558,420.0,-319.375,-818.125
2787558,420.0,-319.375,-818.125
2787562,-231.875,-218.75,-844.375
2787562,-231.875,-218.75,-844.375
2787704,-1036.875,765.625,1758.75
2787704,-1036.875,765.625,1758.75
2787709,-682.5,953.75,1728.125
2787709,-682.5,953.75,1728.125
2787714,-1067.5,1006.25,1920.625
2787714,-1067.5,1006.25,1920.625
2787719,-1242.5,713.125,1986.25
2787719,-1242.5,713.125,1986.25
2787860,-52723.125,-14883.75,78268.75
2787860,-52723.125,-14883.75,78268.75
2787866,-51371.25,14026.25,126896.875
2787866,-51371.25,14026.25,126896.875
2787871,-45609.375,48496.875,-143360.0
2787871,-45609.375,48496.875,-143360.0
2787956,-143360.0,136535.0,48680.625
2787956,-143360.0,136535.0,48680.625
2787962,-143360.0,99050.0,-45574.375
2787962,-143360.0,99050.0,-45574.375
2787966,-143360.0,53226.25,-143355.625
2787966,-143360.0,53226.25,-143355.625
2787972,-143360.0,25624.375,-143355.625
2787972,-143360.0,25624.375,-143355.625
2787977,-140240.625,61534.375,-141723.75
2787977,-140240.625,61534.375,-141723.75
2787982,-54293.75,139470.625,-143211.25
2787982,-54293.75,139470.625,-143211.25
2787987,40639.375,128296.875,-143355.625
2787987,40639.375,128296.875,-143355.625
2787992,34225.625,65835.0,-143333.75
2787992,34225.625,65835.0,-143333.75
2787997,-14879.375,15535.625,-143351.25
2787997,-14879.375,15535.625,-143351.25
2788002,-73456.25,-16537.5,-143355.625
2788002,-73456.25,-16537.5,-143355.625
2788007,-122132.5,-29820.0,-143355.625
2788007,-122132.5,-29820.0,-143355.625
2788012,-143360.0,-23786.875,-143355.625
2788012,-143360.0,-23786.875,-143355.625
2788124,-143360.0,-12941.25,-143355.625
2788124,-143360.0,-12941.25,-143355.625
2788128,-143360.0,-37738.75,-143355.625
2788128,-143360.0,-37738.75,-143355.625
2788133,-143360.0,-59447.5,-143355.625
2788133,-143360.0,-59447.5,-143355.625
2788138,-143360.0,-77078.75,-143355.625
2788138,-143360.0,-77078.75,-143355.625
2788294,-86856.875,-87850.0,-57693.125
2788294,-86856.875,-87850.0,-57693.125
2788300,-78745.625,-83829.375,-60672.5
2788300,-78745.625,-83829.375,-60672.5
2788305,-73530.625,-81506.25,-64465.625
2788305,-73530.625,-81506.25,-64465.625
2788375,-31263.75,-12136.25,-39803.75
2788375,-31263.75,-12136.25,-39803.75
2788380,-34750.625,-6702.5,-36916.25
2788380,-34750.625,-6702.5,-36916.25
2788385,-36754.375,1150.625,-33591.25
2788385,-36754.375,1150.625,-33591.25
2788446,-16550.625,55829.375,-5871.25
2788446,-16550.625,55829.375,-5871.25
2788451,-19600.0,61753.125,-2716.875
2788451,-19600.0,61753.125,-2716.875
2788456,-23957.5,68350.625,-192.5
2788456,-23957.5,68350.625,-192.5
2788461,-30310.0,75171.25,704.375
2788461,-30310.0,75171.25,704.375
2788849,-10968.125,35043.75,25956.875
2788849,-10968.125,35043.75,25956.875
2788855,-9585.625,32703.125,25326.875
2788855,-9585.625,32703.125,25326.875
2788860,-8553.125,29785.0,24535.0
2788860,-8553.125,29785.0,24535.0
2788865,-7507.5,26735.625,24158.75
2788865,-7507.5,26735.625,24158.75
2788930,-835.625,6536.25,13129.375
2788930,-835.625,6536.25,13129.375
2788935,-1894.375,4939.375,13387.5
2788935,-1894.375,4939.375,13387.5
2788940,-1925.0,4274.375,13160.0
2788940,-1925.0,4274.375,13160.0
2788945,-1277.5,4147.5,11834.375
2788945,-1277.5,4147.5,11834.375
2789102,2887.5,-2861.25,3198.125
2789102,2887.5,-2861.25,3198.125
2789107,2655.625,-4703.125,3640.0
2789107,2655.625,-4703.125,3640.0
2789112,3171.875,-5455.625,4519.375
2789112,3171.875,-5455.625,4519.375
2789253,-3018.75,4423.125,5429.375
2789253,-3018.75,4423.125,5429.375
2789258,-2489.375,4248.125,5250.0
2789258,-2489.375,4248.125,5250.0
2789263,-1916.25,4029.375,5355.0
2789263,-1916.25,4029.375,5355.0
2789420,2883.125,-3780.0,-1662.5
2789420,2883.125,-3780.0,-1662.5
2789425,2690.625,-3876.25,-1811.25
2789425,2690.625,-3876.25,-1811.25
2789430,2104.375,-3530.625,-1771.875
2789430,2104.375,-3530.625,-1771.875
2789586,-109.375,-105.0,-446.25
2789586,-109.375,-105.0,-446.25
2789591,-210.0,-240.625,-210.0
2789591,-210.0,-240.625,-210.0
2789596,-529.375,-551.25,-332.5
2789596,-529.375,-551.25,-332.5
2789738,630.0,-3005.625,3906.875
2789738,630.0,-3005.625,3906.875
2789743,1124.375,-2069.375,2992.5
2789743,1124.375,-2069.375,2992.5
2789747,2056.25,-1741.25,2126.25
2789747,2056.25,-1741.25,2126.25
