2733352,4.375,153.125,446.25
2733352,4.375,153.125,446.25
2733357,332.5,201.25,551.25
2733357,332.5,201.25,551.25
2733362,393.75,262.5,577.5
2733362,393.75,262.5,577.5
2733367,586.25,376.25,603.75
2733367,586.25,376.25,603.75
2733372,875.0,310.625,717.5
2733372,875.0,310.625,717.5
2733377,988.75,210.0,844.375
2733377,988.75,210.0,844.375
2733383,1120.0,113.75,980.0
2733383,1120.0,113.75,980.0
2733387,1351.875,153.125,1365.0
2733387,1351.875,153.125,1365.0
2733394,1417.5,131.25,1723.75
2733394,1417.5,131.25,1723.75
2733398,1330.0,96.25,1767.5
2733398,1330.0,96.25,1767.5
2733403,1465.625,179.375,1360.625
2733403,1465.625,179.375,1360.625
2733409,1487.5,446.25,958.125
2733409,1487.5,446.25,958.125
2733414,1010.625,581.875,577.5
2733414,1010.625,581.875,577.5
2733419,695.625,761.25,122.5
2733419,695.625,761.25,122.5
2733424,608.125,853.125,-236.25
2733424,608.125,853.125,-236.25
2733429,437.5,988.75,-192.5
2733429,437.5,988.75,-192.5
2733434,433.125,993.125,-205.625
2733434,433.125,993.125,-205.625
2733439,170.625,1045.625,17.5
2733439,170.625,1045.625,17.5
2733445,-118.125,971.25,249.375
2733445,-118.125,971.25,249.375
2733450,-315.0,984.375,529.375
2733450,-315.0,984.375,529.375
2733455,-319.375,984.375,826.875
2733455,-319.375,984.375,826.875
2733460,275.625,901.25,905.625
2733460,275.625,901.25,905.625
2733465,612.5,940.625,953.75
2733465,612.5,940.625,953.75
2733471,1019.375,848.75,840.0
2733471,1019.375,848.75,840.0
2733475,1190.0,945.0,765.625
2733475,1190.0,945.0,765.625
2733481,1522.5,1150.625,406.875
2733481,1522.5,1150.625,406.875
2733486,1728.125,1343.125,-126.875
2733486,1728.125,1343.125,-126.875
2733492,1684.375,1706.25,-892.5
2733492,1684.375,1706.25,-892.5
2733496,1627.5,2314.375,-1470.0
2733496,1627.5,2314.375,-1470.0
2733501,1155.0,2953.125,-1903.125
2733501,1155.0,2953.125,-1903.125
2733507,371.875,3535.0,-2196.25
2733507,371.875,3535.0,-2196.25
2733512,-630.0,4226.25,-2616.25
2733512,-630.0,4226.25,-2616.25
2733517,-2450.0,4751.25,-2843.75
2733517,-2450.0,4751.25,-2843.75
2733522,-5350.625,5446.875,-100.625
2733522,-5350.625,5446.875,-100.625
2733527,-6142.5,5840.625,529.375
2733527,-6142.5,5840.625,529.375
2733532,-5621.875,5468.75,-310.625
2733532,-5621.875,5468.75,-310.625
2733537,-6400.625,5600.0,1071.875
2733537,-6400.625,5600.0,1071.875
2733543,-7096.25,6181.875,1544.375
2733543,-7096.25,6181.875,1544.375
2733548,-7621.25,5481.875,1080.625
2733548,-7621.25,5481.875,1080.625
2733553,-9423.75,5258.75,-328.125
2733553,-9423.75,5258.75,-328.125
2733558,-10823.75,5538.75,-2454.375
2733558,-10823.75,5538.75,-2454.375
2733562,-10806.25,5796.875,-6645.625
2733562,-10806.25,5796.875,-6645.625
2733568,-13120.625,4948.125,-9493.75
2733568,-13120.625,4948.125,-9493.75
2733574,-15526.875,5512.5,-6230.0
2733574,-15526.875,5512.5,-6230.0
2733579,-19416.25,6160.0,-6531.875
2733579,-19416.25,6160.0,-6531.875
2733584,-22295.0,6575.625,-7818.125
2733584,-22295.0,6575.625,-7818.125
2733589,-23135.0,6615.0,-7931.875
2733589,-23135.0,6615.0,-7931.875
2733594,-21608.125,6225.625,-6671.875
2733594,-21608.125,6225.625,-6671.875
2733599,-17438.75,5158.125,-2953.125
2733599,-17438.75,5158.125,-2953.125
2733605,-12630.625,4379.375,2751.875
2733605,-12630.625,4379.375,2751.875
2733610,-11685.625,4991.875,5486.25
2733610,-11685.625,4991.875,5486.25
2733615,-7166.25,3780.0,8566.25
2733615,-7166.25,3780.0,8566.25
2733621,-3539.375,2865.625,11003.125
2733621,-3539.375,2865.625,11003.125
2733625,-11151.875,3355.625,8815.625
2733625,-11151.875,3355.625,8815.625
2733630,-20024.375,4099.375,7634.375
2733630,-20024.375,4099.375,7634.375
2733635,-19416.25,4571.875,5083.75
2733635,-19416.25,4571.875,5083.75
2733641,-9900.625,3780.0,3294.375
2733641,-9900.625,3780.0,3294.375
2733646,-70.0,1391.25,2992.5
2733646,-70.0,1391.25,2992.5
2733651,-148.75,310.625,240.625
2733651,-148.75,310.625,240.625
2733656,-1312.5,100.625,-1859.375
2733656,-1312.5,100.625,-1859.375
2733660,2270.625,83.125,-87.5
2733660,2270.625,83.125,-87.5
2733666,3801.875,1190.0,2848.125
2733666,3801.875,1190.0,2848.125
2733672,2808.75,2668.75,4335.625
2733672,2808.75,2668.75,4335.625
2733677,3447.5,3416.875,5188.75
2733677,3447.5,3416.875,5188.75
2733682,5814.375,3342.5,6103.125
2733682,5814.375,3342.5,6103.125
2733687,6518.75,3325.0,5805.625
2733687,6518.75,3325.0,5805.625
2733691,5223.75,3119.375,4112.5
2733691,5223.75,3119.375,4112.5
2733697,3797.5,2668.75,2336.25
2733697,3797.5,2668.75,2336.25
2733703,3311.875,2310.0,625.625
2733703,3311.875,2310.0,625.625
2733708,2559.375,1999.375,-923.125
2733708,2559.375,1999.375,-923.125
2733713,2126.25,2056.25,-1793.75
2733713,2126.25,2056.25,-1793.75
2733718,2139.375,2380.0,-2043.125
2733718,2139.375,2380.0,-2043.125
2733723,2870.0,2458.75,-1798.125
2733723,2870.0,2458.75,-1798.125
2733728,2935.625,2590.0,-1255.625
2733728,2935.625,2590.0,-1255.625
2733733,2598.75,2804.375,-669.375
2733733,2598.75,2804.375,-669.375
2733739,2673.125,3005.625,113.75
2733739,2673.125,3005.625,113.75
2733744,3066.875,2813.125,1190.0
2733744,3066.875,2813.125,1190.0
2733749,3193.75,2485.0,2108.75
2733749,3193.75,2485.0,2108.75
2733754,3360.0,2270.625,2988.125
2733754,3360.0,2270.625,2988.125
2733759,3788.75,2165.625,3828.125
2733759,3788.75,2165.625,3828.125
2733764,4200.0,2021.25,4309.375
2733764,4200.0,2021.25,4309.375
2733770,4856.25,2043.125,4628.75
2733770,4856.25,2043.125,4628.75
2733790,8255.625,3189.375,4895.625
2733790,8255.625,3189.375,4895.625
2733795,8478.75,3373.125,5223.75
2733795,8478.75,3373.125,5223.75
2733801,8680.0,3368.75,5131.875
2733801,8680.0,3368.75,5131.875
2733805,8763.125,3281.25,4895.625
2733805,8763.125,3281.25,4895.625
2733811,8610.0,3045.0,4554.375
2733811,8610.0,3045.0,4554.375
2733816,8203.125,2673.125,3946.25
2733816,8203.125,2673.125,3946.25
2733821,7809.375,2677.5,2953.125
2733821,7809.375,2677.5,2953.125
2733826,7389.375,2730.0,1693.125
2733826,7389.375,2730.0,1693.125
2733832,7459.375,3171.875,866.25
2733832,7459.375,3171.875,866.25
2733837,7297.5,3556.875,643.125
2733837,7297.5,3556.875,643.125
2733842,7000.0,3771.25,945.0
2733842,7000.0,3771.25,945.0
2733847,6873.125,3867.5,1824.375
2733847,6873.125,3867.5,1824.375
2733867,7958.125,5258.75,2471.875
2733867,7958.125,5258.75,2471.875
2733872,8089.375,5901.875,2060.625
2733872,8089.375,5901.875,2060.625
2733878,7958.125,6453.125,450.625
2733878,7958.125,6453.125,450.625
2733883,7271.25,6776.875,-1395.625
2733883,7271.25,6776.875,-1395.625
2733888,6339.375,6912.5,-2782.5
2733888,6339.375,6912.5,-2782.5
2733893,5941.25,7192.5,-3657.5
2733893,5941.25,7192.5,-3657.5
2733899,5744.375,7214.375,-4676.875
2733899,5744.375,7214.375,-4676.875
2733904,4755.625,7070.0,-6050.625
2733904,4755.625,7070.0,-6050.625
2733909,2607.5,6365.625,-7739.375
2733909,2607.5,6365.625,-7739.375
2733914,227.5,5993.75,-9143.75
2733914,227.5,5993.75,-9143.75
2733919,-494.375,5591.25,-9861.25
2733919,-494.375,5591.25,-9861.25
2733924,-140.0,4506.25,-9856.875
2733924,-140.0,4506.25,-9856.875
2733930,328.125,2769.375,-9362.5
2733930,328.125,2769.375,-9362.5
2733935,-96.25,2485.0,-8308.125
2733935,-96.25,2485.0,-8308.125
2733940,-2030.0,3766.875,-3193.75
2733940,-2030.0,3766.875,-3193.75
2733945,-8045.625,1693.125,11781.875
2733945,-8045.625,1693.125,11781.875
2733950,-2900.625,-341.25,4064.375
2733950,-2900.625,-341.25,4064.375
2733955,-52.5,1841.875,135.625
2733955,-52.5,1841.875,135.625
2733960,-1605.625,2970.625,39.375
2733960,-1605.625,2970.625,39.375
2733966,-2550.625,4471.25,-1732.5
2733966,-2550.625,4471.25,-1732.5
2733971,-4348.75,4628.75,210.0
2733971,-4348.75,4628.75,210.0
2733976,-5403.125,3185.0,3408.125
2733976,-5403.125,3185.0,3408.125
2733981,-3723.125,1933.75,3154.375
2733981,-3723.125,1933.75,3154.375
2733986,-2397.5,1553.125,2730.0
2733986,-2397.5,1553.125,2730.0
2733991,-2769.375,1203.125,3355.625
2733991,-2769.375,1203.125,3355.625
2733997,-3053.75,1106.875,2961.875
2733997,-3053.75,1106.875,2961.875
2734002,-4340.0,1356.25,3316.25
2734002,-4340.0,1356.25,3316.25
2734007,-5652.5,1373.75,2393.125
2734007,-5652.5,1373.75,2393.125
2734012,-6304.375,1754.375,420.0
2734012,-6304.375,1754.375,420.0
2734017,-8575.0,1771.875,2051.875
2734017,-8575.0,1771.875,2051.875
2734022,-9782.5,800.625,2502.5
2734022,-9782.5,800.625,2502.5
2734027,-9366.875,105.0,568.75
2734027,-9366.875,105.0,568.75
2734033,-8750.0,490.0,-1548.75
2734033,-8750.0,490.0,-1548.75
2734038,-9848.125,1203.125,-1036.875
2734038,-9848.125,1203.125,-1036.875
2734043,-10539.375,586.25,-1907.5
2734043,-10539.375,586.25,-1907.5
2734048,-10434.375,367.5,-3613.75
2734048,-10434.375,367.5,-3613.75
2734053,-10500.0,713.125,-2935.625
2734053,-10500.0,713.125,-2935.625
2734058,-8758.75,468.125,-4795.0
2734058,-8758.75,468.125,-4795.0
2734064,-8023.75,367.5,-4637.5
2734064,-8023.75,367.5,-4637.5
2734069,-10176.25,-153.125,870.625
2734069,-10176.25,-153.125,870.625
2734074,-9454.375,-1671.25,-765.625
2734074,-9454.375,-1671.25,-765.625
2734079,-8544.375,-3193.75,-1951.25
2734079,-8544.375,-3193.75,-1951.25
2734084,-9025.625,-2384.375,-1303.75
2734084,-9025.625,-2384.375,-1303.75
2734089,-9432.5,-1334.375,-3018.75
2734089,-9432.5,-1334.375,-3018.75
2734095,-10241.875,-2047.5,-3784.375
2734095,-10241.875,-2047.5,-3784.375
2734100,-10141.25,-3005.625,-2660.0
2734100,-10141.25,-3005.625,-2660.0
2734105,-8933.75,-2108.75,-5429.375
2734105,-8933.75,-2108.75,-5429.375
2734110,-9975.0,380.625,-6461.875
2734110,-9975.0,380.625,-6461.875
2734115,-10084.375,1211.875,-5893.125
2734115,-10084.375,1211.875,-5893.125
2734120,-9266.25,-96.25,-5814.375
2734120,-9266.25,-96.25,-5814.375
2734126,-7275.625,-905.625,-8369.375
2734126,-7275.625,-905.625,-8369.375
2734131,-6623.75,538.125,-6151.25
2734131,-6623.75,538.125,-6151.25
2734136,-5569.375,288.75,-3718.75
2734136,-5569.375,288.75,-3718.75
2734141,-3561.25,-1290.625,-5753.125
2734141,-3561.25,-1290.625,-5753.125
2734146,-3622.5,-1312.5,-8378.125
2734146,-3622.5,-1312.5,-8378.125
2734151,-4038.125,-861.875,-6326.25
2734151,-4038.125,-861.875,-6326.25
2734156,-3657.5,-1054.375,-4851.875
2734156,-3657.5,-1054.375,-4851.875
2734161,-3788.75,-1146.25,-3968.125
2734161,-3788.75,-1146.25,-3968.125
2734167,-4305.0,-1093.75,-2756.25
2734167,-4305.0,-1093.75,-2756.25
2734172,-4956.875,-345.625,2231.25
2734172,-4956.875,-345.625,2231.25
2734176,-4173.75,-2091.25,301.875
2734176,-4173.75,-2091.25,301.875
2734182,-4641.875,-2795.625,-2988.125
2734182,-4641.875,-2795.625,-2988.125
2734187,-5118.75,-2043.125,-1557.5
2734187,-5118.75,-2043.125,-1557.5
2734193,-4663.75,-1903.125,-695.625
2734193,-4663.75,-1903.125,-695.625
2734198,-3801.875,-2034.375,-371.875
2734198,-3801.875,-2034.375,-371.875
2734203,-2821.875,-2025.625,288.75
2734203,-2821.875,-2025.625,288.75
2734208,-1933.75,-1946.875,945.0
2734208,-1933.75,-1946.875,945.0
2734213,-1264.375,-1929.375,1238.125
2734213,-1264.375,-1929.375,1238.125
2734218,-459.375,-1771.875,1071.875
2734218,-459.375,-1771.875,1071.875
2734224,170.625,-1894.375,1067.5
2734224,170.625,-1894.375,1067.5
2734229,520.625,-1776.25,1299.375
2734229,520.625,-1776.25,1299.375
2734234,848.75,-1623.125,1325.625
2734234,848.75,-1623.125,1325.625
2734239,1115.625,-1736.875,962.5
2734239,1115.625,-1736.875,962.5
2734244,1194.375,-1715.0,568.75
2734244,1194.375,-1715.0,568.75
2734250,1505.0,-1771.875,157.5
2734250,1505.0,-1771.875,157.5
2734254,2021.25,-1995.0,-126.875
2734254,2021.25,-1995.0,-126.875
2734260,2073.75,-2200.625,-516.25
2734260,2073.75,-2200.625,-516.25
2734265,2358.125,-2384.375,-958.125
2734265,2358.125,-2384.375,-958.125
2734270,2646.875,-2502.5,-1281.875
2734270,2646.875,-2502.5,-1281.875
2734275,2791.25,-2865.625,-1509.375
2734275,2791.25,-2865.625,-1509.375
2734280,3027.5,-3071.25,-1487.5
2734280,3027.5,-3071.25,-1487.5
2734285,3587.5,-3290.0,-831.25
2734285,3587.5,-3290.0,-831.25
2734291,3876.25,-3535.0,153.125
2734291,3876.25,-3535.0,153.125
2734296,4305.0,-3749.375,1491.875
2734296,4305.0,-3749.375,1491.875
2734301,4598.125,-3972.5,2786.875
2734301,4598.125,-3972.5,2786.875
2734306,5346.25,-4208.75,4208.75
2734306,5346.25,-4208.75,4208.75
2734311,6435.625,-4348.75,5595.625
2734311,6435.625,-4348.75,5595.625
2734316,7126.875,-4475.625,6750.625
2734316,7126.875,-4475.625,6750.625
2734322,7428.75,-4768.75,7345.625
2734322,7428.75,-4768.75,7345.625
2734327,7507.5,-5013.75,7424.375
2734327,7507.5,-5013.75,7424.375
2734332,7520.625,-4978.75,7411.25
2734332,7520.625,-4978.75,7411.25
2734337,7358.75,-5355.0,7546.875
2734337,7358.75,-5355.0,7546.875
2734342,7288.75,-5516.875,7455.0
2734342,7288.75,-5516.875,7455.0
2734348,7218.75,-5538.75,7113.75
2734348,7218.75,-5538.75,7113.75
2734353,6680.625,-5761.875,6632.5
2734353,6680.625,-5761.875,6632.5
2734357,6063.75,-5586.875,5639.375
2734357,6063.75,-5586.875,5639.375
2734362,5171.25,-4283.125,4681.25
2734362,5171.25,-4283.125,4681.25
2734367,3885.0,-4108.125,3845.625
2734367,3885.0,-4108.125,3845.625
2734373,3364.375,-5079.375,3018.75
2734373,3364.375,-5079.375,3018.75
2734378,2983.75,-5586.875,2419.375
2734378,2983.75,-5586.875,2419.375
2734383,2498.125,-5705.0,2266.25
2734383,2498.125,-5705.0,2266.25
2734389,2428.125,-5516.875,2135.0
2734389,2428.125,-5516.875,2135.0
2734394,2633.75,-5608.75,2340.625
2734394,2633.75,-5608.75,2340.625
2734399,2905.0,-5652.5,2970.625
2734399,2905.0,-5652.5,2970.625
2734404,3342.5,-5425.0,3255.0
2734404,3342.5,-5425.0,3255.0
2734409,3793.125,-5285.0,3574.375
2734409,3793.125,-5285.0,3574.375
2734414,4357.5,-5311.25,3482.5
2734414,4357.5,-5311.25,3482.5
2734420,4694.375,-5219.375,3180.625
2734420,4694.375,-5219.375,3180.625
2734425,4943.75,-5153.75,2909.375
2734425,4943.75,-5153.75,2909.375
2734430,4733.75,-5250.0,2388.75
2734430,4733.75,-5250.0,2388.75
2734435,4086.25,-5556.25,1561.875
2734435,4086.25,-5556.25,1561.875
2734440,3290.0,-5744.375,931.875
2734440,3290.0,-5744.375,931.875
2734446,2428.125,-5880.0,721.875
2734446,2428.125,-5880.0,721.875
2734450,1610.0,-5998.125,625.625
2734450,1610.0,-5998.125,625.625
2734456,1028.125,-6125.0,896.875
2734456,1028.125,-6125.0,896.875
2734461,691.25,-5998.125,866.25
2734461,691.25,-5998.125,866.25
2734466,660.625,-5888.75,1391.25
2734466,660.625,-5888.75,1391.25
2734471,516.25,-6002.5,1828.75
2734471,516.25,-6002.5,1828.75
2734476,-262.5,-5897.5,1658.125
2734476,-262.5,-5897.5,1658.125
2734481,-621.25,-5880.0,2152.5
2734481,-621.25,-5880.0,2152.5
2734487,-831.25,-5967.5,2428.125
2734487,-831.25,-5967.5,2428.125
2734492,-752.5,-5761.875,2839.375
2734492,-752.5,-5761.875,2839.375
2734497,-393.75,-5705.0,3653.125
2734497,-393.75,-5705.0,3653.125
2734503,-4.375,-5687.5,4274.375
2734503,-4.375,-5687.5,4274.375
2734507,122.5,-5687.5,4725.0
2734507,122.5,-5687.5,4725.0
2734512,-105.0,-5893.125,4650.625
2734512,-105.0,-5893.125,4650.625
2734518,-144.375,-5735.625,4519.375
2734518,-144.375,-5735.625,4519.375
2734523,161.875,-5735.625,4471.25
2734523,161.875,-5735.625,4471.25
2734528,533.75,-5906.25,4138.75
2734528,533.75,-5906.25,4138.75
2734533,953.75,-5923.75,4099.375
2734533,953.75,-5923.75,4099.375
2734538,949.375,-5985.0,3902.5
2734538,949.375,-5985.0,3902.5
2734543,931.875,-5827.5,3106.25
2734543,931.875,-5827.5,3106.25
2734549,778.75,-6160.0,1841.875
2734549,778.75,-6160.0,1841.875
2734554,971.25,-6925.625,310.625
2734554,971.25,-6925.625,310.625
2734559,1023.75,-7420.0,-1369.375
2734559,1023.75,-7420.0,-1369.375
2734564,1268.75,-7555.625,-3364.375
2734564,1268.75,-7555.625,-3364.375
2734569,1907.5,-7651.875,-5145.0
2734569,1907.5,-7651.875,-5145.0
2734574,2406.25,-7686.875,-6615.0
2734574,2406.25,-7686.875,-6615.0
2734580,1986.25,-7748.125,-7805.0
2734580,1986.25,-7748.125,-7805.0
2734585,1308.125,-7700.0,-8491.875
2734585,1308.125,-7700.0,-8491.875
2734590,800.625,-7568.75,-8946.875
2734590,800.625,-7568.75,-8946.875
2734595,188.125,-7131.25,-8986.25
2734595,188.125,-7131.25,-8986.25
2734601,-420.0,-6776.875,-8850.625
2734601,-420.0,-6776.875,-8850.625
2734605,-577.5,-6330.625,-8513.75
2734605,-577.5,-6330.625,-8513.75
2734610,-1001.875,-5976.25,-8299.375
2734610,-1001.875,-5976.25,-8299.375
2734616,-1500.625,-5600.0,-8220.625
2734616,-1500.625,-5600.0,-8220.625
2734621,-1356.25,-5127.5,-8251.25
2734621,-1356.25,-5127.5,-8251.25
2734626,-1058.75,-4602.5,-8386.875
2734626,-1058.75,-4602.5,-8386.875
2734631,-818.125,-4480.0,-8496.25
2734631,-818.125,-4480.0,-8496.25
2734636,-665.0,-4081.875,-8553.125
2734636,-665.0,-4081.875,-8553.125
2734641,-643.125,-4357.5,-8610.0
2734641,-643.125,-4357.5,-8610.0
2734647,-783.125,-4204.375,-8526.875
2734647,-783.125,-4204.375,-8526.875
2734651,-940.625,-3933.125,-8360.625
2734651,-940.625,-3933.125,-8360.625
2734658,-997.5,-4081.875,-7870.625
2734658,-997.5,-4081.875,-7870.625
2734662,-861.875,-4051.25,-7170.625
2734662,-861.875,-4051.25,-7170.625
2734667,-494.375,-3885.0,-6466.25
2734667,-494.375,-3885.0,-6466.25
2734673,231.875,-3727.5,-5648.125
2734673,231.875,-3727.5,-5648.125
2734678,761.25,-3578.75,-4427.5
2734678,761.25,-3578.75,-4427.5
2734682,1373.75,-3381.875,-3145.625
2734682,1373.75,-3381.875,-3145.625
2734688,2261.875,-3281.25,-1645.0
2734688,2261.875,-3281.25,-1645.0
2734693,2992.5,-3106.25,-371.875
2734693,2992.5,-3106.25,-371.875
2734698,3412.5,-2992.5,599.375
2734698,3412.5,-2992.5,599.375
2734703,3981.25,-2616.25,1566.25
2734703,3981.25,-2616.25,1566.25
2734708,4497.5,-2406.25,2301.25
2734708,4497.5,-2406.25,2301.25
2734714,4733.75,-2270.625,2616.25
2734714,4733.75,-2270.625,2616.25
2734719,5005.0,-2205.0,2817.5
2734719,5005.0,-2205.0,2817.5
2734724,4956.875,-2016.875,2922.5
2734724,4956.875,-2016.875,2922.5
2734729,4860.625,-1824.375,2703.75
2734729,4860.625,-1824.375,2703.75
2734734,4554.375,-1802.5,2371.25
2734734,4554.375,-1802.5,2371.25
2734739,4099.375,-1815.625,1855.0
2734739,4099.375,-1815.625,1855.0
2734745,3968.125,-1815.625,1316.875
2734745,3968.125,-1815.625,1316.875
2734750,3766.875,-1758.75,888.125
2734750,3766.875,-1758.75,888.125
2734755,3320.625,-1715.0,564.375
2734755,3320.625,-1715.0,564.375
2734760,2970.625,-1500.625,446.25
2734760,2970.625,-1500.625,446.25
2734765,2699.375,-1343.125,122.5
2734765,2699.375,-1343.125,122.5
2734770,2655.625,-1255.625,-131.25
2734770,2655.625,-1255.625,-131.25
2734776,2576.875,-1456.875,-516.25
2734776,2576.875,-1456.875,-516.25
2734781,2441.25,-1330.0,-826.875
2734781,2441.25,-1330.0,-826.875
2734786,2603.125,-1163.75,-704.375
2734786,2603.125,-1163.75,-704.375
2734791,2611.875,-1128.75,-616.875
2734791,2611.875,-1128.75,-616.875
2734797,2528.75,-1120.0,-345.625
2734797,2528.75,-1120.0,-345.625
2734801,2699.375,-1063.125,-140.0
2734801,2699.375,-1063.125,-140.0
2734806,2629.375,-1063.125,-26.25
2734806,2629.375,-1063.125,-26.25
2734812,2638.125,-997.5,-56.875
2734812,2638.125,-997.5,-56.875
2734817,2506.875,-888.125,-310.625
2734817,2506.875,-888.125,-310.625
2734822,2607.5,-918.75,-647.5
2734822,2607.5,-918.75,-647.5
2734827,2366.875,-813.75,-840.0
2734827,2366.875,-813.75,-840.0
2734832,1942.5,-866.25,-1273.125
2734832,1942.5,-866.25,-1273.125
2734837,1439.375,-901.25,-1456.875
2734837,1439.375,-901.25,-1456.875
2734843,892.5,-1001.875,-1522.5
2734843,892.5,-1001.875,-1522.5
2734848,739.375,-1023.75,-1671.25
2734848,739.375,-1023.75,-1671.25
2734854,533.75,-879.375,-1789.375
2734854,533.75,-879.375,-1789.375
2734858,525.0,-892.5,-1710.625
2734858,525.0,-892.5,-1710.625
2734863,511.875,-940.625,-1535.625
2734863,511.875,-940.625,-1535.625
2734869,406.875,-980.0,-1260.0
2734869,406.875,-980.0,-1260.0
2734874,380.625,-866.25,-958.125
2734874,380.625,-866.25,-958.125
2734879,39.375,-621.25,-800.625
2734879,39.375,-621.25,-800.625
2734884,-157.5,-564.375,-861.875
2734884,-157.5,-564.375,-861.875
2734889,-511.875,-577.5,-984.375
2734889,-511.875,-577.5,-984.375
2734894,-1041.25,-577.5,-1194.375
2734894,-1041.25,-577.5,-1194.375
2734899,-1203.125,-336.875,-1181.25
2734899,-1203.125,-336.875,-1181.25
2734904,-1246.875,-210.0,-1255.625
2734904,-1246.875,-210.0,-1255.625
2734909,-1321.25,-196.875,-1369.375
2734909,-1321.25,-196.875,-1369.375
2734915,-1330.0,-214.375,-1343.125
2734915,-1330.0,-214.375,-1343.125
2734920,-1255.625,61.25,-1365.0
2734920,-1255.625,61.25,-1365.0
2734925,-1203.125,126.875,-1163.75
2734925,-1203.125,126.875,-1163.75
2734930,-1111.25,205.625,-905.625
2734930,-1111.25,205.625,-905.625
2734936,-1115.625,393.75,-809.375
2734936,-1115.625,393.75,-809.375
2734941,-896.875,441.875,-564.375
2734941,-896.875,441.875,-564.375
2734946,-770.0,669.375,-686.875
2734946,-770.0,669.375,-686.875
2734952,-892.5,494.375,-857.5
2734952,-892.5,494.375,-857.5
2734956,-875.0,568.75,-809.375
2734956,-875.0,568.75,-809.375
2734961,-739.375,498.75,-826.875
2734961,-739.375,498.75,-826.875
2734966,-840.0,424.375,-971.25
2734966,-840.0,424.375,-971.25
2734971,-861.875,389.375,-1124.375
2734971,-861.875,389.375,-1124.375
2734977,-962.5,249.375,-1238.125
2734977,-962.5,249.375,-1238.125
2734982,-1185.625,315.0,-1369.375
2734982,-1185.625,315.0,-1369.375
2734987,-1281.875,140.0,-1207.5
2734987,-1281.875,140.0,-1207.5
2734992,-1176.875,192.5,-1176.875
2734992,-1176.875,192.5,-1176.875
2734997,-1312.5,113.75,-1137.5
2734997,-1312.5,113.75,-1137.5
2735003,-1386.875,157.5,-1006.25
2735003,-1386.875,157.5,-1006.25
2735008,-1470.0,310.625,-1006.25
2735008,-1470.0,310.625,-1006.25
2735013,-1509.375,231.875,-883.75
2735013,-1509.375,231.875,-883.75
2735018,-1386.875,65.625,-756.875
2735018,-1386.875,65.625,-756.875
2735023,-1290.625,4.375,-638.75
2735023,-1290.625,4.375,-638.75
2735028,-1325.625,-87.5,-516.25
2735028,-1325.625,-87.5,-516.25
2735033,-1435.0,-218.75,-420.0
2735033,-1435.0,-218.75,-420.0
2735039,-1185.625,-350.0,-402.5
2735039,-1185.625,-350.0,-402.5
2735044,-1203.125,-446.25,-507.5
2735044,-1203.125,-446.25,-507.5
2735050,-1264.375,-516.25,-441.875
2735050,-1264.375,-516.25,-441.875
2735054,-1356.25,-511.875,-472.5
2735054,-1356.25,-511.875,-472.5
2735059,-1181.25,-573.125,-643.125
2735059,-1181.25,-573.125,-643.125
2735065,-1128.75,-630.0,-647.5
2735065,-1128.75,-630.0,-647.5
2735070,-1343.125,-608.125,-813.75
2735070,-1343.125,-608.125,-813.75
2735075,-1295.0,-529.375,-796.25
2735075,-1295.0,-529.375,-796.25
2735080,-1041.25,-511.875,-748.125
2735080,-1041.25,-511.875,-748.125
2735084,-761.25,-511.875,-682.5
2735084,-761.25,-511.875,-682.5
2735090,-770.0,-616.875,-533.75
2735090,-770.0,-616.875,-533.75
2735095,-415.625,-520.625,-332.5
2735095,-415.625,-520.625,-332.5
2735101,-441.875,-525.0,-293.125
2735101,-441.875,-525.0,-293.125
2735106,-446.25,-297.5,-245.0
2735106,-446.25,-297.5,-245.0
2735111,-363.125,-214.375,0.0
2735111,-363.125,-214.375,0.0
2735116,-293.125,-210.0,179.375
2735116,-293.125,-210.0,179.375
2735121,-100.625,-227.5,196.875
2735121,-100.625,-227.5,196.875
2735126,288.75,-201.25,236.25
2735126,288.75,-201.25,236.25
2735132,476.875,-61.25,345.625
2735132,476.875,-61.25,345.625
2735137,651.875,-100.625,293.125
2735137,651.875,-100.625,293.125
2735142,455.0,-166.25,608.125
2735142,455.0,-166.25,608.125
2735147,459.375,-157.5,695.625
2735147,459.375,-157.5,695.625
2735152,280.0,-148.75,665.0
2735152,280.0,-148.75,665.0
2735157,214.375,-83.125,603.75
2735157,214.375,-83.125,603.75
2735163,533.75,-179.375,490.0
2735163,533.75,-179.375,490.0
2735168,476.875,-118.125,533.75
2735168,476.875,-118.125,533.75
2735173,406.875,21.875,354.375
2735173,406.875,21.875,354.375
2735177,564.375,-91.875,297.5
2735177,564.375,-91.875,297.5
2735183,568.75,-100.625,210.0
2735183,568.75,-100.625,210.0
2735188,481.25,-131.25,-39.375
2735188,481.25,-131.25,-39.375
2735194,542.5,-175.0,-131.25
2735194,542.5,-175.0,-131.25
2735199,704.375,-297.5,-336.875
2735199,704.375,-297.5,-336.875
2735204,717.5,-328.125,-713.125
2735204,717.5,-328.125,-713.125
2735209,861.875,-157.5,-533.75
2735209,861.875,-157.5,-533.75
2735214,1063.125,-122.5,-529.375
2735214,1063.125,-122.5,-529.375
2735220,1518.125,-91.875,-603.75
2735220,1518.125,-91.875,-603.75
2735224,1837.5,-188.125,-529.375
2735224,1837.5,-188.125,-529.375
2735230,2231.25,-192.5,-83.125
2735230,2231.25,-192.5,-83.125
2735235,2012.5,-30.625,363.125
2735235,2012.5,-30.625,363.125
2735240,1496.25,-109.375,542.5
2735240,1496.25,-109.375,542.5
2735245,975.625,-363.125,507.5
2735245,975.625,-363.125,507.5
2735250,511.875,-446.25,586.25
2735250,511.875,-446.25,586.25
2735255,275.625,-700.0,476.875
2735255,275.625,-700.0,476.875
2735261,-297.5,-892.5,398.125
2735261,-297.5,-892.5,398.125
2735266,-1115.625,-936.25,26.25
2735266,-1115.625,-936.25,26.25
2735271,-1448.125,-756.875,-573.125
2735271,-1448.125,-756.875,-573.125
2735276,-1776.25,-778.75,-1054.375
2735276,-1776.25,-778.75,-1054.375
2735281,-1509.375,-533.75,-1356.25
2735281,-1509.375,-533.75,-1356.25
2735286,-805.0,-638.75,-1242.5
2735286,-805.0,-638.75,-1242.5
2735292,-26.25,-805.0,-945.0
2735292,-26.25,-805.0,-945.0
2735297,800.625,-1172.5,-1071.875
2735297,800.625,-1172.5,-1071.875
2735312,1216.25,-196.875,218.75
2735312,1216.25,-196.875,218.75
2735317,1168.125,-240.625,389.375
2735317,1168.125,-240.625,389.375
2735322,953.75,-301.875,402.5
2735322,953.75,-301.875,402.5
2735328,529.375,-638.75,420.0
2735328,529.375,-638.75,420.0
2735333,-201.25,-778.75,350.0
2735333,-201.25,-778.75,350.0
2735338,-831.25,-958.125,-113.75
2735338,-831.25,-958.125,-113.75
2735343,-1400.0,-1128.75,-599.375
2735343,-1400.0,-1128.75,-599.375
2735349,-1798.125,-1124.375,-901.25
2735349,-1798.125,-1124.375,-901.25
2735353,-1789.375,-1076.25,-1181.25
2735353,-1789.375,-1076.25,-1181.25
2735359,-2187.5,-1220.625,-1443.75
2735359,-2187.5,-1220.625,-1443.75
2735364,-2148.125,-1058.75,-1579.375
2735364,-2148.125,-1058.75,-1579.375
2735369,-1986.25,-923.125,-1522.5
2735369,-1986.25,-923.125,-1522.5
2735374,-2034.375,-975.625,-1185.625
2735374,-2034.375,-975.625,-1185.625
2735379,-1780.625,-870.625,-756.875
2735379,-1780.625,-870.625,-756.875
2735384,-1435.0,-861.875,-284.375
2735384,-1435.0,-861.875,-284.375
2735390,-1085.0,-879.375,376.25
2735390,-1085.0,-879.375,376.25
2735395,-739.375,-993.125,743.75
2735395,-739.375,-993.125,743.75
2735400,-455.0,-857.5,840.0
2735400,-455.0,-857.5,840.0
2735405,-56.875,-660.625,875.0
2735405,-56.875,-660.625,875.0
2735410,153.125,-463.75,665.0
2735410,153.125,-463.75,665.0
2735415,393.75,-581.875,275.625
2735415,393.75,-581.875,275.625
2735420,371.875,-546.875,-83.125
2735420,371.875,-546.875,-83.125
2735426,481.25,-450.625,-201.25
2735426,481.25,-450.625,-201.25
2735431,441.875,-459.375,-599.375
2735431,441.875,-459.375,-599.375
2735436,507.5,-424.375,-966.875
2735436,507.5,-424.375,-966.875
2735441,590.625,-608.125,-1036.875
2735441,590.625,-608.125,-1036.875
2735446,437.5,-621.25,-1023.75
2735446,437.5,-621.25,-1023.75
2735451,183.75,-774.375,-1010.625
2735451,183.75,-774.375,-1010.625
2735457,131.25,-761.25,-1281.875
2735457,131.25,-761.25,-1281.875
2735461,-161.875,-892.5,-1063.125
2735461,-161.875,-892.5,-1063.125
2735466,-328.125,-905.625,-1106.875
2735466,-328.125,-905.625,-1106.875
2735472,-341.25,-866.25,-1168.125
2735472,-341.25,-866.25,-1168.125
2735477,-494.375,-1023.75,-1006.25
2735477,-494.375,-1023.75,-1006.25
2735482,-573.125,-1238.125,-940.625
2735482,-573.125,-1238.125,-940.625
2735488,-940.625,-1264.375,-735.0
2735488,-940.625,-1264.375,-735.0
2735493,-1001.875,-1124.375,-643.125
2735493,-1001.875,-1124.375,-643.125
2735498,-984.375,-1124.375,-590.625
2735498,-984.375,-1124.375,-590.625
2735503,-1001.875,-1176.875,-507.5
2735503,-1001.875,-1176.875,-507.5
2735508,-1150.625,-1400.0,-328.125
2735508,-1150.625,-1400.0,-328.125
2735513,-1260.0,-1338.75,-328.125
2735513,-1260.0,-1338.75,-328.125
2735518,-1246.875,-1194.375,-153.125
2735518,-1246.875,-1194.375,-153.125
2735523,-1295.0,-1155.0,-293.125
2735523,-1295.0,-1155.0,-293.125
2735529,-1015.0,-1190.0,-153.125
2735529,-1015.0,-1190.0,-153.125
2735534,-1071.875,-1019.375,135.625
2735534,-1071.875,-1019.375,135.625
2735538,-875.0,-1015.0,201.25
2735538,-875.0,-1015.0,201.25
2735544,-638.75,-905.625,166.25
2735544,-638.75,-905.625,166.25
2735549,-345.625,-756.875,245.0
2735549,-345.625,-756.875,245.0
2735555,-96.25,-656.25,336.875
2735555,-96.25,-656.25,336.875
2735560,61.25,-695.625,328.125
2735560,61.25,-695.625,328.125
2735565,175.0,-748.125,660.625
2735565,175.0,-748.125,660.625
2735570,179.375,-910.0,783.125
2735570,179.375,-910.0,783.125
2735575,332.5,-1015.0,971.25
2735575,332.5,-1015.0,971.25
2735580,231.875,-931.875,940.625
2735580,231.875,-931.875,940.625
2735586,236.25,-914.375,625.625
2735586,236.25,-914.375,625.625
2735591,284.375,-743.75,472.5
2735591,284.375,-743.75,472.5
2735596,437.5,-577.5,284.375
2735596,437.5,-577.5,284.375
2735601,389.375,-739.375,52.5
2735601,389.375,-739.375,52.5
2735606,411.25,-739.375,-96.25
2735606,411.25,-739.375,-96.25
2735627,-599.375,-848.75,113.75
2735627,-599.375,-848.75,113.75
2735632,-345.625,-796.25,205.625
2735632,-345.625,-796.25,205.625
2735637,-428.75,-783.125,214.375
2735637,-428.75,-783.125,214.375
2735642,-332.5,-726.25,402.5
2735642,-332.5,-726.25,402.5
2735647,-148.75,-735.0,634.375
2735647,-148.75,-735.0,634.375
2735673,643.125,-595.0,1102.5
2735673,643.125,-595.0,1102.5
2735678,756.875,-385.0,1001.875
2735678,756.875,-385.0,1001.875
2735684,953.75,-529.375,783.125
2735684,953.75,-529.375,783.125
2735689,892.5,-647.5,695.625
2735689,892.5,-647.5,695.625
2735693,765.625,-428.75,411.25
2735693,765.625,-428.75,411.25
2735698,791.875,-380.625,428.75
2735698,791.875,-380.625,428.75
2735704,682.5,-332.5,258.125
2735704,682.5,-332.5,258.125
2735710,625.625,-459.375,157.5
2735710,625.625,-459.375,157.5
2735714,590.625,-560.0,284.375
2735714,590.625,-560.0,284.375
2735720,538.125,-511.875,441.875
2735720,538.125,-511.875,441.875
2735725,560.0,-551.25,498.75
2735725,560.0,-551.25,498.75
2735729,503.125,-463.75,529.375
2735729,503.125,-463.75,529.375
2735735,643.125,-546.875,455.0
2735735,643.125,-546.875,455.0
2735740,398.125,-385.0,398.125
2735740,398.125,-385.0,398.125
2735745,380.625,-280.0,402.5
2735745,380.625,-280.0,402.5
2735751,385.0,-65.625,468.125
2735751,385.0,-65.625,468.125
2735756,205.625,-306.25,284.375
2735756,205.625,-306.25,284.375
2735761,140.0,-148.75,131.25
2735761,140.0,-148.75,131.25
2735766,-56.875,-179.375,4.375
2735766,-56.875,-179.375,4.375
2735771,8.75,-249.375,126.875
2735771,8.75,-249.375,126.875
2735776,-96.25,-188.125,61.25
2735776,-96.25,-188.125,61.25
2735782,-367.5,-48.125,-4.375
2735782,-367.5,-48.125,-4.375
2735787,-293.125,-87.5,126.875
2735787,-293.125,-87.5,126.875
2735792,-293.125,-240.625,253.75
2735792,-293.125,-240.625,253.75
2735812,-883.75,-568.75,608.125
2735812,-883.75,-568.75,608.125
2735818,-1023.75,-354.375,437.5
2735818,-1023.75,-354.375,437.5
2735823,-1181.25,-310.625,297.5
2735823,-1181.25,-310.625,297.5
2735828,-1150.625,-411.25,240.625
2735828,-1150.625,-411.25,240.625
2735833,-958.125,-406.875,411.25
2735833,-958.125,-406.875,411.25
2735838,-1128.75,-424.375,485.625
2735838,-1128.75,-424.375,485.625
2735843,-1325.625,-525.0,402.5
2735843,-1325.625,-525.0,402.5
2735849,-1264.375,-573.125,328.125
2735849,-1264.375,-573.125,328.125
2735854,-1089.375,-485.625,336.875
2735854,-1089.375,-485.625,336.875
2735859,-1146.25,-450.625,301.875
2735859,-1146.25,-450.625,301.875
2735864,-1093.75,-468.125,415.625
2735864,-1093.75,-468.125,415.625
2735869,-678.125,-441.875,446.25
2735869,-678.125,-441.875,446.25
2735874,-621.25,-424.375,476.875
2735874,-621.25,-424.375,476.875
2735880,-538.125,-398.125,608.125
2735880,-538.125,-398.125,608.125
2735885,-393.75,-433.125,879.375
2735885,-393.75,-433.125,879.375
2735890,-310.625,-398.125,1159.375
2735890,-310.625,-398.125,1159.375
2735895,-35.0,-441.875,1351.875
2735895,-35.0,-441.875,1351.875
2735900,-236.25,-525.0,1308.125
2735900,-236.25,-525.0,1308.125
2735905,-437.5,-411.25,1373.75
2735905,-437.5,-411.25,1373.75
2735910,-507.5,-437.5,1465.625
2735910,-507.5,-437.5,1465.625
2735916,-516.25,-507.5,1680.0
2735916,-516.25,-507.5,1680.0
2735922,-787.5,-441.875,1977.5
2735922,-787.5,-441.875,1977.5
2735926,-905.625,-441.875,2082.5
2735926,-905.625,-441.875,2082.5
2735931,-857.5,-411.25,2240.0
2735931,-857.5,-411.25,2240.0
2735936,-1041.25,-455.0,2371.25
2735936,-1041.25,-455.0,2371.25
2735941,-918.75,-455.0,2362.5
2735941,-918.75,-455.0,2362.5
2735947,-883.75,-511.875,2515.625
2735947,-883.75,-511.875,2515.625
2735983,21.875,-153.125,2961.875
2735983,21.875,-153.125,2961.875
2735988,30.625,-56.875,3088.75
2735988,30.625,-56.875,3088.75
2735993,-175.0,-166.25,3329.375
2735993,-175.0,-166.25,3329.375
2735998,-774.375,-135.625,3469.375
2735998,-774.375,-135.625,3469.375
2736004,-1198.75,-459.375,3771.25
2736004,-1198.75,-459.375,3771.25
2736009,-1264.375,-730.625,3696.875
2736009,-1264.375,-730.625,3696.875
2736013,-1526.875,-748.125,3727.5
2736013,-1526.875,-748.125,3727.5
2736019,-1745.625,-756.875,3578.75
2736019,-1745.625,-756.875,3578.75
2736024,-1925.0,-669.375,3110.625
2736024,-1925.0,-669.375,3110.625
2736029,-2384.375,-616.875,2388.75
2736029,-2384.375,-616.875,2388.75
2736033,-2743.125,-656.25,1916.25
2736033,-2743.125,-656.25,1916.25
2736040,-2572.5,-660.625,1719.375
2736040,-2572.5,-660.625,1719.375
2736045,-1863.75,-765.625,1868.125
2736045,-1863.75,-765.625,1868.125
2736050,-1395.625,-787.5,2100.0
2736050,-1395.625,-787.5,2100.0
2736055,-730.625,-476.875,2331.875
2736055,-730.625,-476.875,2331.875
2736061,-402.5,-354.375,2660.0
2736061,-402.5,-354.375,2660.0
2736065,-367.5,-297.5,3115.0
2736065,-367.5,-297.5,3115.0
2736070,-673.75,-266.875,3311.875
2736070,-673.75,-266.875,3311.875
2736076,-1006.25,-271.25,3600.625
2736076,-1006.25,-271.25,3600.625
2736096,-2358.125,-805.0,2721.25
2736096,-2358.125,-805.0,2721.25
2736101,-2603.125,-735.0,2257.5
2736101,-2603.125,-735.0,2257.5
2736107,-2559.375,-879.375,1811.25
2736107,-2559.375,-879.375,1811.25
2736112,-2620.625,-953.75,1601.25
2736112,-2620.625,-953.75,1601.25
2736117,-2730.0,-975.625,1395.625
2736117,-2730.0,-975.625,1395.625
2736122,-2756.25,-888.125,1290.625
2736122,-2756.25,-888.125,1290.625
2736127,-2712.5,-840.0,1553.125
2736127,-2712.5,-840.0,1553.125
2736132,-2541.875,-1006.25,1750.0
2736132,-2541.875,-1006.25,1750.0
2736137,-2388.75,-953.75,2205.0
2736137,-2388.75,-953.75,2205.0
2736159,-1124.375,-612.5,3854.375
2736159,-1124.375,-612.5,3854.375
2736163,-476.875,-380.625,3959.375
2736163,-476.875,-380.625,3959.375
2736168,-122.5,-223.125,3968.125
2736168,-122.5,-223.125,3968.125
2736173,126.875,-271.25,3666.25
2736173,126.875,-271.25,3666.25
2736179,450.625,-275.625,3373.125
2736179,450.625,-275.625,3373.125
2736184,297.5,-280.0,3014.375
2736184,297.5,-280.0,3014.375
2736189,118.125,-284.375,2668.75
2736189,118.125,-284.375,2668.75
2736194,-48.125,-367.5,2489.375
2736194,-48.125,-367.5,2489.375
2736199,-293.125,-533.75,2082.5
2736199,-293.125,-533.75,2082.5
2736205,-739.375,-560.0,1723.75
2736205,-739.375,-560.0,1723.75
2736210,-1172.5,-564.375,1596.875
2736210,-1172.5,-564.375,1596.875
2736215,-1378.125,-669.375,1413.125
2736215,-1378.125,-669.375,1413.125
2736220,-1544.375,-940.625,1408.75
2736220,-1544.375,-940.625,1408.75
2736225,-1785.0,-857.5,1522.5
2736225,-1785.0,-857.5,1522.5
2736230,-1723.75,-739.375,1373.75
2736230,-1723.75,-739.375,1373.75
2736236,-1833.125,-1015.0,1378.125
2736236,-1833.125,-1015.0,1378.125
2736241,-2104.375,-1085.0,1505.0
2736241,-2104.375,-1085.0,1505.0
2736246,-2209.375,-774.375,1522.5
2736246,-2209.375,-774.375,1522.5
2736251,-2226.875,-765.625,1561.875
2736251,-2226.875,-765.625,1561.875
2736255,-2130.625,-918.75,1544.375
2736255,-2130.625,-918.75,1544.375
2736261,-1806.875,-914.375,1505.0
2736261,-1806.875,-914.375,1505.0
2736282,-958.125,-669.375,1850.625
2736282,-958.125,-669.375,1850.625
2736287,-673.75,-647.5,1680.0
2736287,-673.75,-647.5,1680.0
2736292,-415.625,-590.625,1894.375
2736292,-415.625,-590.625,1894.375
2736297,-367.5,-577.5,2060.625
2736297,-367.5,-577.5,2060.625
2736303,8.75,-415.625,2038.75
2736303,8.75,-415.625,2038.75
2736308,428.75,-476.875,2012.5
2736308,428.75,-476.875,2012.5
2736313,538.125,-350.0,2152.5
2736313,538.125,-350.0,2152.5
2736318,568.75,-227.5,2406.25
2736318,568.75,-227.5,2406.25
2736323,402.5,-332.5,2664.375
2736323,402.5,-332.5,2664.375
2736329,568.75,-371.875,2800.0
2736329,568.75,-371.875,2800.0
2736334,778.75,-441.875,2913.75
2736334,778.75,-441.875,2913.75
2736339,700.0,-301.875,2747.5
2736339,700.0,-301.875,2747.5
