2777922,78.125,656.25,750.0,-101.5625,-773.4375,664.0625,125.0,-906.25,445.3125,398.4375,-921.875,109.375,335.9375,-914.0625,250.0
2777922,78.125,656.25,750.0,-101.5625,-773.4375,664.0625,125.0,-906.25,445.3125,398.4375,-921.875,109.375,335.9375,-914.0625,250.0
2777931,78.125,656.25,742.1875,-101.5625,-773.4375,671.875,132.8125,-898.4375,445.3125,398.4375,-906.25,117.1875,343.75,-914.0625,250.0
2777931,78.125,656.25,742.1875,-101.5625,-773.4375,671.875,132.8125,-898.4375,445.3125,398.4375,-906.25,117.1875,343.75,-914.0625,250.0
2777938,78.125,656.25,750.0,-101.5625,-765.625,664.0625,125.0,-898.4375,445.3125,398.4375,-914.0625,117.1875,335.9375,-921.875,250.0
2777938,78.125,656.25,750.0,-101.5625,-765.625,664.0625,125.0,-898.4375,445.3125,398.4375,-914.0625,117.1875,335.9375,-921.875,250.0
2777939,78.125,648.4375,750.0,-109.375,-773.4375,664.0625,125.0,-906.25,445.3125,398.4375,-906.25,101.5625,343.75,-914.0625,250.0
2777939,78.125,648.4375,750.0,-109.375,-773.4375,664.0625,125.0,-906.25,445.3125,398.4375,-906.25,101.5625,343.75,-914.0625,250.0
2777946,78.125,648.4375,750.0,-93.75,-773.4375,664.0625,125.0,-906.25,437.5,398.4375,-914.0625,109.375,335.9375,-921.875,242.1875
2777946,78.125,648.4375,750.0,-93.75,-773.4375,664.0625,125.0,-906.25,437.5,398.4375,-914.0625,109.375,335.9375,-921.875,242.1875
2777947,70.3125,664.0625,742.1875,-93.75,-757.8125,671.875,125.0,-890.625,445.3125,398.4375,-898.4375,117.1875,335.9375,-921.875,250.0
2777947,70.3125,664.0625,742.1875,-93.75,-757.8125,671.875,125.0,-890.625,445.3125,398.4375,-898.4375,117.1875,335.9375,-921.875,250.0
2777955,62.5,648.4375,773.4375,-109.375,-781.25,664.0625,125.0,-921.875,453.125,406.25,-914.0625,109.375,335.9375,-929.6875,242.1875
2777955,62.5,648.4375,773.4375,-109.375,-781.25,664.0625,125.0,-921.875,453.125,406.25,-914.0625,109.375,335.9375,-929.6875,242.1875
2777963,101.5625,648.4375,757.8125,-109.375,-765.625,679.6875,125.0,-906.25,453.125,390.625,-921.875,109.375,328.125,-929.6875,250.0
2777963,101.5625,648.4375,757.8125,-109.375,-765.625,679.6875,125.0,-906.25,453.125,390.625,-921.875,109.375,328.125,-929.6875,250.0
2777963,70.3125,664.0625,750.0,-101.5625,-781.25,671.875,125.0,-914.0625,453.125,390.625,-921.875,117.1875,335.9375,-921.875,257.8125
2777963,70.3125,664.0625,750.0,-101.5625,-781.25,671.875,125.0,-914.0625,453.125,390.625,-921.875,117.1875,335.9375,-921.875,257.8125
2777971,70.3125,656.25,757.8125,-109.375,-773.4375,671.875,132.8125,-906.25,453.125,406.25,-921.875,117.1875,335.9375,-929.6875,242.1875
2777971,70.3125,656.25,757.8125,-109.375,-773.4375,671.875,132.8125,-906.25,453.125,406.25,-921.875,117.1875,335.9375,-929.6875,242.1875
2777979,78.125,664.0625,757.8125,-109.375,-773.4375,671.875,125.0,-898.4375,453.125,406.25,-921.875,117.1875,335.9375,-921.875,250.0
2777979,78.125,664.0625,757.8125,-109.375,-773.4375,671.875,125.0,-898.4375,453.125,406.25,-921.875,117.1875,335.9375,-921.875,250.0
2777979,70.3125,656.25,750.0,-109.375,-773.4375,671.875,117.1875,-906.25,445.3125,398.4375,-906.25,117.1875,335.9375,-921.875,242.1875
2777979,70.3125,656.25,750.0,-109.375,-773.4375,671.875,117.1875,-906.25,445.3125,398.4375,-906.25,117.1875,335.9375,-921.875,242.1875
2777988,70.3125,656.25,750.0,-109.375,-765.625,664.0625,132.8125,-898.4375,453.125,398.4375,-914.0625,109.375,335.9375,-914.0625,242.1875
2777988,70.3125,656.25,750.0,-109.375,-765.625,664.0625,132.8125,-898.4375,453.125,398.4375,-914.0625,109.375,335.9375,-914.0625,242.1875
2777988,78.125,656.25,750.0,-101.5625,-765.625,671.875,132.8125,-898.4375,453.125,390.625,-914.0625,117.1875,328.125,-914.0625,250.0
2777988,78.125,656.25,750.0,-101.5625,-765.625,671.875,132.8125,-898.4375,453.125,390.625,-914.0625,117.1875,328.125,-914.0625,250.0
2777996,78.125,656.25,750.0,-109.375,-765.625,664.0625,132.8125,-906.25,453.125,406.25,-914.0625,109.375,335.9375,-914.0625,250.0
2777996,78.125,656.25,750.0,-109.375,-765.625,664.0625,132.8125,-906.25,453.125,406.25,-914.0625,109.375,335.9375,-914.0625,250.0
2778004,78.125,656.25,757.8125,-109.375,-765.625,671.875,132.8125,-898.4375,445.3125,398.4375,-914.0625,109.375,335.9375,-906.25,250.0
2778004,78.125,656.25,757.8125,-109.375,-765.625,671.875,132.8125,-898.4375,445.3125,398.4375,-914.0625,109.375,335.9375,-906.25,250.0
2778004,70.3125,656.25,750.0,-101.5625,-765.625,664.0625,132.8125,-898.4375,445.3125,398.4375,-906.25,109.375,335.9375,-914.0625,242.1875
2778004,70.3125,656.25,750.0,-101.5625,-765.625,664.0625,132.8125,-898.4375,445.3125,398.4375,-906.25,109.375,335.9375,-914.0625,242.1875
2778012,85.9375,664.0625,742.1875,-101.5625,-765.625,671.875,132.8125,-890.625,453.125,398.4375,-906.25,117.1875,335.9375,-914.0625,250.0
2778012,85.9375,664.0625,742.1875,-101.5625,-765.625,671.875,132.8125,-890.625,453.125,398.4375,-906.25,117.1875,335.9375,-914.0625,250.0
2778020,85.9375,656.25,742.1875,-101.5625,-765.625,664.0625,132.8125,-898.4375,453.125,398.4375,-906.25,117.1875,335.9375,-914.0625,250.0
2778020,85.9375,656.25,742.1875,-101.5625,-765.625,664.0625,132.8125,-898.4375,453.125,398.4375,-906.25,117.1875,335.9375,-914.0625,250.0
2778020,78.125,656.25,742.1875,-109.375,-765.625,664.0625,132.8125,-898.4375,445.3125,398.4375,-906.25,117.1875,328.125,-914.0625,250.0
2778020,78.125,656.25,742.1875,-109.375,-765.625,664.0625,132.8125,-898.4375,445.3125,398.4375,-906.25,117.1875,328.125,-914.0625,250.0
2778028,78.125,656.25,757.8125,-101.5625,-765.625,664.0625,132.8125,-906.25,445.3125,398.4375,-906.25,117.1875,335.9375,-914.0625,250.0
2778028,78.125,656.25,757.8125,-101.5625,-765.625,664.0625,132.8125,-906.25,445.3125,398.4375,-906.25,117.1875,335.9375,-914.0625,250.0
2778028,78.125,664.0625,742.1875,-101.5625,-757.8125,671.875,132.8125,-898.4375,453.125,398.4375,-906.25,125.0,328.125,-914.0625,250.0
2778028,78.125,664.0625,742.1875,-101.5625,-757.8125,671.875,132.8125,-898.4375,453.125,398.4375,-906.25,125.0,328.125,-914.0625,250.0
2778035,85.9375,656.25,742.1875,-101.5625,-765.625,671.875,132.8125,-898.4375,445.3125,398.4375,-906.25,109.375,328.125,-906.25,250.0
2778035,85.9375,656.25,742.1875,-101.5625,-765.625,671.875,132.8125,-898.4375,445.3125,398.4375,-906.25,109.375,328.125,-906.25,250.0
2778043,78.125,648.4375,750.0,-101.5625,-765.625,671.875,132.8125,-898.4375,445.3125,398.4375,-906.25,117.1875,328.125,-914.0625,250.0
2778043,78.125,648.4375,750.0,-101.5625,-765.625,671.875,132.8125,-898.4375,445.3125,398.4375,-906.25,117.1875,328.125,-914.0625,250.0
2778043,78.125,656.25,750.0,-93.75,-773.4375,671.875,132.8125,-898.4375,453.125,398.4375,-906.25,109.375,328.125,-906.25,242.1875
2778043,78.125,656.25,750.0,-93.75,-773.4375,671.875,132.8125,-898.4375,453.125,398.4375,-906.25,109.375,328.125,-906.25,242.1875
2778052,78.125,648.4375,750.0,-109.375,-773.4375,671.875,132.8125,-898.4375,445.3125,398.4375,-914.0625,109.375,328.125,-914.0625,250.0
2778052,78.125,648.4375,750.0,-109.375,-773.4375,671.875,132.8125,-898.4375,445.3125,398.4375,-914.0625,109.375,328.125,-914.0625,250.0
2778060,78.125,656.25,750.0,-93.75,-773.4375,671.875,132.8125,-906.25,445.3125,390.625,-914.0625,101.5625,335.9375,-914.0625,250.0
2778060,78.125,656.25,750.0,-93.75,-773.4375,671.875,132.8125,-906.25,445.3125,390.625,-914.0625,101.5625,335.9375,-914.0625,250.0
2778061,78.125,656.25,757.8125,-109.375,-765.625,671.875,132.8125,-906.25,453.125,406.25,-914.0625,109.375,335.9375,-921.875,242.1875
2778061,78.125,656.25,757.8125,-109.375,-765.625,671.875,132.8125,-906.25,453.125,406.25,-914.0625,109.375,335.9375,-921.875,242.1875
2778068,70.3125,656.25,742.1875,-101.5625,-773.4375,671.875,132.8125,-906.25,453.125,390.625,-914.0625,109.375,335.9375,-921.875,250.0
2778068,70.3125,656.25,742.1875,-101.5625,-773.4375,671.875,132.8125,-906.25,453.125,390.625,-914.0625,109.375,335.9375,-921.875,250.0
2778068,78.125,664.0625,750.0,-101.5625,-773.4375,671.875,132.8125,-906.25,453.125,398.4375,-914.0625,101.5625,335.9375,-921.875,250.0
2778068,78.125,664.0625,750.0,-101.5625,-773.4375,671.875,132.8125,-906.25,453.125,398.4375,-914.0625,101.5625,335.9375,-921.875,250.0
2778907,367.1875,1398.4375,773.4375,125.0,-992.1875,1414.0625,500.0,-1492.1875,1000.0,1117.1875,-1906.25,648.4375,726.5625,-1242.1875,1140.625
2778907,367.1875,1398.4375,773.4375,125.0,-992.1875,1414.0625,500.0,-1492.1875,1000.0,1117.1875,-1906.25,648.4375,726.5625,-1242.1875,1140.625
2778915,367.1875,1414.0625,867.1875,132.8125,-1007.8125,1421.875,460.9375,-1343.75,1156.25,1125.0,-1812.5,656.25,718.75,-1296.875,1117.1875
2778915,367.1875,1414.0625,867.1875,132.8125,-1007.8125,1421.875,460.9375,-1343.75,1156.25,1125.0,-1812.5,656.25,718.75,-1296.875,1117.1875
2778915,414.0625,1507.8125,945.3125,132.8125,-1007.8125,1453.125,484.375,-1515.625,1210.9375,1085.9375,-1703.125,664.0625,687.5,-1429.6875,1078.125
2778915,414.0625,1507.8125,945.3125,132.8125,-1007.8125,1453.125,484.375,-1515.625,1210.9375,1085.9375,-1703.125,664.0625,687.5,-1429.6875,1078.125
2779391,-39.0625,812.5,-546.875,187.5,101.5625,945.3125,468.75,-257.8125,835.9375,585.9375,-351.5625,742.1875,382.8125,-335.9375,914.0625
2779391,-39.0625,812.5,-546.875,187.5,101.5625,945.3125,468.75,-257.8125,835.9375,585.9375,-351.5625,742.1875,382.8125,-335.9375,914.0625
2779391,-54.6875,835.9375,-546.875,171.875,46.875,968.75,476.5625,-304.6875,859.375,617.1875,-390.625,773.4375,406.25,-367.1875,937.5
2779391,-54.6875,835.9375,-546.875,171.875,46.875,968.75,476.5625,-304.6875,859.375,617.1875,-390.625,773.4375,406.25,-367.1875,937.5
2779399,-46.875,835.9375,-539.0625,210.9375,31.25,1007.8125,500.0,-335.9375,875.0,632.8125,-421.875,773.4375,398.4375,-398.4375,937.5
2779399,-46.875,835.9375,-539.0625,210.9375,31.25,1007.8125,500.0,-335.9375,875.0,632.8125,-421.875,773.4375,398.4375,-398.4375,937.5
2779560,-468.75,875.0,-343.75,-296.875,-93.75,1031.25,-39.0625,-429.6875,960.9375,140.625,-734.375,773.4375,-187.5,-601.5625,867.1875
2779560,-468.75,875.0,-343.75,-296.875,-93.75,1031.25,-39.0625,-429.6875,960.9375,140.625,-734.375,773.4375,-187.5,-601.5625,867.1875
2779560,-507.8125,843.75,-351.5625,-296.875,-93.75,1015.625,-39.0625,-429.6875,960.9375,132.8125,-734.375,765.625,-195.3125,-585.9375,867.1875
2779560,-507.8125,843.75,-351.5625,-296.875,-93.75,1015.625,-39.0625,-429.6875,960.9375,132.8125,-734.375,765.625,-195.3125,-585.9375,867.1875
2779568,-531.25,828.125,-343.75,-296.875,-93.75,1000.0,-54.6875,-421.875,953.125,125.0,-726.5625,773.4375,-210.9375,-585.9375,867.1875
2779568,-531.25,828.125,-343.75,-296.875,-93.75,1000.0,-54.6875,-421.875,953.125,125.0,-726.5625,773.4375,-210.9375,-585.9375,867.1875
2780285,-554.6875,757.8125,-421.875,-281.25,93.75,976.5625,-7.8125,-226.5625,992.1875,78.125,-554.6875,859.375,-226.5625,-398.4375,914.0625
2780285,-554.6875,757.8125,-421.875,-281.25,93.75,976.5625,-7.8125,-226.5625,992.1875,78.125,-554.6875,859.375,-226.5625,-398.4375,914.0625
2780285,-546.875,757.8125,-406.25,-296.875,101.5625,976.5625,-23.4375,-210.9375,976.5625,85.9375,-546.875,851.5625,-218.75,-398.4375,898.4375
2780285,-546.875,757.8125,-406.25,-296.875,101.5625,976.5625,-23.4375,-210.9375,976.5625,85.9375,-546.875,851.5625,-218.75,-398.4375,898.4375
2780294,-546.875,757.8125,-406.25,-289.0625,93.75,960.9375,-23.4375,-210.9375,992.1875,78.125,-546.875,859.375,-226.5625,-390.625,906.25
2780294,-546.875,757.8125,-406.25,-289.0625,93.75,960.9375,-23.4375,-210.9375,992.1875,78.125,-546.875,859.375,-226.5625,-390.625,906.25
2780439,-507.8125,765.625,-406.25,-265.625,85.9375,953.125,0.0,-210.9375,968.75,101.5625,-523.4375,843.75,-187.5,-390.625,882.8125
2780439,-507.8125,765.625,-406.25,-265.625,85.9375,953.125,0.0,-210.9375,968.75,101.5625,-523.4375,843.75,-187.5,-390.625,882.8125
2780447,-507.8125,765.625,-406.25,-273.4375,93.75,960.9375,7.8125,-226.5625,968.75,101.5625,-539.0625,835.9375,-187.5,-398.4375,890.625
2780447,-507.8125,765.625,-406.25,-273.4375,93.75,960.9375,7.8125,-226.5625,968.75,101.5625,-539.0625,835.9375,-187.5,-398.4375,890.625
2780447,-515.625,757.8125,-398.4375,-265.625,78.125,960.9375,7.8125,-218.75,953.125,109.375,-546.875,828.125,-195.3125,-406.25,890.625
2780447,-515.625,757.8125,-398.4375,-265.625,78.125,960.9375,7.8125,-218.75,953.125,109.375,-546.875,828.125,-195.3125,-406.25,890.625
2780609,-476.5625,820.3125,-367.1875,-242.1875,39.0625,992.1875,31.25,-273.4375,968.75,132.8125,-570.3125,828.125,-179.6875,-437.5,890.625
2780609,-476.5625,820.3125,-367.1875,-242.1875,39.0625,992.1875,31.25,-273.4375,968.75,132.8125,-570.3125,828.125,-179.6875,-437.5,890.625
2780615,-484.375,828.125,-375.0,-234.375,46.875,992.1875,39.0625,-273.4375,976.5625,140.625,-570.3125,835.9375,-179.6875,-445.3125,890.625
2780615,-484.375,828.125,-375.0,-234.375,46.875,992.1875,39.0625,-273.4375,976.5625,140.625,-570.3125,835.9375,-179.6875,-445.3125,890.625
2780624,-484.375,820.3125,-375.0,-226.5625,46.875,1000.0,39.0625,-273.4375,984.375,156.25,-570.3125,835.9375,-171.875,-445.3125,898.4375
2780624,-484.375,820.3125,-375.0,-226.5625,46.875,1000.0,39.0625,-273.4375,984.375,156.25,-570.3125,835.9375,-171.875,-445.3125,898.4375
