122589,148.4375,781.25,601.5625,-101.5625,-796.875,648.4375,296.875,-906.25,382.8125,515.625,-843.75,164.0625,578.125,-812.5,156.25
122589,148.4375,781.25,601.5625,-101.5625,-796.875,648.4375,296.875,-906.25,382.8125,515.625,-843.75,164.0625,578.125,-812.5,156.25
122597,140.625,796.875,601.5625,-101.5625,-796.875,656.25,289.0625,-898.4375,398.4375,523.4375,-843.75,164.0625,578.125,-812.5,164.0625
122597,140.625,796.875,601.5625,-101.5625,-796.875,656.25,289.0625,-898.4375,398.4375,523.4375,-843.75,164.0625,578.125,-812.5,164.0625
122605,140.625,804.6875,601.5625,-101.5625,-789.0625,664.0625,304.6875,-898.4375,398.4375,523.4375,-843.75,164.0625,570.3125,-812.5,164.0625
122605,140.625,804.6875,601.5625,-101.5625,-789.0625,664.0625,304.6875,-898.4375,398.4375,523.4375,-843.75,164.0625,570.3125,-812.5,164.0625
122605,140.625,789.0625,601.5625,-101.5625,-796.875,656.25,296.875,-898.4375,406.25,531.25,-843.75,156.25,570.3125,-812.5,156.25
122605,140.625,789.0625,601.5625,-101.5625,-796.875,656.25,296.875,-898.4375,406.25,531.25,-843.75,156.25,570.3125,-812.5,156.25
122751,148.4375,820.3125,578.125,-117.1875,-789.0625,671.875,281.25,-906.25,382.8125,531.25,-875.0,164.0625,625.0,-820.3125,125.0
122751,148.4375,820.3125,578.125,-117.1875,-789.0625,671.875,281.25,-906.25,382.8125,531.25,-875.0,164.0625,625.0,-820.3125,125.0
122758,148.4375,820.3125,593.75,-109.375,-789.0625,671.875,281.25,-921.875,398.4375,515.625,-859.375,164.0625,539.0625,-796.875,140.625
122758,148.4375,820.3125,593.75,-109.375,-789.0625,671.875,281.25,-921.875,398.4375,515.625,-859.375,164.0625,539.0625,-796.875,140.625
122766,148.4375,828.125,593.75,-132.8125,-804.6875,671.875,289.0625,-906.25,414.0625,500.0,-851.5625,156.25,546.875,-820.3125,140.625
122766,148.4375,828.125,593.75,-132.8125,-804.6875,671.875,289.0625,-906.25,414.0625,500.0,-851.5625,156.25,546.875,-820.3125,140.625
122766,148.4375,820.3125,593.75,-125.0,-812.5,656.25,281.25,-898.4375,414.0625,507.8125,-843.75,156.25,562.5,-835.9375,132.8125
122766,148.4375,820.3125,593.75,-125.0,-812.5,656.25,281.25,-898.4375,414.0625,507.8125,-843.75,156.25,562.5,-835.9375,132.8125
122912,406.25,984.375,585.9375,-148.4375,-914.0625,796.875,335.9375,-1070.3125,476.5625,703.125,-1007.8125,234.375,703.125,-1101.5625,23.4375
122912,406.25,984.375,585.9375,-148.4375,-914.0625,796.875,335.9375,-1070.3125,476.5625,703.125,-1007.8125,234.375,703.125,-1101.5625,23.4375
122919,382.8125,984.375,593.75,-140.625,-882.8125,812.5,382.8125,-1054.6875,507.8125,726.5625,-1007.8125,218.75,828.125,-1000.0,367.1875
122919,382.8125,984.375,593.75,-140.625,-882.8125,812.5,382.8125,-1054.6875,507.8125,726.5625,-1007.8125,218.75,828.125,-1000.0,367.1875
122927,359.375,992.1875,585.9375,-148.4375,-851.5625,835.9375,359.375,-1070.3125,523.4375,718.75,-1046.875,234.375,812.5,-984.375,382.8125
122927,359.375,992.1875,585.9375,-148.4375,-851.5625,835.9375,359.375,-1070.3125,523.4375,718.75,-1046.875,234.375,812.5,-984.375,382.8125
122927,367.1875,1023.4375,562.5,289.0625,-851.5625,976.5625,390.625,-1062.5,500.0,718.75,-1101.5625,234.375,812.5,-992.1875,312.5
122927,367.1875,1023.4375,562.5,289.0625,-851.5625,976.5625,390.625,-1062.5,500.0,718.75,-1101.5625,234.375,812.5,-992.1875,312.5
123073,335.9375,1468.75,539.0625,257.8125,-1078.125,1484.375,687.5,-1437.5,1046.875,1093.75,-1195.3125,554.6875,1023.4375,-1078.125,546.875
123073,335.9375,1468.75,539.0625,257.8125,-1078.125,1484.375,687.5,-1437.5,1046.875,1093.75,-1195.3125,554.6875,1023.4375,-1078.125,546.875
123079,195.3125,460.9375,359.375,328.125,-1179.6875,1351.5625,687.5,-1398.4375,1039.0625,1062.5,-1148.4375,585.9375,1023.4375,-1046.875,562.5
123079,195.3125,460.9375,359.375,328.125,-1179.6875,1351.5625,687.5,-1398.4375,1039.0625,1062.5,-1148.4375,585.9375,1023.4375,-1046.875,562.5
123089,343.75,-203.125,-23.4375,250.0,-1312.5,1187.5,812.5,-1437.5,976.5625,1132.8125,-1117.1875,585.9375,1085.9375,-1023.4375,578.125
123089,343.75,-203.125,-23.4375,250.0,-1312.5,1187.5,812.5,-1437.5,976.5625,1132.8125,-1117.1875,585.9375,1085.9375,-1023.4375,578.125
123089,273.4375,-132.8125,273.4375,218.75,-1171.875,1140.625,757.8125,-1382.8125,906.25,1156.25,-1070.3125,546.875,1085.9375,-1023.4375,601.5625
123089,273.4375,-132.8125,273.4375,218.75,-1171.875,1140.625,757.8125,-1382.8125,906.25,1156.25,-1070.3125,546.875,1085.9375,-1023.4375,601.5625
123194,578.125,1117.1875,617.1875,734.375,-1335.9375,640.625,796.875,-1328.125,328.125,1000.0,-1156.25,-54.6875,781.25,-1234.375,93.75
123194,578.125,1117.1875,617.1875,734.375,-1335.9375,640.625,796.875,-1328.125,328.125,1000.0,-1156.25,-54.6875,781.25,-1234.375,93.75
123202,578.125,1289.0625,656.25,703.125,-1195.3125,492.1875,804.6875,-1234.375,187.5,945.3125,-992.1875,-125.0,773.4375,-1132.8125,23.4375
123202,578.125,1289.0625,656.25,703.125,-1195.3125,492.1875,804.6875,-1234.375,187.5,945.3125,-992.1875,-125.0,773.4375,-1132.8125,23.4375
123209,617.1875,1390.625,687.5,664.0625,-1054.6875,359.375,734.375,-1093.75,31.25,882.8125,-828.125,-187.5,742.1875,-984.375,-93.75
123209,617.1875,1390.625,687.5,664.0625,-1054.6875,359.375,734.375,-1093.75,31.25,882.8125,-828.125,-187.5,742.1875,-984.375,-93.75
123210,656.25,1453.125,664.0625,570.3125,-914.0625,257.8125,679.6875,-929.6875,-109.375,828.125,-695.3125,-250.0,687.5,-828.125,-218.75
123210,656.25,1453.125,664.0625,570.3125,-914.0625,257.8125,679.6875,-929.6875,-109.375,828.125,-695.3125,-250.0,687.5,-828.125,-218.75
123355,-507.8125,-54.6875,-93.75,-726.5625,273.4375,-31.25,-742.1875,179.6875,156.25,-773.4375,-15.625,179.6875,-437.5,54.6875,320.3125
123355,-507.8125,-54.6875,-93.75,-726.5625,273.4375,-31.25,-742.1875,179.6875,156.25,-773.4375,-15.625,179.6875,-437.5,54.6875,320.3125
123363,-539.0625,-93.75,-132.8125,-734.375,250.0,-7.8125,-679.6875,210.9375,179.6875,-757.8125,-85.9375,250.0,-414.0625,-93.75,406.25
123363,-539.0625,-93.75,-132.8125,-734.375,250.0,-7.8125,-679.6875,210.9375,179.6875,-757.8125,-85.9375,250.0,-414.0625,-93.75,406.25
123370,-570.3125,-93.75,-109.375,-671.875,328.125,39.0625,-679.6875,234.375,250.0,-671.875,-62.5,304.6875,-367.1875,-46.875,390.625
123370,-570.3125,-93.75,-109.375,-671.875,328.125,39.0625,-679.6875,234.375,250.0,-671.875,-62.5,304.6875,-367.1875,-46.875,390.625
123370,-625.0,-125.0,-140.625,-757.8125,351.5625,85.9375,-695.3125,281.25,312.5,-625.0,-54.6875,367.1875,-335.9375,-7.8125,437.5
123370,-625.0,-125.0,-140.625,-757.8125,351.5625,85.9375,-695.3125,281.25,312.5,-625.0,-54.6875,367.1875,-335.9375,-7.8125,437.5
123516,-835.9375,-93.75,-484.375,-679.6875,679.6875,343.75,-437.5,507.8125,679.6875,-375.0,62.5,820.3125,-234.375,140.625,773.4375
123516,-835.9375,-93.75,-484.375,-679.6875,679.6875,343.75,-437.5,507.8125,679.6875,-375.0,62.5,820.3125,-234.375,140.625,773.4375
123523,-835.9375,-85.9375,-500.0,-656.25,703.125,335.9375,-429.6875,523.4375,687.5,-367.1875,85.9375,820.3125,-250.0,156.25,757.8125
123523,-835.9375,-85.9375,-500.0,-656.25,703.125,335.9375,-429.6875,523.4375,687.5,-367.1875,85.9375,820.3125,-250.0,156.25,757.8125
123531,-851.5625,-78.125,-515.625,-640.625,710.9375,335.9375,-406.25,539.0625,671.875,-359.375,117.1875,812.5,-265.625,164.0625,742.1875
123531,-851.5625,-78.125,-515.625,-640.625,710.9375,335.9375,-406.25,539.0625,671.875,-359.375,117.1875,812.5,-265.625,164.0625,742.1875
123531,-851.5625,-93.75,-507.8125,-640.625,726.5625,343.75,-406.25,554.6875,671.875,-359.375,125.0,812.5,-242.1875,179.6875,726.5625
123531,-851.5625,-93.75,-507.8125,-640.625,726.5625,343.75,-406.25,554.6875,671.875,-359.375,125.0,812.5,-242.1875,179.6875,726.5625
123678,281.25,-1250.0,-437.5,70.3125,820.3125,-789.0625,578.125,671.875,-500.0,132.8125,460.9375,-359.375,343.75,265.625,-554.6875
123678,281.25,-1250.0,-437.5,70.3125,820.3125,-789.0625,578.125,671.875,-500.0,132.8125,460.9375,-359.375,343.75,265.625,-554.6875
123686,773.4375,-914.0625,-359.375,-203.125,164.0625,-1109.375,492.1875,406.25,-375.0,406.25,156.25,-523.4375,320.3125,-257.8125,-648.4375
123686,773.4375,-914.0625,-359.375,-203.125,164.0625,-1109.375,492.1875,406.25,-375.0,406.25,156.25,-523.4375,320.3125,-257.8125,-648.4375
123694,820.3125,-718.75,-62.5,70.3125,-31.25,-851.5625,828.125,109.375,-242.1875,484.375,-117.1875,-546.875,234.375,-718.75,-679.6875
123694,820.3125,-718.75,-62.5,70.3125,-31.25,-851.5625,828.125,109.375,-242.1875,484.375,-117.1875,-546.875,234.375,-718.75,-679.6875
123694,726.5625,-703.125,-7.8125,507.8125,-179.6875,-453.125,812.5,-304.6875,-296.875,781.25,-171.875,-656.25,289.0625,-773.4375,-671.875
123694,726.5625,-703.125,-7.8125,507.8125,-179.6875,-453.125,812.5,-304.6875,-296.875,781.25,-171.875,-656.25,289.0625,-773.4375,-671.875
123839,-195.3125,210.9375,750.0,-320.3125,-1000.0,-632.8125,-601.5625,-843.75,-398.4375,-382.8125,-742.1875,-476.5625,-445.3125,-773.4375,-265.625
123839,-195.3125,210.9375,750.0,-320.3125,-1000.0,-632.8125,-601.5625,-843.75,-398.4375,-382.8125,-742.1875,-476.5625,-445.3125,-773.4375,-265.625
123847,-187.5,328.125,640.625,-304.6875,-890.625,-460.9375,-609.375,-976.5625,-304.6875,-382.8125,-1039.0625,-390.625,-1843.75,-2734.375,148.4375
123847,-187.5,328.125,640.625,-304.6875,-890.625,-460.9375,-609.375,-976.5625,-304.6875,-382.8125,-1039.0625,-390.625,-1843.75,-2734.375,148.4375
123855,-117.1875,554.6875,554.6875,-265.625,-945.3125,-218.75,-585.9375,-1710.9375,-265.625,125.0,-1695.3125,-640.625,-148.4375,-1710.9375,-382.8125
123855,-117.1875,554.6875,554.6875,-265.625,-945.3125,-218.75,-585.9375,-1710.9375,-265.625,125.0,-1695.3125,-640.625,-148.4375,-1710.9375,-382.8125
123855,-15.625,875.0,531.25,-164.0625,-1539.0625,132.8125,-125.0,-1812.5,-328.125,-367.1875,-1476.5625,-640.625,-203.125,-1007.8125,-375.0
123855,-15.625,875.0,531.25,-164.0625,-1539.0625,132.8125,-125.0,-1812.5,-328.125,-367.1875,-1476.5625,-640.625,-203.125,-1007.8125,-375.0
123944,156.25,859.375,507.8125,-132.8125,-1062.5,46.875,-140.625,-1000.0,-335.9375,-132.8125,-835.9375,-625.0,-296.875,-906.25,-468.75
123944,156.25,859.375,507.8125,-132.8125,-1062.5,46.875,-140.625,-1000.0,-335.9375,-132.8125,-835.9375,-625.0,-296.875,-906.25,-468.75
123952,164.0625,843.75,523.4375,-117.1875,-1085.9375,46.875,-132.8125,-1007.8125,-351.5625,-132.8125,-843.75,-640.625,-289.0625,-882.8125,-476.5625
123952,164.0625,843.75,523.4375,-117.1875,-1085.9375,46.875,-132.8125,-1007.8125,-351.5625,-132.8125,-843.75,-640.625,-289.0625,-882.8125,-476.5625
123952,171.875,851.5625,523.4375,-93.75,-1109.375,54.6875,-109.375,-1023.4375,-359.375,-125.0,-851.5625,-640.625,-281.25,-875.0,-492.1875
123952,171.875,851.5625,523.4375,-93.75,-1109.375,54.6875,-109.375,-1023.4375,-359.375,-125.0,-851.5625,-640.625,-281.25,-875.0,-492.1875
123959,171.875,859.375,515.625,-70.3125,-1109.375,78.125,-93.75,-1031.25,-367.1875,-125.0,-843.75,-648.4375,-296.875,-867.1875,-500.0
123959,171.875,859.375,515.625,-70.3125,-1109.375,78.125,-93.75,-1031.25,-367.1875,-125.0,-843.75,-648.4375,-296.875,-867.1875,-500.0
124105,109.375,820.3125,437.5,-156.25,-921.875,93.75,-101.5625,-890.625,-242.1875,-117.1875,-742.1875,-531.25,-257.8125,-773.4375,-445.3125
124105,109.375,820.3125,437.5,-156.25,-921.875,93.75,-101.5625,-890.625,-242.1875,-117.1875,-742.1875,-531.25,-257.8125,-773.4375,-445.3125
124113,117.1875,851.5625,429.6875,-164.0625,-914.0625,101.5625,-109.375,-890.625,-226.5625,-125.0,-742.1875,-531.25,-257.8125,-773.4375,-437.5
124113,117.1875,851.5625,429.6875,-164.0625,-914.0625,101.5625,-109.375,-890.625,-226.5625,-125.0,-742.1875,-531.25,-257.8125,-773.4375,-437.5
124113,101.5625,828.125,421.875,-179.6875,-929.6875,109.375,-93.75,-890.625,-226.5625,-125.0,-742.1875,-531.25,-273.4375,-781.25,-445.3125
124113,101.5625,828.125,421.875,-179.6875,-929.6875,109.375,-93.75,-890.625,-226.5625,-125.0,-742.1875,-531.25,-273.4375,-781.25,-445.3125
124178,156.25,867.1875,484.375,-140.625,-1007.8125,93.75,-109.375,-968.75,-273.4375,-125.0,-804.6875,-593.75,-296.875,-828.125,-484.375
124178,156.25,867.1875,484.375,-140.625,-1007.8125,93.75,-109.375,-968.75,-273.4375,-125.0,-804.6875,-593.75,-296.875,-828.125,-484.375
124186,132.8125,835.9375,492.1875,-140.625,-1031.25,78.125,-117.1875,-976.5625,-281.25,-125.0,-804.6875,-601.5625,-296.875,-835.9375,-500.0
124186,132.8125,835.9375,492.1875,-140.625,-1031.25,78.125,-117.1875,-976.5625,-281.25,-125.0,-804.6875,-601.5625,-296.875,-835.9375,-500.0
124194,164.0625,843.75,507.8125,-140.625,-1031.25,70.3125,-132.8125,-984.375,-296.875,-140.625,-804.6875,-601.5625,-296.875,-835.9375,-484.375
124194,164.0625,843.75,507.8125,-140.625,-1031.25,70.3125,-132.8125,-984.375,-296.875,-140.625,-804.6875,-601.5625,-296.875,-835.9375,-484.375
124194,156.25,867.1875,515.625,-140.625,-1039.0625,70.3125,-132.8125,-992.1875,-289.0625,-140.625,-812.5,-609.375,-304.6875,-828.125,-492.1875
124194,156.25,867.1875,515.625,-140.625,-1039.0625,70.3125,-132.8125,-992.1875,-289.0625,-140.625,-812.5,-609.375,-304.6875,-828.125,-492.1875
124259,179.6875,898.4375,515.625,-125.0,-1039.0625,101.5625,-101.5625,-1000.0,-296.875,-117.1875,-812.5,-625.0,-289.0625,-835.9375,-523.4375
124259,179.6875,898.4375,515.625,-125.0,-1039.0625,101.5625,-101.5625,-1000.0,-296.875,-117.1875,-812.5,-625.0,-289.0625,-835.9375,-523.4375
124266,179.6875,914.0625,507.8125,-125.0,-1039.0625,101.5625,-93.75,-992.1875,-296.875,-101.5625,-804.6875,-625.0,-304.6875,-843.75,-515.625
124266,179.6875,914.0625,507.8125,-125.0,-1039.0625,101.5625,-93.75,-992.1875,-296.875,-101.5625,-804.6875,-625.0,-304.6875,-843.75,-515.625
124274,179.6875,898.4375,515.625,-132.8125,-1039.0625,93.75,-101.5625,-992.1875,-289.0625,-109.375,-796.875,-617.1875,-296.875,-843.75,-507.8125
124274,179.6875,898.4375,515.625,-132.8125,-1039.0625,93.75,-101.5625,-992.1875,-289.0625,-109.375,-796.875,-617.1875,-296.875,-843.75,-507.8125
124275,171.875,898.4375,523.4375,-132.8125,-1039.0625,101.5625,-101.5625,-992.1875,-289.0625,-109.375,-812.5,-617.1875,-289.0625,-843.75,-515.625
124275,171.875,898.4375,523.4375,-132.8125,-1039.0625,101.5625,-101.5625,-992.1875,-289.0625,-109.375,-812.5,-617.1875,-289.0625,-843.75,-515.625
124420,140.625,828.125,500.0,-132.8125,-992.1875,70.3125,-125.0,-953.125,-273.4375,-109.375,-781.25,-578.125,-281.25,-812.5,-476.5625
124420,140.625,828.125,500.0,-132.8125,-992.1875,70.3125,-125.0,-953.125,-273.4375,-109.375,-781.25,-578.125,-281.25,-812.5,-476.5625
124428,140.625,843.75,507.8125,-148.4375,-1000.0,70.3125,-125.0,-945.3125,-273.4375,-125.0,-789.0625,-578.125,-296.875,-812.5,-476.5625
124428,140.625,843.75,507.8125,-148.4375,-1000.0,70.3125,-125.0,-945.3125,-273.4375,-125.0,-789.0625,-578.125,-296.875,-812.5,-476.5625
124436,140.625,859.375,507.8125,-132.8125,-992.1875,62.5,-125.0,-953.125,-273.4375,-117.1875,-781.25,-585.9375,-281.25,-804.6875,-468.75
124436,140.625,859.375,507.8125,-132.8125,-992.1875,62.5,-125.0,-953.125,-273.4375,-117.1875,-781.25,-585.9375,-281.25,-804.6875,-468.75
124436,132.8125,867.1875,500.0,-140.625,-984.375,85.9375,-117.1875,-945.3125,-273.4375,-117.1875,-789.0625,-585.9375,-289.0625,-812.5,-476.5625
124436,132.8125,867.1875,500.0,-140.625,-984.375,85.9375,-117.1875,-945.3125,-273.4375,-117.1875,-789.0625,-585.9375,-289.0625,-812.5,-476.5625
124581,125.0,851.5625,507.8125,-140.625,-1007.8125,70.3125,-109.375,-968.75,-265.625,-109.375,-804.6875,-578.125,-296.875,-820.3125,-468.75
124581,125.0,851.5625,507.8125,-140.625,-1007.8125,70.3125,-109.375,-968.75,-265.625,-109.375,-804.6875,-578.125,-296.875,-820.3125,-468.75
124588,125.0,851.5625,507.8125,-140.625,-1015.625,70.3125,-125.0,-960.9375,-265.625,-109.375,-804.6875,-570.3125,-289.0625,-835.9375,-468.75
124588,125.0,851.5625,507.8125,-140.625,-1015.625,70.3125,-125.0,-960.9375,-265.625,-109.375,-804.6875,-570.3125,-289.0625,-835.9375,-468.75
124597,140.625,843.75,507.8125,-148.4375,-1007.8125,70.3125,-132.8125,-960.9375,-265.625,-125.0,-804.6875,-578.125,-296.875,-828.125,-476.5625
124597,140.625,843.75,507.8125,-148.4375,-1007.8125,70.3125,-132.8125,-960.9375,-265.625,-125.0,-804.6875,-578.125,-296.875,-828.125,-476.5625
124597,132.8125,851.5625,507.8125,-140.625,-1007.8125,70.3125,-132.8125,-960.9375,-273.4375,-125.0,-796.875,-585.9375,-304.6875,-820.3125,-476.5625
124597,132.8125,851.5625,507.8125,-140.625,-1007.8125,70.3125,-132.8125,-960.9375,-273.4375,-125.0,-796.875,-585.9375,-304.6875,-820.3125,-476.5625
124743,148.4375,859.375,515.625,-132.8125,-1015.625,78.125,-109.375,-976.5625,-273.4375,-93.75,-804.6875,-585.9375,-296.875,-835.9375,-476.5625
124743,148.4375,859.375,515.625,-132.8125,-1015.625,78.125,-109.375,-976.5625,-273.4375,-93.75,-804.6875,-585.9375,-296.875,-835.9375,-476.5625
124750,132.8125,867.1875,523.4375,-132.8125,-1015.625,70.3125,-125.0,-968.75,-273.4375,-101.5625,-804.6875,-593.75,-289.0625,-828.125,-476.5625
124750,132.8125,867.1875,523.4375,-132.8125,-1015.625,70.3125,-125.0,-968.75,-273.4375,-101.5625,-804.6875,-593.75,-289.0625,-828.125,-476.5625
124758,140.625,875.0,515.625,-132.8125,-1007.8125,85.9375,-109.375,-976.5625,-281.25,-101.5625,-804.6875,-585.9375,-289.0625,-835.9375,-484.375
124758,140.625,875.0,515.625,-132.8125,-1007.8125,85.9375,-109.375,-976.5625,-281.25,-101.5625,-804.6875,-585.9375,-289.0625,-835.9375,-484.375
124759,148.4375,867.1875,515.625,-132.8125,-1007.8125,78.125,-109.375,-968.75,-273.4375,-93.75,-796.875,-593.75,-289.0625,-835.9375,-476.5625
124759,148.4375,867.1875,515.625,-132.8125,-1007.8125,78.125,-109.375,-968.75,-273.4375,-93.75,-796.875,-593.75,-289.0625,-835.9375,-476.5625
124904,132.8125,851.5625,515.625,-132.8125,-1007.8125,78.125,-109.375,-968.75,-265.625,-85.9375,-796.875,-585.9375,-281.25,-828.125,-468.75
124904,132.8125,851.5625,515.625,-132.8125,-1007.8125,78.125,-109.375,-968.75,-265.625,-85.9375,-796.875,-585.9375,-281.25,-828.125,-468.75
124912,132.8125,859.375,507.8125,-140.625,-1000.0,78.125,-117.1875,-968.75,-265.625,-85.9375,-796.875,-578.125,-273.4375,-820.3125,-468.75
124912,132.8125,859.375,507.8125,-140.625,-1000.0,78.125,-117.1875,-968.75,-265.625,-85.9375,-796.875,-578.125,-273.4375,-820.3125,-468.75
124920,132.8125,867.1875,507.8125,-140.625,-1000.0,70.3125,-117.1875,-960.9375,-265.625,-85.9375,-796.875,-593.75,-281.25,-828.125,-468.75
124920,132.8125,867.1875,507.8125,-140.625,-1000.0,70.3125,-117.1875,-960.9375,-265.625,-85.9375,-796.875,-593.75,-281.25,-828.125,-468.75
124920,117.1875,851.5625,515.625,-148.4375,-1000.0,78.125,-117.1875,-960.9375,-265.625,-93.75,-804.6875,-578.125,-281.25,-828.125,-468.75
124920,117.1875,851.5625,515.625,-148.4375,-1000.0,78.125,-117.1875,-960.9375,-265.625,-93.75,-804.6875,-578.125,-281.25,-828.125,-468.75
125066,132.8125,843.75,531.25,-140.625,-1015.625,54.6875,-125.0,-968.75,-265.625,-101.5625,-812.5,-585.9375,-289.0625,-835.9375,-476.5625
125066,132.8125,843.75,531.25,-140.625,-1015.625,54.6875,-125.0,-968.75,-265.625,-101.5625,-812.5,-585.9375,-289.0625,-835.9375,-476.5625
125073,125.0,851.5625,523.4375,-140.625,-1023.4375,54.6875,-125.0,-960.9375,-273.4375,-85.9375,-804.6875,-593.75,-289.0625,-835.9375,-468.75
125073,125.0,851.5625,523.4375,-140.625,-1023.4375,54.6875,-125.0,-960.9375,-273.4375,-85.9375,-804.6875,-593.75,-289.0625,-835.9375,-468.75
125081,132.8125,859.375,531.25,-140.625,-1023.4375,70.3125,-125.0,-976.5625,-265.625,-101.5625,-812.5,-593.75,-296.875,-843.75,-476.5625
125081,132.8125,859.375,531.25,-140.625,-1023.4375,70.3125,-125.0,-976.5625,-265.625,-101.5625,-812.5,-593.75,-296.875,-843.75,-476.5625
125081,132.8125,851.5625,523.4375,-140.625,-1015.625,62.5,-132.8125,-976.5625,-273.4375,-101.5625,-804.6875,-585.9375,-296.875,-843.75,-484.375
125081,132.8125,851.5625,523.4375,-140.625,-1015.625,62.5,-132.8125,-976.5625,-273.4375,-101.5625,-804.6875,-585.9375,-296.875,-843.75,-484.375
125227,117.1875,843.75,515.625,-148.4375,-1007.8125,70.3125,-125.0,-960.9375,-257.8125,-85.9375,-804.6875,-578.125,-289.0625,-835.9375,-468.75
125227,117.1875,843.75,515.625,-148.4375,-1007.8125,70.3125,-125.0,-960.9375,-257.8125,-85.9375,-804.6875,-578.125,-289.0625,-835.9375,-468.75
125234,117.1875,843.75,523.4375,-140.625,-1007.8125,70.3125,-125.0,-960.9375,-257.8125,-85.9375,-796.875,-570.3125,-281.25,-835.9375,-460.9375
125234,117.1875,843.75,523.4375,-140.625,-1007.8125,70.3125,-125.0,-960.9375,-257.8125,-85.9375,-796.875,-570.3125,-281.25,-835.9375,-460.9375
125243,117.1875,843.75,531.25,-140.625,-1000.0,62.5,-132.8125,-960.9375,-265.625,-85.9375,-804.6875,-578.125,-281.25,-828.125,-468.75
125243,117.1875,843.75,531.25,-140.625,-1000.0,62.5,-132.8125,-960.9375,-265.625,-85.9375,-804.6875,-578.125,-281.25,-828.125,-468.75
125243,117.1875,843.75,531.25,-140.625,-1007.8125,62.5,-132.8125,-960.9375,-265.625,-85.9375,-804.6875,-570.3125,-281.25,-835.9375,-468.75
125243,117.1875,843.75,531.25,-140.625,-1007.8125,62.5,-132.8125,-960.9375,-265.625,-85.9375,-804.6875,-570.3125,-281.25,-835.9375,-468.75
125388,125.0,835.9375,539.0625,-140.625,-1007.8125,62.5,-132.8125,-968.75,-265.625,-85.9375,-804.6875,-585.9375,-281.25,-835.9375,-476.5625
125388,125.0,835.9375,539.0625,-140.625,-1007.8125,62.5,-132.8125,-968.75,-265.625,-85.9375,-804.6875,-585.9375,-281.25,-835.9375,-476.5625
125396,117.1875,835.9375,539.0625,-140.625,-1015.625,62.5,-132.8125,-968.75,-265.625,-93.75,-804.6875,-578.125,-289.0625,-843.75,-476.5625
125396,117.1875,835.9375,539.0625,-140.625,-1015.625,62.5,-132.8125,-968.75,-265.625,-93.75,-804.6875,-578.125,-289.0625,-843.75,-476.5625
125404,125.0,835.9375,531.25,-140.625,-1007.8125,62.5,-132.8125,-968.75,-257.8125,-85.9375,-804.6875,-593.75,-289.0625,-835.9375,-468.75
125404,125.0,835.9375,531.25,-140.625,-1007.8125,62.5,-132.8125,-968.75,-257.8125,-85.9375,-804.6875,-593.75,-289.0625,-835.9375,-468.75
125404,125.0,843.75,523.4375,-140.625,-1007.8125,62.5,-132.8125,-960.9375,-265.625,-85.9375,-812.5,-585.9375,-289.0625,-843.75,-468.75
125404,125.0,843.75,523.4375,-140.625,-1007.8125,62.5,-132.8125,-960.9375,-265.625,-85.9375,-812.5,-585.9375,-289.0625,-843.75,-468.75
