104329,-65.625,48.125,-8.75
104329,-65.625,48.125,-8.75
104339,-21.875,35.0,-35.0
104339,-21.875,35.0,-35.0
104491,-17.5,48.125,-21.875
104491,-17.5,48.125,-21.875
104501,-21.875,48.125,-48.125
104501,-21.875,48.125,-48.125
104652,-13.125,870.625,-8.75
104652,-13.125,870.625,-8.75
104662,-170.625,476.875,-323.75
104662,-170.625,476.875,-323.75
104773,-341.25,595.0,78.75
104773,-341.25,595.0,78.75
104783,-389.375,621.25,253.75
104783,-389.375,621.25,253.75
104935,-2813.125,105.0,-743.75
104935,-2813.125,105.0,-743.75
104945,-3023.125,1054.375,-1023.75
104945,-3023.125,1054.375,-1023.75
105096,-8137.5,14043.75,-31303.125
105096,-8137.5,14043.75,-31303.125
105106,-8820.0,16292.5,-29163.75
105106,-8820.0,16292.5,-29163.75
105257,-6842.5,1999.375,-12420.625
105257,-6842.5,1999.375,-12420.625
105268,-7468.125,1334.375,-11200.0
105268,-7468.125,1334.375,-11200.0
105419,13663.125,13934.375,42140.0
105419,13663.125,13934.375,42140.0
105429,12818.75,12875.625,46125.625
105429,12818.75,12875.625,46125.625
105580,306.25,-3425.625,3482.5
105580,306.25,-3425.625,3482.5
105590,-3443.125,-1680.0,2301.25
105590,-3443.125,-1680.0,2301.25
105742,-1500.625,555.625,-678.125
105742,-1500.625,555.625,-678.125
105752,-1299.375,258.125,-756.875
105752,-1299.375,258.125,-756.875
105903,1601.25,-214.375,258.125
105903,1601.25,-214.375,258.125
105913,1430.625,118.125,61.25
105913,1430.625,118.125,61.25
106065,-87.5,-96.25,-315.0
106065,-87.5,-96.25,-315.0
106075,-78.75,-83.125,-310.625
106075,-78.75,-83.125,-310.625
106206,288.75,-245.0,-345.625
106206,288.75,-245.0,-345.625
106215,205.625,-227.5,-284.375
106215,205.625,-227.5,-284.375
106367,109.375,30.625,-144.375
106367,109.375,30.625,-144.375
106377,161.875,65.625,-183.75
106377,161.875,65.625,-183.75
106549,323.75,35.0,-179.375
106549,323.75,35.0,-179.375
106559,301.875,70.0,-100.625
106559,301.875,70.0,-100.625
106569,205.625,39.375,-48.125
106569,205.625,39.375,-48.125
106579,188.125,26.25,-30.625
106579,188.125,26.25,-30.625
106710,122.5,-56.875,-35.0
106710,122.5,-56.875,-35.0
106720,179.375,-140.0,-65.625
106720,179.375,-140.0,-65.625
106872,70.0,-105.0,-105.0
106872,70.0,-105.0,-105.0
106882,91.875,-100.625,-105.0
106882,91.875,-100.625,-105.0
106953,175.0,-245.0,-350.0
106953,175.0,-245.0,-350.0
106963,201.25,-350.0,-424.375
106963,201.25,-350.0,-424.375
107033,236.25,-144.375,-761.25
107033,236.25,-144.375,-761.25
107043,424.375,-100.625,-822.5
107043,424.375,-100.625,-822.5
107195,175.0,56.875,-105.0
107195,175.0,56.875,-105.0
107205,157.5,48.125,-140.0
107205,157.5,48.125,-140.0
107356,48.125,52.5,52.5
107356,48.125,52.5,52.5
107366,-8.75,8.75,83.125
107366,-8.75,8.75,83.125
