96892,-55947.5,-79541.875,7306.25
96892,-55947.5,-79541.875,7306.25
96903,43238.125,-77875.0,-21070.0
96903,43238.125,-77875.0,-21070.0
96912,47241.25,-32978.75,-61744.375
96912,47241.25,-32978.75,-61744.375
96923,32165.0,14183.75,-62247.5
96923,32165.0,14183.75,-62247.5
96933,56770.0,31915.625,-50408.75
96933,56770.0,31915.625,-50408.75
96944,83571.25,33665.625,-49568.75
96944,83571.25,33665.625,-49568.75
96953,95217.5,26495.0,-42306.25
96953,95217.5,26495.0,-42306.25
96964,96560.625,23152.5,-27575.625
96964,96560.625,23152.5,-27575.625
96974,79113.125,17259.375,-13238.75
96974,79113.125,17259.375,-13238.75
96985,56704.375,12748.75,-7218.75
96985,56704.375,12748.75,-7218.75
96995,36666.875,8754.375,-6168.75
96995,36666.875,8754.375,-6168.75
97006,21507.5,2515.625,-3920.0
97006,21507.5,2515.625,-3920.0
97016,11676.875,-2778.125,-398.125
97016,11676.875,-2778.125,-398.125
97027,3758.125,-4663.75,2393.125
97027,3758.125,-4663.75,2393.125
97036,-568.75,-3871.875,656.25
97036,-568.75,-3871.875,656.25
97047,546.875,-3093.125,-5219.375
97047,546.875,-3093.125,-5219.375
97057,2940.0,-1561.875,-10933.125
97057,2940.0,-1561.875,-10933.125
97068,2143.75,1824.375,-12932.5
97068,2143.75,1824.375,-12932.5
97078,-2240.0,5464.375,-9725.625
97078,-2240.0,5464.375,-9725.625
97088,-8693.125,7328.125,-3828.125
97088,-8693.125,7328.125,-3828.125
97099,-14481.25,6426.875,1767.5
97099,-14481.25,6426.875,1767.5
97109,-17587.5,4462.5,4672.5
97109,-17587.5,4462.5,4672.5
97119,-17933.125,1526.875,5070.625
97119,-17933.125,1526.875,5070.625
97129,-15474.375,-1461.25,3583.125
97129,-15474.375,-1461.25,3583.125
97140,-9467.5,-3268.125,-1369.375
97140,-9467.5,-3268.125,-1369.375
97150,-5473.125,-3097.5,-3543.75
97150,-5473.125,-3097.5,-3543.75
97160,-2436.875,-2244.375,-4878.125
97160,-2436.875,-2244.375,-4878.125
97171,-271.25,-1225.0,-5696.25
97171,-271.25,-1225.0,-5696.25
97181,861.875,-612.5,-6641.25
97181,861.875,-612.5,-6641.25
97191,1128.75,-520.625,-7052.5
97191,1128.75,-520.625,-7052.5
97202,1391.25,65.625,-6685.0
97202,1391.25,65.625,-6685.0
97212,2021.25,1229.375,-5761.875
97212,2021.25,1229.375,-5761.875
97223,2905.0,1150.625,-4042.5
97223,2905.0,1150.625,-4042.5
97232,3587.5,402.5,-2585.625
97232,3587.5,402.5,-2585.625
97243,3972.5,-511.875,-1500.625
97243,3972.5,-511.875,-1500.625
97253,3416.875,-1098.125,-446.25
97253,3416.875,-1098.125,-446.25
97263,2270.625,-1439.375,420.0
97263,2270.625,-1439.375,420.0
97274,1303.75,-1579.375,271.25
97274,1303.75,-1579.375,271.25
97284,520.625,-1325.625,-511.875
97284,520.625,-1325.625,-511.875
97294,-266.875,-1001.875,-809.375
97294,-266.875,-1001.875,-809.375
97305,-83.125,-695.625,-1163.75
97305,-83.125,-695.625,-1163.75
97315,1010.625,-411.25,-1938.125
97315,1010.625,-411.25,-1938.125
97325,2905.0,345.625,-2852.5
97325,2905.0,345.625,-2852.5
97336,4729.375,1365.0,-3482.5
97336,4729.375,1365.0,-3482.5
97346,5503.75,1736.875,-3486.875
97346,5503.75,1736.875,-3486.875
97356,5486.25,1697.5,-3482.5
97356,5486.25,1697.5,-3482.5
97367,4908.75,1868.125,-3543.75
97367,4908.75,1868.125,-3543.75
97377,4882.5,2660.0,-3876.25
97377,4882.5,2660.0,-3876.25
97387,5302.5,2441.25,-3657.5
97387,5302.5,2441.25,-3657.5
97398,4987.5,1828.75,-2957.5
97398,4987.5,1828.75,-2957.5
97408,3233.125,1977.5,-2187.5
97408,3233.125,1977.5,-2187.5
97419,1386.875,1951.25,-1951.25
97419,1386.875,1951.25,-1951.25
97429,218.75,1351.875,-2314.375
97429,218.75,1351.875,-2314.375
97439,-612.5,490.0,-1863.75
97439,-612.5,490.0,-1863.75
97449,-1487.5,-520.625,-1176.875
97449,-1487.5,-520.625,-1176.875
97460,-2668.75,-332.5,-866.25
97460,-2668.75,-332.5,-866.25
97469,-3456.25,686.875,-765.625
97469,-3456.25,686.875,-765.625
97480,-3390.625,704.375,-1085.0
97480,-3390.625,704.375,-1085.0
97491,-2467.5,249.375,-1951.25
97491,-2467.5,249.375,-1951.25
97501,-1400.0,-122.5,-2187.5
97501,-1400.0,-122.5,-2187.5
97511,-1566.25,8.75,-1369.375
97511,-1566.25,8.75,-1369.375
97521,-1916.25,455.0,-568.75
97521,-1916.25,455.0,-568.75
97532,-1715.0,450.625,-918.75
97532,-1715.0,450.625,-918.75
97542,-940.625,113.75,-1583.75
97542,-940.625,113.75,-1583.75
97552,406.875,-301.875,-1916.25
97552,406.875,-301.875,-1916.25
97563,1518.125,-476.875,-2183.125
97563,1518.125,-476.875,-2183.125
97574,1728.125,-748.125,-1990.625
97574,1728.125,-748.125,-1990.625
97583,1894.375,-1085.0,-1513.75
97583,1894.375,-1085.0,-1513.75
97594,1356.25,-1658.125,-1264.375
97594,1356.25,-1658.125,-1264.375
97604,555.625,-2340.625,-1260.0
97604,555.625,-2340.625,-1260.0
97615,358.75,-2590.0,-1168.125
97615,358.75,-2590.0,-1168.125
97625,463.75,-2253.125,-1111.25
97625,463.75,-2253.125,-1111.25
97635,463.75,-1710.625,-822.5
97635,463.75,-1710.625,-822.5
97645,879.375,-1938.125,-144.375
97645,879.375,-1938.125,-144.375
97655,844.375,-2533.125,752.5
97655,844.375,-2533.125,752.5
97665,402.5,-2690.625,1071.875
97665,402.5,-2690.625,1071.875
97676,301.875,-2708.125,931.875
97676,301.875,-2708.125,931.875
97687,446.25,-2476.25,376.25
97687,446.25,-2476.25,376.25
97697,581.875,-1890.0,-525.0
97697,581.875,-1890.0,-525.0
97707,857.5,-945.0,-1675.625
97707,857.5,-945.0,-1675.625
97717,1181.25,-153.125,-2620.625
97717,1181.25,-153.125,-2620.625
97728,1649.375,520.625,-3045.0
97728,1649.375,520.625,-3045.0
97738,1649.375,538.125,-3233.125
97738,1649.375,538.125,-3233.125
97748,1548.75,70.0,-2913.75
97748,1548.75,70.0,-2913.75
97759,1483.125,-319.375,-2314.375
97759,1483.125,-319.375,-2314.375
97769,962.5,-315.0,-1929.375
97769,962.5,-315.0,-1929.375
97779,74.375,-595.0,-1675.625
97779,74.375,-595.0,-1675.625
97790,-358.75,-1443.75,-1299.375
97790,-358.75,-1443.75,-1299.375
97800,-83.125,-2100.0,-1360.625
97800,-83.125,-2100.0,-1360.625
97810,-140.0,-2060.625,-1085.0
97810,-140.0,-2060.625,-1085.0
97821,-573.125,-1356.25,-844.375
97821,-573.125,-1356.25,-844.375
97831,-428.75,-1067.5,-1163.75
97831,-428.75,-1067.5,-1163.75
97841,96.25,-1662.5,-936.25
97841,96.25,-1662.5,-936.25
97851,568.75,-1986.25,-581.875
97851,568.75,-1986.25,-581.875
97862,1181.25,-1925.0,-525.0
97862,1181.25,-1925.0,-525.0
97872,1080.625,-1666.875,-752.5
97872,1080.625,-1666.875,-752.5
97882,411.25,-1334.375,-665.0
97882,411.25,-1334.375,-665.0
97893,-39.375,-993.125,-507.5
97893,-39.375,-993.125,-507.5
97903,-87.5,-818.125,-192.5
97903,-87.5,-818.125,-192.5
97912,450.625,-1141.875,-109.375
97912,450.625,-1141.875,-109.375
97924,1058.75,-1653.75,-656.25
97924,1058.75,-1653.75,-656.25
97934,1526.875,-1771.875,-1085.0
97934,1526.875,-1771.875,-1085.0
97944,1500.625,-1780.625,-984.375
97944,1500.625,-1780.625,-984.375
97955,1391.25,-1850.625,-651.875
97955,1391.25,-1850.625,-651.875
97965,966.875,-1653.75,-323.75
97965,966.875,-1653.75,-323.75
97975,511.875,-1198.75,-560.0
97975,511.875,-1198.75,-560.0
97986,43.75,-1343.125,-415.625
97986,43.75,-1343.125,-415.625
97996,-100.625,-1868.125,-490.0
97996,-100.625,-1868.125,-490.0
98007,21.875,-2016.875,-721.875
98007,21.875,-2016.875,-721.875
98016,100.625,-1662.5,-805.0
98016,100.625,-1662.5,-805.0
98027,-196.875,-1176.875,-691.25
98027,-196.875,-1176.875,-691.25
98037,-870.625,-879.375,-371.875
98037,-870.625,-879.375,-371.875
98048,-1360.625,-1045.625,78.75
98048,-1360.625,-1045.625,78.75
98058,-1356.25,-1400.0,135.625
98058,-1356.25,-1400.0,135.625
98068,-1137.5,-1443.75,-678.125
98068,-1137.5,-1443.75,-678.125
98079,-791.875,-1198.75,-1583.75
98079,-791.875,-1198.75,-1583.75
98089,-363.125,-835.625,-2003.75
98089,-363.125,-835.625,-2003.75
98099,-341.25,-673.75,-1688.75
98099,-341.25,-673.75,-1688.75
98109,-236.25,-739.375,-1675.625
98109,-236.25,-739.375,-1675.625
98120,415.625,-945.0,-1815.625
98120,415.625,-945.0,-1815.625
98130,415.625,-577.5,-1981.875
98130,415.625,-577.5,-1981.875
98140,166.25,-91.875,-1995.0
98140,166.25,-91.875,-1995.0
98151,-293.125,196.875,-1833.125
98151,-293.125,196.875,-1833.125
98161,-721.875,494.375,-1995.0
98161,-721.875,494.375,-1995.0
98171,-945.0,450.625,-1951.25
98171,-945.0,450.625,-1951.25
98182,-923.125,-743.75,-1395.625
98182,-923.125,-743.75,-1395.625
98192,-214.375,-1999.375,-1391.25
98192,-214.375,-1999.375,-1391.25
98203,315.0,-2213.75,-1448.125
98203,315.0,-2213.75,-1448.125
98213,520.625,-1710.625,-1378.125
98213,520.625,-1710.625,-1378.125
98223,940.625,-1242.5,-1015.0
98223,940.625,-1242.5,-1015.0
98232,848.75,-1080.625,-857.5
98232,848.75,-1080.625,-857.5
98244,433.125,-691.25,-743.75
98244,433.125,-691.25,-743.75
98254,-166.25,-336.875,-936.25
98254,-166.25,-336.875,-936.25
98264,-424.375,-30.625,-1273.125
98264,-424.375,-30.625,-1273.125
98275,-39.375,-245.0,-1054.375
98275,-39.375,-245.0,-1054.375
98285,271.25,-385.0,-857.5
98285,271.25,-385.0,-857.5
98295,284.375,-616.875,-1001.875
98295,284.375,-616.875,-1001.875
98305,713.125,-612.5,-1260.0
98305,713.125,-612.5,-1260.0
98316,1120.0,105.0,-1203.125
98316,1120.0,105.0,-1203.125
98326,980.0,756.875,-1019.375
98326,980.0,756.875,-1019.375
98336,726.25,910.0,-896.875
98336,726.25,910.0,-896.875
98347,665.0,210.0,-595.0
98347,665.0,210.0,-595.0
98358,931.875,-966.875,-266.875
98358,931.875,-966.875,-266.875
98366,1050.0,-1351.875,17.5
98366,1050.0,-1351.875,17.5
98378,787.5,-713.125,415.625
98378,787.5,-713.125,415.625
98388,433.125,-157.5,490.0
98388,433.125,-157.5,490.0
98398,227.5,-280.0,428.75
98398,227.5,-280.0,428.75
98409,564.375,-826.875,188.125
98409,564.375,-826.875,188.125
98419,861.875,-1198.75,100.625
98419,861.875,-1198.75,100.625
98429,708.75,-1032.5,175.0
98429,708.75,-1032.5,175.0
98440,433.125,-888.125,275.625
98440,433.125,-888.125,275.625
98450,144.375,-1071.875,472.5
98450,144.375,-1071.875,472.5
98460,354.375,-1583.75,236.25
98460,354.375,-1583.75,236.25
98471,1251.25,-1448.125,-415.625
98471,1251.25,-1448.125,-415.625
98481,2139.375,-1036.875,-840.0
98481,2139.375,-1036.875,-840.0
98491,2441.25,-905.625,-980.0
98491,2441.25,-905.625,-980.0
98502,2410.625,-1308.125,-831.25
98502,2410.625,-1308.125,-831.25
98512,2292.5,-1793.75,-516.25
98512,2292.5,-1793.75,-516.25
98522,1872.5,-2012.5,-393.75
98522,1872.5,-2012.5,-393.75
98532,1430.625,-1680.0,-507.5
98532,1430.625,-1680.0,-507.5
98543,1264.375,-1417.5,-380.625
98543,1264.375,-1417.5,-380.625
98553,1211.875,-1277.5,-463.75
98553,1211.875,-1277.5,-463.75
98562,1671.25,-1168.125,-940.625
98562,1671.25,-1168.125,-940.625
98573,2078.125,-726.25,-1185.625
98573,2078.125,-726.25,-1185.625
98584,1929.375,-87.5,-1225.0
98584,1929.375,-87.5,-1225.0
98594,1605.625,-13.125,-818.125
98594,1605.625,-13.125,-818.125
98605,1071.875,-271.25,-183.75
98605,1071.875,-271.25,-183.75
98615,638.75,-809.375,153.125
98615,638.75,-809.375,153.125
98625,-13.125,-1255.625,350.0
98625,-13.125,-1255.625,350.0
98635,-223.125,-1106.875,210.0
98635,-223.125,-1106.875,210.0
98646,-179.375,-1019.375,-30.625
98646,-179.375,-1019.375,-30.625
98656,-153.125,-761.25,-175.0
98656,-153.125,-761.25,-175.0
98667,-293.125,-280.0,100.625
98667,-293.125,-280.0,100.625
98677,-192.5,-48.125,122.5
98677,-192.5,-48.125,122.5
98687,0.0,-91.875,183.75
98687,0.0,-91.875,183.75
98697,245.0,-310.625,0.0
98697,245.0,-310.625,0.0
98707,494.375,-822.5,-328.125
98707,494.375,-822.5,-328.125
98718,971.25,-1325.625,-616.875
98718,971.25,-1325.625,-616.875
98728,1058.75,-1723.75,-459.375
98728,1058.75,-1723.75,-459.375
98739,787.5,-1846.25,8.75
98739,787.5,-1846.25,8.75
98750,306.25,-1680.0,371.875
98750,306.25,-1680.0,371.875
98759,-61.25,-1351.875,791.875
98759,-61.25,-1351.875,791.875
98770,-56.875,-1277.5,770.0
98770,-56.875,-1277.5,770.0
98780,-4.375,-1071.875,625.625
98780,-4.375,-1071.875,625.625
98791,-65.625,-638.75,363.125
98791,-65.625,-638.75,363.125
98801,-258.125,-205.625,-113.75
98801,-258.125,-205.625,-113.75
98811,-258.125,175.0,-538.125
98811,-258.125,175.0,-538.125
98821,-43.75,183.75,-621.25
98821,-43.75,183.75,-621.25
98832,65.625,118.125,-625.625
98832,65.625,118.125,-625.625
98842,48.125,-249.375,-507.5
98842,48.125,-249.375,-507.5
98852,315.0,-787.5,-323.75
98852,315.0,-787.5,-323.75
98863,560.0,-1159.375,-109.375
98863,560.0,-1159.375,-109.375
98873,446.25,-616.875,-201.25
98873,446.25,-616.875,-201.25
98883,-52.5,-135.625,83.125
98883,-52.5,-135.625,83.125
98894,-393.75,-65.625,30.625
98894,-393.75,-65.625,30.625
98904,-345.625,-503.125,-266.875
98904,-345.625,-503.125,-266.875
98914,-175.0,-945.0,-196.875
98914,-175.0,-945.0,-196.875
98924,26.25,-1120.0,-240.625
98924,26.25,-1120.0,-240.625
98935,43.75,-1071.875,-354.375
98935,43.75,-1071.875,-354.375
98944,100.625,-770.0,-560.0
98944,100.625,-770.0,-560.0
98955,109.375,-468.125,-647.5
98955,109.375,-468.125,-647.5
98966,-8.75,-647.5,-402.5
98966,-8.75,-647.5,-402.5
98976,-249.375,-603.75,-253.75
98976,-249.375,-603.75,-253.75
98986,-406.875,-385.0,-100.625
98986,-406.875,-385.0,-100.625
98996,-511.875,-538.125,-214.375
98996,-511.875,-538.125,-214.375
99007,-525.0,-971.25,-297.5
99007,-525.0,-971.25,-297.5
99016,-380.625,-1054.375,-306.25
99016,-380.625,-1054.375,-306.25
99028,-118.125,-778.75,-402.5
99028,-118.125,-778.75,-402.5
99038,341.25,-638.75,-603.75
99038,341.25,-638.75,-603.75
99048,914.375,-581.875,-905.625
99048,914.375,-581.875,-905.625
99059,1163.75,-214.375,-1155.0
99059,1163.75,-214.375,-1155.0
99069,1063.125,148.75,-1238.125
99069,1063.125,148.75,-1238.125
99079,752.5,-223.125,-958.125
99079,752.5,-223.125,-958.125
99090,923.125,-660.625,-603.75
99090,923.125,-660.625,-603.75
99100,555.625,-805.0,-358.75
99100,555.625,-805.0,-358.75
99110,306.25,-835.625,-306.25
99110,306.25,-835.625,-306.25
99120,735.0,-988.75,-433.125
99120,735.0,-988.75,-433.125
99131,1408.75,-1006.25,-892.5
99131,1408.75,-1006.25,-892.5
99141,1903.125,-892.5,-1198.75
99141,1903.125,-892.5,-1198.75
99151,1815.625,-971.25,-1487.5
99151,1815.625,-971.25,-1487.5
99162,1741.25,-1093.75,-1417.5
99162,1741.25,-1093.75,-1417.5
99172,1509.375,-1058.75,-1456.875
99172,1509.375,-1058.75,-1456.875
99182,1260.0,-923.125,-1518.125
99182,1260.0,-923.125,-1518.125
99193,1023.75,-826.875,-1316.875
99193,1023.75,-826.875,-1316.875
99203,240.625,-896.875,-875.0
99203,240.625,-896.875,-875.0
99214,-568.75,-1592.5,-717.5
99214,-568.75,-1592.5,-717.5
99224,52.5,-3031.875,-1242.5
99224,52.5,-3031.875,-1242.5
99234,1404.375,-3325.0,-1745.625
99234,1404.375,-3325.0,-1745.625
99244,1076.25,-2257.5,-1824.375
99244,1076.25,-2257.5,-1824.375
99255,468.125,-1330.0,-1903.125
99255,468.125,-1330.0,-1903.125
99265,638.75,-1535.625,-1758.75
99265,638.75,-1535.625,-1758.75
99275,1045.625,-1557.5,-1723.75
99275,1045.625,-1557.5,-1723.75
99286,857.5,-1968.75,-1513.75
99286,857.5,-1968.75,-1513.75
99296,634.375,-2371.25,-1693.125
99296,634.375,-2371.25,-1693.125
99306,1251.25,-2646.875,-2113.125
99306,1251.25,-2646.875,-2113.125
99316,1824.375,-2782.5,-2196.25
99316,1824.375,-2782.5,-2196.25
99327,1828.75,-2642.5,-2126.25
99327,1828.75,-2642.5,-2126.25
99337,1356.25,-2467.5,-1995.0
99337,1356.25,-2467.5,-1995.0
99347,691.25,-2375.625,-1890.0
99347,691.25,-2375.625,-1890.0
99358,-39.375,-2384.375,-1706.25
99358,-39.375,-2384.375,-1706.25
99368,-949.375,-2585.625,-1802.5
99368,-949.375,-2585.625,-1802.5
99378,-1540.0,-2629.375,-2231.25
99378,-1540.0,-2629.375,-2231.25
99389,-1964.375,-2690.625,-2996.875
99389,-1964.375,-2690.625,-2996.875
99399,-2541.875,-3403.75,-4287.5
99399,-2541.875,-3403.75,-4287.5
99410,-2130.625,-4121.25,-5976.25
99410,-2130.625,-4121.25,-5976.25
99420,-1076.25,-4624.375,-8120.0
99420,-1076.25,-4624.375,-8120.0
99430,-796.25,-3946.25,-9506.875
99430,-796.25,-3946.25,-9506.875
99440,-3088.75,-1570.625,-9170.0
99440,-3088.75,-1570.625,-9170.0
99451,-4016.25,-1001.875,-11340.0
99451,-4016.25,-1001.875,-11340.0
99461,-2279.375,-2835.0,-16555.0
99461,-2279.375,-2835.0,-16555.0
99471,-7004.375,-7420.0,-18375.0
99471,-7004.375,-7420.0,-18375.0
99482,-9436.875,-11860.625,-24556.875
99482,-9436.875,-11860.625,-24556.875
99492,-10990.0,-18510.625,-29526.875
99492,-10990.0,-18510.625,-29526.875
99502,-10985.625,-24403.75,-35743.75
99502,-10985.625,-24403.75,-35743.75
99512,-19040.0,-33722.5,-31241.875
99512,-19040.0,-33722.5,-31241.875
99523,-30870.0,-56892.5,-15233.75
99523,-30870.0,-56892.5,-15233.75
99534,-26464.375,-78837.5,-11860.625
99534,-26464.375,-78837.5,-11860.625
99543,2585.625,-72380.0,-38959.375
99543,2585.625,-72380.0,-38959.375
99554,18816.875,-65817.5,-58454.375
99554,18816.875,-65817.5,-58454.375
99564,69658.75,-13916.875,-127951.25
99564,69658.75,-13916.875,-127951.25
99575,74270.0,-54241.25,-85855.0
99575,74270.0,-54241.25,-85855.0
99585,27378.75,-59066.875,-49437.5
99585,27378.75,-59066.875,-49437.5
99595,34006.875,-46991.875,-55300.0
99595,34006.875,-46991.875,-55300.0
99605,34343.75,-53125.625,-44156.875
99605,34343.75,-53125.625,-44156.875
99615,20055.0,-53095.0,-30900.625
99615,20055.0,-53095.0,-30900.625
99626,12643.75,-54630.625,-31876.25
99626,12643.75,-54630.625,-31876.25
99636,17058.125,-56809.375,-32991.875
99636,17058.125,-56809.375,-32991.875
99646,21910.0,-69024.375,-22990.625
99646,21910.0,-69024.375,-22990.625
99657,66185.0,-99233.75,-31937.5
99657,66185.0,-99233.75,-31937.5
99667,46668.125,-108220.0,-90969.375
99667,46668.125,-108220.0,-90969.375
99677,29347.5,-134736.875,-91743.75
99677,29347.5,-134736.875,-91743.75
99687,47289.375,-143355.625,-70131.25
99687,47289.375,-143355.625,-70131.25
99698,33162.5,-142410.625,-71268.75
99698,33162.5,-142410.625,-71268.75
99709,11611.25,-133840.0,-62658.75
99709,11611.25,-133840.0,-62658.75
99719,7879.375,-126157.5,-39650.625
99719,7879.375,-126157.5,-39650.625
99729,9467.5,-118015.625,-32265.625
99729,9467.5,-118015.625,-32265.625
99739,11143.125,-111921.25,-50382.5
99739,11143.125,-111921.25,-50382.5
99750,15955.625,-114458.75,-70608.125
99750,15955.625,-114458.75,-70608.125
99760,21192.5,-121205.0,-78211.875
99760,21192.5,-121205.0,-78211.875
99769,25296.25,-124311.25,-81838.75
99769,25296.25,-124311.25,-81838.75
99781,26875.625,-127806.875,-85400.0
99781,26875.625,-127806.875,-85400.0
99791,24950.625,-133590.625,-87605.0
99791,24950.625,-133590.625,-87605.0
99802,27107.5,-134575.0,-86568.125
99802,27107.5,-134575.0,-86568.125
99812,31963.75,-129937.5,-90006.875
99812,31963.75,-129937.5,-90006.875
99822,42437.5,-128576.875,-103696.25
99822,42437.5,-128576.875,-103696.25
99832,63266.875,-133726.25,-124136.25
99832,63266.875,-133726.25,-124136.25
99843,73976.875,-134365.0,-143355.625
99843,73976.875,-134365.0,-143355.625
99853,-5153.75,-138858.125,-100922.5
99853,-5153.75,-138858.125,-100922.5
99863,-143360.0,-143355.625,124530.0
99863,-143360.0,-143355.625,124530.0
99874,-57658.125,-143355.625,80281.25
99874,-57658.125,-143355.625,80281.25
99885,-14306.25,-143246.25,14236.25
99885,-14306.25,-143246.25,14236.25
99894,-21301.875,-143355.625,5162.5
99894,-21301.875,-143355.625,5162.5
99905,33569.375,-137396.875,14647.5
99905,33569.375,-137396.875,14647.5
99915,56249.375,-125033.125,38661.875
99915,56249.375,-125033.125,38661.875
99925,35809.375,-142336.25,30756.25
99925,35809.375,-142336.25,30756.25
99935,38395.0,-143355.625,-5731.25
99935,38395.0,-143355.625,-5731.25
99946,52180.625,-143075.625,-20973.75
99946,52180.625,-143075.625,-20973.75
99956,112783.125,-143298.75,-105205.625
99956,112783.125,-143298.75,-105205.625
99966,118181.875,-125308.75,-143355.625
99966,118181.875,-125308.75,-143355.625
99977,59521.875,-109812.5,-96035.625
99977,59521.875,-109812.5,-96035.625
99987,88235.0,-109361.875,-63376.25
99987,88235.0,-109361.875,-63376.25
99998,84210.0,-87390.625,-43526.875
99998,84210.0,-87390.625,-43526.875
