95329,382.8125,898.4375,257.8125,-31.25,-601.5625,828.125,312.5,-820.3125,515.625,609.375,-773.4375,148.4375,640.625,-687.5,359.375
95329,382.8125,898.4375,257.8125,-31.25,-601.5625,828.125,312.5,-820.3125,515.625,609.375,-773.4375,148.4375,640.625,-687.5,359.375
95337,382.8125,890.625,250.0,-31.25,-601.5625,828.125,312.5,-812.5,515.625,609.375,-773.4375,148.4375,632.8125,-687.5,351.5625
95337,382.8125,890.625,250.0,-31.25,-601.5625,828.125,312.5,-812.5,515.625,609.375,-773.4375,148.4375,632.8125,-687.5,351.5625
95337,390.625,890.625,265.625,-31.25,-601.5625,828.125,312.5,-812.5,523.4375,601.5625,-773.4375,156.25,640.625,-679.6875,343.75
95337,390.625,890.625,265.625,-31.25,-601.5625,828.125,312.5,-812.5,523.4375,601.5625,-773.4375,156.25,640.625,-679.6875,343.75
95345,390.625,890.625,250.0,-31.25,-601.5625,835.9375,312.5,-812.5,523.4375,609.375,-773.4375,148.4375,640.625,-687.5,328.125
95345,390.625,890.625,250.0,-31.25,-601.5625,835.9375,312.5,-812.5,523.4375,609.375,-773.4375,148.4375,640.625,-687.5,328.125
95490,382.8125,890.625,265.625,-39.0625,-609.375,820.3125,312.5,-820.3125,515.625,609.375,-781.25,148.4375,640.625,-687.5,351.5625
95490,382.8125,890.625,265.625,-39.0625,-609.375,820.3125,312.5,-820.3125,515.625,609.375,-781.25,148.4375,640.625,-687.5,351.5625
95498,390.625,890.625,265.625,-39.0625,-617.1875,812.5,320.3125,-820.3125,515.625,609.375,-781.25,148.4375,632.8125,-687.5,351.5625
95498,390.625,890.625,265.625,-39.0625,-617.1875,812.5,320.3125,-820.3125,515.625,609.375,-781.25,148.4375,632.8125,-687.5,351.5625
95498,382.8125,882.8125,265.625,-39.0625,-617.1875,820.3125,320.3125,-820.3125,515.625,609.375,-773.4375,148.4375,632.8125,-695.3125,343.75
95498,382.8125,882.8125,265.625,-39.0625,-617.1875,820.3125,320.3125,-820.3125,515.625,609.375,-773.4375,148.4375,632.8125,-695.3125,343.75
95506,382.8125,890.625,273.4375,-31.25,-609.375,828.125,320.3125,-828.125,515.625,609.375,-773.4375,148.4375,640.625,-687.5,343.75
95506,382.8125,890.625,273.4375,-31.25,-609.375,828.125,320.3125,-828.125,515.625,609.375,-773.4375,148.4375,640.625,-687.5,343.75
95652,390.625,890.625,257.8125,-31.25,-593.75,828.125,312.5,-812.5,515.625,609.375,-773.4375,148.4375,640.625,-687.5,343.75
95652,390.625,890.625,257.8125,-31.25,-593.75,828.125,312.5,-812.5,515.625,609.375,-773.4375,148.4375,640.625,-687.5,343.75
95659,382.8125,890.625,257.8125,-23.4375,-593.75,828.125,320.3125,-804.6875,523.4375,617.1875,-773.4375,156.25,640.625,-687.5,343.75
95659,382.8125,890.625,257.8125,-23.4375,-593.75,828.125,320.3125,-804.6875,523.4375,617.1875,-773.4375,156.25,640.625,-687.5,343.75
95660,390.625,890.625,257.8125,-31.25,-601.5625,828.125,328.125,-812.5,523.4375,617.1875,-773.4375,156.25,640.625,-687.5,343.75
95660,390.625,890.625,257.8125,-31.25,-601.5625,828.125,328.125,-812.5,523.4375,617.1875,-773.4375,156.25,640.625,-687.5,343.75
95668,390.625,890.625,265.625,-31.25,-601.5625,835.9375,320.3125,-812.5,523.4375,617.1875,-781.25,156.25,648.4375,-679.6875,335.9375
95668,390.625,890.625,265.625,-31.25,-601.5625,835.9375,320.3125,-812.5,523.4375,617.1875,-781.25,156.25,648.4375,-679.6875,335.9375
95796,390.625,906.25,257.8125,-23.4375,-601.5625,828.125,320.3125,-812.5,515.625,609.375,-773.4375,156.25,632.8125,-687.5,343.75
95796,390.625,906.25,257.8125,-23.4375,-601.5625,828.125,320.3125,-812.5,515.625,609.375,-773.4375,156.25,632.8125,-687.5,343.75
95797,390.625,898.4375,257.8125,-31.25,-601.5625,828.125,320.3125,-812.5,515.625,601.5625,-773.4375,148.4375,632.8125,-687.5,335.9375
95797,390.625,898.4375,257.8125,-31.25,-601.5625,828.125,320.3125,-812.5,515.625,601.5625,-773.4375,148.4375,632.8125,-687.5,335.9375
95805,390.625,906.25,257.8125,-23.4375,-593.75,828.125,320.3125,-812.5,507.8125,601.5625,-773.4375,148.4375,632.8125,-679.6875,335.9375
95805,390.625,906.25,257.8125,-23.4375,-593.75,828.125,320.3125,-812.5,507.8125,601.5625,-773.4375,148.4375,632.8125,-679.6875,335.9375
95805,398.4375,898.4375,265.625,-31.25,-593.75,835.9375,320.3125,-804.6875,515.625,601.5625,-773.4375,148.4375,640.625,-679.6875,343.75
95805,398.4375,898.4375,265.625,-31.25,-593.75,835.9375,320.3125,-804.6875,515.625,601.5625,-773.4375,148.4375,640.625,-679.6875,343.75
95958,390.625,898.4375,257.8125,-23.4375,-609.375,828.125,320.3125,-828.125,523.4375,609.375,-773.4375,148.4375,640.625,-679.6875,343.75
95958,390.625,898.4375,257.8125,-23.4375,-609.375,828.125,320.3125,-828.125,523.4375,609.375,-773.4375,148.4375,640.625,-679.6875,343.75
95958,390.625,898.4375,265.625,-31.25,-601.5625,835.9375,320.3125,-812.5,523.4375,617.1875,-781.25,148.4375,648.4375,-687.5,359.375
95958,390.625,898.4375,265.625,-31.25,-601.5625,835.9375,320.3125,-812.5,523.4375,617.1875,-781.25,148.4375,648.4375,-687.5,359.375
95966,382.8125,890.625,265.625,-31.25,-601.5625,828.125,320.3125,-820.3125,523.4375,609.375,-781.25,148.4375,640.625,-687.5,343.75
95966,382.8125,890.625,265.625,-31.25,-601.5625,828.125,320.3125,-820.3125,523.4375,609.375,-781.25,148.4375,640.625,-687.5,343.75
95966,390.625,898.4375,257.8125,-31.25,-601.5625,828.125,328.125,-828.125,515.625,617.1875,-773.4375,148.4375,640.625,-687.5,343.75
95966,390.625,898.4375,257.8125,-31.25,-601.5625,828.125,328.125,-828.125,515.625,617.1875,-773.4375,148.4375,640.625,-687.5,343.75
96119,382.8125,898.4375,250.0,-31.25,-601.5625,828.125,320.3125,-820.3125,515.625,609.375,-781.25,148.4375,640.625,-695.3125,343.75
96119,382.8125,898.4375,250.0,-31.25,-601.5625,828.125,320.3125,-820.3125,515.625,609.375,-781.25,148.4375,640.625,-695.3125,343.75
96119,390.625,898.4375,257.8125,-31.25,-601.5625,828.125,312.5,-812.5,523.4375,609.375,-789.0625,148.4375,648.4375,-695.3125,351.5625
96119,390.625,898.4375,257.8125,-31.25,-601.5625,828.125,312.5,-812.5,523.4375,609.375,-789.0625,148.4375,648.4375,-695.3125,351.5625
96127,382.8125,898.4375,257.8125,-39.0625,-601.5625,820.3125,320.3125,-820.3125,515.625,617.1875,-781.25,148.4375,640.625,-687.5,351.5625
96127,382.8125,898.4375,257.8125,-39.0625,-601.5625,820.3125,320.3125,-820.3125,515.625,617.1875,-781.25,148.4375,640.625,-687.5,351.5625
96128,375.0,890.625,257.8125,-39.0625,-609.375,820.3125,328.125,-820.3125,523.4375,609.375,-781.25,140.625,648.4375,-695.3125,351.5625
96128,375.0,890.625,257.8125,-39.0625,-609.375,820.3125,328.125,-820.3125,523.4375,609.375,-781.25,140.625,648.4375,-695.3125,351.5625
96281,382.8125,898.4375,257.8125,-23.4375,-593.75,835.9375,312.5,-812.5,523.4375,601.5625,-781.25,140.625,640.625,-695.3125,351.5625
96281,382.8125,898.4375,257.8125,-23.4375,-593.75,835.9375,312.5,-812.5,523.4375,601.5625,-781.25,140.625,640.625,-695.3125,351.5625
96281,375.0,898.4375,250.0,-31.25,-593.75,828.125,320.3125,-812.5,515.625,601.5625,-781.25,148.4375,640.625,-687.5,335.9375
96281,375.0,898.4375,250.0,-31.25,-593.75,828.125,320.3125,-812.5,515.625,601.5625,-781.25,148.4375,640.625,-687.5,335.9375
96289,375.0,890.625,250.0,-23.4375,-593.75,835.9375,312.5,-812.5,523.4375,593.75,-781.25,148.4375,632.8125,-695.3125,335.9375
96289,375.0,890.625,250.0,-23.4375,-593.75,835.9375,312.5,-812.5,523.4375,593.75,-781.25,148.4375,632.8125,-695.3125,335.9375
96289,375.0,890.625,265.625,-31.25,-601.5625,820.3125,312.5,-804.6875,523.4375,593.75,-781.25,148.4375,632.8125,-687.5,335.9375
96289,375.0,890.625,265.625,-31.25,-601.5625,820.3125,312.5,-804.6875,523.4375,593.75,-781.25,148.4375,632.8125,-687.5,335.9375
96442,367.1875,906.25,250.0,-46.875,-585.9375,828.125,312.5,-804.6875,523.4375,585.9375,-781.25,148.4375,617.1875,-687.5,335.9375
96442,367.1875,906.25,250.0,-46.875,-585.9375,828.125,312.5,-804.6875,523.4375,585.9375,-781.25,148.4375,617.1875,-687.5,335.9375
96442,375.0,906.25,250.0,-39.0625,-585.9375,828.125,304.6875,-812.5,523.4375,585.9375,-789.0625,148.4375,625.0,-695.3125,343.75
96442,375.0,906.25,250.0,-39.0625,-585.9375,828.125,304.6875,-812.5,523.4375,585.9375,-789.0625,148.4375,625.0,-695.3125,343.75
96451,375.0,890.625,242.1875,-39.0625,-585.9375,828.125,312.5,-804.6875,523.4375,593.75,-781.25,148.4375,632.8125,-695.3125,343.75
96451,375.0,890.625,242.1875,-39.0625,-585.9375,828.125,312.5,-804.6875,523.4375,593.75,-781.25,148.4375,632.8125,-695.3125,343.75
96451,375.0,898.4375,257.8125,-31.25,-593.75,828.125,312.5,-804.6875,523.4375,593.75,-781.25,148.4375,617.1875,-695.3125,351.5625
96451,375.0,898.4375,257.8125,-31.25,-593.75,828.125,312.5,-804.6875,523.4375,593.75,-781.25,148.4375,617.1875,-695.3125,351.5625
96603,453.125,914.0625,171.875,-15.625,-570.3125,906.25,367.1875,-781.25,593.75,664.0625,-773.4375,187.5,718.75,-703.125,468.75
96603,453.125,914.0625,171.875,-15.625,-570.3125,906.25,367.1875,-781.25,593.75,664.0625,-773.4375,187.5,718.75,-703.125,468.75
96603,468.75,906.25,171.875,-39.0625,-554.6875,898.4375,351.5625,-796.875,585.9375,656.25,-773.4375,187.5,726.5625,-726.5625,484.375
96603,468.75,906.25,171.875,-39.0625,-554.6875,898.4375,351.5625,-796.875,585.9375,656.25,-773.4375,187.5,726.5625,-726.5625,484.375
96612,484.375,937.5,187.5,-46.875,-539.0625,890.625,335.9375,-812.5,609.375,726.5625,-812.5,273.4375,742.1875,-632.8125,460.9375
96612,484.375,937.5,187.5,-46.875,-539.0625,890.625,335.9375,-812.5,609.375,726.5625,-812.5,273.4375,742.1875,-632.8125,460.9375
96612,617.1875,937.5,156.25,23.4375,-546.875,968.75,328.125,-843.75,585.9375,710.9375,-789.0625,289.0625,703.125,-578.125,390.625
96612,617.1875,937.5,156.25,23.4375,-546.875,968.75,328.125,-843.75,585.9375,710.9375,-789.0625,289.0625,703.125,-578.125,390.625
96765,414.0625,1101.5625,335.9375,-62.5,-882.8125,1125.0,460.9375,-1039.0625,882.8125,953.125,-1054.6875,421.875,953.125,-984.375,695.3125
96765,414.0625,1101.5625,335.9375,-62.5,-882.8125,1125.0,460.9375,-1039.0625,882.8125,953.125,-1054.6875,421.875,953.125,-984.375,695.3125
96765,406.25,1125.0,351.5625,-70.3125,-843.75,1148.4375,429.6875,-1148.4375,851.5625,921.875,-1062.5,406.25,945.3125,-976.5625,648.4375
96765,406.25,1125.0,351.5625,-70.3125,-843.75,1148.4375,429.6875,-1148.4375,851.5625,921.875,-1062.5,406.25,945.3125,-976.5625,648.4375
96773,406.25,1164.0625,375.0,-78.125,-859.375,1132.8125,437.5,-1195.3125,812.5,921.875,-1070.3125,375.0,937.5,-937.5,617.1875
96773,406.25,1164.0625,375.0,-78.125,-859.375,1132.8125,437.5,-1195.3125,812.5,921.875,-1070.3125,375.0,937.5,-937.5,617.1875
96773,390.625,1156.25,390.625,-78.125,-843.75,1109.375,406.25,-1187.5,765.625,914.0625,-1085.9375,343.75,929.6875,-929.6875,585.9375
96773,390.625,1156.25,390.625,-78.125,-843.75,1109.375,406.25,-1187.5,765.625,914.0625,-1085.9375,343.75,929.6875,-929.6875,585.9375
96926,-15.625,1445.3125,375.0,343.75,-1398.4375,843.75,578.125,-1539.0625,468.75,953.125,-1398.4375,-234.375,921.875,-1187.5,179.6875
96926,-15.625,1445.3125,375.0,343.75,-1398.4375,843.75,578.125,-1539.0625,468.75,953.125,-1398.4375,-234.375,921.875,-1187.5,179.6875
96926,109.375,1523.4375,515.625,343.75,-1460.9375,718.75,570.3125,-1453.125,367.1875,914.0625,-1218.75,-273.4375,890.625,-1257.8125,117.1875
96926,109.375,1523.4375,515.625,343.75,-1460.9375,718.75,570.3125,-1453.125,367.1875,914.0625,-1218.75,-273.4375,890.625,-1257.8125,117.1875
96934,281.25,1570.3125,703.125,320.3125,-1328.125,632.8125,546.875,-1367.1875,273.4375,867.1875,-1109.375,-367.1875,804.6875,-1179.6875,-7.8125
96934,281.25,1570.3125,703.125,320.3125,-1328.125,632.8125,546.875,-1367.1875,273.4375,867.1875,-1109.375,-367.1875,804.6875,-1179.6875,-7.8125
96934,468.75,1570.3125,859.375,320.3125,-1281.25,554.6875,546.875,-1281.25,179.6875,773.4375,-1031.25,-437.5,734.375,-1125.0,-117.1875
96934,468.75,1570.3125,859.375,320.3125,-1281.25,554.6875,546.875,-1281.25,179.6875,773.4375,-1031.25,-437.5,734.375,-1125.0,-117.1875
97087,-539.0625,-218.75,-101.5625,-562.5,226.5625,-70.3125,-445.3125,179.6875,179.6875,-289.0625,-85.9375,312.5,-31.25,-7.8125,445.3125
97087,-539.0625,-218.75,-101.5625,-562.5,226.5625,-70.3125,-445.3125,179.6875,179.6875,-289.0625,-85.9375,312.5,-31.25,-7.8125,445.3125
97087,-546.875,-187.5,-101.5625,-523.4375,351.5625,-15.625,-398.4375,265.625,218.75,-250.0,-62.5,398.4375,-46.875,-23.4375,500.0
97087,-546.875,-187.5,-101.5625,-523.4375,351.5625,-15.625,-398.4375,265.625,218.75,-250.0,-62.5,398.4375,-46.875,-23.4375,500.0
97095,-562.5,-195.3125,-70.3125,-484.375,492.1875,62.5,-390.625,359.375,304.6875,-234.375,15.625,453.125,-132.8125,-7.8125,593.75
97095,-562.5,-195.3125,-70.3125,-484.375,492.1875,62.5,-390.625,359.375,304.6875,-234.375,15.625,453.125,-132.8125,-7.8125,593.75
97096,-578.125,-187.5,-132.8125,-539.0625,515.625,70.3125,-382.8125,437.5,367.1875,-296.875,78.125,531.25,-171.875,78.125,570.3125
97096,-578.125,-187.5,-132.8125,-539.0625,515.625,70.3125,-382.8125,437.5,367.1875,-296.875,78.125,531.25,-171.875,78.125,570.3125
97410,4000.0,3992.1875,3992.1875,-54.6875,-3992.1875,1187.5,-906.25,-3992.1875,-3148.4375,-375.0,-3992.1875,-4000.0,-3992.1875,-3992.1875,-4000.0
97410,4000.0,3992.1875,3992.1875,-54.6875,-3992.1875,1187.5,-906.25,-3992.1875,-3148.4375,-375.0,-3992.1875,-4000.0,-3992.1875,-3992.1875,-4000.0
97410,4000.0,3992.1875,2593.75,2265.625,-3992.1875,3281.25,1734.375,-3992.1875,-2328.125,-2070.3125,-3992.1875,-4000.0,-2273.4375,312.5,-1195.3125
97410,4000.0,3992.1875,2593.75,2265.625,-3992.1875,3281.25,1734.375,-3992.1875,-2328.125,-2070.3125,-3992.1875,-4000.0,-2273.4375,312.5,-1195.3125
97418,539.0625,3992.1875,-531.25,1132.8125,-3992.1875,2515.625,1289.0625,-2117.1875,-484.375,-468.75,-453.125,-1734.375,-820.3125,-1078.125,-1328.125
97418,539.0625,3992.1875,-531.25,1132.8125,-3992.1875,2515.625,1289.0625,-2117.1875,-484.375,-468.75,-453.125,-1734.375,-820.3125,-1078.125,-1328.125
97418,-492.1875,3601.5625,539.0625,453.125,-3203.125,859.375,992.1875,-1281.25,164.0625,820.3125,-679.6875,-1421.875,-1445.3125,-1992.1875,-2273.4375
97418,-492.1875,3601.5625,539.0625,453.125,-3203.125,859.375,992.1875,-1281.25,164.0625,820.3125,-679.6875,-1421.875,-1445.3125,-1992.1875,-2273.4375
97572,39.0625,804.6875,570.3125,-109.375,-1218.75,62.5,-140.625,-1140.625,-296.875,-156.25,-976.5625,-593.75,-351.5625,-1023.4375,-343.75
97572,39.0625,804.6875,570.3125,-109.375,-1218.75,62.5,-140.625,-1140.625,-296.875,-156.25,-976.5625,-593.75,-351.5625,-1023.4375,-343.75
97572,54.6875,781.25,593.75,-101.5625,-1210.9375,39.0625,-164.0625,-1125.0,-320.3125,-187.5,-960.9375,-593.75,-335.9375,-984.375,-375.0
97572,54.6875,781.25,593.75,-101.5625,-1210.9375,39.0625,-164.0625,-1125.0,-320.3125,-187.5,-960.9375,-593.75,-335.9375,-984.375,-375.0
97580,70.3125,789.0625,609.375,-85.9375,-1164.0625,31.25,-171.875,-1078.125,-328.125,-179.6875,-921.875,-609.375,-312.5,-921.875,-437.5
97580,70.3125,789.0625,609.375,-85.9375,-1164.0625,31.25,-171.875,-1078.125,-328.125,-179.6875,-921.875,-609.375,-312.5,-921.875,-437.5
97580,93.75,812.5,632.8125,-78.125,-1125.0,39.0625,-171.875,-1054.6875,-335.9375,-234.375,-882.8125,-625.0,-335.9375,-890.625,-468.75
97580,93.75,812.5,632.8125,-78.125,-1125.0,39.0625,-171.875,-1054.6875,-335.9375,-234.375,-882.8125,-625.0,-335.9375,-890.625,-468.75
97652,101.5625,859.375,515.625,-156.25,-945.3125,78.125,-164.0625,-929.6875,-250.0,-210.9375,-773.4375,-539.0625,-335.9375,-804.6875,-437.5
97652,101.5625,859.375,515.625,-156.25,-945.3125,78.125,-164.0625,-929.6875,-250.0,-210.9375,-773.4375,-539.0625,-335.9375,-804.6875,-437.5
97652,85.9375,835.9375,500.0,-164.0625,-953.125,70.3125,-164.0625,-921.875,-234.375,-195.3125,-765.625,-523.4375,-312.5,-796.875,-437.5
97652,85.9375,835.9375,500.0,-164.0625,-953.125,70.3125,-164.0625,-921.875,-234.375,-195.3125,-765.625,-523.4375,-312.5,-796.875,-437.5
97660,85.9375,843.75,500.0,-164.0625,-953.125,78.125,-156.25,-914.0625,-234.375,-203.125,-757.8125,-523.4375,-320.3125,-789.0625,-429.6875
97660,85.9375,843.75,500.0,-164.0625,-953.125,78.125,-156.25,-914.0625,-234.375,-203.125,-757.8125,-523.4375,-320.3125,-789.0625,-429.6875
97661,85.9375,828.125,500.0,-171.875,-937.5,70.3125,-171.875,-914.0625,-226.5625,-203.125,-765.625,-515.625,-328.125,-789.0625,-414.0625
97661,85.9375,828.125,500.0,-171.875,-937.5,70.3125,-171.875,-914.0625,-226.5625,-203.125,-765.625,-515.625,-328.125,-789.0625,-414.0625
97733,70.3125,804.6875,531.25,-203.125,-968.75,23.4375,-210.9375,-921.875,-218.75,-226.5625,-796.875,-500.0,-328.125,-804.6875,-382.8125
97733,70.3125,804.6875,531.25,-203.125,-968.75,23.4375,-210.9375,-921.875,-218.75,-226.5625,-796.875,-500.0,-328.125,-804.6875,-382.8125
97733,62.5,804.6875,539.0625,-195.3125,-976.5625,23.4375,-210.9375,-929.6875,-218.75,-218.75,-789.0625,-507.8125,-320.3125,-812.5,-398.4375
97733,62.5,804.6875,539.0625,-195.3125,-976.5625,23.4375,-210.9375,-929.6875,-218.75,-218.75,-789.0625,-507.8125,-320.3125,-812.5,-398.4375
97740,70.3125,796.875,531.25,-187.5,-984.375,31.25,-218.75,-929.6875,-226.5625,-218.75,-796.875,-515.625,-320.3125,-812.5,-390.625
97740,70.3125,796.875,531.25,-187.5,-984.375,31.25,-218.75,-929.6875,-226.5625,-218.75,-796.875,-515.625,-320.3125,-812.5,-390.625
97740,62.5,796.875,539.0625,-195.3125,-968.75,31.25,-203.125,-929.6875,-226.5625,-203.125,-804.6875,-507.8125,-312.5,-820.3125,-390.625
97740,62.5,796.875,539.0625,-195.3125,-968.75,31.25,-203.125,-929.6875,-226.5625,-203.125,-804.6875,-507.8125,-312.5,-820.3125,-390.625
97813,85.9375,890.625,546.875,-187.5,-1023.4375,78.125,-179.6875,-992.1875,-234.375,-210.9375,-851.5625,-546.875,-351.5625,-867.1875,-429.6875
97813,85.9375,890.625,546.875,-187.5,-1023.4375,78.125,-179.6875,-992.1875,-234.375,-210.9375,-851.5625,-546.875,-351.5625,-867.1875,-429.6875
97814,85.9375,875.0,554.6875,-179.6875,-1023.4375,78.125,-187.5,-1000.0,-226.5625,-203.125,-859.375,-539.0625,-343.75,-875.0,-429.6875
97814,85.9375,875.0,554.6875,-179.6875,-1023.4375,78.125,-187.5,-1000.0,-226.5625,-203.125,-859.375,-539.0625,-343.75,-875.0,-429.6875
97822,85.9375,875.0,562.5,-195.3125,-1031.25,78.125,-187.5,-1000.0,-226.5625,-195.3125,-859.375,-531.25,-343.75,-875.0,-421.875
97822,85.9375,875.0,562.5,-195.3125,-1031.25,78.125,-187.5,-1000.0,-226.5625,-195.3125,-859.375,-531.25,-343.75,-875.0,-421.875
97822,78.125,875.0,562.5,-187.5,-1039.0625,62.5,-179.6875,-1000.0,-234.375,-195.3125,-859.375,-539.0625,-343.75,-875.0,-421.875
97822,78.125,875.0,562.5,-187.5,-1039.0625,62.5,-179.6875,-1000.0,-234.375,-195.3125,-859.375,-539.0625,-343.75,-875.0,-421.875
97894,70.3125,820.3125,578.125,-195.3125,-1031.25,15.625,-234.375,-984.375,-242.1875,-210.9375,-843.75,-539.0625,-343.75,-867.1875,-421.875
97894,70.3125,820.3125,578.125,-195.3125,-1031.25,15.625,-234.375,-984.375,-242.1875,-210.9375,-843.75,-539.0625,-343.75,-867.1875,-421.875
97894,78.125,804.6875,585.9375,-187.5,-1031.25,23.4375,-210.9375,-984.375,-250.0,-210.9375,-851.5625,-539.0625,-343.75,-867.1875,-421.875
97894,78.125,804.6875,585.9375,-187.5,-1031.25,23.4375,-210.9375,-984.375,-250.0,-210.9375,-851.5625,-539.0625,-343.75,-867.1875,-421.875
97903,85.9375,820.3125,585.9375,-187.5,-1023.4375,31.25,-218.75,-984.375,-242.1875,-210.9375,-843.75,-546.875,-343.75,-867.1875,-437.5
97903,85.9375,820.3125,585.9375,-187.5,-1023.4375,31.25,-218.75,-984.375,-242.1875,-210.9375,-843.75,-546.875,-343.75,-867.1875,-437.5
97903,85.9375,835.9375,585.9375,-187.5,-1031.25,39.0625,-210.9375,-984.375,-250.0,-210.9375,-843.75,-546.875,-343.75,-867.1875,-421.875
97903,85.9375,835.9375,585.9375,-187.5,-1031.25,39.0625,-210.9375,-984.375,-250.0,-210.9375,-843.75,-546.875,-343.75,-867.1875,-421.875
98055,70.3125,820.3125,562.5,-187.5,-992.1875,39.0625,-203.125,-953.125,-218.75,-187.5,-820.3125,-523.4375,-312.5,-851.5625,-390.625
98055,70.3125,820.3125,562.5,-187.5,-992.1875,39.0625,-203.125,-953.125,-218.75,-187.5,-820.3125,-523.4375,-312.5,-851.5625,-390.625
98055,70.3125,804.6875,562.5,-179.6875,-992.1875,39.0625,-203.125,-953.125,-218.75,-187.5,-820.3125,-523.4375,-320.3125,-843.75,-406.25
98055,70.3125,804.6875,562.5,-179.6875,-992.1875,39.0625,-203.125,-953.125,-218.75,-187.5,-820.3125,-523.4375,-320.3125,-843.75,-406.25
98064,54.6875,796.875,554.6875,-179.6875,-984.375,39.0625,-203.125,-960.9375,-226.5625,-179.6875,-828.125,-507.8125,-328.125,-851.5625,-398.4375
98064,54.6875,796.875,554.6875,-179.6875,-984.375,39.0625,-203.125,-960.9375,-226.5625,-179.6875,-828.125,-507.8125,-328.125,-851.5625,-398.4375
98064,62.5,789.0625,570.3125,-179.6875,-984.375,39.0625,-195.3125,-945.3125,-218.75,-187.5,-820.3125,-523.4375,-320.3125,-843.75,-406.25
98064,62.5,789.0625,570.3125,-179.6875,-984.375,39.0625,-195.3125,-945.3125,-218.75,-187.5,-820.3125,-523.4375,-320.3125,-843.75,-406.25
98217,70.3125,828.125,585.9375,-195.3125,-1023.4375,23.4375,-218.75,-976.5625,-226.5625,-195.3125,-843.75,-523.4375,-328.125,-867.1875,-398.4375
98217,70.3125,828.125,585.9375,-195.3125,-1023.4375,23.4375,-218.75,-976.5625,-226.5625,-195.3125,-843.75,-523.4375,-328.125,-867.1875,-398.4375
98217,70.3125,820.3125,585.9375,-187.5,-1023.4375,23.4375,-218.75,-976.5625,-226.5625,-195.3125,-843.75,-515.625,-343.75,-867.1875,-406.25
98217,70.3125,820.3125,585.9375,-187.5,-1023.4375,23.4375,-218.75,-976.5625,-226.5625,-195.3125,-843.75,-515.625,-343.75,-867.1875,-406.25
98225,70.3125,828.125,585.9375,-203.125,-1015.625,23.4375,-226.5625,-976.5625,-226.5625,-210.9375,-851.5625,-523.4375,-335.9375,-867.1875,-398.4375
98225,70.3125,828.125,585.9375,-203.125,-1015.625,23.4375,-226.5625,-976.5625,-226.5625,-210.9375,-851.5625,-523.4375,-335.9375,-867.1875,-398.4375
98225,62.5,828.125,593.75,-195.3125,-1007.8125,31.25,-218.75,-968.75,-218.75,-203.125,-843.75,-523.4375,-343.75,-859.375,-406.25
98225,62.5,828.125,593.75,-195.3125,-1007.8125,31.25,-218.75,-968.75,-218.75,-203.125,-843.75,-523.4375,-343.75,-859.375,-406.25
98378,54.6875,820.3125,593.75,-203.125,-1000.0,15.625,-234.375,-968.75,-218.75,-195.3125,-835.9375,-515.625,-335.9375,-859.375,-398.4375
98378,54.6875,820.3125,593.75,-203.125,-1000.0,15.625,-234.375,-968.75,-218.75,-195.3125,-835.9375,-515.625,-335.9375,-859.375,-398.4375
98378,54.6875,820.3125,585.9375,-195.3125,-1000.0,15.625,-226.5625,-968.75,-218.75,-203.125,-835.9375,-515.625,-343.75,-859.375,-398.4375
98378,54.6875,820.3125,585.9375,-195.3125,-1000.0,15.625,-226.5625,-968.75,-218.75,-203.125,-835.9375,-515.625,-343.75,-859.375,-398.4375
98386,54.6875,812.5,585.9375,-195.3125,-992.1875,39.0625,-218.75,-960.9375,-210.9375,-195.3125,-835.9375,-515.625,-335.9375,-859.375,-406.25
98386,54.6875,812.5,585.9375,-195.3125,-992.1875,39.0625,-218.75,-960.9375,-210.9375,-195.3125,-835.9375,-515.625,-335.9375,-859.375,-406.25
98386,54.6875,812.5,593.75,-187.5,-992.1875,39.0625,-210.9375,-960.9375,-218.75,-195.3125,-843.75,-523.4375,-335.9375,-859.375,-406.25
98386,54.6875,812.5,593.75,-187.5,-992.1875,39.0625,-210.9375,-960.9375,-218.75,-195.3125,-843.75,-523.4375,-335.9375,-859.375,-406.25
