131583,179.6875,789.0625,593.75,7.8125,-835.9375,593.75,468.75,-875.0,171.875,578.125,-789.0625,-164.0625,695.3125,-710.9375,-23.4375
131583,179.6875,789.0625,593.75,7.8125,-835.9375,593.75,468.75,-875.0,171.875,578.125,-789.0625,-164.0625,695.3125,-710.9375,-23.4375
131583,171.875,781.25,593.75,7.8125,-835.9375,585.9375,468.75,-875.0,164.0625,570.3125,-789.0625,-156.25,679.6875,-718.75,-15.625
131583,171.875,781.25,593.75,7.8125,-835.9375,585.9375,468.75,-875.0,164.0625,570.3125,-789.0625,-156.25,679.6875,-718.75,-15.625
131591,179.6875,789.0625,601.5625,15.625,-828.125,585.9375,468.75,-875.0,156.25,570.3125,-789.0625,-164.0625,687.5,-718.75,-7.8125
131591,179.6875,789.0625,601.5625,15.625,-828.125,585.9375,468.75,-875.0,156.25,570.3125,-789.0625,-164.0625,687.5,-718.75,-7.8125
131599,171.875,796.875,593.75,7.8125,-835.9375,593.75,468.75,-875.0,164.0625,570.3125,-796.875,-164.0625,687.5,-710.9375,-15.625
131599,171.875,796.875,593.75,7.8125,-835.9375,593.75,468.75,-875.0,164.0625,570.3125,-796.875,-164.0625,687.5,-710.9375,-15.625
131744,179.6875,796.875,585.9375,15.625,-828.125,601.5625,484.375,-875.0,171.875,570.3125,-789.0625,-156.25,687.5,-726.5625,-7.8125
131744,179.6875,796.875,585.9375,15.625,-828.125,601.5625,484.375,-875.0,171.875,570.3125,-789.0625,-156.25,687.5,-726.5625,-7.8125
131744,179.6875,804.6875,585.9375,15.625,-828.125,601.5625,476.5625,-875.0,171.875,570.3125,-789.0625,-156.25,687.5,-710.9375,-7.8125
131744,179.6875,804.6875,585.9375,15.625,-828.125,601.5625,476.5625,-875.0,171.875,570.3125,-789.0625,-156.25,687.5,-710.9375,-7.8125
131752,164.0625,796.875,578.125,15.625,-828.125,593.75,476.5625,-875.0,164.0625,578.125,-789.0625,-156.25,695.3125,-710.9375,-15.625
131752,164.0625,796.875,578.125,15.625,-828.125,593.75,476.5625,-875.0,164.0625,578.125,-789.0625,-156.25,695.3125,-710.9375,-15.625
131760,171.875,796.875,585.9375,7.8125,-843.75,585.9375,476.5625,-867.1875,171.875,570.3125,-796.875,-156.25,687.5,-710.9375,-7.8125
131760,171.875,796.875,585.9375,7.8125,-843.75,585.9375,476.5625,-867.1875,171.875,570.3125,-796.875,-156.25,687.5,-710.9375,-7.8125
131905,210.9375,882.8125,531.25,-15.625,-843.75,726.5625,515.625,-945.3125,273.4375,601.5625,-843.75,-93.75,750.0,-773.4375,101.5625
131905,210.9375,882.8125,531.25,-15.625,-843.75,726.5625,515.625,-945.3125,273.4375,601.5625,-843.75,-93.75,750.0,-773.4375,101.5625
131906,210.9375,890.625,546.875,-31.25,-828.125,734.375,492.1875,-929.6875,289.0625,656.25,-875.0,-78.125,742.1875,-796.875,117.1875
131906,210.9375,890.625,546.875,-31.25,-828.125,734.375,492.1875,-929.6875,289.0625,656.25,-875.0,-78.125,742.1875,-796.875,117.1875
131914,234.375,914.0625,539.0625,-31.25,-820.3125,742.1875,500.0,-921.875,296.875,640.625,-906.25,-78.125,734.375,-804.6875,93.75
131914,234.375,914.0625,539.0625,-31.25,-820.3125,742.1875,500.0,-921.875,296.875,640.625,-906.25,-78.125,734.375,-804.6875,93.75
131922,242.1875,914.0625,539.0625,-39.0625,-828.125,750.0,515.625,-937.5,304.6875,632.8125,-898.4375,-78.125,726.5625,-812.5,93.75
131922,242.1875,914.0625,539.0625,-39.0625,-828.125,750.0,515.625,-937.5,304.6875,632.8125,-898.4375,-78.125,726.5625,-812.5,93.75
132067,398.4375,976.5625,570.3125,-7.8125,-898.4375,828.125,640.625,-1007.8125,320.3125,757.8125,-945.3125,-140.625,906.25,-859.375,117.1875
132067,398.4375,976.5625,570.3125,-7.8125,-898.4375,828.125,640.625,-1007.8125,320.3125,757.8125,-945.3125,-140.625,906.25,-859.375,117.1875
132067,429.6875,1031.25,585.9375,39.0625,-953.125,851.5625,656.25,-1054.6875,296.875,765.625,-960.9375,-164.0625,906.25,-875.0,109.375
132067,429.6875,1031.25,585.9375,39.0625,-953.125,851.5625,656.25,-1054.6875,296.875,765.625,-960.9375,-164.0625,906.25,-875.0,109.375
132075,437.5,1039.0625,664.0625,70.3125,-1015.625,820.3125,695.3125,-1031.25,242.1875,789.0625,-992.1875,-195.3125,929.6875,-898.4375,101.5625
132075,437.5,1039.0625,664.0625,70.3125,-1015.625,820.3125,695.3125,-1031.25,242.1875,789.0625,-992.1875,-195.3125,929.6875,-898.4375,101.5625
132083,531.25,1031.25,648.4375,-46.875,-1046.875,851.5625,601.5625,-1078.125,265.625,804.6875,-968.75,-195.3125,937.5,-898.4375,78.125
132083,531.25,1031.25,648.4375,-46.875,-1046.875,851.5625,601.5625,-1078.125,265.625,804.6875,-968.75,-195.3125,937.5,-898.4375,78.125
132228,101.5625,1218.75,492.1875,320.3125,-1328.125,1593.75,906.25,-1703.125,742.1875,968.75,-1515.625,0.0,843.75,-1593.75,-23.4375
132228,101.5625,1218.75,492.1875,320.3125,-1328.125,1593.75,906.25,-1703.125,742.1875,968.75,-1515.625,0.0,843.75,-1593.75,-23.4375
132229,203.125,1093.75,546.875,242.1875,-1398.4375,1343.75,906.25,-1718.75,664.0625,960.9375,-1539.0625,-39.0625,781.25,-1617.1875,7.8125
132229,203.125,1093.75,546.875,242.1875,-1398.4375,1343.75,906.25,-1718.75,664.0625,960.9375,-1539.0625,-39.0625,781.25,-1617.1875,7.8125
132237,320.3125,1101.5625,539.0625,281.25,-1429.6875,1218.75,890.625,-1718.75,578.125,968.75,-1531.25,-85.9375,804.6875,-1554.6875,46.875
132237,320.3125,1101.5625,539.0625,281.25,-1429.6875,1218.75,890.625,-1718.75,578.125,968.75,-1531.25,-85.9375,804.6875,-1554.6875,46.875
132244,304.6875,1015.625,585.9375,312.5,-1429.6875,1125.0,851.5625,-1671.875,507.8125,953.125,-1515.625,-85.9375,867.1875,-1484.375,148.4375
132244,304.6875,1015.625,585.9375,312.5,-1429.6875,1125.0,851.5625,-1671.875,507.8125,953.125,-1515.625,-85.9375,867.1875,-1484.375,148.4375
132390,101.5625,-226.5625,187.5,-382.8125,-281.25,-406.25,-390.625,-242.1875,-273.4375,-375.0,-179.6875,-257.8125,-187.5,-203.125,-242.1875
132390,101.5625,-226.5625,187.5,-382.8125,-281.25,-406.25,-390.625,-242.1875,-273.4375,-375.0,-179.6875,-257.8125,-187.5,-203.125,-242.1875
132390,-46.875,-437.5,117.1875,-468.75,-164.0625,-359.375,-468.75,-195.3125,-203.125,-398.4375,-195.3125,-187.5,-304.6875,-257.8125,-226.5625
132390,-46.875,-437.5,117.1875,-468.75,-164.0625,-359.375,-468.75,-195.3125,-203.125,-398.4375,-195.3125,-187.5,-304.6875,-257.8125,-226.5625
132398,-156.25,-562.5,101.5625,-492.1875,-62.5,-296.875,-507.8125,-101.5625,-156.25,-382.8125,-187.5,-101.5625,-390.625,-242.1875,-187.5
132398,-156.25,-562.5,101.5625,-492.1875,-62.5,-296.875,-507.8125,-101.5625,-156.25,-382.8125,-187.5,-101.5625,-390.625,-242.1875,-187.5
132406,-257.8125,-554.6875,78.125,-539.0625,-39.0625,-265.625,-507.8125,-70.3125,-101.5625,-375.0,-125.0,-54.6875,-335.9375,-195.3125,-164.0625
132406,-257.8125,-554.6875,78.125,-539.0625,-39.0625,-265.625,-507.8125,-70.3125,-101.5625,-375.0,-125.0,-54.6875,-335.9375,-195.3125,-164.0625
132543,-843.75,-351.5625,-859.375,-453.125,1171.875,242.1875,-164.0625,1078.125,679.6875,-7.8125,617.1875,992.1875,70.3125,648.4375,703.125
132543,-843.75,-351.5625,-859.375,-453.125,1171.875,242.1875,-164.0625,1078.125,679.6875,-7.8125,617.1875,992.1875,70.3125,648.4375,703.125
132551,-835.9375,-273.4375,-890.625,-437.5,1218.75,273.4375,-171.875,1117.1875,671.875,-31.25,648.4375,1007.8125,117.1875,671.875,750.0
132551,-835.9375,-273.4375,-890.625,-437.5,1218.75,273.4375,-171.875,1117.1875,671.875,-31.25,648.4375,1007.8125,117.1875,671.875,750.0
132551,-828.125,-203.125,-921.875,-398.4375,1265.625,304.6875,-164.0625,1156.25,671.875,-23.4375,664.0625,1015.625,101.5625,695.3125,789.0625
132551,-828.125,-203.125,-921.875,-398.4375,1265.625,304.6875,-164.0625,1156.25,671.875,-23.4375,664.0625,1015.625,101.5625,695.3125,789.0625
132558,-804.6875,-171.875,-945.3125,-382.8125,1281.25,328.125,-179.6875,1148.4375,679.6875,-46.875,679.6875,1031.25,62.5,710.9375,773.4375
132558,-804.6875,-171.875,-945.3125,-382.8125,1281.25,328.125,-179.6875,1148.4375,679.6875,-46.875,679.6875,1031.25,62.5,710.9375,773.4375
132705,85.9375,-39.0625,-437.5,867.1875,-1171.875,898.4375,992.1875,-1570.3125,-523.4375,390.625,-1578.125,-1039.0625,-117.1875,-1882.8125,-523.4375
132705,85.9375,-39.0625,-437.5,867.1875,-1171.875,898.4375,992.1875,-1570.3125,-523.4375,390.625,-1578.125,-1039.0625,-117.1875,-1882.8125,-523.4375
132712,93.75,429.6875,-609.375,1046.875,-1484.375,960.9375,1062.5,-1914.0625,-500.0,453.125,-1679.6875,-1015.625,54.6875,-1898.4375,-437.5
132712,93.75,429.6875,-609.375,1046.875,-1484.375,960.9375,1062.5,-1914.0625,-500.0,453.125,-1679.6875,-1015.625,54.6875,-1898.4375,-437.5
132712,460.9375,1382.8125,-31.25,921.875,-1757.8125,921.875,1265.625,-1734.375,-218.75,765.625,-1648.4375,-867.1875,218.75,-1773.4375,-289.0625
132712,460.9375,1382.8125,-31.25,921.875,-1757.8125,921.875,1265.625,-1734.375,-218.75,765.625,-1648.4375,-867.1875,218.75,-1773.4375,-289.0625
132720,898.4375,1968.75,671.875,656.25,-1937.5,703.125,1109.375,-1640.625,-187.5,835.9375,-1750.0,-734.375,281.25,-1718.75,-85.9375
132720,898.4375,1968.75,671.875,656.25,-1937.5,703.125,1109.375,-1640.625,-187.5,835.9375,-1750.0,-734.375,281.25,-1718.75,-85.9375
132866,-429.6875,476.5625,359.375,-601.5625,-906.25,-328.125,-476.5625,-789.0625,-15.625,-414.0625,-750.0,-140.625,-445.3125,-804.6875,-31.25
132866,-429.6875,476.5625,359.375,-601.5625,-906.25,-328.125,-476.5625,-789.0625,-15.625,-414.0625,-750.0,-140.625,-445.3125,-804.6875,-31.25
132873,-507.8125,289.0625,351.5625,-500.0,-882.8125,-234.375,-437.5,-1023.4375,39.0625,-210.9375,-1054.6875,-70.3125,-179.6875,-984.375,234.375
132873,-507.8125,289.0625,351.5625,-500.0,-882.8125,-234.375,-437.5,-1023.4375,39.0625,-210.9375,-1054.6875,-70.3125,-179.6875,-984.375,234.375
132874,-531.25,203.125,250.0,-476.5625,-929.6875,-62.5,-226.5625,-1046.875,140.625,-39.0625,-1132.8125,7.8125,-23.4375,-1023.4375,296.875
132874,-531.25,203.125,250.0,-476.5625,-929.6875,-62.5,-226.5625,-1046.875,140.625,-39.0625,-1132.8125,7.8125,-23.4375,-1023.4375,296.875
132882,-515.625,367.1875,140.625,-453.125,-968.75,125.0,-31.25,-992.1875,203.125,62.5,-1007.8125,-39.0625,-7.8125,-937.5,125.0
132882,-515.625,367.1875,140.625,-453.125,-968.75,125.0,-31.25,-992.1875,203.125,62.5,-1007.8125,-39.0625,-7.8125,-937.5,125.0
133027,109.375,867.1875,476.5625,-210.9375,-945.3125,70.3125,-140.625,-929.6875,-250.0,-226.5625,-781.25,-523.4375,-335.9375,-796.875,-437.5
133027,109.375,867.1875,476.5625,-210.9375,-945.3125,70.3125,-140.625,-929.6875,-250.0,-226.5625,-781.25,-523.4375,-335.9375,-796.875,-437.5
133035,70.3125,851.5625,445.3125,-218.75,-945.3125,85.9375,-125.0,-921.875,-242.1875,-210.9375,-781.25,-523.4375,-328.125,-796.875,-445.3125
133035,70.3125,851.5625,445.3125,-218.75,-945.3125,85.9375,-125.0,-921.875,-242.1875,-210.9375,-781.25,-523.4375,-328.125,-796.875,-445.3125
133035,62.5,859.375,429.6875,-226.5625,-937.5,85.9375,-132.8125,-921.875,-226.5625,-218.75,-789.0625,-500.0,-320.3125,-804.6875,-437.5
133035,62.5,859.375,429.6875,-226.5625,-937.5,85.9375,-132.8125,-921.875,-226.5625,-218.75,-789.0625,-500.0,-320.3125,-804.6875,-437.5
133043,54.6875,859.375,429.6875,-234.375,-921.875,78.125,-132.8125,-921.875,-210.9375,-195.3125,-781.25,-476.5625,-320.3125,-796.875,-414.0625
133043,54.6875,859.375,429.6875,-234.375,-921.875,78.125,-132.8125,-921.875,-210.9375,-195.3125,-781.25,-476.5625,-320.3125,-796.875,-414.0625
133189,93.75,875.0,468.75,-226.5625,-968.75,101.5625,-140.625,-968.75,-210.9375,-187.5,-828.125,-515.625,-328.125,-851.5625,-453.125
133189,93.75,875.0,468.75,-226.5625,-968.75,101.5625,-140.625,-968.75,-210.9375,-187.5,-828.125,-515.625,-328.125,-851.5625,-453.125
133196,93.75,906.25,484.375,-226.5625,-976.5625,101.5625,-132.8125,-976.5625,-226.5625,-195.3125,-835.9375,-531.25,-328.125,-851.5625,-453.125
133196,93.75,906.25,484.375,-226.5625,-976.5625,101.5625,-132.8125,-976.5625,-226.5625,-195.3125,-835.9375,-531.25,-328.125,-851.5625,-453.125
133197,93.75,929.6875,484.375,-226.5625,-1000.0,109.375,-117.1875,-992.1875,-218.75,-179.6875,-843.75,-539.0625,-328.125,-851.5625,-453.125
133197,93.75,929.6875,484.375,-226.5625,-1000.0,109.375,-117.1875,-992.1875,-218.75,-179.6875,-843.75,-539.0625,-328.125,-851.5625,-453.125
133205,85.9375,937.5,484.375,-218.75,-1015.625,109.375,-125.0,-1007.8125,-218.75,-179.6875,-851.5625,-546.875,-328.125,-851.5625,-460.9375
133205,85.9375,937.5,484.375,-218.75,-1015.625,109.375,-125.0,-1007.8125,-218.75,-179.6875,-851.5625,-546.875,-328.125,-851.5625,-460.9375
133350,93.75,898.4375,492.1875,-210.9375,-1007.8125,93.75,-125.0,-992.1875,-234.375,-156.25,-843.75,-531.25,-304.6875,-859.375,-453.125
133350,93.75,898.4375,492.1875,-210.9375,-1007.8125,93.75,-125.0,-992.1875,-234.375,-156.25,-843.75,-531.25,-304.6875,-859.375,-453.125
133358,101.5625,898.4375,492.1875,-210.9375,-1007.8125,101.5625,-117.1875,-992.1875,-226.5625,-156.25,-843.75,-531.25,-312.5,-851.5625,-445.3125
133358,101.5625,898.4375,492.1875,-210.9375,-1007.8125,101.5625,-117.1875,-992.1875,-226.5625,-156.25,-843.75,-531.25,-312.5,-851.5625,-445.3125
133358,93.75,882.8125,492.1875,-203.125,-1000.0,93.75,-109.375,-984.375,-226.5625,-156.25,-843.75,-539.0625,-304.6875,-851.5625,-460.9375
133358,93.75,882.8125,492.1875,-203.125,-1000.0,93.75,-109.375,-984.375,-226.5625,-156.25,-843.75,-539.0625,-304.6875,-851.5625,-460.9375
133366,85.9375,875.0,500.0,-195.3125,-992.1875,109.375,-93.75,-984.375,-218.75,-156.25,-820.3125,-554.6875,-304.6875,-851.5625,-460.9375
133366,85.9375,875.0,500.0,-195.3125,-992.1875,109.375,-93.75,-984.375,-218.75,-156.25,-820.3125,-554.6875,-304.6875,-851.5625,-460.9375
133511,70.3125,875.0,484.375,-203.125,-984.375,85.9375,-117.1875,-976.5625,-226.5625,-148.4375,-828.125,-523.4375,-289.0625,-843.75,-429.6875
133511,70.3125,875.0,484.375,-203.125,-984.375,85.9375,-117.1875,-976.5625,-226.5625,-148.4375,-828.125,-523.4375,-289.0625,-843.75,-429.6875
133519,78.125,875.0,492.1875,-210.9375,-992.1875,93.75,-117.1875,-976.5625,-226.5625,-148.4375,-828.125,-523.4375,-296.875,-843.75,-445.3125
133519,78.125,875.0,492.1875,-210.9375,-992.1875,93.75,-117.1875,-976.5625,-226.5625,-148.4375,-828.125,-523.4375,-296.875,-843.75,-445.3125
133519,85.9375,867.1875,492.1875,-203.125,-984.375,85.9375,-117.1875,-976.5625,-218.75,-148.4375,-835.9375,-531.25,-296.875,-843.75,-429.6875
133519,85.9375,867.1875,492.1875,-203.125,-984.375,85.9375,-117.1875,-976.5625,-218.75,-148.4375,-835.9375,-531.25,-296.875,-843.75,-429.6875
133527,78.125,867.1875,500.0,-195.3125,-984.375,109.375,-117.1875,-976.5625,-218.75,-148.4375,-828.125,-531.25,-312.5,-843.75,-445.3125
133527,78.125,867.1875,500.0,-195.3125,-984.375,109.375,-117.1875,-976.5625,-218.75,-148.4375,-828.125,-531.25,-312.5,-843.75,-445.3125
133575,78.125,875.0,500.0,-203.125,-1000.0,85.9375,-132.8125,-992.1875,-226.5625,-156.25,-835.9375,-531.25,-320.3125,-851.5625,-453.125
133575,78.125,875.0,500.0,-203.125,-1000.0,85.9375,-132.8125,-992.1875,-226.5625,-156.25,-835.9375,-531.25,-320.3125,-851.5625,-453.125
133575,93.75,875.0,507.8125,-195.3125,-1000.0,78.125,-117.1875,-984.375,-226.5625,-164.0625,-835.9375,-539.0625,-312.5,-859.375,-445.3125
133575,93.75,875.0,507.8125,-195.3125,-1000.0,78.125,-117.1875,-984.375,-226.5625,-164.0625,-835.9375,-539.0625,-312.5,-859.375,-445.3125
133584,85.9375,867.1875,507.8125,-210.9375,-1000.0,85.9375,-117.1875,-992.1875,-218.75,-156.25,-835.9375,-531.25,-304.6875,-851.5625,-445.3125
133584,85.9375,867.1875,507.8125,-210.9375,-1000.0,85.9375,-117.1875,-992.1875,-218.75,-156.25,-835.9375,-531.25,-304.6875,-851.5625,-445.3125
133591,85.9375,867.1875,500.0,-203.125,-1007.8125,93.75,-117.1875,-992.1875,-218.75,-148.4375,-835.9375,-539.0625,-304.6875,-851.5625,-445.3125
133591,85.9375,867.1875,500.0,-203.125,-1007.8125,93.75,-117.1875,-992.1875,-218.75,-148.4375,-835.9375,-539.0625,-304.6875,-851.5625,-445.3125
133737,78.125,875.0,507.8125,-203.125,-1007.8125,93.75,-101.5625,-992.1875,-218.75,-148.4375,-843.75,-531.25,-304.6875,-851.5625,-437.5
133737,78.125,875.0,507.8125,-203.125,-1007.8125,93.75,-101.5625,-992.1875,-218.75,-148.4375,-843.75,-531.25,-304.6875,-851.5625,-437.5
133737,78.125,875.0,507.8125,-203.125,-1015.625,101.5625,-117.1875,-984.375,-218.75,-148.4375,-843.75,-531.25,-304.6875,-851.5625,-445.3125
133737,78.125,875.0,507.8125,-203.125,-1015.625,101.5625,-117.1875,-984.375,-218.75,-148.4375,-843.75,-531.25,-304.6875,-851.5625,-445.3125
133745,85.9375,867.1875,500.0,-203.125,-1007.8125,85.9375,-117.1875,-992.1875,-210.9375,-148.4375,-843.75,-531.25,-304.6875,-851.5625,-437.5
133745,85.9375,867.1875,500.0,-203.125,-1007.8125,85.9375,-117.1875,-992.1875,-210.9375,-148.4375,-843.75,-531.25,-304.6875,-851.5625,-437.5
133753,70.3125,875.0,507.8125,-210.9375,-1000.0,78.125,-117.1875,-984.375,-218.75,-156.25,-835.9375,-523.4375,-304.6875,-859.375,-437.5
133753,70.3125,875.0,507.8125,-210.9375,-1000.0,78.125,-117.1875,-984.375,-218.75,-156.25,-835.9375,-523.4375,-304.6875,-859.375,-437.5
133898,78.125,867.1875,507.8125,-218.75,-992.1875,78.125,-132.8125,-976.5625,-218.75,-164.0625,-843.75,-531.25,-320.3125,-843.75,-437.5
133898,78.125,867.1875,507.8125,-218.75,-992.1875,78.125,-132.8125,-976.5625,-218.75,-164.0625,-843.75,-531.25,-320.3125,-843.75,-437.5
133898,78.125,867.1875,507.8125,-210.9375,-992.1875,78.125,-132.8125,-976.5625,-218.75,-156.25,-835.9375,-523.4375,-312.5,-851.5625,-429.6875
133898,78.125,867.1875,507.8125,-210.9375,-992.1875,78.125,-132.8125,-976.5625,-218.75,-156.25,-835.9375,-523.4375,-312.5,-851.5625,-429.6875
133906,78.125,875.0,515.625,-218.75,-992.1875,70.3125,-140.625,-984.375,-210.9375,-164.0625,-835.9375,-523.4375,-320.3125,-851.5625,-437.5
133906,78.125,875.0,515.625,-218.75,-992.1875,70.3125,-140.625,-984.375,-210.9375,-164.0625,-835.9375,-523.4375,-320.3125,-851.5625,-437.5
133914,85.9375,867.1875,515.625,-218.75,-992.1875,70.3125,-140.625,-976.5625,-218.75,-164.0625,-828.125,-523.4375,-320.3125,-843.75,-437.5
133914,85.9375,867.1875,515.625,-218.75,-992.1875,70.3125,-140.625,-976.5625,-218.75,-164.0625,-828.125,-523.4375,-320.3125,-843.75,-437.5
134059,78.125,882.8125,507.8125,-218.75,-1007.8125,78.125,-125.0,-992.1875,-218.75,-148.4375,-843.75,-523.4375,-320.3125,-859.375,-429.6875
134059,78.125,882.8125,507.8125,-218.75,-1007.8125,78.125,-125.0,-992.1875,-218.75,-148.4375,-843.75,-523.4375,-320.3125,-859.375,-429.6875
134059,78.125,875.0,507.8125,-218.75,-1007.8125,78.125,-125.0,-992.1875,-203.125,-148.4375,-851.5625,-515.625,-304.6875,-859.375,-429.6875
134059,78.125,875.0,507.8125,-218.75,-1007.8125,78.125,-125.0,-992.1875,-203.125,-148.4375,-851.5625,-515.625,-304.6875,-859.375,-429.6875
134067,78.125,875.0,515.625,-210.9375,-1007.8125,78.125,-125.0,-992.1875,-203.125,-156.25,-851.5625,-515.625,-312.5,-859.375,-429.6875
134067,78.125,875.0,515.625,-210.9375,-1007.8125,78.125,-125.0,-992.1875,-203.125,-156.25,-851.5625,-515.625,-312.5,-859.375,-429.6875
134075,70.3125,867.1875,515.625,-218.75,-1007.8125,78.125,-132.8125,-992.1875,-210.9375,-164.0625,-843.75,-523.4375,-312.5,-859.375,-437.5
134075,70.3125,867.1875,515.625,-218.75,-1007.8125,78.125,-132.8125,-992.1875,-210.9375,-164.0625,-843.75,-523.4375,-312.5,-859.375,-437.5
134220,85.9375,851.5625,531.25,-210.9375,-1007.8125,39.0625,-156.25,-976.5625,-234.375,-164.0625,-835.9375,-523.4375,-312.5,-835.9375,-429.6875
134220,85.9375,851.5625,531.25,-210.9375,-1007.8125,39.0625,-156.25,-976.5625,-234.375,-164.0625,-835.9375,-523.4375,-312.5,-835.9375,-429.6875
134220,70.3125,851.5625,523.4375,-226.5625,-1007.8125,46.875,-148.4375,-976.5625,-226.5625,-156.25,-828.125,-523.4375,-320.3125,-851.5625,-429.6875
134220,70.3125,851.5625,523.4375,-226.5625,-1007.8125,46.875,-148.4375,-976.5625,-226.5625,-156.25,-828.125,-523.4375,-320.3125,-851.5625,-429.6875
134229,78.125,851.5625,523.4375,-210.9375,-1000.0,46.875,-148.4375,-976.5625,-226.5625,-164.0625,-835.9375,-523.4375,-320.3125,-843.75,-421.875
134229,78.125,851.5625,523.4375,-210.9375,-1000.0,46.875,-148.4375,-976.5625,-226.5625,-164.0625,-835.9375,-523.4375,-320.3125,-843.75,-421.875
134236,62.5,851.5625,523.4375,-203.125,-1007.8125,46.875,-148.4375,-976.5625,-226.5625,-156.25,-835.9375,-523.4375,-304.6875,-843.75,-429.6875
134236,62.5,851.5625,523.4375,-203.125,-1007.8125,46.875,-148.4375,-976.5625,-226.5625,-156.25,-835.9375,-523.4375,-304.6875,-843.75,-429.6875
134382,78.125,859.375,515.625,-203.125,-992.1875,62.5,-132.8125,-976.5625,-218.75,-148.4375,-835.9375,-531.25,-312.5,-851.5625,-429.6875
134382,78.125,859.375,515.625,-203.125,-992.1875,62.5,-132.8125,-976.5625,-218.75,-148.4375,-835.9375,-531.25,-312.5,-851.5625,-429.6875
134382,70.3125,867.1875,515.625,-203.125,-1000.0,70.3125,-132.8125,-976.5625,-218.75,-148.4375,-835.9375,-523.4375,-312.5,-851.5625,-429.6875
134382,70.3125,867.1875,515.625,-203.125,-1000.0,70.3125,-132.8125,-976.5625,-218.75,-148.4375,-835.9375,-523.4375,-312.5,-851.5625,-429.6875
134390,62.5,875.0,515.625,-203.125,-1000.0,78.125,-125.0,-984.375,-210.9375,-140.625,-843.75,-515.625,-304.6875,-859.375,-429.6875
134390,62.5,875.0,515.625,-203.125,-1000.0,78.125,-125.0,-984.375,-210.9375,-140.625,-843.75,-515.625,-304.6875,-859.375,-429.6875
134398,70.3125,875.0,515.625,-210.9375,-1007.8125,78.125,-132.8125,-992.1875,-210.9375,-148.4375,-843.75,-523.4375,-312.5,-867.1875,-421.875
134398,70.3125,875.0,515.625,-210.9375,-1007.8125,78.125,-132.8125,-992.1875,-210.9375,-148.4375,-843.75,-523.4375,-312.5,-867.1875,-421.875
134543,62.5,867.1875,515.625,-203.125,-992.1875,78.125,-125.0,-976.5625,-210.9375,-148.4375,-835.9375,-523.4375,-312.5,-851.5625,-429.6875
134543,62.5,867.1875,515.625,-203.125,-992.1875,78.125,-125.0,-976.5625,-210.9375,-148.4375,-835.9375,-523.4375,-312.5,-851.5625,-429.6875
134544,62.5,867.1875,507.8125,-210.9375,-1000.0,78.125,-125.0,-976.5625,-203.125,-140.625,-843.75,-523.4375,-304.6875,-843.75,-421.875
134544,62.5,867.1875,507.8125,-210.9375,-1000.0,78.125,-125.0,-976.5625,-203.125,-140.625,-843.75,-523.4375,-304.6875,-843.75,-421.875
134552,78.125,875.0,507.8125,-210.9375,-992.1875,78.125,-125.0,-984.375,-210.9375,-148.4375,-843.75,-515.625,-312.5,-851.5625,-421.875
134552,78.125,875.0,507.8125,-210.9375,-992.1875,78.125,-125.0,-984.375,-210.9375,-148.4375,-843.75,-515.625,-312.5,-851.5625,-421.875
134559,70.3125,875.0,500.0,-210.9375,-984.375,85.9375,-125.0,-976.5625,-210.9375,-148.4375,-835.9375,-515.625,-304.6875,-843.75,-421.875
134559,70.3125,875.0,500.0,-210.9375,-984.375,85.9375,-125.0,-976.5625,-210.9375,-148.4375,-835.9375,-515.625,-304.6875,-843.75,-421.875
