87844,3206.875,-1045.625,4077.5
87844,3206.875,-1045.625,4077.5
87855,4287.5,-516.25,4226.25
87855,4287.5,-516.25,4226.25
87865,5534.375,-245.0,4891.25
87865,5534.375,-245.0,4891.25
87875,5980.625,-39.375,6116.25
87875,5980.625,-39.375,6116.25
87886,5565.0,-1146.25,7770.0
87886,5565.0,-1146.25,7770.0
87896,5713.75,-3928.75,7761.25
87896,5713.75,-3928.75,7761.25
87906,7188.125,-7542.5,6645.625
87906,7188.125,-7542.5,6645.625
87916,8491.875,-9988.125,5700.625
87916,8491.875,-9988.125,5700.625
87927,8435.0,-10451.875,4646.25
87927,8435.0,-10451.875,4646.25
87937,6400.625,-9611.875,2786.875
87937,6400.625,-9611.875,2786.875
87947,3101.875,-6951.875,2625.0
87947,3101.875,-6951.875,2625.0
87958,441.875,-4895.625,3071.25
87958,441.875,-4895.625,3071.25
87967,21.875,-3976.875,1281.875
87967,21.875,-3976.875,1281.875
87978,1316.875,-3233.125,-105.0
87978,1316.875,-3233.125,-105.0
87989,2918.125,-1640.625,-1242.5
87989,2918.125,-1640.625,-1242.5
87999,3465.0,48.125,-1824.375
87999,3465.0,48.125,-1824.375
88009,3771.25,643.125,-1776.25
88009,3771.25,643.125,-1776.25
88020,3688.125,253.75,-1728.125
88020,3688.125,253.75,-1728.125
88030,2848.125,354.375,-1846.25
88030,2848.125,354.375,-1846.25
88040,1841.875,1124.375,-2100.0
88040,1841.875,1124.375,-2100.0
88050,861.875,1636.25,-2257.5
88050,861.875,1636.25,-2257.5
88061,-350.0,1995.0,-1601.25
88061,-350.0,1995.0,-1601.25
88071,-1093.75,1636.25,-678.125
88071,-1093.75,1636.25,-678.125
88082,-1684.375,682.5,-371.875
88082,-1684.375,682.5,-371.875
88092,-2358.125,406.875,-686.875
88092,-2358.125,406.875,-686.875
88102,-2738.75,-35.0,-673.75
88102,-2738.75,-35.0,-673.75
88113,-3250.625,-608.125,153.125
88113,-3250.625,-608.125,153.125
88123,-3543.75,-953.75,822.5
88123,-3543.75,-953.75,822.5
88133,-3465.0,-1360.625,691.25
88133,-3465.0,-1360.625,691.25
88144,-3141.25,-1338.75,196.875
88144,-3141.25,-1338.75,196.875
88154,-2270.625,-647.5,-109.375
88154,-2270.625,-647.5,-109.375
88164,-1356.25,-13.125,74.375
88164,-1356.25,-13.125,74.375
88174,-1015.0,-26.25,428.75
88174,-1015.0,-26.25,428.75
88185,-949.375,-100.625,437.5
88185,-949.375,-100.625,437.5
88195,-599.375,196.875,459.375
88195,-599.375,196.875,459.375
88206,113.75,441.875,376.25
88206,113.75,441.875,376.25
88215,651.875,188.125,-188.125
88215,651.875,188.125,-188.125
88226,761.25,371.875,-700.0
88226,761.25,371.875,-700.0
88236,910.0,542.5,-529.375
88236,910.0,542.5,-529.375
88247,857.5,284.375,-21.875
88247,857.5,284.375,-21.875
88256,91.875,126.875,511.875
88256,91.875,126.875,511.875
88267,-608.125,170.625,831.25
88267,-608.125,170.625,831.25
88278,-861.875,-218.75,1093.75
88278,-861.875,-218.75,1093.75
88288,-616.875,-1636.25,1566.25
88288,-616.875,-1636.25,1566.25
88297,-144.375,-2349.375,1124.375
88297,-144.375,-2349.375,1124.375
88309,39.375,-2310.0,590.625
88309,39.375,-2310.0,590.625
88319,70.0,-2078.125,918.75
88319,70.0,-2078.125,918.75
88329,-205.625,-2073.75,1426.25
88329,-205.625,-2073.75,1426.25
88340,-708.75,-2143.75,1750.0
88340,-708.75,-2143.75,1750.0
88350,-1023.75,-1688.75,1929.375
88350,-1023.75,-1688.75,1929.375
88360,-748.125,-713.125,1334.375
88360,-748.125,-713.125,1334.375
88370,-494.375,-8.75,656.25
88370,-494.375,-8.75,656.25
88381,284.375,205.625,214.375
88381,284.375,205.625,214.375
88391,297.5,-481.25,796.25
88391,297.5,-481.25,796.25
88401,201.25,-1815.625,1610.0
88401,201.25,-1815.625,1610.0
88412,385.0,-2655.625,1570.625
88412,385.0,-2655.625,1570.625
88422,371.875,-2918.125,831.25
88422,371.875,-2918.125,831.25
88432,511.875,-2660.0,258.125
88432,511.875,-2660.0,258.125
88443,971.25,-2296.875,113.75
88443,971.25,-2296.875,113.75
88453,1268.75,-2047.5,621.25
88453,1268.75,-2047.5,621.25
88463,1168.125,-2393.125,1264.375
88463,1168.125,-2393.125,1264.375
88474,1316.875,-3171.875,1413.125
88474,1316.875,-3171.875,1413.125
88484,1487.5,-3635.625,1067.5
88484,1487.5,-3635.625,1067.5
88494,1426.25,-3600.625,704.375
88494,1426.25,-3600.625,704.375
88505,1382.5,-3136.875,135.625
88505,1382.5,-3136.875,135.625
88515,1207.5,-2590.0,-52.5
88515,1207.5,-2590.0,-52.5
88525,564.375,-1579.375,249.375
88525,564.375,-1579.375,249.375
88535,-131.25,-765.625,236.25
88535,-131.25,-765.625,236.25
88546,-196.875,-1470.0,511.875
88546,-196.875,-1470.0,511.875
88556,923.125,-2594.375,494.375
88556,923.125,-2594.375,494.375
88566,1631.875,-2454.375,196.875
88566,1631.875,-2454.375,196.875
88577,1465.625,-1631.875,100.625
88577,1465.625,-1631.875,100.625
88587,1098.125,-949.375,253.75
88587,1098.125,-949.375,253.75
88598,669.375,-805.0,647.5
88598,669.375,-805.0,647.5
88608,371.875,-1820.0,949.375
88608,371.875,-1820.0,949.375
88618,393.75,-3014.375,525.0
88618,393.75,-3014.375,525.0
88628,901.25,-3246.25,-83.125
88628,901.25,-3246.25,-83.125
88639,1146.25,-2765.0,148.75
88639,1146.25,-2765.0,148.75
88649,809.375,-1925.0,936.25
88649,809.375,-1925.0,936.25
88659,161.875,-1260.0,1137.5
88659,161.875,-1260.0,1137.5
88670,-78.75,-927.5,726.25
88670,-78.75,-927.5,726.25
88679,4.375,-945.0,831.25
88679,4.375,-945.0,831.25
88690,380.625,-2060.625,1566.25
88690,380.625,-2060.625,1566.25
88701,831.25,-2975.0,1631.875
88701,831.25,-2975.0,1631.875
88711,472.5,-2283.75,1312.5
88711,472.5,-2283.75,1312.5
88721,26.25,-1395.625,1496.25
88721,26.25,-1395.625,1496.25
88731,-65.625,-809.375,1618.75
88731,-65.625,-809.375,1618.75
88742,144.375,-577.5,1631.875
88742,144.375,-577.5,1631.875
88752,105.0,-1102.5,1828.75
88752,105.0,-1102.5,1828.75
88762,-332.5,-2038.75,1907.5
88762,-332.5,-2038.75,1907.5
88773,-415.625,-2423.75,1483.125
88773,-415.625,-2423.75,1483.125
88783,-612.5,-2283.75,1522.5
88783,-612.5,-2283.75,1522.5
88794,-367.5,-2279.375,1911.875
88794,-367.5,-2279.375,1911.875
88804,-249.375,-2349.375,2051.875
88804,-249.375,-2349.375,2051.875
88814,-262.5,-2161.25,1881.25
88814,-262.5,-2161.25,1881.25
88824,-306.25,-1623.125,1697.5
88824,-306.25,-1623.125,1697.5
88835,-179.375,-1483.125,1697.5
88835,-179.375,-1483.125,1697.5
88845,-74.375,-1610.0,1505.0
88845,-74.375,-1610.0,1505.0
88855,-376.25,-1610.0,1264.375
88855,-376.25,-1610.0,1264.375
88866,-393.75,-1268.75,1019.375
88866,-393.75,-1268.75,1019.375
88876,-280.0,-1273.125,818.125
88876,-280.0,-1273.125,818.125
88886,-118.125,-1386.875,577.5
88886,-118.125,-1386.875,577.5
88896,-297.5,-1176.875,341.25
88896,-297.5,-1176.875,341.25
88907,-844.375,-656.25,183.75
88907,-844.375,-656.25,183.75
88917,-1255.625,-328.125,249.375
88917,-1255.625,-328.125,249.375
88928,-1461.25,-678.125,-87.5
88928,-1461.25,-678.125,-87.5
88938,-1540.0,-638.75,-783.125
88938,-1540.0,-638.75,-783.125
88949,-1640.625,-441.875,-1102.5
88949,-1640.625,-441.875,-1102.5
88958,-1850.625,-253.75,-1579.375
88958,-1850.625,-253.75,-1579.375
88969,-2205.0,205.625,-2366.875
88969,-2205.0,205.625,-2366.875
88979,-2926.875,1093.75,-3101.875
88979,-2926.875,1093.75,-3101.875
88989,-3626.875,2095.625,-3150.0
88989,-3626.875,2095.625,-3150.0
89000,-4344.375,2786.875,-2528.75
89000,-4344.375,2786.875,-2528.75
89010,-5775.0,2642.5,-1723.75
89010,-5775.0,2642.5,-1723.75
89020,-7336.875,1036.875,-1448.125
89020,-7336.875,1036.875,-1448.125
89031,-8675.625,-1614.375,-1999.375
89031,-8675.625,-1614.375,-1999.375
89041,-7560.0,-3679.375,-4396.875
89041,-7560.0,-3679.375,-4396.875
89051,-122.5,-6706.875,-9655.625
89051,-122.5,-6706.875,-9655.625
89062,-1999.375,-7266.875,-4869.375
89062,-1999.375,-7266.875,-4869.375
89072,-1360.625,-7371.875,-5355.0
89072,-1360.625,-7371.875,-5355.0
89082,-2555.0,-6623.75,-4611.25
89082,-2555.0,-6623.75,-4611.25
89093,-5263.125,-4593.75,-4007.5
89093,-5263.125,-4593.75,-4007.5
89103,-7791.875,-2310.0,-3246.25
89103,-7791.875,-2310.0,-3246.25
89113,-7380.625,-1443.75,-2629.375
89113,-7380.625,-1443.75,-2629.375
89123,-6575.625,-1408.75,-2458.75
89123,-6575.625,-1408.75,-2458.75
89134,-7126.875,-507.5,-2533.125
89134,-7126.875,-507.5,-2533.125
89144,-8456.875,-183.75,-1207.5
89144,-8456.875,-183.75,-1207.5
89154,-8347.5,-1106.875,-468.125
89154,-8347.5,-1106.875,-468.125
89165,-6610.625,-1785.0,-1045.625
89165,-6610.625,-1785.0,-1045.625
89175,-3329.375,-3688.125,-1750.0
89175,-3329.375,-3688.125,-1750.0
89186,-485.625,-5337.5,-2362.5
89186,-485.625,-5337.5,-2362.5
89196,1080.625,-5271.875,-3005.625
89196,1080.625,-5271.875,-3005.625
89206,1474.375,-3421.25,-3119.375
89206,1474.375,-3421.25,-3119.375
89216,1080.625,-1378.125,-2117.5
89216,1080.625,-1378.125,-2117.5
89227,371.875,-525.0,-1277.5
89227,371.875,-525.0,-1277.5
89237,328.125,-936.25,-931.875
89237,328.125,-936.25,-931.875
89247,660.625,-2016.875,-918.75
89247,660.625,-2016.875,-918.75
89258,1470.0,-2248.75,-1120.0
89258,1470.0,-2248.75,-1120.0
89268,2353.75,-2283.75,-945.0
89268,2353.75,-2283.75,-945.0
89278,2905.0,-2415.0,-625.625
89278,2905.0,-2415.0,-625.625
89289,2970.625,-2436.875,61.25
89289,2970.625,-2436.875,61.25
89299,2450.0,-1968.75,599.375
89299,2450.0,-1968.75,599.375
89309,2480.625,-1115.625,783.125
89309,2480.625,-1115.625,783.125
89320,2887.5,-1032.5,669.375
89320,2887.5,-1032.5,669.375
89330,3329.375,-1763.125,424.375
89330,3329.375,-1763.125,424.375
89340,4287.5,-2594.375,406.875
89340,4287.5,-2594.375,406.875
89351,4536.875,-3158.75,538.125
89351,4536.875,-3158.75,538.125
89361,3893.75,-3250.625,555.625
89361,3893.75,-3250.625,555.625
89371,2861.25,-2660.0,603.75
89371,2861.25,-2660.0,603.75
89382,2148.125,-2703.75,770.0
89382,2148.125,-2703.75,770.0
89392,2183.125,-2358.125,590.625
89392,2183.125,-2358.125,590.625
89402,2397.5,-1754.375,529.375
89402,2397.5,-1754.375,529.375
89412,2419.375,-1461.25,581.875
89412,2419.375,-1461.25,581.875
89423,1898.75,-1356.25,520.625
89423,1898.75,-1356.25,520.625
89433,1610.0,-1443.75,695.625
89433,1610.0,-1443.75,695.625
89442,1277.5,-1614.375,665.0
89442,1277.5,-1614.375,665.0
89454,1198.75,-1299.375,428.75
89454,1198.75,-1299.375,428.75
89464,1041.25,-1207.5,398.125
89464,1041.25,-1207.5,398.125
89474,520.625,-1277.5,393.75
89474,520.625,-1277.5,393.75
89485,-74.375,-1041.25,463.75
89485,-74.375,-1041.25,463.75
89495,-262.5,-805.0,393.75
89495,-262.5,-805.0,393.75
89505,140.0,-840.0,105.0
89505,140.0,-840.0,105.0
89516,682.5,-717.5,-8.75
89516,682.5,-717.5,-8.75
89526,896.875,-822.5,262.5
89526,896.875,-822.5,262.5
89536,1395.625,-1207.5,144.375
89536,1395.625,-1207.5,144.375
89547,1579.375,-1435.0,-52.5
89547,1579.375,-1435.0,-52.5
89557,1662.5,-1299.375,-100.625
89557,1662.5,-1299.375,-100.625
89567,1330.0,-857.5,-153.125
89567,1330.0,-857.5,-153.125
89578,1207.5,-638.75,-166.25
89578,1207.5,-638.75,-166.25
89588,1242.5,-288.75,-275.625
89588,1242.5,-288.75,-275.625
89598,1299.375,-175.0,-328.125
89598,1299.375,-175.0,-328.125
89609,1137.5,-529.375,218.75
89609,1137.5,-529.375,218.75
89620,857.5,-1850.625,861.875
89620,857.5,-1850.625,861.875
89628,1168.125,-2629.375,568.75
89628,1168.125,-2629.375,568.75
89640,1640.625,-2607.5,301.875
89640,1640.625,-2607.5,301.875
89650,1614.375,-2082.5,262.5
89650,1614.375,-2082.5,262.5
89660,1710.625,-1837.5,236.25
89660,1710.625,-1837.5,236.25
89670,1697.5,-1548.75,87.5
89670,1697.5,-1548.75,87.5
89681,1557.5,-1124.375,-319.375
89681,1557.5,-1124.375,-319.375
89691,1408.75,-743.75,-406.875
89691,1408.75,-743.75,-406.875
89701,1098.125,-411.25,-603.75
89701,1098.125,-411.25,-603.75
89712,704.375,-717.5,-188.125
89712,704.375,-717.5,-188.125
89722,332.5,-1767.5,411.25
89722,332.5,-1767.5,411.25
89732,411.25,-2030.0,275.625
89732,411.25,-2030.0,275.625
89743,245.0,-1855.0,319.375
89743,245.0,-1855.0,319.375
89753,-262.5,-1386.875,78.75
89753,-262.5,-1386.875,78.75
89763,-608.125,-993.125,-218.75
89763,-608.125,-993.125,-218.75
89774,-568.75,-1190.0,-210.0
89774,-568.75,-1190.0,-210.0
89784,-306.25,-1798.125,-284.375
89784,-306.25,-1798.125,-284.375
89794,647.5,-1863.75,-826.875
89794,647.5,-1863.75,-826.875
89804,1246.875,-1780.625,-1028.125
89804,1246.875,-1780.625,-1028.125
89815,1408.75,-1391.25,-870.625
89815,1408.75,-1391.25,-870.625
89825,1220.625,-1093.75,-853.125
89825,1220.625,-1093.75,-853.125
89836,984.375,-717.5,-892.5
89836,984.375,-717.5,-892.5
89846,1413.125,-608.125,-879.375
89846,1413.125,-608.125,-879.375
89857,1264.375,-787.5,-643.125
89857,1264.375,-787.5,-643.125
89866,1277.5,-700.0,-586.25
89866,1277.5,-700.0,-586.25
89876,1054.375,-673.75,-341.25
89876,1054.375,-673.75,-341.25
89887,966.875,-612.5,-266.875
89887,966.875,-612.5,-266.875
89896,765.625,-726.25,-30.625
89896,765.625,-726.25,-30.625
89908,840.0,-1023.75,17.5
89908,840.0,-1023.75,17.5
89918,831.25,-1102.5,-91.875
89918,831.25,-1102.5,-91.875
89928,1159.375,-717.5,-301.875
89928,1159.375,-717.5,-301.875
89939,1395.625,-538.125,-542.5
89939,1395.625,-538.125,-542.5
89949,1470.0,-262.5,-717.5
89949,1470.0,-262.5,-717.5
89959,1579.375,-280.0,-638.75
89959,1579.375,-280.0,-638.75
89970,1548.75,-463.75,-625.625
89970,1548.75,-463.75,-625.625
89980,1378.125,-647.5,-673.75
89980,1378.125,-647.5,-673.75
89990,940.625,-791.875,-507.5
89990,940.625,-791.875,-507.5
90001,328.125,-564.375,-385.0
90001,328.125,-564.375,-385.0
90011,-65.625,0.0,-525.0
90011,-65.625,0.0,-525.0
90021,-91.875,297.5,-774.375
90021,-91.875,297.5,-774.375
90031,13.125,288.75,-861.875
90031,13.125,288.75,-861.875
90042,192.5,-91.875,-778.75
90042,192.5,-91.875,-778.75
90052,612.5,-616.875,-621.25
90052,612.5,-616.875,-621.25
90062,730.625,-673.75,-398.125
90062,730.625,-673.75,-398.125
90073,332.5,-708.75,-301.875
90073,332.5,-708.75,-301.875
90083,-109.375,-730.625,-201.25
90083,-109.375,-730.625,-201.25
90093,-8.75,-861.875,-192.5
90093,-8.75,-861.875,-192.5
90104,564.375,-857.5,-503.125
90104,564.375,-857.5,-503.125
90114,1120.0,-634.375,-503.125
90114,1120.0,-634.375,-503.125
90124,1155.0,-525.0,-271.25
90124,1155.0,-525.0,-271.25
90135,1251.25,-761.25,-280.0
90135,1251.25,-761.25,-280.0
90145,1155.0,-896.875,-328.125
90145,1155.0,-896.875,-328.125
90155,739.375,-1093.75,13.125
90155,739.375,-1093.75,13.125
90166,140.0,-1286.25,131.25
90166,140.0,-1286.25,131.25
90176,-161.875,-1067.5,-214.375
90176,-161.875,-1067.5,-214.375
90186,393.75,-577.5,-669.375
90186,393.75,-577.5,-669.375
90196,1089.375,-236.25,-888.125
90196,1089.375,-236.25,-888.125
90207,1452.5,-341.25,-533.75
90207,1452.5,-341.25,-533.75
90217,1474.375,-800.625,-236.25
90217,1474.375,-800.625,-236.25
90227,1325.625,-980.0,-284.375
90227,1325.625,-980.0,-284.375
90238,1225.0,-765.625,-328.125
90238,1225.0,-765.625,-328.125
90248,1229.375,-778.75,-258.125
90248,1229.375,-778.75,-258.125
90258,1058.75,-1028.125,-35.0
90258,1058.75,-1028.125,-35.0
90269,358.75,-1050.0,402.5
90269,358.75,-1050.0,402.5
90279,-476.875,-678.125,433.125
90279,-476.875,-678.125,433.125
90289,-153.125,-861.875,249.375
90289,-153.125,-861.875,249.375
90300,581.875,-1281.875,-161.875
90300,581.875,-1281.875,-161.875
90310,883.75,-1155.0,-153.125
90310,883.75,-1155.0,-153.125
90320,721.875,-778.75,-52.5
90320,721.875,-778.75,-52.5
90331,542.5,-721.875,179.375
90331,542.5,-721.875,179.375
90341,660.625,-1168.125,153.125
90341,660.625,-1168.125,153.125
90351,380.625,-1058.75,91.875
90351,380.625,-1058.75,91.875
90362,8.75,-958.125,157.5
90362,8.75,-958.125,157.5
90372,-179.375,-1023.75,157.5
90372,-179.375,-1023.75,157.5
90382,218.75,-1373.75,275.625
90382,218.75,-1373.75,275.625
90392,595.0,-1531.25,476.875
90392,595.0,-1531.25,476.875
90404,56.875,-1693.125,949.375
90404,56.875,-1693.125,949.375
90413,-551.25,-1715.0,1579.375
90413,-551.25,-1715.0,1579.375
90423,-857.5,-1487.5,1465.625
90423,-857.5,-1487.5,1465.625
90434,-424.375,-1111.25,656.25
90434,-424.375,-1111.25,656.25
90444,21.875,-1351.875,472.5
90444,21.875,-1351.875,472.5
90454,-140.0,-1334.375,402.5
90454,-140.0,-1334.375,402.5
90465,363.125,-1141.875,161.875
90465,363.125,-1141.875,161.875
90475,476.875,-1163.75,21.875
90475,476.875,-1163.75,21.875
90485,367.5,-1225.0,-109.375
90485,367.5,-1225.0,-109.375
90495,-70.0,-840.0,-262.5
90495,-70.0,-840.0,-262.5
90506,-826.875,-739.375,-205.625
90506,-826.875,-739.375,-205.625
90517,-1036.875,-826.875,-280.0
90517,-1036.875,-826.875,-280.0
90527,-953.75,-971.25,-446.25
90527,-953.75,-971.25,-446.25
90537,-796.25,-1058.75,-800.625
90537,-796.25,-1058.75,-800.625
90547,-586.25,-896.875,-726.25
90547,-586.25,-896.875,-726.25
90558,-503.125,-857.5,-367.5
90558,-503.125,-857.5,-367.5
90568,-406.875,-651.875,-183.75
90568,-406.875,-651.875,-183.75
90578,-293.125,-494.375,-118.125
90578,-293.125,-494.375,-118.125
90589,-371.875,-555.625,-109.375
90589,-371.875,-555.625,-109.375
90599,-179.375,-608.125,-65.625
90599,-179.375,-608.125,-65.625
90609,-30.625,-1023.75,-87.5
90609,-30.625,-1023.75,-87.5
90619,-223.125,-1071.875,-367.5
90619,-223.125,-1071.875,-367.5
90630,-280.0,-818.125,-428.75
90630,-280.0,-818.125,-428.75
90640,-385.0,-735.0,-214.375
90640,-385.0,-735.0,-214.375
90650,-612.5,-651.875,-113.75
90650,-612.5,-651.875,-113.75
90661,-52.5,-564.375,-485.625
90661,-52.5,-564.375,-485.625
90671,511.875,-516.25,-949.375
90671,511.875,-516.25,-949.375
90681,1054.375,-568.75,-1185.625
90681,1054.375,-568.75,-1185.625
90692,1181.25,-450.625,-1036.875
90692,1181.25,-450.625,-1036.875
90701,1058.75,-345.625,-695.625
90701,1058.75,-345.625,-695.625
90712,835.625,-503.125,-336.875
90712,835.625,-503.125,-336.875
90723,476.875,-678.125,218.75
90723,476.875,-678.125,218.75
90733,249.375,-800.625,363.125
90733,249.375,-800.625,363.125
90743,389.375,-927.5,284.375
90743,389.375,-927.5,284.375
90754,573.125,-888.125,223.125
90754,573.125,-888.125,223.125
90764,634.375,-568.75,48.125
90764,634.375,-568.75,48.125
90774,529.375,-463.75,293.125
90774,529.375,-463.75,293.125
90785,669.375,-844.375,472.5
90785,669.375,-844.375,472.5
90795,888.125,-1050.0,96.25
90795,888.125,-1050.0,96.25
90805,787.5,-949.375,-315.0
90805,787.5,-949.375,-315.0
90815,406.875,-879.375,-157.5
90815,406.875,-879.375,-157.5
90826,245.0,-1111.25,-8.75
90826,245.0,-1111.25,-8.75
90836,140.0,-1071.875,-153.125
90836,140.0,-1071.875,-153.125
90846,131.25,-971.25,-179.375
90846,131.25,-971.25,-179.375
90857,153.125,-1019.375,-179.375
90857,153.125,-1019.375,-179.375
90867,74.375,-927.5,-131.25
90867,74.375,-927.5,-131.25
90877,78.75,-840.0,-118.125
90877,78.75,-840.0,-118.125
90888,468.125,-577.5,-201.25
90888,468.125,-577.5,-201.25
