114988,7144.375,1623.125,555.625
114988,7144.375,1623.125,555.625
114998,7446.25,-4974.375,0.0
114998,7446.25,-4974.375,0.0
115008,6352.5,-8706.25,-3539.375
115008,6352.5,-8706.25,-3539.375
115019,2843.75,-8697.5,-6685.0
115019,2843.75,-8697.5,-6685.0
115029,-1120.0,-6833.75,-7651.875
115029,-1120.0,-6833.75,-7651.875
115039,-3132.5,-5508.125,-7293.125
115039,-3132.5,-5508.125,-7293.125
115050,-3688.125,-5893.125,-5512.5
115050,-3688.125,-5893.125,-5512.5
115060,-2528.75,-6203.75,-4353.125
115060,-2528.75,-6203.75,-4353.125
115070,-599.375,-5705.0,-3561.25
115070,-599.375,-5705.0,-3561.25
115081,363.125,-5040.0,-2699.375
115081,363.125,-5040.0,-2699.375
115090,1146.25,-4711.875,-2410.625
115090,1146.25,-4711.875,-2410.625
115101,1395.625,-4755.625,-1610.0
115101,1395.625,-4755.625,-1610.0
115112,1063.125,-5180.0,-577.5
115112,1063.125,-5180.0,-577.5
115122,1080.625,-5368.125,61.25
115122,1080.625,-5368.125,61.25
115132,936.25,-5315.625,525.0
115132,936.25,-5315.625,525.0
115143,726.25,-5158.125,791.875
115143,726.25,-5158.125,791.875
115153,608.125,-4943.75,975.625
115153,608.125,-4943.75,975.625
115163,1211.875,-4550.0,914.375
115163,1211.875,-4550.0,914.375
115173,1745.625,-3963.75,1063.125
115173,1745.625,-3963.75,1063.125
115184,1951.25,-3692.5,1911.875
115184,1951.25,-3692.5,1911.875
115194,1710.625,-3775.625,2415.0
115194,1710.625,-3775.625,2415.0
115204,1496.25,-4011.875,2515.625
115204,1496.25,-4011.875,2515.625
115215,1522.5,-3828.125,2113.125
115215,1522.5,-3828.125,2113.125
115225,1413.125,-3145.625,1570.625
115225,1413.125,-3145.625,1570.625
115236,2165.625,-3591.875,1452.5
115236,2165.625,-3591.875,1452.5
115246,2721.25,-3692.5,1181.25
115246,2721.25,-3692.5,1181.25
115256,3010.0,-3084.375,1001.875
115256,3010.0,-3084.375,1001.875
115266,2896.25,-2397.5,481.25
115266,2896.25,-2397.5,481.25
115277,2625.0,-1487.5,-363.125
115277,2625.0,-1487.5,-363.125
115287,2620.625,-743.75,-896.875
115287,2620.625,-743.75,-896.875
115297,2331.875,-1080.625,-1010.625
115297,2331.875,-1080.625,-1010.625
115308,1925.0,-1557.5,-1015.0
115308,1925.0,-1557.5,-1015.0
115318,1806.875,-1281.875,-1815.625
115318,1806.875,-1281.875,-1815.625
115328,1820.0,-1124.375,-2454.375
115328,1820.0,-1124.375,-2454.375
115339,962.5,-853.125,-2563.75
115339,962.5,-853.125,-2563.75
115349,126.875,-511.875,-2581.25
115349,126.875,-511.875,-2581.25
115359,-520.625,293.125,-2428.125
115359,-520.625,293.125,-2428.125
115370,-1330.0,1063.125,-1811.25
115370,-1330.0,1063.125,-1811.25
115380,-2065.0,1176.875,-1715.0
115380,-2065.0,1176.875,-1715.0
115390,-1894.375,1071.875,-2301.25
115390,-1894.375,1071.875,-2301.25
115400,-962.5,1155.0,-2791.25
115400,-962.5,1155.0,-2791.25
115411,-43.75,1255.625,-2765.0
115411,-43.75,1255.625,-2765.0
115421,-275.625,1194.375,-2423.75
115421,-275.625,1194.375,-2423.75
115432,109.375,1128.75,-2747.5
115432,109.375,1128.75,-2747.5
115442,1295.0,577.5,-3128.125
115442,1295.0,577.5,-3128.125
115452,1841.875,-87.5,-3119.375
115452,1841.875,-87.5,-3119.375
115462,1548.75,-402.5,-2716.875
115462,1548.75,-402.5,-2716.875
115473,1351.875,-630.0,-1929.375
115473,1351.875,-630.0,-1929.375
115483,1141.875,-494.375,-1548.75
115483,1141.875,-494.375,-1548.75
115493,1303.75,-700.0,-1505.0
115493,1303.75,-700.0,-1505.0
115504,1588.125,-1085.0,-1365.0
115504,1588.125,-1085.0,-1365.0
115514,1216.25,-1176.875,-1001.875
115514,1216.25,-1176.875,-1001.875
115523,870.625,-1736.875,-568.75
115523,870.625,-1736.875,-568.75
115535,1019.375,-2296.875,-231.875
115535,1019.375,-2296.875,-231.875
115544,787.5,-2415.0,-148.75
115544,787.5,-2415.0,-148.75
115555,581.875,-2362.5,-13.125
115555,581.875,-2362.5,-13.125
115566,560.0,-2804.375,135.625
115566,560.0,-2804.375,135.625
115576,122.5,-3228.75,323.75
115576,122.5,-3228.75,323.75
115586,-481.25,-3355.625,612.5
115586,-481.25,-3355.625,612.5
115596,-612.5,-3421.25,542.5
115596,-612.5,-3421.25,542.5
115607,-494.375,-3460.625,-280.0
115607,-494.375,-3460.625,-280.0
115617,87.5,-2953.125,-831.25
115617,87.5,-2953.125,-831.25
115628,634.375,-2257.5,-791.875
115628,634.375,-2257.5,-791.875
115638,319.375,-1369.375,-463.75
115638,319.375,-1369.375,-463.75
115648,599.375,-966.875,-599.375
115648,599.375,-966.875,-599.375
115659,1181.25,-958.125,-910.0
115659,1181.25,-958.125,-910.0
115669,1098.125,-796.25,-735.0
115669,1098.125,-796.25,-735.0
115679,800.625,-612.5,-560.0
115679,800.625,-612.5,-560.0
115689,590.625,-673.75,-717.5
115689,590.625,-673.75,-717.5
115700,1150.625,-1001.875,-1347.5
115700,1150.625,-1001.875,-1347.5
115710,1487.5,-1343.125,-1544.375
115710,1487.5,-1343.125,-1544.375
115720,1102.5,-1964.375,-1045.625
115720,1102.5,-1964.375,-1045.625
115731,17.5,-2196.25,-708.75
115731,17.5,-2196.25,-708.75
115741,-861.875,-1583.75,-507.5
115741,-861.875,-1583.75,-507.5
115751,-739.375,-1111.25,-455.0
115751,-739.375,-1111.25,-455.0
115762,-310.625,-1351.875,-581.875
115762,-310.625,-1351.875,-581.875
115772,-105.0,-1750.0,-700.0
115772,-105.0,-1750.0,-700.0
115782,214.375,-1723.75,-481.25
115782,214.375,-1723.75,-481.25
115793,293.125,-1203.125,-196.875
115793,293.125,-1203.125,-196.875
115803,126.875,-910.0,8.75
115803,126.875,-910.0,8.75
115813,406.875,-879.375,-393.75
115813,406.875,-879.375,-393.75
115824,118.125,-669.375,-743.75
115824,118.125,-669.375,-743.75
115834,-669.375,-245.0,-695.625
115834,-669.375,-245.0,-695.625
115844,-1041.25,-153.125,-787.5
115844,-1041.25,-153.125,-787.5
115855,-455.0,-595.0,-700.0
115855,-455.0,-595.0,-700.0
115865,122.5,-1133.125,-293.125
115865,122.5,-1133.125,-293.125
115875,791.875,-1426.25,183.75
115875,791.875,-1426.25,183.75
115885,1303.75,-1172.5,450.625
115885,1303.75,-1172.5,450.625
115896,1115.625,-953.75,656.25
115896,1115.625,-953.75,656.25
115906,490.0,-997.5,848.75
115906,490.0,-997.5,848.75
115916,428.75,-1120.0,485.625
115916,428.75,-1120.0,485.625
115927,730.625,-1255.625,135.625
115927,730.625,-1255.625,135.625
115937,573.125,-927.5,-83.125
115937,573.125,-927.5,-83.125
115947,-153.125,-616.875,140.0
115947,-153.125,-616.875,140.0
115958,-441.875,-1351.875,319.375
115958,-441.875,-1351.875,319.375
115968,306.25,-2266.25,-52.5
115968,306.25,-2266.25,-52.5
115977,896.875,-2270.625,-271.25
115977,896.875,-2270.625,-271.25
115989,813.75,-1465.625,-538.125
115989,813.75,-1465.625,-538.125
115999,665.0,-538.125,-678.125
115999,665.0,-538.125,-678.125
116009,-74.375,-113.75,-406.875
116009,-74.375,-113.75,-406.875
116020,-660.625,-1540.0,590.625
116020,-660.625,-1540.0,590.625
116030,-231.875,-2581.25,135.625
116030,-231.875,-2581.25,135.625
116040,96.25,-2388.75,-113.75
116040,96.25,-2388.75,-113.75
116050,179.375,-1815.625,175.0
116050,179.375,-1815.625,175.0
116061,-131.25,-945.0,218.75
116061,-131.25,-945.0,218.75
116071,-91.875,100.625,-126.875
116071,-91.875,100.625,-126.875
116081,-424.375,533.75,-205.625
116081,-424.375,533.75,-205.625
116092,-358.75,-586.25,227.5
116092,-358.75,-586.25,227.5
116102,787.5,-1710.625,-231.875
116102,787.5,-1710.625,-231.875
116112,1220.625,-1688.75,-459.375
116112,1220.625,-1688.75,-459.375
116123,958.125,-1071.875,-485.625
116123,958.125,-1071.875,-485.625
116133,354.375,-656.25,-796.25
116133,354.375,-656.25,-796.25
116143,13.125,-546.875,-905.625
116143,13.125,-546.875,-905.625
116154,78.75,-1019.375,-533.75
116154,78.75,-1019.375,-533.75
116164,441.875,-1522.5,-341.25
116164,441.875,-1522.5,-341.25
116174,1006.25,-1505.0,-175.0
116174,1006.25,-1505.0,-175.0
116185,1102.5,-1133.125,144.375
116185,1102.5,-1133.125,144.375
116195,778.75,-962.5,166.25
116195,778.75,-962.5,166.25
116205,105.0,-984.375,196.875
116205,105.0,-984.375,196.875
116216,-183.75,-1316.875,-65.625
116216,-183.75,-1316.875,-65.625
116226,78.75,-1898.75,0.0
116226,78.75,-1898.75,0.0
116236,621.25,-2253.125,-223.125
116236,621.25,-2253.125,-223.125
116247,1045.625,-2043.125,-306.25
116247,1045.625,-2043.125,-306.25
116257,713.125,-1207.5,-249.375
116257,713.125,-1207.5,-249.375
116267,1102.5,-380.625,-415.625
116267,1102.5,-380.625,-415.625
116277,1903.125,-148.75,-686.875
116277,1903.125,-148.75,-686.875
116288,2126.25,-170.625,-752.5
116288,2126.25,-170.625,-752.5
116298,1443.75,-564.375,-323.75
116298,1443.75,-564.375,-323.75
116308,83.125,-1168.125,245.0
116308,83.125,-1168.125,245.0
116318,140.0,-1916.25,-39.375
116318,140.0,-1916.25,-39.375
116329,756.875,-2366.875,-96.25
116329,756.875,-2366.875,-96.25
116339,258.125,-1986.25,109.375
116339,258.125,-1986.25,109.375
116350,-603.75,-1382.5,306.25
116350,-603.75,-1382.5,306.25
116360,-533.75,-971.25,201.25
116360,-533.75,-971.25,201.25
116370,-56.875,-1023.75,39.375
116370,-56.875,-1023.75,39.375
116380,170.625,-1045.625,-275.625
116380,170.625,-1045.625,-275.625
116391,109.375,-1216.25,-341.25
116391,109.375,-1216.25,-341.25
116401,-61.25,-1426.25,-529.375
116401,-61.25,-1426.25,-529.375
116412,-74.375,-1115.625,-927.5
116412,-74.375,-1115.625,-927.5
116422,336.875,-910.0,-1163.75
116422,336.875,-910.0,-1163.75
116432,380.625,-621.25,-1045.625
116432,380.625,-621.25,-1045.625
116443,17.5,-1067.5,-446.25
116443,17.5,-1067.5,-446.25
116453,-240.625,-1855.0,205.625
116453,-240.625,-1855.0,205.625
116463,122.5,-1566.25,122.5
116463,122.5,-1566.25,122.5
116473,638.75,-1150.625,-70.0
116473,638.75,-1150.625,-70.0
116484,748.125,-529.375,-468.125
116484,748.125,-529.375,-468.125
116494,463.75,-175.0,-463.75
116494,463.75,-175.0,-463.75
116504,450.625,-770.0,-332.5
116504,450.625,-770.0,-332.5
116515,411.25,-1386.875,-266.875
116515,411.25,-1386.875,-266.875
116525,450.625,-1316.875,-144.375
116525,450.625,-1316.875,-144.375
116535,516.25,-927.5,-61.25
116535,516.25,-927.5,-61.25
116546,481.25,-861.875,-227.5
116546,481.25,-861.875,-227.5
116556,214.375,-787.5,65.625
116556,214.375,-787.5,65.625
116567,577.5,-1553.125,210.0
116567,577.5,-1553.125,210.0
116577,1150.625,-2222.5,8.75
116577,1150.625,-2222.5,8.75
116587,1408.75,-2113.125,91.875
116587,1408.75,-2113.125,91.875
116597,1216.25,-1561.875,118.125
116597,1216.25,-1561.875,118.125
116608,848.75,-752.5,262.5
116608,848.75,-752.5,262.5
116618,280.0,-358.75,498.75
116618,280.0,-358.75,498.75
116628,743.75,-1036.875,363.125
116628,743.75,-1036.875,363.125
116639,1439.375,-1400.0,-109.375
116639,1439.375,-1400.0,-109.375
116649,2012.5,-949.375,-148.75
116649,2012.5,-949.375,-148.75
116659,1890.0,-363.125,-218.75
116659,1890.0,-363.125,-218.75
116669,1544.375,-83.125,-459.375
116669,1544.375,-83.125,-459.375
116680,1579.375,-306.25,-678.125
116680,1579.375,-306.25,-678.125
116690,1662.5,-494.375,-743.75
116690,1662.5,-494.375,-743.75
116700,1347.5,-463.75,-441.875
116700,1347.5,-463.75,-441.875
116711,1006.25,-376.25,-441.875
116711,1006.25,-376.25,-441.875
116721,1150.625,-96.25,-564.375
116721,1150.625,-96.25,-564.375
116731,1098.125,271.25,-616.875
116731,1098.125,271.25,-616.875
116741,1019.375,231.875,-511.875
116741,1019.375,231.875,-511.875
116752,1281.875,70.0,-472.5
116752,1281.875,70.0,-472.5
116762,1653.75,218.75,-599.375
116762,1653.75,218.75,-599.375
116773,1763.125,354.375,-538.125
116773,1763.125,354.375,-538.125
116783,1089.375,4.375,-310.625
116783,1089.375,4.375,-310.625
116793,634.375,-673.75,-275.625
116793,634.375,-673.75,-275.625
116804,1400.0,-1233.75,-476.875
116804,1400.0,-1233.75,-476.875
116814,2358.125,-2060.625,-940.625
116814,2358.125,-2060.625,-940.625
116824,2349.375,-1885.625,-861.875
116824,2349.375,-1885.625,-861.875
116835,1111.25,-1019.375,-428.75
116835,1111.25,-1019.375,-428.75
116845,840.0,-503.125,-196.875
116845,840.0,-503.125,-196.875
116855,1351.875,-756.875,-560.0
116855,1351.875,-756.875,-560.0
116865,1697.5,-966.875,-1001.875
116865,1697.5,-966.875,-1001.875
116876,2152.5,-853.125,-1150.625
116876,2152.5,-853.125,-1150.625
116886,2069.375,-468.125,-1102.5
116886,2069.375,-468.125,-1102.5
116896,1627.5,-787.5,-840.0
116896,1627.5,-787.5,-840.0
116907,1631.875,-1281.875,-726.25
116907,1631.875,-1281.875,-726.25
116917,1505.0,-1115.625,-586.25
116917,1505.0,-1115.625,-586.25
116926,1321.25,-826.875,-371.875
116926,1321.25,-826.875,-371.875
116938,840.0,-971.25,-126.875
116938,840.0,-971.25,-126.875
116948,682.5,-1120.0,-280.0
116948,682.5,-1120.0,-280.0
116958,883.75,-1290.625,-332.5
116958,883.75,-1290.625,-332.5
116969,787.5,-1106.875,-118.125
116969,787.5,-1106.875,-118.125
116979,332.5,-914.375,271.25
116979,332.5,-914.375,271.25
116989,494.375,-791.875,179.375
116989,494.375,-791.875,179.375
117000,822.5,-752.5,-192.5
117000,822.5,-752.5,-192.5
117010,971.25,-901.25,-533.75
117010,971.25,-901.25,-533.75
117020,581.875,-1089.375,-463.75
117020,581.875,-1089.375,-463.75
117031,284.375,-1513.75,-345.625
117031,284.375,-1513.75,-345.625
117041,778.75,-1728.125,-398.125
117041,778.75,-1728.125,-398.125
117051,896.875,-1382.5,-481.25
117051,896.875,-1382.5,-481.25
117061,568.75,-1150.625,17.5
117061,568.75,-1150.625,17.5
117072,901.25,-1067.5,30.625
117072,901.25,-1067.5,30.625
117082,1286.25,-1054.375,-83.125
117082,1286.25,-1054.375,-83.125
117092,1255.625,-826.875,-135.625
117092,1255.625,-826.875,-135.625
117103,647.5,-551.25,-140.0
117103,647.5,-551.25,-140.0
117113,406.875,-380.625,-332.5
117113,406.875,-380.625,-332.5
117123,35.0,-358.75,-126.875
117123,35.0,-358.75,-126.875
117134,-393.75,-494.375,-118.125
117134,-393.75,-494.375,-118.125
117144,-306.25,-599.375,105.0
117144,-306.25,-599.375,105.0
117155,-153.125,-853.125,170.625
117155,-153.125,-853.125,170.625
117164,-91.875,-735.0,35.0
117164,-91.875,-735.0,35.0
117175,144.375,-651.875,-61.25
117175,144.375,-651.875,-61.25
117185,-8.75,-857.5,332.5
117185,-8.75,-857.5,332.5
117196,17.5,-1181.25,647.5
117196,17.5,-1181.25,647.5
117206,634.375,-1491.875,363.125
117206,634.375,-1491.875,363.125
117216,507.5,-1395.625,332.5
117216,507.5,-1395.625,332.5
117227,17.5,-1347.5,385.0
117227,17.5,-1347.5,385.0
117237,-363.125,-1373.75,406.875
117237,-363.125,-1373.75,406.875
117247,-389.375,-1198.75,459.375
117247,-389.375,-1198.75,459.375
117258,-608.125,-1238.125,328.125
117258,-608.125,-1238.125,328.125
117268,-503.125,-1548.75,371.875
117268,-503.125,-1548.75,371.875
117277,-65.625,-1662.5,380.625
117277,-65.625,-1662.5,380.625
117288,354.375,-1426.25,96.25
117288,354.375,-1426.25,96.25
117299,525.0,-1299.375,-48.125
117299,525.0,-1299.375,-48.125
117310,721.875,-1487.5,-70.0
117310,721.875,-1487.5,-70.0
117319,748.125,-1570.625,113.75
117319,748.125,-1570.625,113.75
117330,476.875,-1281.875,205.625
117330,476.875,-1281.875,205.625
117340,-105.0,-1242.5,231.875
117340,-105.0,-1242.5,231.875
117351,-411.25,-1356.25,249.375
117351,-411.25,-1356.25,249.375
117361,-485.625,-1505.0,297.5
117361,-485.625,-1505.0,297.5
117371,-568.75,-1334.375,30.625
117371,-568.75,-1334.375,30.625
117381,-376.25,-1264.375,-122.5
117381,-376.25,-1264.375,-122.5
117392,-100.625,-1268.75,-13.125
117392,-100.625,-1268.75,-13.125
117402,52.5,-1150.625,-4.375
117402,52.5,-1150.625,-4.375
117412,-437.5,-1159.375,105.0
117412,-437.5,-1159.375,105.0
117423,-656.25,-1264.375,-39.375
117423,-656.25,-1264.375,-39.375
117433,-735.0,-975.625,-210.0
117433,-735.0,-975.625,-210.0
117443,-949.375,-660.625,-87.5
117443,-949.375,-660.625,-87.5
117454,-966.875,-861.875,-122.5
117454,-966.875,-861.875,-122.5
117464,-450.625,-774.375,-350.0
117464,-450.625,-774.375,-350.0
117474,126.875,-910.0,-516.25
117474,126.875,-910.0,-516.25
117485,258.125,-1089.375,-385.0
117485,258.125,-1089.375,-385.0
117495,170.625,-1098.125,-105.0
117495,170.625,-1098.125,-105.0
117505,341.25,-1058.75,-87.5
117505,341.25,-1058.75,-87.5
117515,288.75,-1019.375,-126.875
117515,288.75,-1019.375,-126.875
117526,306.25,-770.0,-175.0
117526,306.25,-770.0,-175.0
117536,284.375,-651.875,-306.25
117536,284.375,-651.875,-306.25
117547,87.5,-822.5,-52.5
117547,87.5,-822.5,-52.5
117557,-52.5,-1176.875,105.0
117557,-52.5,-1176.875,105.0
117566,-179.375,-945.0,245.0
117566,-179.375,-945.0,245.0
117577,4.375,-1102.5,428.75
117577,4.375,-1102.5,428.75
117588,236.25,-1386.875,450.625
117588,236.25,-1386.875,450.625
117598,96.25,-1155.0,406.875
117598,96.25,-1155.0,406.875
117608,4.375,-761.25,468.125
117608,4.375,-761.25,468.125
117619,13.125,-643.125,288.75
117619,13.125,-643.125,288.75
117629,96.25,-700.0,-56.875
117629,96.25,-700.0,-56.875
117639,332.5,-831.25,-376.25
117639,332.5,-831.25,-376.25
117650,280.0,-958.125,-275.625
117650,280.0,-958.125,-275.625
117660,-35.0,-945.0,135.625
117660,-35.0,-945.0,135.625
117670,-371.875,-1242.5,498.75
117670,-371.875,-1242.5,498.75
117680,-253.75,-1732.5,573.125
117680,-253.75,-1732.5,573.125
117691,-52.5,-1981.875,288.75
117691,-52.5,-1981.875,288.75
117701,310.625,-1715.0,341.25
117701,310.625,-1715.0,341.25
117711,441.875,-1351.875,376.25
117711,441.875,-1351.875,376.25
117722,651.875,-971.25,39.375
117722,651.875,-971.25,39.375
117732,564.375,-533.75,-131.25
117732,564.375,-533.75,-131.25
117743,52.5,-376.25,-65.625
117743,52.5,-376.25,-65.625
117753,-437.5,-516.25,26.25
117753,-437.5,-516.25,26.25
117763,-65.625,-966.875,140.0
117763,-65.625,-966.875,140.0
117774,301.875,-1220.625,153.125
117774,301.875,-1220.625,153.125
117784,437.5,-1299.375,323.75
117784,437.5,-1299.375,323.75
117794,568.75,-1150.625,516.25
117794,568.75,-1150.625,516.25
117804,704.375,-1316.875,656.25
117804,704.375,-1316.875,656.25
117815,778.75,-1710.625,599.375
117815,778.75,-1710.625,599.375
117825,888.125,-2021.25,533.75
117825,888.125,-2021.25,533.75
117835,682.5,-1715.0,402.5
117835,682.5,-1715.0,402.5
117846,634.375,-1378.125,74.375
117846,634.375,-1378.125,74.375
117856,660.625,-1207.5,148.75
117856,660.625,-1207.5,148.75
117866,778.75,-1058.75,441.875
117866,778.75,-1058.75,441.875
117877,336.875,-682.5,538.125
117877,336.875,-682.5,538.125
117887,135.625,-516.25,630.0
117887,135.625,-516.25,630.0
117898,266.875,-573.125,520.625
117898,266.875,-573.125,520.625
117907,328.125,-914.375,271.25
117907,328.125,-914.375,271.25
117918,271.25,-1220.625,0.0
117918,271.25,-1220.625,0.0
117928,301.875,-1706.25,297.5
117928,301.875,-1706.25,297.5
117939,634.375,-2235.625,424.375
117939,634.375,-2235.625,424.375
117949,341.25,-2038.75,231.875
117949,341.25,-2038.75,231.875
117959,-301.875,-2038.75,380.625
117959,-301.875,-2038.75,380.625
117969,-122.5,-1876.875,271.25
117969,-122.5,-1876.875,271.25
117980,166.25,-1671.25,61.25
117980,166.25,-1671.25,61.25
117990,-214.375,-1421.875,231.875
117990,-214.375,-1421.875,231.875
118000,-700.0,-1185.625,376.25
118000,-700.0,-1185.625,376.25
118011,-494.375,-1281.875,-52.5
118011,-494.375,-1281.875,-52.5
118021,21.875,-1312.5,-472.5
118021,21.875,-1312.5,-472.5
118031,105.0,-1242.5,-507.5
118031,105.0,-1242.5,-507.5
118042,-61.25,-1220.625,-406.875
118042,-61.25,-1220.625,-406.875
118052,35.0,-1448.125,-608.125
118052,35.0,-1448.125,-608.125
118062,332.5,-1750.0,-599.375
118062,332.5,-1750.0,-599.375
118073,301.875,-1636.25,-634.375
118073,301.875,-1636.25,-634.375
118083,-240.625,-1505.0,-371.875
118083,-240.625,-1505.0,-371.875
118094,-560.0,-1570.625,61.25
118094,-560.0,-1570.625,61.25
118103,-490.0,-1518.125,205.625
118103,-490.0,-1518.125,205.625
118114,-157.5,-1579.375,52.5
118114,-157.5,-1579.375,52.5
