122593,13.125,78.75,-183.75
122593,13.125,78.75,-183.75
122603,-109.375,74.375,-148.75
122603,-109.375,74.375,-148.75
122755,-420.0,-227.5,188.125
122755,-420.0,-227.5,188.125
122765,-490.0,-310.625,135.625
122765,-490.0,-310.625,135.625
122916,-1570.625,262.5,5398.75
122916,-1570.625,262.5,5398.75
122926,-1273.125,-297.5,6387.5
122926,-1273.125,-297.5,6387.5
123077,-8150.625,9817.5,-673.75
123077,-8150.625,9817.5,-673.75
123088,-3556.875,13982.5,8785.0
123088,-3556.875,13982.5,8785.0
123199,-8238.125,9638.125,-40481.875
123199,-8238.125,9638.125,-40481.875
123209,-10500.0,7756.875,-41855.625
123209,-10500.0,7756.875,-41855.625
123360,354.375,-3815.0,-17736.25
123360,354.375,-3815.0,-17736.25
123369,310.625,-4812.5,-16191.875
123369,310.625,-4812.5,-16191.875
123521,-542.5,214.375,1968.75
123521,-542.5,214.375,1968.75
123530,-26.25,813.75,2843.75
123530,-26.25,813.75,2843.75
123683,12862.5,44721.25,55658.75
123683,12862.5,44721.25,55658.75
123693,980.0,37463.125,48536.25
123693,980.0,37463.125,48536.25
123844,3395.0,-4208.75,1863.75
123844,3395.0,-4208.75,1863.75
123855,-393.75,-3408.125,3206.875
123855,-393.75,-3408.125,3206.875
123945,-301.875,-350.0,455.0
123945,-301.875,-350.0,455.0
123955,-555.625,-262.5,446.25
123955,-555.625,-262.5,446.25
124097,-157.5,-78.75,-476.875
124097,-157.5,-78.75,-476.875
124107,-153.125,65.625,-358.75
124107,-153.125,65.625,-358.75
124117,-70.0,126.875,-271.25
124117,-70.0,126.875,-271.25
124178,1010.625,345.625,-126.875
124178,1010.625,345.625,-126.875
124187,927.5,354.375,-105.0
124187,927.5,354.375,-105.0
124259,376.25,-21.875,39.375
124259,376.25,-21.875,39.375
124268,428.75,-43.75,-26.25
124268,428.75,-43.75,-26.25
124420,153.125,-13.125,-218.75
124420,153.125,-13.125,-218.75
124430,-17.5,-61.25,-118.125
124430,-17.5,-61.25,-118.125
124581,192.5,-35.0,-91.875
124581,192.5,-35.0,-91.875
124590,188.125,35.0,-87.5
124590,188.125,35.0,-87.5
124743,-96.25,-170.625,-39.375
124743,-96.25,-170.625,-39.375
124752,-91.875,-183.75,-65.625
124752,-91.875,-183.75,-65.625
124904,-21.875,-70.0,-175.0
124904,-21.875,-70.0,-175.0
124914,-21.875,-43.75,-183.75
124914,-21.875,-43.75,-183.75
125066,122.5,-35.0,-61.25
125066,122.5,-35.0,-61.25
125075,126.875,-26.25,-26.25
125075,126.875,-26.25,-26.25
125227,65.625,-100.625,-100.625
125227,65.625,-100.625,-100.625
125237,30.625,-61.25,-78.75
125237,30.625,-61.25,-78.75
125388,87.5,-52.5,21.875
125388,87.5,-52.5,21.875
125398,52.5,-70.0,26.25
125398,52.5,-70.0,26.25
