78786,15540.0,28546.875,-11790.625
78786,15540.0,28546.875,-11790.625
78796,9607.5,27238.75,-1824.375
78796,9607.5,27238.75,-1824.375
78807,2537.5,26648.125,10368.75
78807,2537.5,26648.125,10368.75
78817,2485.0,26280.625,25550.0
78817,2485.0,26280.625,25550.0
78828,2572.5,32073.125,38915.625
78828,2572.5,32073.125,38915.625
78838,-4672.5,44406.25,49896.875
78838,-4672.5,44406.25,49896.875
78848,-15050.0,56126.875,64706.25
78848,-15050.0,56126.875,64706.25
78858,-28406.875,82162.5,79756.25
78858,-28406.875,82162.5,79756.25
78868,-30983.75,111116.25,103390.0
78868,-30983.75,111116.25,103390.0
78879,-29264.375,137108.125,128161.25
78879,-29264.375,137108.125,128161.25
78889,-26468.75,-143360.0,140266.875
78889,-26468.75,-143360.0,140266.875
78900,-36859.375,143272.5,143351.25
78900,-36859.375,143272.5,143351.25
78910,-63393.75,143176.25,-143360.0
78910,-63393.75,143176.25,-143360.0
78920,-86489.375,-143360.0,143325.0
78920,-86489.375,-143360.0,143325.0
78931,-114546.25,-143360.0,143355.625
78931,-114546.25,-143360.0,143355.625
78941,-143360.0,143355.625,-143360.0
78941,-143360.0,143355.625,-143360.0
78951,-76571.25,-143360.0,-143360.0
78951,-76571.25,-143360.0,-143360.0
78962,143355.625,-143360.0,48553.75
78962,143355.625,-143360.0,48553.75
78972,143355.625,-143360.0,-133380.625
78972,143355.625,-143360.0,-133380.625
78982,53081.875,-143360.0,-58581.25
78982,53081.875,-143360.0,-58581.25
78993,22855.0,-143360.0,60580.625
78993,22855.0,-143360.0,60580.625
79003,43544.375,138897.5,22846.25
79003,43544.375,138897.5,22846.25
79013,92273.125,85955.625,50299.375
79013,92273.125,85955.625,50299.375
79024,143355.625,70021.875,64211.875
79024,143355.625,70021.875,64211.875
79035,143355.625,62203.75,-7717.5
79035,143355.625,62203.75,-7717.5
79044,142310.0,33656.875,3010.0
79044,142310.0,33656.875,3010.0
79054,116913.125,38276.875,23257.5
79054,116913.125,38276.875,23257.5
79065,32305.0,50001.875,41181.875
79065,32305.0,50001.875,41181.875
79075,-56494.375,57548.75,68565.0
79075,-56494.375,57548.75,68565.0
79085,-110236.875,76208.125,77910.0
79085,-110236.875,76208.125,77910.0
79096,-133901.25,83090.0,76440.0
79096,-133901.25,83090.0,76440.0
79106,-137926.25,74375.0,68595.625
79106,-137926.25,74375.0,68595.625
79116,-122150.0,57290.625,50872.5
79116,-122150.0,57290.625,50872.5
79127,-92789.375,32860.625,31491.25
79127,-92789.375,32860.625,31491.25
79137,-64509.375,6978.125,15767.5
79137,-64509.375,6978.125,15767.5
79147,-45088.75,-8719.375,-2038.75
79147,-45088.75,-8719.375,-2038.75
79158,-37821.875,-18208.75,-13772.5
79158,-37821.875,-18208.75,-13772.5
79168,-38491.25,-22141.875,-21284.375
79168,-38491.25,-22141.875,-21284.375
79178,-41663.125,-20037.5,-26005.0
79178,-41663.125,-20037.5,-26005.0
79189,-46068.75,-13654.375,-25681.25
79189,-46068.75,-13654.375,-25681.25
79199,-49503.125,-5582.5,-23143.75
79199,-49503.125,-5582.5,-23143.75
79209,-51318.75,2944.375,-22496.25
79209,-51318.75,2944.375,-22496.25
79220,-53418.75,10018.75,-24040.625
79220,-53418.75,10018.75,-24040.625
79231,-51550.625,15474.375,-29500.625
79231,-51550.625,15474.375,-29500.625
79240,-47985.0,19792.5,-35704.375
79240,-47985.0,19792.5,-35704.375
79250,-42253.75,23953.125,-42091.875
79250,-42253.75,23953.125,-42091.875
79261,-34370.0,28166.25,-48282.5
79261,-34370.0,28166.25,-48282.5
79272,-26044.375,32659.375,-53103.75
79272,-26044.375,32659.375,-53103.75
79281,-19840.625,38316.25,-55186.25
79281,-19840.625,38316.25,-55186.25
79292,-16655.625,42774.375,-53011.875
79292,-16655.625,42774.375,-53011.875
79302,-16738.75,44253.125,-48693.75
79302,-16738.75,44253.125,-48693.75
79312,-17045.0,42634.375,-45185.0
79312,-17045.0,42634.375,-45185.0
79322,-12691.875,37896.25,-44091.25
79322,-12691.875,37896.25,-44091.25
79333,-5368.125,31198.125,-43649.375
79333,-5368.125,31198.125,-43649.375
79342,1583.75,25213.125,-43741.25
79342,1583.75,25213.125,-43741.25
79353,5000.625,19766.25,-42463.75
79353,5000.625,19766.25,-42463.75
79364,4497.5,15518.125,-40823.125
79364,4497.5,15518.125,-40823.125
79374,3574.375,12394.375,-41632.5
79374,3574.375,12394.375,-41632.5
79385,2065.0,9699.375,-44616.25
79385,2065.0,9699.375,-44616.25
79395,6938.75,3250.625,-21385.0
79395,6938.75,3250.625,-21385.0
79405,110906.25,36973.125,137388.125
79405,110906.25,36973.125,137388.125
79415,-45530.625,-91962.5,-143360.0
79415,-45530.625,-91962.5,-143360.0
79425,-143360.0,-136408.125,48470.625
79425,-143360.0,-136408.125,48470.625
79436,-143360.0,33368.125,-114366.875
79436,-143360.0,33368.125,-114366.875
79447,-80968.125,5350.625,-80714.375
79447,-80968.125,5350.625,-80714.375
79457,132317.5,-31482.5,-58314.375
79457,132317.5,-31482.5,-58314.375
79468,143355.625,-16795.625,-91708.75
79468,143355.625,-16795.625,-91708.75
79477,125947.5,-47551.875,-69930.0
79477,125947.5,-47551.875,-69930.0
79488,56940.625,-55330.625,-6816.25
79488,56940.625,-55330.625,-6816.25
79498,27418.125,-11318.125,15618.75
79498,27418.125,-11318.125,15618.75
79508,42713.125,31920.0,-9515.625
79508,42713.125,31920.0,-9515.625
79519,65121.875,35599.375,-26088.125
79519,65121.875,35599.375,-26088.125
79529,70770.0,18081.875,-25103.75
79529,70770.0,18081.875,-25103.75
79540,64636.25,6440.0,-23056.25
79540,64636.25,6440.0,-23056.25
79550,59705.625,5871.25,-23003.75
79550,59705.625,5871.25,-23003.75
79560,55085.625,6930.0,-22583.75
79560,55085.625,6930.0,-22583.75
79570,42367.5,4366.25,-15102.5
79570,42367.5,4366.25,-15102.5
79581,32738.125,1246.875,-9598.75
79581,32738.125,1246.875,-9598.75
79591,24845.625,927.5,-5381.25
79591,24845.625,927.5,-5381.25
79601,17071.25,1299.375,-5013.75
79601,17071.25,1299.375,-5013.75
79612,8977.5,800.625,-7205.625
79612,8977.5,800.625,-7205.625
79622,1448.125,-240.625,-8448.125
79622,1448.125,-240.625,-8448.125
79632,-4742.5,-490.0,-6295.625
79632,-4742.5,-490.0,-6295.625
79643,-8785.0,-520.625,-2388.75
79643,-8785.0,-520.625,-2388.75
79653,-11125.625,-756.875,476.875
79653,-11125.625,-756.875,476.875
79663,-12013.75,-1907.5,2432.5
79663,-12013.75,-1907.5,2432.5
79674,-11283.125,-3049.375,3574.375
79674,-11283.125,-3049.375,3574.375
79684,-9852.5,-2581.25,3937.5
79684,-9852.5,-2581.25,3937.5
79694,-8203.125,-1295.0,3928.75
79694,-8203.125,-1295.0,3928.75
79704,-6116.25,-1071.875,4208.75
79704,-6116.25,-1071.875,4208.75
79715,-3355.625,-1185.625,3902.5
79715,-3355.625,-1185.625,3902.5
79725,-761.25,-1041.25,2861.25
79725,-761.25,-1041.25,2861.25
79735,1421.875,-879.375,1526.875
79735,1421.875,-879.375,1526.875
79746,4055.625,-883.75,945.0
79746,4055.625,-883.75,945.0
79756,6020.0,-1736.875,1128.75
79756,6020.0,-1736.875,1128.75
79766,7651.875,-2428.125,905.625
79766,7651.875,-2428.125,905.625
79777,8470.0,-2716.875,-350.0
79777,8470.0,-2716.875,-350.0
79787,8570.625,-2848.125,-1452.5
79787,8570.625,-2848.125,-1452.5
79797,8334.375,-2699.375,-1583.75
79797,8334.375,-2699.375,-1583.75
79808,7866.25,-2183.125,-1225.0
79808,7866.25,-2183.125,-1225.0
79818,6676.25,-1841.875,-949.375
79818,6676.25,-1841.875,-949.375
79828,5604.375,-1137.5,-1636.25
79828,5604.375,-1137.5,-1636.25
79839,4917.5,-1141.875,-1828.75
79839,4917.5,-1141.875,-1828.75
79849,4335.625,-1137.5,-1666.875
79849,4335.625,-1137.5,-1666.875
79859,3885.0,-813.75,-1789.375
79859,3885.0,-813.75,-1789.375
79870,3290.0,-227.5,-2638.125
79870,3290.0,-227.5,-2638.125
79880,2629.375,363.125,-3460.625
79880,2629.375,363.125,-3460.625
79890,1579.375,441.875,-3648.75
79890,1579.375,441.875,-3648.75
79900,525.0,595.0,-3329.375
79900,525.0,595.0,-3329.375
79911,-848.75,1421.875,-2909.375
79911,-848.75,1421.875,-2909.375
79921,-1785.0,2183.125,-2900.625
79921,-1785.0,2183.125,-2900.625
79932,-2244.375,2209.375,-3390.625
79932,-2244.375,2209.375,-3390.625
79942,-2086.875,1592.5,-3198.125
79942,-2086.875,1592.5,-3198.125
79952,-1732.5,1185.625,-2900.625
79952,-1732.5,1185.625,-2900.625
79962,-1850.625,818.125,-3128.125
79962,-1850.625,818.125,-3128.125
79973,-2117.5,520.625,-3307.5
79973,-2117.5,520.625,-3307.5
79983,-2086.875,-26.25,-2590.0
79983,-2086.875,-26.25,-2590.0
79993,-1767.5,-441.875,-2025.625
79993,-1767.5,-441.875,-2025.625
80004,-1452.5,-262.5,-2051.875
80004,-1452.5,-262.5,-2051.875
80014,-918.75,166.25,-2248.75
80014,-918.75,166.25,-2248.75
80024,-87.5,774.375,-2638.125
80024,-87.5,774.375,-2638.125
80035,-323.75,1465.625,-2651.25
80035,-323.75,1465.625,-2651.25
80045,-472.5,1763.125,-2590.0
80045,-472.5,1763.125,-2590.0
80055,-551.25,1610.0,-2629.375
80055,-551.25,1610.0,-2629.375
80064,-345.625,997.5,-2393.125
80064,-345.625,997.5,-2393.125
80076,-472.5,131.25,-1780.625
80076,-472.5,131.25,-1780.625
80086,-210.0,-630.0,-1050.0
80086,-210.0,-630.0,-1050.0
80096,-65.625,-1137.5,-516.25
80096,-65.625,-1137.5,-516.25
80107,0.0,-1041.25,-748.125
80107,0.0,-1041.25,-748.125
80117,380.625,-1172.5,-971.25
80117,380.625,-1172.5,-971.25
80128,765.625,-1260.0,-861.875
80128,765.625,-1260.0,-861.875
80138,573.125,-1763.125,-126.875
80138,573.125,-1763.125,-126.875
80148,301.875,-2463.125,354.375
80148,301.875,-2463.125,354.375
80158,35.0,-2598.75,446.25
80158,35.0,-2598.75,446.25
80169,13.125,-2008.125,393.75
80169,13.125,-2008.125,393.75
80179,354.375,-1487.5,258.125
80179,354.375,-1487.5,258.125
80189,455.0,-1216.25,196.875
80189,455.0,-1216.25,196.875
80200,621.25,-1378.125,122.5
80200,621.25,-1378.125,122.5
80210,1089.375,-1443.75,-183.75
80210,1089.375,-1443.75,-183.75
80220,1373.75,-1290.625,-577.5
80220,1373.75,-1290.625,-577.5
80231,1321.25,-1054.375,-765.625
80231,1321.25,-1054.375,-765.625
80241,1413.125,-778.75,-831.25
80241,1413.125,-778.75,-831.25
80251,1225.0,-595.0,-476.875
80251,1225.0,-595.0,-476.875
80262,901.25,-708.75,43.75
80262,901.25,-708.75,43.75
80272,752.5,-971.25,135.625
80272,752.5,-971.25,135.625
80282,774.375,-1443.75,-83.125
80282,774.375,-1443.75,-83.125
80293,1421.875,-1535.625,-463.75
80293,1421.875,-1535.625,-463.75
80303,1408.75,-1172.5,-441.875
80303,1408.75,-1172.5,-441.875
80313,866.25,-835.625,-573.125
80313,866.25,-835.625,-573.125
80323,463.75,-332.5,-1063.125
80323,463.75,-332.5,-1063.125
80334,223.125,135.625,-1308.125
80334,223.125,135.625,-1308.125
80344,118.125,-682.5,-665.0
80344,118.125,-682.5,-665.0
80354,-297.5,-1990.625,-144.375
80354,-297.5,-1990.625,-144.375
80365,-96.25,-2485.0,-306.25
80365,-96.25,-2485.0,-306.25
80375,481.25,-2730.0,-328.125
80375,481.25,-2730.0,-328.125
80385,809.375,-2489.375,-179.375
80385,809.375,-2489.375,-179.375
80396,678.125,-1780.625,-280.0
80396,678.125,-1780.625,-280.0
80406,56.875,-691.25,-131.25
80406,56.875,-691.25,-131.25
80416,-861.875,-363.125,126.875
80416,-861.875,-363.125,126.875
80427,-1290.625,-1085.0,485.625
80427,-1290.625,-1085.0,485.625
80436,-573.125,-1666.875,608.125
80436,-573.125,-1666.875,608.125
80448,516.25,-1732.5,748.125
80448,516.25,-1732.5,748.125
80458,1238.125,-1163.75,726.25
80458,1238.125,-1163.75,726.25
80468,1548.75,-336.875,459.375
80468,1548.75,-336.875,459.375
80478,1225.0,735.0,39.375
80478,1225.0,735.0,39.375
80489,870.625,1085.0,-52.5
80489,870.625,1085.0,-52.5
80499,406.875,-83.125,105.0
80499,406.875,-83.125,105.0
80509,459.375,-1268.75,240.625
80509,459.375,-1268.75,240.625
80519,319.375,-1452.5,472.5
80519,319.375,-1452.5,472.5
80530,-48.125,-1251.25,783.125
80530,-48.125,-1251.25,783.125
80540,-555.625,-1207.5,892.5
80540,-555.625,-1207.5,892.5
80550,-564.375,-1321.25,752.5
80550,-564.375,-1321.25,752.5
80561,144.375,-1513.75,398.125
80561,144.375,-1513.75,398.125
80570,1229.375,-1863.75,231.875
80570,1229.375,-1863.75,231.875
80581,1400.0,-2113.125,258.125
80581,1400.0,-2113.125,258.125
80591,1386.875,-2235.625,253.75
80591,1386.875,-2235.625,253.75
80602,1732.5,-2301.25,306.25
80602,1732.5,-2301.25,306.25
80612,1732.5,-2358.125,306.25
80612,1732.5,-2358.125,306.25
80622,1456.875,-2196.25,135.625
80622,1456.875,-2196.25,135.625
80633,1238.125,-1986.25,-17.5
80633,1238.125,-1986.25,-17.5
80644,945.0,-2003.75,266.875
80644,945.0,-2003.75,266.875
80654,953.75,-1745.625,218.75
80654,953.75,-1745.625,218.75
80664,966.875,-1719.375,35.0
80664,966.875,-1719.375,35.0
80674,783.125,-1645.0,-56.875
80674,783.125,-1645.0,-56.875
80685,691.25,-1478.75,83.125
80685,691.25,-1478.75,83.125
80695,398.125,-1242.5,-201.25
80695,398.125,-1242.5,-201.25
80705,249.375,-1041.25,-441.875
80705,249.375,-1041.25,-441.875
80715,673.75,-940.625,-433.125
80715,673.75,-940.625,-433.125
80726,966.875,-743.75,-196.875
80726,966.875,-743.75,-196.875
80736,546.875,-463.75,205.625
80736,546.875,-463.75,205.625
80746,-74.375,-345.625,700.0
80746,-74.375,-345.625,700.0
80757,-245.0,-428.75,765.625
80757,-245.0,-428.75,765.625
80767,-210.0,-875.0,573.125
80767,-210.0,-875.0,573.125
80777,-179.375,-1058.75,91.875
80777,-179.375,-1058.75,91.875
80788,223.125,-875.0,-166.25
80788,223.125,-875.0,-166.25
80797,630.0,-1015.0,-389.375
80797,630.0,-1015.0,-389.375
80808,1006.25,-1190.0,-643.125
80808,1006.25,-1190.0,-643.125
80819,875.0,-966.875,-490.0
80819,875.0,-966.875,-490.0
80829,800.625,-896.875,-450.625
80829,800.625,-896.875,-450.625
80840,774.375,-953.75,-555.625
80840,774.375,-953.75,-555.625
80850,608.125,-993.125,-603.75
80850,608.125,-993.125,-603.75
80860,148.75,-774.375,-638.75
80860,148.75,-774.375,-638.75
80870,-109.375,-809.375,-196.875
80870,-109.375,-809.375,-196.875
80881,481.25,-826.875,-227.5
80881,481.25,-826.875,-227.5
80891,1071.875,-730.625,-385.0
80891,1071.875,-730.625,-385.0
80901,1260.0,-857.5,-538.125
80901,1260.0,-857.5,-538.125
80912,1211.875,-984.375,-511.875
80912,1211.875,-984.375,-511.875
80922,901.25,-1106.875,-441.875
80922,901.25,-1106.875,-441.875
80932,818.125,-1190.0,-590.625
80932,818.125,-1190.0,-590.625
80942,586.25,-796.25,-848.75
80942,586.25,-796.25,-848.75
80953,529.375,-262.5,-945.0
80953,529.375,-262.5,-945.0
80963,805.0,-205.625,-1032.5
80963,805.0,-205.625,-1032.5
80973,945.0,-463.75,-1229.375
80973,945.0,-463.75,-1229.375
80984,1198.75,-310.625,-1198.75
80984,1198.75,-310.625,-1198.75
80994,1146.25,-389.375,-1128.75
80994,1146.25,-389.375,-1128.75
81004,721.875,-603.75,-1111.25
81004,721.875,-603.75,-1111.25
81015,179.375,-875.0,-866.25
81015,179.375,-875.0,-866.25
81025,-245.0,-918.75,-472.5
81025,-245.0,-918.75,-472.5
81036,-638.75,-1203.125,-196.875
81036,-638.75,-1203.125,-196.875
81046,-1019.375,-1308.125,-43.75
81046,-1019.375,-1308.125,-43.75
81056,-774.375,-949.375,-105.0
81056,-774.375,-949.375,-105.0
81066,-433.125,-1102.5,-113.75
81066,-433.125,-1102.5,-113.75
81077,-188.125,-1522.5,-293.125
81077,-188.125,-1522.5,-293.125
81087,17.5,-1522.5,-551.25
81087,17.5,-1522.5,-551.25
81097,192.5,-1522.5,-608.125
81097,192.5,-1522.5,-608.125
81108,39.375,-1671.25,-787.5
81108,39.375,-1671.25,-787.5
81118,65.625,-1325.625,-1036.875
81118,65.625,-1325.625,-1036.875
81128,411.25,-923.125,-1058.75
81128,411.25,-923.125,-1058.75
81138,857.5,-923.125,-1098.125
81138,857.5,-923.125,-1098.125
81149,1146.25,-1557.5,-774.375
81149,1146.25,-1557.5,-774.375
81159,1334.375,-2415.0,-424.375
81159,1334.375,-2415.0,-424.375
81169,1360.625,-2353.75,-555.625
81169,1360.625,-2353.75,-555.625
81180,835.625,-1960.0,-284.375
81180,835.625,-1960.0,-284.375
81190,542.5,-1776.25,35.0
81190,542.5,-1776.25,35.0
81200,616.875,-1850.625,39.375
81200,616.875,-1850.625,39.375
81210,1076.25,-1789.375,-175.0
81210,1076.25,-1789.375,-175.0
81221,1303.75,-1557.5,-450.625
81221,1303.75,-1557.5,-450.625
81232,726.25,-1194.375,-402.5
81232,726.25,-1194.375,-402.5
81242,-118.125,-1071.875,-205.625
81242,-118.125,-1071.875,-205.625
81252,-398.125,-1124.375,-227.5
81252,-398.125,-1124.375,-227.5
81262,-385.0,-905.625,-428.75
81262,-385.0,-905.625,-428.75
81273,-56.875,-910.0,-428.75
81273,-56.875,-910.0,-428.75
81283,-65.625,-813.75,-551.25
81283,-65.625,-813.75,-551.25
81293,-175.0,-616.875,-581.875
81293,-175.0,-616.875,-581.875
81304,-424.375,-625.625,-520.625
81304,-424.375,-625.625,-520.625
81314,-800.625,-761.25,-603.75
81314,-800.625,-761.25,-603.75
81324,-695.625,-1058.75,-525.0
81324,-695.625,-1058.75,-525.0
81335,-472.5,-1085.0,-236.25
81335,-472.5,-1085.0,-236.25
81345,-39.375,-1124.375,-30.625
81345,-39.375,-1124.375,-30.625
81355,402.5,-848.75,-284.375
81355,402.5,-848.75,-284.375
81365,665.0,-638.75,-385.0
81365,665.0,-638.75,-385.0
81376,1076.25,-555.625,-385.0
81376,1076.25,-555.625,-385.0
81386,1211.875,-568.75,-476.875
81386,1211.875,-568.75,-476.875
81396,498.75,-840.0,-284.375
81396,498.75,-840.0,-284.375
81407,61.25,-910.0,-13.125
81407,61.25,-910.0,-13.125
81417,280.0,-1155.0,140.0
81417,280.0,-1155.0,140.0
81428,791.875,-1356.25,223.125
81428,791.875,-1356.25,223.125
81438,888.125,-1356.25,214.375
81438,888.125,-1356.25,214.375
81448,949.375,-1111.25,161.875
81448,949.375,-1111.25,161.875
81458,840.0,-1155.0,258.125
81458,840.0,-1155.0,258.125
81469,345.625,-1163.75,201.25
81469,345.625,-1163.75,201.25
81479,-91.875,-1063.125,126.875
81479,-91.875,-1063.125,126.875
81489,-74.375,-1172.5,599.375
81489,-74.375,-1172.5,599.375
81500,105.0,-1098.125,756.875
81500,105.0,-1098.125,756.875
81510,363.125,-870.625,778.75
81510,363.125,-870.625,778.75
81520,520.625,-1076.25,896.875
81520,520.625,-1076.25,896.875
81530,590.625,-1050.0,603.75
81530,590.625,-1050.0,603.75
81541,700.0,-1260.0,83.125
81541,700.0,-1260.0,83.125
81551,415.625,-1448.125,315.0
81551,415.625,-1448.125,315.0
81561,-21.875,-1325.625,555.625
81561,-21.875,-1325.625,555.625
81572,-577.5,-1067.5,660.625
81572,-577.5,-1067.5,660.625
81582,-406.875,-743.75,288.75
81582,-406.875,-743.75,288.75
81592,-74.375,-651.875,-78.75
81592,-74.375,-651.875,-78.75
81603,441.875,-573.125,-179.375
81603,441.875,-573.125,-179.375
81613,590.625,-770.0,83.125
81613,590.625,-770.0,83.125
81624,713.125,-1006.25,-96.25
81624,713.125,-1006.25,-96.25
81634,1128.75,-1203.125,-157.5
81634,1128.75,-1203.125,-157.5
81644,1277.5,-1452.5,-214.375
81644,1277.5,-1452.5,-214.375
81654,2069.375,-1964.375,-800.625
81654,2069.375,-1964.375,-800.625
81665,2629.375,-1413.125,-1176.875
81665,2629.375,-1413.125,-1176.875
81675,2629.375,-621.25,-796.25
81675,2629.375,-621.25,-796.25
81685,2563.75,-328.125,-713.125
81685,2563.75,-328.125,-713.125
81696,2835.0,-914.375,-721.875
81696,2835.0,-914.375,-721.875
81706,3062.5,-1697.5,-700.0
81706,3062.5,-1697.5,-700.0
81716,2655.625,-2012.5,-721.875
81716,2655.625,-2012.5,-721.875
81726,1933.75,-1776.25,-704.375
81726,1933.75,-1776.25,-704.375
81736,1321.25,-1487.5,-573.125
81736,1321.25,-1487.5,-573.125
81746,1229.375,-1299.375,-752.5
81746,1229.375,-1299.375,-752.5
81757,1623.125,-1150.625,-1260.0
81757,1623.125,-1150.625,-1260.0
81768,1710.625,-1102.5,-1610.0
81768,1710.625,-1102.5,-1610.0
81778,1946.875,-673.75,-2108.75
81778,1946.875,-673.75,-2108.75
81788,2393.125,-546.875,-2476.25
81788,2393.125,-546.875,-2476.25
81799,2463.125,-568.75,-2406.25
81799,2463.125,-568.75,-2406.25
81809,1920.625,-726.25,-2021.25
81809,1920.625,-726.25,-2021.25
81819,1570.625,-910.0,-1715.0
81819,1570.625,-910.0,-1715.0
81830,1006.25,-1050.0,-1229.375
81830,1006.25,-1050.0,-1229.375
81840,765.625,-1426.25,-520.625
81840,765.625,-1426.25,-520.625
81849,883.75,-1881.25,-231.875
81849,883.75,-1881.25,-231.875
81861,1006.25,-2231.25,-144.375
81861,1006.25,-2231.25,-144.375
81871,1198.75,-2375.625,-306.25
81871,1198.75,-2375.625,-306.25
