95328,13.125,48.125,-48.125
95328,13.125,48.125,-48.125
95338,0.0,13.125,-52.5
95338,0.0,13.125,-52.5
95490,30.625,30.625,-91.875
95490,30.625,30.625,-91.875
95500,39.375,83.125,-39.375
95500,39.375,83.125,-39.375
95652,8.75,-17.5,-43.75
95652,8.75,-17.5,-43.75
95661,17.5,-21.875,-43.75
95661,17.5,-21.875,-43.75
95792,-96.25,74.375,4.375
95792,-96.25,74.375,4.375
95803,-4.375,35.0,-61.25
95803,-4.375,35.0,-61.25
95954,-131.25,-100.625,-43.75
95954,-131.25,-100.625,-43.75
95964,-113.75,-91.875,-87.5
95964,-113.75,-91.875,-87.5
96115,-74.375,-91.875,-148.75
96115,-74.375,-91.875,-148.75
96126,-48.125,-70.0,-161.875
96126,-48.125,-70.0,-161.875
96276,-135.625,148.75,-218.75
96276,-135.625,148.75,-218.75
96287,-135.625,113.75,-218.75
96287,-135.625,113.75,-218.75
96438,-8.75,48.125,-17.5
96438,-8.75,48.125,-17.5
96448,52.5,21.875,-43.75
96448,52.5,21.875,-43.75
96600,175.0,726.25,1719.375
96600,175.0,726.25,1719.375
96610,26.25,778.75,2016.875
96610,26.25,778.75,2016.875
96761,223.125,-2397.5,-2253.125
96761,223.125,-2397.5,-2253.125
96771,-262.5,-1610.0,-3062.5
96771,-262.5,-1610.0,-3062.5
96923,-16883.125,14634.375,-25843.125
96923,-16883.125,14634.375,-25843.125
96933,-17360.0,16646.875,-29063.125
96933,-17360.0,16646.875,-29063.125
97084,-5053.125,-2817.5,-14630.0
97084,-5053.125,-2817.5,-14630.0
97094,-5547.5,-2922.5,-13291.25
97094,-5547.5,-2922.5,-13291.25
97407,3539.375,6645.625,14997.5
97407,3539.375,6645.625,14997.5
97417,-5162.5,-6173.125,13313.125
97417,-5162.5,-6173.125,13313.125
97568,2047.5,-1583.75,791.875
97568,2047.5,-1583.75,791.875
97578,1120.0,-818.125,21.875
97578,1120.0,-818.125,21.875
97649,555.625,-30.625,-612.5
97649,555.625,-30.625,-612.5
97659,879.375,144.375,-708.75
97659,879.375,144.375,-708.75
97730,595.0,-4.375,43.75
97730,595.0,-4.375,43.75
97740,573.125,-56.875,56.875
97740,573.125,-56.875,56.875
97810,503.125,-118.125,166.25
97810,503.125,-118.125,166.25
97821,616.875,-61.25,74.375
97821,616.875,-61.25,74.375
97891,468.125,-52.5,-319.375
97891,468.125,-52.5,-319.375
97901,275.625,-35.0,-266.875
97901,275.625,-35.0,-266.875
98053,406.875,-218.75,-201.25
98053,406.875,-218.75,-201.25
98063,402.5,-140.0,-236.25
98063,402.5,-140.0,-236.25
98214,293.125,4.375,-135.625
98214,293.125,4.375,-135.625
98224,271.25,-26.25,-140.0
98224,271.25,-26.25,-140.0
98376,148.75,-118.125,-21.875
98376,148.75,-118.125,-21.875
98386,214.375,-122.5,-30.625
98386,214.375,-122.5,-30.625
