105961,20120.625,236.25,-12744.375
105961,20120.625,236.25,-12744.375
105971,18051.25,-4046.875,-9905.0
105971,18051.25,-4046.875,-9905.0
105981,15106.875,-7170.625,-10469.375
105981,15106.875,-7170.625,-10469.375
105991,10815.0,-8264.375,-11882.5
105991,10815.0,-8264.375,-11882.5
106002,4948.125,-7647.5,-11235.0
106002,4948.125,-7647.5,-11235.0
106012,-2170.0,-5477.5,-8920.625
106012,-2170.0,-5477.5,-8920.625
106022,-9861.25,-1933.75,-5110.0
106022,-9861.25,-1933.75,-5110.0
106033,-13803.125,100.625,-2095.625
106033,-13803.125,100.625,-2095.625
106043,-12302.5,-463.75,-2082.5
106043,-12302.5,-463.75,-2082.5
106053,-8863.75,-2515.625,-2703.75
106053,-8863.75,-2515.625,-2703.75
106064,-5320.0,-3701.25,-3198.125
106064,-5320.0,-3701.25,-3198.125
106074,-3023.125,-3762.5,-3119.375
106074,-3023.125,-3762.5,-3119.375
106084,-2051.875,-2808.75,-1754.375
106084,-2051.875,-2808.75,-1754.375
106095,-1876.875,-1728.125,-840.0
106095,-1876.875,-1728.125,-840.0
106105,-1225.0,-1483.125,-179.375
106105,-1225.0,-1483.125,-179.375
106115,-704.375,-2288.125,822.5
106115,-704.375,-2288.125,822.5
106126,-673.75,-2747.5,1666.875
106126,-673.75,-2747.5,1666.875
106136,-61.25,-3368.75,2581.25
106136,-61.25,-3368.75,2581.25
106146,791.875,-3906.875,2655.625
106146,791.875,-3906.875,2655.625
106157,1684.375,-4020.625,2261.875
106157,1684.375,-4020.625,2261.875
106167,2896.25,-3915.625,1745.625
106167,2896.25,-3915.625,1745.625
106177,3911.25,-3648.75,1544.375
106177,3911.25,-3648.75,1544.375
106188,4169.375,-2393.125,1133.125
106188,4169.375,-2393.125,1133.125
106198,3666.25,-1246.875,1015.0
106198,3666.25,-1246.875,1015.0
106208,2948.75,-393.75,1334.375
106208,2948.75,-393.75,1334.375
106219,2568.125,17.5,1513.75
106219,2568.125,17.5,1513.75
106230,3119.375,-411.25,1190.0
106230,3119.375,-411.25,1190.0
106239,4497.5,-1159.375,39.375
106239,4497.5,-1159.375,39.375
106249,5350.625,-1837.5,-459.375
106249,5350.625,-1837.5,-459.375
106260,5079.375,-2200.625,-735.0
106260,5079.375,-2200.625,-735.0
106270,4528.125,-2209.375,-791.875
106270,4528.125,-2209.375,-791.875
106280,3758.125,-2130.625,-1032.5
106280,3758.125,-2130.625,-1032.5
106291,3136.875,-2515.625,-1491.875
106291,3136.875,-2515.625,-1491.875
106301,2826.25,-3045.0,-1876.875
106301,2826.25,-3045.0,-1876.875
106311,2498.125,-2887.5,-2253.125
106311,2498.125,-2887.5,-2253.125
106322,980.0,-1758.75,-2056.25
106322,980.0,-1758.75,-2056.25
106332,-468.125,-726.25,-1828.75
106332,-468.125,-726.25,-1828.75
106342,-1286.25,-433.125,-1645.0
106342,-1286.25,-433.125,-1645.0
106353,-1701.875,-901.25,-1579.375
106353,-1701.875,-901.25,-1579.375
106363,-1601.25,-1220.625,-2187.5
106363,-1601.25,-1220.625,-2187.5
106373,-1085.0,-1211.875,-2856.875
106373,-1085.0,-1211.875,-2856.875
106384,-621.25,-1286.25,-3259.375
106384,-621.25,-1286.25,-3259.375
106394,-805.0,-1715.0,-2576.875
106394,-805.0,-1715.0,-2576.875
106404,-1575.0,-2025.625,-1850.625
106404,-1575.0,-2025.625,-1850.625
106415,-1570.625,-1435.0,-2069.375
106415,-1570.625,-1435.0,-2069.375
106425,-1273.125,-853.125,-2415.0
106425,-1273.125,-853.125,-2415.0
106435,-997.5,-533.75,-2555.0
106435,-997.5,-533.75,-2555.0
106445,-787.5,-1430.625,-1728.125
106445,-787.5,-1430.625,-1728.125
106456,-542.5,-2349.375,-1780.625
106456,-542.5,-2349.375,-1780.625
106466,135.625,-2397.5,-2852.5
106466,135.625,-2397.5,-2852.5
106476,813.75,-2034.375,-3443.125
106476,813.75,-2034.375,-3443.125
106486,800.625,-1500.625,-3040.625
106486,800.625,-1500.625,-3040.625
106497,581.875,-1645.0,-1815.625
106497,581.875,-1645.0,-1815.625
106507,424.375,-3040.625,-735.0
106507,424.375,-3040.625,-735.0
106518,1019.375,-4532.5,-1015.0
106518,1019.375,-4532.5,-1015.0
106528,1618.75,-4882.5,-1102.5
106528,1618.75,-4882.5,-1102.5
106538,1636.25,-4099.375,-1019.375
106538,1636.25,-4099.375,-1019.375
106548,1295.0,-3010.0,-1281.875
106548,1295.0,-3010.0,-1281.875
106559,1395.625,-1990.625,-1688.75
106559,1395.625,-1990.625,-1688.75
106569,1203.125,-1203.125,-1303.75
106569,1203.125,-1203.125,-1303.75
106580,328.125,-2423.75,78.75
106580,328.125,-2423.75,78.75
106590,643.125,-3635.625,258.125
106590,643.125,-3635.625,258.125
106600,1522.5,-3885.0,240.625
106600,1522.5,-3885.0,240.625
106610,2108.75,-3171.875,529.375
106610,2108.75,-3171.875,529.375
106621,1741.25,-1771.875,656.25
106621,1741.25,-1771.875,656.25
106631,918.75,-958.125,398.125
106631,918.75,-958.125,398.125
106641,616.875,-1920.625,406.875
106641,616.875,-1920.625,406.875
106652,1006.25,-2900.625,-441.875
106652,1006.25,-2900.625,-441.875
106663,962.5,-2607.5,-643.125
106663,962.5,-2607.5,-643.125
106672,525.0,-1592.5,-253.75
106672,525.0,-1592.5,-253.75
106683,-376.25,-643.125,48.125
106683,-376.25,-643.125,48.125
106693,-546.875,-358.75,354.375
106693,-546.875,-358.75,354.375
106703,-367.5,-590.625,227.5
106703,-367.5,-590.625,227.5
106714,424.375,-590.625,-621.25
106714,424.375,-590.625,-621.25
106724,953.75,-258.125,-1015.0
106724,953.75,-258.125,-1015.0
106734,752.5,568.75,-1281.875
106734,752.5,568.75,-1281.875
106745,437.5,1181.25,-1290.625
106745,437.5,1181.25,-1290.625
106754,105.0,896.875,-875.0
106754,105.0,896.875,-875.0
106765,-411.25,485.625,-669.375
106765,-411.25,485.625,-669.375
106774,-927.5,358.75,-424.375
106774,-927.5,358.75,-424.375
106786,-1671.25,713.125,-78.75
106786,-1671.25,713.125,-78.75
106796,-1785.0,1080.625,-52.5
106796,-1785.0,1080.625,-52.5
106807,-1395.625,765.625,201.25
106807,-1395.625,765.625,201.25
106817,-643.125,310.625,13.125
106817,-643.125,310.625,13.125
106827,-332.5,205.625,-406.875
106827,-332.5,205.625,-406.875
106837,-39.375,455.0,-433.125
106837,-39.375,455.0,-433.125
106848,-498.75,927.5,-196.875
106848,-498.75,927.5,-196.875
106858,-472.5,783.125,179.375
106858,-472.5,783.125,179.375
106868,-433.125,371.875,253.75
106868,-433.125,371.875,253.75
106879,-669.375,-122.5,507.5
106879,-669.375,-122.5,507.5
106889,-1085.0,-389.375,568.75
106889,-1085.0,-389.375,568.75
106900,-1198.75,-739.375,940.625
106900,-1198.75,-739.375,940.625
106909,-1351.875,-1365.0,1159.375
106909,-1351.875,-1365.0,1159.375
106920,-861.875,-1776.25,1093.75
106920,-861.875,-1776.25,1093.75
106930,-555.625,-1561.875,931.875
106930,-555.625,-1561.875,931.875
106941,-599.375,-1067.5,892.5
106941,-599.375,-1067.5,892.5
106951,-389.375,-1115.625,638.75
106951,-389.375,-1115.625,638.75
106961,293.125,-1487.5,78.75
106961,293.125,-1487.5,78.75
106972,997.5,-1588.125,-223.125
106972,997.5,-1588.125,-223.125
106982,647.5,-1058.75,-126.875
106982,647.5,-1058.75,-126.875
106992,-223.125,-826.875,218.75
106992,-223.125,-826.875,218.75
107003,-411.25,-1080.625,83.125
107003,-411.25,-1080.625,83.125
107013,700.0,-1701.875,-315.0
107013,700.0,-1701.875,-315.0
107023,1181.25,-1855.0,-525.0
107023,1181.25,-1855.0,-525.0
107033,756.875,-1281.875,-183.75
107033,756.875,-1281.875,-183.75
107044,148.75,-1076.25,192.5
107044,148.75,-1076.25,192.5
107054,118.125,-1351.875,43.75
107054,118.125,-1351.875,43.75
107064,643.125,-2047.5,-271.25
107064,643.125,-2047.5,-271.25
107075,1006.25,-2117.5,-678.125
107075,1006.25,-2117.5,-678.125
107085,336.875,-1430.625,-822.5
107085,336.875,-1430.625,-822.5
107095,-13.125,-774.375,-616.875
107095,-13.125,-774.375,-616.875
107106,-275.625,-660.625,-485.625
107106,-275.625,-660.625,-485.625
107116,-266.875,-875.0,-809.375
107116,-266.875,-875.0,-809.375
107126,288.75,-717.5,-1343.125
107126,288.75,-717.5,-1343.125
107137,135.625,-227.5,-1478.75
107137,135.625,-227.5,-1478.75
107147,-818.125,4.375,-826.875
107147,-818.125,4.375,-826.875
107157,-1356.25,-402.5,-306.25
107157,-1356.25,-402.5,-306.25
107168,-1321.25,-1032.5,-441.875
107168,-1321.25,-1032.5,-441.875
107178,-376.25,-1185.625,-761.25
107178,-376.25,-1185.625,-761.25
107188,126.875,-783.125,-818.125
107188,126.875,-783.125,-818.125
107199,-205.625,-428.75,-520.625
107199,-205.625,-428.75,-520.625
107210,-581.875,-319.375,-380.625
107210,-581.875,-319.375,-380.625
107219,21.875,-485.625,-621.25
107219,21.875,-485.625,-621.25
107229,625.625,-717.5,-870.625
107229,625.625,-717.5,-870.625
107240,315.0,-525.0,-704.375
107240,315.0,-525.0,-704.375
107250,-310.625,-258.125,-306.25
107250,-310.625,-258.125,-306.25
107260,-726.25,-175.0,83.125
107260,-726.25,-175.0,83.125
107271,-686.875,-643.125,301.875
107271,-686.875,-643.125,301.875
107281,153.125,-1220.625,153.125
107281,153.125,-1220.625,153.125
107291,783.125,-1194.375,-157.5
107291,783.125,-1194.375,-157.5
107302,1076.25,-958.125,-196.875
107302,1076.25,-958.125,-196.875
107312,958.125,-1010.625,87.5
107312,958.125,-1010.625,87.5
107322,1811.25,-2292.5,-245.0
107322,1811.25,-2292.5,-245.0
107333,3272.5,-3416.875,-787.5
107333,3272.5,-3416.875,-787.5
107343,2747.5,-3723.125,-840.0
107343,2747.5,-3723.125,-840.0
107353,1833.125,-2765.0,-336.875
107353,1833.125,-2765.0,-336.875
107364,1019.375,-1824.375,87.5
107364,1019.375,-1824.375,87.5
107374,831.25,-1325.625,-245.0
107374,831.25,-1325.625,-245.0
107384,1203.125,-1172.5,-813.75
107384,1203.125,-1172.5,-813.75
107395,1111.25,-1435.0,-857.5
107395,1111.25,-1435.0,-857.5
107405,752.5,-1618.75,-551.25
107405,752.5,-1618.75,-551.25
107415,1080.625,-1378.125,-721.875
107415,1080.625,-1378.125,-721.875
107426,1701.875,-1010.625,-525.0
107426,1701.875,-1010.625,-525.0
107436,1522.5,-472.5,-196.875
107436,1522.5,-472.5,-196.875
107446,1115.625,-122.5,78.75
107446,1115.625,-122.5,78.75
107456,853.125,-126.875,113.75
107456,853.125,-126.875,113.75
107467,813.75,-818.125,48.125
107467,813.75,-818.125,48.125
107477,1032.5,-1487.5,-48.125
107477,1032.5,-1487.5,-48.125
107487,822.5,-1526.875,8.75
107487,822.5,-1526.875,8.75
107498,516.25,-1150.625,74.375
107498,516.25,-1150.625,74.375
107508,546.875,-735.0,-74.375
107508,546.875,-735.0,-74.375
107518,599.375,-555.625,-223.125
107518,599.375,-555.625,-223.125
107528,595.0,-507.5,-271.25
107528,595.0,-507.5,-271.25
107539,603.75,-280.0,-153.125
107539,603.75,-280.0,-153.125
107549,463.75,-131.25,87.5
107549,463.75,-131.25,87.5
107560,875.0,-26.25,-61.25
107560,875.0,-26.25,-61.25
107570,1106.875,0.0,-100.625
107570,1106.875,0.0,-100.625
107580,945.0,8.75,-175.0
107580,945.0,8.75,-175.0
107591,656.25,-411.25,-266.875
107591,656.25,-411.25,-266.875
107601,367.5,-223.125,-472.5
107601,367.5,-223.125,-472.5
107611,8.75,293.125,-293.125
107611,8.75,293.125,-293.125
107622,-275.625,844.375,-253.75
107622,-275.625,844.375,-253.75
107632,-446.25,1176.875,-148.75
107632,-446.25,1176.875,-148.75
107642,74.375,700.0,-201.25
107642,74.375,700.0,-201.25
107652,371.875,17.5,-140.0
107652,371.875,17.5,-140.0
107663,354.375,-551.25,61.25
107663,354.375,-551.25,61.25
107673,411.25,-656.25,-78.75
107673,411.25,-656.25,-78.75
107684,376.25,-481.25,-61.25
107684,376.25,-481.25,-61.25
107694,385.0,-240.625,61.25
107694,385.0,-240.625,61.25
107704,389.375,-175.0,-100.625
107704,389.375,-175.0,-100.625
107715,293.125,-371.875,-415.625
107715,293.125,-371.875,-415.625
107725,61.25,-651.875,-301.875
107725,61.25,-651.875,-301.875
107735,-446.25,-1120.0,424.375
107735,-446.25,-1120.0,424.375
107745,-896.875,-1386.875,1067.5
107745,-896.875,-1386.875,1067.5
107756,-931.875,-1273.125,993.125
107756,-931.875,-1273.125,993.125
107766,-542.5,-1089.375,778.75
107766,-542.5,-1089.375,778.75
107776,-634.375,-1115.625,472.5
107776,-634.375,-1115.625,472.5
107787,-441.875,-1251.25,170.625
107787,-441.875,-1251.25,170.625
107798,218.75,-1168.125,-306.25
107798,218.75,-1168.125,-306.25
107807,498.75,-1168.125,-459.375
107807,498.75,-1168.125,-459.375
107818,78.75,-1316.875,-288.75
107818,78.75,-1316.875,-288.75
107828,-205.625,-1347.5,-236.25
107828,-205.625,-1347.5,-236.25
107839,-210.0,-1190.0,-179.375
107839,-210.0,-1190.0,-179.375
107848,-8.75,-958.125,-78.75
107848,-8.75,-958.125,-78.75
107859,-48.125,-1006.25,61.25
107859,-48.125,-1006.25,61.25
107869,91.875,-1058.75,-166.25
107869,91.875,-1058.75,-166.25
107879,210.0,-1023.75,-262.5
107879,210.0,-1023.75,-262.5
107889,-113.75,-840.0,-323.75
107889,-113.75,-840.0,-323.75
107900,-459.375,-870.625,-192.5
107900,-459.375,-870.625,-192.5
107911,-280.0,-1220.625,-323.75
107911,-280.0,-1220.625,-323.75
107921,0.0,-1566.25,-306.25
107921,0.0,-1566.25,-306.25
107931,-43.75,-1491.875,-476.875
107931,-43.75,-1491.875,-476.875
107941,358.75,-1561.875,-774.375
107941,358.75,-1561.875,-774.375
107951,105.0,-1706.25,-319.375
107951,105.0,-1706.25,-319.375
107962,288.75,-1758.75,-43.75
107962,288.75,-1758.75,-43.75
107972,651.875,-1750.0,-87.5
107972,651.875,-1750.0,-87.5
107983,1058.75,-1522.5,-301.875
107983,1058.75,-1522.5,-301.875
107994,892.5,-1426.25,-192.5
107994,892.5,-1426.25,-192.5
108003,415.625,-1535.625,170.625
108003,415.625,-1535.625,170.625
108013,542.5,-1561.875,-8.75
108013,542.5,-1561.875,-8.75
108024,520.625,-1448.125,-214.375
108024,520.625,-1448.125,-214.375
108034,236.25,-1041.25,-332.5
108034,236.25,-1041.25,-332.5
108044,170.625,-581.875,-271.25
108044,170.625,-581.875,-271.25
108055,240.625,-621.25,-205.625
108055,240.625,-621.25,-205.625
108065,595.0,-1185.625,-380.625
108065,595.0,-1185.625,-380.625
108075,651.875,-1610.0,-393.75
108075,651.875,-1610.0,-393.75
108086,135.625,-1881.25,-253.75
108086,135.625,-1881.25,-253.75
108096,205.625,-1540.0,-328.125
108096,205.625,-1540.0,-328.125
108107,770.0,-1321.25,-520.625
108107,770.0,-1321.25,-520.625
108117,875.0,-1032.5,-463.75
108117,875.0,-1032.5,-463.75
108127,700.0,-765.625,-328.125
108127,700.0,-765.625,-328.125
108137,691.25,-735.0,-140.0
108137,691.25,-735.0,-140.0
108148,634.375,-879.375,-258.125
108148,634.375,-879.375,-258.125
108158,590.625,-953.75,-284.375
108158,590.625,-953.75,-284.375
108168,389.375,-1015.0,61.25
108168,389.375,-1015.0,61.25
108179,205.625,-1299.375,-175.0
108179,205.625,-1299.375,-175.0
108190,153.125,-1435.0,-293.125
108190,153.125,-1435.0,-293.125
108199,284.375,-997.5,-223.125
108199,284.375,-997.5,-223.125
108210,293.125,-472.5,-179.375
108210,293.125,-472.5,-179.375
108220,520.625,-319.375,-183.75
108220,520.625,-319.375,-183.75
108230,826.875,-538.125,-105.0
108230,826.875,-538.125,-105.0
108241,717.5,-1071.875,-56.875
108241,717.5,-1071.875,-56.875
108251,673.75,-1596.875,-30.625
108251,673.75,-1596.875,-30.625
108261,708.75,-1933.75,135.625
108261,708.75,-1933.75,135.625
108271,398.125,-2003.75,170.625
108271,398.125,-2003.75,170.625
108282,-91.875,-1750.0,223.125
108282,-91.875,-1750.0,223.125
108292,-538.125,-1299.375,227.5
108292,-538.125,-1299.375,227.5
108302,-376.25,-1242.5,284.375
108302,-376.25,-1242.5,284.375
108313,96.25,-1260.0,201.25
108313,96.25,-1260.0,201.25
108323,730.625,-1203.125,-96.25
108323,730.625,-1203.125,-96.25
108333,1146.25,-1028.125,-520.625
108333,1146.25,-1028.125,-520.625
108344,914.375,-861.875,-647.5
108344,914.375,-861.875,-647.5
108354,564.375,-945.0,-280.0
108354,564.375,-945.0,-280.0
108364,756.875,-1032.5,-253.75
108364,756.875,-1032.5,-253.75
108375,997.5,-1347.5,-393.75
108375,997.5,-1347.5,-393.75
108386,1159.375,-1522.5,-581.875
108386,1159.375,-1522.5,-581.875
108395,726.25,-1343.125,-345.625
108395,726.25,-1343.125,-345.625
108406,441.875,-1168.125,-223.125
108406,441.875,-1168.125,-223.125
108416,800.625,-1242.5,-393.75
108416,800.625,-1242.5,-393.75
108426,1264.375,-1386.875,-651.875
108426,1264.375,-1386.875,-651.875
108437,765.625,-1382.5,-599.375
108437,765.625,-1382.5,-599.375
108447,192.5,-1588.125,-498.75
108447,192.5,-1588.125,-498.75
108457,258.125,-1710.625,-319.375
108457,258.125,-1710.625,-319.375
108468,463.75,-1938.125,-573.125
108468,463.75,-1938.125,-573.125
108478,363.125,-2056.25,-245.0
108478,363.125,-2056.25,-245.0
108488,30.625,-1588.125,450.625
108488,30.625,-1588.125,450.625
108499,-380.625,-1487.5,678.125
108499,-380.625,-1487.5,678.125
108509,-236.25,-1776.25,485.625
108509,-236.25,-1776.25,485.625
108519,91.875,-1771.875,113.75
108519,91.875,-1771.875,113.75
108529,52.5,-1623.125,-65.625
108529,52.5,-1623.125,-65.625
108540,-280.0,-1706.25,-78.75
108540,-280.0,-1706.25,-78.75
108550,-376.25,-1706.25,188.125
108550,-376.25,-1706.25,188.125
108560,-52.5,-1627.5,135.625
108560,-52.5,-1627.5,135.625
108571,196.875,-1531.25,131.25
108571,196.875,-1531.25,131.25
108582,227.5,-1430.625,201.25
108582,227.5,-1430.625,201.25
108590,363.125,-1513.75,280.0
108590,363.125,-1513.75,280.0
108602,245.0,-1478.75,122.5
108602,245.0,-1478.75,122.5
108612,-48.125,-1190.0,-144.375
108612,-48.125,-1190.0,-144.375
108622,-196.875,-1001.875,-323.75
108622,-196.875,-1001.875,-323.75
108633,-218.75,-1050.0,-301.875
108633,-218.75,-1050.0,-301.875
108643,-21.875,-1312.5,-223.125
108643,-21.875,-1312.5,-223.125
108653,8.75,-1793.75,-35.0
108653,8.75,-1793.75,-35.0
108664,-310.625,-1981.875,13.125
108664,-310.625,-1981.875,13.125
108674,-288.75,-1868.125,140.0
108674,-288.75,-1868.125,140.0
108684,140.0,-1653.75,83.125
108684,140.0,-1653.75,83.125
108695,218.75,-1610.0,-271.25
108695,218.75,-1610.0,-271.25
108705,205.625,-1605.625,-380.625
108705,205.625,-1605.625,-380.625
108715,179.375,-1645.0,-503.125
108715,179.375,-1645.0,-503.125
108726,161.875,-1960.0,-560.0
108726,161.875,-1960.0,-560.0
108736,280.0,-1767.5,-542.5
108736,280.0,-1767.5,-542.5
108746,61.25,-1732.5,-161.875
108746,61.25,-1732.5,-161.875
108756,78.75,-1785.0,48.125
108756,78.75,-1785.0,48.125
108767,-161.875,-1758.75,87.5
108767,-161.875,-1758.75,87.5
108777,188.125,-1824.375,-183.75
108777,188.125,-1824.375,-183.75
108787,170.625,-1846.25,-376.25
108787,170.625,-1846.25,-376.25
108798,113.75,-1736.875,-450.625
108798,113.75,-1736.875,-450.625
108808,183.75,-1776.25,-293.125
108808,183.75,-1776.25,-293.125
108818,192.5,-1540.0,-148.75
108818,192.5,-1540.0,-148.75
108829,306.25,-1286.25,-218.75
108829,306.25,-1286.25,-218.75
108839,-17.5,-1203.125,-126.875
108839,-17.5,-1203.125,-126.875
108849,-144.375,-1128.75,-201.25
108849,-144.375,-1128.75,-201.25
108860,-196.875,-1238.125,-183.75
108860,-196.875,-1238.125,-183.75
108870,-306.25,-1439.375,-83.125
108870,-306.25,-1439.375,-83.125
108880,13.125,-1649.375,-148.75
108880,13.125,-1649.375,-148.75
108891,-43.75,-1793.75,-74.375
108891,-43.75,-1793.75,-74.375
108901,-271.25,-1968.75,-21.875
108901,-271.25,-1968.75,-21.875
108911,-472.5,-1894.375,-91.875
108911,-472.5,-1894.375,-91.875
108922,-494.375,-1758.75,-367.5
108922,-494.375,-1758.75,-367.5
108932,-481.25,-1793.75,-673.75
108932,-481.25,-1793.75,-673.75
108942,-271.25,-1666.875,-1054.375
108942,-271.25,-1666.875,-1054.375
108952,-319.375,-1566.25,-1299.375
108952,-319.375,-1566.25,-1299.375
108963,-297.5,-1649.375,-1343.125
108963,-297.5,-1649.375,-1343.125
108973,-249.375,-2170.0,-1334.375
108973,-249.375,-2170.0,-1334.375
108983,-284.375,-2655.625,-1351.875
108983,-284.375,-2655.625,-1351.875
108993,-140.0,-2900.625,-1260.0
108993,-140.0,-2900.625,-1260.0
109004,-35.0,-2887.5,-1163.75
109004,-35.0,-2887.5,-1163.75
109015,140.0,-2126.25,-1347.5
109015,140.0,-2126.25,-1347.5
109025,420.0,-1330.0,-1273.125
109025,420.0,-1330.0,-1273.125
