113521,367.1875,750.0,539.0625,23.4375,-796.875,648.4375,414.0625,-867.1875,312.5,625.0,-781.25,62.5,656.25,-726.5625,171.875
113521,367.1875,750.0,539.0625,23.4375,-796.875,648.4375,414.0625,-867.1875,312.5,625.0,-781.25,62.5,656.25,-726.5625,171.875
113529,367.1875,750.0,546.875,23.4375,-796.875,648.4375,406.25,-875.0,320.3125,609.375,-781.25,62.5,664.0625,-726.5625,179.6875
113529,367.1875,750.0,546.875,23.4375,-796.875,648.4375,406.25,-875.0,320.3125,609.375,-781.25,62.5,664.0625,-726.5625,179.6875
113529,367.1875,757.8125,539.0625,15.625,-796.875,648.4375,406.25,-867.1875,320.3125,609.375,-773.4375,70.3125,656.25,-734.375,179.6875
113529,367.1875,757.8125,539.0625,15.625,-796.875,648.4375,406.25,-867.1875,320.3125,609.375,-773.4375,70.3125,656.25,-734.375,179.6875
113537,367.1875,750.0,539.0625,15.625,-789.0625,648.4375,398.4375,-875.0,312.5,609.375,-781.25,70.3125,656.25,-726.5625,171.875
113537,367.1875,750.0,539.0625,15.625,-789.0625,648.4375,398.4375,-875.0,312.5,609.375,-781.25,70.3125,656.25,-726.5625,171.875
113682,359.375,757.8125,546.875,15.625,-789.0625,648.4375,398.4375,-875.0,312.5,609.375,-781.25,62.5,656.25,-734.375,171.875
113682,359.375,757.8125,546.875,15.625,-789.0625,648.4375,398.4375,-875.0,312.5,609.375,-781.25,62.5,656.25,-734.375,171.875
113690,359.375,757.8125,546.875,15.625,-789.0625,640.625,398.4375,-867.1875,320.3125,609.375,-781.25,70.3125,656.25,-726.5625,171.875
113690,359.375,757.8125,546.875,15.625,-789.0625,640.625,398.4375,-867.1875,320.3125,609.375,-781.25,70.3125,656.25,-726.5625,171.875
113690,367.1875,757.8125,546.875,7.8125,-796.875,648.4375,398.4375,-875.0,320.3125,609.375,-781.25,62.5,648.4375,-742.1875,179.6875
113690,367.1875,757.8125,546.875,7.8125,-796.875,648.4375,398.4375,-875.0,320.3125,609.375,-781.25,62.5,648.4375,-742.1875,179.6875
113697,359.375,757.8125,539.0625,15.625,-789.0625,640.625,390.625,-875.0,312.5,601.5625,-789.0625,70.3125,648.4375,-742.1875,187.5
113697,359.375,757.8125,539.0625,15.625,-789.0625,640.625,390.625,-875.0,312.5,601.5625,-789.0625,70.3125,648.4375,-742.1875,187.5
113763,359.375,750.0,546.875,7.8125,-796.875,656.25,390.625,-867.1875,328.125,601.5625,-789.0625,78.125,640.625,-742.1875,179.6875
113763,359.375,750.0,546.875,7.8125,-796.875,656.25,390.625,-867.1875,328.125,601.5625,-789.0625,78.125,640.625,-742.1875,179.6875
113770,359.375,765.625,546.875,0.0,-789.0625,648.4375,390.625,-882.8125,335.9375,609.375,-796.875,70.3125,648.4375,-742.1875,171.875
113770,359.375,765.625,546.875,0.0,-789.0625,648.4375,390.625,-882.8125,335.9375,609.375,-796.875,70.3125,648.4375,-742.1875,171.875
113771,359.375,765.625,546.875,0.0,-789.0625,664.0625,398.4375,-882.8125,328.125,609.375,-796.875,70.3125,648.4375,-750.0,179.6875
113771,359.375,765.625,546.875,0.0,-789.0625,664.0625,398.4375,-882.8125,328.125,609.375,-796.875,70.3125,648.4375,-750.0,179.6875
113779,359.375,773.4375,546.875,7.8125,-796.875,648.4375,390.625,-890.625,335.9375,593.75,-796.875,78.125,640.625,-750.0,187.5
113779,359.375,773.4375,546.875,7.8125,-796.875,648.4375,390.625,-890.625,335.9375,593.75,-796.875,78.125,640.625,-750.0,187.5
113924,523.4375,804.6875,523.4375,31.25,-812.5,796.875,468.75,-953.125,429.6875,703.125,-851.5625,148.4375,750.0,-804.6875,281.25
113924,523.4375,804.6875,523.4375,31.25,-812.5,796.875,468.75,-953.125,429.6875,703.125,-851.5625,148.4375,750.0,-804.6875,281.25
113932,531.25,804.6875,523.4375,23.4375,-820.3125,804.6875,445.3125,-937.5,421.875,718.75,-867.1875,148.4375,773.4375,-812.5,281.25
113932,531.25,804.6875,523.4375,23.4375,-820.3125,804.6875,445.3125,-937.5,421.875,718.75,-867.1875,148.4375,773.4375,-812.5,281.25
113932,546.875,843.75,539.0625,23.4375,-820.3125,812.5,453.125,-937.5,414.0625,718.75,-867.1875,140.625,781.25,-796.875,304.6875
113932,546.875,843.75,539.0625,23.4375,-820.3125,812.5,453.125,-937.5,414.0625,718.75,-867.1875,140.625,781.25,-796.875,304.6875
113940,578.125,851.5625,570.3125,39.0625,-875.0,812.5,531.25,-960.9375,453.125,687.5,-859.375,125.0,812.5,-804.6875,335.9375
113940,578.125,851.5625,570.3125,39.0625,-875.0,812.5,531.25,-960.9375,453.125,687.5,-859.375,125.0,812.5,-804.6875,335.9375
114005,804.6875,1070.3125,554.6875,-281.25,-1593.75,1039.0625,-281.25,-906.25,1234.375,890.625,-960.9375,273.4375,882.8125,-875.0,390.625
114005,804.6875,1070.3125,554.6875,-281.25,-1593.75,1039.0625,-281.25,-906.25,1234.375,890.625,-960.9375,273.4375,882.8125,-875.0,390.625
114012,851.5625,1031.25,546.875,171.875,-867.1875,1031.25,992.1875,-1164.0625,515.625,875.0,-906.25,234.375,843.75,-914.0625,328.125
114012,851.5625,1031.25,546.875,171.875,-867.1875,1031.25,992.1875,-1164.0625,515.625,875.0,-906.25,234.375,843.75,-914.0625,328.125
114013,765.625,1046.875,523.4375,140.625,-859.375,1085.9375,945.3125,-1085.9375,351.5625,1359.375,-906.25,140.625,929.6875,-898.4375,328.125
114013,765.625,1046.875,523.4375,140.625,-859.375,1085.9375,945.3125,-1085.9375,351.5625,1359.375,-906.25,140.625,929.6875,-898.4375,328.125
114021,671.875,1046.875,554.6875,78.125,-976.5625,1179.6875,406.25,-1281.25,585.9375,593.75,-1398.4375,117.1875,1015.625,-945.3125,320.3125
114021,671.875,1046.875,554.6875,78.125,-976.5625,1179.6875,406.25,-1281.25,585.9375,593.75,-1398.4375,117.1875,1015.625,-945.3125,320.3125
114166,70.3125,1429.6875,750.0,-234.375,-1109.375,921.875,187.5,-1445.3125,406.25,664.0625,-1304.6875,109.375,656.25,-1250.0,179.6875
114166,70.3125,1429.6875,750.0,-234.375,-1109.375,921.875,187.5,-1445.3125,406.25,664.0625,-1304.6875,109.375,656.25,-1250.0,179.6875
114174,0.0,1367.1875,734.375,-226.5625,-1117.1875,906.25,226.5625,-1445.3125,406.25,656.25,-1257.8125,101.5625,679.6875,-1210.9375,140.625
114174,0.0,1367.1875,734.375,-226.5625,-1117.1875,906.25,226.5625,-1445.3125,406.25,656.25,-1257.8125,101.5625,679.6875,-1210.9375,140.625
114174,-54.6875,1250.0,718.75,-234.375,-1140.625,867.1875,242.1875,-1406.25,421.875,679.6875,-1250.0,78.125,671.875,-1187.5,93.75
114174,-54.6875,1250.0,718.75,-234.375,-1140.625,867.1875,242.1875,-1406.25,421.875,679.6875,-1250.0,78.125,671.875,-1187.5,93.75
114182,-117.1875,1148.4375,703.125,-218.75,-1125.0,820.3125,273.4375,-1398.4375,398.4375,679.6875,-1218.75,62.5,671.875,-1179.6875,62.5
114182,-117.1875,1148.4375,703.125,-218.75,-1125.0,820.3125,273.4375,-1398.4375,398.4375,679.6875,-1218.75,62.5,671.875,-1179.6875,62.5
114328,62.5,265.625,289.0625,-421.875,-125.0,-7.8125,-304.6875,-195.3125,7.8125,-210.9375,-281.25,-125.0,-70.3125,-406.25,-125.0
114328,62.5,265.625,289.0625,-421.875,-125.0,-7.8125,-304.6875,-195.3125,7.8125,-210.9375,-281.25,-125.0,-70.3125,-406.25,-125.0
114335,-46.875,109.375,218.75,-460.9375,-85.9375,-7.8125,-304.6875,-148.4375,39.0625,-226.5625,-273.4375,-70.3125,-78.125,-390.625,-70.3125
114335,-46.875,109.375,218.75,-460.9375,-85.9375,-7.8125,-304.6875,-148.4375,39.0625,-226.5625,-273.4375,-70.3125,-78.125,-390.625,-70.3125
114336,-156.25,7.8125,179.6875,-468.75,-109.375,39.0625,-273.4375,-179.6875,85.9375,-203.125,-265.625,-23.4375,-93.75,-460.9375,0.0
114336,-156.25,7.8125,179.6875,-468.75,-109.375,39.0625,-273.4375,-179.6875,85.9375,-203.125,-265.625,-23.4375,-93.75,-460.9375,0.0
114344,-218.75,-39.0625,148.4375,-414.0625,-125.0,101.5625,-226.5625,-226.5625,164.0625,-164.0625,-328.125,31.25,-117.1875,-562.5,70.3125
114344,-218.75,-39.0625,148.4375,-414.0625,-125.0,101.5625,-226.5625,-226.5625,164.0625,-164.0625,-328.125,31.25,-117.1875,-562.5,70.3125
114489,-765.625,140.625,-523.4375,-625.0,585.9375,375.0,-414.0625,414.0625,671.875,-414.0625,0.0,734.375,-429.6875,125.0,617.1875
114489,-765.625,140.625,-523.4375,-625.0,585.9375,375.0,-414.0625,414.0625,671.875,-414.0625,0.0,734.375,-429.6875,125.0,617.1875
114497,-773.4375,156.25,-507.8125,-648.4375,609.375,375.0,-445.3125,421.875,664.0625,-453.125,-7.8125,742.1875,-460.9375,117.1875,617.1875
114497,-773.4375,156.25,-507.8125,-648.4375,609.375,375.0,-445.3125,421.875,664.0625,-453.125,-7.8125,742.1875,-460.9375,117.1875,617.1875
114497,-773.4375,164.0625,-500.0,-671.875,609.375,375.0,-476.5625,421.875,671.875,-468.75,-7.8125,742.1875,-476.5625,109.375,609.375
114497,-773.4375,164.0625,-500.0,-671.875,609.375,375.0,-476.5625,421.875,671.875,-468.75,-7.8125,742.1875,-476.5625,109.375,609.375
114505,-773.4375,156.25,-500.0,-687.5,601.5625,367.1875,-492.1875,414.0625,664.0625,-500.0,-7.8125,734.375,-500.0,109.375,585.9375
114505,-773.4375,156.25,-500.0,-687.5,601.5625,367.1875,-492.1875,414.0625,664.0625,-500.0,-7.8125,734.375,-500.0,109.375,585.9375
114666,-867.1875,-351.5625,-859.375,-351.5625,875.0,304.6875,-179.6875,718.75,515.625,-195.3125,375.0,671.875,-109.375,328.125,585.9375
114666,-867.1875,-351.5625,-859.375,-351.5625,875.0,304.6875,-179.6875,718.75,515.625,-195.3125,375.0,671.875,-109.375,328.125,585.9375
114674,-929.6875,-437.5,-890.625,-343.75,906.25,281.25,-148.4375,812.5,500.0,-164.0625,414.0625,710.9375,-23.4375,445.3125,546.875
114674,-929.6875,-437.5,-890.625,-343.75,906.25,281.25,-148.4375,812.5,500.0,-164.0625,414.0625,710.9375,-23.4375,445.3125,546.875
114674,-929.6875,-492.1875,-890.625,-359.375,929.6875,203.125,-101.5625,898.4375,468.75,-23.4375,476.5625,750.0,15.625,437.5,664.0625
114674,-929.6875,-492.1875,-890.625,-359.375,929.6875,203.125,-101.5625,898.4375,468.75,-23.4375,476.5625,750.0,15.625,437.5,664.0625
114682,-851.5625,-468.75,-890.625,-382.8125,984.375,148.4375,-109.375,953.125,460.9375,15.625,500.0,796.875,125.0,531.25,648.4375
114682,-851.5625,-468.75,-890.625,-382.8125,984.375,148.4375,-109.375,953.125,460.9375,15.625,500.0,796.875,125.0,531.25,648.4375
114827,1687.5,929.6875,1445.3125,1132.8125,-2976.5625,-250.0,117.1875,-2265.625,-1867.1875,-437.5,-1421.875,-2296.875,-695.3125,-1648.4375,-1765.625
114827,1687.5,929.6875,1445.3125,1132.8125,-2976.5625,-250.0,117.1875,-2265.625,-1867.1875,-437.5,-1421.875,-2296.875,-695.3125,-1648.4375,-1765.625
114835,1726.5625,1117.1875,1492.1875,1000.0,-3015.625,-226.5625,85.9375,-2164.0625,-1914.0625,-523.4375,-1203.125,-2398.4375,-820.3125,-1500.0,-2031.25
114835,1726.5625,1117.1875,1492.1875,1000.0,-3015.625,-226.5625,85.9375,-2164.0625,-1914.0625,-523.4375,-1203.125,-2398.4375,-820.3125,-1500.0,-2031.25
114836,1937.5,1328.125,1546.875,992.1875,-2984.375,-359.375,-23.4375,-2093.75,-1937.5,-289.0625,-1062.5,-2695.3125,-109.375,-1289.0625,-2796.875
114836,1937.5,1328.125,1546.875,992.1875,-2984.375,-359.375,-23.4375,-2093.75,-1937.5,-289.0625,-1062.5,-2695.3125,-109.375,-1289.0625,-2796.875
114844,4000.0,3992.1875,945.3125,-453.125,-3265.625,-796.875,-359.375,-1476.5625,-2710.9375,1437.5,-867.1875,-4000.0,1062.5,-2179.6875,-4000.0
114844,4000.0,3992.1875,945.3125,-453.125,-3265.625,-796.875,-359.375,-1476.5625,-2710.9375,1437.5,-867.1875,-4000.0,1062.5,-2179.6875,-4000.0
114989,164.0625,875.0,515.625,-46.875,-1312.5,218.75,46.875,-1250.0,-328.125,-7.8125,-1101.5625,-625.0,-109.375,-1078.125,-390.625
114989,164.0625,875.0,515.625,-46.875,-1312.5,218.75,46.875,-1250.0,-328.125,-7.8125,-1101.5625,-625.0,-109.375,-1078.125,-390.625
114997,140.625,789.0625,515.625,-39.0625,-1250.0,171.875,54.6875,-1156.25,-328.125,7.8125,-984.375,-617.1875,-117.1875,-992.1875,-406.25
114997,140.625,789.0625,515.625,-39.0625,-1250.0,171.875,54.6875,-1156.25,-328.125,7.8125,-984.375,-617.1875,-117.1875,-992.1875,-406.25
114997,117.1875,757.8125,523.4375,-46.875,-1179.6875,140.625,31.25,-1070.3125,-335.9375,-31.25,-906.25,-601.5625,-148.4375,-921.875,-437.5
114997,117.1875,757.8125,523.4375,-46.875,-1179.6875,140.625,31.25,-1070.3125,-335.9375,-31.25,-906.25,-601.5625,-148.4375,-921.875,-437.5
115005,140.625,750.0,539.0625,-39.0625,-1117.1875,101.5625,-7.8125,-1000.0,-351.5625,-78.125,-851.5625,-617.1875,-179.6875,-859.375,-437.5
115005,140.625,750.0,539.0625,-39.0625,-1117.1875,101.5625,-7.8125,-1000.0,-351.5625,-78.125,-851.5625,-617.1875,-179.6875,-859.375,-437.5
115150,171.875,734.375,554.6875,-70.3125,-968.75,31.25,-101.5625,-875.0,-351.5625,-164.0625,-710.9375,-578.125,-273.4375,-734.375,-484.375
115150,171.875,734.375,554.6875,-70.3125,-968.75,31.25,-101.5625,-875.0,-351.5625,-164.0625,-710.9375,-578.125,-273.4375,-734.375,-484.375
115158,164.0625,710.9375,523.4375,-78.125,-976.5625,46.875,-93.75,-882.8125,-351.5625,-164.0625,-710.9375,-585.9375,-273.4375,-734.375,-484.375
115158,164.0625,710.9375,523.4375,-78.125,-976.5625,46.875,-93.75,-882.8125,-351.5625,-164.0625,-710.9375,-585.9375,-273.4375,-734.375,-484.375
115158,156.25,734.375,515.625,-62.5,-960.9375,62.5,-93.75,-875.0,-335.9375,-164.0625,-718.75,-570.3125,-281.25,-742.1875,-476.5625
115158,156.25,734.375,515.625,-62.5,-960.9375,62.5,-93.75,-875.0,-335.9375,-164.0625,-718.75,-570.3125,-281.25,-742.1875,-476.5625
115165,179.6875,773.4375,523.4375,-78.125,-953.125,70.3125,-85.9375,-867.1875,-335.9375,-156.25,-718.75,-562.5,-273.4375,-742.1875,-476.5625
115165,179.6875,773.4375,523.4375,-78.125,-953.125,70.3125,-85.9375,-867.1875,-335.9375,-156.25,-718.75,-562.5,-273.4375,-742.1875,-476.5625
115312,203.125,781.25,593.75,-78.125,-1039.0625,31.25,-117.1875,-945.3125,-367.1875,-187.5,-750.0,-640.625,-312.5,-789.0625,-539.0625
115312,203.125,781.25,593.75,-78.125,-1039.0625,31.25,-117.1875,-945.3125,-367.1875,-187.5,-750.0,-640.625,-312.5,-789.0625,-539.0625
115320,203.125,781.25,585.9375,-78.125,-1031.25,31.25,-125.0,-937.5,-382.8125,-195.3125,-765.625,-648.4375,-320.3125,-789.0625,-539.0625
115320,203.125,781.25,585.9375,-78.125,-1031.25,31.25,-125.0,-937.5,-382.8125,-195.3125,-765.625,-648.4375,-320.3125,-789.0625,-539.0625
115320,195.3125,804.6875,593.75,-78.125,-1031.25,15.625,-132.8125,-953.125,-382.8125,-203.125,-773.4375,-640.625,-328.125,-796.875,-539.0625
115320,195.3125,804.6875,593.75,-78.125,-1031.25,15.625,-132.8125,-953.125,-382.8125,-203.125,-773.4375,-640.625,-328.125,-796.875,-539.0625
115328,218.75,804.6875,593.75,-85.9375,-1046.875,7.8125,-148.4375,-945.3125,-382.8125,-195.3125,-765.625,-632.8125,-328.125,-796.875,-531.25
115328,218.75,804.6875,593.75,-85.9375,-1046.875,7.8125,-148.4375,-945.3125,-382.8125,-195.3125,-765.625,-632.8125,-328.125,-796.875,-531.25
115473,210.9375,789.0625,585.9375,-46.875,-1031.25,46.875,-93.75,-937.5,-367.1875,-156.25,-757.8125,-632.8125,-296.875,-804.6875,-539.0625
115473,210.9375,789.0625,585.9375,-46.875,-1031.25,46.875,-93.75,-937.5,-367.1875,-156.25,-757.8125,-632.8125,-296.875,-804.6875,-539.0625
115481,203.125,781.25,578.125,-54.6875,-1023.4375,70.3125,-85.9375,-937.5,-375.0,-171.875,-757.8125,-640.625,-320.3125,-796.875,-546.875
115481,203.125,781.25,578.125,-54.6875,-1023.4375,70.3125,-85.9375,-937.5,-375.0,-171.875,-757.8125,-640.625,-320.3125,-796.875,-546.875
115481,195.3125,804.6875,570.3125,-54.6875,-1000.0,70.3125,-101.5625,-937.5,-351.5625,-164.0625,-765.625,-632.8125,-304.6875,-804.6875,-531.25
115481,195.3125,804.6875,570.3125,-54.6875,-1000.0,70.3125,-101.5625,-937.5,-351.5625,-164.0625,-765.625,-632.8125,-304.6875,-804.6875,-531.25
115489,203.125,812.5,570.3125,-62.5,-1007.8125,70.3125,-101.5625,-929.6875,-351.5625,-164.0625,-757.8125,-625.0,-304.6875,-796.875,-515.625
115489,203.125,812.5,570.3125,-62.5,-1007.8125,70.3125,-101.5625,-929.6875,-351.5625,-164.0625,-757.8125,-625.0,-304.6875,-796.875,-515.625
115634,203.125,789.0625,570.3125,-78.125,-1007.8125,31.25,-125.0,-929.6875,-351.5625,-171.875,-757.8125,-609.375,-312.5,-789.0625,-515.625
115634,203.125,789.0625,570.3125,-78.125,-1007.8125,31.25,-125.0,-929.6875,-351.5625,-171.875,-757.8125,-609.375,-312.5,-789.0625,-515.625
115642,203.125,781.25,585.9375,-78.125,-1007.8125,31.25,-125.0,-929.6875,-351.5625,-187.5,-750.0,-609.375,-328.125,-789.0625,-515.625
115642,203.125,781.25,585.9375,-78.125,-1007.8125,31.25,-125.0,-929.6875,-351.5625,-187.5,-750.0,-609.375,-328.125,-789.0625,-515.625
115642,195.3125,789.0625,585.9375,-70.3125,-1007.8125,31.25,-132.8125,-929.6875,-359.375,-179.6875,-750.0,-617.1875,-320.3125,-789.0625,-515.625
115642,195.3125,789.0625,585.9375,-70.3125,-1007.8125,31.25,-132.8125,-929.6875,-359.375,-179.6875,-750.0,-617.1875,-320.3125,-789.0625,-515.625
115650,203.125,789.0625,593.75,-78.125,-1007.8125,23.4375,-140.625,-937.5,-367.1875,-195.3125,-757.8125,-609.375,-320.3125,-789.0625,-531.25
115650,203.125,789.0625,593.75,-78.125,-1007.8125,23.4375,-140.625,-937.5,-367.1875,-195.3125,-757.8125,-609.375,-320.3125,-789.0625,-531.25
115796,195.3125,796.875,585.9375,-78.125,-1023.4375,31.25,-125.0,-937.5,-343.75,-164.0625,-781.25,-617.1875,-304.6875,-812.5,-523.4375
115796,195.3125,796.875,585.9375,-78.125,-1023.4375,31.25,-125.0,-937.5,-343.75,-164.0625,-781.25,-617.1875,-304.6875,-812.5,-523.4375
115804,195.3125,789.0625,593.75,-70.3125,-1023.4375,39.0625,-132.8125,-945.3125,-351.5625,-171.875,-781.25,-625.0,-312.5,-804.6875,-523.4375
115804,195.3125,789.0625,593.75,-70.3125,-1023.4375,39.0625,-132.8125,-945.3125,-351.5625,-171.875,-781.25,-625.0,-312.5,-804.6875,-523.4375
115804,203.125,781.25,593.75,-78.125,-1023.4375,23.4375,-132.8125,-945.3125,-351.5625,-171.875,-773.4375,-617.1875,-304.6875,-804.6875,-523.4375
115804,203.125,781.25,593.75,-78.125,-1023.4375,23.4375,-132.8125,-945.3125,-351.5625,-171.875,-773.4375,-617.1875,-304.6875,-804.6875,-523.4375
115812,203.125,789.0625,601.5625,-70.3125,-1023.4375,15.625,-132.8125,-929.6875,-351.5625,-171.875,-773.4375,-617.1875,-312.5,-796.875,-507.8125
115812,203.125,789.0625,601.5625,-70.3125,-1023.4375,15.625,-132.8125,-929.6875,-351.5625,-171.875,-773.4375,-617.1875,-312.5,-796.875,-507.8125
115957,203.125,773.4375,601.5625,-70.3125,-1015.625,23.4375,-140.625,-945.3125,-351.5625,-171.875,-781.25,-617.1875,-320.3125,-812.5,-507.8125
115957,203.125,773.4375,601.5625,-70.3125,-1015.625,23.4375,-140.625,-945.3125,-351.5625,-171.875,-781.25,-617.1875,-320.3125,-812.5,-507.8125
115965,195.3125,773.4375,601.5625,-70.3125,-1023.4375,15.625,-140.625,-945.3125,-351.5625,-171.875,-781.25,-609.375,-320.3125,-804.6875,-523.4375
115965,195.3125,773.4375,601.5625,-70.3125,-1023.4375,15.625,-140.625,-945.3125,-351.5625,-171.875,-781.25,-609.375,-320.3125,-804.6875,-523.4375
115965,203.125,781.25,609.375,-70.3125,-1023.4375,15.625,-132.8125,-937.5,-351.5625,-171.875,-773.4375,-617.1875,-320.3125,-804.6875,-515.625
115965,203.125,781.25,609.375,-70.3125,-1023.4375,15.625,-132.8125,-937.5,-351.5625,-171.875,-773.4375,-617.1875,-320.3125,-804.6875,-515.625
115973,195.3125,781.25,601.5625,-78.125,-1023.4375,15.625,-140.625,-945.3125,-351.5625,-164.0625,-773.4375,-609.375,-304.6875,-796.875,-515.625
115973,195.3125,781.25,601.5625,-78.125,-1023.4375,15.625,-140.625,-945.3125,-351.5625,-164.0625,-773.4375,-609.375,-304.6875,-796.875,-515.625
116118,179.6875,789.0625,601.5625,-78.125,-1023.4375,31.25,-132.8125,-945.3125,-335.9375,-148.4375,-781.25,-609.375,-304.6875,-804.6875,-507.8125
116118,179.6875,789.0625,601.5625,-78.125,-1023.4375,31.25,-132.8125,-945.3125,-335.9375,-148.4375,-781.25,-609.375,-304.6875,-804.6875,-507.8125
116126,187.5,789.0625,593.75,-70.3125,-1015.625,39.0625,-140.625,-953.125,-343.75,-148.4375,-781.25,-601.5625,-304.6875,-820.3125,-507.8125
116126,187.5,789.0625,593.75,-70.3125,-1015.625,39.0625,-140.625,-953.125,-343.75,-148.4375,-781.25,-601.5625,-304.6875,-820.3125,-507.8125
116126,195.3125,789.0625,601.5625,-70.3125,-1015.625,39.0625,-117.1875,-945.3125,-343.75,-156.25,-781.25,-609.375,-312.5,-804.6875,-507.8125
116126,195.3125,789.0625,601.5625,-70.3125,-1015.625,39.0625,-117.1875,-945.3125,-343.75,-156.25,-781.25,-609.375,-312.5,-804.6875,-507.8125
116134,187.5,789.0625,601.5625,-70.3125,-1015.625,23.4375,-117.1875,-945.3125,-335.9375,-156.25,-781.25,-609.375,-304.6875,-804.6875,-507.8125
116134,187.5,789.0625,601.5625,-70.3125,-1015.625,23.4375,-117.1875,-945.3125,-335.9375,-156.25,-781.25,-609.375,-304.6875,-804.6875,-507.8125
116279,179.6875,789.0625,601.5625,-70.3125,-1007.8125,31.25,-132.8125,-937.5,-335.9375,-156.25,-773.4375,-601.5625,-304.6875,-804.6875,-507.8125
116279,179.6875,789.0625,601.5625,-70.3125,-1007.8125,31.25,-132.8125,-937.5,-335.9375,-156.25,-773.4375,-601.5625,-304.6875,-804.6875,-507.8125
116288,179.6875,789.0625,593.75,-78.125,-1015.625,23.4375,-132.8125,-929.6875,-335.9375,-140.625,-781.25,-593.75,-296.875,-804.6875,-500.0
116288,179.6875,789.0625,593.75,-78.125,-1015.625,23.4375,-132.8125,-929.6875,-335.9375,-140.625,-781.25,-593.75,-296.875,-804.6875,-500.0
116288,171.875,781.25,593.75,-70.3125,-1007.8125,31.25,-125.0,-937.5,-328.125,-140.625,-781.25,-593.75,-296.875,-804.6875,-492.1875
116288,171.875,781.25,593.75,-70.3125,-1007.8125,31.25,-125.0,-937.5,-328.125,-140.625,-781.25,-593.75,-296.875,-804.6875,-492.1875
116294,179.6875,773.4375,593.75,-78.125,-1007.8125,31.25,-132.8125,-937.5,-343.75,-156.25,-773.4375,-593.75,-312.5,-812.5,-492.1875
116294,179.6875,773.4375,593.75,-78.125,-1007.8125,31.25,-132.8125,-937.5,-343.75,-156.25,-773.4375,-593.75,-312.5,-812.5,-492.1875
116441,187.5,781.25,601.5625,-70.3125,-1023.4375,23.4375,-140.625,-937.5,-335.9375,-156.25,-789.0625,-601.5625,-304.6875,-796.875,-507.8125
116441,187.5,781.25,601.5625,-70.3125,-1023.4375,23.4375,-140.625,-937.5,-335.9375,-156.25,-789.0625,-601.5625,-304.6875,-796.875,-507.8125
116449,179.6875,773.4375,609.375,-70.3125,-1015.625,15.625,-132.8125,-937.5,-335.9375,-164.0625,-773.4375,-609.375,-304.6875,-796.875,-507.8125
116449,179.6875,773.4375,609.375,-70.3125,-1015.625,15.625,-132.8125,-937.5,-335.9375,-164.0625,-773.4375,-609.375,-304.6875,-796.875,-507.8125
116449,179.6875,773.4375,609.375,-78.125,-1023.4375,7.8125,-132.8125,-929.6875,-335.9375,-132.8125,-781.25,-609.375,-296.875,-804.6875,-507.8125
116449,179.6875,773.4375,609.375,-78.125,-1023.4375,7.8125,-132.8125,-929.6875,-335.9375,-132.8125,-781.25,-609.375,-296.875,-804.6875,-507.8125
116457,179.6875,765.625,609.375,-62.5,-1007.8125,15.625,-140.625,-937.5,-343.75,-156.25,-781.25,-601.5625,-304.6875,-804.6875,-515.625
116457,179.6875,765.625,609.375,-62.5,-1007.8125,15.625,-140.625,-937.5,-343.75,-156.25,-781.25,-601.5625,-304.6875,-804.6875,-515.625
