113522,-48.125,35.0,-8.75
113522,-48.125,35.0,-8.75
113532,-52.5,35.0,-21.875
113532,-52.5,35.0,-21.875
113683,-26.25,-21.875,0.0
113683,-26.25,-21.875,0.0
113693,-13.125,-39.375,8.75
113693,-13.125,-39.375,8.75
113764,39.375,-140.0,21.875
113764,39.375,-140.0,21.875
113774,0.0,-144.375,83.125
113774,0.0,-144.375,83.125
113925,-1281.875,-568.75,2108.75
113925,-1281.875,-568.75,2108.75
113935,-1701.875,-752.5,2721.25
113935,-1701.875,-752.5,2721.25
114006,-1058.75,-5490.625,2476.25
114006,-1058.75,-5490.625,2476.25
114016,-148.75,-6383.125,1553.125
114016,-148.75,-6383.125,1553.125
114167,-8106.875,1745.625,-19328.75
114167,-8106.875,1745.625,-19328.75
114177,-7770.0,770.0,-21651.875
114177,-7770.0,770.0,-21651.875
114329,1102.5,161.875,-24889.375
114329,1102.5,161.875,-24889.375
114339,1391.25,-2611.875,-22365.0
114339,1391.25,-2611.875,-22365.0
114490,-3268.125,-1505.0,-4816.875
114490,-3268.125,-1505.0,-4816.875
114500,-2323.125,-1093.75,-4020.625
114500,-2323.125,-1093.75,-4020.625
114662,2353.75,8706.25,1903.125
114662,2353.75,8706.25,1903.125
114672,1146.25,10828.125,2283.75
114672,1146.25,10828.125,2283.75
114823,2642.5,14013.125,28385.0
114823,2642.5,14013.125,28385.0
114833,26.25,11418.75,24403.75
114833,26.25,11418.75,24403.75
114985,1955.625,-3237.5,678.125
114985,1955.625,-3237.5,678.125
114995,1207.5,-2397.5,-122.5
114995,1207.5,-2397.5,-122.5
115146,192.5,-245.0,-608.125
115146,192.5,-245.0,-608.125
115156,109.375,-144.375,-625.625
115156,109.375,-144.375,-625.625
115308,791.875,245.0,-402.5
115308,791.875,245.0,-402.5
115318,595.0,240.625,-293.125
115318,595.0,240.625,-293.125
115469,87.5,-183.75,-406.875
115469,87.5,-183.75,-406.875
115479,56.875,-131.25,-367.5
115479,56.875,-131.25,-367.5
115630,183.75,87.5,-218.75
115630,183.75,87.5,-218.75
115641,275.625,39.375,-201.25
115641,275.625,39.375,-201.25
115792,83.125,-39.375,-140.0
115792,83.125,-39.375,-140.0
115802,148.75,-13.125,-144.375
115802,148.75,-13.125,-144.375
115953,61.25,-8.75,-21.875
115953,61.25,-8.75,-21.875
115964,65.625,-35.0,0.0
115964,65.625,-35.0,0.0
116115,179.375,-30.625,-126.875
116115,179.375,-30.625,-126.875
116125,166.25,-4.375,-166.25
116125,166.25,-4.375,-166.25
116276,61.25,-91.875,-135.625
116276,61.25,-91.875,-135.625
116287,113.75,-70.0,-140.0
116287,113.75,-70.0,-140.0
116438,218.75,-52.5,-100.625
116438,218.75,-52.5,-100.625
116448,262.5,-61.25,-100.625
116448,262.5,-61.25,-100.625
