131584,-17.5,-13.125,-78.75
131584,-17.5,-13.125,-78.75
131594,-8.75,-17.5,-78.75
131594,-8.75,-17.5,-78.75
131745,39.375,-113.75,-118.125
131745,39.375,-113.75,-118.125
131755,48.125,-166.25,-157.5
131755,48.125,-166.25,-157.5
131907,-1146.25,179.375,1347.5
131907,-1146.25,179.375,1347.5
131917,-1662.5,249.375,1137.5
131917,-1662.5,249.375,1137.5
132068,-1916.25,1964.375,-603.75
132068,-1916.25,1964.375,-603.75
132078,-1977.5,1981.875,113.75
132078,-1977.5,1981.875,113.75
132230,8623.125,9738.75,-18694.375
132230,8623.125,9738.75,-18694.375
132240,-726.25,12499.375,-24832.5
132240,-726.25,12499.375,-24832.5
132391,4060.0,-4143.125,-29491.875
132391,4060.0,-4143.125,-29491.875
132401,1347.5,-6422.5,-26263.125
132401,1347.5,-6422.5,-26263.125
132543,-4935.0,-3675.0,-3014.375
132543,-4935.0,-3675.0,-3014.375
132553,-5390.0,-1452.5,-984.375
132553,-5390.0,-1452.5,-984.375
132705,13864.375,15430.625,45150.0
132705,13864.375,15430.625,45150.0
132714,608.125,22172.5,38272.5
132714,608.125,22172.5,38272.5
132866,2856.875,-3692.5,-288.75
132866,2856.875,-3692.5,-288.75
132876,2428.125,-3058.125,726.25
132876,2428.125,-3058.125,726.25
133027,-4.375,-345.625,-288.75
133027,-4.375,-345.625,-288.75
133037,170.625,-511.875,-135.625
133037,170.625,-511.875,-135.625
133189,533.75,262.5,-227.5
133189,533.75,262.5,-227.5
133198,450.625,175.0,-43.75
133198,450.625,175.0,-43.75
133350,393.75,-100.625,-210.0
133350,393.75,-100.625,-210.0
133360,450.625,-126.875,-245.0
133360,450.625,-126.875,-245.0
133511,153.125,-83.125,-56.875
133511,153.125,-83.125,-56.875
133521,170.625,-17.5,-17.5
133521,170.625,-17.5,-17.5
133572,157.5,26.25,-118.125
133572,157.5,26.25,-118.125
133582,148.75,8.75,-91.875
133582,148.75,8.75,-91.875
133733,140.0,-118.125,-100.625
133733,140.0,-118.125,-100.625
133743,113.75,-65.625,-140.0
133743,113.75,-65.625,-140.0
133895,-8.75,74.375,-126.875
133895,-8.75,74.375,-126.875
133905,35.0,48.125,-105.0
133905,35.0,48.125,-105.0
134056,17.5,-39.375,-48.125
134056,17.5,-39.375,-48.125
134066,30.625,-30.625,-56.875
134066,30.625,-30.625,-56.875
134218,83.125,43.75,-83.125
134218,83.125,43.75,-83.125
134228,56.875,-21.875,-35.0
134228,56.875,-21.875,-35.0
134379,-17.5,-74.375,-26.25
134379,-17.5,-74.375,-26.25
134389,-61.25,-105.0,39.375
134389,-61.25,-105.0,39.375
134540,-48.125,-61.25,-43.75
134540,-48.125,-61.25,-43.75
134551,-17.5,-56.875,-65.625
134551,-17.5,-56.875,-65.625
