1792682,-210.9375,484.375,843.75,-101.5625,-765.625,679.6875,85.9375,-968.75,296.875,484.375,-859.375,195.3125,539.0625,-796.875,296.875
1792682,-210.9375,484.375,843.75,-101.5625,-765.625,679.6875,85.9375,-968.75,296.875,484.375,-859.375,195.3125,539.0625,-796.875,296.875
1792690,-218.75,492.1875,843.75,-101.5625,-765.625,671.875,85.9375,-968.75,312.5,476.5625,-851.5625,203.125,531.25,-804.6875,304.6875
1792690,-218.75,492.1875,843.75,-101.5625,-765.625,671.875,85.9375,-968.75,312.5,476.5625,-851.5625,203.125,531.25,-804.6875,304.6875
1792698,-210.9375,500.0,843.75,-109.375,-773.4375,671.875,78.125,-968.75,304.6875,484.375,-859.375,195.3125,531.25,-796.875,312.5
1792698,-210.9375,500.0,843.75,-109.375,-773.4375,671.875,78.125,-968.75,304.6875,484.375,-859.375,195.3125,531.25,-796.875,312.5
1792698,-210.9375,492.1875,851.5625,-101.5625,-773.4375,679.6875,78.125,-960.9375,312.5,476.5625,-859.375,187.5,531.25,-804.6875,296.875
1792698,-210.9375,492.1875,851.5625,-101.5625,-773.4375,679.6875,78.125,-960.9375,312.5,476.5625,-859.375,187.5,531.25,-804.6875,296.875
1792844,-203.125,484.375,851.5625,-109.375,-765.625,679.6875,78.125,-968.75,312.5,476.5625,-851.5625,195.3125,531.25,-796.875,296.875
1792844,-203.125,484.375,851.5625,-109.375,-765.625,679.6875,78.125,-968.75,312.5,476.5625,-851.5625,195.3125,531.25,-796.875,296.875
1792851,-210.9375,500.0,851.5625,-101.5625,-765.625,687.5,85.9375,-968.75,312.5,484.375,-859.375,195.3125,531.25,-804.6875,304.6875
1792851,-210.9375,500.0,851.5625,-101.5625,-765.625,687.5,85.9375,-968.75,312.5,484.375,-859.375,195.3125,531.25,-804.6875,304.6875
1792859,-210.9375,500.0,851.5625,-93.75,-773.4375,671.875,85.9375,-976.5625,312.5,484.375,-859.375,203.125,531.25,-796.875,296.875
1792859,-210.9375,500.0,851.5625,-93.75,-773.4375,671.875,85.9375,-976.5625,312.5,484.375,-859.375,203.125,531.25,-796.875,296.875
1792860,-210.9375,492.1875,851.5625,-109.375,-765.625,679.6875,78.125,-968.75,312.5,484.375,-859.375,195.3125,531.25,-796.875,296.875
1792860,-210.9375,492.1875,851.5625,-109.375,-765.625,679.6875,78.125,-968.75,312.5,484.375,-859.375,195.3125,531.25,-796.875,296.875
1793005,-203.125,500.0,843.75,-101.5625,-765.625,679.6875,78.125,-960.9375,312.5,484.375,-843.75,195.3125,531.25,-796.875,304.6875
1793005,-203.125,500.0,843.75,-101.5625,-765.625,679.6875,78.125,-960.9375,312.5,484.375,-843.75,195.3125,531.25,-796.875,304.6875
1793012,-218.75,492.1875,843.75,-101.5625,-765.625,671.875,78.125,-960.9375,312.5,484.375,-851.5625,187.5,531.25,-796.875,296.875
1793012,-218.75,492.1875,843.75,-101.5625,-765.625,671.875,78.125,-960.9375,312.5,484.375,-851.5625,187.5,531.25,-796.875,296.875
1793021,-203.125,492.1875,843.75,-101.5625,-765.625,671.875,78.125,-968.75,304.6875,484.375,-851.5625,195.3125,531.25,-796.875,296.875
1793021,-203.125,492.1875,843.75,-101.5625,-765.625,671.875,78.125,-968.75,304.6875,484.375,-851.5625,195.3125,531.25,-796.875,296.875
1793021,-210.9375,492.1875,843.75,-109.375,-765.625,671.875,93.75,-960.9375,320.3125,484.375,-851.5625,203.125,539.0625,-796.875,312.5
1793021,-210.9375,492.1875,843.75,-109.375,-765.625,671.875,93.75,-960.9375,320.3125,484.375,-851.5625,203.125,539.0625,-796.875,312.5
1793166,-203.125,484.375,843.75,-109.375,-765.625,671.875,85.9375,-960.9375,304.6875,468.75,-851.5625,195.3125,523.4375,-789.0625,304.6875
1793166,-203.125,484.375,843.75,-109.375,-765.625,671.875,85.9375,-960.9375,304.6875,468.75,-851.5625,195.3125,523.4375,-789.0625,304.6875
1793174,-210.9375,492.1875,851.5625,-101.5625,-765.625,679.6875,78.125,-968.75,304.6875,484.375,-859.375,195.3125,531.25,-796.875,296.875
1793174,-210.9375,492.1875,851.5625,-101.5625,-765.625,679.6875,78.125,-968.75,304.6875,484.375,-859.375,195.3125,531.25,-796.875,296.875
1793181,-210.9375,492.1875,851.5625,-93.75,-765.625,679.6875,78.125,-968.75,304.6875,484.375,-859.375,187.5,531.25,-796.875,304.6875
1793181,-210.9375,492.1875,851.5625,-93.75,-765.625,679.6875,78.125,-968.75,304.6875,484.375,-859.375,187.5,531.25,-796.875,304.6875
1793181,-210.9375,484.375,843.75,-109.375,-773.4375,671.875,93.75,-968.75,304.6875,476.5625,-859.375,187.5,531.25,-812.5,296.875
1793181,-210.9375,484.375,843.75,-109.375,-773.4375,671.875,93.75,-968.75,304.6875,476.5625,-859.375,187.5,531.25,-812.5,296.875
1793327,-203.125,507.8125,835.9375,-101.5625,-757.8125,679.6875,70.3125,-953.125,304.6875,476.5625,-851.5625,195.3125,531.25,-804.6875,296.875
1793327,-203.125,507.8125,835.9375,-101.5625,-757.8125,679.6875,70.3125,-953.125,304.6875,476.5625,-851.5625,195.3125,531.25,-804.6875,296.875
1793335,-203.125,500.0,851.5625,-101.5625,-765.625,687.5,78.125,-960.9375,304.6875,476.5625,-859.375,187.5,523.4375,-796.875,304.6875
1793335,-203.125,500.0,851.5625,-101.5625,-765.625,687.5,78.125,-960.9375,304.6875,476.5625,-859.375,187.5,523.4375,-796.875,304.6875
1793343,-210.9375,500.0,843.75,-101.5625,-765.625,671.875,85.9375,-960.9375,312.5,484.375,-859.375,195.3125,531.25,-796.875,296.875
1793343,-210.9375,500.0,843.75,-101.5625,-765.625,671.875,85.9375,-960.9375,312.5,484.375,-859.375,195.3125,531.25,-796.875,296.875
1793343,-210.9375,500.0,843.75,-109.375,-765.625,679.6875,78.125,-968.75,304.6875,476.5625,-859.375,203.125,531.25,-796.875,296.875
1793343,-210.9375,500.0,843.75,-109.375,-765.625,679.6875,78.125,-968.75,304.6875,476.5625,-859.375,203.125,531.25,-796.875,296.875
1793488,-210.9375,492.1875,851.5625,-101.5625,-773.4375,671.875,78.125,-976.5625,312.5,476.5625,-851.5625,195.3125,523.4375,-804.6875,296.875
1793488,-210.9375,492.1875,851.5625,-101.5625,-773.4375,671.875,78.125,-976.5625,312.5,476.5625,-851.5625,195.3125,523.4375,-804.6875,296.875
1793496,-203.125,492.1875,843.75,-109.375,-765.625,671.875,70.3125,-968.75,304.6875,476.5625,-859.375,195.3125,531.25,-796.875,289.0625
1793496,-203.125,492.1875,843.75,-109.375,-765.625,671.875,70.3125,-968.75,304.6875,476.5625,-859.375,195.3125,531.25,-796.875,289.0625
1793504,-210.9375,484.375,859.375,-101.5625,-765.625,671.875,78.125,-968.75,304.6875,484.375,-851.5625,187.5,531.25,-804.6875,296.875
1793504,-210.9375,484.375,859.375,-101.5625,-765.625,671.875,78.125,-968.75,304.6875,484.375,-851.5625,187.5,531.25,-804.6875,296.875
1793504,-203.125,492.1875,843.75,-101.5625,-765.625,664.0625,85.9375,-953.125,296.875,468.75,-859.375,195.3125,531.25,-796.875,304.6875
1793504,-203.125,492.1875,843.75,-101.5625,-765.625,664.0625,85.9375,-953.125,296.875,468.75,-859.375,195.3125,531.25,-796.875,304.6875
1793649,-203.125,492.1875,843.75,-101.5625,-765.625,679.6875,78.125,-976.5625,312.5,484.375,-859.375,195.3125,531.25,-804.6875,296.875
1793649,-203.125,492.1875,843.75,-101.5625,-765.625,679.6875,78.125,-976.5625,312.5,484.375,-859.375,195.3125,531.25,-804.6875,296.875
1793657,-210.9375,492.1875,843.75,-101.5625,-773.4375,671.875,85.9375,-968.75,312.5,484.375,-859.375,195.3125,531.25,-796.875,304.6875
1793657,-210.9375,492.1875,843.75,-101.5625,-773.4375,671.875,85.9375,-968.75,312.5,484.375,-859.375,195.3125,531.25,-796.875,304.6875
1793665,-210.9375,492.1875,843.75,-109.375,-765.625,679.6875,78.125,-968.75,320.3125,484.375,-859.375,187.5,523.4375,-796.875,296.875
1793665,-210.9375,492.1875,843.75,-109.375,-765.625,679.6875,78.125,-968.75,320.3125,484.375,-859.375,187.5,523.4375,-796.875,296.875
1793665,-210.9375,492.1875,851.5625,-101.5625,-773.4375,679.6875,78.125,-960.9375,320.3125,484.375,-851.5625,195.3125,531.25,-804.6875,304.6875
1793665,-210.9375,492.1875,851.5625,-101.5625,-773.4375,679.6875,78.125,-960.9375,320.3125,484.375,-851.5625,195.3125,531.25,-804.6875,304.6875
1793811,-203.125,484.375,843.75,-101.5625,-773.4375,679.6875,78.125,-960.9375,304.6875,476.5625,-867.1875,187.5,523.4375,-804.6875,289.0625
1793811,-203.125,484.375,843.75,-101.5625,-773.4375,679.6875,78.125,-960.9375,304.6875,476.5625,-867.1875,187.5,523.4375,-804.6875,289.0625
1793819,-210.9375,484.375,859.375,-101.5625,-765.625,671.875,70.3125,-976.5625,296.875,492.1875,-859.375,179.6875,539.0625,-804.6875,289.0625
1793819,-210.9375,484.375,859.375,-101.5625,-765.625,671.875,70.3125,-976.5625,296.875,492.1875,-859.375,179.6875,539.0625,-804.6875,289.0625
1793827,-210.9375,484.375,851.5625,-109.375,-773.4375,671.875,70.3125,-968.75,304.6875,476.5625,-859.375,187.5,523.4375,-796.875,289.0625
1793827,-210.9375,484.375,851.5625,-109.375,-773.4375,671.875,70.3125,-968.75,304.6875,476.5625,-859.375,187.5,523.4375,-796.875,289.0625
1793827,-218.75,484.375,843.75,-109.375,-765.625,671.875,70.3125,-968.75,312.5,476.5625,-859.375,195.3125,523.4375,-796.875,296.875
1793827,-218.75,484.375,843.75,-109.375,-765.625,671.875,70.3125,-968.75,312.5,476.5625,-859.375,195.3125,523.4375,-796.875,296.875
1793972,-218.75,476.5625,843.75,-109.375,-765.625,671.875,85.9375,-968.75,304.6875,484.375,-859.375,187.5,531.25,-796.875,289.0625
1793972,-218.75,476.5625,843.75,-109.375,-765.625,671.875,85.9375,-968.75,304.6875,484.375,-859.375,187.5,531.25,-796.875,289.0625
1793980,-226.5625,476.5625,851.5625,-109.375,-773.4375,664.0625,78.125,-968.75,304.6875,484.375,-867.1875,187.5,531.25,-804.6875,289.0625
1793980,-226.5625,476.5625,851.5625,-109.375,-773.4375,664.0625,78.125,-968.75,304.6875,484.375,-867.1875,187.5,531.25,-804.6875,289.0625
1793988,-218.75,476.5625,843.75,-101.5625,-773.4375,664.0625,85.9375,-976.5625,304.6875,468.75,-859.375,187.5,531.25,-804.6875,296.875
1793988,-218.75,476.5625,843.75,-101.5625,-773.4375,664.0625,85.9375,-976.5625,304.6875,468.75,-859.375,187.5,531.25,-804.6875,296.875
1793988,-218.75,484.375,851.5625,-109.375,-773.4375,664.0625,78.125,-976.5625,304.6875,476.5625,-867.1875,187.5,523.4375,-812.5,289.0625
1793988,-218.75,484.375,851.5625,-109.375,-773.4375,664.0625,78.125,-976.5625,304.6875,476.5625,-867.1875,187.5,523.4375,-812.5,289.0625
1794134,-218.75,476.5625,843.75,-101.5625,-773.4375,671.875,62.5,-968.75,296.875,476.5625,-859.375,187.5,531.25,-812.5,289.0625
1794134,-218.75,476.5625,843.75,-101.5625,-773.4375,671.875,62.5,-968.75,296.875,476.5625,-859.375,187.5,531.25,-812.5,289.0625
1794141,-218.75,476.5625,843.75,-109.375,-773.4375,664.0625,62.5,-976.5625,304.6875,476.5625,-867.1875,195.3125,523.4375,-804.6875,289.0625
1794141,-218.75,476.5625,843.75,-109.375,-773.4375,664.0625,62.5,-976.5625,304.6875,476.5625,-867.1875,195.3125,523.4375,-804.6875,289.0625
1794149,-218.75,468.75,843.75,-109.375,-773.4375,671.875,70.3125,-976.5625,304.6875,476.5625,-859.375,187.5,523.4375,-804.6875,289.0625
1794149,-218.75,468.75,843.75,-109.375,-773.4375,671.875,70.3125,-976.5625,304.6875,476.5625,-859.375,187.5,523.4375,-804.6875,289.0625
1794150,-226.5625,476.5625,851.5625,-109.375,-765.625,664.0625,70.3125,-968.75,289.0625,476.5625,-867.1875,179.6875,531.25,-812.5,281.25
1794150,-226.5625,476.5625,851.5625,-109.375,-765.625,664.0625,70.3125,-968.75,289.0625,476.5625,-867.1875,179.6875,531.25,-812.5,281.25
1794174,-210.9375,492.1875,851.5625,-93.75,-773.4375,687.5,85.9375,-968.75,312.5,484.375,-859.375,195.3125,539.0625,-812.5,289.0625
1794174,-210.9375,492.1875,851.5625,-93.75,-773.4375,687.5,85.9375,-968.75,312.5,484.375,-859.375,195.3125,539.0625,-812.5,289.0625
1794182,-210.9375,484.375,859.375,-93.75,-765.625,695.3125,85.9375,-976.5625,320.3125,492.1875,-867.1875,195.3125,531.25,-796.875,289.0625
1794182,-210.9375,484.375,859.375,-93.75,-765.625,695.3125,85.9375,-976.5625,320.3125,492.1875,-867.1875,195.3125,531.25,-796.875,289.0625
1794190,-210.9375,500.0,851.5625,-93.75,-765.625,726.5625,78.125,-976.5625,320.3125,476.5625,-867.1875,203.125,523.4375,-804.6875,296.875
1794190,-210.9375,500.0,851.5625,-93.75,-765.625,726.5625,78.125,-976.5625,320.3125,476.5625,-867.1875,203.125,523.4375,-804.6875,296.875
1794190,-210.9375,500.0,851.5625,-85.9375,-757.8125,703.125,85.9375,-976.5625,335.9375,476.5625,-867.1875,210.9375,531.25,-804.6875,296.875
1794190,-210.9375,500.0,851.5625,-85.9375,-757.8125,703.125,85.9375,-976.5625,335.9375,476.5625,-867.1875,210.9375,531.25,-804.6875,296.875
1794335,-210.9375,500.0,875.0,-117.1875,-820.3125,867.1875,125.0,-1093.75,523.4375,570.3125,-929.6875,273.4375,703.125,-742.1875,453.125
1794335,-210.9375,500.0,875.0,-117.1875,-820.3125,867.1875,125.0,-1093.75,523.4375,570.3125,-929.6875,273.4375,703.125,-742.1875,453.125
1794343,-226.5625,523.4375,851.5625,-140.625,-835.9375,914.0625,93.75,-1039.0625,539.0625,570.3125,-937.5,273.4375,554.6875,-781.25,390.625
1794343,-226.5625,523.4375,851.5625,-140.625,-835.9375,914.0625,93.75,-1039.0625,539.0625,570.3125,-937.5,273.4375,554.6875,-781.25,390.625
1794351,-218.75,531.25,867.1875,-101.5625,-820.3125,898.4375,78.125,-1031.25,554.6875,578.125,-929.6875,312.5,546.875,-820.3125,382.8125
1794351,-218.75,531.25,867.1875,-101.5625,-820.3125,898.4375,78.125,-1031.25,554.6875,578.125,-929.6875,312.5,546.875,-820.3125,382.8125
1794351,-210.9375,515.625,882.8125,-101.5625,-835.9375,914.0625,70.3125,-1046.875,578.125,609.375,-945.3125,359.375,617.1875,-914.0625,437.5
1794351,-210.9375,515.625,882.8125,-101.5625,-835.9375,914.0625,70.3125,-1046.875,578.125,609.375,-945.3125,359.375,617.1875,-914.0625,437.5
1794496,-148.4375,1023.4375,695.3125,-85.9375,-757.8125,1078.125,203.125,-1523.4375,851.5625,687.5,-960.9375,531.25,664.0625,-882.8125,664.0625
1794496,-148.4375,1023.4375,695.3125,-85.9375,-757.8125,1078.125,203.125,-1523.4375,851.5625,687.5,-960.9375,531.25,664.0625,-882.8125,664.0625
1794504,-148.4375,1000.0,656.25,-101.5625,-812.5,1054.6875,414.0625,-1281.25,789.0625,679.6875,-960.9375,515.625,593.75,-867.1875,609.375
1794504,-148.4375,1000.0,656.25,-101.5625,-812.5,1054.6875,414.0625,-1281.25,789.0625,679.6875,-960.9375,515.625,593.75,-867.1875,609.375
1794512,-148.4375,968.75,656.25,-101.5625,-843.75,1031.25,351.5625,-1226.5625,734.375,710.9375,-1007.8125,468.75,562.5,-882.8125,609.375
1794512,-148.4375,968.75,656.25,-101.5625,-843.75,1031.25,351.5625,-1226.5625,734.375,710.9375,-1007.8125,468.75,562.5,-882.8125,609.375
1794512,-164.0625,1070.3125,609.375,-93.75,-859.375,1031.25,281.25,-1257.8125,671.875,679.6875,-1031.25,445.3125,554.6875,-906.25,609.375
1794512,-164.0625,1070.3125,609.375,-93.75,-859.375,1031.25,281.25,-1257.8125,671.875,679.6875,-1031.25,445.3125,554.6875,-906.25,609.375
1794617,-585.9375,46.875,554.6875,-382.8125,-781.25,257.8125,-70.3125,-890.625,171.875,296.875,-828.125,109.375,296.875,-828.125,335.9375
1794617,-585.9375,46.875,554.6875,-382.8125,-781.25,257.8125,-70.3125,-890.625,171.875,296.875,-828.125,109.375,296.875,-828.125,335.9375
1794625,-585.9375,-54.6875,523.4375,-390.625,-718.75,226.5625,-101.5625,-851.5625,156.25,273.4375,-812.5,78.125,296.875,-757.8125,328.125
1794625,-585.9375,-54.6875,523.4375,-390.625,-718.75,226.5625,-101.5625,-851.5625,156.25,273.4375,-812.5,78.125,296.875,-757.8125,328.125
1794633,-625.0,-140.625,507.8125,-429.6875,-679.6875,156.25,-117.1875,-812.5,132.8125,257.8125,-796.875,78.125,242.1875,-750.0,296.875
1794633,-625.0,-140.625,507.8125,-429.6875,-679.6875,156.25,-117.1875,-812.5,132.8125,257.8125,-796.875,78.125,242.1875,-750.0,296.875
1794633,-632.8125,-226.5625,500.0,-460.9375,-679.6875,125.0,-156.25,-812.5,109.375,203.125,-796.875,46.875,187.5,-765.625,250.0
1794633,-632.8125,-226.5625,500.0,-460.9375,-679.6875,125.0,-156.25,-812.5,109.375,203.125,-796.875,46.875,187.5,-765.625,250.0
1794778,-578.125,54.6875,-46.875,-203.125,-164.0625,484.375,85.9375,-320.3125,601.5625,171.875,-382.8125,500.0,-23.4375,-351.5625,515.625
1794778,-578.125,54.6875,-46.875,-203.125,-164.0625,484.375,85.9375,-320.3125,601.5625,171.875,-382.8125,500.0,-23.4375,-351.5625,515.625
1794786,-531.25,101.5625,-78.125,-156.25,-132.8125,554.6875,93.75,-343.75,664.0625,226.5625,-421.875,601.5625,-46.875,-382.8125,601.5625
1794786,-531.25,101.5625,-78.125,-156.25,-132.8125,554.6875,93.75,-343.75,664.0625,226.5625,-421.875,601.5625,-46.875,-382.8125,601.5625
1794794,-492.1875,164.0625,-101.5625,-101.5625,-117.1875,656.25,125.0,-335.9375,710.9375,265.625,-445.3125,656.25,-46.875,-367.1875,695.3125
1794794,-492.1875,164.0625,-101.5625,-101.5625,-117.1875,656.25,125.0,-335.9375,710.9375,265.625,-445.3125,656.25,-46.875,-367.1875,695.3125
1794794,-468.75,265.625,-93.75,-31.25,-85.9375,718.75,156.25,-320.3125,734.375,265.625,-437.5,710.9375,23.4375,-304.6875,804.6875
1794794,-468.75,265.625,-93.75,-31.25,-85.9375,718.75,156.25,-320.3125,734.375,265.625,-437.5,710.9375,23.4375,-304.6875,804.6875
1794940,-734.375,375.0,148.4375,-273.4375,-382.8125,585.9375,-101.5625,-546.875,476.5625,-109.375,-632.8125,289.0625,-210.9375,-601.5625,382.8125
1794940,-734.375,375.0,148.4375,-273.4375,-382.8125,585.9375,-101.5625,-546.875,476.5625,-109.375,-632.8125,289.0625,-210.9375,-601.5625,382.8125
1794948,-703.125,234.375,164.0625,-234.375,-421.875,601.5625,-62.5,-585.9375,492.1875,15.625,-679.6875,343.75,-140.625,-632.8125,476.5625
1794948,-703.125,234.375,164.0625,-234.375,-421.875,601.5625,-62.5,-585.9375,492.1875,15.625,-679.6875,343.75,-140.625,-632.8125,476.5625
1794955,-648.4375,117.1875,195.3125,-210.9375,-484.375,609.375,-23.4375,-640.625,507.8125,101.5625,-710.9375,398.4375,-85.9375,-656.25,578.125
1794955,-648.4375,117.1875,195.3125,-210.9375,-484.375,609.375,-23.4375,-640.625,507.8125,101.5625,-710.9375,398.4375,-85.9375,-656.25,578.125
1794955,-593.75,78.125,226.5625,-195.3125,-531.25,601.5625,23.4375,-679.6875,539.0625,179.6875,-750.0,445.3125,-46.875,-671.875,640.625
1794955,-593.75,78.125,226.5625,-195.3125,-531.25,601.5625,23.4375,-679.6875,539.0625,179.6875,-750.0,445.3125,-46.875,-671.875,640.625
1795101,-273.4375,671.875,-484.375,171.875,601.5625,921.875,281.25,468.75,1062.5,15.625,320.3125,1140.625,-132.8125,421.875,1187.5
1795101,-273.4375,671.875,-484.375,171.875,601.5625,921.875,281.25,468.75,1062.5,15.625,320.3125,1140.625,-132.8125,421.875,1187.5
1795109,-281.25,710.9375,-507.8125,156.25,609.375,906.25,265.625,476.5625,1039.0625,-7.8125,335.9375,1093.75,-39.0625,453.125,1195.3125
1795109,-281.25,710.9375,-507.8125,156.25,609.375,906.25,265.625,476.5625,1039.0625,-7.8125,335.9375,1093.75,-39.0625,453.125,1195.3125
1795117,-343.75,796.875,-523.4375,109.375,578.125,882.8125,265.625,500.0,1015.625,15.625,367.1875,1085.9375,-54.6875,445.3125,1093.75
1795117,-343.75,796.875,-523.4375,109.375,578.125,882.8125,265.625,500.0,1015.625,15.625,367.1875,1085.9375,-54.6875,445.3125,1093.75
1795117,-398.4375,843.75,-507.8125,148.4375,695.3125,875.0,234.375,437.5,1007.8125,78.125,312.5,1117.1875,-78.125,296.875,1015.625
1795117,-398.4375,843.75,-507.8125,148.4375,695.3125,875.0,234.375,437.5,1007.8125,78.125,312.5,1117.1875,-78.125,296.875,1015.625
1795263,-773.4375,632.8125,546.875,-117.1875,-726.5625,968.75,218.75,-734.375,843.75,-359.375,-390.625,187.5,125.0,-796.875,687.5
1795263,-773.4375,632.8125,546.875,-117.1875,-726.5625,968.75,218.75,-734.375,843.75,-359.375,-390.625,187.5,125.0,-796.875,687.5
1795270,-789.0625,867.1875,539.0625,0.0,-539.0625,1046.875,109.375,-640.625,648.4375,-226.5625,-1117.1875,148.4375,-78.125,-960.9375,476.5625
1795270,-789.0625,867.1875,539.0625,0.0,-539.0625,1046.875,109.375,-640.625,648.4375,-226.5625,-1117.1875,148.4375,-78.125,-960.9375,476.5625
1795278,-718.75,914.0625,437.5,54.6875,-390.625,1085.9375,-23.4375,-609.375,671.875,335.9375,-726.5625,625.0,-85.9375,-687.5,281.25
1795278,-718.75,914.0625,437.5,54.6875,-390.625,1085.9375,-23.4375,-609.375,671.875,335.9375,-726.5625,625.0,-85.9375,-687.5,281.25
1795278,-703.125,937.5,218.75,-15.625,-179.6875,945.3125,125.0,-375.0,687.5,429.6875,-203.125,976.5625,70.3125,-140.625,539.0625
1795278,-703.125,937.5,218.75,-15.625,-179.6875,945.3125,125.0,-375.0,687.5,429.6875,-203.125,976.5625,70.3125,-140.625,539.0625
1795424,-625.0,867.1875,-93.75,148.4375,250.0,976.5625,453.125,-289.0625,1156.25,250.0,-31.25,1093.75,39.0625,39.0625,835.9375
1795424,-625.0,867.1875,-93.75,148.4375,250.0,976.5625,453.125,-289.0625,1156.25,250.0,-31.25,1093.75,39.0625,39.0625,835.9375
1795431,-632.8125,820.3125,7.8125,117.1875,-117.1875,906.25,273.4375,0.0,992.1875,265.625,-140.625,1109.375,-7.8125,-242.1875,992.1875
1795431,-632.8125,820.3125,7.8125,117.1875,-117.1875,906.25,273.4375,0.0,992.1875,265.625,-140.625,1109.375,-7.8125,-242.1875,992.1875
1795439,-578.125,867.1875,62.5,132.8125,-70.3125,1117.1875,179.6875,-234.375,859.375,367.1875,-398.4375,921.875,164.0625,-351.5625,937.5
1795439,-578.125,867.1875,62.5,132.8125,-70.3125,1117.1875,179.6875,-234.375,859.375,367.1875,-398.4375,921.875,164.0625,-351.5625,937.5
1795440,-750.0,882.8125,125.0,140.625,-31.25,1164.0625,296.875,-414.0625,1007.8125,117.1875,-531.25,851.5625,7.8125,-125.0,867.1875
1795440,-750.0,882.8125,125.0,140.625,-31.25,1164.0625,296.875,-414.0625,1007.8125,117.1875,-531.25,851.5625,7.8125,-125.0,867.1875
1795504,-1000.0,-242.1875,1164.0625,-492.1875,-1710.9375,804.6875,-85.9375,-1929.6875,664.0625,421.875,-2078.125,312.5,187.5,-1921.875,664.0625
1795504,-1000.0,-242.1875,1164.0625,-492.1875,-1710.9375,804.6875,-85.9375,-1929.6875,664.0625,421.875,-2078.125,312.5,187.5,-1921.875,664.0625
1795512,-1015.625,-390.625,1093.75,-507.8125,-1601.5625,851.5625,-85.9375,-1828.125,656.25,453.125,-1960.9375,398.4375,203.125,-1843.75,710.9375
1795512,-1015.625,-390.625,1093.75,-507.8125,-1601.5625,851.5625,-85.9375,-1828.125,656.25,453.125,-1960.9375,398.4375,203.125,-1843.75,710.9375
1795520,-976.5625,-390.625,1015.625,-421.875,-1492.1875,875.0,-78.125,-1734.375,671.875,429.6875,-1867.1875,445.3125,148.4375,-1734.375,687.5
1795520,-976.5625,-390.625,1015.625,-421.875,-1492.1875,875.0,-78.125,-1734.375,671.875,429.6875,-1867.1875,445.3125,148.4375,-1734.375,687.5
1795520,-882.8125,-343.75,968.75,-414.0625,-1406.25,875.0,-46.875,-1617.1875,710.9375,406.25,-1796.875,453.125,187.5,-1625.0,734.375
1795520,-882.8125,-343.75,968.75,-414.0625,-1406.25,875.0,-46.875,-1617.1875,710.9375,406.25,-1796.875,453.125,187.5,-1625.0,734.375
