1756639,-289.0625,757.8125,609.375,-70.3125,-765.625,671.875,257.8125,-914.0625,359.375,523.4375,-828.125,187.5,507.8125,-718.75,476.5625
1756639,-289.0625,757.8125,609.375,-70.3125,-765.625,671.875,257.8125,-914.0625,359.375,523.4375,-828.125,187.5,507.8125,-718.75,476.5625
1756639,-281.25,750.0,609.375,-62.5,-773.4375,671.875,265.625,-914.0625,359.375,523.4375,-828.125,195.3125,515.625,-710.9375,484.375
1756639,-281.25,750.0,609.375,-62.5,-773.4375,671.875,265.625,-914.0625,359.375,523.4375,-828.125,195.3125,515.625,-710.9375,484.375
1756647,-289.0625,757.8125,609.375,-70.3125,-773.4375,664.0625,265.625,-914.0625,359.375,523.4375,-835.9375,187.5,515.625,-726.5625,476.5625
1756647,-289.0625,757.8125,609.375,-70.3125,-773.4375,664.0625,265.625,-914.0625,359.375,523.4375,-835.9375,187.5,515.625,-726.5625,476.5625
1756655,-289.0625,750.0,609.375,-78.125,-773.4375,664.0625,265.625,-914.0625,351.5625,523.4375,-828.125,187.5,515.625,-726.5625,476.5625
1756655,-289.0625,750.0,609.375,-78.125,-773.4375,664.0625,265.625,-914.0625,351.5625,523.4375,-828.125,187.5,515.625,-726.5625,476.5625
1756800,-281.25,757.8125,601.5625,-62.5,-773.4375,664.0625,273.4375,-906.25,351.5625,531.25,-820.3125,187.5,515.625,-726.5625,484.375
1756800,-281.25,757.8125,601.5625,-62.5,-773.4375,664.0625,273.4375,-906.25,351.5625,531.25,-820.3125,187.5,515.625,-726.5625,484.375
1756800,-281.25,757.8125,617.1875,-62.5,-773.4375,671.875,265.625,-914.0625,351.5625,523.4375,-828.125,187.5,515.625,-718.75,476.5625
1756800,-281.25,757.8125,617.1875,-62.5,-773.4375,671.875,265.625,-914.0625,351.5625,523.4375,-828.125,187.5,515.625,-718.75,476.5625
1756808,-273.4375,750.0,609.375,-54.6875,-773.4375,671.875,273.4375,-914.0625,343.75,539.0625,-820.3125,187.5,515.625,-718.75,484.375
1756808,-273.4375,750.0,609.375,-54.6875,-773.4375,671.875,273.4375,-914.0625,343.75,539.0625,-820.3125,187.5,515.625,-718.75,484.375
1756816,-273.4375,757.8125,601.5625,-70.3125,-773.4375,679.6875,265.625,-914.0625,351.5625,523.4375,-820.3125,195.3125,507.8125,-718.75,484.375
1756816,-273.4375,757.8125,601.5625,-70.3125,-773.4375,679.6875,265.625,-914.0625,351.5625,523.4375,-820.3125,195.3125,507.8125,-718.75,484.375
1756962,-289.0625,750.0,609.375,-70.3125,-773.4375,671.875,265.625,-914.0625,359.375,523.4375,-828.125,203.125,515.625,-718.75,492.1875
1756962,-289.0625,750.0,609.375,-70.3125,-773.4375,671.875,265.625,-914.0625,359.375,523.4375,-828.125,203.125,515.625,-718.75,492.1875
1756962,-281.25,765.625,601.5625,-70.3125,-765.625,671.875,265.625,-921.875,359.375,531.25,-828.125,195.3125,507.8125,-726.5625,484.375
1756962,-281.25,765.625,601.5625,-70.3125,-765.625,671.875,265.625,-921.875,359.375,531.25,-828.125,195.3125,507.8125,-726.5625,484.375
1756970,-281.25,757.8125,601.5625,-70.3125,-773.4375,687.5,265.625,-921.875,351.5625,531.25,-828.125,203.125,515.625,-710.9375,484.375
1756970,-281.25,757.8125,601.5625,-70.3125,-773.4375,687.5,265.625,-921.875,351.5625,531.25,-828.125,203.125,515.625,-710.9375,484.375
1756978,-281.25,757.8125,601.5625,-70.3125,-773.4375,671.875,257.8125,-914.0625,359.375,523.4375,-828.125,203.125,507.8125,-710.9375,492.1875
1756978,-281.25,757.8125,601.5625,-70.3125,-773.4375,671.875,257.8125,-914.0625,359.375,523.4375,-828.125,203.125,507.8125,-710.9375,492.1875
1757123,-281.25,765.625,617.1875,-70.3125,-765.625,679.6875,257.8125,-914.0625,351.5625,531.25,-820.3125,195.3125,515.625,-718.75,476.5625
1757123,-281.25,765.625,617.1875,-70.3125,-765.625,679.6875,257.8125,-914.0625,351.5625,531.25,-820.3125,195.3125,515.625,-718.75,476.5625
1757123,-281.25,757.8125,609.375,-70.3125,-773.4375,671.875,273.4375,-921.875,359.375,523.4375,-828.125,195.3125,515.625,-718.75,476.5625
1757123,-281.25,757.8125,609.375,-70.3125,-773.4375,671.875,273.4375,-921.875,359.375,523.4375,-828.125,195.3125,515.625,-718.75,476.5625
1757131,-289.0625,750.0,609.375,-70.3125,-773.4375,671.875,257.8125,-921.875,351.5625,531.25,-828.125,195.3125,515.625,-718.75,484.375
1757131,-289.0625,750.0,609.375,-70.3125,-773.4375,671.875,257.8125,-921.875,351.5625,531.25,-828.125,195.3125,515.625,-718.75,484.375
1757139,-281.25,757.8125,617.1875,-62.5,-773.4375,671.875,265.625,-914.0625,359.375,531.25,-828.125,203.125,507.8125,-718.75,484.375
1757139,-281.25,757.8125,617.1875,-62.5,-773.4375,671.875,265.625,-914.0625,359.375,531.25,-828.125,203.125,507.8125,-718.75,484.375
1757284,-273.4375,757.8125,609.375,-70.3125,-773.4375,671.875,273.4375,-914.0625,359.375,531.25,-828.125,187.5,515.625,-718.75,484.375
1757284,-273.4375,757.8125,609.375,-70.3125,-773.4375,671.875,273.4375,-914.0625,359.375,531.25,-828.125,187.5,515.625,-718.75,484.375
1757285,-281.25,750.0,609.375,-70.3125,-773.4375,679.6875,265.625,-914.0625,359.375,523.4375,-828.125,203.125,515.625,-710.9375,484.375
1757285,-281.25,750.0,609.375,-70.3125,-773.4375,679.6875,265.625,-914.0625,359.375,523.4375,-828.125,203.125,515.625,-710.9375,484.375
1757293,-281.25,750.0,617.1875,-70.3125,-773.4375,671.875,265.625,-914.0625,351.5625,523.4375,-828.125,195.3125,507.8125,-718.75,484.375
1757293,-281.25,750.0,617.1875,-70.3125,-773.4375,671.875,265.625,-914.0625,351.5625,523.4375,-828.125,195.3125,507.8125,-718.75,484.375
1757301,-273.4375,757.8125,601.5625,-70.3125,-765.625,671.875,273.4375,-914.0625,351.5625,523.4375,-828.125,195.3125,500.0,-718.75,476.5625
1757301,-273.4375,757.8125,601.5625,-70.3125,-765.625,671.875,273.4375,-914.0625,351.5625,523.4375,-828.125,195.3125,500.0,-718.75,476.5625
1757446,-281.25,757.8125,609.375,-70.3125,-765.625,679.6875,273.4375,-914.0625,359.375,531.25,-828.125,203.125,515.625,-710.9375,500.0
1757446,-281.25,757.8125,609.375,-70.3125,-765.625,679.6875,273.4375,-914.0625,359.375,531.25,-828.125,203.125,515.625,-710.9375,500.0
1757446,-273.4375,757.8125,617.1875,-70.3125,-765.625,679.6875,257.8125,-914.0625,351.5625,531.25,-828.125,203.125,515.625,-718.75,492.1875
1757446,-273.4375,757.8125,617.1875,-70.3125,-765.625,679.6875,257.8125,-914.0625,351.5625,531.25,-828.125,203.125,515.625,-718.75,492.1875
1757454,-281.25,757.8125,609.375,-62.5,-773.4375,671.875,273.4375,-914.0625,351.5625,539.0625,-828.125,195.3125,515.625,-718.75,492.1875
1757454,-281.25,757.8125,609.375,-62.5,-773.4375,671.875,273.4375,-914.0625,351.5625,539.0625,-828.125,195.3125,515.625,-718.75,492.1875
1757462,-273.4375,750.0,609.375,-70.3125,-765.625,671.875,265.625,-906.25,359.375,523.4375,-828.125,195.3125,507.8125,-710.9375,492.1875
1757462,-273.4375,750.0,609.375,-70.3125,-765.625,671.875,265.625,-906.25,359.375,523.4375,-828.125,195.3125,507.8125,-710.9375,492.1875
1757607,-273.4375,757.8125,609.375,-70.3125,-773.4375,671.875,265.625,-921.875,351.5625,523.4375,-835.9375,187.5,515.625,-718.75,492.1875
1757607,-273.4375,757.8125,609.375,-70.3125,-773.4375,671.875,265.625,-921.875,351.5625,523.4375,-835.9375,187.5,515.625,-718.75,492.1875
1757607,-281.25,750.0,617.1875,-62.5,-781.25,671.875,257.8125,-921.875,343.75,531.25,-828.125,195.3125,515.625,-718.75,492.1875
1757607,-281.25,750.0,617.1875,-62.5,-781.25,671.875,257.8125,-921.875,343.75,531.25,-828.125,195.3125,515.625,-718.75,492.1875
1757615,-281.25,750.0,617.1875,-70.3125,-773.4375,671.875,265.625,-921.875,359.375,531.25,-835.9375,195.3125,515.625,-718.75,492.1875
1757615,-281.25,750.0,617.1875,-70.3125,-773.4375,671.875,265.625,-921.875,359.375,531.25,-835.9375,195.3125,515.625,-718.75,492.1875
1757623,-281.25,757.8125,617.1875,-62.5,-773.4375,671.875,265.625,-921.875,359.375,531.25,-835.9375,195.3125,515.625,-718.75,484.375
1757623,-281.25,757.8125,617.1875,-62.5,-773.4375,671.875,265.625,-921.875,359.375,531.25,-835.9375,195.3125,515.625,-718.75,484.375
1757768,-281.25,750.0,617.1875,-70.3125,-765.625,671.875,257.8125,-906.25,351.5625,523.4375,-828.125,203.125,515.625,-710.9375,484.375
1757768,-281.25,750.0,617.1875,-70.3125,-765.625,671.875,257.8125,-906.25,351.5625,523.4375,-828.125,203.125,515.625,-710.9375,484.375
1757768,-281.25,757.8125,617.1875,-70.3125,-773.4375,671.875,265.625,-914.0625,351.5625,531.25,-828.125,195.3125,515.625,-718.75,492.1875
1757768,-281.25,757.8125,617.1875,-70.3125,-773.4375,671.875,265.625,-914.0625,351.5625,531.25,-828.125,195.3125,515.625,-718.75,492.1875
1757776,-281.25,757.8125,609.375,-70.3125,-773.4375,679.6875,265.625,-914.0625,351.5625,531.25,-828.125,195.3125,515.625,-718.75,484.375
1757776,-281.25,757.8125,609.375,-70.3125,-773.4375,679.6875,265.625,-914.0625,351.5625,531.25,-828.125,195.3125,515.625,-718.75,484.375
1757784,-281.25,757.8125,609.375,-62.5,-765.625,679.6875,265.625,-914.0625,351.5625,531.25,-828.125,195.3125,515.625,-710.9375,484.375
1757784,-281.25,757.8125,609.375,-62.5,-765.625,679.6875,265.625,-914.0625,351.5625,531.25,-828.125,195.3125,515.625,-710.9375,484.375
1757849,-281.25,757.8125,601.5625,-62.5,-773.4375,671.875,257.8125,-906.25,351.5625,531.25,-828.125,203.125,515.625,-710.9375,484.375
1757849,-281.25,757.8125,601.5625,-62.5,-773.4375,671.875,257.8125,-906.25,351.5625,531.25,-828.125,203.125,515.625,-710.9375,484.375
1757849,-273.4375,757.8125,609.375,-70.3125,-765.625,679.6875,265.625,-914.0625,359.375,539.0625,-835.9375,187.5,515.625,-718.75,484.375
1757849,-273.4375,757.8125,609.375,-70.3125,-765.625,679.6875,265.625,-914.0625,359.375,539.0625,-835.9375,187.5,515.625,-718.75,484.375
1757857,-281.25,757.8125,617.1875,-70.3125,-765.625,671.875,273.4375,-914.0625,351.5625,531.25,-828.125,195.3125,515.625,-710.9375,484.375
1757857,-281.25,757.8125,617.1875,-70.3125,-765.625,671.875,273.4375,-914.0625,351.5625,531.25,-828.125,195.3125,515.625,-710.9375,484.375
1757865,-289.0625,757.8125,617.1875,-62.5,-773.4375,679.6875,257.8125,-914.0625,359.375,523.4375,-828.125,195.3125,515.625,-718.75,492.1875
1757865,-289.0625,757.8125,617.1875,-62.5,-773.4375,679.6875,257.8125,-914.0625,359.375,523.4375,-828.125,195.3125,515.625,-718.75,492.1875
1758010,-281.25,765.625,609.375,-62.5,-765.625,671.875,265.625,-914.0625,359.375,523.4375,-820.3125,195.3125,515.625,-718.75,492.1875
1758010,-281.25,765.625,609.375,-62.5,-765.625,671.875,265.625,-914.0625,359.375,523.4375,-820.3125,195.3125,515.625,-718.75,492.1875
1758010,-289.0625,765.625,617.1875,-62.5,-765.625,687.5,273.4375,-914.0625,351.5625,523.4375,-835.9375,187.5,515.625,-718.75,492.1875
1758010,-289.0625,765.625,617.1875,-62.5,-765.625,687.5,273.4375,-914.0625,351.5625,523.4375,-835.9375,187.5,515.625,-718.75,492.1875
1758018,-281.25,765.625,617.1875,-70.3125,-773.4375,671.875,265.625,-906.25,351.5625,531.25,-828.125,187.5,515.625,-710.9375,484.375
1758018,-281.25,765.625,617.1875,-70.3125,-773.4375,671.875,265.625,-906.25,351.5625,531.25,-828.125,187.5,515.625,-710.9375,484.375
1758025,-281.25,765.625,609.375,-62.5,-765.625,679.6875,265.625,-914.0625,359.375,523.4375,-835.9375,195.3125,515.625,-710.9375,484.375
1758025,-281.25,765.625,609.375,-62.5,-765.625,679.6875,265.625,-914.0625,359.375,523.4375,-835.9375,195.3125,515.625,-710.9375,484.375
1758171,-281.25,757.8125,617.1875,-70.3125,-757.8125,679.6875,265.625,-914.0625,351.5625,523.4375,-828.125,203.125,507.8125,-710.9375,484.375
1758171,-281.25,757.8125,617.1875,-70.3125,-757.8125,679.6875,265.625,-914.0625,351.5625,523.4375,-828.125,203.125,507.8125,-710.9375,484.375
1758172,-281.25,757.8125,609.375,-70.3125,-765.625,679.6875,265.625,-914.0625,359.375,531.25,-828.125,203.125,507.8125,-710.9375,484.375
1758172,-281.25,757.8125,609.375,-70.3125,-765.625,679.6875,265.625,-914.0625,359.375,531.25,-828.125,203.125,507.8125,-710.9375,484.375
1758180,-273.4375,742.1875,609.375,-54.6875,-765.625,671.875,265.625,-914.0625,359.375,515.625,-835.9375,195.3125,507.8125,-718.75,484.375
1758180,-273.4375,742.1875,609.375,-54.6875,-765.625,671.875,265.625,-914.0625,359.375,515.625,-835.9375,195.3125,507.8125,-718.75,484.375
1758188,-281.25,750.0,609.375,-62.5,-765.625,671.875,257.8125,-914.0625,351.5625,523.4375,-828.125,195.3125,507.8125,-710.9375,484.375
1758188,-281.25,750.0,609.375,-62.5,-765.625,671.875,257.8125,-914.0625,351.5625,523.4375,-828.125,195.3125,507.8125,-710.9375,484.375
1758333,-257.8125,789.0625,632.8125,-70.3125,-757.8125,726.5625,296.875,-929.6875,414.0625,546.875,-843.75,226.5625,546.875,-734.375,523.4375
1758333,-257.8125,789.0625,632.8125,-70.3125,-757.8125,726.5625,296.875,-929.6875,414.0625,546.875,-843.75,226.5625,546.875,-734.375,523.4375
1758333,-250.0,789.0625,625.0,-39.0625,-789.0625,789.0625,296.875,-945.3125,445.3125,570.3125,-859.375,250.0,531.25,-750.0,539.0625
1758333,-250.0,789.0625,625.0,-39.0625,-789.0625,789.0625,296.875,-945.3125,445.3125,570.3125,-859.375,250.0,531.25,-750.0,539.0625
1758341,-250.0,773.4375,625.0,-54.6875,-804.6875,789.0625,312.5,-960.9375,460.9375,585.9375,-875.0,242.1875,531.25,-765.625,523.4375
1758341,-250.0,773.4375,625.0,-54.6875,-804.6875,789.0625,312.5,-960.9375,460.9375,585.9375,-875.0,242.1875,531.25,-765.625,523.4375
1758349,-265.625,804.6875,632.8125,-85.9375,-851.5625,765.625,328.125,-1007.8125,460.9375,601.5625,-914.0625,289.0625,531.25,-765.625,531.25
1758349,-265.625,804.6875,632.8125,-85.9375,-851.5625,765.625,328.125,-1007.8125,460.9375,601.5625,-914.0625,289.0625,531.25,-765.625,531.25
1758413,46.875,914.0625,882.8125,-7.8125,-968.75,1117.1875,117.1875,-671.875,1070.3125,984.375,-953.125,781.25,1062.5,-445.3125,1210.9375
1758413,46.875,914.0625,882.8125,-7.8125,-968.75,1117.1875,117.1875,-671.875,1070.3125,984.375,-953.125,781.25,1062.5,-445.3125,1210.9375
1758414,289.0625,1562.5,718.75,31.25,-875.0,1234.375,726.5625,-1218.75,1070.3125,1023.4375,-1046.875,781.25,960.9375,-1140.625,1312.5
1758414,289.0625,1562.5,718.75,31.25,-875.0,1234.375,726.5625,-1218.75,1070.3125,1023.4375,-1046.875,781.25,960.9375,-1140.625,1312.5
1758422,117.1875,1492.1875,351.5625,46.875,-718.75,1390.625,812.5,-1296.875,1046.875,750.0,-1007.8125,734.375,953.125,-1429.6875,1335.9375
1758422,117.1875,1492.1875,351.5625,46.875,-718.75,1390.625,812.5,-1296.875,1046.875,750.0,-1007.8125,734.375,953.125,-1429.6875,1335.9375
1758429,-54.6875,1429.6875,390.625,85.9375,-726.5625,1507.8125,546.875,-1273.4375,1140.625,914.0625,-1125.0,914.0625,976.5625,-1390.625,1445.3125
1758429,-54.6875,1429.6875,390.625,85.9375,-726.5625,1507.8125,546.875,-1273.4375,1140.625,914.0625,-1125.0,914.0625,976.5625,-1390.625,1445.3125
1758574,-859.375,-179.6875,523.4375,-320.3125,-1156.25,234.375,15.625,-1273.4375,62.5,453.125,-1203.125,31.25,570.3125,-1117.1875,460.9375
1758574,-859.375,-179.6875,523.4375,-320.3125,-1156.25,234.375,15.625,-1273.4375,62.5,453.125,-1203.125,31.25,570.3125,-1117.1875,460.9375
1758575,-906.25,-257.8125,515.625,-382.8125,-1148.4375,164.0625,46.875,-1273.4375,54.6875,445.3125,-1179.6875,7.8125,546.875,-1117.1875,429.6875
1758575,-906.25,-257.8125,515.625,-382.8125,-1148.4375,164.0625,46.875,-1273.4375,54.6875,445.3125,-1179.6875,7.8125,546.875,-1117.1875,429.6875
1758583,-929.6875,-312.5,546.875,-437.5,-1140.625,109.375,-54.6875,-1265.625,-46.875,382.8125,-1195.3125,-62.5,523.4375,-1101.5625,390.625
1758583,-929.6875,-312.5,546.875,-437.5,-1140.625,109.375,-54.6875,-1265.625,-46.875,382.8125,-1195.3125,-62.5,523.4375,-1101.5625,390.625
1758591,-890.625,-382.8125,609.375,-468.75,-1140.625,31.25,-125.0,-1250.0,-125.0,343.75,-1218.75,-171.875,492.1875,-1093.75,320.3125
1758591,-890.625,-382.8125,609.375,-468.75,-1140.625,31.25,-125.0,-1250.0,-125.0,343.75,-1218.75,-171.875,492.1875,-1093.75,320.3125
1758735,-414.0625,-148.4375,-218.75,-187.5,85.9375,414.0625,-7.8125,-62.5,515.625,46.875,-226.5625,500.0,-78.125,-109.375,500.0
1758735,-414.0625,-148.4375,-218.75,-187.5,85.9375,414.0625,-7.8125,-62.5,515.625,46.875,-226.5625,500.0,-78.125,-109.375,500.0
1758735,-335.9375,-46.875,-218.75,-132.8125,62.5,453.125,31.25,-70.3125,593.75,78.125,-242.1875,585.9375,-101.5625,-132.8125,585.9375
1758735,-335.9375,-46.875,-218.75,-132.8125,62.5,453.125,31.25,-70.3125,593.75,78.125,-242.1875,585.9375,-101.5625,-132.8125,585.9375
1758744,-242.1875,85.9375,-210.9375,-101.5625,54.6875,492.1875,54.6875,-109.375,625.0,78.125,-242.1875,632.8125,-109.375,-109.375,648.4375
1758744,-242.1875,85.9375,-210.9375,-101.5625,54.6875,492.1875,54.6875,-109.375,625.0,78.125,-242.1875,632.8125,-109.375,-109.375,648.4375
1758752,-171.875,203.125,-242.1875,-62.5,85.9375,546.875,70.3125,-93.75,656.25,101.5625,-250.0,656.25,-101.5625,-93.75,664.0625
1758752,-171.875,203.125,-242.1875,-62.5,85.9375,546.875,70.3125,-93.75,656.25,101.5625,-250.0,656.25,-101.5625,-93.75,664.0625
1758897,-765.625,750.0,640.625,-281.25,-953.125,1007.8125,46.875,-1203.125,726.5625,195.3125,-1234.375,453.125,-54.6875,-1148.4375,632.8125
1758897,-765.625,750.0,640.625,-281.25,-953.125,1007.8125,46.875,-1203.125,726.5625,195.3125,-1234.375,453.125,-54.6875,-1148.4375,632.8125
1758897,-773.4375,710.9375,695.3125,-335.9375,-1015.625,976.5625,23.4375,-1257.8125,718.75,195.3125,-1304.6875,460.9375,-54.6875,-1203.125,656.25
1758897,-773.4375,710.9375,695.3125,-335.9375,-1015.625,976.5625,23.4375,-1257.8125,718.75,195.3125,-1304.6875,460.9375,-54.6875,-1203.125,656.25
1758905,-789.0625,687.5,718.75,-390.625,-1062.5,937.5,-15.625,-1328.125,703.125,210.9375,-1375.0,460.9375,-31.25,-1265.625,695.3125
1758905,-789.0625,687.5,718.75,-390.625,-1062.5,937.5,-15.625,-1328.125,703.125,210.9375,-1375.0,460.9375,-31.25,-1265.625,695.3125
1758913,-867.1875,648.4375,734.375,-445.3125,-1109.375,898.4375,-46.875,-1406.25,671.875,210.9375,-1445.3125,476.5625,-23.4375,-1328.125,757.8125
1758913,-867.1875,648.4375,734.375,-445.3125,-1109.375,898.4375,-46.875,-1406.25,671.875,210.9375,-1445.3125,476.5625,-23.4375,-1328.125,757.8125
1758977,-757.8125,1734.375,281.25,-179.6875,-273.4375,859.375,93.75,-531.25,718.75,101.5625,-609.375,507.8125,-304.6875,-820.3125,281.25
1758977,-757.8125,1734.375,281.25,-179.6875,-273.4375,859.375,93.75,-531.25,718.75,101.5625,-609.375,507.8125,-304.6875,-820.3125,281.25
1758978,-820.3125,1335.9375,281.25,-109.375,-257.8125,921.875,250.0,-468.75,882.8125,265.625,-554.6875,789.0625,-343.75,-335.9375,257.8125
1758978,-820.3125,1335.9375,281.25,-109.375,-257.8125,921.875,250.0,-468.75,882.8125,265.625,-554.6875,789.0625,-343.75,-335.9375,257.8125
1758986,-734.375,828.125,257.8125,-39.0625,-375.0,1015.625,500.0,-453.125,1078.125,601.5625,-375.0,1132.8125,-78.125,242.1875,554.6875
1758986,-734.375,828.125,257.8125,-39.0625,-375.0,1015.625,500.0,-453.125,1078.125,601.5625,-375.0,1132.8125,-78.125,242.1875,554.6875
1758994,-562.5,398.4375,218.75,101.5625,-265.625,1070.3125,554.6875,-312.5,1195.3125,773.4375,-171.875,1382.8125,-31.25,70.3125,968.75
1758994,-562.5,398.4375,218.75,101.5625,-265.625,1070.3125,554.6875,-312.5,1195.3125,773.4375,-171.875,1382.8125,-31.25,70.3125,968.75
1759139,-101.5625,750.0,-531.25,335.9375,742.1875,812.5,468.75,773.4375,953.125,414.0625,406.25,1273.4375,195.3125,710.9375,1476.5625
1759139,-101.5625,750.0,-531.25,335.9375,742.1875,812.5,468.75,773.4375,953.125,414.0625,406.25,1273.4375,195.3125,710.9375,1476.5625
1759139,-195.3125,820.3125,-507.8125,421.875,578.125,843.75,546.875,515.625,1062.5,218.75,531.25,1148.4375,148.4375,601.5625,1234.375
1759139,-195.3125,820.3125,-507.8125,421.875,578.125,843.75,546.875,515.625,1062.5,218.75,531.25,1148.4375,148.4375,601.5625,1234.375
1759147,-187.5,820.3125,-468.75,320.3125,562.5,835.9375,390.625,664.0625,968.75,148.4375,476.5625,1031.25,-7.8125,375.0,1078.125
1759147,-187.5,820.3125,-468.75,320.3125,562.5,835.9375,390.625,664.0625,968.75,148.4375,476.5625,1031.25,-7.8125,375.0,1078.125
1759155,-203.125,820.3125,-421.875,367.1875,585.9375,906.25,453.125,500.0,953.125,203.125,609.375,1085.9375,-7.8125,500.0,890.625
1759155,-203.125,820.3125,-421.875,367.1875,585.9375,906.25,453.125,500.0,953.125,203.125,609.375,1085.9375,-7.8125,500.0,890.625
1759300,-710.9375,750.0,343.75,-179.6875,-453.125,1007.8125,46.875,-671.875,851.5625,-23.4375,-882.8125,601.5625,-70.3125,-656.25,671.875
1759300,-710.9375,750.0,343.75,-179.6875,-453.125,1007.8125,46.875,-671.875,851.5625,-23.4375,-882.8125,601.5625,-70.3125,-656.25,671.875
1759301,-796.875,468.75,296.875,-148.4375,-507.8125,921.875,46.875,-742.1875,835.9375,-140.625,-882.8125,515.625,-335.9375,-796.875,500.0
1759301,-796.875,468.75,296.875,-148.4375,-507.8125,921.875,46.875,-742.1875,835.9375,-140.625,-882.8125,515.625,-335.9375,-796.875,500.0
1759309,-687.5,250.0,234.375,-117.1875,-429.6875,906.25,203.125,-562.5,1039.0625,234.375,-882.8125,828.125,-281.25,-718.75,664.0625
1759309,-687.5,250.0,234.375,-117.1875,-429.6875,906.25,203.125,-562.5,1039.0625,234.375,-882.8125,828.125,-281.25,-718.75,664.0625
1759317,-507.8125,218.75,85.9375,70.3125,-7.8125,1117.1875,-226.5625,-304.6875,765.625,1125.0,-789.0625,1789.0625,179.6875,-54.6875,1140.625
1759317,-507.8125,218.75,85.9375,70.3125,-7.8125,1117.1875,-226.5625,-304.6875,765.625,1125.0,-789.0625,1789.0625,179.6875,-54.6875,1140.625
1759462,-484.375,609.375,-390.625,304.6875,390.625,921.875,445.3125,328.125,1062.5,187.5,-31.25,968.75,-93.75,375.0,843.75
1759462,-484.375,609.375,-390.625,304.6875,390.625,921.875,445.3125,328.125,1062.5,187.5,-31.25,968.75,-93.75,375.0,843.75
1759462,-382.8125,781.25,-343.75,210.9375,484.375,867.1875,460.9375,460.9375,1039.0625,-7.8125,382.8125,1078.125,-132.8125,70.3125,1031.25
1759462,-382.8125,781.25,-343.75,210.9375,484.375,867.1875,460.9375,460.9375,1039.0625,-7.8125,382.8125,1078.125,-132.8125,70.3125,1031.25
1759470,-492.1875,921.875,-187.5,117.1875,70.3125,875.0,601.5625,46.875,1156.25,179.6875,-125.0,882.8125,70.3125,132.8125,1062.5
1759470,-492.1875,921.875,-187.5,117.1875,70.3125,875.0,601.5625,46.875,1156.25,179.6875,-125.0,882.8125,70.3125,132.8125,1062.5
1759478,-515.625,921.875,-117.1875,218.75,109.375,882.8125,320.3125,-93.75,937.5,39.0625,54.6875,1093.75,-62.5,15.625,1039.0625
1759478,-515.625,921.875,-117.1875,218.75,109.375,882.8125,320.3125,-93.75,937.5,39.0625,54.6875,1093.75,-62.5,15.625,1039.0625
