1740028,441.875,-844.375,144.375
1740028,441.875,-844.375,144.375
1740039,647.5,-735.0,240.625
1740039,647.5,-735.0,240.625
1740049,503.125,-533.75,266.875
1740049,503.125,-533.75,266.875
1740059,560.0,-406.875,249.375
1740059,560.0,-406.875,249.375
1740070,612.5,-192.5,306.25
1740070,612.5,-192.5,306.25
1740080,494.375,-231.875,332.5
1740080,494.375,-231.875,332.5
1740090,533.75,-245.0,301.875
1740090,533.75,-245.0,301.875
1740101,660.625,-231.875,328.125
1740101,660.625,-231.875,328.125
1740111,840.0,-140.0,398.125
1740111,840.0,-140.0,398.125
1740121,927.5,157.5,253.75
1740121,927.5,157.5,253.75
1740132,805.0,647.5,13.125
1740132,805.0,647.5,13.125
1740142,914.375,542.5,-56.875
1740142,914.375,542.5,-56.875
1740152,761.25,476.875,-214.375
1740152,761.25,476.875,-214.375
1740163,153.125,210.0,-153.125
1740163,153.125,210.0,-153.125
1740173,-236.25,218.75,52.5
1740173,-236.25,218.75,52.5
1740183,-595.0,-87.5,8.75
1740183,-595.0,-87.5,8.75
1740194,-756.875,-1150.625,87.5
1740194,-756.875,-1150.625,87.5
1740204,-166.25,-1356.25,100.625
1740204,-166.25,-1356.25,100.625
1740214,1207.5,-332.5,56.875
1740214,1207.5,-332.5,56.875
1740225,2086.875,280.0,30.625
1740225,2086.875,280.0,30.625
1740235,1343.125,-726.25,341.25
1740235,1343.125,-726.25,341.25
1740245,-507.5,-2800.0,1111.25
1740245,-507.5,-2800.0,1111.25
1740255,-1811.25,-5998.125,2156.875
1740255,-1811.25,-5998.125,2156.875
1740266,-2782.5,-7791.875,3465.0
1740266,-2782.5,-7791.875,3465.0
1740276,-4532.5,-8491.875,5355.0
1740276,-4532.5,-8491.875,5355.0
1740286,-9051.875,-10001.25,5971.875
1740286,-9051.875,-10001.25,5971.875
1740297,-9913.75,-15023.75,6842.5
1740297,-9913.75,-15023.75,6842.5
1740307,-9196.25,-24255.0,8820.0
1740307,-9196.25,-24255.0,8820.0
1740317,-8386.875,-37716.875,8785.0
1740317,-8386.875,-37716.875,8785.0
1740328,5346.25,-48085.625,14533.75
1740328,5346.25,-48085.625,14533.75
1740338,634.375,-53921.875,24924.375
1740338,634.375,-53921.875,24924.375
1740348,-6046.25,-67869.375,20720.0
1740348,-6046.25,-67869.375,20720.0
1740359,-5031.25,-78456.875,29649.375
1740359,-5031.25,-78456.875,29649.375
1740369,-805.0,-86913.75,35218.75
1740369,-805.0,-86913.75,35218.75
1740379,-6912.5,-87412.5,36666.875
1740379,-6912.5,-87412.5,36666.875
1740390,-8763.125,-83120.625,36111.25
1740390,-8763.125,-83120.625,36111.25
1740400,-9555.0,-80049.375,29920.625
1740400,-9555.0,-80049.375,29920.625
1740410,-37511.25,-102711.875,66399.375
1740410,-37511.25,-102711.875,66399.375
1740421,-70813.75,-94460.625,65349.375
1740421,-70813.75,-94460.625,65349.375
1740431,-103919.375,-108508.75,49656.25
1740431,-103919.375,-108508.75,49656.25
1740441,-111352.5,-103884.375,61066.25
1740441,-111352.5,-103884.375,61066.25
1740452,-112993.125,-70288.75,57198.75
1740452,-112993.125,-70288.75,57198.75
1740462,-114380.0,-35148.75,53808.125
1740462,-114380.0,-35148.75,53808.125
1740472,-97645.625,-22911.875,56752.5
1740472,-97645.625,-22911.875,56752.5
1740482,-102243.75,-40105.625,57330.0
1740482,-102243.75,-40105.625,57330.0
1740493,-140113.75,-85758.75,66731.875
1740493,-140113.75,-85758.75,66731.875
1740503,-143360.0,-139396.25,126507.5
1740503,-143360.0,-139396.25,126507.5
1740513,-142821.875,-143355.625,-143360.0
1740513,-142821.875,-143355.625,-143360.0
1740524,-143206.875,-119315.0,142983.75
1740524,-143206.875,-119315.0,142983.75
1740534,-143360.0,-83947.5,142848.125
1740534,-143360.0,-83947.5,142848.125
1740545,-143355.625,-81956.875,-143360.0
1740545,-143355.625,-81956.875,-143360.0
1740555,-143355.625,-61495.0,-143360.0
1740555,-143355.625,-61495.0,-143360.0
1740565,-143360.0,-48667.5,143346.875
1740565,-143360.0,-48667.5,143346.875
1740575,-143360.0,-71653.75,-143360.0
1740575,-143360.0,-71653.75,-143360.0
1740586,-143360.0,-88130.0,-143360.0
1740586,-143360.0,-88130.0,-143360.0
1740596,-143360.0,-84048.125,-143360.0
1740596,-143360.0,-84048.125,-143360.0
1740606,-143360.0,-84056.875,-143360.0
1740606,-143360.0,-84056.875,-143360.0
1740617,-143360.0,-94648.75,-143360.0
1740617,-143360.0,-94648.75,-143360.0
1740627,-143360.0,-104265.0,-143360.0
1740627,-143360.0,-104265.0,-143360.0
1740637,-143360.0,-105096.25,-143360.0
1740637,-143360.0,-105096.25,-143360.0
1740648,-143360.0,-95055.625,-143360.0
1740648,-143360.0,-95055.625,-143360.0
1740658,-143360.0,-78968.75,-143360.0
1740658,-143360.0,-78968.75,-143360.0
1740668,-143360.0,-58948.75,-143360.0
1740668,-143360.0,-58948.75,-143360.0
1740678,-143360.0,-42774.375,-143360.0
1740678,-143360.0,-42774.375,-143360.0
1740689,-143360.0,-40184.375,-143360.0
1740689,-143360.0,-40184.375,-143360.0
1740699,-141658.125,-38316.25,-143360.0
1740699,-141658.125,-38316.25,-143360.0
1740709,-131810.0,-30572.5,142900.625
1740709,-131810.0,-30572.5,142900.625
1740720,-120255.625,-27212.5,137130.0
1740720,-120255.625,-27212.5,137130.0
1740730,-111330.625,-27930.0,123414.375
1740730,-111330.625,-27930.0,123414.375
1740740,-104798.75,-26127.5,111781.25
1740740,-104798.75,-26127.5,111781.25
1740751,-91096.25,-20496.875,102904.375
1740751,-91096.25,-20496.875,102904.375
1740761,-71281.875,-10740.625,91748.125
1740761,-71281.875,-10740.625,91748.125
1740771,-59880.625,-8.75,80736.25
1740771,-59880.625,-8.75,80736.25
1740782,-53755.625,7546.875,73885.0
1740782,-53755.625,7546.875,73885.0
1740792,-45110.625,13960.625,70105.0
1740792,-45110.625,13960.625,70105.0
1740802,-34496.875,17793.125,69041.875
1740802,-34496.875,17793.125,69041.875
1740813,-20553.75,14765.625,68337.5
1740813,-20553.75,14765.625,68337.5
1740823,-6978.125,9708.125,59963.75
1740823,-6978.125,9708.125,59963.75
1740833,2270.625,10451.875,46353.125
1740833,2270.625,10451.875,46353.125
1740843,6470.625,14249.375,39681.25
1740843,6470.625,14249.375,39681.25
1740854,9336.25,16769.375,36588.125
1740854,9336.25,16769.375,36588.125
1740864,11685.625,17609.375,32370.625
1740864,11685.625,17609.375,32370.625
1740874,9778.125,12862.5,26757.5
1740874,9778.125,12862.5,26757.5
1740885,6811.875,6816.25,18488.75
1740885,6811.875,6816.25,18488.75
1740895,7297.5,4948.125,5687.5
1740895,7297.5,4948.125,5687.5
1740905,11466.875,6138.125,-8636.25
1740905,11466.875,6138.125,-8636.25
1740916,18790.625,7564.375,-18431.875
1740916,18790.625,7564.375,-18431.875
1740926,23436.875,10342.5,-29850.625
1740926,23436.875,10342.5,-29850.625
1740937,9476.25,20991.25,-41558.125
1740937,9476.25,20991.25,-41558.125
1740947,-3701.25,31443.125,-45416.875
1740947,-3701.25,31443.125,-45416.875
1740957,27895.0,19350.625,-48348.125
1740957,27895.0,19350.625,-48348.125
1740967,56630.0,10998.75,-53182.5
1740967,56630.0,10998.75,-53182.5
1740978,52255.0,11239.375,-50802.5
1740978,52255.0,11239.375,-50802.5
1740988,42284.375,3613.75,-47324.375
1740988,42284.375,3613.75,-47324.375
1740998,34698.125,2493.75,-41628.125
1740998,34698.125,2493.75,-41628.125
1741009,41606.25,-883.75,-36601.25
1741009,41606.25,-883.75,-36601.25
1741019,46038.125,-4414.375,-32134.375
1741019,46038.125,-4414.375,-32134.375
1741029,36404.375,-5000.625,-28196.875
1741029,36404.375,-5000.625,-28196.875
1741039,27562.5,2913.75,-25178.125
1741039,27562.5,2913.75,-25178.125
1741050,24027.5,10062.5,-20991.25
1741050,24027.5,10062.5,-20991.25
1741060,22220.625,8408.75,-16410.625
1741060,22220.625,8408.75,-16410.625
1741071,22198.75,8015.0,-12718.125
1741071,22198.75,8015.0,-12718.125
1741081,17342.5,12565.0,-16222.5
1741081,17342.5,12565.0,-16222.5
1741092,5910.625,21455.0,-18694.375
1741092,5910.625,21455.0,-18694.375
1741101,14494.375,26740.0,-17596.25
1741101,14494.375,26740.0,-17596.25
1741112,30721.25,33092.5,-19311.25
1741112,30721.25,33092.5,-19311.25
1741122,31548.125,34943.125,-15881.25
1741122,31548.125,34943.125,-15881.25
1741133,32703.125,26193.125,-11217.5
1741133,32703.125,26193.125,-11217.5
1741143,38972.5,9100.0,-6440.0
1741143,38972.5,9100.0,-6440.0
1741153,36675.625,-4431.875,6225.625
1741153,36675.625,-4431.875,6225.625
1741164,20969.375,-4633.125,13995.625
1741164,20969.375,-4633.125,13995.625
1741174,7083.125,3745.0,14581.875
1741174,7083.125,3745.0,14581.875
1741184,2275.0,13527.5,9436.875
1741184,2275.0,13527.5,9436.875
1741194,-4466.875,23655.625,5910.625
1741194,-4466.875,23655.625,5910.625
1741205,1824.375,29990.625,2826.25
1741205,1824.375,29990.625,2826.25
1741215,9380.0,29513.75,-2572.5
1741215,9380.0,29513.75,-2572.5
1741225,10898.125,19910.625,-4248.125
1741225,10898.125,19910.625,-4248.125
1741236,16480.625,6466.25,-5477.5
1741236,16480.625,6466.25,-5477.5
1741246,21170.625,-9611.875,-5149.375
1741246,21170.625,-9611.875,-5149.375
1741256,18217.5,-25585.0,2178.75
1741256,18217.5,-25585.0,2178.75
1741267,8806.875,-39567.5,5000.625
1741267,8806.875,-39567.5,5000.625
1741277,-2432.5,-45193.75,4755.625
1741277,-2432.5,-45193.75,4755.625
1741288,-2896.25,-46760.0,2021.25
1741288,-2896.25,-46760.0,2021.25
1741298,-1995.0,-39029.375,-2060.625
1741298,-1995.0,-39029.375,-2060.625
1741307,218.75,-15658.125,-774.375
1741307,218.75,-15658.125,-774.375
1741318,4488.75,8417.5,-7385.0
1741318,4488.75,8417.5,-7385.0
1741328,-5652.5,5070.625,-3955.0
1741328,-5652.5,5070.625,-3955.0
1741339,-12823.125,-1190.0,-7056.875
1741339,-12823.125,-1190.0,-7056.875
1741349,-16861.25,8995.0,-2773.75
1741349,-16861.25,8995.0,-2773.75
1741360,-345.625,7949.375,-2506.875
1741360,-345.625,7949.375,-2506.875
1741370,5591.25,8986.25,-8054.375
1741370,5591.25,8986.25,-8054.375
1741380,4134.375,10801.875,-3626.875
1741380,4134.375,10801.875,-3626.875
1741390,17447.5,15413.125,-5735.625
1741390,17447.5,15413.125,-5735.625
1741401,15273.125,19910.625,-9318.75
1741401,15273.125,19910.625,-9318.75
1741411,-743.75,26289.375,-10906.875
1741411,-743.75,26289.375,-10906.875
1741421,-4576.25,33670.0,-8513.75
1741421,-4576.25,33670.0,-8513.75
1741432,83.125,33941.25,-3263.75
1741432,83.125,33941.25,-3263.75
1741442,-542.5,24071.25,2314.375
1741442,-542.5,24071.25,2314.375
1741452,3303.125,1911.875,8308.125
1741452,3303.125,1911.875,8308.125
1741463,15041.25,-15627.5,14345.625
1741463,15041.25,-15627.5,14345.625
1741473,11379.375,-13028.75,20168.75
1741473,11379.375,-13028.75,20168.75
1741483,-39.375,-9161.25,22303.75
1741483,-39.375,-9161.25,22303.75
1741494,-5385.625,-8050.0,18580.625
1741494,-5385.625,-8050.0,18580.625
1741504,-17753.75,-1732.5,17552.5
1741504,-17753.75,-1732.5,17552.5
1741514,-22338.75,-2996.875,12792.5
1741514,-22338.75,-2996.875,12792.5
1741525,-16681.875,-7065.625,6177.5
1741525,-16681.875,-7065.625,6177.5
1741535,-9401.875,-12000.625,3167.5
1741535,-9401.875,-12000.625,3167.5
1741545,503.125,-19022.5,-2060.625
1741545,503.125,-19022.5,-2060.625
1741556,5018.125,-25637.5,-2878.75
1741556,5018.125,-25637.5,-2878.75
1741566,3023.125,-29076.25,-3863.125
1741566,3023.125,-29076.25,-3863.125
1741576,2362.5,-29303.75,-3539.375
1741576,2362.5,-29303.75,-3539.375
1741586,2598.75,-26359.375,-3609.375
1741586,2598.75,-26359.375,-3609.375
1741596,-6597.5,-14262.5,-4396.875
1741596,-6597.5,-14262.5,-4396.875
1741607,-16314.375,1316.875,-6890.625
1741607,-16314.375,1316.875,-6890.625
1741617,-16852.5,6807.5,-5149.375
1741617,-16852.5,6807.5,-5149.375
1741628,-23353.75,7485.625,-4611.25
1741628,-23353.75,7485.625,-4611.25
1741638,-24937.5,19901.875,-5013.75
1741638,-24937.5,19901.875,-5013.75
1741648,-23218.125,22281.875,-6356.875
1741648,-23218.125,22281.875,-6356.875
1741659,-26337.5,19490.625,-4641.875
1741659,-26337.5,19490.625,-4641.875
1741669,-19766.25,18011.875,-6055.0
1741669,-19766.25,18011.875,-6055.0
1741678,-10666.25,17031.875,-5285.0
1741678,-10666.25,17031.875,-5285.0
1741690,-11401.25,17863.125,-5136.25
1741690,-11401.25,17863.125,-5136.25
1741700,-8080.625,12066.25,-2406.25
1741700,-8080.625,12066.25,-2406.25
1741710,7288.75,3788.75,-4987.5
1741710,7288.75,3788.75,-4987.5
1741721,7328.125,2113.125,-7140.0
1741721,7328.125,2113.125,-7140.0
1741731,8815.625,4064.375,-6129.375
1741731,8815.625,4064.375,-6129.375
1741741,17828.125,9043.125,-10565.625
1741741,17828.125,9043.125,-10565.625
1741752,11655.0,8820.0,-10906.875
1741752,11655.0,8820.0,-10906.875
1741762,7730.625,7831.25,-8496.25
1741762,7730.625,7831.25,-8496.25
1741772,11821.25,6400.625,-5166.875
1741772,11821.25,6400.625,-5166.875
1741783,12153.75,87.5,-586.25
1741783,12153.75,87.5,-586.25
1741793,14065.625,-9891.875,4274.375
1741793,14065.625,-9891.875,4274.375
1741803,18676.875,-17211.25,10613.75
1741803,18676.875,-17211.25,10613.75
1741813,10241.875,-11781.875,12280.625
1741813,10241.875,-11781.875,12280.625
1741824,-1973.125,-1172.5,13422.5
1741824,-1973.125,-1172.5,13422.5
1741834,-4221.875,4725.0,11755.625
1741834,-4221.875,4725.0,11755.625
1741844,-8386.875,4309.375,11326.875
1741844,-8386.875,4309.375,11326.875
1741854,-5057.5,-6243.125,13247.5
1741854,-5057.5,-6243.125,13247.5
1741865,-3911.25,-17666.25,11256.875
1741865,-3911.25,-17666.25,11256.875
1741876,-7686.875,-28380.625,10985.625
1741876,-7686.875,-28380.625,10985.625
1741886,-3605.0,-32173.75,14533.75
1741886,-3605.0,-32173.75,14533.75
1741896,-3325.0,-32576.25,13304.375
1741896,-3325.0,-32576.25,13304.375
1741906,-13125.0,-19560.625,15793.75
1741906,-13125.0,-19560.625,15793.75
1741917,-10955.0,-26180.0,17263.75
1741917,-10955.0,-26180.0,17263.75
1741927,-3526.25,-35651.875,10648.75
1741927,-3526.25,-35651.875,10648.75
1741937,-11733.75,-17145.625,9817.5
1741937,-11733.75,-17145.625,9817.5
1741948,-1544.375,-6391.875,6510.0
1741948,-1544.375,-6391.875,6510.0
1741958,6833.75,-8133.125,-756.875
1741958,6833.75,-8133.125,-756.875
1741968,-3320.625,-5871.25,-3075.625
1741968,-3320.625,-5871.25,-3075.625
1741979,-2065.0,3066.875,-6737.5
1741979,-2065.0,3066.875,-6737.5
1741989,5407.5,8150.625,-8999.375
1741989,5407.5,8150.625,-8999.375
1741999,8045.625,4195.625,-5770.625
1741999,8045.625,4195.625,-5770.625
1742009,4375.0,12630.625,-4488.75
1742009,4375.0,12630.625,-4488.75
1742020,-3661.875,12551.875,-2340.625
1742020,-3661.875,12551.875,-2340.625
1742030,-10123.75,6641.25,4344.375
1742030,-10123.75,6641.25,4344.375
1742040,-7888.125,5468.75,2060.625
1742040,-7888.125,5468.75,2060.625
1742050,-20663.125,14284.375,6676.25
1742050,-20663.125,14284.375,6676.25
1742061,-19337.5,17705.625,5753.125
1742061,-19337.5,17705.625,5753.125
1742071,-15273.125,15767.5,2021.25
1742071,-15273.125,15767.5,2021.25
1742082,-19551.875,12516.875,6326.25
1742082,-19551.875,12516.875,6326.25
1742092,-5670.0,11786.25,1828.75
1742092,-5670.0,11786.25,1828.75
1742102,-1120.0,12652.5,-385.0
1742102,-1120.0,12652.5,-385.0
1742113,599.375,8032.5,3233.125
1742113,599.375,8032.5,3233.125
1742123,8833.125,7634.375,2345.0
1742123,8833.125,7634.375,2345.0
1742133,8124.375,2358.125,3478.125
1742133,8124.375,2358.125,3478.125
1742144,5446.875,4077.5,4917.5
1742144,5446.875,4077.5,4917.5
1742154,8115.625,11423.125,7354.375
1742154,8115.625,11423.125,7354.375
1742164,10552.5,10911.25,10556.875
1742164,10552.5,10911.25,10556.875
1742175,8505.0,1417.5,11221.875
1742175,8505.0,1417.5,11221.875
1742185,8793.75,-4961.25,16686.25
1742185,8793.75,-4961.25,16686.25
1742195,10390.625,-1220.625,17145.625
1742195,10390.625,-1220.625,17145.625
1742205,4965.625,4130.0,14748.125
1742205,4965.625,4130.0,14748.125
1742216,-4453.75,14284.375,10640.0
1742216,-4453.75,14284.375,10640.0
1742226,-6059.375,14966.875,8820.0
1742226,-6059.375,14966.875,8820.0
1742236,586.25,10097.5,3508.75
1742236,586.25,10097.5,3508.75
1742247,-533.75,6011.25,3062.5
1742247,-533.75,6011.25,3062.5
1742257,2870.0,2148.125,161.875
1742257,2870.0,2148.125,161.875
1742267,2590.0,8500.625,-2555.0
1742267,2590.0,8500.625,-2555.0
1742278,-1719.375,10237.5,21.875
1742278,-1719.375,10237.5,21.875
1742288,-4633.125,4086.25,1841.875
1742288,-4633.125,4086.25,1841.875
1742299,-5289.375,-14035.0,-83.125
1742299,-5289.375,-14035.0,-83.125
1742309,-5333.125,-17045.0,-2380.0
1742309,-5333.125,-17045.0,-2380.0
1742319,-3027.5,-2778.125,-4930.625
1742319,-3027.5,-2778.125,-4930.625
1742330,3237.5,8312.5,-9476.25
1742330,3237.5,8312.5,-9476.25
1742340,1723.75,5753.125,-11221.875
1742340,1723.75,5753.125,-11221.875
1742350,-4160.625,3062.5,-11921.875
1742350,-4160.625,3062.5,-11921.875
1742360,-7630.0,5350.625,-11624.375
1742360,-7630.0,5350.625,-11624.375
1742371,-8386.875,8465.625,-10871.875
1742371,-8386.875,8465.625,-10871.875
1742381,-8019.375,12376.875,-9708.125
1742381,-8019.375,12376.875,-9708.125
1742391,-7179.375,13514.375,-8456.875
1742391,-7179.375,13514.375,-8456.875
1742402,-8146.25,12468.75,-8478.75
1742402,-8146.25,12468.75,-8478.75
1742411,-8684.375,12298.125,-7966.875
1742411,-8684.375,12298.125,-7966.875
1742422,-4383.75,14560.0,-7301.875
1742422,-4383.75,14560.0,-7301.875
1742432,1050.0,17036.25,-6790.0
1742432,1050.0,17036.25,-6790.0
1742443,2467.5,16401.875,-5053.125
1742443,2467.5,16401.875,-5053.125
1742452,1715.0,13374.375,-2139.375
1742452,1715.0,13374.375,-2139.375
1742463,625.625,8443.75,2161.25
1742463,625.625,8443.75,2161.25
1742474,-844.375,1413.125,6545.0
1742474,-844.375,1413.125,6545.0
1742484,-1872.5,-5420.625,10600.625
1742484,-1872.5,-5420.625,10600.625
1742495,-1671.25,-10631.25,13444.375
1742495,-1671.25,-10631.25,13444.375
1742505,-144.375,-13028.75,14686.875
1742505,-144.375,-13028.75,14686.875
1742515,2769.375,-13098.75,14555.625
1742515,2769.375,-13098.75,14555.625
1742526,5092.5,-11729.375,13593.125
1742526,5092.5,-11729.375,13593.125
1742536,4156.25,-10447.5,13523.125
1742536,4156.25,-10447.5,13523.125
1742546,2292.5,-10880.625,14293.125
1742546,2292.5,-10880.625,14293.125
1742556,-1155.0,-11108.125,14258.125
1742556,-1155.0,-11108.125,14258.125
1742567,-4904.375,-10495.625,15067.5
1742567,-4904.375,-10495.625,15067.5
1742577,-5499.375,-9340.625,14332.5
1742577,-5499.375,-9340.625,14332.5
1742587,-6037.5,-8281.875,12661.25
1742587,-6037.5,-8281.875,12661.25
1742598,-5709.375,-6181.875,10040.625
1742598,-5709.375,-6181.875,10040.625
1742608,-3049.375,-2528.75,7153.125
1742608,-3049.375,-2528.75,7153.125
1742618,656.25,293.125,4033.75
1742618,656.25,293.125,4033.75
1742629,2821.875,2769.375,-647.5
1742629,2821.875,2769.375,-647.5
1742639,3272.5,5372.5,-4313.75
1742639,3272.5,5372.5,-4313.75
1742650,5271.875,9240.0,-6518.75
1742650,5271.875,9240.0,-6518.75
1742659,6886.25,12188.75,-7962.5
1742659,6886.25,12188.75,-7962.5
1742670,6650.0,12372.5,-8063.125
1742670,6650.0,12372.5,-8063.125
1742680,5915.0,11230.625,-7490.0
1742680,5915.0,11230.625,-7490.0
1742691,4138.75,9511.25,-6597.5
1742691,4138.75,9511.25,-6597.5
1742701,2734.375,8063.125,-5464.375
1742701,2734.375,8063.125,-5464.375
1742711,3329.375,7910.0,-4348.75
1742711,3329.375,7910.0,-4348.75
1742722,3513.125,8264.375,-3902.5
1742722,3513.125,8264.375,-3902.5
1742732,1706.25,7385.0,-3316.25
1742732,1706.25,7385.0,-3316.25
1742742,511.875,5805.625,-2681.875
1742742,511.875,5805.625,-2681.875
1742752,-848.75,3766.875,-2813.125
1742752,-848.75,3766.875,-2813.125
1742763,-1933.75,2406.25,-2830.625
1742763,-1933.75,2406.25,-2830.625
1742773,-258.125,2060.625,-3031.875
1742773,-258.125,2060.625,-3031.875
1742783,1185.625,2003.75,-3766.875
1742783,1185.625,2003.75,-3766.875
1742794,1592.5,2156.875,-4554.375
1742794,1592.5,2156.875,-4554.375
1742804,2428.125,2747.5,-4213.125
1742804,2428.125,2747.5,-4213.125
1742814,2677.5,2585.625,-3570.0
1742814,2677.5,2585.625,-3570.0
1742825,1505.0,993.125,-3272.5
1742825,1505.0,993.125,-3272.5
1742835,188.125,485.625,-3320.625
1742835,188.125,485.625,-3320.625
1742846,-415.625,980.0,-2716.875
1742846,-415.625,980.0,-2716.875
1742855,-1190.0,966.875,-2205.0
1742855,-1190.0,966.875,-2205.0
1742866,-2362.5,564.375,-1548.75
1742866,-2362.5,564.375,-1548.75
1742876,-2975.0,122.5,-647.5
1742876,-2975.0,122.5,-647.5
1742886,-3211.25,-700.0,56.875
1742886,-3211.25,-700.0,56.875
1742897,-3167.5,-1378.125,-70.0
1742897,-3167.5,-1378.125,-70.0
1742907,-1719.375,-997.5,39.375
1742907,-1719.375,-997.5,39.375
1742917,223.125,131.25,-52.5
1742917,223.125,131.25,-52.5
1742928,13.125,599.375,-122.5
1742928,13.125,599.375,-122.5
1742938,-1102.5,253.75,122.5
1742938,-1102.5,253.75,122.5
1742948,-2121.875,-756.875,280.0
1742948,-2121.875,-756.875,280.0
1742959,-2979.375,-1863.75,735.0
1742959,-2979.375,-1863.75,735.0
1742969,-2546.25,-2025.625,918.75
1742969,-2546.25,-2025.625,918.75
1742979,-1378.125,-1325.625,910.0
1742979,-1378.125,-1325.625,910.0
1742990,-350.0,-756.875,1010.625
1742990,-350.0,-756.875,1010.625
1743000,669.375,-848.75,345.625
1743000,669.375,-848.75,345.625
1743010,503.125,-1579.375,376.25
1743010,503.125,-1579.375,376.25
1743021,310.625,-2104.375,1032.5
1743021,310.625,-2104.375,1032.5
1743031,914.375,-2590.0,1063.125
1743031,914.375,-2590.0,1063.125
1743041,494.375,-3276.875,743.75
1743041,494.375,-3276.875,743.75
1743052,-380.625,-3185.0,100.625
1743052,-380.625,-3185.0,100.625
1743062,-166.25,-1071.875,-463.75
1743062,-166.25,-1071.875,-463.75
1743072,266.875,752.5,-1054.375
1743072,266.875,752.5,-1054.375
1743083,126.875,1391.25,-997.5
1743083,126.875,1391.25,-997.5
1743093,-118.125,826.875,-476.875
1743093,-118.125,826.875,-476.875
