1774861,39.375,-43.75,-166.25
1774861,39.375,-43.75,-166.25
1774871,13.125,-30.625,-157.5
1774871,13.125,-30.625,-157.5
1775022,74.375,-52.5,-153.125
1775022,74.375,-52.5,-153.125
1775032,91.875,-48.125,-157.5
1775032,91.875,-48.125,-157.5
1775063,70.0,-39.375,-170.625
1775063,70.0,-39.375,-170.625
1775073,65.625,-21.875,-157.5
1775073,65.625,-21.875,-157.5
1775083,-13.125,-30.625,-153.125
1775083,-13.125,-30.625,-153.125
1775093,-35.0,-35.0,-170.625
1775093,-35.0,-35.0,-170.625
1775184,-30.625,4.375,-21.875
1775184,-30.625,4.375,-21.875
1775194,-30.625,8.75,-13.125
1775194,-30.625,8.75,-13.125
1775264,-43.75,4.375,-17.5
1775264,-43.75,4.375,-17.5
1775275,-65.625,21.875,-30.625
1775275,-65.625,21.875,-30.625
1775426,148.75,-26.25,35.0
1775426,148.75,-26.25,35.0
1775436,100.625,-35.0,21.875
1775436,100.625,-35.0,21.875
1775446,74.375,-17.5,26.25
1775446,74.375,-17.5,26.25
1775456,39.375,-8.75,48.125
1775456,39.375,-8.75,48.125
1775466,-8.75,8.75,65.625
1775466,-8.75,8.75,65.625
1775476,-35.0,8.75,56.875
1775476,-35.0,8.75,56.875
1775911,-8640.625,1264.375,-6199.375
1775911,-8640.625,1264.375,-6199.375
1775920,-8925.0,857.5,-6737.5
1775920,-8925.0,857.5,-6737.5
1776072,-16948.75,-1837.5,-11410.0
1776072,-16948.75,-1837.5,-11410.0
1776082,-18484.375,-2170.0,-8855.0
1776082,-18484.375,-2170.0,-8855.0
1776234,-5276.25,-6510.0,7805.0
1776234,-5276.25,-6510.0,7805.0
1776243,-6321.875,-5376.875,8728.125
1776243,-6321.875,-5376.875,8728.125
1776395,4790.625,336.875,-1006.25
1776395,4790.625,336.875,-1006.25
1776405,4668.125,-844.375,-310.625
1776405,4668.125,-844.375,-310.625
1776556,-997.5,-74.375,-4068.75
1776556,-997.5,-74.375,-4068.75
1776566,3018.75,13.125,-7266.875
1776566,3018.75,13.125,-7266.875
1776718,542.5,-4935.0,3504.375
1776718,542.5,-4935.0,3504.375
1776728,1290.625,-5656.875,3115.0
1776728,1290.625,-5656.875,3115.0
1776879,-1767.5,4746.875,-2808.75
1776879,-1767.5,4746.875,-2808.75
1776889,-4042.5,5324.375,-1308.125
1776889,-4042.5,5324.375,-1308.125
1777031,4340.0,-4291.875,905.625
1777031,4340.0,-4291.875,905.625
1777041,3976.875,-3950.625,1124.375
1777041,3976.875,-3950.625,1124.375
1777192,-4348.75,5390.0,-1531.25
1777192,-4348.75,5390.0,-1531.25
1777202,-3408.125,5031.25,-1960.0
1777202,-3408.125,5031.25,-1960.0
1777354,-673.75,-6260.625,5403.125
1777354,-673.75,-6260.625,5403.125
1777364,-1973.125,-5705.0,5263.125
1777364,-1973.125,-5705.0,5263.125
1777516,-1710.625,2721.25,-1373.75
1777516,-1710.625,2721.25,-1373.75
1777525,-765.625,1890.0,-1211.875
1777525,-765.625,1890.0,-1211.875
