1783676,-132.8125,523.4375,835.9375,-109.375,-781.25,656.25,164.0625,-937.5,351.5625,507.8125,-835.9375,210.9375,500.0,-781.25,375.0
1783676,-132.8125,523.4375,835.9375,-109.375,-781.25,656.25,164.0625,-937.5,351.5625,507.8125,-835.9375,210.9375,500.0,-781.25,375.0
1783676,-140.625,515.625,843.75,-117.1875,-781.25,648.4375,164.0625,-945.3125,335.9375,507.8125,-828.125,203.125,507.8125,-781.25,382.8125
1783676,-140.625,515.625,843.75,-117.1875,-781.25,648.4375,164.0625,-945.3125,335.9375,507.8125,-828.125,203.125,507.8125,-781.25,382.8125
1783683,-125.0,515.625,851.5625,-109.375,-781.25,648.4375,164.0625,-945.3125,351.5625,507.8125,-828.125,203.125,507.8125,-773.4375,375.0
1783683,-125.0,515.625,851.5625,-109.375,-781.25,648.4375,164.0625,-945.3125,351.5625,507.8125,-828.125,203.125,507.8125,-773.4375,375.0
1783691,-132.8125,515.625,851.5625,-109.375,-789.0625,640.625,164.0625,-945.3125,351.5625,515.625,-835.9375,210.9375,507.8125,-781.25,382.8125
1783691,-132.8125,515.625,851.5625,-109.375,-789.0625,640.625,164.0625,-945.3125,351.5625,515.625,-835.9375,210.9375,507.8125,-781.25,382.8125
1783835,-125.0,515.625,843.75,-117.1875,-781.25,664.0625,156.25,-937.5,351.5625,507.8125,-835.9375,210.9375,500.0,-781.25,382.8125
1783835,-125.0,515.625,843.75,-117.1875,-781.25,664.0625,156.25,-937.5,351.5625,507.8125,-835.9375,210.9375,500.0,-781.25,382.8125
1783837,-125.0,515.625,843.75,-117.1875,-781.25,648.4375,156.25,-937.5,351.5625,507.8125,-835.9375,210.9375,507.8125,-781.25,382.8125
1783837,-125.0,515.625,843.75,-117.1875,-781.25,648.4375,156.25,-937.5,351.5625,507.8125,-835.9375,210.9375,507.8125,-781.25,382.8125
1783845,-132.8125,523.4375,835.9375,-117.1875,-781.25,664.0625,156.25,-937.5,351.5625,507.8125,-835.9375,203.125,500.0,-773.4375,390.625
1783845,-132.8125,523.4375,835.9375,-117.1875,-781.25,664.0625,156.25,-937.5,351.5625,507.8125,-835.9375,203.125,500.0,-773.4375,390.625
1783853,-132.8125,523.4375,851.5625,-117.1875,-773.4375,656.25,156.25,-945.3125,351.5625,507.8125,-843.75,203.125,507.8125,-781.25,382.8125
1783853,-132.8125,523.4375,851.5625,-117.1875,-773.4375,656.25,156.25,-945.3125,351.5625,507.8125,-843.75,203.125,507.8125,-781.25,382.8125
1783998,-132.8125,523.4375,843.75,-117.1875,-773.4375,656.25,156.25,-945.3125,343.75,515.625,-835.9375,203.125,507.8125,-781.25,390.625
1783998,-132.8125,523.4375,843.75,-117.1875,-773.4375,656.25,156.25,-945.3125,343.75,515.625,-835.9375,203.125,507.8125,-781.25,390.625
1783998,-132.8125,515.625,843.75,-109.375,-781.25,656.25,156.25,-945.3125,343.75,515.625,-835.9375,195.3125,515.625,-773.4375,390.625
1783998,-132.8125,515.625,843.75,-109.375,-781.25,656.25,156.25,-945.3125,343.75,515.625,-835.9375,195.3125,515.625,-773.4375,390.625
1784006,-125.0,515.625,851.5625,-117.1875,-773.4375,664.0625,164.0625,-937.5,343.75,515.625,-828.125,210.9375,500.0,-781.25,382.8125
1784006,-125.0,515.625,851.5625,-117.1875,-773.4375,664.0625,164.0625,-937.5,343.75,515.625,-828.125,210.9375,500.0,-781.25,382.8125
1784014,-132.8125,515.625,843.75,-117.1875,-781.25,656.25,156.25,-945.3125,343.75,515.625,-835.9375,203.125,500.0,-781.25,390.625
1784014,-132.8125,515.625,843.75,-117.1875,-781.25,656.25,156.25,-945.3125,343.75,515.625,-835.9375,203.125,500.0,-781.25,390.625
1784095,-132.8125,523.4375,843.75,-117.1875,-781.25,648.4375,156.25,-945.3125,351.5625,507.8125,-828.125,203.125,507.8125,-781.25,382.8125
1784095,-132.8125,523.4375,843.75,-117.1875,-781.25,648.4375,156.25,-945.3125,351.5625,507.8125,-828.125,203.125,507.8125,-781.25,382.8125
1784102,-125.0,515.625,843.75,-117.1875,-781.25,656.25,164.0625,-945.3125,351.5625,515.625,-835.9375,210.9375,500.0,-781.25,382.8125
1784102,-125.0,515.625,843.75,-117.1875,-781.25,656.25,164.0625,-945.3125,351.5625,515.625,-835.9375,210.9375,500.0,-781.25,382.8125
1784110,-132.8125,515.625,851.5625,-117.1875,-773.4375,656.25,164.0625,-937.5,351.5625,515.625,-828.125,210.9375,500.0,-773.4375,382.8125
1784110,-132.8125,515.625,851.5625,-117.1875,-773.4375,656.25,164.0625,-937.5,351.5625,515.625,-828.125,210.9375,500.0,-773.4375,382.8125
1784111,-132.8125,515.625,851.5625,-117.1875,-781.25,656.25,156.25,-945.3125,343.75,507.8125,-835.9375,203.125,507.8125,-781.25,382.8125
1784111,-132.8125,515.625,851.5625,-117.1875,-781.25,656.25,156.25,-945.3125,343.75,507.8125,-835.9375,203.125,507.8125,-781.25,382.8125
1784257,-132.8125,515.625,851.5625,-117.1875,-781.25,664.0625,148.4375,-937.5,359.375,507.8125,-828.125,218.75,507.8125,-781.25,382.8125
1784257,-132.8125,515.625,851.5625,-117.1875,-781.25,664.0625,148.4375,-937.5,359.375,507.8125,-828.125,218.75,507.8125,-781.25,382.8125
1784264,-140.625,523.4375,835.9375,-117.1875,-781.25,656.25,164.0625,-937.5,351.5625,507.8125,-835.9375,210.9375,507.8125,-789.0625,390.625
1784264,-140.625,523.4375,835.9375,-117.1875,-781.25,656.25,164.0625,-937.5,351.5625,507.8125,-835.9375,210.9375,507.8125,-789.0625,390.625
1784272,-140.625,515.625,851.5625,-109.375,-789.0625,656.25,171.875,-945.3125,351.5625,515.625,-843.75,203.125,500.0,-781.25,382.8125
1784272,-140.625,515.625,851.5625,-109.375,-789.0625,656.25,171.875,-945.3125,351.5625,515.625,-843.75,203.125,500.0,-781.25,382.8125
1784272,-125.0,523.4375,851.5625,-125.0,-789.0625,664.0625,164.0625,-953.125,351.5625,515.625,-843.75,210.9375,507.8125,-781.25,390.625
1784272,-125.0,523.4375,851.5625,-125.0,-789.0625,664.0625,164.0625,-953.125,351.5625,515.625,-843.75,210.9375,507.8125,-781.25,390.625
1784418,-54.6875,539.0625,843.75,-93.75,-820.3125,750.0,234.375,-984.375,437.5,187.5,-1390.625,218.75,492.1875,-789.0625,492.1875
1784418,-54.6875,539.0625,843.75,-93.75,-820.3125,750.0,234.375,-984.375,437.5,187.5,-1390.625,218.75,492.1875,-789.0625,492.1875
1784425,-62.5,562.5,835.9375,-101.5625,-812.5,750.0,242.1875,-1039.0625,476.5625,593.75,-585.9375,335.9375,562.5,-960.9375,546.875
1784425,-62.5,562.5,835.9375,-101.5625,-812.5,750.0,242.1875,-1039.0625,476.5625,593.75,-585.9375,335.9375,562.5,-960.9375,546.875
1784433,-70.3125,570.3125,851.5625,-132.8125,-835.9375,710.9375,148.4375,-968.75,398.4375,453.125,-742.1875,281.25,500.0,-789.0625,406.25
1784433,-70.3125,570.3125,851.5625,-132.8125,-835.9375,710.9375,148.4375,-968.75,398.4375,453.125,-742.1875,281.25,500.0,-789.0625,406.25
1784434,-85.9375,593.75,843.75,15.625,-804.6875,867.1875,156.25,-945.3125,539.0625,687.5,-898.4375,234.375,664.0625,-585.9375,437.5
1784434,-85.9375,593.75,843.75,15.625,-804.6875,867.1875,156.25,-945.3125,539.0625,687.5,-898.4375,234.375,664.0625,-585.9375,437.5
1784579,23.4375,796.875,890.625,70.3125,-859.375,890.625,484.375,-1085.9375,398.4375,664.0625,-835.9375,140.625,710.9375,-789.0625,375.0
1784579,23.4375,796.875,890.625,70.3125,-859.375,890.625,484.375,-1085.9375,398.4375,664.0625,-835.9375,140.625,710.9375,-789.0625,375.0
1784587,39.0625,820.3125,898.4375,101.5625,-882.8125,945.3125,210.9375,-1132.8125,445.3125,648.4375,-789.0625,148.4375,656.25,-757.8125,367.1875
1784587,39.0625,820.3125,898.4375,101.5625,-882.8125,945.3125,210.9375,-1132.8125,445.3125,648.4375,-789.0625,148.4375,656.25,-757.8125,367.1875
1784595,70.3125,812.5,898.4375,85.9375,-859.375,953.125,289.0625,-1054.6875,429.6875,640.625,-804.6875,179.6875,679.6875,-742.1875,359.375
1784595,70.3125,812.5,898.4375,85.9375,-859.375,953.125,289.0625,-1054.6875,429.6875,640.625,-804.6875,179.6875,679.6875,-742.1875,359.375
1784595,70.3125,820.3125,906.25,93.75,-851.5625,945.3125,328.125,-1031.25,429.6875,664.0625,-820.3125,171.875,671.875,-726.5625,367.1875
1784595,70.3125,820.3125,906.25,93.75,-851.5625,945.3125,328.125,-1031.25,429.6875,664.0625,-820.3125,171.875,671.875,-726.5625,367.1875
1784740,-351.5625,882.8125,789.0625,-250.0,-890.625,867.1875,39.0625,-1203.125,500.0,539.0625,-1156.25,265.625,515.625,-1109.375,570.3125
1784740,-351.5625,882.8125,789.0625,-250.0,-890.625,867.1875,39.0625,-1203.125,500.0,539.0625,-1156.25,265.625,515.625,-1109.375,570.3125
1784748,-359.375,882.8125,773.4375,-257.8125,-875.0,859.375,31.25,-1203.125,500.0,523.4375,-1148.4375,242.1875,492.1875,-1093.75,515.625
1784748,-359.375,882.8125,773.4375,-257.8125,-875.0,859.375,31.25,-1203.125,500.0,523.4375,-1148.4375,242.1875,492.1875,-1093.75,515.625
1784756,-375.0,851.5625,781.25,-273.4375,-890.625,835.9375,31.25,-1210.9375,500.0,500.0,-1164.0625,250.0,500.0,-1078.125,523.4375
1784756,-375.0,851.5625,781.25,-273.4375,-890.625,835.9375,31.25,-1210.9375,500.0,500.0,-1164.0625,250.0,500.0,-1078.125,523.4375
1784756,-398.4375,843.75,765.625,-281.25,-898.4375,835.9375,15.625,-1203.125,484.375,500.0,-1148.4375,226.5625,468.75,-1054.6875,515.625
1784756,-398.4375,843.75,765.625,-281.25,-898.4375,835.9375,15.625,-1203.125,484.375,500.0,-1148.4375,226.5625,468.75,-1054.6875,515.625
1784901,-281.25,898.4375,648.4375,-296.875,-625.0,664.0625,-171.875,-773.4375,429.6875,132.8125,-859.375,218.75,109.375,-804.6875,421.875
1784901,-281.25,898.4375,648.4375,-296.875,-625.0,664.0625,-171.875,-773.4375,429.6875,132.8125,-859.375,218.75,109.375,-804.6875,421.875
1784909,-273.4375,898.4375,625.0,-304.6875,-593.75,625.0,-187.5,-757.8125,414.0625,132.8125,-867.1875,203.125,101.5625,-812.5,429.6875
1784909,-273.4375,898.4375,625.0,-304.6875,-593.75,625.0,-187.5,-757.8125,414.0625,132.8125,-867.1875,203.125,101.5625,-812.5,429.6875
1784917,-296.875,890.625,609.375,-320.3125,-570.3125,593.75,-195.3125,-750.0,398.4375,109.375,-851.5625,203.125,93.75,-789.0625,429.6875
1784917,-296.875,890.625,609.375,-320.3125,-570.3125,593.75,-195.3125,-750.0,398.4375,109.375,-851.5625,203.125,93.75,-789.0625,429.6875
1784917,-343.75,875.0,578.125,-328.125,-539.0625,570.3125,-218.75,-726.5625,382.8125,101.5625,-835.9375,210.9375,93.75,-765.625,421.875
1784917,-343.75,875.0,578.125,-328.125,-539.0625,570.3125,-218.75,-726.5625,382.8125,101.5625,-835.9375,210.9375,93.75,-765.625,421.875
1784982,-492.1875,671.875,242.1875,-265.625,-367.1875,765.625,-101.5625,-546.875,664.0625,125.0,-671.875,476.5625,23.4375,-515.625,570.3125
1784982,-492.1875,671.875,242.1875,-265.625,-367.1875,765.625,-101.5625,-546.875,664.0625,125.0,-671.875,476.5625,23.4375,-515.625,570.3125
1784990,-546.875,671.875,234.375,-250.0,-367.1875,750.0,-70.3125,-562.5,718.75,171.875,-664.0625,554.6875,62.5,-515.625,632.8125
1784990,-546.875,671.875,234.375,-250.0,-367.1875,750.0,-70.3125,-562.5,718.75,171.875,-664.0625,554.6875,62.5,-515.625,632.8125
1784998,-570.3125,648.4375,218.75,-250.0,-375.0,765.625,-70.3125,-593.75,734.375,210.9375,-710.9375,578.125,62.5,-585.9375,671.875
1784998,-570.3125,648.4375,218.75,-250.0,-375.0,765.625,-70.3125,-593.75,734.375,210.9375,-710.9375,578.125,62.5,-585.9375,671.875
1784998,-531.25,609.375,203.125,-242.1875,-398.4375,773.4375,-70.3125,-632.8125,734.375,226.5625,-757.8125,578.125,62.5,-640.625,718.75
1784998,-531.25,609.375,203.125,-242.1875,-398.4375,773.4375,-70.3125,-632.8125,734.375,226.5625,-757.8125,578.125,62.5,-640.625,718.75
1785143,-257.8125,1125.0,-250.0,-218.75,203.125,601.5625,-281.25,-78.125,437.5,-281.25,-234.375,460.9375,-343.75,-109.375,359.375
1785143,-257.8125,1125.0,-250.0,-218.75,203.125,601.5625,-281.25,-78.125,437.5,-281.25,-234.375,460.9375,-343.75,-109.375,359.375
1785151,-273.4375,1117.1875,-289.0625,-210.9375,265.625,593.75,-273.4375,-85.9375,421.875,-242.1875,-234.375,500.0,-304.6875,-70.3125,437.5
1785151,-273.4375,1117.1875,-289.0625,-210.9375,265.625,593.75,-273.4375,-85.9375,421.875,-242.1875,-234.375,500.0,-304.6875,-70.3125,437.5
1785159,-289.0625,1085.9375,-351.5625,-210.9375,320.3125,585.9375,-289.0625,-23.4375,437.5,-203.125,-203.125,546.875,-257.8125,-54.6875,531.25
1785159,-289.0625,1085.9375,-351.5625,-210.9375,320.3125,585.9375,-289.0625,-23.4375,437.5,-203.125,-203.125,546.875,-257.8125,-54.6875,531.25
1785159,-328.125,1023.4375,-398.4375,-195.3125,359.375,554.6875,-265.625,78.125,437.5,-179.6875,-132.8125,593.75,-203.125,-23.4375,601.5625
1785159,-328.125,1023.4375,-398.4375,-195.3125,359.375,554.6875,-265.625,78.125,437.5,-179.6875,-132.8125,593.75,-203.125,-23.4375,601.5625
1785304,-742.1875,351.5625,78.125,-7.8125,-343.75,859.375,70.3125,-562.5,734.375,179.6875,-718.75,546.875,-78.125,-570.3125,664.0625
1785304,-742.1875,351.5625,78.125,-7.8125,-343.75,859.375,70.3125,-562.5,734.375,179.6875,-718.75,546.875,-78.125,-570.3125,664.0625
1785312,-781.25,351.5625,125.0,7.8125,-406.25,890.625,93.75,-617.1875,750.0,203.125,-773.4375,523.4375,-70.3125,-625.0,679.6875
1785312,-781.25,351.5625,125.0,7.8125,-406.25,890.625,93.75,-617.1875,750.0,203.125,-773.4375,523.4375,-70.3125,-625.0,679.6875
1785320,-820.3125,375.0,171.875,0.0,-468.75,898.4375,109.375,-679.6875,757.8125,234.375,-820.3125,515.625,-46.875,-695.3125,703.125
1785320,-820.3125,375.0,171.875,0.0,-468.75,898.4375,109.375,-679.6875,757.8125,234.375,-820.3125,515.625,-46.875,-695.3125,703.125
1785320,-820.3125,382.8125,203.125,-31.25,-562.5,875.0,101.5625,-757.8125,742.1875,265.625,-875.0,507.8125,-23.4375,-773.4375,718.75
1785320,-820.3125,382.8125,203.125,-31.25,-562.5,875.0,101.5625,-757.8125,742.1875,265.625,-875.0,507.8125,-23.4375,-773.4375,718.75
1785466,-523.4375,1828.125,-492.1875,1304.6875,687.5,1734.375,1445.3125,398.4375,1320.3125,1679.6875,-15.625,1781.25,1914.0625,523.4375,2937.5
1785466,-523.4375,1828.125,-492.1875,1304.6875,687.5,1734.375,1445.3125,398.4375,1320.3125,1679.6875,-15.625,1781.25,1914.0625,523.4375,2937.5
1785474,-617.1875,1765.625,-539.0625,1250.0,945.3125,1664.0625,1273.4375,781.25,1148.4375,820.3125,750.0,1226.5625,1664.0625,203.125,2531.25
1785474,-617.1875,1765.625,-539.0625,1250.0,945.3125,1664.0625,1273.4375,781.25,1148.4375,820.3125,750.0,1226.5625,1664.0625,203.125,2531.25
1785482,-671.875,1960.9375,-625.0,1015.625,1062.5,1398.4375,1093.75,945.3125,1132.8125,390.625,1093.75,1062.5,765.625,312.5,1632.8125
1785482,-671.875,1960.9375,-625.0,1015.625,1062.5,1398.4375,1093.75,945.3125,1132.8125,390.625,1093.75,1062.5,765.625,312.5,1632.8125
1785482,-695.3125,2289.0625,-742.1875,804.6875,1078.125,1242.1875,890.625,890.625,1101.5625,312.5,914.0625,1179.6875,156.25,804.6875,914.0625
1785482,-695.3125,2289.0625,-742.1875,804.6875,1078.125,1242.1875,890.625,890.625,1101.5625,312.5,914.0625,1179.6875,156.25,804.6875,914.0625
1785627,-1031.25,-78.125,1007.8125,-156.25,-1539.0625,953.125,62.5,-1765.625,648.4375,531.25,-1757.8125,132.8125,101.5625,-1679.6875,601.5625
1785627,-1031.25,-78.125,1007.8125,-156.25,-1539.0625,953.125,62.5,-1765.625,648.4375,531.25,-1757.8125,132.8125,101.5625,-1679.6875,601.5625
1785634,-1101.5625,0.0,1054.6875,-171.875,-1609.375,921.875,0.0,-1843.75,585.9375,546.875,-1765.625,156.25,70.3125,-1726.5625,554.6875
1785634,-1101.5625,0.0,1054.6875,-171.875,-1609.375,921.875,0.0,-1843.75,585.9375,546.875,-1765.625,156.25,70.3125,-1726.5625,554.6875
1785642,-1148.4375,85.9375,1109.375,-210.9375,-1695.3125,921.875,-31.25,-1898.4375,578.125,632.8125,-1929.6875,187.5,117.1875,-1820.3125,671.875
1785642,-1148.4375,85.9375,1109.375,-210.9375,-1695.3125,921.875,-31.25,-1898.4375,578.125,632.8125,-1929.6875,187.5,117.1875,-1820.3125,671.875
1785642,-1078.125,85.9375,1140.625,-210.9375,-1765.625,992.1875,15.625,-2031.25,687.5,750.0,-2078.125,265.625,226.5625,-1898.4375,968.75
1785642,-1078.125,85.9375,1140.625,-210.9375,-1765.625,992.1875,15.625,-2031.25,687.5,750.0,-2078.125,265.625,226.5625,-1898.4375,968.75
1785788,-570.3125,1750.0,-773.4375,742.1875,1007.8125,968.75,851.5625,953.125,921.875,500.0,937.5,1218.75,515.625,820.3125,1218.75
1785788,-570.3125,1750.0,-773.4375,742.1875,1007.8125,968.75,851.5625,953.125,921.875,500.0,937.5,1218.75,515.625,820.3125,1218.75
1785796,-593.75,1398.4375,-757.8125,781.25,1007.8125,1007.8125,671.875,875.0,945.3125,398.4375,851.5625,1289.0625,390.625,1117.1875,1007.8125
1785796,-593.75,1398.4375,-757.8125,781.25,1007.8125,1007.8125,671.875,875.0,945.3125,398.4375,851.5625,1289.0625,390.625,1117.1875,1007.8125
1785804,-304.6875,1757.8125,-750.0,828.125,1093.75,1054.6875,742.1875,976.5625,968.75,320.3125,796.875,1195.3125,226.5625,976.5625,867.1875
1785804,-304.6875,1757.8125,-750.0,828.125,1093.75,1054.6875,742.1875,976.5625,968.75,320.3125,796.875,1195.3125,226.5625,976.5625,867.1875
1785804,-382.8125,1851.5625,-765.625,828.125,1226.5625,984.375,757.8125,960.9375,1039.0625,289.0625,906.25,1156.25,187.5,828.125,882.8125
1785804,-382.8125,1851.5625,-765.625,828.125,1226.5625,984.375,757.8125,960.9375,1039.0625,289.0625,906.25,1156.25,187.5,828.125,882.8125
1785949,-1054.6875,375.0,835.9375,23.4375,-1171.875,1117.1875,289.0625,-1414.0625,820.3125,562.5,-1398.4375,398.4375,273.4375,-1429.6875,757.8125
1785949,-1054.6875,375.0,835.9375,23.4375,-1171.875,1117.1875,289.0625,-1414.0625,820.3125,562.5,-1398.4375,398.4375,273.4375,-1429.6875,757.8125
1785957,-1101.5625,328.125,890.625,-7.8125,-1250.0,1156.25,234.375,-1515.625,796.875,539.0625,-1476.5625,351.5625,54.6875,-1523.4375,539.0625
1785957,-1101.5625,328.125,890.625,-7.8125,-1250.0,1156.25,234.375,-1515.625,796.875,539.0625,-1476.5625,351.5625,54.6875,-1523.4375,539.0625
1785965,-1093.75,265.625,914.0625,-171.875,-1304.6875,1007.8125,156.25,-1539.0625,773.4375,500.0,-1687.5,304.6875,101.5625,-1468.75,593.75
1785965,-1093.75,265.625,914.0625,-171.875,-1304.6875,1007.8125,156.25,-1539.0625,773.4375,500.0,-1687.5,304.6875,101.5625,-1468.75,593.75
1785965,-1156.25,226.5625,921.875,-226.5625,-1351.5625,960.9375,54.6875,-1632.8125,695.3125,476.5625,-1671.875,273.4375,234.375,-1585.9375,804.6875
1785965,-1156.25,226.5625,921.875,-226.5625,-1351.5625,960.9375,54.6875,-1632.8125,695.3125,476.5625,-1671.875,273.4375,234.375,-1585.9375,804.6875
1786111,-523.4375,1273.4375,-398.4375,601.5625,710.9375,1046.875,585.9375,609.375,914.0625,531.25,257.8125,1046.875,398.4375,492.1875,1046.875
1786111,-523.4375,1273.4375,-398.4375,601.5625,710.9375,1046.875,585.9375,609.375,914.0625,531.25,257.8125,1046.875,398.4375,492.1875,1046.875
1786118,-500.0,1273.4375,-468.75,632.8125,835.9375,1109.375,617.1875,703.125,945.3125,437.5,492.1875,1140.625,523.4375,601.5625,1054.6875
1786118,-500.0,1273.4375,-468.75,632.8125,835.9375,1109.375,617.1875,703.125,945.3125,437.5,492.1875,1140.625,523.4375,601.5625,1054.6875
1786125,-445.3125,1218.75,-554.6875,625.0,890.625,968.75,742.1875,750.0,1039.0625,515.625,531.25,1187.5,468.75,679.6875,1078.125
1786125,-445.3125,1218.75,-554.6875,625.0,890.625,968.75,742.1875,750.0,1039.0625,515.625,531.25,1187.5,468.75,679.6875,1078.125
1786127,-500.0,1187.5,-578.125,625.0,656.25,898.4375,796.875,601.5625,1007.8125,562.5,640.625,1281.25,507.8125,781.25,1093.75
1786127,-500.0,1187.5,-578.125,625.0,656.25,898.4375,796.875,601.5625,1007.8125,562.5,640.625,1281.25,507.8125,781.25,1093.75
1786272,-898.4375,546.875,625.0,15.625,-843.75,929.6875,203.125,-1015.625,734.375,507.8125,-1093.75,484.375,164.0625,-984.375,851.5625
1786272,-898.4375,546.875,625.0,15.625,-843.75,929.6875,203.125,-1015.625,734.375,507.8125,-1093.75,484.375,164.0625,-984.375,851.5625
1786280,-851.5625,390.625,710.9375,-125.0,-1000.0,859.375,187.5,-1195.3125,703.125,578.125,-1296.875,429.6875,250.0,-1203.125,859.375
1786280,-851.5625,390.625,710.9375,-125.0,-1000.0,859.375,187.5,-1195.3125,703.125,578.125,-1296.875,429.6875,250.0,-1203.125,859.375
1786288,-976.5625,312.5,781.25,-15.625,-1031.25,937.5,156.25,-1304.6875,687.5,554.6875,-1398.4375,390.625,187.5,-1281.25,835.9375
1786288,-976.5625,312.5,781.25,-15.625,-1031.25,937.5,156.25,-1304.6875,687.5,554.6875,-1398.4375,390.625,187.5,-1281.25,835.9375
1786288,-960.9375,156.25,890.625,-125.0,-1179.6875,945.3125,109.375,-1359.375,679.6875,593.75,-1437.5,343.75,140.625,-1320.3125,742.1875
1786288,-960.9375,156.25,890.625,-125.0,-1179.6875,945.3125,109.375,-1359.375,679.6875,593.75,-1437.5,343.75,140.625,-1320.3125,742.1875
1786433,-656.25,789.0625,-343.75,375.0,539.0625,906.25,554.6875,476.5625,929.6875,460.9375,320.3125,1164.0625,437.5,421.875,1054.6875
1786433,-656.25,789.0625,-343.75,375.0,539.0625,906.25,554.6875,476.5625,929.6875,460.9375,320.3125,1164.0625,437.5,421.875,1054.6875
1786440,-585.9375,953.125,-406.25,429.6875,601.5625,968.75,523.4375,468.75,937.5,445.3125,273.4375,1109.375,460.9375,375.0,1171.875
1786440,-585.9375,953.125,-406.25,429.6875,601.5625,968.75,523.4375,468.75,937.5,445.3125,273.4375,1109.375,460.9375,375.0,1171.875
1786449,-507.8125,1093.75,-468.75,507.8125,695.3125,1023.4375,546.875,570.3125,937.5,382.8125,273.4375,1117.1875,406.25,421.875,1179.6875
1786449,-507.8125,1093.75,-468.75,507.8125,695.3125,1023.4375,546.875,570.3125,937.5,382.8125,273.4375,1117.1875,406.25,421.875,1179.6875
1786449,-531.25,1171.875,-507.8125,523.4375,757.8125,1039.0625,570.3125,625.0,1007.8125,359.375,406.25,1156.25,343.75,484.375,1101.5625
1786449,-531.25,1171.875,-507.8125,523.4375,757.8125,1039.0625,570.3125,625.0,1007.8125,359.375,406.25,1156.25,343.75,484.375,1101.5625
1786595,-757.8125,468.75,296.875,117.1875,-398.4375,945.3125,335.9375,-562.5,835.9375,484.375,-679.6875,718.75,281.25,-578.125,929.6875
1786595,-757.8125,468.75,296.875,117.1875,-398.4375,945.3125,335.9375,-562.5,835.9375,484.375,-679.6875,718.75,281.25,-578.125,929.6875
1786603,-750.0,453.125,250.0,101.5625,-359.375,945.3125,328.125,-515.625,851.5625,476.5625,-656.25,734.375,265.625,-546.875,929.6875
1786603,-750.0,453.125,250.0,101.5625,-359.375,945.3125,328.125,-515.625,851.5625,476.5625,-656.25,734.375,265.625,-546.875,929.6875
1786611,-750.0,437.5,226.5625,101.5625,-312.5,937.5,312.5,-468.75,843.75,453.125,-609.375,750.0,250.0,-500.0,929.6875
1786611,-750.0,437.5,226.5625,101.5625,-312.5,937.5,312.5,-468.75,843.75,453.125,-609.375,750.0,250.0,-500.0,929.6875
1786611,-742.1875,453.125,179.6875,109.375,-273.4375,937.5,312.5,-421.875,851.5625,429.6875,-578.125,757.8125,250.0,-460.9375,921.875
1786611,-742.1875,453.125,179.6875,109.375,-273.4375,937.5,312.5,-421.875,851.5625,429.6875,-578.125,757.8125,250.0,-460.9375,921.875
