1783671,0.0,21.875,78.75
1783671,0.0,21.875,78.75
1783681,52.5,0.0,56.875
1783681,52.5,0.0,56.875
1783832,-100.625,8.75,52.5
1783832,-100.625,8.75,52.5
1783843,-61.25,4.375,30.625
1783843,-61.25,4.375,30.625
1783994,-56.875,-4.375,4.375
1783994,-56.875,-4.375,4.375
1784004,-61.25,0.0,4.375
1784004,-61.25,0.0,4.375
1784095,-52.5,-13.125,30.625
1784095,-52.5,-13.125,30.625
1784104,-56.875,-8.75,17.5
1784104,-56.875,-8.75,17.5
1784257,70.0,26.25,-61.25
1784257,70.0,26.25,-61.25
1784266,43.75,26.25,-39.375
1784266,43.75,26.25,-39.375
1784418,-1071.875,21.875,953.75
1784418,-1071.875,21.875,953.75
1784428,-1408.75,-30.625,1089.375
1784428,-1408.75,-30.625,1089.375
1784579,-5188.75,3517.5,-2406.25
1784579,-5188.75,3517.5,-2406.25
1784589,-4869.375,3465.0,-3290.0
1784589,-4869.375,3465.0,-3290.0
1784741,-8032.5,2261.875,-7800.625
1784741,-8032.5,2261.875,-7800.625
1784751,-7993.125,2248.75,-8500.625
1784751,-7993.125,2248.75,-8500.625
1784902,-10316.25,-43.75,-6680.625
1784902,-10316.25,-43.75,-6680.625
1784912,-9323.125,-1999.375,-7227.5
1784912,-9323.125,-1999.375,-7227.5
1784983,-3246.25,-6772.5,-4729.375
1784983,-3246.25,-6772.5,-4729.375
1784993,-3272.5,-7424.375,-4965.625
1784993,-3272.5,-7424.375,-4965.625
1785144,-4361.875,-4637.5,-2021.25
1785144,-4361.875,-4637.5,-2021.25
1785154,-1426.25,-5110.0,-3745.0
1785154,-1426.25,-5110.0,-3745.0
1785306,3285.625,3876.25,-3403.75
1785306,3285.625,3876.25,-3403.75
1785316,3360.0,3688.125,-2401.875
1785316,3360.0,3688.125,-2401.875
1785467,-3486.875,-3408.125,2629.375
1785467,-3486.875,-3408.125,2629.375
1785477,-5853.75,-3504.375,975.625
1785477,-5853.75,-3504.375,975.625
1785629,4436.25,4576.25,-3430.0
1785629,4436.25,4576.25,-3430.0
1785638,4480.0,3045.0,-2222.5
1785638,4480.0,3045.0,-2222.5
1785790,-1671.25,-4121.25,5223.75
1785790,-1671.25,-4121.25,5223.75
1785800,148.75,-2874.375,3723.125
1785800,148.75,-2874.375,3723.125
1785951,-1964.375,6422.5,-3080.0
1785951,-1964.375,6422.5,-3080.0
1785962,-1487.5,4991.875,-2843.75
1785962,-1487.5,4991.875,-2843.75
1786113,581.875,-5324.375,2935.625
1786113,581.875,-5324.375,2935.625
1786122,966.875,-4208.75,1802.5
1786122,966.875,-4208.75,1802.5
1786275,-2638.125,6177.5,-4235.0
1786275,-2638.125,6177.5,-4235.0
1786285,-1745.625,4895.625,-4217.5
1786285,-1745.625,4895.625,-4217.5
1786436,0.0,-5350.625,4764.375
1786436,0.0,-5350.625,4764.375
1786445,-1316.875,-4191.25,5556.25
1786445,-1316.875,-4191.25,5556.25
1786598,1076.25,210.0,-595.0
1786598,1076.25,210.0,-595.0
1786608,476.875,-258.125,-35.0
1786608,476.875,-258.125,-35.0
