1792683,-8.75,-8.75,-48.125
1792683,-8.75,-8.75,-48.125
1792693,-39.375,-4.375,-30.625
1792693,-39.375,-4.375,-30.625
1792844,-17.5,8.75,13.125
1792844,-17.5,8.75,13.125
1792854,-39.375,8.75,8.75
1792854,-39.375,8.75,8.75
1793006,21.875,30.625,26.25
1793006,21.875,30.625,26.25
1793016,30.625,13.125,-26.25
1793016,30.625,13.125,-26.25
1793167,17.5,39.375,43.75
1793167,17.5,39.375,43.75
1793177,21.875,8.75,39.375
1793177,21.875,8.75,39.375
1793329,17.5,-21.875,-52.5
1793329,17.5,-21.875,-52.5
1793339,26.25,-30.625,-78.75
1793339,26.25,-30.625,-78.75
1793490,4.375,-26.25,-105.0
1793490,4.375,-26.25,-105.0
1793500,0.0,-17.5,-87.5
1793500,0.0,-17.5,-87.5
1793652,109.375,-39.375,-140.0
1793652,109.375,-39.375,-140.0
1793662,113.75,-30.625,-135.625
1793662,113.75,-30.625,-135.625
1793813,13.125,-30.625,-227.5
1793813,13.125,-30.625,-227.5
1793823,-52.5,-43.75,-266.875
1793823,-52.5,-43.75,-266.875
1793974,26.25,-83.125,-179.375
1793974,26.25,-83.125,-179.375
1793985,35.0,-74.375,-153.125
1793985,35.0,-74.375,-153.125
1794136,157.5,-87.5,-271.25
1794136,157.5,-87.5,-271.25
1794146,166.25,-74.375,-253.75
1794146,166.25,-74.375,-253.75
1794176,96.25,-87.5,-345.625
1794176,96.25,-87.5,-345.625
1794187,183.75,-78.75,-433.125
1794187,183.75,-78.75,-433.125
1794338,-2218.125,-201.25,931.875
1794338,-2218.125,-201.25,931.875
1794348,-3329.375,8.75,1133.125
1794348,-3329.375,8.75,1133.125
1794499,-13860.0,5525.625,-4353.125
1794499,-13860.0,5525.625,-4353.125
1794510,-13846.875,5429.375,-4554.375
1794510,-13846.875,5429.375,-4554.375
1794621,-1566.25,-6081.25,-25484.375
1794621,-1566.25,-6081.25,-25484.375
1794631,-3031.875,-5683.125,-25300.625
1794631,-3031.875,-5683.125,-25300.625
1794782,-4449.375,-7021.875,5845.0
1794782,-4449.375,-7021.875,5845.0
1794792,-5508.125,-6164.375,7678.125
1794792,-5508.125,-6164.375,7678.125
1794944,8767.5,1968.75,-2218.125
1794944,8767.5,1968.75,-2218.125
1794954,9961.875,2126.25,-1290.625
1794954,9961.875,2126.25,-1290.625
1795105,-586.25,2940.0,2786.875
1795105,-586.25,2940.0,2786.875
1795115,-2200.625,3381.875,5158.125
1795115,-2200.625,3381.875,5158.125
1795266,1601.25,-7376.25,3364.375
1795266,1601.25,-7376.25,3364.375
1795276,3049.375,-8163.75,2681.875
1795276,3049.375,-8163.75,2681.875
1795428,-4550.0,6768.125,-2681.875
1795428,-4550.0,6768.125,-2681.875
1795438,-4711.875,6925.625,-3084.375
1795438,-4711.875,6925.625,-3084.375
1795509,3381.875,-17.5,-1933.75
1795509,3381.875,-17.5,-1933.75
1795518,2983.75,-1986.25,-608.125
1795518,2983.75,-1986.25,-608.125
