1774862,-132.8125,515.625,835.9375,-46.875,-742.1875,703.125,210.9375,-921.875,359.375,468.75,-875.0,101.5625,460.9375,-773.4375,429.6875
1774862,-132.8125,515.625,835.9375,-46.875,-742.1875,703.125,210.9375,-921.875,359.375,468.75,-875.0,101.5625,460.9375,-773.4375,429.6875
1774863,-125.0,515.625,851.5625,-46.875,-742.1875,710.9375,210.9375,-929.6875,367.1875,468.75,-882.8125,93.75,476.5625,-781.25,445.3125
1774863,-125.0,515.625,851.5625,-46.875,-742.1875,710.9375,210.9375,-929.6875,367.1875,468.75,-882.8125,93.75,476.5625,-781.25,445.3125
1774871,-132.8125,515.625,851.5625,-46.875,-742.1875,703.125,210.9375,-921.875,367.1875,468.75,-875.0,93.75,468.75,-781.25,437.5
1774871,-132.8125,515.625,851.5625,-46.875,-742.1875,703.125,210.9375,-921.875,367.1875,468.75,-875.0,93.75,468.75,-781.25,437.5
1774878,-140.625,523.4375,851.5625,-46.875,-734.375,703.125,210.9375,-921.875,375.0,476.5625,-875.0,93.75,468.75,-765.625,437.5
1774878,-140.625,523.4375,851.5625,-46.875,-734.375,703.125,210.9375,-921.875,375.0,476.5625,-875.0,93.75,468.75,-765.625,437.5
1775024,-140.625,515.625,851.5625,-46.875,-726.5625,710.9375,210.9375,-921.875,367.1875,468.75,-875.0,93.75,468.75,-773.4375,445.3125
1775024,-140.625,515.625,851.5625,-46.875,-726.5625,710.9375,210.9375,-921.875,367.1875,468.75,-875.0,93.75,468.75,-773.4375,445.3125
1775024,-132.8125,523.4375,843.75,-54.6875,-734.375,710.9375,210.9375,-921.875,375.0,460.9375,-875.0,93.75,468.75,-773.4375,437.5
1775024,-132.8125,523.4375,843.75,-54.6875,-734.375,710.9375,210.9375,-921.875,375.0,460.9375,-875.0,93.75,468.75,-773.4375,437.5
1775032,-140.625,507.8125,851.5625,-54.6875,-742.1875,710.9375,218.75,-921.875,375.0,468.75,-875.0,93.75,476.5625,-773.4375,445.3125
1775032,-140.625,507.8125,851.5625,-54.6875,-742.1875,710.9375,218.75,-921.875,375.0,468.75,-875.0,93.75,476.5625,-773.4375,445.3125
1775040,-132.8125,515.625,851.5625,-54.6875,-734.375,710.9375,210.9375,-921.875,367.1875,468.75,-875.0,93.75,468.75,-773.4375,437.5
1775040,-132.8125,515.625,851.5625,-54.6875,-734.375,710.9375,210.9375,-921.875,367.1875,468.75,-875.0,93.75,468.75,-773.4375,437.5
1775064,-148.4375,507.8125,851.5625,-62.5,-742.1875,695.3125,210.9375,-921.875,367.1875,476.5625,-875.0,101.5625,476.5625,-773.4375,445.3125
1775064,-148.4375,507.8125,851.5625,-62.5,-742.1875,695.3125,210.9375,-921.875,367.1875,476.5625,-875.0,101.5625,476.5625,-773.4375,445.3125
1775064,-140.625,507.8125,851.5625,-54.6875,-742.1875,703.125,218.75,-929.6875,367.1875,476.5625,-882.8125,101.5625,468.75,-781.25,437.5
1775064,-140.625,507.8125,851.5625,-54.6875,-742.1875,703.125,218.75,-929.6875,367.1875,476.5625,-882.8125,101.5625,468.75,-781.25,437.5
1775072,-132.8125,507.8125,843.75,-54.6875,-742.1875,710.9375,203.125,-929.6875,367.1875,460.9375,-882.8125,93.75,460.9375,-781.25,445.3125
1775072,-132.8125,507.8125,843.75,-54.6875,-742.1875,710.9375,203.125,-929.6875,367.1875,460.9375,-882.8125,93.75,460.9375,-781.25,445.3125
1775080,-132.8125,507.8125,851.5625,-46.875,-742.1875,710.9375,210.9375,-929.6875,367.1875,484.375,-875.0,85.9375,476.5625,-765.625,445.3125
1775080,-132.8125,507.8125,851.5625,-46.875,-742.1875,710.9375,210.9375,-929.6875,367.1875,484.375,-875.0,85.9375,476.5625,-765.625,445.3125
1775080,-132.8125,523.4375,851.5625,-46.875,-750.0,710.9375,218.75,-921.875,359.375,468.75,-882.8125,101.5625,468.75,-781.25,453.125
1775080,-132.8125,523.4375,851.5625,-46.875,-750.0,710.9375,218.75,-921.875,359.375,468.75,-882.8125,101.5625,468.75,-781.25,453.125
1775088,-148.4375,515.625,851.5625,-62.5,-742.1875,710.9375,210.9375,-921.875,359.375,476.5625,-890.625,93.75,468.75,-773.4375,437.5
1775088,-148.4375,515.625,851.5625,-62.5,-742.1875,710.9375,210.9375,-921.875,359.375,476.5625,-890.625,93.75,468.75,-773.4375,437.5
1775088,-140.625,515.625,843.75,-46.875,-750.0,703.125,210.9375,-929.6875,375.0,476.5625,-882.8125,93.75,468.75,-773.4375,445.3125
1775088,-140.625,515.625,843.75,-46.875,-750.0,703.125,210.9375,-929.6875,375.0,476.5625,-882.8125,93.75,468.75,-773.4375,445.3125
1775095,-140.625,515.625,843.75,-46.875,-734.375,710.9375,203.125,-921.875,359.375,484.375,-875.0,93.75,468.75,-773.4375,445.3125
1775095,-140.625,515.625,843.75,-46.875,-734.375,710.9375,203.125,-921.875,359.375,484.375,-875.0,93.75,468.75,-773.4375,445.3125
1775185,-148.4375,507.8125,843.75,-54.6875,-742.1875,710.9375,210.9375,-921.875,367.1875,476.5625,-875.0,85.9375,468.75,-773.4375,445.3125
1775185,-148.4375,507.8125,843.75,-54.6875,-742.1875,710.9375,210.9375,-921.875,367.1875,476.5625,-875.0,85.9375,468.75,-773.4375,445.3125
1775185,-140.625,507.8125,843.75,-46.875,-734.375,703.125,218.75,-914.0625,359.375,468.75,-875.0,101.5625,468.75,-773.4375,437.5
1775185,-140.625,507.8125,843.75,-46.875,-734.375,703.125,218.75,-914.0625,359.375,468.75,-875.0,101.5625,468.75,-773.4375,437.5
1775193,-140.625,507.8125,851.5625,-46.875,-742.1875,703.125,218.75,-914.0625,359.375,468.75,-882.8125,93.75,468.75,-773.4375,445.3125
1775193,-140.625,507.8125,851.5625,-46.875,-742.1875,703.125,218.75,-914.0625,359.375,468.75,-882.8125,93.75,468.75,-773.4375,445.3125
1775201,-140.625,507.8125,859.375,-46.875,-742.1875,703.125,210.9375,-929.6875,367.1875,476.5625,-875.0,85.9375,460.9375,-773.4375,437.5
1775201,-140.625,507.8125,859.375,-46.875,-742.1875,703.125,210.9375,-929.6875,367.1875,476.5625,-875.0,85.9375,460.9375,-773.4375,437.5
1775265,-140.625,507.8125,843.75,-46.875,-742.1875,710.9375,218.75,-921.875,375.0,468.75,-882.8125,85.9375,476.5625,-773.4375,445.3125
1775265,-140.625,507.8125,843.75,-46.875,-742.1875,710.9375,218.75,-921.875,375.0,468.75,-882.8125,85.9375,476.5625,-773.4375,445.3125
1775266,-140.625,515.625,843.75,-46.875,-742.1875,703.125,210.9375,-929.6875,359.375,476.5625,-882.8125,101.5625,476.5625,-773.4375,437.5
1775266,-140.625,515.625,843.75,-46.875,-742.1875,703.125,210.9375,-929.6875,359.375,476.5625,-882.8125,101.5625,476.5625,-773.4375,437.5
1775273,-140.625,515.625,835.9375,-54.6875,-734.375,695.3125,203.125,-929.6875,367.1875,484.375,-875.0,109.375,468.75,-773.4375,453.125
1775273,-140.625,515.625,835.9375,-54.6875,-734.375,695.3125,203.125,-929.6875,367.1875,484.375,-875.0,109.375,468.75,-773.4375,453.125
1775281,-140.625,515.625,843.75,-46.875,-734.375,703.125,210.9375,-929.6875,367.1875,468.75,-882.8125,101.5625,460.9375,-773.4375,453.125
1775281,-140.625,515.625,843.75,-46.875,-734.375,703.125,210.9375,-929.6875,367.1875,468.75,-882.8125,101.5625,460.9375,-773.4375,453.125
1775427,-132.8125,507.8125,843.75,-46.875,-742.1875,703.125,210.9375,-929.6875,367.1875,468.75,-875.0,85.9375,468.75,-773.4375,445.3125
1775427,-132.8125,507.8125,843.75,-46.875,-742.1875,703.125,210.9375,-929.6875,367.1875,468.75,-875.0,85.9375,468.75,-773.4375,445.3125
1775427,-140.625,507.8125,843.75,-54.6875,-742.1875,703.125,210.9375,-929.6875,367.1875,476.5625,-875.0,93.75,468.75,-781.25,437.5
1775427,-140.625,507.8125,843.75,-54.6875,-742.1875,703.125,210.9375,-929.6875,367.1875,476.5625,-875.0,93.75,468.75,-781.25,437.5
1775435,-132.8125,515.625,851.5625,-46.875,-742.1875,703.125,210.9375,-921.875,367.1875,484.375,-875.0,85.9375,468.75,-773.4375,445.3125
1775435,-132.8125,515.625,851.5625,-46.875,-742.1875,703.125,210.9375,-921.875,367.1875,484.375,-875.0,85.9375,468.75,-773.4375,445.3125
1775443,-132.8125,515.625,843.75,-46.875,-750.0,718.75,218.75,-929.6875,359.375,476.5625,-882.8125,85.9375,476.5625,-781.25,445.3125
1775443,-132.8125,515.625,843.75,-46.875,-750.0,718.75,218.75,-929.6875,359.375,476.5625,-882.8125,85.9375,476.5625,-781.25,445.3125
1775443,-140.625,515.625,859.375,-46.875,-742.1875,703.125,218.75,-929.6875,367.1875,468.75,-882.8125,93.75,468.75,-765.625,453.125
1775443,-140.625,515.625,859.375,-46.875,-742.1875,703.125,218.75,-929.6875,367.1875,468.75,-882.8125,93.75,468.75,-765.625,453.125
1775451,-140.625,515.625,851.5625,-46.875,-750.0,703.125,203.125,-921.875,375.0,476.5625,-882.8125,109.375,476.5625,-781.25,445.3125
1775451,-140.625,515.625,851.5625,-46.875,-750.0,703.125,203.125,-921.875,375.0,476.5625,-882.8125,109.375,476.5625,-781.25,445.3125
1775451,-140.625,515.625,851.5625,-54.6875,-742.1875,703.125,210.9375,-937.5,375.0,476.5625,-890.625,93.75,476.5625,-765.625,445.3125
1775451,-140.625,515.625,851.5625,-54.6875,-742.1875,703.125,210.9375,-937.5,375.0,476.5625,-890.625,93.75,476.5625,-765.625,445.3125
1775459,-132.8125,500.0,851.5625,-39.0625,-750.0,703.125,218.75,-921.875,375.0,476.5625,-882.8125,93.75,476.5625,-773.4375,445.3125
1775459,-132.8125,500.0,851.5625,-39.0625,-750.0,703.125,218.75,-921.875,375.0,476.5625,-882.8125,93.75,476.5625,-773.4375,445.3125
1775467,-140.625,515.625,851.5625,-46.875,-742.1875,710.9375,210.9375,-929.6875,359.375,468.75,-875.0,101.5625,476.5625,-773.4375,437.5
1775467,-140.625,515.625,851.5625,-46.875,-742.1875,710.9375,210.9375,-929.6875,359.375,468.75,-875.0,101.5625,476.5625,-773.4375,437.5
1775467,-132.8125,515.625,843.75,-46.875,-742.1875,718.75,210.9375,-921.875,375.0,476.5625,-882.8125,93.75,468.75,-765.625,437.5
1775467,-132.8125,515.625,843.75,-46.875,-742.1875,718.75,210.9375,-921.875,375.0,476.5625,-882.8125,93.75,468.75,-765.625,437.5
1775475,-132.8125,515.625,851.5625,-46.875,-742.1875,710.9375,218.75,-921.875,375.0,484.375,-875.0,101.5625,476.5625,-773.4375,437.5
1775475,-132.8125,515.625,851.5625,-46.875,-742.1875,710.9375,218.75,-921.875,375.0,484.375,-875.0,101.5625,476.5625,-773.4375,437.5
1775483,-132.8125,515.625,851.5625,-39.0625,-734.375,710.9375,226.5625,-921.875,367.1875,476.5625,-875.0,101.5625,476.5625,-773.4375,445.3125
1775483,-132.8125,515.625,851.5625,-39.0625,-734.375,710.9375,226.5625,-921.875,367.1875,476.5625,-875.0,101.5625,476.5625,-773.4375,445.3125
1775911,-117.1875,882.8125,804.6875,-39.0625,-812.5,953.125,335.9375,-1117.1875,640.625,726.5625,-1015.625,359.375,632.8125,-882.8125,679.6875
1775911,-117.1875,882.8125,804.6875,-39.0625,-812.5,953.125,335.9375,-1117.1875,640.625,726.5625,-1015.625,359.375,632.8125,-882.8125,679.6875
1775911,-132.8125,882.8125,789.0625,-31.25,-796.875,953.125,312.5,-1125.0,601.5625,671.875,-1007.8125,343.75,609.375,-890.625,671.875
1775911,-132.8125,882.8125,789.0625,-31.25,-796.875,953.125,312.5,-1125.0,601.5625,671.875,-1007.8125,343.75,609.375,-890.625,671.875
1775919,-156.25,898.4375,781.25,-31.25,-796.875,953.125,265.625,-1125.0,546.875,656.25,-1023.4375,296.875,562.5,-921.875,601.5625
1775919,-156.25,898.4375,781.25,-31.25,-796.875,953.125,265.625,-1125.0,546.875,656.25,-1023.4375,296.875,562.5,-921.875,601.5625
1775927,-179.6875,898.4375,781.25,-39.0625,-781.25,960.9375,242.1875,-1117.1875,507.8125,617.1875,-1015.625,257.8125,500.0,-898.4375,492.1875
1775927,-179.6875,898.4375,781.25,-39.0625,-781.25,960.9375,242.1875,-1117.1875,507.8125,617.1875,-1015.625,257.8125,500.0,-898.4375,492.1875
1776072,-648.4375,-85.9375,484.375,-492.1875,-718.75,296.875,-429.6875,-968.75,0.0,-78.125,-1078.125,-179.6875,-31.25,-1070.3125,132.8125
1776072,-648.4375,-85.9375,484.375,-492.1875,-718.75,296.875,-429.6875,-968.75,0.0,-78.125,-1078.125,-179.6875,-31.25,-1070.3125,132.8125
1776072,-640.625,-39.0625,460.9375,-492.1875,-804.6875,265.625,-460.9375,-812.5,54.6875,-117.1875,-1054.6875,-226.5625,-78.125,-1093.75,85.9375
1776072,-640.625,-39.0625,460.9375,-492.1875,-804.6875,265.625,-460.9375,-812.5,54.6875,-117.1875,-1054.6875,-226.5625,-78.125,-1093.75,85.9375
1776080,-640.625,15.625,421.875,-523.4375,-820.3125,265.625,-414.0625,-937.5,46.875,-140.625,-1039.0625,-242.1875,-101.5625,-1078.125,62.5
1776080,-640.625,15.625,421.875,-523.4375,-820.3125,265.625,-414.0625,-937.5,46.875,-140.625,-1039.0625,-242.1875,-101.5625,-1078.125,62.5
1776088,-664.0625,70.3125,390.625,-531.25,-828.125,250.0,-429.6875,-960.9375,39.0625,-125.0,-1007.8125,-234.375,-109.375,-1031.25,46.875
1776088,-664.0625,70.3125,390.625,-531.25,-828.125,250.0,-429.6875,-960.9375,39.0625,-125.0,-1007.8125,-234.375,-109.375,-1031.25,46.875
1776233,-460.9375,593.75,-414.0625,-54.6875,367.1875,820.3125,39.0625,156.25,820.3125,-31.25,-156.25,773.4375,-281.25,15.625,695.3125
1776233,-460.9375,593.75,-414.0625,-54.6875,367.1875,820.3125,39.0625,156.25,820.3125,-31.25,-156.25,773.4375,-281.25,15.625,695.3125
1776234,-453.125,695.3125,-460.9375,-23.4375,437.5,875.0,93.75,242.1875,882.8125,-7.8125,-78.125,835.9375,-257.8125,78.125,718.75
1776234,-453.125,695.3125,-460.9375,-23.4375,437.5,875.0,93.75,242.1875,882.8125,-7.8125,-78.125,835.9375,-257.8125,78.125,718.75
1776241,-453.125,812.5,-507.8125,0.0,507.8125,898.4375,148.4375,335.9375,953.125,15.625,-7.8125,921.875,-250.0,156.25,773.4375
1776241,-453.125,812.5,-507.8125,0.0,507.8125,898.4375,148.4375,335.9375,953.125,15.625,-7.8125,921.875,-250.0,156.25,773.4375
1776249,-445.3125,929.6875,-554.6875,7.8125,578.125,921.875,171.875,390.625,1015.625,23.4375,54.6875,1039.0625,-234.375,218.75,851.5625
1776249,-445.3125,929.6875,-554.6875,7.8125,578.125,921.875,171.875,390.625,1015.625,23.4375,54.6875,1039.0625,-234.375,218.75,851.5625
1776394,-562.5,718.75,148.4375,-62.5,-273.4375,984.375,101.5625,-523.4375,906.25,171.875,-843.75,679.6875,-257.8125,-695.3125,851.5625
1776394,-562.5,718.75,148.4375,-62.5,-273.4375,984.375,101.5625,-523.4375,906.25,171.875,-843.75,679.6875,-257.8125,-695.3125,851.5625
1776395,-578.125,710.9375,156.25,-93.75,-281.25,968.75,39.0625,-539.0625,859.375,140.625,-859.375,671.875,-242.1875,-703.125,835.9375
1776395,-578.125,710.9375,156.25,-93.75,-281.25,968.75,39.0625,-539.0625,859.375,140.625,-859.375,671.875,-242.1875,-703.125,835.9375
1776402,-609.375,710.9375,140.625,-93.75,-296.875,945.3125,39.0625,-554.6875,835.9375,140.625,-851.5625,640.625,-257.8125,-695.3125,812.5
1776402,-609.375,710.9375,140.625,-93.75,-296.875,945.3125,39.0625,-554.6875,835.9375,140.625,-851.5625,640.625,-257.8125,-695.3125,812.5
1776409,-640.625,726.5625,140.625,-93.75,-343.75,906.25,85.9375,-570.3125,820.3125,140.625,-828.125,625.0,-257.8125,-687.5,781.25
1776409,-640.625,726.5625,140.625,-93.75,-343.75,906.25,85.9375,-570.3125,820.3125,140.625,-828.125,625.0,-257.8125,-687.5,781.25
1776556,-460.9375,1851.5625,-414.0625,312.5,695.3125,1093.75,367.1875,500.0,1031.25,179.6875,171.875,1171.875,-195.3125,328.125,1023.4375
1776556,-460.9375,1851.5625,-414.0625,312.5,695.3125,1093.75,367.1875,500.0,1031.25,179.6875,171.875,1171.875,-195.3125,328.125,1023.4375
1776556,-507.8125,1601.5625,-437.5,289.0625,695.3125,1070.3125,351.5625,539.0625,1031.25,179.6875,140.625,1156.25,-218.75,289.0625,1031.25
1776556,-507.8125,1601.5625,-437.5,289.0625,695.3125,1070.3125,351.5625,539.0625,1031.25,179.6875,140.625,1156.25,-218.75,289.0625,1031.25
1776563,-515.625,1335.9375,-414.0625,273.4375,656.25,1070.3125,351.5625,476.5625,1031.25,210.9375,54.6875,1164.0625,-203.125,203.125,1117.1875
1776563,-515.625,1335.9375,-414.0625,273.4375,656.25,1070.3125,351.5625,476.5625,1031.25,210.9375,54.6875,1164.0625,-203.125,203.125,1117.1875
1776570,-515.625,1140.625,-429.6875,257.8125,570.3125,1062.5,359.375,359.375,1046.875,281.25,-62.5,1187.5,-70.3125,46.875,1375.0
1776570,-515.625,1140.625,-429.6875,257.8125,570.3125,1062.5,359.375,359.375,1046.875,281.25,-62.5,1187.5,-70.3125,46.875,1375.0
1776717,-648.4375,539.0625,320.3125,15.625,-562.5,898.4375,273.4375,-757.8125,835.9375,328.125,-843.75,656.25,-265.625,-718.75,734.375
1776717,-648.4375,539.0625,320.3125,15.625,-562.5,898.4375,273.4375,-757.8125,835.9375,328.125,-843.75,656.25,-265.625,-718.75,734.375
1776717,-656.25,687.5,257.8125,70.3125,-421.875,945.3125,250.0,-601.5625,812.5,296.875,-734.375,671.875,-226.5625,-578.125,750.0
1776717,-656.25,687.5,257.8125,70.3125,-421.875,945.3125,250.0,-601.5625,812.5,296.875,-734.375,671.875,-226.5625,-578.125,750.0
1776725,-671.875,796.875,195.3125,125.0,-273.4375,1000.0,250.0,-406.25,796.875,250.0,-593.75,703.125,-226.5625,-453.125,679.6875
1776725,-671.875,796.875,195.3125,125.0,-273.4375,1000.0,250.0,-406.25,796.875,250.0,-593.75,703.125,-226.5625,-453.125,679.6875
1776733,-687.5,835.9375,125.0,179.6875,-109.375,1031.25,328.125,-273.4375,851.5625,171.875,-414.0625,695.3125,-234.375,-296.875,617.1875
1776733,-687.5,835.9375,125.0,179.6875,-109.375,1031.25,328.125,-273.4375,851.5625,171.875,-414.0625,695.3125,-234.375,-296.875,617.1875
1776878,-750.0,398.4375,-257.8125,23.4375,195.3125,937.5,281.25,101.5625,1046.875,187.5,-203.125,1070.3125,-179.6875,31.25,1109.375
1776878,-750.0,398.4375,-257.8125,23.4375,195.3125,937.5,281.25,101.5625,1046.875,187.5,-203.125,1070.3125,-179.6875,31.25,1109.375
1776878,-718.75,460.9375,-195.3125,70.3125,132.8125,992.1875,289.0625,-85.9375,1015.625,257.8125,-375.0,1023.4375,-187.5,-140.625,1109.375
1776878,-718.75,460.9375,-195.3125,70.3125,132.8125,992.1875,289.0625,-85.9375,1015.625,257.8125,-375.0,1023.4375,-187.5,-140.625,1109.375
1776886,-632.8125,601.5625,-125.0,70.3125,109.375,976.5625,148.4375,-39.0625,859.375,132.8125,-414.0625,945.3125,-156.25,-171.875,1171.875
1776886,-632.8125,601.5625,-125.0,70.3125,109.375,976.5625,148.4375,-39.0625,859.375,132.8125,-414.0625,945.3125,-156.25,-171.875,1171.875
1776894,-601.5625,687.5,-85.9375,31.25,62.5,1000.0,156.25,-140.625,906.25,132.8125,-414.0625,906.25,-171.875,-203.125,984.375
1776894,-601.5625,687.5,-85.9375,31.25,62.5,1000.0,156.25,-140.625,906.25,132.8125,-414.0625,906.25,-171.875,-203.125,984.375
1777032,-625.0,726.5625,-234.375,148.4375,335.9375,992.1875,156.25,148.4375,867.1875,125.0,-179.6875,976.5625,-195.3125,85.9375,1015.625
1777032,-625.0,726.5625,-234.375,148.4375,335.9375,992.1875,156.25,148.4375,867.1875,125.0,-179.6875,976.5625,-195.3125,85.9375,1015.625
1777040,-562.5,632.8125,-265.625,148.4375,320.3125,984.375,328.125,203.125,976.5625,210.9375,-93.75,1101.5625,-78.125,39.0625,1132.8125
1777040,-562.5,632.8125,-265.625,148.4375,320.3125,984.375,328.125,203.125,976.5625,210.9375,-93.75,1101.5625,-78.125,39.0625,1132.8125
1777040,-570.3125,585.9375,-296.875,101.5625,257.8125,867.1875,429.6875,148.4375,1046.875,343.75,-93.75,1203.125,-62.5,125.0,1210.9375
1777040,-570.3125,585.9375,-296.875,101.5625,257.8125,867.1875,429.6875,148.4375,1046.875,343.75,-93.75,1203.125,-62.5,125.0,1210.9375
1777048,-570.3125,562.5,-312.5,140.625,359.375,929.6875,328.125,226.5625,1031.25,273.4375,-93.75,1195.3125,-85.9375,78.125,1273.4375
1777048,-570.3125,562.5,-312.5,140.625,359.375,929.6875,328.125,226.5625,1031.25,273.4375,-93.75,1195.3125,-85.9375,78.125,1273.4375
1777193,-734.375,648.4375,195.3125,-39.0625,-304.6875,929.6875,117.1875,-500.0,835.9375,78.125,-703.125,648.4375,-312.5,-562.5,671.875
1777193,-734.375,648.4375,195.3125,-39.0625,-304.6875,929.6875,117.1875,-500.0,835.9375,78.125,-703.125,648.4375,-312.5,-562.5,671.875
1777201,-750.0,632.8125,289.0625,-117.1875,-437.5,882.8125,140.625,-640.625,828.125,125.0,-804.6875,625.0,-343.75,-523.4375,585.9375
1777201,-750.0,632.8125,289.0625,-117.1875,-437.5,882.8125,140.625,-640.625,828.125,125.0,-804.6875,625.0,-343.75,-523.4375,585.9375
1777201,-835.9375,625.0,382.8125,-140.625,-648.4375,914.0625,39.0625,-820.3125,765.625,132.8125,-906.25,601.5625,-351.5625,-867.1875,648.4375
1777201,-835.9375,625.0,382.8125,-140.625,-648.4375,914.0625,39.0625,-820.3125,765.625,132.8125,-906.25,601.5625,-351.5625,-867.1875,648.4375
1777208,-789.0625,507.8125,460.9375,-203.125,-648.4375,898.4375,46.875,-882.8125,765.625,140.625,-1054.6875,507.8125,-320.3125,-960.9375,687.5
1777208,-789.0625,507.8125,460.9375,-203.125,-648.4375,898.4375,46.875,-882.8125,765.625,140.625,-1054.6875,507.8125,-320.3125,-960.9375,687.5
1777354,-429.6875,1078.125,-546.875,343.75,875.0,1039.0625,460.9375,828.125,1085.9375,171.875,531.25,1289.0625,7.8125,671.875,1156.25
1777354,-429.6875,1078.125,-546.875,343.75,875.0,1039.0625,460.9375,828.125,1085.9375,171.875,531.25,1289.0625,7.8125,671.875,1156.25
1777362,-453.125,1296.875,-710.9375,414.0625,1031.25,1085.9375,492.1875,945.3125,1117.1875,109.375,664.0625,1359.375,0.0,851.5625,1164.0625
1777362,-453.125,1296.875,-710.9375,414.0625,1031.25,1085.9375,492.1875,945.3125,1117.1875,109.375,664.0625,1359.375,0.0,851.5625,1164.0625
1777362,-523.4375,1398.4375,-804.6875,406.25,1085.9375,1054.6875,523.4375,1054.6875,1148.4375,140.625,796.875,1445.3125,-15.625,1000.0,1140.625
1777362,-523.4375,1398.4375,-804.6875,406.25,1085.9375,1054.6875,523.4375,1054.6875,1148.4375,140.625,796.875,1445.3125,-15.625,1000.0,1140.625
1777370,-531.25,1421.875,-875.0,468.75,1195.3125,1101.5625,507.8125,1125.0,1164.0625,117.1875,835.9375,1476.5625,0.0,1031.25,1218.75
1777370,-531.25,1421.875,-875.0,468.75,1195.3125,1101.5625,507.8125,1125.0,1164.0625,117.1875,835.9375,1476.5625,0.0,1031.25,1218.75
1777516,-796.875,593.75,437.5,-93.75,-632.8125,960.9375,164.0625,-804.6875,851.5625,203.125,-953.125,601.5625,-257.8125,-703.125,742.1875
1777516,-796.875,593.75,437.5,-93.75,-632.8125,960.9375,164.0625,-804.6875,851.5625,203.125,-953.125,601.5625,-257.8125,-703.125,742.1875
1777524,-773.4375,546.875,445.3125,-132.8125,-625.0,945.3125,132.8125,-820.3125,812.5,195.3125,-968.75,617.1875,-218.75,-804.6875,812.5
1777524,-773.4375,546.875,445.3125,-132.8125,-625.0,945.3125,132.8125,-820.3125,812.5,195.3125,-968.75,617.1875,-218.75,-804.6875,812.5
1777524,-757.8125,523.4375,414.0625,-164.0625,-593.75,929.6875,101.5625,-804.6875,812.5,171.875,-937.5,617.1875,-226.5625,-765.625,820.3125
1777524,-757.8125,523.4375,414.0625,-164.0625,-593.75,929.6875,101.5625,-804.6875,812.5,171.875,-937.5,617.1875,-226.5625,-765.625,820.3125
1777532,-789.0625,515.625,382.8125,-156.25,-554.6875,929.6875,93.75,-750.0,804.6875,164.0625,-914.0625,625.0,-250.0,-765.625,835.9375
1777532,-789.0625,515.625,382.8125,-156.25,-554.6875,929.6875,93.75,-750.0,804.6875,164.0625,-914.0625,625.0,-250.0,-765.625,835.9375
