1748974,-8351.875,-26643.75,9445.625
1748974,-8351.875,-26643.75,9445.625
1748984,-10285.625,-27413.75,12936.875
1748984,-10285.625,-27413.75,12936.875
1748995,-560.0,-29938.125,15491.875
1748995,-560.0,-29938.125,15491.875
1749005,1618.75,-34383.125,18716.25
1749005,1618.75,-34383.125,18716.25
1749015,-481.25,-36640.625,14665.0
1749015,-481.25,-36640.625,14665.0
1749026,-3941.875,-37541.875,13890.625
1749026,-3941.875,-37541.875,13890.625
1749035,6912.5,-38167.5,14494.375
1749035,6912.5,-38167.5,14494.375
1749046,3403.75,-36986.25,22111.25
1749046,3403.75,-36986.25,22111.25
1749056,6540.625,-43513.75,26123.125
1749056,6540.625,-43513.75,26123.125
1749067,5989.375,-47101.25,21240.625
1749067,5989.375,-47101.25,21240.625
1749078,-13098.75,-45465.0,20785.625
1749078,-13098.75,-45465.0,20785.625
1749087,-19993.75,-47560.625,14494.375
1749087,-19993.75,-47560.625,14494.375
1749098,-6545.0,-52465.0,8452.5
1749098,-6545.0,-52465.0,8452.5
1749108,4318.125,-50198.75,12565.0
1749108,4318.125,-50198.75,12565.0
1749119,-29176.875,-44848.125,24053.75
1749119,-29176.875,-44848.125,24053.75
1749129,-46353.125,-46558.75,46108.125
1749129,-46353.125,-46558.75,46108.125
1749139,-39475.625,-48781.25,55370.0
1749139,-39475.625,-48781.25,55370.0
1749149,-54954.375,-54206.25,53221.875
1749149,-54954.375,-54206.25,53221.875
1749160,-68320.0,-66106.25,56988.75
1749160,-68320.0,-66106.25,56988.75
1749170,-74134.375,-69339.375,51940.0
1749170,-74134.375,-69339.375,51940.0
1749180,-67221.875,-57041.25,46856.25
1749180,-67221.875,-57041.25,46856.25
1749191,-61131.875,-40551.875,49945.0
1749191,-61131.875,-40551.875,49945.0
1749201,-61171.25,-30200.625,50098.125
1749201,-61171.25,-30200.625,50098.125
1749211,-61407.5,-32576.25,51677.5
1749211,-61407.5,-32576.25,51677.5
1749222,-52836.875,-42109.375,52377.5
1749222,-52836.875,-42109.375,52377.5
1749232,-44905.0,-48151.25,50671.25
1749232,-44905.0,-48151.25,50671.25
1749242,-35800.625,-51043.125,50146.25
1749242,-35800.625,-51043.125,50146.25
1749253,-28140.0,-52465.0,51423.75
1749253,-28140.0,-52465.0,51423.75
1749263,-26705.0,-53882.5,48111.875
1749263,-26705.0,-53882.5,48111.875
1749274,-28739.375,-55619.375,49888.125
1749274,-28739.375,-55619.375,49888.125
1749283,-27641.25,-55146.875,51248.75
1749283,-27641.25,-55146.875,51248.75
1749294,-26617.5,-55864.375,53313.75
1749294,-26617.5,-55864.375,53313.75
1749304,-28726.25,-56336.875,57124.375
1749304,-28726.25,-56336.875,57124.375
1749315,-30673.125,-54223.75,63385.0
1749315,-30673.125,-54223.75,63385.0
1749325,-32423.125,-54184.375,70892.5
1749325,-32423.125,-54184.375,70892.5
1749335,-39265.625,-59145.625,76973.75
1749335,-39265.625,-59145.625,76973.75
1749346,-52955.0,-66845.625,83076.875
1749346,-52955.0,-66845.625,83076.875
1749356,-63498.75,-75770.625,85133.125
1749356,-63498.75,-75770.625,85133.125
1749366,-64855.0,-77826.875,81786.25
1749366,-64855.0,-77826.875,81786.25
1749376,-62190.625,-62387.5,77411.25
1749376,-62190.625,-62387.5,77411.25
1749387,-67585.0,-31758.125,74821.25
1749387,-67585.0,-31758.125,74821.25
1749397,-77459.375,-14266.875,78115.625
1749397,-77459.375,-14266.875,78115.625
1749407,-86515.625,-13212.5,85076.25
1749407,-86515.625,-13212.5,85076.25
1749418,-92995.0,-21993.125,84787.5
1749418,-92995.0,-21993.125,84787.5
1749428,-97339.375,-33306.875,87040.625
1749428,-97339.375,-33306.875,87040.625
1749438,-99763.125,-41540.625,91385.0
1749438,-99763.125,-41540.625,91385.0
1749449,-99723.75,-46523.75,92614.375
1749449,-99723.75,-46523.75,92614.375
1749459,-100931.25,-56192.5,95821.25
1749459,-100931.25,-56192.5,95821.25
1749470,-103980.625,-67423.125,96796.875
1749470,-103980.625,-67423.125,96796.875
1749479,-105301.875,-71815.625,99325.625
1749479,-105301.875,-71815.625,99325.625
1749490,-104715.625,-71719.375,101115.0
1749490,-104715.625,-71719.375,101115.0
1749500,-105411.25,-69623.75,103433.75
1749500,-105411.25,-69623.75,103433.75
1749510,-104256.25,-66040.625,107353.75
1749510,-104256.25,-66040.625,107353.75
1749521,-92452.5,-63393.75,109733.75
1749521,-92452.5,-63393.75,109733.75
1749531,-76400.625,-57295.0,104203.75
1749531,-76400.625,-57295.0,104203.75
1749542,-70096.25,-46340.0,88760.0
1749542,-70096.25,-46340.0,88760.0
1749552,-52705.625,-30751.875,73066.875
1749552,-52705.625,-30751.875,73066.875
1749562,-26985.0,-16708.125,57570.625
1749562,-26985.0,-16708.125,57570.625
1749571,-14918.75,-8194.375,37095.625
1749571,-14918.75,-8194.375,37095.625
1749583,9261.875,5661.25,6339.375
1749583,9261.875,5661.25,6339.375
1749593,34969.375,30183.125,-16261.875
1749593,34969.375,30183.125,-16261.875
1749603,36881.25,41461.875,-36404.375
1749603,36881.25,41461.875,-36404.375
1749614,37699.375,53563.125,-51209.375
1749614,37699.375,53563.125,-51209.375
1749624,37778.125,63183.75,-56332.5
1749624,37778.125,63183.75,-56332.5
1749634,27496.875,62890.625,-50763.125
1749634,27496.875,62890.625,-50763.125
1749645,14660.625,58419.375,-40193.125
1749645,14660.625,58419.375,-40193.125
1749655,-8903.125,42647.5,-25383.75
1749655,-8903.125,42647.5,-25383.75
1749665,-33530.0,20243.125,-6195.0
1749665,-33530.0,20243.125,-6195.0
1749675,-45714.375,3259.375,9016.875
1749675,-45714.375,3259.375,9016.875
1749686,-56468.125,-5748.75,21538.125
1749686,-56468.125,-5748.75,21538.125
1749695,-63564.375,-16121.875,30480.625
1749695,-63564.375,-16121.875,30480.625
1749706,-64373.75,-25370.625,32414.375
1749706,-64373.75,-25370.625,32414.375
1749717,-59408.125,-30948.75,29684.375
1749717,-59408.125,-30948.75,29684.375
1749727,-51708.125,-29890.0,24163.125
1749727,-51708.125,-29890.0,24163.125
1749737,-48925.625,-25812.5,17574.375
1749737,-48925.625,-25812.5,17574.375
1749748,-53379.375,-26026.875,11130.0
1749748,-53379.375,-26026.875,11130.0
1749758,-59946.25,-25978.75,5621.875
1749758,-59946.25,-25978.75,5621.875
1749768,-83256.25,-13251.875,-2730.0
1749768,-83256.25,-13251.875,-2730.0
1749778,-112783.125,10263.75,10504.375
1749778,-112783.125,10263.75,10504.375
1749789,-77087.5,8246.875,11650.625
1749789,-77087.5,8246.875,11650.625
1749799,-55833.75,730.625,3587.5
1749799,-55833.75,730.625,3587.5
1749810,-70301.875,7616.875,12748.75
1749810,-70301.875,7616.875,12748.75
1749820,-78255.625,7533.75,24521.875
1749820,-78255.625,7533.75,24521.875
1749830,-82630.625,-3486.875,32690.0
1749830,-82630.625,-3486.875,32690.0
1749841,-97094.375,-1898.75,36553.125
1749841,-97094.375,-1898.75,36553.125
1749851,-106802.5,2856.875,41912.5
1749851,-106802.5,2856.875,41912.5
1749861,-107082.5,7910.0,43579.375
1749861,-107082.5,7910.0,43579.375
1749872,-104488.125,20273.75,44323.125
1749872,-104488.125,20273.75,44323.125
1749882,-99408.75,31841.25,41702.5
1749882,-99408.75,31841.25,41702.5
1749892,-91756.875,34286.875,37581.25
1749892,-91756.875,34286.875,37581.25
1749903,-84214.375,41689.375,24290.0
1749903,-84214.375,41689.375,24290.0
1749913,-70148.75,49783.125,13208.125
1749913,-70148.75,49783.125,13208.125
1749923,-51996.875,53655.0,-879.375
1749923,-51996.875,53655.0,-879.375
1749934,-34706.875,56678.125,-10710.0
1749934,-34706.875,56678.125,-10710.0
1749944,-18886.875,54613.125,-16730.0
1749944,-18886.875,54613.125,-16730.0
1749954,-5223.75,53545.625,-18716.25
1749954,-5223.75,53545.625,-18716.25
1749965,-1032.5,52963.75,-17206.875
1749965,-1032.5,52963.75,-17206.875
1749975,-3902.5,47188.75,-14441.875
1749975,-3902.5,47188.75,-14441.875
1749985,-2975.0,42516.25,-10780.0
1749985,-2975.0,42516.25,-10780.0
1749995,573.125,36421.875,-2747.5
1749995,573.125,36421.875,-2747.5
1750006,-4086.25,28166.25,5718.125
1750006,-4086.25,28166.25,5718.125
1750016,-19140.625,20383.125,10924.375
1750016,-19140.625,20383.125,10924.375
1750026,-29855.0,16725.625,8347.5
1750026,-29855.0,16725.625,8347.5
1750036,-30196.25,22890.0,5761.875
1750036,-30196.25,22890.0,5761.875
1750047,-22391.25,33403.125,2861.25
1750047,-22391.25,33403.125,2861.25
1750057,-16476.25,42787.5,-1343.125
1750057,-16476.25,42787.5,-1343.125
1750068,-9961.875,45010.0,-2795.625
1750068,-9961.875,45010.0,-2795.625
1750078,2454.375,36010.625,-2721.25
1750078,2454.375,36010.625,-2721.25
1750088,10460.625,19123.125,-1028.125
1750088,10460.625,19123.125,-1028.125
1750099,9603.125,-660.625,5206.25
1750099,9603.125,-660.625,5206.25
1750109,8526.875,-17456.25,11921.875
1750109,8526.875,-17456.25,11921.875
1750119,10587.5,-26425.0,14533.75
1750119,10587.5,-26425.0,14533.75
1750130,9935.625,-30800.0,14131.25
1750130,9935.625,-30800.0,14131.25
1750140,3469.375,-33372.5,12355.0
1750140,3469.375,-33372.5,12355.0
1750150,-7901.25,-28428.75,11926.25
1750150,-7901.25,-28428.75,11926.25
1750161,-24014.375,-15400.0,10237.5
1750161,-24014.375,-15400.0,10237.5
1750171,-42315.0,-9660.0,9913.75
1750171,-42315.0,-9660.0,9913.75
1750181,-53427.5,-1745.625,7463.75
1750181,-53427.5,-1745.625,7463.75
1750191,-55763.75,835.625,7581.875
1750191,-55763.75,835.625,7581.875
1750202,-57614.375,6317.5,5810.0
1750202,-57614.375,6317.5,5810.0
1750212,-42608.125,2222.5,275.625
1750212,-42608.125,2222.5,275.625
1750222,-19031.25,6435.625,-11939.375
1750222,-19031.25,6435.625,-11939.375
1750233,-4716.25,21122.5,-12687.5
1750233,-4716.25,21122.5,-12687.5
1750242,18987.5,25742.5,-16248.75
1750242,18987.5,25742.5,-16248.75
1750253,23340.625,23450.0,-22334.375
1750253,23340.625,23450.0,-22334.375
1750264,8767.5,19796.875,-17596.25
1750264,8767.5,19796.875,-17596.25
1750274,5901.875,26040.0,-13549.375
1750274,5901.875,26040.0,-13549.375
1750285,6724.375,31968.125,-11038.125
1750285,6724.375,31968.125,-11038.125
1750295,-2804.375,29885.625,-3403.75
1750295,-2804.375,29885.625,-3403.75
1750305,-6002.5,24784.375,4633.125
1750305,-6002.5,24784.375,4633.125
1750315,4563.125,13610.625,13645.625
1750315,4563.125,13610.625,13645.625
1750326,11733.75,-2397.5,21695.625
1750326,11733.75,-2397.5,21695.625
1750335,4926.25,-15194.375,28428.75
1750335,4926.25,-15194.375,28428.75
1750346,-2865.625,-11396.875,28328.125
1750346,-2865.625,-11396.875,28328.125
1750357,-3933.125,-643.125,25878.125
1750357,-3933.125,-643.125,25878.125
1750367,-2292.5,5398.75,20951.875
1750367,-2292.5,5398.75,20951.875
1750376,-7761.25,15417.5,16187.5
1750376,-7761.25,15417.5,16187.5
1750387,-1925.0,13186.25,14166.25
1750387,-1925.0,13186.25,14166.25
1750398,14218.75,3946.25,9380.0
1750398,14218.75,3946.25,9380.0
1750408,8190.0,1780.625,10220.0
1750408,8190.0,1780.625,10220.0
1750418,7966.875,-7800.625,13234.375
1750418,7966.875,-7800.625,13234.375
1750429,17106.25,-15610.0,12223.75
1750429,17106.25,-15610.0,12223.75
1750439,13072.5,-20628.125,13540.625
1750439,13072.5,-20628.125,13540.625
1750449,4217.5,-21542.5,11781.875
1750449,4217.5,-21542.5,11781.875
1750460,-3447.5,-16506.875,7297.5
1750460,-3447.5,-16506.875,7297.5
1750470,-12250.0,-7271.25,3136.875
1750470,-12250.0,-7271.25,3136.875
1750480,-16922.5,-1093.75,1001.875
1750480,-16922.5,-1093.75,1001.875
1750491,-17976.875,4051.25,-5980.625
1750491,-17976.875,4051.25,-5980.625
1750501,-29347.5,21105.0,-4856.25
1750501,-29347.5,21105.0,-4856.25
1750511,-22299.375,16712.5,-6855.625
1750511,-22299.375,16712.5,-6855.625
1750522,-22540.0,13501.25,-11528.125
1750522,-22540.0,13501.25,-11528.125
1750532,-26372.5,17158.75,-7428.75
1750532,-26372.5,17158.75,-7428.75
1750542,-16935.625,21367.5,-10491.25
1750542,-16935.625,21367.5,-10491.25
1750553,-6986.875,21993.125,-10653.125
1750553,-6986.875,21993.125,-10653.125
1750563,-1640.625,27741.875,-11650.625
1750563,-1640.625,27741.875,-11650.625
1750573,5228.125,20921.25,-9712.5
1750573,5228.125,20921.25,-9712.5
1750584,10408.125,22806.875,-7581.875
1750584,10408.125,22806.875,-7581.875
1750594,6593.125,23030.0,-5503.75
1750594,6593.125,23030.0,-5503.75
1750604,-113.75,19678.75,-3959.375
1750604,-113.75,19678.75,-3959.375
1750614,-4576.25,21901.25,-630.0
1750614,-4576.25,21901.25,-630.0
1750625,-1242.5,25900.0,4672.5
1750625,-1242.5,25900.0,4672.5
1750635,726.25,26306.875,7573.125
1750635,726.25,26306.875,7573.125
1750645,-3661.875,22561.875,14118.125
1750645,-3661.875,22561.875,14118.125
1750656,-2441.25,13208.125,22487.5
1750656,-2441.25,13208.125,22487.5
1750666,8430.625,-2725.625,29229.375
1750666,8430.625,-2725.625,29229.375
1750677,10255.0,-14446.25,31517.5
1750677,10255.0,-14446.25,31517.5
1750687,-6348.125,-14341.25,31666.25
1750687,-6348.125,-14341.25,31666.25
1750697,-17806.25,-7813.75,30795.625
1750697,-17806.25,-7813.75,30795.625
1750708,-18751.25,1461.25,26075.0
1750708,-18751.25,1461.25,26075.0
1750718,-22260.0,5258.75,21538.125
1750718,-22260.0,5258.75,21538.125
1750728,-16301.25,791.875,17920.0
1750728,-16301.25,791.875,17920.0
1750738,-3622.5,-2034.375,13860.0
1750738,-3622.5,-2034.375,13860.0
1750749,3403.75,-2664.375,10933.125
1750749,3403.75,-2664.375,10933.125
1750759,11935.0,-7520.625,9135.0
1750759,11935.0,-7520.625,9135.0
1750769,19600.0,-14157.5,6741.875
1750769,19600.0,-14157.5,6741.875
1750780,16935.625,-17399.375,6943.125
1750780,16935.625,-17399.375,6943.125
1750789,13895.0,-23568.125,7975.625
1750789,13895.0,-23568.125,7975.625
1750800,14861.875,-27015.625,5355.0
1750800,14861.875,-27015.625,5355.0
1750810,8509.375,-22596.875,3215.625
1750810,8509.375,-22596.875,3215.625
1750821,-336.875,-14590.625,778.75
1750821,-336.875,-14590.625,778.75
1750832,-3618.125,-6982.5,-3421.25
1750832,-3618.125,-6982.5,-3421.25
1750841,-2677.5,-1911.875,-7704.375
1750841,-2677.5,-1911.875,-7704.375
1750852,-10058.125,7546.875,-10049.375
1750852,-10058.125,7546.875,-10049.375
1750862,-6046.25,6916.875,-8071.875
1750862,-6046.25,6916.875,-8071.875
1750873,415.625,5665.625,-15859.375
1750873,415.625,5665.625,-15859.375
1750883,-16546.25,12442.5,-7297.5
1750883,-16546.25,12442.5,-7297.5
1750893,-6737.5,5293.75,-9800.0
1750893,-6737.5,5293.75,-9800.0
1750903,-783.125,3723.125,-11379.375
1750903,-783.125,3723.125,-11379.375
1750914,-3718.75,7581.875,-7796.25
1750914,-3718.75,7581.875,-7796.25
1750923,1321.25,9358.125,-8102.5
1750923,1321.25,9358.125,-8102.5
1750934,7643.125,8435.0,-7201.25
1750934,7643.125,8435.0,-7201.25
1750945,7809.375,6702.5,-4650.625
1750945,7809.375,6702.5,-4650.625
1750955,4108.125,6593.125,-476.875
1750955,4108.125,6593.125,-476.875
1750965,5420.625,3955.0,3465.0
1750965,5420.625,3955.0,3465.0
1750976,5101.25,2261.875,4746.875
1750976,5101.25,2261.875,4746.875
1750986,-2178.75,3132.5,8680.0
1750986,-2178.75,3132.5,8680.0
1750996,-2060.625,5398.75,11576.25
1750996,-2060.625,5398.75,11576.25
1751007,5088.125,2786.875,13024.375
1751007,5088.125,2786.875,13024.375
1751017,10788.75,-3395.0,16152.5
1751017,10788.75,-3395.0,16152.5
1751028,11313.75,-5980.625,17368.75
1751028,11313.75,-5980.625,17368.75
1751037,8330.0,-8286.25,19040.0
1751037,8330.0,-8286.25,19040.0
1751048,7901.25,-7004.375,19040.0
1751048,7901.25,-7004.375,19040.0
1751058,-1548.75,-118.125,15898.75
1751058,-1548.75,-118.125,15898.75
1751068,-7599.375,-415.625,15281.875
1751068,-7599.375,-415.625,15281.875
1751078,1321.25,-1662.5,11060.0
1751078,1321.25,-1662.5,11060.0
1751089,-778.75,791.875,9878.75
1751089,-778.75,791.875,9878.75
1751100,-2808.75,-5718.125,10850.0
1751100,-2808.75,-5718.125,10850.0
1751110,691.25,-13221.25,8461.25
1751110,691.25,-13221.25,8461.25
1751120,-1360.625,-17364.375,9358.125
1751120,-1360.625,-17364.375,9358.125
1751130,-2909.375,-20825.0,9012.5
1751130,-2909.375,-20825.0,9012.5
1751141,-5775.0,-25956.875,8006.25
1751141,-5775.0,-25956.875,8006.25
1751151,-8596.875,-31596.25,6282.5
1751151,-8596.875,-31596.25,6282.5
1751161,-13195.0,-26416.25,1806.875
1751161,-13195.0,-26416.25,1806.875
1751172,-18598.125,-17670.625,-1968.75
1751172,-18598.125,-17670.625,-1968.75
1751182,-12923.75,-11278.75,-9905.0
1751182,-12923.75,-11278.75,-9905.0
1751192,-13671.875,2865.625,-14402.5
1751192,-13671.875,2865.625,-14402.5
1751203,-3320.625,8133.125,-14761.25
1751203,-3320.625,8133.125,-14761.25
1751213,809.375,11843.125,-24443.125
1751213,809.375,11843.125,-24443.125
1751223,-20081.25,19127.5,-13698.125
1751223,-20081.25,19127.5,-13698.125
1751234,-12451.25,10045.0,-16051.875
1751234,-12451.25,10045.0,-16051.875
1751244,-13208.125,7087.5,-15841.875
1751244,-13208.125,7087.5,-15841.875
1751254,-18676.875,10158.75,-9187.5
1751254,-18676.875,10158.75,-9187.5
1751264,-5066.25,7140.0,-9572.5
1751264,-5066.25,7140.0,-9572.5
1751275,3784.375,6510.0,-8741.25
1751275,3784.375,6510.0,-8741.25
1751285,3202.5,7980.0,-5188.75
1751285,3202.5,7980.0,-5188.75
1751295,7420.0,3395.0,-5201.875
1751295,7420.0,3395.0,-5201.875
1751306,6606.25,2025.625,-1146.25
1751306,6606.25,2025.625,-1146.25
1751316,8242.5,-450.625,3027.5
1751316,8242.5,-450.625,3027.5
1751326,10058.125,-6195.0,4738.125
1751326,10058.125,-6195.0,4738.125
1751337,8063.125,-10963.75,9419.375
1751337,8063.125,-10963.75,9419.375
1751347,11064.375,-13636.875,12328.75
1751347,11064.375,-13636.875,12328.75
1751357,12158.125,-15986.25,13978.125
1751357,12158.125,-15986.25,13978.125
1751368,8990.625,-17211.25,17005.625
1751368,8990.625,-17211.25,17005.625
1751378,6562.5,-17171.875,18585.0
1751378,6562.5,-17171.875,18585.0
1751387,2209.375,-17014.375,20151.25
1751387,2209.375,-17014.375,20151.25
1751399,-3128.125,-17377.5,21599.375
1751399,-3128.125,-17377.5,21599.375
1751409,-6820.625,-17443.125,21175.0
1751409,-6820.625,-17443.125,21175.0
1751419,-9800.0,-16743.125,20387.5
1751419,-9800.0,-16743.125,20387.5
1751429,-10810.625,-14866.25,18466.875
1751429,-10810.625,-14866.25,18466.875
1751440,-11370.625,-12096.875,14848.75
1751440,-11370.625,-12096.875,14848.75
1751450,-12858.125,-9668.75,10976.875
1751450,-12858.125,-9668.75,10976.875
1751461,-12893.125,-6221.25,6693.75
1751461,-12893.125,-6221.25,6693.75
1751471,-10062.5,-2108.75,691.25
1751471,-10062.5,-2108.75,691.25
1751481,-7350.0,1666.875,-5473.125
1751481,-7350.0,1666.875,-5473.125
1751492,-4668.125,5372.5,-10373.125
1751492,-4668.125,5372.5,-10373.125
1751502,-1426.25,9126.25,-13916.875
1751502,-1426.25,9126.25,-13916.875
1751512,262.5,10504.375,-16078.125
1751512,262.5,10504.375,-16078.125
1751522,4.375,9541.875,-16966.25
1751522,4.375,9541.875,-16966.25
1751533,-4.375,9231.25,-17010.0
1751533,-4.375,9231.25,-17010.0
1751543,1404.375,9130.625,-16686.25
1751543,1404.375,9130.625,-16686.25
1751553,1925.0,9603.125,-16703.75
1751553,1925.0,9603.125,-16703.75
1751563,1583.75,8951.25,-15785.0
1751563,1583.75,8951.25,-15785.0
1751575,2393.125,7962.5,-14411.25
1751575,2393.125,7962.5,-14411.25
1751584,2568.125,6903.75,-12958.75
1751584,2568.125,6903.75,-12958.75
1751595,971.25,5180.0,-11235.0
1751595,971.25,5180.0,-11235.0
1751605,210.0,4029.375,-9034.375
1751605,210.0,4029.375,-9034.375
1751615,1067.5,3513.125,-7586.25
1751615,1067.5,3513.125,-7586.25
1751626,787.5,1771.875,-6431.25
1751626,787.5,1771.875,-6431.25
1751636,-61.25,-100.625,-5193.125
1751636,-61.25,-100.625,-5193.125
1751646,376.25,-319.375,-4160.625
1751646,376.25,-319.375,-4160.625
1751657,446.25,-1605.625,-3281.25
1751657,446.25,-1605.625,-3281.25
1751667,175.0,-2323.125,-1903.125
1751667,175.0,-2323.125,-1903.125
1751677,923.125,-936.25,-870.625
1751677,923.125,-936.25,-870.625
1751688,1583.75,1054.375,-708.75
1751688,1583.75,1054.375,-708.75
1751698,1343.125,2493.75,-1115.625
1751698,1343.125,2493.75,-1115.625
1751708,-3456.25,6413.75,586.25
1751708,-3456.25,6413.75,586.25
1751719,-13619.375,10206.875,4116.875
1751719,-13619.375,10206.875,4116.875
1751729,-27978.125,6825.0,8701.875
1751729,-27978.125,6825.0,8701.875
1751739,-36828.75,1168.125,14468.125
1751739,-36828.75,1168.125,14468.125
1751749,-39685.625,568.75,18978.75
1751749,-39685.625,568.75,18978.75
1751760,-40153.75,612.5,18856.25
1751760,-40153.75,612.5,18856.25
1751769,-38066.875,4038.125,16931.25
1751769,-38066.875,4038.125,16931.25
1751779,-31062.5,9401.875,13387.5
1751779,-31062.5,9401.875,13387.5
1751791,-20715.625,15964.375,8141.875
1751791,-20715.625,15964.375,8141.875
1751801,-8933.75,22452.5,1614.375
1751801,-8933.75,22452.5,1614.375
1751810,525.0,28682.5,-3990.0
1751810,525.0,28682.5,-3990.0
1751822,8610.0,30804.375,-7210.0
1751822,8610.0,30804.375,-7210.0
1751832,16756.25,30375.625,-8863.75
1751832,16756.25,30375.625,-8863.75
1751842,22933.75,30244.375,-9471.875
1751842,22933.75,30244.375,-9471.875
1751853,26595.625,29977.5,-9012.5
1751853,26595.625,29977.5,-9012.5
1751863,29452.5,28052.5,-7848.75
1751863,29452.5,28052.5,-7848.75
1751873,32344.375,24889.375,-6912.5
1751873,32344.375,24889.375,-6912.5
1751884,33971.875,21065.625,-6260.625
1751884,33971.875,21065.625,-6260.625
1751894,37244.375,16870.0,-4536.875
1751894,37244.375,16870.0,-4536.875
1751904,44086.875,12035.625,-3246.25
1751904,44086.875,12035.625,-3246.25
1751914,51091.25,4108.125,-2043.125
1751914,51091.25,4108.125,-2043.125
1751925,56017.5,-10600.625,1198.75
1751925,56017.5,-10600.625,1198.75
1751935,62545.0,-26604.375,-8.75
1751935,62545.0,-26604.375,-8.75
1751945,71054.375,-37983.75,-5013.75
1751945,71054.375,-37983.75,-5013.75
1751956,76094.375,-48781.25,-12271.875
1751956,76094.375,-48781.25,-12271.875
1751966,79905.0,-57439.375,-21043.75
1751966,79905.0,-57439.375,-21043.75
1751976,87351.25,-60007.5,-31364.375
1751976,87351.25,-60007.5,-31364.375
1751987,103324.375,-56625.625,-47031.25
1751987,103324.375,-56625.625,-47031.25
1751996,120194.375,-40586.875,-66823.75
1751996,120194.375,-40586.875,-66823.75
1752007,133774.375,-24237.5,-85942.5
1752007,133774.375,-24237.5,-85942.5
1752018,138219.375,-7433.125,-115093.125
1752018,138219.375,-7433.125,-115093.125
1752028,130655.0,-2279.375,-136123.75
1752028,130655.0,-2279.375,-136123.75
1752039,129893.75,-14704.375,-143355.625
1752039,129893.75,-14704.375,-143355.625
1752049,124985.0,-13076.875,-143355.625
1752049,124985.0,-13076.875,-143355.625
