1765777,-21.875,-21.875,-39.375
1765777,-21.875,-21.875,-39.375
1765788,-43.75,-8.75,-30.625
1765788,-43.75,-8.75,-30.625
1765859,13.125,-17.5,-78.75
1765859,13.125,-17.5,-78.75
1765869,43.75,-30.625,-87.5
1765869,43.75,-30.625,-87.5
1766020,-30.625,-17.5,0.0
1766020,-30.625,-17.5,0.0
1766030,13.125,-30.625,-4.375
1766030,13.125,-30.625,-4.375
1766182,118.125,-74.375,-43.75
1766182,118.125,-74.375,-43.75
1766192,113.75,-70.0,-43.75
1766192,113.75,-70.0,-43.75
1766343,192.5,-87.5,-157.5
1766343,192.5,-87.5,-157.5
1766353,144.375,-65.625,-105.0
1766353,144.375,-65.625,-105.0
1766505,-17.5,-35.0,-83.125
1766505,-17.5,-35.0,-83.125
1766515,0.0,-35.0,-83.125
1766515,0.0,-35.0,-83.125
1766586,-13.125,-17.5,-118.125
1766586,-13.125,-17.5,-118.125
1766595,48.125,-35.0,-157.5
1766595,48.125,-35.0,-157.5
1766666,-13.125,4.375,-87.5
1766666,-13.125,4.375,-87.5
1766676,13.125,-8.75,-157.5
1766676,13.125,-8.75,-157.5
1766828,140.0,-140.0,-468.125
1766828,140.0,-140.0,-468.125
1766838,144.375,-105.0,-490.0
1766838,144.375,-105.0,-490.0
1766989,-179.375,-1242.5,74.375
1766989,-179.375,-1242.5,74.375
1766999,-507.5,-1767.5,-144.375
1766999,-507.5,-1767.5,-144.375
1767151,-4060.0,831.25,-83.125
1767151,-4060.0,831.25,-83.125
1767161,-4326.875,153.125,-358.75
1767161,-4326.875,153.125,-358.75
1767231,-6020.0,1128.75,1601.25
1767231,-6020.0,1128.75,1601.25
1767241,-6820.625,1238.125,1220.625
1767241,-6820.625,1238.125,1220.625
1767393,4261.25,-8093.75,-24705.625
1767393,4261.25,-8093.75,-24705.625
1767403,6142.5,-4799.375,-26713.75
1767403,6142.5,-4799.375,-26713.75
1767554,-22312.5,-10526.25,931.875
1767554,-22312.5,-10526.25,931.875
1767565,-21538.125,-9585.625,809.375
1767565,-21538.125,-9585.625,809.375
1767716,-6238.75,1964.375,5683.125
1767716,-6238.75,1964.375,5683.125
1767726,-5346.25,2725.625,4620.0
1767726,-5346.25,2725.625,4620.0
1767877,2686.25,-5569.375,6545.0
1767877,2686.25,-5569.375,6545.0
1767888,1855.0,-5534.375,7608.125
1767888,1855.0,-5534.375,7608.125
1768029,-4383.75,7402.5,-2270.625
1768029,-4383.75,7402.5,-2270.625
1768039,-2773.75,7485.625,-3421.25
1768039,-2773.75,7485.625,-3421.25
1768049,-1421.875,6820.625,-4186.875
1768049,-1421.875,6820.625,-4186.875
1768190,4326.875,-7870.625,5543.125
1768190,4326.875,-7870.625,5543.125
1768201,2944.375,-8452.5,6606.25
1768201,2944.375,-8452.5,6606.25
1768352,-7660.625,7288.75,-1623.125
1768352,-7660.625,7288.75,-1623.125
1768362,-6912.5,7078.75,-2922.5
1768362,-6912.5,7078.75,-2922.5
1768513,7726.25,-7682.5,3823.75
1768513,7726.25,-7682.5,3823.75
1768523,5131.875,-9213.75,5048.75
1768523,5131.875,-9213.75,5048.75
