1756635,0.0,-39.375,100.625
1756635,0.0,-39.375,100.625
1756645,43.75,-48.125,135.625
1756645,43.75,-48.125,135.625
1756796,-122.5,-8.75,140.0
1756796,-122.5,-8.75,140.0
1756807,-113.75,0.0,118.125
1756807,-113.75,0.0,118.125
1756958,-17.5,-17.5,-26.25
1756958,-17.5,-17.5,-26.25
1756968,-52.5,-17.5,-17.5
1756968,-52.5,-17.5,-17.5
1757119,-4.375,-13.125,-52.5
1757119,-4.375,-13.125,-52.5
1757130,17.5,-13.125,-35.0
1757130,17.5,-13.125,-35.0
1757281,-17.5,-17.5,4.375
1757281,-17.5,-17.5,4.375
1757291,0.0,-17.5,0.0
1757291,0.0,-17.5,0.0
1757442,0.0,8.75,-13.125
1757442,0.0,8.75,-13.125
1757452,-13.125,13.125,-35.0
1757452,-13.125,13.125,-35.0
1757604,61.25,-21.875,-13.125
1757604,61.25,-21.875,-13.125
1757613,26.25,-30.625,-4.375
1757613,26.25,-30.625,-4.375
1757765,-52.5,-21.875,-13.125
1757765,-52.5,-21.875,-13.125
1757776,-56.875,-21.875,0.0
1757776,-56.875,-21.875,0.0
1757846,-17.5,-4.375,-56.875
1757846,-17.5,-4.375,-56.875
1757856,0.0,-8.75,-70.0
1757856,0.0,-8.75,-70.0
1758007,-21.875,-8.75,-26.25
1758007,-21.875,-8.75,-26.25
1758018,-30.625,-8.75,-26.25
1758018,-30.625,-8.75,-26.25
1758169,-48.125,13.125,-118.125
1758169,-48.125,13.125,-118.125
1758179,-52.5,0.0,-100.625
1758179,-52.5,0.0,-100.625
1758331,-459.375,-175.0,1439.375
1758331,-459.375,-175.0,1439.375
1758341,-590.625,-236.25,1951.25
1758341,-590.625,-236.25,1951.25
1758411,-3338.125,-1220.625,6636.875
1758411,-3338.125,-1220.625,6636.875
1758422,-5289.375,-3268.125,5801.25
1758422,-5289.375,-3268.125,5801.25
1758573,-9633.75,2686.25,-27768.125
1758573,-9633.75,2686.25,-27768.125
1758583,-12757.5,3272.5,-25930.625
1758583,-12757.5,3272.5,-25930.625
1758734,-901.25,-5337.5,5849.375
1758734,-901.25,-5337.5,5849.375
1758744,-3381.875,-4195.625,8426.25
1758744,-3381.875,-4195.625,8426.25
1758896,2415.0,3176.25,783.125
1758896,2415.0,3176.25,783.125
1758906,3780.0,1605.625,205.625
1758906,3780.0,1605.625,205.625
1758976,7958.125,-8238.125,4410.0
1758976,7958.125,-8238.125,4410.0
1758986,14770.0,-8041.25,-678.125
1758986,14770.0,-8041.25,-678.125
1759138,-2681.875,7704.375,-6072.5
1759138,-2681.875,7704.375,-6072.5
1759148,-5075.0,8684.375,-5525.625
1759148,-5075.0,8684.375,-5525.625
1759299,10163.125,-7323.75,-35.0
1759299,10163.125,-7323.75,-35.0
1759309,12490.625,-7787.5,-1395.625
1759309,12490.625,-7787.5,-1395.625
1759461,-4921.875,7301.875,-3259.375
1759461,-4921.875,7301.875,-3259.375
1759471,-6951.875,8964.375,-2086.875
1759471,-6951.875,8964.375,-2086.875
