1776120,1461.25,-4633.125,1185.625
1776120,1461.25,-4633.125,1185.625
1776130,2463.125,-4173.75,656.25
1776130,2463.125,-4173.75,656.25
1776141,3163.125,-4449.375,730.625
1776141,3163.125,-4449.375,730.625
1776151,3403.75,-6195.0,1640.625
1776151,3403.75,-6195.0,1640.625
1776161,3373.125,-8916.25,2948.75
1776161,3373.125,-8916.25,2948.75
1776172,3193.75,-13860.0,6068.125
1776172,3193.75,-13860.0,6068.125
1776182,735.0,-20514.375,9756.25
1776182,735.0,-20514.375,9756.25
1776192,-883.75,-24793.125,12971.875
1776192,-883.75,-24793.125,12971.875
1776203,-1767.5,-29330.0,17014.375
1776203,-1767.5,-29330.0,17014.375
1776213,-6365.625,-32243.75,20107.5
1776213,-6365.625,-32243.75,20107.5
1776223,-7984.375,-37515.625,23200.625
1776223,-7984.375,-37515.625,23200.625
1776233,-6435.625,-41575.625,27020.0
1776233,-6435.625,-41575.625,27020.0
1776244,-3478.125,-43911.875,29999.375
1776244,-3478.125,-43911.875,29999.375
1776254,-2030.0,-51493.75,34518.75
1776254,-2030.0,-51493.75,34518.75
1776264,-3119.375,-57080.625,37572.5
1776264,-3119.375,-57080.625,37572.5
1776275,2279.375,-57268.75,38858.75
1776275,2279.375,-57268.75,38858.75
1776285,8264.375,-58686.25,37839.375
1776285,8264.375,-58686.25,37839.375
1776295,6851.25,-69820.625,45338.125
1776295,6851.25,-69820.625,45338.125
1776306,-3701.25,-69396.25,57684.375
1776306,-3701.25,-69396.25,57684.375
1776316,153.125,-63275.625,60672.5
1776316,153.125,-63275.625,60672.5
1776327,7822.5,-62011.25,68376.875
1776327,7822.5,-62011.25,68376.875
1776337,17351.25,-64426.25,64045.625
1776337,17351.25,-64426.25,64045.625
1776347,14000.0,-49927.5,51712.5
1776347,14000.0,-49927.5,51712.5
1776357,-135.625,-47473.125,51957.5
1776357,-135.625,-47473.125,51957.5
1776368,-7048.125,-51655.625,50588.125
1776368,-7048.125,-51655.625,50588.125
1776378,-17001.25,-50071.875,45101.875
1776378,-17001.25,-50071.875,45101.875
1776388,-29758.75,-45053.75,42590.625
1776388,-29758.75,-45053.75,42590.625
1776399,-43185.625,-42608.125,46261.25
1776399,-43185.625,-42608.125,46261.25
1776409,-57684.375,-40674.375,57106.875
1776409,-57684.375,-40674.375,57106.875
1776418,-67466.875,-38211.25,67055.625
1776418,-67466.875,-38211.25,67055.625
1776430,-78745.625,-37948.75,68744.375
1776430,-78745.625,-37948.75,68744.375
1776440,-96394.375,-31583.125,68438.125
1776440,-96394.375,-31583.125,68438.125
1776449,-118737.5,-19403.125,71321.25
1776449,-118737.5,-19403.125,71321.25
1776459,-133192.5,-13286.875,60414.375
1776459,-133192.5,-13286.875,60414.375
1776471,-143360.0,-5617.5,43089.375
1776471,-143360.0,-5617.5,43089.375
1776481,-143360.0,7984.375,24364.375
1776481,-143360.0,7984.375,24364.375
1776491,-143185.0,20330.625,3346.875
1776491,-143185.0,20330.625,3346.875
1776502,-138499.375,41282.5,-18130.0
1776502,-138499.375,41282.5,-18130.0
1776512,-129346.875,61722.5,-31176.25
1776512,-129346.875,61722.5,-31176.25
1776523,-129981.25,34365.625,-5801.25
1776523,-129981.25,34365.625,-5801.25
1776533,-143360.0,-26884.375,33162.5
1776533,-143360.0,-26884.375,33162.5
1776543,-143360.0,-80360.0,121948.75
1776543,-143360.0,-80360.0,121948.75
1776553,-143123.75,-120544.375,-143360.0
1776553,-143123.75,-120544.375,-143360.0
1776564,-143333.75,-143355.625,142703.75
1776564,-143333.75,-143355.625,142703.75
1776574,-143360.0,-143355.625,142690.625
1776574,-143360.0,-143355.625,142690.625
1776584,-143355.625,-142800.0,-143360.0
1776584,-143355.625,-142800.0,-143360.0
1776595,-143360.0,-131298.125,-143360.0
1776595,-143360.0,-131298.125,-143360.0
1776605,-143360.0,-87259.375,143342.5
1776605,-143360.0,-87259.375,143342.5
1776615,-143360.0,-87206.875,-143360.0
1776615,-143360.0,-87206.875,-143360.0
1776626,-143360.0,-108211.25,-143360.0
1776626,-143360.0,-108211.25,-143360.0
1776636,-142961.875,-103066.25,142695.0
1776636,-142961.875,-103066.25,142695.0
1776646,-130663.75,-79279.375,124827.5
1776646,-130663.75,-79279.375,124827.5
1776656,-109252.5,-56756.875,89486.25
1776656,-109252.5,-56756.875,89486.25
1776667,-100288.125,-37743.125,53685.625
1776667,-100288.125,-37743.125,53685.625
1776678,-96761.875,-24714.375,27033.125
1776678,-96761.875,-24714.375,27033.125
1776687,-81869.375,-13571.25,9948.75
1776687,-81869.375,-13571.25,9948.75
1776698,-68140.625,341.25,-4471.25
1776698,-68140.625,341.25,-4471.25
1776708,-56529.375,15491.875,-18659.375
1776708,-56529.375,15491.875,-18659.375
1776718,-41768.125,32974.375,-31832.5
1776718,-41768.125,32974.375,-31832.5
1776729,-45749.375,41160.0,-31119.375
1776729,-45749.375,41160.0,-31119.375
1776739,-55715.625,44861.25,-19324.375
1776739,-55715.625,44861.25,-19324.375
1776749,-59950.625,53939.375,-3058.125
1776749,-59950.625,53939.375,-3058.125
1776760,-60751.25,66088.75,9607.5
1776760,-60751.25,66088.75,9607.5
1776770,-56721.875,73850.0,20667.5
1776770,-56721.875,73850.0,20667.5
1776780,-51165.625,79415.0,26801.25
1776780,-51165.625,79415.0,26801.25
1776791,-51209.375,85496.25,31123.75
1776791,-51209.375,85496.25,31123.75
1776801,-61705.0,83956.25,37541.875
1776801,-61705.0,83956.25,37541.875
1776811,-82411.875,72975.0,41269.375
1776811,-82411.875,72975.0,41269.375
1776822,-110604.375,65629.375,44970.625
1776822,-110604.375,65629.375,44970.625
1776832,-128835.0,60996.25,55269.375
1776832,-128835.0,60996.25,55269.375
1776842,-132440.0,52740.625,62020.0
1776842,-132440.0,52740.625,62020.0
1776853,-135511.25,36356.25,69667.5
1776853,-135511.25,36356.25,69667.5
1776863,-133910.0,20776.875,73495.625
1776863,-133910.0,20776.875,73495.625
1776874,-110215.0,21231.875,65078.125
1776874,-110215.0,21231.875,65078.125
1776884,-77529.375,33928.125,46738.125
1776884,-77529.375,33928.125,46738.125
1776894,-51270.625,43938.125,27973.75
1776894,-51270.625,43938.125,27973.75
1776904,-20562.5,50470.0,5687.5
1776904,-20562.5,50470.0,5687.5
1776915,2305.625,49175.0,-7126.875
1776915,2305.625,49175.0,-7126.875
1776925,20755.0,46361.875,-19919.375
1776925,20755.0,46361.875,-19919.375
1776935,37419.375,38972.5,-25169.375
1776935,37419.375,38972.5,-25169.375
1776946,44813.125,31294.375,-24320.625
1776946,44813.125,31294.375,-24320.625
1776956,43995.0,26683.125,-20505.625
1776956,43995.0,26683.125,-20505.625
1776966,35966.875,17609.375,-14210.0
1776966,35966.875,17609.375,-14210.0
1776976,25431.875,4401.25,-9585.625
1776976,25431.875,4401.25,-9585.625
1776986,4099.375,1855.0,-6470.625
1776986,4099.375,1855.0,-6470.625
1776997,-27619.375,15015.0,-1435.0
1776997,-27619.375,15015.0,-1435.0
1777007,-25497.5,18217.5,-3889.375
1777007,-25497.5,18217.5,-3889.375
1777018,-6251.875,9568.125,-7026.25
1777018,-6251.875,9568.125,-7026.25
1777028,-6763.75,-10036.25,-5341.875
1777028,-6763.75,-10036.25,-5341.875
1777038,-11939.375,-13768.125,-5604.375
1777038,-11939.375,-13768.125,-5604.375
1777048,6006.875,-12188.75,-8382.5
1777048,6006.875,-12188.75,-8382.5
1777059,18777.5,-11256.875,-12044.375
1777059,18777.5,-11256.875,-12044.375
1777070,19586.875,-20575.625,-11480.0
1777070,19586.875,-20575.625,-11480.0
1777079,28039.375,-25256.875,-13339.375
1777079,28039.375,-25256.875,-13339.375
1777090,36452.5,-21393.75,-15535.625
1777090,36452.5,-21393.75,-15535.625
1777100,39795.0,-20129.375,-16244.375
1777100,39795.0,-20129.375,-16244.375
1777110,35914.375,-16524.375,-13291.25
1777110,35914.375,-16524.375,-13291.25
1777121,30117.5,-7984.375,-8478.75
1777121,30117.5,-7984.375,-8478.75
1777131,24443.125,2931.25,-3110.625
1777131,24443.125,2931.25,-3110.625
1777142,18497.5,12705.0,258.125
1777142,18497.5,12705.0,258.125
1777152,12446.875,21030.625,3486.875
1777152,12446.875,21030.625,3486.875
1777162,7673.75,30296.875,4274.375
1777162,7673.75,30296.875,4274.375
1777172,5481.875,39077.5,3005.625
1777172,5481.875,39077.5,3005.625
1777183,10740.625,43999.375,1771.875
1777183,10740.625,43999.375,1771.875
1777193,17128.125,46361.875,-2082.5
1777193,17128.125,46361.875,-2082.5
1777203,25751.25,45972.5,-5823.125
1777203,25751.25,45972.5,-5823.125
1777214,36601.25,43942.5,-8596.875
1777214,36601.25,43942.5,-8596.875
1777225,41685.0,42927.5,-10075.625
1777225,41685.0,42927.5,-10075.625
1777234,39287.5,40241.25,-9865.625
1777234,39287.5,40241.25,-9865.625
1777245,29627.5,31648.75,-2248.75
1777245,29627.5,31648.75,-2248.75
1777255,14984.375,18029.375,9511.25
1777255,14984.375,18029.375,9511.25
1777265,-1203.125,2493.75,19971.875
1777265,-1203.125,2493.75,19971.875
1777276,-19836.25,-15163.75,26945.625
1777276,-19836.25,-15163.75,26945.625
1777286,-39265.625,-24530.625,32335.625
1777286,-39265.625,-24530.625,32335.625
1777296,-38893.75,-16870.0,29439.375
1777296,-38893.75,-16870.0,29439.375
1777307,-27693.75,-11252.5,23113.125
1777307,-27693.75,-11252.5,23113.125
1777317,-22575.0,-9454.375,17780.0
1777317,-22575.0,-9454.375,17780.0
1777327,-12888.75,-3460.625,7818.125
1777327,-12888.75,-3460.625,7818.125
1777337,2817.5,4917.5,-455.0
1777337,2817.5,4917.5,-455.0
1777348,14214.375,15045.625,-7875.0
1777348,14214.375,15045.625,-7875.0
1777358,17075.625,20033.125,-13536.25
1777358,17075.625,20033.125,-13536.25
1777368,13615.0,24828.125,-16782.5
1777368,13615.0,24828.125,-16782.5
1777380,7507.5,29308.125,-16073.75
1777380,7507.5,29308.125,-16073.75
1777389,3228.75,31565.625,-12709.375
1777389,3228.75,31565.625,-12709.375
1777399,-1400.0,26547.5,-9030.0
1777399,-1400.0,26547.5,-9030.0
1777410,-3241.875,14818.125,-2743.125
1777410,-3241.875,14818.125,-2743.125
1777420,5355.0,2205.0,1859.375
1777420,5355.0,2205.0,1859.375
1777430,10167.5,-1303.75,3635.625
1777430,10167.5,-1303.75,3635.625
1777441,4357.5,4077.5,3040.625
1777441,4357.5,4077.5,3040.625
1777451,3268.125,10766.875,87.5
1777451,3268.125,10766.875,87.5
1777461,1448.125,13881.875,-2143.75
1777461,1448.125,13881.875,-2143.75
1777472,3071.25,12866.875,-2655.625
1777472,3071.25,12866.875,-2655.625
1777482,9463.125,12591.25,-5556.25
1777482,9463.125,12591.25,-5556.25
1777493,11431.875,8168.125,-5460.0
1777493,11431.875,8168.125,-5460.0
1777503,13803.125,-3543.75,-3513.125
1777503,13803.125,-3543.75,-3513.125
1777513,14927.5,-19114.375,748.125
1777513,14927.5,-19114.375,748.125
1777523,10329.375,-34816.25,6203.75
1777523,10329.375,-34816.25,6203.75
1777534,5530.0,-44415.0,10084.375
1777534,5530.0,-44415.0,10084.375
1777544,1225.0,-44817.5,11370.625
1777544,1225.0,-44817.5,11370.625
1777554,-5420.625,-43452.5,9830.625
1777554,-5420.625,-43452.5,9830.625
1777565,-13361.25,-41063.75,9616.25
1777565,-13361.25,-41063.75,9616.25
1777575,-12678.75,-22605.625,3486.875
1777575,-12678.75,-22605.625,3486.875
1777585,-13418.125,-8977.5,-341.25
1777585,-13418.125,-8977.5,-341.25
1777595,-15500.625,-6982.5,-1846.25
1777595,-15500.625,-6982.5,-1846.25
1777606,-7923.125,-643.125,-3058.125
1777606,-7923.125,-643.125,-3058.125
1777616,-2275.0,3399.375,-3626.875
1777616,-2275.0,3399.375,-3626.875
1777626,-1421.875,9060.625,-3758.125
1777626,-1421.875,9060.625,-3758.125
1777637,4431.875,9288.125,-1588.125
1777637,4431.875,9288.125,-1588.125
1777646,10495.625,5096.875,1115.625
1777646,10495.625,5096.875,1115.625
1777657,6461.875,3661.875,3154.375
1777657,6461.875,3661.875,3154.375
1777668,4755.625,4624.375,4795.0
1777668,4755.625,4624.375,4795.0
1777678,7468.125,7533.75,6654.375
1777678,7468.125,7533.75,6654.375
1777689,5420.625,8531.25,8684.375
1777689,5420.625,8531.25,8684.375
1777699,5888.75,2555.0,9979.375
1777699,5888.75,2555.0,9979.375
1777709,16804.375,-4825.625,11532.5
1777709,16804.375,-4825.625,11532.5
1777719,21730.625,-2905.0,11633.125
1777719,21730.625,-2905.0,11633.125
1777730,19070.625,170.625,12901.875
1777730,19070.625,170.625,12901.875
1777740,12700.625,6496.875,10373.125
1777740,12700.625,6496.875,10373.125
1777750,7787.5,10675.0,9095.625
1777750,7787.5,10675.0,9095.625
1777761,12320.0,6619.375,9708.125
1777761,12320.0,6619.375,9708.125
1777771,11781.875,-148.75,9830.625
1777771,11781.875,-148.75,9830.625
1777781,10893.75,-11344.375,14249.375
1777781,10893.75,-11344.375,14249.375
1777791,15876.875,-25948.125,18786.25
1777791,15876.875,-25948.125,18786.25
1777802,15837.5,-38215.625,24158.75
1777802,15837.5,-38215.625,24158.75
1777812,17574.375,-48028.75,25003.125
1777812,17574.375,-48028.75,25003.125
1777822,21175.0,-53952.5,24933.125
1777822,21175.0,-53952.5,24933.125
1777833,23765.0,-52272.5,22505.0
1777833,23765.0,-52272.5,22505.0
1777843,24801.875,-50316.875,14315.0
1777843,24801.875,-50316.875,14315.0
1777853,19512.5,-40508.125,5648.125
1777853,19512.5,-40508.125,5648.125
1777863,16511.25,-19499.375,3080.0
1777863,16511.25,-19499.375,3080.0
1777874,15041.25,-6247.5,21.875
1777874,15041.25,-6247.5,21.875
1777884,805.0,-4392.5,1771.875
1777884,805.0,-4392.5,1771.875
1777895,-7914.375,-4970.0,-560.0
1777895,-7914.375,-4970.0,-560.0
1777905,-10955.0,-2371.25,-3171.875
1777905,-10955.0,-2371.25,-3171.875
1777915,-14503.125,3390.625,-2051.875
1777915,-14503.125,3390.625,-2051.875
1777926,-8085.0,3543.75,-4790.625
1777926,-8085.0,3543.75,-4790.625
1777936,923.125,2371.25,-7345.625
1777936,923.125,2371.25,-7345.625
1777946,12258.75,5652.5,-10154.375
1777946,12258.75,5652.5,-10154.375
1777957,19473.125,10727.5,-12293.75
1777957,19473.125,10727.5,-12293.75
1777968,20947.5,12127.5,-12648.125
1777968,20947.5,12127.5,-12648.125
1777977,21306.25,14822.5,-10836.875
1777977,21306.25,14822.5,-10836.875
1777988,17990.0,17250.625,-6733.125
1777988,17990.0,17250.625,-6733.125
1777998,11340.0,12512.5,-1395.625
1777998,11340.0,12512.5,-1395.625
1778008,11860.625,1483.125,4550.0
1778008,11860.625,1483.125,4550.0
1778018,13046.25,-2476.25,9616.25
1778018,13046.25,-2476.25,9616.25
1778029,4121.25,1540.0,10968.125
1778029,4121.25,1540.0,10968.125
1778039,-4156.25,9292.5,8246.875
1778039,-4156.25,9292.5,8246.875
1778049,-7245.0,12880.0,6833.75
1778049,-7245.0,12880.0,6833.75
1778060,-861.875,7345.625,7971.25
1778060,-861.875,7345.625,7971.25
1778070,962.5,-2493.75,8435.0
1778070,962.5,-2493.75,8435.0
1778080,2800.0,-14621.25,8286.25
1778080,2800.0,-14621.25,8286.25
1778091,12849.375,-25558.75,8408.75
1778091,12849.375,-25558.75,8408.75
1778101,15802.5,-31486.875,10071.25
1778101,15802.5,-31486.875,10071.25
1778112,20680.625,-38386.25,11571.875
1778112,20680.625,-38386.25,11571.875
1778122,27063.75,-41755.0,11532.5
1778122,27063.75,-41755.0,11532.5
1778132,24955.0,-36496.25,8050.0
1778132,24955.0,-36496.25,8050.0
1778142,19061.875,-31561.25,2957.5
1778142,19061.875,-31561.25,2957.5
1778153,11917.5,-27969.375,-1736.875
1778153,11917.5,-27969.375,-1736.875
1778163,4545.625,-18576.25,-4729.375
1778163,4545.625,-18576.25,-4729.375
1778172,-813.75,-5481.875,-9016.875
1778172,-813.75,-5481.875,-9016.875
1778184,-9502.5,192.5,-10797.5
1778184,-9502.5,192.5,-10797.5
1778194,-14468.125,3666.25,-10871.875
1778194,-14468.125,3666.25,-10871.875
1778204,-9524.375,3780.0,-12853.75
1778204,-9524.375,3780.0,-12853.75
1778214,-9073.75,6628.125,-14993.125
1778214,-9073.75,6628.125,-14993.125
1778225,-8448.125,12893.125,-14634.375
1778225,-8448.125,12893.125,-14634.375
1778235,1312.5,13383.125,-16432.5
1778235,1312.5,13383.125,-16432.5
1778245,5643.75,9310.0,-16620.625
1778245,5643.75,9310.0,-16620.625
1778256,11873.75,7542.5,-16327.5
1778256,11873.75,7542.5,-16327.5
1778266,21669.375,9581.25,-17285.625
1778266,21669.375,9581.25,-17285.625
1778276,22544.375,11869.375,-16555.0
1778276,22544.375,11869.375,-16555.0
1778287,23283.75,13973.75,-13986.875
1778287,23283.75,13973.75,-13986.875
1778297,24635.625,16445.625,-11935.0
1778297,24635.625,16445.625,-11935.0
1778307,19604.375,17626.875,-6908.125
1778307,19604.375,17626.875,-6908.125
1778318,18545.625,12906.25,-1964.375
1778318,18545.625,12906.25,-1964.375
1778328,20291.25,6720.0,3543.75
1778328,20291.25,6720.0,3543.75
1778338,14761.25,4068.75,7568.75
1778338,14761.25,4068.75,7568.75
1778349,1338.75,7078.75,8693.125
1778349,1338.75,7078.75,8693.125
1778359,-7678.125,10946.25,7026.25
1778359,-7678.125,10946.25,7026.25
1778369,-6151.25,9576.875,7091.875
1778369,-6151.25,9576.875,7091.875
1778380,-3132.5,5516.875,6256.25
1778380,-3132.5,5516.875,6256.25
1778390,-4156.25,-2498.125,8268.75
1778390,-4156.25,-2498.125,8268.75
1778400,2419.375,-17237.5,10946.25
1778400,2419.375,-17237.5,10946.25
1778410,3110.625,-29666.875,12280.625
1778410,3110.625,-29666.875,12280.625
1778421,1395.625,-38911.25,15124.375
1778421,1395.625,-38911.25,15124.375
1778431,11904.375,-48623.75,15378.125
1778431,11904.375,-48623.75,15378.125
1778441,12464.375,-51371.25,17360.0
1778441,12464.375,-51371.25,17360.0
1778452,11427.5,-49271.25,16673.125
1778452,11427.5,-49271.25,16673.125
1778462,10241.875,-44559.375,12096.875
1778462,10241.875,-44559.375,12096.875
1778473,6177.5,-40232.5,9620.625
1778473,6177.5,-40232.5,9620.625
1778483,5451.25,-34877.5,4532.5
1778483,5451.25,-34877.5,4532.5
1778493,3766.875,-26442.5,-2441.25
1778493,3766.875,-26442.5,-2441.25
1778503,2244.375,-15999.375,-10233.125
1778503,2244.375,-15999.375,-10233.125
1778514,2331.875,-5175.625,-16003.75
1778514,2331.875,-5175.625,-16003.75
1778524,2506.875,1303.75,-19709.375
1778524,2506.875,1303.75,-19709.375
1778534,2205.0,3482.5,-21306.25
1778534,2205.0,3482.5,-21306.25
1778545,5009.375,5333.125,-21218.75
1778545,5009.375,5333.125,-21218.75
1778555,9966.25,7415.625,-20658.75
1778555,9966.25,7415.625,-20658.75
1778565,14293.125,9467.5,-20020.0
1778565,14293.125,9467.5,-20020.0
1778576,16804.375,11029.375,-19678.75
1778576,16804.375,11029.375,-19678.75
1778586,17101.875,11615.625,-17303.125
1778586,17101.875,11615.625,-17303.125
1778596,16401.875,10858.75,-13352.5
1778596,16401.875,10858.75,-13352.5
1778607,13422.5,8973.125,-7796.25
1778607,13422.5,8973.125,-7796.25
1778617,7739.375,5477.5,-2310.0
1778617,7739.375,5477.5,-2310.0
1778628,673.75,516.25,3976.875
1778628,673.75,516.25,3976.875
1778637,-3224.375,-3955.0,8890.0
1778637,-3224.375,-3955.0,8890.0
1778647,-4668.125,-6488.125,12105.625
1778647,-4668.125,-6488.125,12105.625
1778658,-4987.5,-6798.75,13186.25
1778658,-4987.5,-6798.75,13186.25
1778669,-5118.75,-7266.875,14056.875
1778669,-5118.75,-7266.875,14056.875
1778679,-5101.25,-7936.25,14673.75
1778679,-5101.25,-7936.25,14673.75
1778689,-5110.0,-7643.125,14214.375
1778689,-5110.0,-7643.125,14214.375
1778700,-6514.375,-6553.75,13768.125
1778700,-6514.375,-6553.75,13768.125
1778710,-6702.5,-4725.0,13343.75
1778710,-6702.5,-4725.0,13343.75
1778720,-6986.875,-3228.75,12460.0
1778720,-6986.875,-3228.75,12460.0
1778730,-8452.5,-2983.75,11305.0
1778730,-8452.5,-2983.75,11305.0
1778741,-7940.625,-2651.25,10101.875
1778741,-7940.625,-2651.25,10101.875
1778751,-6020.0,-2078.125,8071.875
1778751,-6020.0,-2078.125,8071.875
1778761,-4541.25,-1557.5,6090.0
1778761,-4541.25,-1557.5,6090.0
1778772,-2629.375,-398.125,3421.25
1778772,-2629.375,-398.125,3421.25
1778782,-1701.875,516.25,805.0
1778782,-1701.875,516.25,805.0
1778792,-1185.625,1531.25,-450.625
1778792,-1185.625,1531.25,-450.625
1778803,-542.5,2283.75,-1325.625
1778803,-542.5,2283.75,-1325.625
1778813,-1841.875,1124.375,-1601.25
1778813,-1841.875,1124.375,-1601.25
1778823,-2730.0,389.375,-1172.5
1778823,-2730.0,389.375,-1172.5
1778834,-1605.625,1496.25,-1255.625
1778834,-1605.625,1496.25,-1255.625
1778844,-1032.5,2314.375,-1675.625
1778844,-1032.5,2314.375,-1675.625
1778854,-966.875,2559.375,-2209.375
1778854,-966.875,2559.375,-2209.375
1778864,-503.125,2804.375,-2668.75
1778864,-503.125,2804.375,-2668.75
1778875,-170.625,2926.875,-2384.375
1778875,-170.625,2926.875,-2384.375
1778885,-704.375,2191.875,-1999.375
1778885,-704.375,2191.875,-1999.375
1778896,-1378.125,1478.75,-1190.0
1778896,-1378.125,1478.75,-1190.0
1778905,-1067.5,1391.25,-577.5
1778905,-1067.5,1391.25,-577.5
1778916,-1159.375,1260.0,-319.375
1778916,-1159.375,1260.0,-319.375
1778926,-1828.75,665.0,-8.75
1778926,-1828.75,665.0,-8.75
1778936,-1885.625,218.75,-83.125
1778936,-1885.625,218.75,-83.125
1778947,-1522.5,-87.5,196.875
1778947,-1522.5,-87.5,196.875
1778957,-870.625,-472.5,879.375
1778957,-870.625,-472.5,879.375
1778968,-231.875,-822.5,1194.375
1778968,-231.875,-822.5,1194.375
1778979,-735.0,-1211.875,1063.125
1778979,-735.0,-1211.875,1063.125
1778988,-262.5,-752.5,1264.375
1778988,-262.5,-752.5,1264.375
1778999,459.375,-428.75,1640.625
1778999,459.375,-428.75,1640.625
1779009,91.875,-980.0,2423.75
1779009,91.875,-980.0,2423.75
1779019,-109.375,-1876.875,2738.75
1779019,-109.375,-1876.875,2738.75
1779029,21.875,-2047.5,2655.625
1779029,21.875,-2047.5,2655.625
1779040,266.875,-1535.625,2266.25
1779040,266.875,-1535.625,2266.25
1779050,625.625,-503.125,1596.875
1779050,625.625,-503.125,1596.875
1779061,345.625,56.875,717.5
1779061,345.625,56.875,717.5
1779071,140.0,109.375,441.875
1779071,140.0,109.375,441.875
1779081,1316.875,542.5,319.375
1779081,1316.875,542.5,319.375
1779092,1500.625,721.875,406.875
1779092,1500.625,721.875,406.875
1779102,363.125,-118.125,783.125
1779102,363.125,-118.125,783.125
1779112,192.5,-818.125,1260.0
1779112,192.5,-818.125,1260.0
1779122,494.375,-1071.875,1618.75
1779122,494.375,-1071.875,1618.75
1779134,201.25,-1369.375,2008.125
1779134,201.25,-1369.375,2008.125
1779143,805.0,-1225.0,2091.25
1779143,805.0,-1225.0,2091.25
1779153,945.0,-1312.5,2030.0
1779153,945.0,-1312.5,2030.0
1779164,590.625,-1426.25,2139.375
1779164,590.625,-1426.25,2139.375
1779175,1238.125,-1505.0,2331.875
1779175,1238.125,-1505.0,2331.875
1779184,1238.125,-1863.75,2590.0
1779184,1238.125,-1863.75,2590.0
1779195,980.0,-1693.125,2397.5
1779195,980.0,-1693.125,2397.5
1779205,223.125,-822.5,2196.25
1779205,223.125,-822.5,2196.25
