1765774,-39.0625,687.5,734.375,-62.5,-820.3125,617.1875,234.375,-937.5,289.0625,515.625,-859.375,54.6875,460.9375,-789.0625,421.875
1765774,-39.0625,687.5,734.375,-62.5,-820.3125,617.1875,234.375,-937.5,289.0625,515.625,-859.375,54.6875,460.9375,-789.0625,421.875
1765783,-31.25,679.6875,734.375,-70.3125,-820.3125,609.375,234.375,-945.3125,296.875,507.8125,-859.375,62.5,468.75,-796.875,406.25
1765783,-31.25,679.6875,734.375,-70.3125,-820.3125,609.375,234.375,-945.3125,296.875,507.8125,-859.375,62.5,468.75,-796.875,406.25
1765791,-39.0625,679.6875,734.375,-62.5,-820.3125,617.1875,234.375,-937.5,289.0625,515.625,-851.5625,54.6875,460.9375,-804.6875,406.25
1765791,-39.0625,679.6875,734.375,-62.5,-820.3125,617.1875,234.375,-937.5,289.0625,515.625,-851.5625,54.6875,460.9375,-804.6875,406.25
1765792,-39.0625,687.5,734.375,-70.3125,-820.3125,617.1875,242.1875,-945.3125,289.0625,507.8125,-859.375,46.875,453.125,-796.875,414.0625
1765792,-39.0625,687.5,734.375,-70.3125,-820.3125,617.1875,242.1875,-945.3125,289.0625,507.8125,-859.375,46.875,453.125,-796.875,414.0625
1765856,-31.25,695.3125,734.375,-70.3125,-812.5,617.1875,234.375,-945.3125,304.6875,515.625,-859.375,46.875,460.9375,-796.875,406.25
1765856,-31.25,695.3125,734.375,-70.3125,-812.5,617.1875,234.375,-945.3125,304.6875,515.625,-859.375,46.875,460.9375,-796.875,406.25
1765864,-31.25,687.5,726.5625,-62.5,-812.5,625.0,242.1875,-937.5,304.6875,507.8125,-859.375,46.875,460.9375,-796.875,414.0625
1765864,-31.25,687.5,726.5625,-62.5,-812.5,625.0,242.1875,-937.5,304.6875,507.8125,-859.375,46.875,460.9375,-796.875,414.0625
1765872,-46.875,687.5,734.375,-54.6875,-812.5,625.0,226.5625,-945.3125,296.875,507.8125,-859.375,46.875,468.75,-796.875,406.25
1765872,-46.875,687.5,734.375,-54.6875,-812.5,625.0,226.5625,-945.3125,296.875,507.8125,-859.375,46.875,468.75,-796.875,406.25
1765872,-39.0625,687.5,734.375,-70.3125,-820.3125,617.1875,234.375,-945.3125,296.875,515.625,-859.375,54.6875,453.125,-804.6875,406.25
1765872,-39.0625,687.5,734.375,-70.3125,-820.3125,617.1875,234.375,-945.3125,296.875,515.625,-859.375,54.6875,453.125,-804.6875,406.25
1766017,-39.0625,695.3125,726.5625,-62.5,-812.5,617.1875,242.1875,-929.6875,304.6875,507.8125,-843.75,54.6875,460.9375,-789.0625,406.25
1766017,-39.0625,695.3125,726.5625,-62.5,-812.5,617.1875,242.1875,-929.6875,304.6875,507.8125,-843.75,54.6875,460.9375,-789.0625,406.25
1766025,-39.0625,695.3125,718.75,-62.5,-812.5,617.1875,242.1875,-937.5,289.0625,515.625,-843.75,54.6875,453.125,-789.0625,406.25
1766025,-39.0625,695.3125,718.75,-62.5,-812.5,617.1875,242.1875,-937.5,289.0625,515.625,-843.75,54.6875,453.125,-789.0625,406.25
1766033,-31.25,687.5,734.375,-62.5,-804.6875,625.0,242.1875,-929.6875,304.6875,515.625,-851.5625,46.875,460.9375,-789.0625,414.0625
1766033,-31.25,687.5,734.375,-62.5,-804.6875,625.0,242.1875,-929.6875,304.6875,515.625,-851.5625,46.875,460.9375,-789.0625,414.0625
1766033,-39.0625,695.3125,718.75,-70.3125,-796.875,625.0,242.1875,-929.6875,296.875,507.8125,-843.75,46.875,460.9375,-789.0625,406.25
1766033,-39.0625,695.3125,718.75,-70.3125,-796.875,625.0,242.1875,-929.6875,296.875,507.8125,-843.75,46.875,460.9375,-789.0625,406.25
1766179,-39.0625,687.5,734.375,-62.5,-820.3125,617.1875,226.5625,-945.3125,304.6875,515.625,-859.375,46.875,460.9375,-796.875,406.25
1766179,-39.0625,687.5,734.375,-62.5,-820.3125,617.1875,226.5625,-945.3125,304.6875,515.625,-859.375,46.875,460.9375,-796.875,406.25
1766187,-39.0625,679.6875,742.1875,-70.3125,-820.3125,617.1875,234.375,-945.3125,296.875,515.625,-859.375,46.875,460.9375,-796.875,406.25
1766187,-39.0625,679.6875,742.1875,-70.3125,-820.3125,617.1875,234.375,-945.3125,296.875,515.625,-859.375,46.875,460.9375,-796.875,406.25
1766194,-46.875,679.6875,734.375,-70.3125,-812.5,617.1875,234.375,-937.5,296.875,515.625,-859.375,46.875,460.9375,-796.875,406.25
1766194,-46.875,679.6875,734.375,-70.3125,-812.5,617.1875,234.375,-937.5,296.875,515.625,-859.375,46.875,460.9375,-796.875,406.25
1766194,-39.0625,679.6875,734.375,-62.5,-820.3125,617.1875,234.375,-945.3125,296.875,507.8125,-867.1875,54.6875,460.9375,-804.6875,414.0625
1766194,-39.0625,679.6875,734.375,-62.5,-820.3125,617.1875,234.375,-945.3125,296.875,507.8125,-867.1875,54.6875,460.9375,-804.6875,414.0625
1766340,-54.6875,671.875,750.0,-78.125,-828.125,609.375,226.5625,-953.125,289.0625,500.0,-867.1875,46.875,468.75,-804.6875,398.4375
1766340,-54.6875,671.875,750.0,-78.125,-828.125,609.375,226.5625,-953.125,289.0625,500.0,-867.1875,46.875,468.75,-804.6875,398.4375
1766348,-46.875,671.875,750.0,-78.125,-835.9375,609.375,234.375,-960.9375,281.25,500.0,-867.1875,46.875,460.9375,-812.5,398.4375
1766348,-46.875,671.875,750.0,-78.125,-835.9375,609.375,234.375,-960.9375,281.25,500.0,-867.1875,46.875,460.9375,-812.5,398.4375
1766356,-62.5,671.875,750.0,-70.3125,-835.9375,609.375,234.375,-960.9375,281.25,507.8125,-867.1875,46.875,460.9375,-812.5,398.4375
1766356,-62.5,671.875,750.0,-70.3125,-835.9375,609.375,234.375,-960.9375,281.25,507.8125,-867.1875,46.875,460.9375,-812.5,398.4375
1766356,-54.6875,671.875,750.0,-78.125,-843.75,617.1875,234.375,-960.9375,289.0625,507.8125,-859.375,46.875,468.75,-796.875,398.4375
1766356,-54.6875,671.875,750.0,-78.125,-843.75,617.1875,234.375,-960.9375,289.0625,507.8125,-859.375,46.875,468.75,-796.875,398.4375
1766501,-46.875,687.5,742.1875,-70.3125,-828.125,625.0,234.375,-945.3125,289.0625,515.625,-851.5625,39.0625,460.9375,-804.6875,398.4375
1766501,-46.875,687.5,742.1875,-70.3125,-828.125,625.0,234.375,-945.3125,289.0625,515.625,-851.5625,39.0625,460.9375,-804.6875,398.4375
1766509,-54.6875,687.5,734.375,-70.3125,-820.3125,617.1875,234.375,-945.3125,296.875,515.625,-867.1875,39.0625,460.9375,-796.875,390.625
1766509,-54.6875,687.5,734.375,-70.3125,-820.3125,617.1875,234.375,-945.3125,296.875,515.625,-867.1875,39.0625,460.9375,-796.875,390.625
1766517,-46.875,679.6875,742.1875,-62.5,-820.3125,617.1875,250.0,-945.3125,296.875,500.0,-867.1875,46.875,460.9375,-804.6875,406.25
1766517,-46.875,679.6875,742.1875,-62.5,-820.3125,617.1875,250.0,-945.3125,296.875,500.0,-867.1875,46.875,460.9375,-804.6875,406.25
1766517,-39.0625,679.6875,750.0,-62.5,-820.3125,625.0,242.1875,-953.125,289.0625,507.8125,-867.1875,39.0625,468.75,-804.6875,398.4375
1766517,-39.0625,679.6875,750.0,-62.5,-820.3125,625.0,242.1875,-953.125,289.0625,507.8125,-867.1875,39.0625,468.75,-804.6875,398.4375
1766582,-46.875,687.5,726.5625,-70.3125,-812.5,625.0,226.5625,-945.3125,289.0625,507.8125,-867.1875,54.6875,460.9375,-804.6875,406.25
1766582,-46.875,687.5,726.5625,-70.3125,-812.5,625.0,226.5625,-945.3125,289.0625,507.8125,-867.1875,54.6875,460.9375,-804.6875,406.25
1766590,-46.875,687.5,734.375,-70.3125,-812.5,625.0,226.5625,-937.5,296.875,500.0,-867.1875,54.6875,460.9375,-796.875,398.4375
1766590,-46.875,687.5,734.375,-70.3125,-812.5,625.0,226.5625,-937.5,296.875,500.0,-867.1875,54.6875,460.9375,-796.875,398.4375
1766598,-46.875,679.6875,726.5625,-70.3125,-812.5,617.1875,234.375,-945.3125,296.875,500.0,-867.1875,31.25,460.9375,-804.6875,398.4375
1766598,-46.875,679.6875,726.5625,-70.3125,-812.5,617.1875,234.375,-945.3125,296.875,500.0,-867.1875,31.25,460.9375,-804.6875,398.4375
1766598,-46.875,671.875,734.375,-70.3125,-820.3125,625.0,234.375,-945.3125,296.875,500.0,-851.5625,46.875,453.125,-804.6875,398.4375
1766598,-46.875,671.875,734.375,-70.3125,-820.3125,625.0,234.375,-945.3125,296.875,500.0,-851.5625,46.875,453.125,-804.6875,398.4375
1766663,-31.25,679.6875,734.375,-62.5,-820.3125,617.1875,234.375,-937.5,296.875,507.8125,-859.375,46.875,468.75,-796.875,398.4375
1766663,-31.25,679.6875,734.375,-62.5,-820.3125,617.1875,234.375,-937.5,296.875,507.8125,-859.375,46.875,468.75,-796.875,398.4375
1766671,-31.25,687.5,726.5625,-62.5,-820.3125,625.0,242.1875,-937.5,296.875,507.8125,-851.5625,46.875,468.75,-796.875,398.4375
1766671,-31.25,687.5,726.5625,-62.5,-820.3125,625.0,242.1875,-937.5,296.875,507.8125,-851.5625,46.875,468.75,-796.875,398.4375
1766679,-31.25,695.3125,734.375,-62.5,-812.5,625.0,242.1875,-929.6875,296.875,507.8125,-859.375,46.875,468.75,-789.0625,398.4375
1766679,-31.25,695.3125,734.375,-62.5,-812.5,625.0,242.1875,-929.6875,296.875,507.8125,-859.375,46.875,468.75,-789.0625,398.4375
1766679,-39.0625,687.5,734.375,-54.6875,-812.5,625.0,250.0,-929.6875,296.875,515.625,-851.5625,46.875,460.9375,-796.875,390.625
1766679,-39.0625,687.5,734.375,-54.6875,-812.5,625.0,250.0,-929.6875,296.875,515.625,-851.5625,46.875,460.9375,-796.875,390.625
1766824,-62.5,679.6875,734.375,-70.3125,-812.5,617.1875,250.0,-929.6875,296.875,492.1875,-859.375,31.25,468.75,-796.875,390.625
1766824,-62.5,679.6875,734.375,-70.3125,-812.5,617.1875,250.0,-929.6875,296.875,492.1875,-859.375,31.25,468.75,-796.875,390.625
1766832,-62.5,664.0625,750.0,-78.125,-835.9375,601.5625,273.4375,-953.125,304.6875,507.8125,-843.75,31.25,445.3125,-789.0625,367.1875
1766832,-62.5,664.0625,750.0,-78.125,-835.9375,601.5625,273.4375,-953.125,304.6875,507.8125,-843.75,31.25,445.3125,-789.0625,367.1875
1766840,-54.6875,656.25,742.1875,-85.9375,-828.125,617.1875,171.875,-937.5,250.0,476.5625,-851.5625,54.6875,445.3125,-796.875,390.625
1766840,-54.6875,656.25,742.1875,-85.9375,-828.125,617.1875,171.875,-937.5,250.0,476.5625,-851.5625,54.6875,445.3125,-796.875,390.625
1766840,-62.5,664.0625,718.75,-70.3125,-796.875,632.8125,203.125,-960.9375,265.625,492.1875,-882.8125,46.875,453.125,-812.5,421.875
1766840,-62.5,664.0625,718.75,-70.3125,-796.875,632.8125,203.125,-960.9375,265.625,492.1875,-882.8125,46.875,453.125,-812.5,421.875
1766985,-23.4375,632.8125,671.875,-101.5625,-828.125,640.625,218.75,-960.9375,312.5,500.0,-859.375,54.6875,445.3125,-812.5,375.0
1766985,-23.4375,632.8125,671.875,-101.5625,-828.125,640.625,218.75,-960.9375,312.5,500.0,-859.375,54.6875,445.3125,-812.5,375.0
1766993,-85.9375,632.8125,695.3125,-78.125,-781.25,640.625,210.9375,-953.125,304.6875,484.375,-882.8125,62.5,453.125,-789.0625,414.0625
1766993,-85.9375,632.8125,695.3125,-78.125,-781.25,640.625,210.9375,-953.125,304.6875,484.375,-882.8125,62.5,453.125,-789.0625,414.0625
1767001,-140.625,679.6875,750.0,-125.0,-773.4375,640.625,218.75,-953.125,304.6875,492.1875,-882.8125,70.3125,460.9375,-820.3125,421.875
1767001,-140.625,679.6875,750.0,-125.0,-773.4375,640.625,218.75,-953.125,304.6875,492.1875,-882.8125,70.3125,460.9375,-820.3125,421.875
1767001,-109.375,695.3125,765.625,-132.8125,-796.875,664.0625,203.125,-968.75,296.875,492.1875,-898.4375,46.875,507.8125,-820.3125,421.875
1767001,-109.375,695.3125,765.625,-132.8125,-796.875,664.0625,203.125,-968.75,296.875,492.1875,-898.4375,46.875,507.8125,-820.3125,421.875
1767146,0.0,921.875,601.5625,-85.9375,-718.75,804.6875,39.0625,-984.375,359.375,593.75,-882.8125,257.8125,546.875,-742.1875,578.125
1767146,0.0,921.875,601.5625,-85.9375,-718.75,804.6875,39.0625,-984.375,359.375,593.75,-882.8125,257.8125,546.875,-742.1875,578.125
1767154,0.0,890.625,625.0,-78.125,-625.0,820.3125,203.125,-976.5625,468.75,617.1875,-945.3125,210.9375,601.5625,-765.625,570.3125
1767154,0.0,890.625,625.0,-78.125,-625.0,820.3125,203.125,-976.5625,468.75,617.1875,-945.3125,210.9375,601.5625,-765.625,570.3125
1767162,0.0,867.1875,648.4375,-54.6875,-765.625,789.0625,210.9375,-1109.375,367.1875,593.75,-851.5625,210.9375,601.5625,-773.4375,570.3125
1767162,0.0,867.1875,648.4375,-54.6875,-765.625,789.0625,210.9375,-1109.375,367.1875,593.75,-851.5625,210.9375,601.5625,-773.4375,570.3125
1767162,-15.625,890.625,640.625,-109.375,-750.0,828.125,46.875,-1109.375,414.0625,632.8125,-929.6875,203.125,585.9375,-796.875,554.6875
1767162,-15.625,890.625,640.625,-109.375,-750.0,828.125,46.875,-1109.375,414.0625,632.8125,-929.6875,203.125,585.9375,-796.875,554.6875
1767227,85.9375,1085.9375,585.9375,54.6875,-726.5625,1078.125,390.625,-1101.5625,695.3125,781.25,-1000.0,429.6875,687.5,-835.9375,765.625
1767227,85.9375,1085.9375,585.9375,54.6875,-726.5625,1078.125,390.625,-1101.5625,695.3125,781.25,-1000.0,429.6875,687.5,-835.9375,765.625
1767235,85.9375,1140.625,578.125,54.6875,-742.1875,1093.75,414.0625,-1109.375,726.5625,796.875,-992.1875,437.5,710.9375,-835.9375,781.25
1767235,85.9375,1140.625,578.125,54.6875,-742.1875,1093.75,414.0625,-1109.375,726.5625,796.875,-992.1875,437.5,710.9375,-835.9375,781.25
1767243,78.125,1179.6875,593.75,85.9375,-757.8125,1117.1875,421.875,-1109.375,734.375,843.75,-1000.0,453.125,750.0,-812.5,804.6875
1767243,78.125,1179.6875,593.75,85.9375,-757.8125,1117.1875,421.875,-1109.375,734.375,843.75,-1000.0,453.125,750.0,-812.5,804.6875
1767243,78.125,1226.5625,570.3125,78.125,-757.8125,1132.8125,453.125,-1117.1875,750.0,859.375,-992.1875,492.1875,773.4375,-796.875,835.9375
1767243,78.125,1226.5625,570.3125,78.125,-757.8125,1132.8125,453.125,-1117.1875,750.0,859.375,-992.1875,492.1875,773.4375,-796.875,835.9375
1767388,-718.75,976.5625,445.3125,-335.9375,-1117.1875,718.75,-78.125,-1203.125,109.375,234.375,-1085.9375,-250.0,281.25,-1156.25,-125.0
1767388,-718.75,976.5625,445.3125,-335.9375,-1117.1875,718.75,-78.125,-1203.125,109.375,234.375,-1085.9375,-250.0,281.25,-1156.25,-125.0
1767396,-546.875,851.5625,492.1875,-296.875,-1179.6875,726.5625,-54.6875,-1156.25,125.0,195.3125,-1070.3125,-234.375,234.375,-1226.5625,-39.0625
1767396,-546.875,851.5625,492.1875,-296.875,-1179.6875,726.5625,-54.6875,-1156.25,125.0,195.3125,-1070.3125,-234.375,234.375,-1226.5625,-39.0625
1767404,-500.0,664.0625,578.125,-296.875,-1132.8125,742.1875,-132.8125,-1117.1875,179.6875,117.1875,-1046.875,-179.6875,148.4375,-1289.0625,-117.1875
1767404,-500.0,664.0625,578.125,-296.875,-1132.8125,742.1875,-132.8125,-1117.1875,179.6875,117.1875,-1046.875,-179.6875,148.4375,-1289.0625,-117.1875
1767404,-445.3125,398.4375,546.875,-281.25,-1054.6875,726.5625,-109.375,-1101.5625,187.5,125.0,-1023.4375,-179.6875,125.0,-1335.9375,-62.5
1767404,-445.3125,398.4375,546.875,-281.25,-1054.6875,726.5625,-109.375,-1101.5625,187.5,125.0,-1023.4375,-179.6875,125.0,-1335.9375,-62.5
1767550,-312.5,78.125,-70.3125,-140.625,-570.3125,-62.5,46.875,-554.6875,-101.5625,195.3125,-429.6875,-234.375,101.5625,-593.75,-125.0
1767550,-312.5,78.125,-70.3125,-140.625,-570.3125,-62.5,46.875,-554.6875,-101.5625,195.3125,-429.6875,-234.375,101.5625,-593.75,-125.0
1767558,-421.875,70.3125,-109.375,-203.125,-343.75,-62.5,-125.0,-296.875,-156.25,85.9375,-250.0,-226.5625,132.8125,-359.375,-125.0
1767558,-421.875,70.3125,-109.375,-203.125,-343.75,-62.5,-125.0,-296.875,-156.25,85.9375,-250.0,-226.5625,132.8125,-359.375,-125.0
1767566,-460.9375,78.125,-54.6875,-242.1875,-101.5625,-117.1875,-93.75,-70.3125,-195.3125,-31.25,-62.5,-203.125,179.6875,-125.0,-101.5625
1767566,-460.9375,78.125,-54.6875,-242.1875,-101.5625,-117.1875,-93.75,-70.3125,-195.3125,-31.25,-62.5,-203.125,179.6875,-125.0,-101.5625
1767566,-437.5,117.1875,-39.0625,-195.3125,39.0625,-101.5625,-125.0,62.5,-226.5625,-70.3125,78.125,-179.6875,250.0,31.25,15.625
1767566,-437.5,117.1875,-39.0625,-195.3125,39.0625,-101.5625,-125.0,62.5,-226.5625,-70.3125,78.125,-179.6875,250.0,31.25,15.625
1767711,-820.3125,914.0625,-515.625,-54.6875,257.8125,1203.125,179.6875,-7.8125,1257.8125,195.3125,-179.6875,1179.6875,-250.0,70.3125,1046.875
1767711,-820.3125,914.0625,-515.625,-54.6875,257.8125,1203.125,179.6875,-7.8125,1257.8125,195.3125,-179.6875,1179.6875,-250.0,70.3125,1046.875
1767719,-945.3125,1070.3125,-539.0625,-46.875,289.0625,1257.8125,109.375,-7.8125,1218.75,140.625,-242.1875,1101.5625,-359.375,-39.0625,906.25
1767719,-945.3125,1070.3125,-539.0625,-46.875,289.0625,1257.8125,109.375,-7.8125,1218.75,140.625,-242.1875,1101.5625,-359.375,-39.0625,906.25
1767727,-1054.6875,1195.3125,-523.4375,-62.5,304.6875,1296.875,46.875,-23.4375,1164.0625,-23.4375,-234.375,992.1875,-453.125,-31.25,750.0
1767727,-1054.6875,1195.3125,-523.4375,-62.5,304.6875,1296.875,46.875,-23.4375,1164.0625,-23.4375,-234.375,992.1875,-453.125,-31.25,750.0
1767727,-1125.0,1312.5,-507.8125,-78.125,265.625,1320.3125,7.8125,-39.0625,1140.625,-109.375,-257.8125,929.6875,-531.25,-70.3125,648.4375
1767727,-1125.0,1312.5,-507.8125,-78.125,265.625,1320.3125,7.8125,-39.0625,1140.625,-109.375,-257.8125,929.6875,-531.25,-70.3125,648.4375
1767872,-484.375,507.8125,-164.0625,140.625,109.375,843.75,335.9375,7.8125,937.5,398.4375,-109.375,1023.4375,109.375,132.8125,992.1875
1767872,-484.375,507.8125,-164.0625,140.625,109.375,843.75,335.9375,7.8125,937.5,398.4375,-109.375,1023.4375,109.375,132.8125,992.1875
1767879,-484.375,609.375,-218.75,179.6875,250.0,875.0,351.5625,171.875,914.0625,226.5625,54.6875,914.0625,70.3125,156.25,984.375
1767879,-484.375,609.375,-218.75,179.6875,250.0,875.0,351.5625,171.875,914.0625,226.5625,54.6875,914.0625,70.3125,156.25,984.375
1767888,-468.75,742.1875,-250.0,289.0625,406.25,968.75,312.5,281.25,960.9375,257.8125,62.5,1023.4375,0.0,250.0,968.75
1767888,-468.75,742.1875,-250.0,289.0625,406.25,968.75,312.5,281.25,960.9375,257.8125,62.5,1023.4375,0.0,250.0,968.75
1767888,-421.875,867.1875,-320.3125,328.125,546.875,1054.6875,359.375,429.6875,1054.6875,187.5,265.625,1101.5625,-31.25,468.75,945.3125
1767888,-421.875,867.1875,-320.3125,328.125,546.875,1054.6875,359.375,429.6875,1054.6875,187.5,265.625,1101.5625,-31.25,468.75,945.3125
1768033,-835.9375,820.3125,125.0,109.375,-226.5625,1062.5,164.0625,-367.1875,882.8125,164.0625,-539.0625,718.75,-101.5625,-492.1875,750.0
1768033,-835.9375,820.3125,125.0,109.375,-226.5625,1062.5,164.0625,-367.1875,882.8125,164.0625,-539.0625,718.75,-101.5625,-492.1875,750.0
1768033,-875.0,734.375,242.1875,93.75,-414.0625,1125.0,203.125,-601.5625,953.125,156.25,-695.3125,671.875,-62.5,-609.375,789.0625
1768033,-875.0,734.375,242.1875,93.75,-414.0625,1125.0,203.125,-601.5625,953.125,156.25,-695.3125,671.875,-62.5,-609.375,789.0625
1768041,-945.3125,671.875,335.9375,93.75,-578.125,1125.0,195.3125,-765.625,914.0625,210.9375,-835.9375,664.0625,-15.625,-898.4375,867.1875
1768041,-945.3125,671.875,335.9375,93.75,-578.125,1125.0,195.3125,-765.625,914.0625,210.9375,-835.9375,664.0625,-15.625,-898.4375,867.1875
1768186,-367.1875,578.125,-125.0,539.0625,492.1875,1390.625,390.625,250.0,1125.0,375.0,0.0,1125.0,0.0,265.625,609.375
1768186,-367.1875,578.125,-125.0,539.0625,492.1875,1390.625,390.625,250.0,1125.0,375.0,0.0,1125.0,0.0,265.625,609.375
1768194,-632.8125,679.6875,-140.625,375.0,179.6875,953.125,781.25,281.25,1125.0,281.25,429.6875,1070.3125,289.0625,578.125,953.125
1768194,-632.8125,679.6875,-140.625,375.0,179.6875,953.125,781.25,281.25,1125.0,281.25,429.6875,1070.3125,289.0625,578.125,953.125
1768194,-742.1875,992.1875,-101.5625,367.1875,93.75,679.6875,515.625,62.5,796.875,468.75,171.875,1179.6875,343.75,609.375,1132.8125
1768194,-742.1875,992.1875,-101.5625,367.1875,93.75,679.6875,515.625,62.5,796.875,468.75,171.875,1179.6875,343.75,609.375,1132.8125
1768203,-593.75,1500.0,-101.5625,164.0625,109.375,593.75,203.125,242.1875,882.8125,468.75,-15.625,1148.4375,-132.8125,453.125,703.125
1768203,-593.75,1500.0,-101.5625,164.0625,109.375,593.75,203.125,242.1875,882.8125,468.75,-15.625,1148.4375,-132.8125,453.125,703.125
1768348,-781.25,984.375,-23.4375,156.25,187.5,1007.8125,85.9375,-132.8125,875.0,70.3125,-367.1875,914.0625,117.1875,-437.5,1132.8125
1768348,-781.25,984.375,-23.4375,156.25,187.5,1007.8125,85.9375,-132.8125,875.0,70.3125,-367.1875,914.0625,117.1875,-437.5,1132.8125
1768355,-882.8125,820.3125,-7.8125,15.625,-218.75,960.9375,203.125,-328.125,867.1875,101.5625,-375.0,757.8125,-15.625,-296.875,937.5
1768355,-882.8125,820.3125,-7.8125,15.625,-218.75,960.9375,203.125,-328.125,867.1875,101.5625,-375.0,757.8125,-15.625,-296.875,937.5
1768356,-890.625,703.125,39.0625,-39.0625,-257.8125,1000.0,203.125,-304.6875,992.1875,117.1875,-273.4375,921.875,-101.5625,-406.25,742.1875
1768356,-890.625,703.125,39.0625,-39.0625,-257.8125,1000.0,203.125,-304.6875,992.1875,117.1875,-273.4375,921.875,-101.5625,-406.25,742.1875
1768364,-898.4375,734.375,85.9375,-31.25,-218.75,1070.3125,218.75,-546.875,1023.4375,328.125,-718.75,945.3125,-140.625,-679.6875,828.125
1768364,-898.4375,734.375,85.9375,-31.25,-218.75,1070.3125,218.75,-546.875,1023.4375,328.125,-718.75,945.3125,-140.625,-679.6875,828.125
1768509,-648.4375,390.625,203.125,429.6875,-15.625,1242.1875,312.5,109.375,929.6875,-281.25,-203.125,500.0,828.125,-851.5625,1953.125
1768509,-648.4375,390.625,203.125,429.6875,-15.625,1242.1875,312.5,109.375,929.6875,-281.25,-203.125,500.0,828.125,-851.5625,1953.125
1768517,-531.25,554.6875,125.0,62.5,-70.3125,703.125,296.875,-195.3125,726.5625,687.5,-296.875,1125.0,445.3125,-156.25,1250.0
1768517,-531.25,554.6875,125.0,62.5,-70.3125,703.125,296.875,-195.3125,726.5625,687.5,-296.875,1125.0,445.3125,-156.25,1250.0
1768517,-593.75,781.25,-31.25,-31.25,-39.0625,476.5625,218.75,-281.25,671.875,757.8125,-406.25,1281.25,117.1875,507.8125,648.4375
1768517,-593.75,781.25,-31.25,-31.25,-39.0625,476.5625,218.75,-281.25,671.875,757.8125,-406.25,1281.25,117.1875,507.8125,648.4375
1768525,-648.4375,937.5,-156.25,109.375,171.875,953.125,320.3125,179.6875,1078.125,296.875,-250.0,937.5,-140.625,132.8125,429.6875
1768525,-648.4375,937.5,-156.25,109.375,171.875,953.125,320.3125,179.6875,1078.125,296.875,-250.0,937.5,-140.625,132.8125,429.6875
