2163853,2358.125,2651.25,2261.875
2163853,2358.125,2651.25,2261.875
2163863,2226.875,3010.0,1946.875
2163863,2226.875,3010.0,1946.875
2163874,2073.75,3198.125,1850.625
2163874,2073.75,3198.125,1850.625
2163884,2861.25,3351.25,2975.0
2163884,2861.25,3351.25,2975.0
2163895,1955.625,4173.75,3373.125
2163895,1955.625,4173.75,3373.125
2163905,875.0,4939.375,1544.375
2163905,875.0,4939.375,1544.375
2163915,2069.375,5416.25,1050.0
2163915,2069.375,5416.25,1050.0
2163925,3285.625,5136.25,1426.25
2163925,3285.625,5136.25,1426.25
2163936,3526.25,5967.5,3858.75
2163936,3526.25,5967.5,3858.75
2163946,2878.75,6020.0,3583.125
2163946,2878.75,6020.0,3583.125
2163956,-472.5,5696.25,3679.375
2163956,-472.5,5696.25,3679.375
2163967,-665.0,4375.0,6470.625
2163967,-665.0,4375.0,6470.625
2163977,-1929.375,4305.0,7735.0
2163977,-1929.375,4305.0,7735.0
2163987,-5801.25,4624.375,7678.125
2163987,-5801.25,4624.375,7678.125
2163998,-8505.0,7175.0,7468.125
2163998,-8505.0,7175.0,7468.125
2164008,4200.0,-78.75,2760.625
2164008,4200.0,-78.75,2760.625
2164018,24731.875,-43176.875,-19473.125
2164018,24731.875,-43176.875,-19473.125
2164029,-6216.875,-30310.0,-10618.125
2164029,-6216.875,-30310.0,-10618.125
2164039,-22312.5,-402.5,10241.875
2164039,-22312.5,-402.5,10241.875
2164049,-35450.625,2795.625,20728.75
2164049,-35450.625,2795.625,20728.75
2164059,-49070.0,19805.625,14336.875
2164059,-49070.0,19805.625,14336.875
2164070,-49573.125,-3583.125,16336.25
2164070,-49573.125,-3583.125,16336.25
2164080,-50010.625,-11720.625,35144.375
2164080,-50010.625,-11720.625,35144.375
2164091,-51975.0,-7070.0,44607.5
2164091,-51975.0,-7070.0,44607.5
2164101,-46051.25,-21485.625,65953.125
2164101,-46051.25,-21485.625,65953.125
2164111,-33495.0,-29400.0,74515.0
2164111,-33495.0,-29400.0,74515.0
2164122,-36933.75,-19114.375,86590.0
2164122,-36933.75,-19114.375,86590.0
2164132,-57006.25,-17368.75,98297.5
2164132,-57006.25,-17368.75,98297.5
2164142,-77328.125,-33897.5,104553.75
2164142,-77328.125,-33897.5,104553.75
2164152,-108911.25,-46703.125,108456.25
2164152,-108911.25,-46703.125,108456.25
2164163,-142261.875,-63091.875,112840.0
2164163,-142261.875,-63091.875,112840.0
2164173,-143360.0,-67576.25,128012.5
2164173,-143360.0,-67576.25,128012.5
2164182,-142891.875,-65493.75,124390.0
2164182,-142891.875,-65493.75,124390.0
2164194,-143272.5,-104400.625,124346.25
2164194,-143272.5,-104400.625,124346.25
2164204,-143360.0,-143355.625,138022.5
2164204,-143360.0,-143355.625,138022.5
2164214,-143355.625,-143355.625,-143360.0
2164214,-143355.625,-143355.625,-143360.0
2164225,-143355.625,-142690.625,-143360.0
2164225,-143355.625,-142690.625,-143360.0
2164235,-143360.0,-143320.625,143215.625
2164235,-143360.0,-143320.625,143215.625
2164245,-143360.0,-143355.625,-143360.0
2164245,-143360.0,-143355.625,-143360.0
2164255,-143360.0,-143346.875,-143360.0
2164255,-143360.0,-143346.875,-143360.0
2164266,-126581.875,-143355.625,143355.625
2164266,-126581.875,-143355.625,143355.625
2164276,-63630.0,-143355.625,-143360.0
2164276,-63630.0,-143355.625,-143360.0
2164287,-2016.875,-143355.625,-143360.0
2164287,-2016.875,-143355.625,-143360.0
2164297,29124.375,-143355.625,134198.75
2164297,29124.375,-143355.625,134198.75
2164307,-3618.125,-143355.625,65773.75
2164307,-3618.125,-143355.625,65773.75
2164318,-36881.25,-143355.625,35809.375
2164318,-36881.25,-143355.625,35809.375
2164328,47976.25,-47573.75,91647.5
2164328,47976.25,-47573.75,91647.5
2164338,71496.25,58218.125,18480.0
2164338,71496.25,58218.125,18480.0
2164348,49984.375,33783.75,21621.25
2164348,49984.375,33783.75,21621.25
2164359,126560.0,33630.625,113203.125
2164359,126560.0,33630.625,113203.125
2164369,127404.375,114060.625,115325.0
2164369,127404.375,114060.625,115325.0
2164379,91813.75,131162.5,102221.875
2164379,91813.75,131162.5,102221.875
2164390,91043.75,137939.375,87351.25
2164390,91043.75,137939.375,87351.25
2164400,86848.125,-143360.0,68495.0
2164400,86848.125,-143360.0,68495.0
2164410,100568.125,-143360.0,61446.875
2164410,100568.125,-143360.0,61446.875
2164421,125111.875,143215.625,68713.75
2164421,125111.875,143215.625,68713.75
2164431,132755.0,-143360.0,81655.0
2164431,132755.0,-143360.0,81655.0
2164441,122272.5,-143360.0,95886.875
2164441,122272.5,-143360.0,95886.875
2164452,107205.0,143355.625,107454.375
2164452,107205.0,143355.625,107454.375
2164462,94351.25,-143360.0,113360.625
2164462,94351.25,-143360.0,113360.625
2164472,76383.125,-143360.0,114550.625
2164472,76383.125,-143360.0,114550.625
2164483,44751.875,-143360.0,106592.5
2164483,44751.875,-143360.0,106592.5
2164493,9555.0,-143360.0,95296.25
2164493,9555.0,-143360.0,95296.25
2164503,6860.0,-143360.0,88134.375
2164503,6860.0,-143360.0,88134.375
2164513,17381.875,-143360.0,87031.875
2164513,17381.875,-143360.0,87031.875
2164524,16716.875,-143360.0,84087.5
2164524,16716.875,-143360.0,84087.5
2164534,-2778.125,-143360.0,82118.75
2164534,-2778.125,-143360.0,82118.75
2164544,-43780.625,-143360.0,79415.0
2164544,-43780.625,-143360.0,79415.0
2164555,-91783.125,142476.25,74860.625
2164555,-91783.125,142476.25,74860.625
2164565,-118921.25,126380.625,67904.375
2164565,-118921.25,126380.625,67904.375
2164575,-125501.25,108937.5,63021.875
2164575,-125501.25,108937.5,63021.875
2164586,-122106.25,114060.625,57006.25
2164586,-122106.25,114060.625,57006.25
2164596,-115101.875,125593.125,52613.75
2164596,-115101.875,125593.125,52613.75
2164606,-105214.375,132956.25,50251.25
2164606,-105214.375,132956.25,50251.25
2164617,-103044.375,128231.25,50465.625
2164617,-103044.375,128231.25,50465.625
2164627,-111658.75,120408.75,44598.75
2164627,-111658.75,120408.75,44598.75
2164637,-114423.75,109305.0,37463.125
2164637,-114423.75,109305.0,37463.125
2164647,-115010.0,105284.375,33040.0
2164647,-115010.0,105284.375,33040.0
2164658,-110385.625,101049.375,23996.875
2164658,-110385.625,101049.375,23996.875
2164668,-104763.75,95856.25,21643.125
2164668,-104763.75,95856.25,21643.125
2164678,-108924.375,88895.625,22990.625
2164678,-108924.375,88895.625,22990.625
2164689,-113732.5,81668.125,23051.875
2164689,-113732.5,81668.125,23051.875
2164699,-112035.0,73959.375,20413.75
2164699,-112035.0,73959.375,20413.75
2164710,-101167.5,61801.25,15903.125
2164710,-101167.5,61801.25,15903.125
2164720,-88265.625,49826.875,10285.625
2164720,-88265.625,49826.875,10285.625
2164730,-71443.75,40604.375,9008.125
2164730,-71443.75,40604.375,9008.125
2164740,-46882.5,33569.375,9821.875
2164740,-46882.5,33569.375,9821.875
2164751,-23843.75,25659.375,9480.625
2164751,-23843.75,25659.375,9480.625
2164761,-10023.125,10141.25,7590.625
2164761,-10023.125,10141.25,7590.625
2164771,-2196.25,-5258.75,2003.75
2164771,-2196.25,-5258.75,2003.75
2164781,2506.875,-22395.625,-3871.875
2164781,2506.875,-22395.625,-3871.875
2164792,5096.875,-39296.25,-9668.75
2164792,5096.875,-39296.25,-9668.75
2164802,13024.375,-41995.625,-17513.125
2164802,13024.375,-41995.625,-17513.125
2164813,31333.75,-39270.0,-23275.0
2164813,31333.75,-39270.0,-23275.0
2164823,49371.875,-38158.75,-25235.0
2164823,49371.875,-38158.75,-25235.0
2164834,62199.375,-43688.75,-25431.875
2164834,62199.375,-43688.75,-25431.875
2164844,69575.625,-49301.875,-26403.125
2164844,69575.625,-49301.875,-26403.125
2164854,69886.25,-49805.0,-28656.25
2164854,69886.25,-49805.0,-28656.25
2164864,67051.25,-56918.75,-30139.375
2164864,67051.25,-56918.75,-30139.375
2164875,53663.75,-69956.25,-31373.125
2164875,53663.75,-69956.25,-31373.125
2164885,40070.625,-79953.125,-29938.125
2164885,40070.625,-79953.125,-29938.125
2164895,38889.375,-78181.25,-31876.25
2164895,38889.375,-78181.25,-31876.25
2164906,40967.5,-54477.5,-37051.875
2164906,40967.5,-54477.5,-37051.875
2164916,50929.375,-44865.625,-26005.0
2164916,50929.375,-44865.625,-26005.0
2164926,92076.25,-80198.125,5770.625
2164926,92076.25,-80198.125,5770.625
2164936,116961.25,-40468.75,16279.375
2164936,116961.25,-40468.75,16279.375
2164946,115780.0,192.5,11090.625
2164946,115780.0,192.5,11090.625
2164957,53287.5,-16870.0,-5853.75
2164957,53287.5,-16870.0,-5853.75
2164967,-14428.75,-32182.5,-27680.625
2164967,-14428.75,-32182.5,-27680.625
2164978,-32475.625,-21892.5,-40726.875
2164978,-32475.625,-21892.5,-40726.875
2164988,-31635.625,-15076.25,-42013.125
2164988,-31635.625,-15076.25,-42013.125
2164998,-22820.0,-8785.0,-33705.0
2164998,-22820.0,-8785.0,-33705.0
2165009,-12101.25,8544.375,-21481.25
2165009,-12101.25,8544.375,-21481.25
2165018,-12429.375,19906.25,-9909.375
2165018,-12429.375,19906.25,-9909.375
2165030,-28350.0,19333.125,-2065.0
2165030,-28350.0,19333.125,-2065.0
2165040,-40770.625,17775.625,5565.0
2165040,-40770.625,17775.625,5565.0
2165050,-44603.125,21253.75,14415.625
2165050,-44603.125,21253.75,14415.625
2165060,-51384.375,28686.875,20374.375
2165060,-51384.375,28686.875,20374.375
2165071,-59797.5,35783.125,25274.375
2165071,-59797.5,35783.125,25274.375
2165081,-69982.5,40866.875,29741.25
2165081,-69982.5,40866.875,29741.25
2165091,-76619.375,47643.75,33740.0
2165091,-76619.375,47643.75,33740.0
2165102,-80014.375,52578.75,36303.75
2165102,-80014.375,52578.75,36303.75
2165112,-82022.5,57575.0,38871.875
2165112,-82022.5,57575.0,38871.875
2165122,-80854.375,67130.0,40096.875
2165122,-80854.375,67130.0,40096.875
2165132,-82871.25,76238.75,35940.625
2165132,-82871.25,76238.75,35940.625
2165143,-88847.5,78763.125,29767.5
2165143,-88847.5,78763.125,29767.5
2165152,-96061.875,80972.5,26000.625
2165152,-96061.875,80972.5,26000.625
2165163,-100371.25,79839.375,25655.0
2165163,-100371.25,79839.375,25655.0
2165174,-97724.375,79730.0,27444.375
2165174,-97724.375,79730.0,27444.375
2165184,-90352.5,81466.875,30362.5
2165184,-90352.5,81466.875,30362.5
2165194,-84861.875,84078.75,30616.25
2165194,-84861.875,84078.75,30616.25
2165205,-82390.0,88764.375,27601.875
2165205,-82390.0,88764.375,27601.875
2165215,-80106.25,91227.5,25016.25
2165215,-80106.25,91227.5,25016.25
2165226,-82228.125,88042.5,20785.625
2165226,-82228.125,88042.5,20785.625
2165236,-84428.75,80351.25,16808.75
2165236,-84428.75,80351.25,16808.75
2165246,-82748.75,70608.125,16695.0
2165246,-82748.75,70608.125,16695.0
2165256,-77717.5,63927.5,16738.75
2165256,-77717.5,63927.5,16738.75
2165267,-67672.5,60375.0,15561.875
2165267,-67672.5,60375.0,15561.875
2165277,-60160.625,57334.375,13352.5
2165277,-60160.625,57334.375,13352.5
2165287,-54035.625,53366.25,9703.75
2165287,-54035.625,53366.25,9703.75
2165298,-48899.375,46305.0,5543.125
2165298,-48899.375,46305.0,5543.125
2165308,-45268.125,36666.875,2056.25
2165308,-45268.125,36666.875,2056.25
2165318,-40818.75,26118.75,-818.125
2165318,-40818.75,26118.75,-818.125
2165329,-31517.5,17451.875,-1806.875
2165329,-31517.5,17451.875,-1806.875
2165339,-18624.375,11466.875,-1618.75
2165339,-18624.375,11466.875,-1618.75
2165349,-4869.375,5880.0,-1973.125
2165349,-4869.375,5880.0,-1973.125
2165359,9725.625,-730.625,-4099.375
2165359,9725.625,-730.625,-4099.375
2165370,20247.5,-10058.125,-7931.875
2165370,20247.5,-10058.125,-7931.875
2165380,29763.125,-17001.25,-13243.125
2165380,29763.125,-17001.25,-13243.125
2165390,39913.125,-23318.75,-18978.75
2165390,39913.125,-23318.75,-18978.75
2165401,40761.875,-31885.0,-26153.75
2165401,40761.875,-31885.0,-26153.75
2165411,40184.375,-42870.625,-32878.125
2165411,40184.375,-42870.625,-32878.125
2165422,43841.875,-52403.75,-35507.5
2165422,43841.875,-52403.75,-35507.5
2165431,56879.375,-57645.0,-34877.5
2165431,56879.375,-57645.0,-34877.5
2165441,74283.125,-57036.875,-34488.125
2165441,74283.125,-57036.875,-34488.125
2165452,83138.125,-54245.625,-34273.75
2165452,83138.125,-54245.625,-34273.75
2165463,85750.0,-57426.25,-32554.375
2165463,85750.0,-57426.25,-32554.375
2165473,86511.25,-62501.25,-30730.0
2165473,86511.25,-62501.25,-30730.0
2165483,86533.125,-63398.125,-31478.125
2165483,86533.125,-63398.125,-31478.125
2165494,85653.75,-62278.125,-32987.5
2165494,85653.75,-62278.125,-32987.5
2165504,85592.5,-63428.75,-33184.375
2165504,85592.5,-63428.75,-33184.375
2165514,88519.375,-69505.625,-30428.125
2165514,88519.375,-69505.625,-30428.125
2165525,95186.875,-71736.875,-25917.5
2165525,95186.875,-71736.875,-25917.5
2165535,106627.5,-67760.0,-23043.125
2165535,106627.5,-67760.0,-23043.125
2165545,115215.625,-64028.125,-23397.5
2165545,115215.625,-64028.125,-23397.5
2165555,114559.375,-67663.75,-23528.75
2165555,114559.375,-67663.75,-23528.75
2165566,106789.375,-77743.75,-25239.375
2165566,106789.375,-77743.75,-25239.375
2165576,95628.75,-89381.25,-28988.75
2165576,95628.75,-89381.25,-28988.75
2165586,89831.875,-98818.125,-28971.25
2165586,89831.875,-98818.125,-28971.25
2165596,92999.375,-103481.875,-24740.625
2165596,92999.375,-103481.875,-24740.625
2165607,99172.5,-104116.25,-21205.625
2165607,99172.5,-104116.25,-21205.625
2165618,108211.25,-100760.625,-16655.625
2165618,108211.25,-100760.625,-16655.625
2165628,121336.25,-91280.0,-10863.125
2165628,121336.25,-91280.0,-10863.125
2165638,129193.75,-83947.5,-8347.5
2165638,129193.75,-83947.5,-8347.5
2165648,128340.625,-80447.5,-7621.25
2165648,128340.625,-80447.5,-7621.25
2165659,124871.25,-74637.5,-5840.625
2165659,124871.25,-74637.5,-5840.625
2165669,121747.5,-70713.125,-2358.125
2165669,121747.5,-70713.125,-2358.125
2165679,112087.5,-67725.0,1334.375
2165679,112087.5,-67725.0,1334.375
2165690,103271.875,-60239.375,6916.875
2165690,103271.875,-60239.375,6916.875
2165700,97816.25,-48238.75,10530.625
2165700,97816.25,-48238.75,10530.625
2165710,92828.75,-32379.375,11764.375
2165710,92828.75,-32379.375,11764.375
2165721,84315.0,-16296.875,11410.0
2165721,84315.0,-16296.875,11410.0
2165731,70091.875,-3211.25,10049.375
2165731,70091.875,-3211.25,10049.375
2165741,47971.875,5341.875,7424.375
2165741,47971.875,5341.875,7424.375
2165751,21774.375,12582.5,2686.25
2165751,21774.375,12582.5,2686.25
2165762,-2835.0,19801.25,-3018.75
2165762,-2835.0,19801.25,-3018.75
2165773,-23878.75,26748.75,-8273.125
2165773,-23878.75,26748.75,-8273.125
2165783,-40096.875,34632.5,-10320.625
2165783,-40096.875,34632.5,-10320.625
2165793,-56726.25,40516.875,-10438.75
2165793,-56726.25,40516.875,-10438.75
2165803,-70883.75,46090.625,-9121.875
2165803,-70883.75,46090.625,-9121.875
2165814,-80211.25,52972.5,-6755.0
2165814,-80211.25,52972.5,-6755.0
2165824,-87959.375,58038.75,-2345.0
2165824,-87959.375,58038.75,-2345.0
2165834,-92404.375,62374.375,3714.375
2165834,-92404.375,62374.375,3714.375
2165844,-94412.5,67790.625,9139.375
2165844,-94412.5,67790.625,9139.375
2165855,-97654.375,73526.25,13282.5
2165855,-97654.375,73526.25,13282.5
2165865,-101911.25,75731.25,16817.5
2165865,-101911.25,75731.25,16817.5
2165875,-103355.0,77122.5,20566.875
2165875,-103355.0,77122.5,20566.875
2165886,-104790.0,77336.875,23594.375
2165886,-104790.0,77336.875,23594.375
2165896,-101858.75,81427.5,25580.625
2165896,-101858.75,81427.5,25580.625
2165905,-94154.375,86353.75,27028.75
2165905,-94154.375,86353.75,27028.75
2165917,-90160.0,91476.875,27168.75
2165917,-90160.0,91476.875,27168.75
2165927,-91879.375,94281.25,24578.75
2165927,-91879.375,94281.25,24578.75
2165937,-96591.25,94425.625,21406.875
2165937,-96591.25,94425.625,21406.875
2165948,-100471.875,91599.375,18755.625
2165948,-100471.875,91599.375,18755.625
2165958,-101762.5,87456.25,17574.375
2165958,-101762.5,87456.25,17574.375
2165969,-101176.25,82713.75,17963.75
2165969,-101176.25,82713.75,17963.75
2165978,-96503.75,79502.5,19337.5
2165978,-96503.75,79502.5,19337.5
2165989,-87727.5,77997.5,20873.125
2165989,-87727.5,77997.5,20873.125
2165999,-77188.125,76453.125,21695.625
2165999,-77188.125,76453.125,21695.625
2166010,-69225.625,74112.5,20899.375
2166010,-69225.625,74112.5,20899.375
2166020,-64448.125,71876.875,18738.125
2166020,-64448.125,71876.875,18738.125
2166030,-58493.75,67440.625,16948.75
2166030,-58493.75,67440.625,16948.75
2166041,-52521.875,60628.75,16288.125
2166041,-52521.875,60628.75,16288.125
2166051,-47954.375,52158.75,16126.25
2166051,-47954.375,52158.75,16126.25
2166061,-42258.125,43570.625,16454.375
2166061,-42258.125,43570.625,16454.375
2166071,-36299.375,37813.125,16734.375
2166071,-36299.375,37813.125,16734.375
2166082,-28529.375,33753.125,16480.625
2166082,-28529.375,33753.125,16480.625
2166092,-21980.0,29688.75,15898.75
2166092,-21980.0,29688.75,15898.75
2166102,-17491.25,26162.5,15032.5
2166102,-17491.25,26162.5,15032.5
2166113,-12188.75,23467.5,14958.125
2166113,-12188.75,23467.5,14958.125
2166123,-6671.875,19757.5,15684.375
2166123,-6671.875,19757.5,15684.375
2166133,-3093.125,13698.125,17150.0
2166133,-3093.125,13698.125,17150.0
2166144,-1137.5,5670.0,18545.625
2166144,-1137.5,5670.0,18545.625
2166154,1295.0,-730.625,18956.875
2166154,1295.0,-730.625,18956.875
2166165,4392.5,-4593.75,17788.75
2166165,4392.5,-4593.75,17788.75
2166174,6466.25,-6798.75,15386.875
2166174,6466.25,-6798.75,15386.875
2166185,8684.375,-9266.25,13807.5
2166185,8684.375,-9266.25,13807.5
2166195,10828.125,-13278.125,12446.875
2166195,10828.125,-13278.125,12446.875
2166205,10745.0,-17600.625,11633.125
2166205,10745.0,-17600.625,11633.125
2166216,10906.875,-21643.125,11414.375
2166216,10906.875,-21643.125,11414.375
2166226,11151.875,-24920.0,10631.25
2166226,11151.875,-24920.0,10631.25
2166237,11873.75,-27413.75,10220.0
2166237,11873.75,-27413.75,10220.0
2166247,12425.0,-28463.75,9121.875
2166247,12425.0,-28463.75,9121.875
2166257,13702.5,-28481.25,8045.625
2166257,13702.5,-28481.25,8045.625
2166267,14988.75,-27405.0,7560.0
2166267,14988.75,-27405.0,7560.0
2166278,14223.125,-27155.625,6969.375
2166278,14223.125,-27155.625,6969.375
2166288,14030.625,-26801.25,6995.625
2166288,14030.625,-26801.25,6995.625
2166298,14227.5,-25173.75,7249.375
2166298,14227.5,-25173.75,7249.375
2166309,14490.0,-22356.25,7406.875
2166309,14490.0,-22356.25,7406.875
2166320,16642.5,-18672.5,7796.25
2166320,16642.5,-18672.5,7796.25
2166329,19285.0,-14713.125,8421.875
2166329,19285.0,-14713.125,8421.875
2166340,18663.75,-11633.125,8111.25
2166340,18663.75,-11633.125,8111.25
2166349,16082.5,-10045.0,7166.25
2166349,16082.5,-10045.0,7166.25
2166361,12753.125,-9721.25,5923.75
2166361,12753.125,-9721.25,5923.75
2166371,8736.875,-9948.75,4099.375
2166371,8736.875,-9948.75,4099.375
2166381,6689.375,-8150.625,2690.625
2166381,6689.375,-8150.625,2690.625
2166391,6763.75,-5359.375,1386.875
2166391,6763.75,-5359.375,1386.875
2166401,6728.75,-3591.875,105.0
2166401,6728.75,-3591.875,105.0
2166411,5840.625,-2695.0,-866.25
2166411,5840.625,-2695.0,-866.25
2166422,3740.625,-2331.875,-1890.0
2166422,3740.625,-2331.875,-1890.0
2166433,2283.75,-1513.75,-2607.5
2166433,2283.75,-1513.75,-2607.5
2166443,2060.625,376.25,-3373.125
2166443,2060.625,376.25,-3373.125
2166453,2135.0,1898.75,-3591.875
2166453,2135.0,1898.75,-3591.875
2166463,1890.0,1592.5,-3351.25
2166463,1890.0,1592.5,-3351.25
2166474,1540.0,1662.5,-2401.875
2166474,1540.0,1662.5,-2401.875
2166484,2248.75,1610.0,-415.625
2166484,2248.75,1610.0,-415.625
2166494,3329.375,1032.5,1220.625
2166494,3329.375,1032.5,1220.625
2166504,4641.875,2130.625,1211.875
2166504,4641.875,2130.625,1211.875
2166515,4698.75,2948.75,201.25
2166515,4698.75,2948.75,201.25
2166525,4659.375,2782.5,-157.5
2166525,4659.375,2782.5,-157.5
2166536,4563.125,2156.875,-358.75
2166536,4563.125,2156.875,-358.75
2166546,5385.625,1413.125,-288.75
2166546,5385.625,1413.125,-288.75
2166557,6391.875,126.875,336.875
2166557,6391.875,126.875,336.875
2166567,7735.0,-608.125,1093.75
2166567,7735.0,-608.125,1093.75
2166577,9209.375,-1023.75,993.125
2166577,9209.375,-1023.75,993.125
2166587,9786.875,-660.625,48.125
2166587,9786.875,-660.625,48.125
2166598,9940.0,-616.875,-918.75
2166598,9940.0,-616.875,-918.75
2166608,9646.875,-1566.25,-1942.5
2166608,9646.875,-1566.25,-1942.5
2166618,9445.625,-2795.625,-2550.625
2166618,9445.625,-2795.625,-2550.625
2166629,9817.5,-3605.0,-3097.5
2166629,9817.5,-3605.0,-3097.5
2166638,9861.25,-4414.375,-3780.0
2166638,9861.25,-4414.375,-3780.0
2166649,9769.375,-5608.75,-3876.25
2166649,9769.375,-5608.75,-3876.25
2166659,9616.25,-6457.5,-4081.875
2166659,9616.25,-6457.5,-4081.875
2166668,10858.75,-6807.5,-5035.625
2166668,10858.75,-6807.5,-5035.625
2166680,11213.125,-6352.5,-6448.75
2166680,11213.125,-6352.5,-6448.75
2166690,11952.5,-5958.75,-7301.875
2166690,11952.5,-5958.75,-7301.875
2166701,12805.625,-6050.625,-8334.375
2166701,12805.625,-6050.625,-8334.375
2166712,13518.75,-6247.5,-9598.75
2166712,13518.75,-6247.5,-9598.75
2166721,13335.0,-6304.375,-10714.375
2166721,13335.0,-6304.375,-10714.375
2166732,12814.375,-7796.25,-11558.75
2166732,12814.375,-7796.25,-11558.75
2166742,11165.0,-10521.875,-11641.875
2166742,11165.0,-10521.875,-11641.875
2166753,11344.375,-12656.875,-12324.375
2166753,11344.375,-12656.875,-12324.375
2166763,12158.125,-13807.5,-12985.0
2166763,12158.125,-13807.5,-12985.0
2166773,10565.625,-14761.25,-13636.875
2166773,10565.625,-14761.25,-13636.875
2166782,10600.625,-16183.125,-13545.0
2166782,10600.625,-16183.125,-13545.0
2166794,11226.25,-16808.75,-13838.125
2166794,11226.25,-16808.75,-13838.125
2166804,11571.875,-17185.0,-13860.0
2166804,11571.875,-17185.0,-13860.0
2166814,12315.625,-18300.625,-13466.25
2166814,12315.625,-18300.625,-13466.25
2166825,12792.5,-18847.5,-13755.0
2166825,12792.5,-18847.5,-13755.0
2166835,14021.875,-19910.625,-14380.625
2166835,14021.875,-19910.625,-14380.625
2166845,12845.0,-20667.5,-14822.5
2166845,12845.0,-20667.5,-14822.5
2166855,12748.75,-21931.875,-14822.5
2166855,12748.75,-21931.875,-14822.5
2166865,13960.625,-22176.875,-14546.875
2166865,13960.625,-22176.875,-14546.875
2166876,15098.125,-21905.625,-14336.875
2166876,15098.125,-21905.625,-14336.875
2166886,15588.125,-21577.5,-15102.5
2166886,15588.125,-21577.5,-15102.5
2166897,16113.125,-21651.875,-16747.5
2166897,16113.125,-21651.875,-16747.5
2166908,16808.75,-21105.0,-19092.5
2166908,16808.75,-21105.0,-19092.5
2166917,17578.75,-20785.625,-23016.875
2166917,17578.75,-20785.625,-23016.875
2166928,16673.125,-22032.5,-27702.5
2166928,16673.125,-22032.5,-27702.5
2166938,11838.75,-25042.5,-31469.375
2166938,11838.75,-25042.5,-31469.375
2166949,9467.5,-26674.375,-34510.0
2166949,9467.5,-26674.375,-34510.0
2166959,12464.375,-26031.25,-36977.5
2166959,12464.375,-26031.25,-36977.5
