2191028,-143351.25,12044.375,-143360.0
2191028,-143351.25,12044.375,-143360.0
2191039,-143360.0,-37371.25,-143360.0
2191039,-143360.0,-37371.25,-143360.0
2191050,-143360.0,-94351.25,-143360.0
2191050,-143360.0,-94351.25,-143360.0
2191061,-143360.0,-135856.875,139514.375
2191061,-143360.0,-135856.875,139514.375
2191071,-143360.0,-143355.625,81921.875
2191071,-143360.0,-143355.625,81921.875
2191081,-143360.0,-143150.0,13072.5
2191081,-143360.0,-143150.0,13072.5
2191091,-143360.0,-143128.125,7608.125
2191091,-143360.0,-143128.125,7608.125
2191101,-141776.25,-143355.625,36701.875
2191101,-141776.25,-143355.625,36701.875
2191111,-92890.0,-143355.625,50618.75
2191111,-92890.0,-143355.625,50618.75
2191122,-13702.5,-143351.25,33263.125
2191122,-13702.5,-143351.25,33263.125
2191132,40210.625,-142931.25,-11501.875
2191132,40210.625,-142931.25,-11501.875
2191143,95103.75,-69741.875,36295.0
2191143,95103.75,-69741.875,36295.0
2191153,106942.5,18029.375,34908.125
2191153,106942.5,18029.375,34908.125
2191163,94010.0,-14065.625,23226.875
2191163,94010.0,-14065.625,23226.875
2191174,81506.25,-32799.375,53777.5
2191174,81506.25,-32799.375,53777.5
2191184,71588.125,-40499.375,51611.875
2191184,71588.125,-40499.375,51611.875
2191194,66062.5,-48746.25,41986.875
2191194,66062.5,-48746.25,41986.875
2191204,53668.125,-39204.375,28813.75
2191204,53668.125,-39204.375,28813.75
2191215,22885.625,-17386.25,9782.5
2191215,22885.625,-17386.25,9782.5
2191226,-7861.875,-3141.25,4624.375
2191226,-7861.875,-3141.25,4624.375
2191235,-31972.5,23056.25,13636.875
2191235,-31972.5,23056.25,13636.875
2191246,-50181.25,47315.625,21332.5
2191246,-50181.25,47315.625,21332.5
2191256,-64010.625,72139.375,24688.125
2191256,-64010.625,72139.375,24688.125
2191267,-76930.0,96565.0,29448.125
2191267,-76930.0,96565.0,29448.125
2191276,-95388.125,106207.5,36575.0
2191276,-95388.125,106207.5,36575.0
2191287,-107056.25,115451.875,47376.875
2191287,-107056.25,115451.875,47376.875
2191297,-115718.75,131560.625,54735.625
2191297,-115718.75,131560.625,54735.625
2191308,-124748.75,-143360.0,59946.25
2191308,-124748.75,-143360.0,59946.25
2191318,-139138.125,-143360.0,62085.625
2191318,-139138.125,-143360.0,62085.625
2191328,-143360.0,143145.625,63546.875
2191328,-143360.0,143145.625,63546.875
2191339,-143360.0,143351.25,64977.5
2191339,-143360.0,143351.25,64977.5
2191349,-143246.25,-143360.0,63756.875
2191349,-143246.25,-143360.0,63756.875
2191359,-143360.0,143355.625,64308.125
2191359,-143360.0,143355.625,64308.125
2191370,-143360.0,-143360.0,58699.375
2191370,-143360.0,-143360.0,58699.375
2191380,-143355.625,-143360.0,55006.875
2191380,-143355.625,-143360.0,55006.875
2191390,-143031.875,-143360.0,48965.0
2191390,-143031.875,-143360.0,48965.0
2191400,-135603.125,-143360.0,45836.875
2191400,-135603.125,-143360.0,45836.875
2191411,-128537.5,-143360.0,40726.875
2191411,-128537.5,-143360.0,40726.875
2191422,-124818.75,-143360.0,35113.75
2191422,-124818.75,-143360.0,35113.75
2191431,-120750.0,143281.25,29260.0
2191431,-120750.0,143281.25,29260.0
2191442,-113439.375,139041.875,21822.5
2191442,-113439.375,139041.875,21822.5
2191452,-105319.375,129320.625,14275.625
2191452,-105319.375,129320.625,14275.625
2191463,-96941.25,118877.5,6470.625
2191463,-96941.25,118877.5,6470.625
2191473,-87381.875,108994.375,-958.125
2191473,-87381.875,108994.375,-958.125
2191483,-76448.75,97711.25,-7140.0
2191483,-76448.75,97711.25,-7140.0
2191493,-63437.5,84844.375,-12411.875
2191493,-63437.5,84844.375,-12411.875
2191504,-49441.875,69146.875,-15723.75
2191504,-49441.875,69146.875,-15723.75
2191514,-37673.125,51896.25,-13715.625
2191514,-37673.125,51896.25,-13715.625
2191524,-26337.5,33302.5,-10635.625
2191524,-26337.5,33302.5,-10635.625
2191534,-13103.125,16568.125,-9458.75
2191534,-13103.125,16568.125,-9458.75
2191545,1133.125,4121.25,-9913.75
2191545,1133.125,4121.25,-9913.75
2191555,11554.375,-7236.25,-13365.625
2191555,11554.375,-7236.25,-13365.625
2191566,20741.875,-17950.625,-17198.125
2191566,20741.875,-17950.625,-17198.125
2191576,29701.875,-29242.5,-18768.75
2191576,29701.875,-29242.5,-18768.75
2191586,38893.75,-43168.125,-16139.375
2191586,38893.75,-43168.125,-16139.375
2191596,47197.5,-59618.125,-11108.125
2191596,47197.5,-59618.125,-11108.125
2191606,53948.125,-74865.0,-6391.875
2191606,53948.125,-74865.0,-6391.875
2191616,58187.5,-86891.875,-2751.875
2191616,58187.5,-86891.875,-2751.875
2191627,59473.75,-98393.75,2651.25
2191627,59473.75,-98393.75,2651.25
2191638,59793.125,-113723.75,10005.625
2191638,59793.125,-113723.75,10005.625
2191648,64706.25,-127023.75,14586.25
2191648,64706.25,-127023.75,14586.25
2191658,77866.25,-130536.875,16485.0
2191658,77866.25,-130536.875,16485.0
2191669,100135.0,-128366.875,17968.125
2191669,100135.0,-128366.875,17968.125
2191679,127715.0,-121852.5,20606.25
2191679,127715.0,-121852.5,20606.25
2191690,143355.625,-114078.125,22155.0
2191690,143355.625,-114078.125,22155.0
2191700,143355.625,-108478.125,20116.25
2191700,143355.625,-108478.125,20116.25
2191710,143023.125,-111632.5,12516.875
2191710,143023.125,-111632.5,12516.875
2191720,143355.625,-118746.25,1771.875
2191720,143355.625,-118746.25,1771.875
2191731,137703.125,-124753.125,-10758.125
2191731,137703.125,-124753.125,-10758.125
2191741,123948.125,-122185.0,-23318.75
2191741,123948.125,-122185.0,-23318.75
2191751,118221.25,-115858.75,-34912.5
2191751,118221.25,-115858.75,-34912.5
2191762,121695.0,-107795.625,-42166.25
2191762,121695.0,-107795.625,-42166.25
2191772,128738.75,-98940.625,-45311.875
2191772,128738.75,-98940.625,-45311.875
2191782,135021.25,-92163.75,-47600.0
2191782,135021.25,-92163.75,-47600.0
2191793,130116.875,-83523.125,-49437.5
2191793,130116.875,-83523.125,-49437.5
2191803,112411.25,-75140.625,-50080.625
2191803,112411.25,-75140.625,-50080.625
2191814,88480.0,-71220.625,-51301.25
2191814,88480.0,-71220.625,-51301.25
2191823,70831.25,-68814.375,-47858.125
2191823,70831.25,-68814.375,-47858.125
2191834,59906.875,-64076.25,-36789.375
2191834,59906.875,-64076.25,-36789.375
2191844,53847.5,-55103.125,-21126.875
2191844,53847.5,-55103.125,-21126.875
2191855,55378.75,-42008.75,-4449.375
2191855,55378.75,-42008.75,-4449.375
2191865,48518.75,-23808.75,6488.125
2191865,48518.75,-23808.75,6488.125
2191875,32060.0,-7446.25,13151.25
2191875,32060.0,-7446.25,13151.25
2191886,11773.125,5171.25,17430.0
2191886,11773.125,5171.25,17430.0
2191896,-9323.125,17648.75,19814.375
2191896,-9323.125,17648.75,19814.375
2191906,-25173.75,31613.75,22115.625
2191906,-25173.75,31613.75,22115.625
2191916,-34763.75,48685.0,24530.625
2191916,-34763.75,48685.0,24530.625
2191927,-43500.625,65550.625,25515.0
2191927,-43500.625,65550.625,25515.0
2191937,-57850.625,77879.375,23712.5
2191937,-57850.625,77879.375,23712.5
2191947,-74812.5,84555.625,21538.125
2191947,-74812.5,84555.625,21538.125
2191958,-92273.125,88003.125,18401.25
2191958,-92273.125,88003.125,18401.25
2191968,-106671.25,92325.625,15964.375
2191968,-106671.25,92325.625,15964.375
2191978,-116121.25,97540.625,15684.375
2191978,-116121.25,97540.625,15684.375
2191989,-120465.625,104251.875,16043.125
2191989,-120465.625,104251.875,16043.125
2191999,-122132.5,110411.875,16327.5
2191999,-122132.5,110411.875,16327.5
2192010,-123418.75,115521.875,15881.25
2192010,-123418.75,115521.875,15881.25
2192020,-122176.25,119179.375,16515.625
2192020,-122176.25,119179.375,16515.625
2192030,-118453.125,120824.375,18208.75
2192030,-118453.125,120824.375,18208.75
2192040,-114559.375,119717.5,19678.75
2192040,-114559.375,119717.5,19678.75
2192050,-113255.625,116396.875,20046.25
2192050,-113255.625,116396.875,20046.25
2192061,-112179.375,112363.125,21616.875
2192061,-112179.375,112363.125,21616.875
2192071,-108854.375,108259.375,24320.625
2192071,-108854.375,108259.375,24320.625
2192082,-102711.875,105647.5,26363.75
2192082,-102711.875,105647.5,26363.75
2192092,-94290.0,102742.5,27160.0
2192092,-94290.0,102742.5,27160.0
2192102,-87263.75,97951.875,25501.875
2192102,-87263.75,97951.875,25501.875
2192112,-80889.375,92995.0,23401.875
2192112,-80889.375,92995.0,23401.875
2192123,-74055.625,89197.5,20356.875
2192123,-74055.625,89197.5,20356.875
2192133,-65660.0,84288.75,15920.625
2192133,-65660.0,84288.75,15920.625
2192143,-55356.875,77848.75,11121.25
2192143,-55356.875,77848.75,11121.25
2192154,-45626.875,69457.5,5639.375
2192154,-45626.875,69457.5,5639.375
2192165,-35275.625,58445.625,669.375
2192165,-35275.625,58445.625,669.375
2192174,-25243.75,45740.625,-3513.125
2192174,-25243.75,45740.625,-3513.125
2192185,-16782.5,31526.25,-7196.875
2192185,-16782.5,31526.25,-7196.875
2192195,-9170.0,17657.5,-9979.375
2192195,-9170.0,17657.5,-9979.375
2192204,-1995.0,6234.375,-12853.75
2192204,-1995.0,6234.375,-12853.75
2192216,5018.125,-3828.125,-15780.625
2192216,5018.125,-3828.125,-15780.625
2192226,13050.625,-15890.0,-17276.875
2192226,13050.625,-15890.0,-17276.875
2192236,21118.125,-27750.625,-17885.0
2192236,21118.125,-27750.625,-17885.0
2192247,30800.0,-37051.875,-18182.5
2192247,30800.0,-37051.875,-18182.5
2192257,42962.5,-45434.375,-19250.0
2192257,42962.5,-45434.375,-19250.0
2192267,54521.25,-52176.25,-21761.25
2192267,54521.25,-52176.25,-21761.25
2192278,63726.25,-58353.75,-24810.625
2192278,63726.25,-58353.75,-24810.625
2192288,70678.125,-65445.625,-28581.875
2192288,70678.125,-65445.625,-28581.875
2192298,77791.875,-72686.25,-32405.625
2192298,77791.875,-72686.25,-32405.625
2192308,81147.5,-83313.125,-38508.75
2192308,81147.5,-83313.125,-38508.75
2192319,76028.75,-93585.625,-46099.375
2192319,76028.75,-93585.625,-46099.375
2192329,67169.375,-101482.5,-52206.875
2192329,67169.375,-101482.5,-52206.875
2192339,64268.75,-106229.375,-55238.75
2192339,64268.75,-106229.375,-55238.75
2192349,73119.375,-104803.125,-55081.25
2192349,73119.375,-104803.125,-55081.25
2192360,91634.375,-99351.875,-52075.625
2192360,91634.375,-99351.875,-52075.625
2192370,120334.375,-91533.75,-44086.875
2192370,120334.375,-91533.75,-44086.875
2192381,143014.375,-83181.875,-37699.375
2192381,143014.375,-83181.875,-37699.375
2192390,143355.625,-79178.75,-36150.625
2192390,143355.625,-79178.75,-36150.625
2192401,143023.125,-80858.75,-36426.25
2192401,143023.125,-80858.75,-36426.25
2192411,138923.75,-83965.0,-36251.25
2192411,138923.75,-83965.0,-36251.25
2192422,132295.625,-84555.625,-33814.375
2192422,132295.625,-84555.625,-33814.375
2192432,129206.875,-85767.5,-29693.125
2192432,129206.875,-85767.5,-29693.125
2192443,128861.25,-85903.125,-24653.125
2192443,128861.25,-85903.125,-24653.125
2192453,131324.375,-85894.375,-20335.0
2192453,131324.375,-85894.375,-20335.0
2192463,125251.875,-85141.875,-21857.5
2192463,125251.875,-85141.875,-21857.5
2192474,105980.0,-79384.375,-27418.125
2192474,105980.0,-79384.375,-27418.125
2192484,84818.125,-73438.75,-31110.625
2192484,84818.125,-73438.75,-31110.625
2192494,65655.625,-67943.75,-32305.0
2192494,65655.625,-67943.75,-32305.0
2192504,53195.625,-62689.375,-28205.625
2192504,53195.625,-62689.375,-28205.625
2192516,43981.875,-56564.375,-21805.0
2192516,43981.875,-56564.375,-21805.0
2192525,33897.5,-49660.625,-16401.875
2192525,33897.5,-49660.625,-16401.875
2192535,21923.125,-42113.75,-11987.5
2192535,21923.125,-42113.75,-11987.5
2192546,5705.0,-30721.25,-8876.875
2192546,5705.0,-30721.25,-8876.875
2192556,-9130.625,-16266.25,-5359.375
2192556,-9130.625,-16266.25,-5359.375
2192566,-20195.0,-1181.25,-288.75
2192566,-20195.0,-1181.25,-288.75
2192577,-29798.125,15238.125,4567.5
2192577,-29798.125,15238.125,4567.5
2192587,-39466.875,29938.125,7931.875
2192587,-39466.875,29938.125,7931.875
2192597,-51756.25,40792.5,8544.375
2192597,-51756.25,40792.5,8544.375
2192608,-65205.0,48383.125,7651.875
2192608,-65205.0,48383.125,7651.875
2192618,-78890.0,54110.0,6426.875
2192618,-78890.0,54110.0,6426.875
2192628,-91625.625,59276.875,4707.5
2192628,-91625.625,59276.875,4707.5
2192639,-100170.0,64693.125,4033.75
2192639,-100170.0,64693.125,4033.75
2192649,-105188.125,69895.0,4383.75
2192649,-105188.125,69895.0,4383.75
2192659,-110578.125,73675.0,4125.625
2192659,-110578.125,73675.0,4125.625
2192670,-116948.125,74606.875,3605.0
2192670,-116948.125,74606.875,3605.0
2192680,-125203.75,73565.625,3080.0
2192680,-125203.75,73565.625,3080.0
2192690,-131289.375,74055.625,3552.5
2192690,-131289.375,74055.625,3552.5
2192701,-129416.875,79953.125,7284.375
2192701,-129416.875,79953.125,7284.375
2192711,-121944.375,85990.625,11821.25
2192711,-121944.375,85990.625,11821.25
2192721,-113347.5,89678.75,16660.0
2192721,-113347.5,89678.75,16660.0
2192731,-108023.125,88843.125,20527.5
2192731,-108023.125,88843.125,20527.5
2192742,-106028.125,85820.0,23073.75
2192742,-106028.125,85820.0,23073.75
2192752,-101521.875,84901.25,25733.75
2192752,-101521.875,84901.25,25733.75
2192762,-93835.0,86572.5,26429.375
2192762,-93835.0,86572.5,26429.375
2192773,-84660.625,89936.875,25449.375
2192773,-84660.625,89936.875,25449.375
2192783,-75171.25,92400.0,24338.125
2192783,-75171.25,92400.0,24338.125
2192793,-66346.875,92614.375,23546.25
2192793,-66346.875,92614.375,23546.25
2192804,-59482.5,88410.0,21936.25
2192804,-59482.5,88410.0,21936.25
2192814,-54512.5,81948.125,18637.5
2192814,-54512.5,81948.125,18637.5
2192824,-51590.0,75512.5,13571.25
2192824,-51590.0,75512.5,13571.25
2192835,-49555.625,70914.375,7293.125
2192835,-49555.625,70914.375,7293.125
2192845,-45500.0,66276.875,564.375
2192845,-45500.0,66276.875,564.375
2192855,-41260.625,61486.25,-6453.125
2192855,-41260.625,61486.25,-6453.125
2192866,-37034.375,55658.75,-13164.375
2192866,-37034.375,55658.75,-13164.375
2192876,-33018.125,49774.375,-18471.25
2192876,-33018.125,49774.375,-18471.25
2192886,-28529.375,43596.875,-22045.625
2192886,-28529.375,43596.875,-22045.625
2192897,-20510.0,38303.125,-23445.625
2192897,-20510.0,38303.125,-23445.625
2192907,-10123.75,32576.25,-23655.625
2192907,-10123.75,32576.25,-23655.625
2192917,1155.0,26560.625,-22513.75
2192917,1155.0,26560.625,-22513.75
2192927,12438.125,21100.625,-20956.25
2192927,12438.125,21100.625,-20956.25
2192938,21398.125,15356.25,-22015.0
2192938,21398.125,15356.25,-22015.0
2192948,29811.25,9117.5,-25178.125
2192948,29811.25,9117.5,-25178.125
2192958,36487.5,3093.125,-29369.375
2192958,36487.5,3093.125,-29369.375
2192969,42328.125,-2515.625,-33906.25
2192969,42328.125,-2515.625,-33906.25
2192979,47963.125,-10473.75,-37021.25
2192979,47963.125,-10473.75,-37021.25
2192989,51708.125,-20033.125,-37725.625
2192989,51708.125,-20033.125,-37725.625
2192999,56988.75,-29028.125,-35188.125
2192999,56988.75,-29028.125,-35188.125
2193010,64627.5,-36960.0,-30038.75
2193010,64627.5,-36960.0,-30038.75
2193020,72270.625,-44848.125,-25576.25
2193020,72270.625,-44848.125,-25576.25
2193031,80443.125,-51703.75,-21503.125
2193031,80443.125,-51703.75,-21503.125
2193041,87863.125,-57211.875,-19061.875
2193041,87863.125,-57211.875,-19061.875
2193051,95558.75,-61626.25,-17941.875
2193051,95558.75,-61626.25,-17941.875
2193062,104606.25,-67340.0,-15938.125
2193062,104606.25,-67340.0,-15938.125
2193072,107843.75,-73644.375,-15806.875
2193072,107843.75,-73644.375,-15806.875
2193082,102834.375,-79598.75,-18086.25
2193082,102834.375,-79598.75,-18086.25
2193093,98463.75,-85588.125,-19197.5
2193093,98463.75,-85588.125,-19197.5
2193103,93988.125,-90260.625,-19000.625
2193103,93988.125,-90260.625,-19000.625
2193113,93638.125,-95663.75,-14647.5
2193113,93638.125,-95663.75,-14647.5
2193123,98892.5,-99715.0,-6448.75
2193123,98892.5,-99715.0,-6448.75
2193134,108775.625,-99386.875,2506.875
2193134,108775.625,-99386.875,2506.875
2193144,120898.75,-94342.5,9576.875
2193144,120898.75,-94342.5,9576.875
2193154,131149.375,-86126.25,13693.75
2193154,131149.375,-86126.25,13693.75
2193165,135156.875,-79095.625,14332.5
2193165,135156.875,-79095.625,14332.5
2193175,134719.375,-74646.25,13488.125
2193175,134719.375,-74646.25,13488.125
2193185,128568.125,-73285.625,11453.75
2193185,128568.125,-73285.625,11453.75
2193196,122150.0,-73386.25,10080.0
2193196,122150.0,-73386.25,10080.0
2193206,116952.5,-73386.25,10141.25
2193206,116952.5,-73386.25,10141.25
2193215,112105.0,-72651.25,10631.25
2193215,112105.0,-72651.25,10631.25
2193227,107051.875,-71242.5,10123.75
2193227,107051.875,-71242.5,10123.75
2193237,98367.5,-67808.125,5884.375
2193237,98367.5,-67808.125,5884.375
2193247,86450.0,-61635.0,879.375
2193247,86450.0,-61635.0,879.375
2193258,72493.75,-56105.0,-3521.875
2193258,72493.75,-56105.0,-3521.875
2193268,59346.875,-51533.125,-5534.375
2193268,59346.875,-51533.125,-5534.375
2193278,45968.125,-45801.875,-6006.875
2193278,45968.125,-45801.875,-6006.875
2193289,34584.375,-38167.5,-6177.5
2193289,34584.375,-38167.5,-6177.5
2193299,22977.5,-28866.25,-6510.0
2193299,22977.5,-28866.25,-6510.0
2193309,8776.25,-20033.125,-6295.625
2193309,8776.25,-20033.125,-6295.625
2193319,-7931.875,-11799.375,-5446.875
2193319,-7931.875,-11799.375,-5446.875
2193330,-25165.0,-4322.5,-4261.25
2193330,-25165.0,-4322.5,-4261.25
2193340,-41741.875,3679.375,-2734.375
2193340,-41741.875,3679.375,-2734.375
2193350,-54726.875,13103.125,700.0
2193350,-54726.875,13103.125,700.0
2193361,-63035.0,25243.75,5490.625
2193361,-63035.0,25243.75,5490.625
2193371,-67239.375,38193.75,10255.0
2193371,-67239.375,38193.75,10255.0
2193381,-71351.875,48505.625,13479.375
2193381,-71351.875,48505.625,13479.375
2193392,-79345.0,53396.875,15246.875
2193392,-79345.0,53396.875,15246.875
2193402,-88948.125,53913.125,17023.125
2193402,-88948.125,53913.125,17023.125
2193413,-98223.125,54070.625,19280.625
2193413,-98223.125,54070.625,19280.625
2193423,-105253.75,56319.375,21678.125
2193423,-105253.75,56319.375,21678.125
2193433,-107113.125,60156.25,24141.25
2193433,-107113.125,60156.25,24141.25
2193443,-107253.125,63258.125,25497.5
2193443,-107253.125,63258.125,25497.5
2193454,-108517.5,66014.375,25720.625
2193454,-108517.5,66014.375,25720.625
2193464,-109143.125,70520.625,26031.25
2193464,-109143.125,70520.625,26031.25
2193474,-106369.375,73399.375,26888.75
2193474,-106369.375,73399.375,26888.75
2193484,-103210.625,75788.125,26626.25
2193484,-103210.625,75788.125,26626.25
2193495,-100515.625,78413.125,25917.5
2193495,-100515.625,78413.125,25917.5
2193505,-98385.0,77739.375,24473.75
2193505,-98385.0,77739.375,24473.75
2193516,-97291.25,75101.25,23275.0
2193516,-97291.25,75101.25,23275.0
2193526,-97868.75,71190.0,21914.375
2193526,-97868.75,71190.0,21914.375
2193536,-96425.0,67891.25,20925.625
2193536,-96425.0,67891.25,20925.625
2193546,-91669.375,65104.375,19433.75
2193546,-91669.375,65104.375,19433.75
2193557,-84643.125,63336.875,18873.75
2193557,-84643.125,63336.875,18873.75
2193567,-76527.5,61735.625,19460.0
2193567,-76527.5,61735.625,19460.0
2193577,-63761.25,62619.375,13553.75
2193577,-63761.25,62619.375,13553.75
2193588,-55085.625,59220.0,12845.0
2193588,-55085.625,59220.0,12845.0
2193598,-49896.875,54836.25,7673.75
2193598,-49896.875,54836.25,7673.75
2193608,-46283.125,50750.0,2625.0
2193608,-46283.125,50750.0,2625.0
2193619,-41671.875,45351.25,-2813.125
2193619,-41671.875,45351.25,-2813.125
2193629,-36566.25,39681.25,-8015.0
2193629,-36566.25,39681.25,-8015.0
2193640,-31880.625,33158.125,-13409.375
2193640,-31880.625,33158.125,-13409.375
2193650,-25541.25,26884.375,-17815.0
2193650,-25541.25,26884.375,-17815.0
2193660,-19726.875,19805.625,-20606.25
2193660,-19726.875,19805.625,-20606.25
2193670,-15890.0,13453.125,-19630.625
2193670,-15890.0,13453.125,-19630.625
2193681,-6597.5,9611.875,-28560.0
2193681,-6597.5,9611.875,-28560.0
2193691,-196.875,3740.625,-28017.5
2193691,-196.875,3740.625,-28017.5
2193701,3801.875,-4790.625,-27330.625
2193701,3801.875,-4790.625,-27330.625
2193712,7227.5,-13335.0,-34995.625
2193712,7227.5,-13335.0,-34995.625
2193722,-1999.375,-28424.375,-40713.75
2193722,-1999.375,-28424.375,-40713.75
2193732,-11256.875,-42525.0,-44423.75
2193732,-11256.875,-42525.0,-44423.75
2193742,-31976.875,-62295.625,-60366.25
2193742,-31976.875,-62295.625,-60366.25
2193753,-44555.0,-71995.0,-66963.75
2193753,-44555.0,-71995.0,-66963.75
2193763,-57636.25,-89394.375,-81830.0
2193763,-57636.25,-89394.375,-81830.0
2193773,-67580.625,-100178.75,-97107.5
2193773,-67580.625,-100178.75,-97107.5
2193784,-67077.5,-100673.125,-113575.0
2193784,-67077.5,-100673.125,-113575.0
2193794,-51296.875,-92365.0,-129084.375
2193794,-51296.875,-92365.0,-129084.375
2193805,-26818.75,-76969.375,-142708.125
2193805,-26818.75,-76969.375,-142708.125
2193815,-1522.5,-56030.625,-143355.625
2193815,-1522.5,-56030.625,-143355.625
2193825,32515.0,-35166.25,-143171.875
2193825,32515.0,-35166.25,-143171.875
2193835,80119.375,1846.25,-143320.625
2193835,80119.375,1846.25,-143320.625
2193846,124928.125,40792.5,-143355.625
2193846,124928.125,40792.5,-143355.625
2193856,143355.625,34321.875,-143355.625
2193856,143355.625,34321.875,-143355.625
2193866,143355.625,29373.75,-143355.625
2193866,143355.625,29373.75,-143355.625
2193877,142931.25,28393.75,-143355.625
2193877,142931.25,28393.75,-143355.625
2193887,143355.625,22732.5,-143355.625
2193887,143355.625,22732.5,-143355.625
2193897,143355.625,15137.5,-143355.625
2193897,143355.625,15137.5,-143355.625
2193908,142148.125,7026.25,-143355.625
2193908,142148.125,7026.25,-143355.625
2193918,142695.0,-1680.0,-143355.625
2193918,142695.0,-1680.0,-143355.625
2193928,143355.625,-11808.125,-143355.625
2193928,143355.625,-11808.125,-143355.625
2193939,143355.625,-21131.25,-143355.625
2193939,143355.625,-21131.25,-143355.625
2193949,143342.5,-26123.125,-143355.625
2193949,143342.5,-26123.125,-143355.625
2193959,143080.0,-29290.625,-143355.625
2193959,143080.0,-29290.625,-143355.625
2193969,136053.75,-26145.0,-143355.625
2193969,136053.75,-26145.0,-143355.625
2193980,129325.0,-8605.625,-143355.625
2193980,129325.0,-8605.625,-143355.625
2193990,139650.0,11138.75,-143355.625
2193990,139650.0,11138.75,-143355.625
2194001,143355.625,7958.125,-143355.625
2194001,143355.625,7958.125,-143355.625
2194011,143307.5,2870.0,-143355.625
2194011,143307.5,2870.0,-143355.625
2194021,143250.625,8684.375,-143355.625
2194021,143250.625,8684.375,-143355.625
2194032,143355.625,12823.125,-143355.625
2194032,143355.625,12823.125,-143355.625
2194042,143355.625,19578.125,-134176.875
2194042,143355.625,19578.125,-134176.875
2194052,143355.625,32178.125,-105266.875
2194052,143355.625,32178.125,-105266.875
2194062,143355.625,42288.75,-80465.0
2194062,143355.625,42288.75,-80465.0
2194073,143355.625,51191.875,-55916.875
2194073,143355.625,51191.875,-55916.875
2194083,141881.25,57461.25,-27930.0
2194083,141881.25,57461.25,-27930.0
