2181960,-143360.0,-143355.625,122539.375
2181960,-143360.0,-143355.625,122539.375
2181970,-133052.5,-143355.625,-143360.0
2181970,-133052.5,-143355.625,-143360.0
2181981,-94268.125,-129500.0,137300.625
2181981,-94268.125,-129500.0,137300.625
2181991,-68740.0,-49984.375,136867.5
2181991,-68740.0,-49984.375,136867.5
2182001,-57561.875,-15570.625,103473.125
2182001,-57561.875,-15570.625,103473.125
2182012,-48216.875,-3097.5,79113.125
2182012,-48216.875,-3097.5,79113.125
2182022,-16808.75,50019.375,80675.0
2182022,-16808.75,50019.375,80675.0
2182032,17373.125,103626.25,90348.125
2182032,17373.125,103626.25,90348.125
2182043,38985.625,127666.875,95143.125
2182043,38985.625,127666.875,95143.125
2182053,54788.125,136928.75,97838.125
2182053,54788.125,136928.75,97838.125
2182063,65891.875,-143360.0,101692.5
2182063,65891.875,-143360.0,101692.5
2182074,86730.0,-143360.0,108399.375
2182074,86730.0,-143360.0,108399.375
2182084,103836.25,143241.875,124302.5
2182084,103836.25,143241.875,124302.5
2182093,120238.125,-143360.0,128419.375
2182093,120238.125,-143360.0,128419.375
2182105,130025.0,-143360.0,127675.625
2182105,130025.0,-143360.0,127675.625
2182115,124910.625,-143360.0,101167.5
2182115,124910.625,-143360.0,101167.5
2182125,110617.5,-143360.0,75464.375
2182125,110617.5,-143360.0,75464.375
2182135,132663.125,-143360.0,68691.875
2182135,132663.125,-143360.0,68691.875
2182146,143355.625,-143360.0,66080.0
2182146,143355.625,-143360.0,66080.0
2182157,133805.0,-143360.0,61543.125
2182157,133805.0,-143360.0,61543.125
2182166,94727.5,-143360.0,56323.75
2182166,94727.5,-143360.0,56323.75
2182177,50408.75,-143360.0,49853.125
2182177,50408.75,-143360.0,49853.125
2182187,15290.625,-143360.0,38421.25
2182187,15290.625,-143360.0,38421.25
2182197,-8001.875,-143360.0,23401.875
2182197,-8001.875,-143360.0,23401.875
2182208,-8960.0,-143360.0,10836.875
2182208,-8960.0,-143360.0,10836.875
2182218,9196.25,-143360.0,5398.75
2182218,9196.25,-143360.0,5398.75
2182229,18265.625,-143360.0,2366.875
2182229,18265.625,-143360.0,2366.875
2182239,8518.125,140411.25,4983.125
2182239,8518.125,140411.25,4983.125
2182249,-12858.125,117070.625,4541.25
2182249,-12858.125,117070.625,4541.25
2182259,-24985.625,93174.375,673.75
2182259,-24985.625,93174.375,673.75
2182270,-23786.875,83763.75,-7949.375
2182270,-23786.875,83763.75,-7949.375
2182280,-17088.75,78995.0,-15881.25
2182280,-17088.75,78995.0,-15881.25
2182290,-9835.0,69216.875,-21087.5
2182290,-9835.0,69216.875,-21087.5
2182301,-1977.5,57093.75,-24644.375
2182301,-1977.5,57093.75,-24644.375
2182311,4173.75,38928.75,-25248.125
2182311,4173.75,38928.75,-25248.125
2182321,6571.25,21201.25,-26460.0
2182321,6571.25,21201.25,-26460.0
2182332,11401.25,3836.875,-25956.875
2182332,11401.25,3836.875,-25956.875
2182342,20422.5,-11160.625,-29001.875
2182342,20422.5,-11160.625,-29001.875
2182352,30073.75,-18952.5,-33858.125
2182352,30073.75,-18952.5,-33858.125
2182362,37196.25,-27177.5,-37716.875
2182362,37196.25,-27177.5,-37716.875
2182373,40783.75,-35966.875,-37502.5
2182373,40783.75,-35966.875,-37502.5
2182383,40363.75,-52723.125,-38482.5
2182383,40363.75,-52723.125,-38482.5
2182393,41348.125,-67523.75,-40845.0
2182393,41348.125,-67523.75,-40845.0
2182404,41803.125,-79953.125,-39834.375
2182404,41803.125,-79953.125,-39834.375
2182414,42345.625,-94521.875,-37900.625
2182414,42345.625,-94521.875,-37900.625
2182425,46274.375,-111851.25,-35293.125
2182425,46274.375,-111851.25,-35293.125
2182435,49161.875,-122460.625,-37423.75
2182435,49161.875,-122460.625,-37423.75
2182445,61324.375,-119787.5,-38788.75
2182445,61324.375,-119787.5,-38788.75
2182455,83610.625,-109291.875,-39987.5
2182455,83610.625,-109291.875,-39987.5
2182466,104868.75,-99386.875,-40420.625
2182466,104868.75,-99386.875,-40420.625
2182476,117573.75,-89451.25,-38198.125
2182476,117573.75,-89451.25,-38198.125
2182486,123751.25,-88348.75,-34680.625
2182486,123751.25,-88348.75,-34680.625
2182497,120452.5,-94399.375,-32921.875
2182497,120452.5,-94399.375,-32921.875
2182507,106666.875,-99649.375,-35809.375
2182507,106666.875,-99649.375,-35809.375
2182517,87119.375,-100240.0,-44611.875
2182517,87119.375,-100240.0,-44611.875
2182528,72773.75,-98074.375,-51170.0
2182528,72773.75,-98074.375,-51170.0
2182538,64846.25,-93633.75,-51979.375
2182538,64846.25,-93633.75,-51979.375
2182548,61840.625,-88532.5,-48125.0
2182548,61840.625,-88532.5,-48125.0
2182558,59150.0,-84310.625,-42590.625
2182558,59150.0,-84310.625,-42590.625
2182569,49651.875,-79760.625,-34321.875
2182569,49651.875,-79760.625,-34321.875
2182579,35468.125,-74703.125,-24876.25
2182579,35468.125,-74703.125,-24876.25
2182589,23305.625,-66661.875,-17543.75
2182589,23305.625,-66661.875,-17543.75
2182600,14993.125,-54398.75,-8732.5
2182600,14993.125,-54398.75,-8732.5
2182610,2677.5,-42546.875,568.75
2182610,2677.5,-42546.875,568.75
2182620,-12976.25,-29439.375,11178.125
2182620,-12976.25,-29439.375,11178.125
2182631,-31075.625,-13431.25,22448.125
2182631,-31075.625,-13431.25,22448.125
2182641,-50045.625,3823.75,32226.25
2182641,-50045.625,3823.75,32226.25
2182651,-69650.0,18690.0,38775.625
2182651,-69650.0,18690.0,38775.625
2182661,-86896.25,32130.0,44541.875
2182661,-86896.25,32130.0,44541.875
2182671,-100620.625,46497.5,50080.625
2182671,-100620.625,46497.5,50080.625
2182682,-111321.875,59066.875,54455.625
2182682,-111321.875,59066.875,54455.625
2182693,-123116.875,67020.625,57308.125
2182693,-123116.875,67020.625,57308.125
2182703,-133975.625,73626.875,59640.0
2182703,-133975.625,73626.875,59640.0
2182712,-141522.5,82215.0,59333.75
2182712,-141522.5,82215.0,59333.75
2182724,-143360.0,94206.875,56743.75
2182724,-143360.0,94206.875,56743.75
2182734,-143360.0,105787.5,54945.625
2182734,-143360.0,105787.5,54945.625
2182744,-143307.5,113540.0,52710.0
2182744,-143307.5,113540.0,52710.0
2182754,-143360.0,120820.0,50321.25
2182754,-143360.0,120820.0,50321.25
2182765,-143360.0,126883.75,48059.375
2182765,-143360.0,126883.75,48059.375
2182775,-143045.0,129281.25,47000.625
2182775,-143045.0,129281.25,47000.625
2182785,-140826.875,129508.75,48352.5
2182785,-140826.875,129508.75,48352.5
2182796,-135025.625,128975.0,50487.5
2182796,-135025.625,128975.0,50487.5
2182806,-125457.5,128086.875,52368.75
2182806,-125457.5,128086.875,52368.75
2182817,-115390.625,126643.125,52622.5
2182817,-115390.625,126643.125,52622.5
2182827,-103683.125,126157.5,51738.75
2182827,-103683.125,126157.5,51738.75
2182837,-92627.5,123781.875,48256.25
2182837,-92627.5,123781.875,48256.25
2182848,-83146.875,120172.5,42752.5
2182848,-83146.875,120172.5,42752.5
2182858,-75258.75,114791.25,35748.125
2182858,-75258.75,114791.25,35748.125
2182868,-69155.625,106330.0,27947.5
2182868,-69155.625,106330.0,27947.5
2182878,-62575.625,93633.75,19998.125
2182878,-62575.625,93633.75,19998.125
2182889,-54608.75,81300.625,12858.125
2182889,-54608.75,81300.625,12858.125
2182899,-45780.0,70822.5,7087.5
2182899,-45780.0,70822.5,7087.5
2182909,-35341.25,59561.25,2397.5
2182909,-35341.25,59561.25,2397.5
2182920,-24583.125,47451.25,-590.625
2182920,-24583.125,47451.25,-590.625
2182930,-15680.0,36750.0,-3631.25
2182930,-15680.0,36750.0,-3631.25
2182940,-4978.75,28175.0,-6243.125
2182940,-4978.75,28175.0,-6243.125
2182951,7971.25,21656.25,-9126.25
2182951,7971.25,21656.25,-9126.25
2182961,19915.0,13146.875,-11016.25
2182961,19915.0,13146.875,-11016.25
2182971,27820.625,1894.375,-10920.0
2182971,27820.625,1894.375,-10920.0
2182981,31731.875,-11830.0,-10850.0
2182981,31731.875,-11830.0,-10850.0
2182992,39646.25,-27330.625,-9821.875
2182992,39646.25,-27330.625,-9821.875
2183002,51756.25,-40788.125,-9030.0
2183002,51756.25,-40788.125,-9030.0
2183013,61438.125,-54565.0,-10469.375
2183013,61438.125,-54565.0,-10469.375
2183023,70245.0,-68201.875,-11694.375
2183023,70245.0,-68201.875,-11694.375
2183033,76273.75,-80010.0,-12643.75
2183033,76273.75,-80010.0,-12643.75
2183043,83090.0,-92194.375,-13829.375
2183043,83090.0,-92194.375,-13829.375
2183054,89726.875,-104693.75,-14638.75
2183054,89726.875,-104693.75,-14638.75
2183064,93607.5,-117372.5,-16690.625
2183064,93607.5,-117372.5,-16690.625
2183074,95690.0,-126971.25,-22054.375
2183074,95690.0,-126971.25,-22054.375
2183085,102278.75,-134898.75,-28888.125
2183085,102278.75,-134898.75,-28888.125
2183095,112831.25,-139278.125,-36898.75
2183095,112831.25,-139278.125,-36898.75
2183105,128607.5,-139601.875,-43640.625
2183105,128607.5,-139601.875,-43640.625
2183116,143355.625,-138893.125,-43483.125
2183116,143355.625,-138893.125,-43483.125
2183126,143355.625,-142423.75,-37231.25
2183126,143355.625,-142423.75,-37231.25
2183136,143080.0,-143355.625,-29815.625
2183136,143080.0,-143355.625,-29815.625
2183147,143351.25,-143329.375,-25523.75
2183147,143351.25,-143329.375,-25523.75
2183157,143355.625,-143119.375,-23935.625
2183157,143355.625,-143119.375,-23935.625
2183167,143355.625,-136710.0,-23926.875
2183167,143355.625,-136710.0,-23926.875
2183178,143355.625,-122858.75,-23638.125
2183178,143355.625,-122858.75,-23638.125
2183188,143355.625,-109698.75,-22575.0
2183188,143355.625,-109698.75,-22575.0
2183198,138123.125,-98551.25,-21669.375
2183198,138123.125,-98551.25,-21669.375
2183209,111986.875,-87981.25,-21118.125
2183209,111986.875,-87981.25,-21118.125
2183219,78356.25,-75551.875,-20588.75
2183219,78356.25,-75551.875,-20588.75
2183229,44485.0,-62146.875,-18134.375
2183229,44485.0,-62146.875,-18134.375
2183240,10255.0,-44226.875,-16970.625
2183240,10255.0,-44226.875,-16970.625
2183250,-17386.25,-21192.5,-15001.875
2183250,-17386.25,-21192.5,-15001.875
2183260,-42183.75,227.5,-10609.375
2183260,-42183.75,227.5,-10609.375
2183270,-67051.25,17710.0,-3338.125
2183270,-67051.25,17710.0,-3338.125
2183281,-84218.75,34400.625,7210.0
2183281,-84218.75,34400.625,7210.0
2183291,-93725.625,50089.375,18261.25
2183291,-93725.625,50089.375,18261.25
2183301,-102742.5,60983.125,26836.25
2183301,-102742.5,60983.125,26836.25
2183312,-113946.875,67563.125,32690.0
2183312,-113946.875,67563.125,32690.0
2183322,-123659.375,74401.25,36631.875
2183322,-123659.375,74401.25,36631.875
2183332,-128384.375,81987.5,39580.625
2183332,-128384.375,81987.5,39580.625
2183343,-129635.625,89061.875,42420.0
2183343,-129635.625,89061.875,42420.0
2183353,-131516.875,92999.375,44607.5
2183353,-131516.875,92999.375,44607.5
2183363,-134522.5,94346.875,45906.875
2183363,-134522.5,94346.875,45906.875
2183374,-135725.625,96473.125,46812.5
2183374,-135725.625,96473.125,46812.5
2183384,-132431.25,99159.375,47849.375
2183384,-132431.25,99159.375,47849.375
2183394,-127369.375,101648.75,47932.5
2183394,-127369.375,101648.75,47932.5
2183404,-123598.125,105980.0,45276.875
2183404,-123598.125,105980.0,45276.875
2183415,-117600.0,111457.5,41685.0
2183415,-117600.0,111457.5,41685.0
2183425,-108666.25,116186.875,40005.0
2183425,-108666.25,116186.875,40005.0
2183436,-104278.125,116703.125,37642.5
2183436,-104278.125,116703.125,37642.5
2183446,-105573.125,111755.0,33512.5
2183446,-105573.125,111755.0,33512.5
2183456,-105870.625,105818.125,31784.375
2183456,-105870.625,105818.125,31784.375
2183466,-102716.25,99614.375,30870.0
2183466,-102716.25,99614.375,30870.0
2183477,-96145.0,94145.625,28669.375
2183477,-96145.0,94145.625,28669.375
2183487,-87088.75,88506.25,25361.875
2183487,-87088.75,88506.25,25361.875
2183497,-79148.125,82131.875,20024.375
2183497,-79148.125,82131.875,20024.375
2183508,-73145.625,78338.75,13601.875
2183508,-73145.625,78338.75,13601.875
2183518,-65200.625,74585.0,8391.25
2183518,-65200.625,74585.0,8391.25
2183528,-58826.25,67493.125,3246.25
2183528,-58826.25,67493.125,3246.25
2183539,-52959.375,59106.25,-1413.125
2183539,-52959.375,59106.25,-1413.125
2183548,-45036.25,49905.625,-4300.625
2183548,-45036.25,49905.625,-4300.625
2183558,-36238.125,40687.5,-6807.5
2183558,-36238.125,40687.5,-6807.5
2183570,-25720.625,30664.375,-7520.625
2183570,-25720.625,30664.375,-7520.625
2183580,-15076.25,21013.125,-7498.75
2183580,-15076.25,21013.125,-7498.75
2183590,-4869.375,12468.75,-8229.375
2183590,-4869.375,12468.75,-8229.375
2183601,4882.5,4952.5,-10228.75
2183601,4882.5,4952.5,-10228.75
2183611,13711.25,-2668.75,-12770.625
2183611,13711.25,-2668.75,-12770.625
2183621,24290.0,-11318.125,-12910.625
2183621,24290.0,-11318.125,-12910.625
2183631,33919.375,-20317.5,-12123.125
2183631,33919.375,-20317.5,-12123.125
2183642,40665.625,-29894.375,-12770.625
2183642,40665.625,-29894.375,-12770.625
2183652,45880.625,-39186.875,-12858.125
2183652,45880.625,-39186.875,-12858.125
2183662,52145.625,-49638.75,-10731.875
2183662,52145.625,-49638.75,-10731.875
2183673,61853.75,-58668.75,-6160.0
2183673,61853.75,-58668.75,-6160.0
2183683,74466.875,-65240.0,-1566.25
2183683,74466.875,-65240.0,-1566.25
2183693,88173.75,-68123.125,861.875
2183693,88173.75,-68123.125,861.875
2183704,102165.0,-69155.625,1723.75
2183704,102165.0,-69155.625,1723.75
2183714,111216.875,-72922.5,-686.875
2183714,111216.875,-72922.5,-686.875
2183724,117289.375,-78273.125,-3963.75
2183724,117289.375,-78273.125,-3963.75
2183734,120548.75,-84643.125,-7393.75
2183734,120548.75,-84643.125,-7393.75
2183745,117674.375,-94176.25,-12254.375
2183745,117674.375,-94176.25,-12254.375
2183755,106286.25,-105437.5,-19495.0
2183755,106286.25,-105437.5,-19495.0
2183766,88895.625,-117258.75,-29128.75
2183766,88895.625,-117258.75,-29128.75
2183776,66425.625,-130086.25,-44445.625
2183776,66425.625,-130086.25,-44445.625
2183786,57553.125,-137996.25,-58843.75
2183786,57553.125,-137996.25,-58843.75
2183797,65712.5,-138687.5,-68464.375
2183797,65712.5,-138687.5,-68464.375
2183807,85155.0,-135051.875,-72375.625
2183807,85155.0,-135051.875,-72375.625
2183817,109462.5,-131131.875,-74440.625
2183817,109462.5,-131131.875,-74440.625
2183828,122968.125,-127548.75,-80062.5
2183828,122968.125,-127548.75,-80062.5
2183838,121113.125,-125881.875,-86353.75
2183838,121113.125,-125881.875,-86353.75
2183848,111772.5,-127710.625,-88576.25
2183848,111772.5,-127710.625,-88576.25
2183858,102729.375,-131088.125,-86957.5
2183858,102729.375,-131088.125,-86957.5
2183868,101679.375,-129788.75,-81025.0
2183868,101679.375,-129788.75,-81025.0
2183879,112735.0,-117963.125,-72756.25
2183879,112735.0,-117963.125,-72756.25
2183889,135126.25,-99050.0,-61311.25
2183889,135126.25,-99050.0,-61311.25
2183900,143355.625,-79743.125,-52123.75
2183900,143355.625,-79743.125,-52123.75
2183909,138849.375,-66176.25,-45158.75
2183909,138849.375,-66176.25,-45158.75
2183920,117503.75,-57916.25,-39331.25
2183920,117503.75,-57916.25,-39331.25
2183931,92120.0,-49284.375,-33928.125
2183931,92120.0,-49284.375,-33928.125
2183941,73570.0,-39462.5,-26053.125
2183941,73570.0,-39462.5,-26053.125
2183952,60720.625,-28783.125,-17150.0
2183952,60720.625,-28783.125,-17150.0
2183962,49245.0,-16270.625,-8728.125
2183962,49245.0,-16270.625,-8728.125
2183972,36163.75,-3023.125,-2489.375
2183972,36163.75,-3023.125,-2489.375
2183982,23677.5,10556.875,4405.625
2183982,23677.5,10556.875,4405.625
2183993,9314.375,22102.5,11493.125
2183993,9314.375,22102.5,11493.125
2184003,-5604.375,31281.25,17333.75
2184003,-5604.375,31281.25,17333.75
2184013,-16773.75,38171.875,23358.125
2184013,-16773.75,38171.875,23358.125
2184024,-24745.0,45539.375,28625.625
2184024,-24745.0,45539.375,28625.625
2184034,-32943.75,52329.375,32423.125
2184034,-32943.75,52329.375,32423.125
2184044,-43085.0,56420.0,34798.75
2184044,-43085.0,56420.0,34798.75
2184055,-54075.0,59303.125,36741.25
2184055,-54075.0,59303.125,36741.25
2184065,-62295.625,62593.125,38828.125
2184065,-62295.625,62593.125,38828.125
2184075,-69230.0,65673.125,40223.75
2184075,-69230.0,65673.125,40223.75
2184085,-74593.75,68096.875,41706.875
2184085,-74593.75,68096.875,41706.875
2184096,-78347.5,69654.375,43461.25
2184096,-78347.5,69654.375,43461.25
2184105,-80333.75,70826.875,44865.625
2184105,-80333.75,70826.875,44865.625
2184116,-81291.875,73224.375,45968.125
2184116,-81291.875,73224.375,45968.125
2184127,-79725.625,75333.125,46147.5
2184127,-79725.625,75333.125,46147.5
2184137,-77870.625,77131.25,45605.0
2184137,-77870.625,77131.25,45605.0
2184148,-77074.375,78343.125,43194.375
2184148,-77074.375,78343.125,43194.375
2184158,-78277.5,78176.875,39370.625
2184158,-78277.5,78176.875,39370.625
2184168,-79196.25,78106.875,35008.75
2184168,-79196.25,78106.875,35008.75
2184178,-79275.0,78763.125,30235.625
2184178,-79275.0,78763.125,30235.625
2184189,-77161.875,79625.0,25948.125
2184189,-77161.875,79625.0,25948.125
2184199,-74974.375,78999.375,22408.75
2184199,-74974.375,78999.375,22408.75
2184209,-72664.375,77118.125,17119.375
2184209,-72664.375,77118.125,17119.375
2184220,-71728.125,72436.875,12066.25
2184220,-71728.125,72436.875,12066.25
2184230,-72813.125,66241.875,7288.75
2184230,-72813.125,66241.875,7288.75
2184240,-75604.375,60996.25,3351.25
2184240,-75604.375,60996.25,3351.25
2184251,-77091.875,58003.75,459.375
2184251,-77091.875,58003.75,459.375
2184261,-73749.375,56713.125,118.125
2184261,-73749.375,56713.125,118.125
2184271,-69645.625,55120.625,608.125
2184271,-69645.625,55120.625,608.125
2184281,-63564.375,53353.125,2358.125
2184281,-63564.375,53353.125,2358.125
2184292,-57417.5,51100.0,4567.5
2184292,-57417.5,51100.0,4567.5
2184303,-52902.5,48282.5,6776.875
2184303,-52902.5,48282.5,6776.875
2184312,-48164.375,44874.375,9598.75
2184312,-48164.375,44874.375,9598.75
2184323,-43955.625,42091.875,12166.875
2184323,-43955.625,42091.875,12166.875
2184333,-39593.75,39830.0,14192.5
2184333,-39593.75,39830.0,14192.5
2184344,-33875.625,36907.5,15894.375
2184344,-33875.625,36907.5,15894.375
2184354,-28507.5,34081.25,17250.625
2184354,-28507.5,34081.25,17250.625
2184364,-23117.5,31535.0,19451.25
2184364,-23117.5,31535.0,19451.25
2184374,-18926.25,27715.625,21100.625
2184374,-18926.25,27715.625,21100.625
2184384,-15999.375,23310.0,21144.375
2184384,-15999.375,23310.0,21144.375
2184395,-13304.375,19648.125,20168.75
2184395,-13304.375,19648.125,20168.75
2184405,-9541.875,16445.625,19053.125
2184405,-9541.875,16445.625,19053.125
2184416,-6094.375,12915.0,17399.375
2184416,-6094.375,12915.0,17399.375
2184426,-2970.625,9135.0,15102.5
2184426,-2970.625,9135.0,15102.5
2184436,96.25,5302.5,12446.875
2184436,96.25,5302.5,12446.875
2184447,1474.375,686.875,9546.25
2184447,1474.375,686.875,9546.25
2184457,3018.75,-4173.75,6807.5
2184457,3018.75,-4173.75,6807.5
2184467,4930.625,-8850.625,3867.5
2184467,4930.625,-8850.625,3867.5
2184478,7678.125,-12923.75,1203.125
2184478,7678.125,-12923.75,1203.125
2184488,9476.25,-16716.875,-1640.625
2184488,9476.25,-16716.875,-1640.625
2184498,10062.5,-20251.875,-5127.5
2184498,10062.5,-20251.875,-5127.5
2184508,9716.875,-22964.375,-8430.625
2184508,9716.875,-22964.375,-8430.625
2184518,9415.0,-25296.25,-10535.0
2184518,9415.0,-25296.25,-10535.0
2184529,10399.375,-27794.375,-11431.875
2184529,10399.375,-27794.375,-11431.875
2184540,9655.625,-30786.875,-11965.625
2184540,9655.625,-30786.875,-11965.625
2184550,6908.125,-35245.0,-11777.5
2184550,6908.125,-35245.0,-11777.5
2184560,2117.5,-41488.125,-11611.25
2184560,2117.5,-41488.125,-11611.25
2184570,-1824.375,-47831.875,-12232.5
2184570,-1824.375,-47831.875,-12232.5
2184581,-5197.5,-54565.0,-15098.125
2184581,-5197.5,-54565.0,-15098.125
2184591,-10075.625,-61945.625,-19333.125
2184591,-10075.625,-61945.625,-19333.125
2184601,-20260.625,-68525.625,-28748.125
2184601,-20260.625,-68525.625,-28748.125
2184612,-31718.75,-73679.375,-39655.0
2184612,-31718.75,-73679.375,-39655.0
2184622,-38618.125,-78041.25,-51852.5
2184622,-38618.125,-78041.25,-51852.5
2184632,-43211.875,-80237.5,-65463.125
2184632,-43211.875,-80237.5,-65463.125
2184643,-44012.5,-79034.375,-78553.125
2184643,-44012.5,-79034.375,-78553.125
2184653,-41295.625,-77647.5,-91726.25
2184653,-41295.625,-77647.5,-91726.25
2184663,-38823.75,-79450.0,-104575.625
2184663,-38823.75,-79450.0,-104575.625
2184674,-35498.75,-74821.25,-114213.75
2184674,-35498.75,-74821.25,-114213.75
2184684,-30082.5,-71614.375,-139251.875
2184684,-30082.5,-71614.375,-139251.875
2184694,-31325.0,-62833.75,-143355.625
2184694,-31325.0,-62833.75,-143355.625
2184704,-21406.875,-56879.375,-143101.875
2184704,-21406.875,-56879.375,-143101.875
2184715,-17714.375,-50255.625,-143215.625
2184715,-17714.375,-50255.625,-143215.625
2184724,-15579.375,-42647.5,-143355.625
2184724,-15579.375,-42647.5,-143355.625
2184736,-12285.0,-34020.0,-143355.625
2184736,-12285.0,-34020.0,-143355.625
2184746,-8369.375,-22964.375,-143355.625
2184746,-8369.375,-22964.375,-143355.625
2184756,-2135.0,-10762.5,-143355.625
2184756,-2135.0,-10762.5,-143355.625
2184767,12556.25,17123.75,-143355.625
2184767,12556.25,17123.75,-143355.625
2184777,42490.0,68547.5,-143355.625
2184777,42490.0,68547.5,-143355.625
2184787,81178.125,94001.25,-143355.625
2184787,81178.125,94001.25,-143355.625
2184797,108049.375,93786.875,-143355.625
2184797,108049.375,93786.875,-143355.625
2184807,131985.0,96753.125,-143355.625
2184807,131985.0,96753.125,-143355.625
2184818,143355.625,98923.125,-143355.625
2184818,143355.625,98923.125,-143355.625
2184828,141750.0,90470.625,-143355.625
2184828,141750.0,90470.625,-143355.625
2184839,138131.875,78343.125,-143355.625
2184839,138131.875,78343.125,-143355.625
2184849,135870.0,70026.25,-143355.625
2184849,135870.0,70026.25,-143355.625
2184859,129237.5,64054.375,-143355.625
2184859,129237.5,64054.375,-143355.625
2184870,115850.0,57693.125,-143355.625
2184870,115850.0,57693.125,-143355.625
2184880,106155.0,56568.75,-143355.625
2184880,106155.0,56568.75,-143355.625
2184890,97986.875,51388.75,-143355.625
2184890,97986.875,51388.75,-143355.625
2184901,98647.5,45128.125,-143355.625
2184901,98647.5,45128.125,-143355.625
2184911,119647.5,45093.125,-143355.625
2184911,119647.5,45093.125,-143355.625
2184921,143355.625,52815.0,-137628.75
2184921,143355.625,52815.0,-137628.75
2184932,143355.625,55759.375,-90308.75
2184932,143355.625,55759.375,-90308.75
2184942,142883.125,48610.625,-49599.375
2184942,142883.125,48610.625,-49599.375
2184952,143355.625,40206.25,-26976.25
2184952,143355.625,40206.25,-26976.25
2184962,143355.625,34584.375,-15758.75
2184962,143355.625,34584.375,-15758.75
2184973,143351.25,37021.25,-9756.25
2184973,143351.25,37021.25,-9756.25
2184983,141890.0,46230.625,-3928.75
2184983,141890.0,46230.625,-3928.75
2184993,118496.875,58865.625,11589.375
2184993,118496.875,58865.625,11589.375
2185004,92303.75,72135.0,25786.25
2185004,92303.75,72135.0,25786.25
2185014,75792.5,77940.625,33145.0
2185014,75792.5,77940.625,33145.0
2185024,65060.625,76820.625,40849.375
2185024,65060.625,76820.625,40849.375
2185035,62461.875,71570.625,48759.375
2185035,62461.875,71570.625,48759.375
2185045,65730.0,71461.25,51310.0
2185045,65730.0,71461.25,51310.0
