2200067,-26801.25,-713.125,13387.5
2200067,-26801.25,-713.125,13387.5
2200077,-36185.625,-2918.125,17049.375
2200077,-36185.625,-2918.125,17049.375
2200088,-41059.375,1470.0,21490.0
2200088,-41059.375,1470.0,21490.0
2200097,-35245.0,6930.0,33337.5
2200097,-35245.0,6930.0,33337.5
2200108,14196.875,19105.625,12871.25
2200108,14196.875,19105.625,12871.25
2200119,-17053.75,12578.125,15085.0
2200119,-17053.75,12578.125,15085.0
2200129,-51581.25,-1316.875,39847.5
2200129,-51581.25,-1316.875,39847.5
2200140,-35485.625,25291.875,66259.375
2200140,-35485.625,25291.875,66259.375
2200150,-11541.25,49971.25,79323.125
2200150,-11541.25,49971.25,79323.125
2200160,-19932.5,65848.125,94342.5
2200160,-19932.5,65848.125,94342.5
2200170,-22316.875,67506.25,114725.625
2200170,-22316.875,67506.25,114725.625
2200181,1246.875,70490.0,125545.0
2200181,1246.875,70490.0,125545.0
2200191,5438.125,61521.25,126415.625
2200191,5438.125,61521.25,126415.625
2200201,-6890.625,28105.0,122718.75
2200201,-6890.625,28105.0,122718.75
2200212,-34768.125,-1264.375,136198.125
2200212,-34768.125,-1264.375,136198.125
2200222,-51970.625,-2572.5,-143360.0
2200222,-51970.625,-2572.5,-143360.0
2200232,-54691.875,29430.625,-143360.0
2200232,-54691.875,29430.625,-143360.0
2200243,-89048.75,37576.875,143167.5
2200243,-89048.75,37576.875,143167.5
2200252,-143360.0,20995.625,-143360.0
2200252,-143360.0,20995.625,-143360.0
2200263,-143360.0,-7555.625,-143360.0
2200263,-143360.0,-7555.625,-143360.0
2200273,-142471.875,-35048.125,143355.625
2200273,-142471.875,-35048.125,143355.625
2200284,-143259.375,-48650.0,-143360.0
2200284,-143259.375,-48650.0,-143360.0
2200294,-140892.5,-48720.0,-143360.0
2200294,-140892.5,-48720.0,-143360.0
2200304,-140192.5,-39978.75,-143360.0
2200304,-140192.5,-39978.75,-143360.0
2200315,-143360.0,-44948.75,-143360.0
2200315,-143360.0,-44948.75,-143360.0
2200325,-143360.0,-63070.0,-143360.0
2200325,-143360.0,-63070.0,-143360.0
2200336,-143285.625,-84984.375,-143360.0
2200336,-143285.625,-84984.375,-143360.0
2200346,-143360.0,-110398.75,139772.5
2200346,-143360.0,-110398.75,139772.5
2200356,-143360.0,-143355.625,90466.25
2200356,-143360.0,-143355.625,90466.25
2200366,-143360.0,-143355.625,40433.75
2200366,-143360.0,-143355.625,40433.75
2200377,-143360.0,-142747.5,16170.0
2200377,-143360.0,-142747.5,16170.0
2200387,-143360.0,-143325.0,5311.25
2200387,-143360.0,-143325.0,5311.25
2200397,-143360.0,-143355.625,-8610.0
2200397,-143360.0,-143355.625,-8610.0
2200408,-141780.625,-143351.25,-13138.125
2200408,-141780.625,-143351.25,-13138.125
2200418,-109926.25,-124547.5,3845.625
2200418,-109926.25,-124547.5,3845.625
2200428,-55518.75,23498.125,70293.125
2200428,-55518.75,23498.125,70293.125
2200439,-14586.25,84577.5,62807.5
2200439,-14586.25,84577.5,62807.5
2200449,1990.625,51979.375,67624.375
2200449,1990.625,51979.375,67624.375
2200459,36251.25,63323.75,103040.0
2200459,36251.25,63323.75,103040.0
2200469,60038.125,87136.875,121511.25
2200469,60038.125,87136.875,121511.25
2200480,53650.625,84783.125,117932.5
2200480,53650.625,84783.125,117932.5
2200491,31854.375,66530.625,114931.25
2200491,31854.375,66530.625,114931.25
2200500,18138.75,62991.25,112756.875
2200500,18138.75,62991.25,112756.875
2200511,22968.75,80202.5,110691.875
2200511,22968.75,80202.5,110691.875
2200521,40560.625,107865.625,118295.625
2200521,40560.625,107865.625,118295.625
2200532,59075.625,126223.125,125488.125
2200532,59075.625,126223.125,125488.125
2200541,68503.75,-143360.0,124398.75
2200541,68503.75,-143360.0,124398.75
2200552,72922.5,-143360.0,123838.75
2200552,72922.5,-143360.0,123838.75
2200562,53790.625,143027.5,124875.625
2200562,53790.625,143027.5,124875.625
2200573,18195.625,143351.25,124766.25
2200573,18195.625,143351.25,124766.25
2200583,-10281.25,-143360.0,122351.25
2200583,-10281.25,-143360.0,122351.25
2200593,-30905.0,143355.625,114261.875
2200593,-30905.0,143355.625,114261.875
2200604,-41405.0,-143360.0,105175.0
2200604,-41405.0,-143360.0,105175.0
2200614,-47258.75,-143360.0,97908.125
2200614,-47258.75,-143360.0,97908.125
2200624,-55982.5,-143360.0,93979.375
2200624,-55982.5,-143360.0,93979.375
2200634,-71876.875,-143360.0,90173.125
2200634,-71876.875,-143360.0,90173.125
2200645,-89219.375,-143360.0,83886.25
2200645,-89219.375,-143360.0,83886.25
2200655,-99575.0,-143360.0,73228.75
2200655,-99575.0,-143360.0,73228.75
2200665,-102217.5,-143360.0,59390.625
2200665,-102217.5,-143360.0,59390.625
2200676,-93765.0,143355.625,48531.875
2200676,-93765.0,143355.625,48531.875
2200685,-84148.75,139146.875,35971.25
2200685,-84148.75,139146.875,35971.25
2200696,-74891.25,128165.625,23445.625
2200696,-74891.25,128165.625,23445.625
2200707,-68477.5,111072.5,12993.75
2200707,-68477.5,111072.5,12993.75
2200717,-62829.375,92684.375,1526.875
2200717,-62829.375,92684.375,1526.875
2200728,-54372.5,76313.125,-10150.0
2200728,-54372.5,76313.125,-10150.0
2200738,-41260.625,64351.875,-21218.75
2200738,-41260.625,64351.875,-21218.75
2200748,-28196.875,52906.875,-33350.625
2200748,-28196.875,52906.875,-33350.625
2200758,-9108.75,39392.5,-38976.875
2200758,-9108.75,39392.5,-38976.875
2200769,11471.25,24478.125,-36785.0
2200769,11471.25,24478.125,-36785.0
2200779,30699.375,7800.625,-35210.0
2200779,30699.375,7800.625,-35210.0
2200789,49520.625,-5565.0,-36662.5
2200789,49520.625,-5565.0,-36662.5
2200800,63052.5,-17206.875,-40184.375
2200800,63052.5,-17206.875,-40184.375
2200810,70236.25,-27514.375,-42507.5
2200810,70236.25,-27514.375,-42507.5
2200820,74086.25,-36837.5,-42861.875
2200820,74086.25,-36837.5,-42861.875
2200831,79095.625,-46865.0,-41011.25
2200831,79095.625,-46865.0,-41011.25
2200842,83326.25,-59241.875,-36365.0
2200842,83326.25,-59241.875,-36365.0
2200851,86773.75,-74961.25,-30695.0
2200851,86773.75,-74961.25,-30695.0
2200860,93629.375,-86016.875,-27803.125
2200860,93629.375,-86016.875,-27803.125
2200872,107366.875,-86769.375,-26595.625
2200872,107366.875,-86769.375,-26595.625
2200882,122670.625,-82446.875,-26595.625
2200882,122670.625,-82446.875,-26595.625
2200892,126301.875,-82363.75,-28385.0
2200892,126301.875,-82363.75,-28385.0
2200903,120561.875,-86170.0,-28630.0
2200903,120561.875,-86170.0,-28630.0
2200913,110569.375,-94871.875,-24845.625
2200913,110569.375,-94871.875,-24845.625
2200923,100178.75,-106321.25,-19582.5
2200923,100178.75,-106321.25,-19582.5
2200934,96709.375,-110849.375,-15023.75
2200934,96709.375,-110849.375,-15023.75
2200944,94749.375,-118457.5,-12849.375
2200944,94749.375,-118457.5,-12849.375
2200954,88366.25,-124893.125,-16235.625
2200954,88366.25,-124893.125,-16235.625
2200964,88808.125,-119472.5,-23454.375
2200964,88808.125,-119472.5,-23454.375
2200975,91905.625,-112476.875,-28052.5
2200975,91905.625,-112476.875,-28052.5
2200985,87587.5,-112739.375,-29487.5
2200985,87587.5,-112739.375,-29487.5
2200996,81160.625,-111750.625,-29763.125
2200996,81160.625,-111750.625,-29763.125
2201006,81838.75,-105914.375,-27724.375
2201006,81838.75,-105914.375,-27724.375
2201016,89718.125,-94885.0,-22001.875
2201016,89718.125,-94885.0,-22001.875
2201027,97803.125,-85023.75,-12910.625
2201027,97803.125,-85023.75,-12910.625
2201036,96818.75,-75363.75,-3998.75
2201036,96818.75,-75363.75,-3998.75
2201047,83706.875,-65966.25,888.125
2201047,83706.875,-65966.25,888.125
2201058,58108.75,-54753.125,4287.5
2201058,58108.75,-54753.125,4287.5
2201068,25996.25,-43745.625,8785.0
2201068,25996.25,-43745.625,8785.0
2201078,-5363.75,-25484.375,13286.875
2201078,-5363.75,-25484.375,13286.875
2201088,-32550.0,-5180.0,18978.75
2201088,-32550.0,-5180.0,18978.75
2201099,-59180.625,12464.375,26993.75
2201099,-59180.625,12464.375,26993.75
2201109,-84577.5,27995.625,34776.875
2201109,-84577.5,27995.625,34776.875
2201119,-100012.5,44082.5,42809.375
2201119,-100012.5,44082.5,42809.375
2201130,-107187.5,59635.625,50098.125
2201130,-107187.5,59635.625,50098.125
2201140,-114673.125,70013.125,55238.75
2201140,-114673.125,70013.125,55238.75
2201151,-123698.75,77573.125,59526.25
2201151,-123698.75,77573.125,59526.25
2201161,-132930.0,82464.375,63271.25
2201161,-132930.0,82464.375,63271.25
2201171,-140306.25,85303.75,66998.75
2201171,-140306.25,85303.75,66998.75
2201181,-143031.875,89438.125,70546.875
2201181,-143031.875,89438.125,70546.875
2201192,-141863.75,91901.25,72944.375
2201192,-141863.75,91901.25,72944.375
2201202,-136841.25,96416.25,74256.875
2201202,-136841.25,96416.25,74256.875
2201212,-126398.125,103433.75,75350.625
2201212,-126398.125,103433.75,75350.625
2201223,-110976.25,109515.0,74913.125
2201223,-110976.25,109515.0,74913.125
2201233,-95357.5,116099.375,73128.125
2201233,-95357.5,116099.375,73128.125
2201243,-83405.0,123326.875,70962.5
2201243,-83405.0,123326.875,70962.5
2201254,-73815.0,124525.625,70074.375
2201254,-73815.0,124525.625,70074.375
2201264,-69037.5,123016.25,67243.75
2201264,-69037.5,123016.25,67243.75
2201274,-64951.25,121909.375,63726.25
2201274,-64951.25,121909.375,63726.25
2201285,-57929.375,121043.125,59136.875
2201285,-57929.375,121043.125,59136.875
2201295,-48413.75,120614.375,53322.5
2201295,-48413.75,120614.375,53322.5
2201305,-39729.375,118396.25,45220.0
2201305,-39729.375,118396.25,45220.0
2201315,-32375.0,117092.5,36137.5
2201315,-32375.0,117092.5,36137.5
2201326,-28170.625,108740.625,27256.25
2201326,-28170.625,108740.625,27256.25
2201336,-28923.125,93913.75,20203.75
2201336,-28923.125,93913.75,20203.75
2201347,-31171.875,80596.25,15815.625
2201347,-31171.875,80596.25,15815.625
2201357,-30191.875,69234.375,10145.625
2201357,-30191.875,69234.375,10145.625
2201367,-25838.75,61613.125,2633.75
2201367,-25838.75,61613.125,2633.75
2201377,-17233.125,57859.375,-3565.625
2201377,-17233.125,57859.375,-3565.625
2201388,-7091.875,53418.75,-8767.5
2201388,-7091.875,53418.75,-8767.5
2201398,4095.0,46825.625,-12009.375
2201398,4095.0,46825.625,-12009.375
2201408,14345.625,37541.875,-12853.75
2201408,14345.625,37541.875,-12853.75
2201419,22465.625,26757.5,-14546.875
2201419,22465.625,26757.5,-14546.875
2201430,33691.875,19735.625,-18099.375
2201430,33691.875,19735.625,-18099.375
2201439,46878.125,16485.0,-22955.625
2201439,46878.125,16485.0,-22955.625
2201450,55273.75,12805.625,-28730.625
2201450,55273.75,12805.625,-28730.625
2201460,58450.0,5110.0,-33468.75
2201460,58450.0,5110.0,-33468.75
2201470,59001.25,-4480.0,-36605.625
2201470,59001.25,-4480.0,-36605.625
2201481,62050.625,-9104.375,-40792.5
2201481,62050.625,-9104.375,-40792.5
2201491,66132.5,-7385.0,-45696.875
2201491,66132.5,-7385.0,-45696.875
2201501,76260.625,-4095.0,-48776.875
2201501,76260.625,-4095.0,-48776.875
2201511,84087.5,-12061.875,-49192.5
2201511,84087.5,-12061.875,-49192.5
2201522,82985.0,-26254.375,-44576.875
2201522,82985.0,-26254.375,-44576.875
2201532,79515.625,-37073.75,-38635.625
2201532,79515.625,-37073.75,-38635.625
2201543,77686.875,-47184.375,-34265.0
2201543,77686.875,-47184.375,-34265.0
2201553,75932.5,-56280.0,-35131.25
2201553,75932.5,-56280.0,-35131.25
2201563,77056.875,-60895.625,-35634.375
2201563,77056.875,-60895.625,-35634.375
2201573,76829.375,-68153.75,-34190.625
2201573,76829.375,-68153.75,-34190.625
2201584,78548.75,-78098.125,-30524.375
2201584,78548.75,-78098.125,-30524.375
2201594,83111.875,-87924.375,-26845.0
2201594,83111.875,-87924.375,-26845.0
2201604,90833.75,-92942.5,-23463.125
2201604,90833.75,-92942.5,-23463.125
2201615,100380.0,-92662.5,-22071.875
2201615,100380.0,-92662.5,-22071.875
2201625,102672.5,-94416.875,-25230.625
2201625,102672.5,-94416.875,-25230.625
2201635,94548.125,-95738.125,-29671.25
2201635,94548.125,-95738.125,-29671.25
2201646,84109.375,-99273.125,-32370.625
2201646,84109.375,-99273.125,-32370.625
2201656,71736.875,-107231.25,-33219.375
2201656,71736.875,-107231.25,-33219.375
2201666,58060.625,-113623.125,-33355.0
2201666,58060.625,-113623.125,-33355.0
2201676,52976.875,-110578.125,-30695.0
2201676,52976.875,-110578.125,-30695.0
2201687,55671.875,-100887.5,-24766.875
2201687,55671.875,-100887.5,-24766.875
2201697,61481.875,-87136.875,-16721.25
2201697,61481.875,-87136.875,-16721.25
2201708,65196.25,-71824.375,-8220.625
2201708,65196.25,-71824.375,-8220.625
2201718,60318.125,-60335.625,-599.375
2201718,60318.125,-60335.625,-599.375
2201728,46965.625,-49883.75,5368.125
2201728,46965.625,-49883.75,5368.125
2201739,30034.375,-36701.875,9817.5
2201739,30034.375,-36701.875,9817.5
2201749,11707.5,-20628.125,12792.5
2201749,11707.5,-20628.125,12792.5
2201759,-9520.0,-6860.0,14354.375
2201759,-9520.0,-6860.0,14354.375
2201769,-29627.5,6330.625,15575.0
2201769,-29627.5,6330.625,15575.0
2201780,-44633.75,21494.375,18055.625
2201780,-44633.75,21494.375,18055.625
2201790,-55501.25,36570.625,20365.625
2201790,-55501.25,36570.625,20365.625
2201800,-66206.875,48208.125,21105.0
2201800,-66206.875,48208.125,21105.0
2201811,-76488.125,58340.625,21446.25
2201811,-76488.125,58340.625,21446.25
2201822,-86681.875,65616.25,21065.625
2201822,-86681.875,65616.25,21065.625
2201831,-95431.875,69658.75,21595.0
2201831,-95431.875,69658.75,21595.0
2201842,-103158.125,72568.125,22509.375
2201842,-103158.125,72568.125,22509.375
2201852,-107314.375,74838.75,25033.75
2201852,-107314.375,74838.75,25033.75
2201862,-112148.75,77210.0,27619.375
2201862,-112148.75,77210.0,27619.375
2201873,-113111.25,81742.5,30598.75
2201873,-113111.25,81742.5,30598.75
2201883,-109401.25,88060.0,34492.5
2201883,-109401.25,88060.0,34492.5
2201893,-103840.625,91393.75,37918.125
2201893,-103840.625,91393.75,37918.125
2201904,-98135.625,93800.0,39900.0
2201904,-98135.625,93800.0,39900.0
2201914,-93905.0,94071.25,40411.875
2201914,-93905.0,94071.25,40411.875
2201924,-91507.5,92548.75,39523.75
2201924,-91507.5,92548.75,39523.75
2201935,-89315.625,89836.25,37909.375
2201935,-89315.625,89836.25,37909.375
2201945,-87246.25,87578.75,35420.0
2201945,-87246.25,87578.75,35420.0
2201955,-82910.625,85938.125,32270.0
2201955,-82910.625,85938.125,32270.0
2201966,-75258.75,86826.25,29846.25
2201966,-75258.75,86826.25,29846.25
2201976,-65161.25,87040.625,26551.875
2201976,-65161.25,87040.625,26551.875
2201986,-56170.625,84918.75,21498.75
2201986,-56170.625,84918.75,21498.75
2201996,-48706.875,80985.625,16677.5
2201996,-48706.875,80985.625,16677.5
2202006,-44620.625,73950.625,11948.125
2202006,-44620.625,73950.625,11948.125
2202017,-43649.375,64868.125,6510.0
2202017,-43649.375,64868.125,6510.0
2202027,-45780.0,56336.875,765.625
2202027,-45780.0,56336.875,765.625
2202038,-48356.875,48689.375,-3618.125
2202038,-48356.875,48689.375,-3618.125
2202048,-49844.375,41886.25,-7393.75
2202048,-49844.375,41886.25,-7393.75
2202058,-45548.125,35638.75,-9546.25
2202058,-45548.125,35638.75,-9546.25
2202069,-37944.375,29684.375,-9865.625
2202069,-37944.375,29684.375,-9865.625
2202079,-30318.75,23480.625,-8395.625
2202079,-30318.75,23480.625,-8395.625
2202089,-21503.125,17338.125,-5691.875
2202089,-21503.125,17338.125,-5691.875
2202100,-12420.625,13129.375,-2773.75
2202100,-12420.625,13129.375,-2773.75
2202110,-3136.875,9257.5,21.875
2202110,-3136.875,9257.5,21.875
2202120,3902.5,4480.0,1430.625
2202120,3902.5,4480.0,1430.625
2202131,8111.25,-1277.5,1872.5
2202131,8111.25,-1277.5,1872.5
2202141,12066.25,-8273.125,371.875
2202141,12066.25,-8273.125,371.875
2202151,12608.75,-11904.375,-2778.125
2202151,12608.75,-11904.375,-2778.125
2202161,17123.75,-13623.75,-2690.625
2202161,17123.75,-13623.75,-2690.625
2202172,23493.75,-18777.5,-2305.625
2202172,23493.75,-18777.5,-2305.625
2202182,27650.0,-22973.125,-2371.25
2202182,27650.0,-22973.125,-2371.25
2202192,30292.5,-28328.125,-822.5
2202192,30292.5,-28328.125,-822.5
2202203,32672.5,-33118.75,3106.25
2202203,32672.5,-33118.75,3106.25
2202213,37222.5,-35043.75,6899.375
2202213,37222.5,-35043.75,6899.375
2202223,43255.625,-36356.25,9546.25
2202223,43255.625,-36356.25,9546.25
2202234,46151.875,-38128.125,11064.375
2202234,46151.875,-38128.125,11064.375
2202244,47210.625,-39703.125,12805.625
2202244,47210.625,-39703.125,12805.625
2202253,47197.5,-42551.25,13483.75
2202253,47197.5,-42551.25,13483.75
2202263,45600.625,-45473.75,13466.25
2202263,45600.625,-45473.75,13466.25
2202275,45342.5,-44721.25,13413.75
2202275,45342.5,-44721.25,13413.75
2202285,46121.25,-40516.875,14485.625
2202285,46121.25,-40516.875,14485.625
2202296,46169.375,-40215.0,15802.5
2202296,46169.375,-40215.0,15802.5
2202306,43579.375,-40871.25,16861.25
2202306,43579.375,-40871.25,16861.25
2202316,40862.5,-40140.625,17898.125
2202316,40862.5,-40140.625,17898.125
2202327,39414.375,-35809.375,16187.5
2202327,39414.375,-35809.375,16187.5
2202337,38758.125,-29618.75,12061.875
2202337,38758.125,-29618.75,12061.875
2202346,35446.25,-25991.875,7511.875
2202346,35446.25,-25991.875,7511.875
2202358,29076.25,-25265.625,4226.25
2202358,29076.25,-25265.625,4226.25
2202368,21826.875,-25287.5,1010.625
2202368,21826.875,-25287.5,1010.625
2202378,15951.25,-24661.875,-2200.625
2202378,15951.25,-24661.875,-2200.625
2202388,11672.5,-23852.5,-3513.125
2202388,11672.5,-23852.5,-3513.125
2202399,8938.125,-20330.625,-3543.75
2202399,8938.125,-20330.625,-3543.75
2202409,9883.125,-16493.75,-3062.5
2202409,9883.125,-16493.75,-3062.5
2202419,11038.125,-15141.875,-3399.375
2202419,11038.125,-15141.875,-3399.375
2202430,10596.25,-15474.375,-3631.25
2202430,10596.25,-15474.375,-3631.25
2202440,10193.75,-14560.0,-3451.875
2202440,10193.75,-14560.0,-3451.875
2202450,11515.0,-13418.125,-3443.125
2202450,11515.0,-13418.125,-3443.125
2202461,12201.875,-12770.625,-3416.875
2202461,12201.875,-12770.625,-3416.875
2202471,14665.0,-10036.25,-4064.375
2202471,14665.0,-10036.25,-4064.375
2202482,16913.75,-8662.5,-4160.625
2202482,16913.75,-8662.5,-4160.625
2202492,16681.875,-10491.25,-3478.125
2202492,16681.875,-10491.25,-3478.125
2202502,15273.125,-10543.75,-4051.25
2202502,15273.125,-10543.75,-4051.25
2202512,15671.25,-9340.625,-6431.25
2202512,15671.25,-9340.625,-6431.25
2202523,16550.625,-9069.375,-8833.125
2202523,16550.625,-9069.375,-8833.125
2202533,15435.0,-9835.0,-10381.875
2202533,15435.0,-9835.0,-10381.875
2202543,12862.5,-10640.0,-12398.75
2202543,12862.5,-10640.0,-12398.75
2202554,12333.125,-11095.0,-12893.125
2202554,12333.125,-11095.0,-12893.125
2202564,12359.375,-12048.75,-11348.75
2202564,12359.375,-12048.75,-11348.75
2202574,12118.75,-13755.0,-8330.0
2202574,12118.75,-13755.0,-8330.0
2202585,13943.125,-15277.5,-4978.75
2202585,13943.125,-15277.5,-4978.75
2202595,16471.875,-14665.0,-3766.875
2202595,16471.875,-14665.0,-3766.875
2202605,20072.5,-13873.125,-3946.25
2202605,20072.5,-13873.125,-3946.25
2202615,23423.75,-11191.25,-3784.375
2202615,23423.75,-11191.25,-3784.375
2202626,21761.25,-9944.375,-4060.0
2202626,21761.25,-9944.375,-4060.0
2202636,16410.625,-12595.625,-5145.0
2202636,16410.625,-12595.625,-5145.0
2202646,11453.75,-14118.125,-5691.875
2202646,11453.75,-14118.125,-5691.875
2202657,8666.875,-14043.75,-6142.5
2202657,8666.875,-14043.75,-6142.5
2202667,6943.125,-12639.375,-6321.875
2202667,6943.125,-12639.375,-6321.875
2202678,3749.375,-12433.75,-6523.125
2202678,3749.375,-12433.75,-6523.125
2202687,398.125,-13580.0,-6033.125
2202687,398.125,-13580.0,-6033.125
2202698,-1981.875,-13120.625,-5451.25
2202698,-1981.875,-13120.625,-5451.25
2202709,-3373.125,-11436.25,-5210.625
2202709,-3373.125,-11436.25,-5210.625
2202719,-3749.375,-9012.5,-4672.5
2202719,-3749.375,-9012.5,-4672.5
2202729,-2568.125,-7065.625,-3793.125
2202729,-2568.125,-7065.625,-3793.125
2202739,-910.0,-4383.75,-2660.0
2202739,-910.0,-4383.75,-2660.0
2202750,367.5,-2410.625,-1356.25
2202750,367.5,-2410.625,-1356.25
2202760,651.875,-1548.75,-118.125
2202760,651.875,-1548.75,-118.125
2202770,-476.875,-1041.25,170.625
2202770,-476.875,-1041.25,170.625
2202781,-1855.0,-131.25,-175.0
2202781,-1855.0,-131.25,-175.0
2202791,-2327.5,271.25,-223.125
2202791,-2327.5,271.25,-223.125
2202801,-2598.75,65.625,43.75
2202801,-2598.75,65.625,43.75
2202811,-3163.125,752.5,341.25
2202811,-3163.125,752.5,341.25
2202822,-2270.625,2712.5,468.125
2202822,-2270.625,2712.5,468.125
2202832,4.375,5359.375,695.625
2202832,4.375,5359.375,695.625
2202842,1653.75,6321.875,424.375
2202842,1653.75,6321.875,424.375
2202853,1920.625,6400.625,-26.25
2202853,1920.625,6400.625,-26.25
2202863,1115.625,6011.25,-875.0
2202863,1115.625,6011.25,-875.0
2202874,-621.25,4961.25,-1640.625
2202874,-621.25,4961.25,-1640.625
2202884,-1618.75,3679.375,-1570.625
2202884,-1618.75,3679.375,-1570.625
2202894,-2008.125,2086.875,-520.625
2202894,-2008.125,2086.875,-520.625
2202905,-2686.25,-660.625,1150.625
2202905,-2686.25,-660.625,1150.625
2202915,-1911.875,-2415.0,3119.375
2202915,-1911.875,-2415.0,3119.375
2202925,-564.375,-2520.0,4357.5
2202925,-564.375,-2520.0,4357.5
2202935,1023.75,-2966.25,5324.375
2202935,1023.75,-2966.25,5324.375
2202946,2345.0,-2826.25,4917.5
2202946,2345.0,-2826.25,4917.5
2202956,2603.125,-3167.5,3745.0
2202956,2603.125,-3167.5,3745.0
2202966,1837.5,-2760.625,2677.5
2202966,1837.5,-2760.625,2677.5
2202977,1859.375,-2121.875,1413.125
2202977,1859.375,-2121.875,1413.125
2202987,1386.875,-2638.125,459.375
2202987,1386.875,-2638.125,459.375
2202997,756.875,-4151.875,599.375
2202997,756.875,-4151.875,599.375
2203008,564.375,-5293.75,879.375
2203008,564.375,-5293.75,879.375
2203018,1828.75,-5000.625,748.125
2203018,1828.75,-5000.625,748.125
2203028,3066.875,-3403.75,669.375
2203028,3066.875,-3403.75,669.375
2203038,2821.875,-2751.875,345.625
2203038,2821.875,-2751.875,345.625
2203049,1369.375,-3745.0,538.125
2203049,1369.375,-3745.0,538.125
2203059,4.375,-4996.25,1386.875
2203059,4.375,-4996.25,1386.875
2203070,284.375,-5394.375,1973.125
2203070,284.375,-5394.375,1973.125
2203080,1741.25,-4825.625,2515.625
2203080,1741.25,-4825.625,2515.625
2203090,2865.625,-3023.125,2371.25
2203090,2865.625,-3023.125,2371.25
2203101,2725.625,-1456.875,1859.375
2203101,2725.625,-1456.875,1859.375
2203111,1369.375,-546.875,857.5
2203111,1369.375,-546.875,857.5
2203121,883.75,43.75,450.625
2203121,883.75,43.75,450.625
2203131,660.625,218.75,148.75
2203131,660.625,218.75,148.75
2203142,918.75,126.875,-26.25
2203142,918.75,126.875,-26.25
