2198612,-48.125,-4.375,13.125
2198612,-48.125,-4.375,13.125
2198764,-70.0,21.875,91.875
2198764,-70.0,21.875,91.875
2198774,-70.0,13.125,70.0
2198774,-70.0,13.125,70.0
2198925,35.0,-30.625,-65.625
2198925,35.0,-30.625,-65.625
2198936,26.25,-21.875,-48.125
2198936,26.25,-21.875,-48.125
2199087,-8.75,-8.75,-70.0
2199087,-8.75,-8.75,-70.0
2199096,-13.125,-13.125,-70.0
2199096,-13.125,-13.125,-70.0
2199269,65.625,-35.0,-17.5
2199269,65.625,-35.0,-17.5
2199278,91.875,-56.875,-43.75
2199278,91.875,-56.875,-43.75
2199430,113.75,0.0,-56.875
2199430,113.75,0.0,-56.875
2199440,70.0,4.375,-70.0
2199440,70.0,4.375,-70.0
2199571,-140.0,1172.5,634.375
2199571,-140.0,1172.5,634.375
2199581,-328.125,1491.875,923.125
2199581,-328.125,1491.875,923.125
2199591,-323.75,1579.375,1071.875
2199591,-323.75,1579.375,1071.875
2199601,135.625,2310.0,1032.5
2199601,135.625,2310.0,1032.5
2199672,-958.125,7936.25,3530.625
2199672,-958.125,7936.25,3530.625
2199682,-730.625,10486.875,4488.75
2199682,-730.625,10486.875,4488.75
2199834,3587.5,-5250.0,-21577.5
2199834,3587.5,-5250.0,-21577.5
2199844,3469.375,-5018.125,-23926.875
2199844,3469.375,-5018.125,-23926.875
2199995,205.625,9992.5,-7126.875
2199995,205.625,9992.5,-7126.875
2200004,-2292.5,12901.875,-3110.625
2200004,-2292.5,12901.875,-3110.625
2200156,5923.75,1999.375,3478.125
2200156,5923.75,1999.375,3478.125
2200167,5761.875,3246.25,3430.0
2200167,5761.875,3246.25,3430.0
2200318,-2454.375,-3220.0,126.875
2200318,-2454.375,-3220.0,126.875
2200327,-3268.125,-4318.125,-266.875
2200327,-3268.125,-4318.125,-266.875
2200479,-5700.625,-10565.625,-1767.5
2200479,-5700.625,-10565.625,-1767.5
2200489,-6011.25,-10228.75,-1518.125
2200489,-6011.25,-10228.75,-1518.125
2200641,-1312.5,-1268.75,-175.0
2200641,-1312.5,-1268.75,-175.0
2200651,-175.0,-822.5,-78.75
2200651,-175.0,-822.5,-78.75
2200812,3609.375,12110.0,870.625
2200812,3609.375,12110.0,870.625
2200823,3395.0,12263.125,726.25
2200823,3395.0,12263.125,726.25
2200974,-5324.375,-5188.75,686.875
2200974,-5324.375,-5188.75,686.875
2200984,-7253.75,-6304.375,555.625
2200984,-7253.75,-6304.375,555.625
2201135,-5341.875,-8981.875,-1688.75
2201135,-5341.875,-8981.875,-1688.75
2201146,-4943.75,-9226.875,-1325.625
2201146,-4943.75,-9226.875,-1325.625
