2180428,-62.5,789.0625,632.8125,-78.125,-796.875,640.625,140.625,-937.5,375.0,414.0625,-906.25,70.3125,398.4375,-882.8125,250.0
2180428,-62.5,789.0625,632.8125,-78.125,-796.875,640.625,140.625,-937.5,375.0,414.0625,-906.25,70.3125,398.4375,-882.8125,250.0
2180428,-62.5,789.0625,625.0,-70.3125,-796.875,640.625,148.4375,-929.6875,367.1875,414.0625,-906.25,70.3125,390.625,-882.8125,265.625
2180428,-62.5,789.0625,625.0,-70.3125,-796.875,640.625,148.4375,-929.6875,367.1875,414.0625,-906.25,70.3125,390.625,-882.8125,265.625
2180436,-62.5,789.0625,625.0,-78.125,-796.875,640.625,148.4375,-929.6875,367.1875,421.875,-906.25,70.3125,390.625,-890.625,265.625
2180436,-62.5,789.0625,625.0,-78.125,-796.875,640.625,148.4375,-929.6875,367.1875,421.875,-906.25,70.3125,390.625,-890.625,265.625
2180444,-62.5,789.0625,625.0,-70.3125,-796.875,640.625,148.4375,-937.5,375.0,414.0625,-906.25,62.5,390.625,-890.625,257.8125
2180444,-62.5,789.0625,625.0,-70.3125,-796.875,640.625,148.4375,-937.5,375.0,414.0625,-906.25,62.5,390.625,-890.625,257.8125
2180589,-62.5,789.0625,625.0,-78.125,-804.6875,640.625,140.625,-929.6875,367.1875,421.875,-914.0625,62.5,390.625,-890.625,257.8125
2180589,-62.5,789.0625,625.0,-78.125,-804.6875,640.625,140.625,-929.6875,367.1875,421.875,-914.0625,62.5,390.625,-890.625,257.8125
2180589,-54.6875,789.0625,625.0,-70.3125,-804.6875,656.25,148.4375,-937.5,367.1875,421.875,-906.25,70.3125,398.4375,-890.625,265.625
2180589,-54.6875,789.0625,625.0,-70.3125,-804.6875,656.25,148.4375,-937.5,367.1875,421.875,-906.25,70.3125,398.4375,-890.625,265.625
2180597,-62.5,789.0625,632.8125,-62.5,-796.875,648.4375,140.625,-929.6875,375.0,421.875,-914.0625,70.3125,390.625,-890.625,265.625
2180597,-62.5,789.0625,632.8125,-62.5,-796.875,648.4375,140.625,-929.6875,375.0,421.875,-914.0625,70.3125,390.625,-890.625,265.625
2180604,-54.6875,789.0625,625.0,-70.3125,-796.875,640.625,148.4375,-937.5,382.8125,429.6875,-906.25,78.125,390.625,-890.625,265.625
2180604,-54.6875,789.0625,625.0,-70.3125,-796.875,640.625,148.4375,-937.5,382.8125,429.6875,-906.25,78.125,390.625,-890.625,265.625
2180751,-62.5,781.25,625.0,-62.5,-804.6875,640.625,140.625,-929.6875,367.1875,414.0625,-906.25,78.125,398.4375,-890.625,257.8125
2180751,-62.5,781.25,625.0,-62.5,-804.6875,640.625,140.625,-929.6875,367.1875,414.0625,-906.25,78.125,398.4375,-890.625,257.8125
2180751,-62.5,789.0625,625.0,-70.3125,-796.875,648.4375,148.4375,-929.6875,375.0,406.25,-914.0625,70.3125,398.4375,-882.8125,273.4375
2180751,-62.5,789.0625,625.0,-70.3125,-796.875,648.4375,148.4375,-929.6875,375.0,406.25,-914.0625,70.3125,398.4375,-882.8125,273.4375
2180759,-54.6875,789.0625,632.8125,-78.125,-804.6875,640.625,148.4375,-929.6875,367.1875,414.0625,-914.0625,70.3125,390.625,-890.625,257.8125
2180759,-54.6875,789.0625,632.8125,-78.125,-804.6875,640.625,148.4375,-929.6875,367.1875,414.0625,-914.0625,70.3125,390.625,-890.625,257.8125
2180767,-62.5,781.25,625.0,-70.3125,-796.875,640.625,140.625,-929.6875,367.1875,414.0625,-906.25,70.3125,390.625,-890.625,257.8125
2180767,-62.5,781.25,625.0,-70.3125,-796.875,640.625,140.625,-929.6875,367.1875,414.0625,-906.25,70.3125,390.625,-890.625,257.8125
2180912,-62.5,789.0625,632.8125,-78.125,-796.875,648.4375,148.4375,-937.5,375.0,414.0625,-914.0625,78.125,398.4375,-890.625,265.625
2180912,-62.5,789.0625,632.8125,-78.125,-796.875,648.4375,148.4375,-937.5,375.0,414.0625,-914.0625,78.125,398.4375,-890.625,265.625
2180912,-62.5,781.25,625.0,-78.125,-796.875,632.8125,140.625,-937.5,382.8125,414.0625,-914.0625,70.3125,390.625,-890.625,257.8125
2180912,-62.5,781.25,625.0,-78.125,-796.875,632.8125,140.625,-937.5,382.8125,414.0625,-914.0625,70.3125,390.625,-890.625,257.8125
2180920,-62.5,789.0625,625.0,-70.3125,-796.875,640.625,132.8125,-937.5,359.375,414.0625,-914.0625,70.3125,390.625,-890.625,265.625
2180920,-62.5,789.0625,625.0,-70.3125,-796.875,640.625,132.8125,-937.5,359.375,414.0625,-914.0625,70.3125,390.625,-890.625,265.625
2180928,-62.5,781.25,632.8125,-70.3125,-804.6875,648.4375,140.625,-945.3125,367.1875,414.0625,-914.0625,78.125,398.4375,-890.625,265.625
2180928,-62.5,781.25,632.8125,-70.3125,-804.6875,648.4375,140.625,-945.3125,367.1875,414.0625,-914.0625,78.125,398.4375,-890.625,265.625
2181073,-62.5,789.0625,632.8125,-70.3125,-804.6875,640.625,140.625,-945.3125,367.1875,414.0625,-914.0625,70.3125,390.625,-898.4375,257.8125
2181073,-62.5,789.0625,632.8125,-70.3125,-804.6875,640.625,140.625,-945.3125,367.1875,414.0625,-914.0625,70.3125,390.625,-898.4375,257.8125
2181073,-62.5,781.25,632.8125,-78.125,-804.6875,640.625,148.4375,-945.3125,375.0,421.875,-914.0625,62.5,398.4375,-890.625,265.625
2181073,-62.5,781.25,632.8125,-78.125,-804.6875,640.625,148.4375,-945.3125,375.0,421.875,-914.0625,62.5,398.4375,-890.625,265.625
2181081,-70.3125,781.25,632.8125,-70.3125,-804.6875,640.625,140.625,-945.3125,367.1875,414.0625,-921.875,78.125,398.4375,-898.4375,257.8125
2181081,-70.3125,781.25,632.8125,-70.3125,-804.6875,640.625,140.625,-945.3125,367.1875,414.0625,-921.875,78.125,398.4375,-898.4375,257.8125
2181089,-62.5,781.25,640.625,-85.9375,-804.6875,640.625,140.625,-945.3125,375.0,414.0625,-921.875,70.3125,398.4375,-890.625,257.8125
2181089,-62.5,781.25,640.625,-85.9375,-804.6875,640.625,140.625,-945.3125,375.0,414.0625,-921.875,70.3125,398.4375,-890.625,257.8125
2181235,-46.875,781.25,625.0,-78.125,-796.875,640.625,140.625,-937.5,375.0,414.0625,-898.4375,70.3125,398.4375,-898.4375,265.625
2181235,-46.875,781.25,625.0,-78.125,-796.875,640.625,140.625,-937.5,375.0,414.0625,-898.4375,70.3125,398.4375,-898.4375,265.625
2181235,-62.5,789.0625,632.8125,-70.3125,-796.875,648.4375,140.625,-937.5,367.1875,414.0625,-906.25,78.125,398.4375,-890.625,257.8125
2181235,-62.5,789.0625,632.8125,-70.3125,-796.875,648.4375,140.625,-937.5,367.1875,414.0625,-906.25,78.125,398.4375,-890.625,257.8125
2181243,-62.5,789.0625,625.0,-78.125,-796.875,640.625,132.8125,-937.5,375.0,414.0625,-906.25,70.3125,390.625,-890.625,265.625
2181243,-62.5,789.0625,625.0,-78.125,-796.875,640.625,132.8125,-937.5,375.0,414.0625,-906.25,70.3125,390.625,-890.625,265.625
2181251,-62.5,789.0625,625.0,-70.3125,-796.875,640.625,148.4375,-937.5,367.1875,414.0625,-914.0625,78.125,390.625,-890.625,257.8125
2181251,-62.5,789.0625,625.0,-70.3125,-796.875,640.625,148.4375,-937.5,367.1875,414.0625,-914.0625,78.125,390.625,-890.625,257.8125
2181396,-62.5,789.0625,617.1875,-78.125,-796.875,640.625,148.4375,-921.875,382.8125,414.0625,-914.0625,62.5,390.625,-882.8125,257.8125
2181396,-62.5,789.0625,617.1875,-78.125,-796.875,640.625,148.4375,-921.875,382.8125,414.0625,-914.0625,62.5,390.625,-882.8125,257.8125
2181396,-62.5,789.0625,625.0,-70.3125,-796.875,648.4375,148.4375,-937.5,375.0,414.0625,-906.25,70.3125,398.4375,-882.8125,265.625
2181396,-62.5,789.0625,625.0,-70.3125,-796.875,648.4375,148.4375,-937.5,375.0,414.0625,-906.25,70.3125,398.4375,-882.8125,265.625
2181404,-62.5,789.0625,632.8125,-78.125,-796.875,648.4375,140.625,-929.6875,375.0,406.25,-906.25,70.3125,390.625,-882.8125,257.8125
2181404,-62.5,789.0625,632.8125,-78.125,-796.875,648.4375,140.625,-929.6875,375.0,406.25,-906.25,70.3125,390.625,-882.8125,257.8125
2181412,-62.5,781.25,632.8125,-70.3125,-796.875,648.4375,148.4375,-929.6875,375.0,414.0625,-906.25,78.125,390.625,-890.625,257.8125
2181412,-62.5,781.25,632.8125,-70.3125,-796.875,648.4375,148.4375,-929.6875,375.0,414.0625,-906.25,78.125,390.625,-890.625,257.8125
2181557,-62.5,781.25,632.8125,-70.3125,-804.6875,640.625,140.625,-937.5,375.0,414.0625,-914.0625,70.3125,398.4375,-890.625,257.8125
2181557,-62.5,781.25,632.8125,-70.3125,-804.6875,640.625,140.625,-937.5,375.0,414.0625,-914.0625,70.3125,398.4375,-890.625,257.8125
2181557,-62.5,789.0625,640.625,-70.3125,-796.875,640.625,148.4375,-937.5,375.0,406.25,-914.0625,78.125,390.625,-890.625,265.625
2181557,-62.5,789.0625,640.625,-70.3125,-796.875,640.625,148.4375,-937.5,375.0,406.25,-914.0625,78.125,390.625,-890.625,265.625
2181565,-62.5,789.0625,632.8125,-70.3125,-796.875,648.4375,140.625,-945.3125,375.0,414.0625,-914.0625,78.125,398.4375,-890.625,265.625
2181565,-62.5,789.0625,632.8125,-70.3125,-796.875,648.4375,140.625,-945.3125,375.0,414.0625,-914.0625,78.125,398.4375,-890.625,265.625
2181573,-54.6875,789.0625,625.0,-78.125,-804.6875,640.625,140.625,-937.5,375.0,414.0625,-914.0625,70.3125,390.625,-890.625,257.8125
2181573,-54.6875,789.0625,625.0,-78.125,-804.6875,640.625,140.625,-937.5,375.0,414.0625,-914.0625,70.3125,390.625,-890.625,257.8125
2181718,-62.5,789.0625,640.625,-85.9375,-789.0625,632.8125,140.625,-937.5,375.0,421.875,-914.0625,78.125,390.625,-890.625,265.625
2181718,-62.5,789.0625,640.625,-85.9375,-789.0625,632.8125,140.625,-937.5,375.0,421.875,-914.0625,78.125,390.625,-890.625,265.625
2181719,-62.5,796.875,632.8125,-93.75,-789.0625,632.8125,140.625,-937.5,375.0,414.0625,-914.0625,62.5,390.625,-890.625,265.625
2181719,-62.5,796.875,632.8125,-93.75,-789.0625,632.8125,140.625,-937.5,375.0,414.0625,-914.0625,62.5,390.625,-890.625,265.625
2181727,-62.5,789.0625,632.8125,-78.125,-781.25,640.625,148.4375,-937.5,382.8125,414.0625,-906.25,78.125,406.25,-882.8125,265.625
2181727,-62.5,789.0625,632.8125,-78.125,-781.25,640.625,148.4375,-937.5,382.8125,414.0625,-906.25,78.125,406.25,-882.8125,265.625
2181734,-54.6875,796.875,632.8125,-85.9375,-789.0625,632.8125,140.625,-945.3125,382.8125,414.0625,-914.0625,70.3125,398.4375,-890.625,257.8125
2181734,-54.6875,796.875,632.8125,-85.9375,-789.0625,632.8125,140.625,-945.3125,382.8125,414.0625,-914.0625,70.3125,398.4375,-890.625,257.8125
2181880,-46.875,796.875,632.8125,-46.875,-804.6875,640.625,148.4375,-929.6875,382.8125,421.875,-906.25,70.3125,406.25,-882.8125,265.625
2181880,-46.875,796.875,632.8125,-46.875,-804.6875,640.625,148.4375,-929.6875,382.8125,421.875,-906.25,70.3125,406.25,-882.8125,265.625
2181880,-39.0625,804.6875,632.8125,-46.875,-812.5,640.625,148.4375,-937.5,382.8125,421.875,-914.0625,78.125,406.25,-882.8125,265.625
2181880,-39.0625,804.6875,632.8125,-46.875,-812.5,640.625,148.4375,-937.5,382.8125,421.875,-914.0625,78.125,406.25,-882.8125,265.625
2181888,-46.875,804.6875,640.625,-39.0625,-812.5,648.4375,148.4375,-937.5,390.625,414.0625,-914.0625,78.125,398.4375,-890.625,257.8125
2181888,-46.875,804.6875,640.625,-39.0625,-812.5,648.4375,148.4375,-937.5,390.625,414.0625,-914.0625,78.125,398.4375,-890.625,257.8125
2181896,-46.875,804.6875,648.4375,-46.875,-812.5,640.625,148.4375,-929.6875,375.0,414.0625,-914.0625,70.3125,398.4375,-890.625,265.625
2181896,-46.875,804.6875,648.4375,-46.875,-812.5,640.625,148.4375,-929.6875,375.0,414.0625,-914.0625,70.3125,398.4375,-890.625,265.625
2182041,-421.875,765.625,546.875,125.0,-898.4375,828.125,359.375,-1070.3125,429.6875,515.625,-929.6875,78.125,507.8125,-937.5,226.5625
2182041,-421.875,765.625,546.875,125.0,-898.4375,828.125,359.375,-1070.3125,429.6875,515.625,-929.6875,78.125,507.8125,-937.5,226.5625
2182041,-46.875,679.6875,656.25,210.9375,-937.5,765.625,250.0,-914.0625,554.6875,546.875,-859.375,195.3125,476.5625,-703.125,257.8125
2182041,-46.875,679.6875,656.25,210.9375,-937.5,765.625,250.0,-914.0625,554.6875,546.875,-859.375,195.3125,476.5625,-703.125,257.8125
2182049,117.1875,625.0,460.9375,156.25,-960.9375,718.75,367.1875,-976.5625,546.875,539.0625,-914.0625,78.125,585.9375,-898.4375,7.8125
2182049,117.1875,625.0,460.9375,156.25,-960.9375,718.75,367.1875,-976.5625,546.875,539.0625,-914.0625,78.125,585.9375,-898.4375,7.8125
2182057,117.1875,484.375,609.375,218.75,-1031.25,875.0,468.75,-1515.625,656.25,476.5625,-1031.25,125.0,421.875,-968.75,328.125
2182057,117.1875,484.375,609.375,218.75,-1031.25,875.0,468.75,-1515.625,656.25,476.5625,-1031.25,125.0,421.875,-968.75,328.125
2182202,-375.0,468.75,679.6875,-109.375,-968.75,484.375,-46.875,-1046.875,242.1875,257.8125,-992.1875,-210.9375,265.625,-1078.125,-15.625
2182202,-375.0,468.75,679.6875,-109.375,-968.75,484.375,-46.875,-1046.875,242.1875,257.8125,-992.1875,-210.9375,265.625,-1078.125,-15.625
2182202,-406.25,484.375,671.875,-156.25,-929.6875,460.9375,-85.9375,-1015.625,218.75,218.75,-984.375,-226.5625,226.5625,-1031.25,-39.0625
2182202,-406.25,484.375,671.875,-156.25,-929.6875,460.9375,-85.9375,-1015.625,218.75,218.75,-984.375,-226.5625,226.5625,-1031.25,-39.0625
2182210,-421.875,531.25,671.875,-218.75,-929.6875,421.875,-101.5625,-937.5,171.875,210.9375,-992.1875,-250.0,203.125,-976.5625,-31.25
2182210,-421.875,531.25,671.875,-218.75,-929.6875,421.875,-101.5625,-937.5,171.875,210.9375,-992.1875,-250.0,203.125,-976.5625,-31.25
2182218,-437.5,601.5625,664.0625,-234.375,-945.3125,312.5,-156.25,-953.125,148.4375,171.875,-937.5,-257.8125,218.75,-976.5625,7.8125
2182218,-437.5,601.5625,664.0625,-234.375,-945.3125,312.5,-156.25,-953.125,148.4375,171.875,-937.5,-257.8125,218.75,-976.5625,7.8125
2182283,-609.375,101.5625,554.6875,-328.125,-992.1875,265.625,-281.25,-1015.625,39.0625,-187.5,-914.0625,-500.0,-343.75,-1070.3125,-710.9375
2182283,-609.375,101.5625,554.6875,-328.125,-992.1875,265.625,-281.25,-1015.625,39.0625,-187.5,-914.0625,-500.0,-343.75,-1070.3125,-710.9375
2182283,-531.25,156.25,578.125,-320.3125,-992.1875,273.4375,-281.25,-1039.0625,31.25,-304.6875,-882.8125,-562.5,-429.6875,-1093.75,-804.6875
2182283,-531.25,156.25,578.125,-320.3125,-992.1875,273.4375,-281.25,-1039.0625,31.25,-304.6875,-882.8125,-562.5,-429.6875,-1093.75,-804.6875
2182291,-453.125,273.4375,609.375,-382.8125,-1023.4375,273.4375,-335.9375,-1031.25,15.625,-328.125,-921.875,-609.375,-429.6875,-1109.375,-710.9375
2182291,-453.125,273.4375,609.375,-382.8125,-1023.4375,273.4375,-335.9375,-1031.25,15.625,-328.125,-921.875,-609.375,-429.6875,-1109.375,-710.9375
2182299,-390.625,398.4375,656.25,-351.5625,-1000.0,203.125,-351.5625,-1031.25,-62.5,-406.25,-929.6875,-664.0625,-414.0625,-1101.5625,-703.125
2182299,-390.625,398.4375,656.25,-351.5625,-1000.0,203.125,-351.5625,-1031.25,-62.5,-406.25,-929.6875,-664.0625,-414.0625,-1101.5625,-703.125
2182364,-125.0,929.6875,789.0625,-757.8125,-406.25,39.0625,-742.1875,-429.6875,-257.8125,-781.25,-273.4375,-476.5625,-359.375,-312.5,-492.1875
2182364,-125.0,929.6875,789.0625,-757.8125,-406.25,39.0625,-742.1875,-429.6875,-257.8125,-781.25,-273.4375,-476.5625,-359.375,-312.5,-492.1875
2182364,-210.9375,820.3125,718.75,-710.9375,-398.4375,85.9375,-664.0625,-382.8125,-226.5625,-812.5,-242.1875,-468.75,-578.125,-367.1875,-523.4375
2182364,-210.9375,820.3125,718.75,-710.9375,-398.4375,85.9375,-664.0625,-382.8125,-226.5625,-812.5,-242.1875,-468.75,-578.125,-367.1875,-523.4375
2182372,-257.8125,601.5625,679.6875,-726.5625,-304.6875,242.1875,-679.6875,-328.125,-218.75,-718.75,-210.9375,-523.4375,-593.75,-359.375,-625.0
2182372,-257.8125,601.5625,679.6875,-726.5625,-304.6875,242.1875,-679.6875,-328.125,-218.75,-718.75,-210.9375,-523.4375,-593.75,-359.375,-625.0
2182380,-265.625,507.8125,601.5625,-578.125,-421.875,226.5625,-710.9375,-359.375,-171.875,-867.1875,-179.6875,-500.0,-585.9375,-414.0625,-609.375
2182380,-265.625,507.8125,601.5625,-578.125,-421.875,226.5625,-710.9375,-359.375,-171.875,-867.1875,-179.6875,-500.0,-585.9375,-414.0625,-609.375
2182525,-757.8125,23.4375,367.1875,-687.5,-304.6875,7.8125,-460.9375,-546.875,46.875,-351.5625,-539.0625,78.125,-328.125,-468.75,335.9375
2182525,-757.8125,23.4375,367.1875,-687.5,-304.6875,7.8125,-460.9375,-546.875,46.875,-351.5625,-539.0625,78.125,-328.125,-468.75,335.9375
2182525,-734.375,54.6875,351.5625,-726.5625,-335.9375,7.8125,-476.5625,-476.5625,62.5,-335.9375,-617.1875,70.3125,-296.875,-523.4375,429.6875
2182525,-734.375,54.6875,351.5625,-726.5625,-335.9375,7.8125,-476.5625,-476.5625,62.5,-335.9375,-617.1875,70.3125,-296.875,-523.4375,429.6875
2182533,-703.125,226.5625,414.0625,-679.6875,-335.9375,15.625,-515.625,-460.9375,78.125,-460.9375,-648.4375,-7.8125,-468.75,-406.25,289.0625
2182533,-703.125,226.5625,414.0625,-679.6875,-335.9375,15.625,-515.625,-460.9375,78.125,-460.9375,-648.4375,-7.8125,-468.75,-406.25,289.0625
2182541,-890.625,203.125,234.375,-710.9375,-273.4375,-23.4375,-671.875,-304.6875,78.125,-437.5,-93.75,117.1875,-351.5625,-125.0,-101.5625
2182541,-890.625,203.125,234.375,-710.9375,-273.4375,-23.4375,-671.875,-304.6875,78.125,-437.5,-93.75,117.1875,-351.5625,-125.0,-101.5625
2182686,-1000.0,828.125,1390.625,-1843.75,-1023.4375,-335.9375,-1875.0,-851.5625,-546.875,-1828.125,-1039.0625,-234.375,-1851.5625,-906.25,-93.75
2182686,-1000.0,828.125,1390.625,-1843.75,-1023.4375,-335.9375,-1875.0,-851.5625,-546.875,-1828.125,-1039.0625,-234.375,-1851.5625,-906.25,-93.75
2182687,-921.875,882.8125,1421.875,-1875.0,-1031.25,-351.5625,-1937.5,-828.125,-578.125,-1914.0625,-1015.625,-265.625,-1921.875,-867.1875,-164.0625
2182687,-921.875,882.8125,1421.875,-1875.0,-1031.25,-351.5625,-1937.5,-828.125,-578.125,-1914.0625,-1015.625,-265.625,-1921.875,-867.1875,-164.0625
2182694,-898.4375,914.0625,1437.5,-1898.4375,-1023.4375,-351.5625,-1984.375,-828.125,-609.375,-1992.1875,-976.5625,-273.4375,-1984.375,-835.9375,-195.3125
2182694,-898.4375,914.0625,1437.5,-1898.4375,-1023.4375,-351.5625,-1984.375,-828.125,-609.375,-1992.1875,-976.5625,-273.4375,-1984.375,-835.9375,-195.3125
2182702,-890.625,945.3125,1453.125,-1890.625,-1007.8125,-328.125,-2015.625,-820.3125,-609.375,-2007.8125,-953.125,-281.25,-2007.8125,-820.3125,-210.9375
2182702,-890.625,945.3125,1453.125,-1890.625,-1007.8125,-328.125,-2015.625,-820.3125,-609.375,-2007.8125,-953.125,-281.25,-2007.8125,-820.3125,-210.9375
2182840,-718.75,531.25,632.8125,-968.75,-359.375,-85.9375,-1000.0,-328.125,-156.25,-968.75,-492.1875,7.8125,-1023.4375,-429.6875,70.3125
2182840,-718.75,531.25,632.8125,-968.75,-359.375,-85.9375,-1000.0,-328.125,-156.25,-968.75,-492.1875,7.8125,-1023.4375,-429.6875,70.3125
2182848,-671.875,546.875,617.1875,-976.5625,-421.875,-132.8125,-976.5625,-398.4375,-132.8125,-976.5625,-468.75,15.625,-1000.0,-414.0625,46.875
2182848,-671.875,546.875,617.1875,-976.5625,-421.875,-132.8125,-976.5625,-398.4375,-132.8125,-976.5625,-468.75,15.625,-1000.0,-414.0625,46.875
2182848,-625.0,484.375,632.8125,-984.375,-414.0625,-156.25,-992.1875,-359.375,-195.3125,-992.1875,-460.9375,-15.625,-1000.0,-390.625,23.4375
2182848,-625.0,484.375,632.8125,-984.375,-414.0625,-156.25,-992.1875,-359.375,-195.3125,-992.1875,-460.9375,-15.625,-1000.0,-390.625,23.4375
2182856,-578.125,453.125,640.625,-976.5625,-406.25,-140.625,-1007.8125,-320.3125,-226.5625,-1000.0,-421.875,-46.875,-1000.0,-359.375,-7.8125
2182856,-578.125,453.125,640.625,-976.5625,-406.25,-140.625,-1007.8125,-320.3125,-226.5625,-1000.0,-421.875,-46.875,-1000.0,-359.375,-7.8125
2182936,-382.8125,273.4375,273.4375,-523.4375,-109.375,-54.6875,-500.0,-62.5,-62.5,-500.0,-156.25,54.6875,-492.1875,-132.8125,46.875
2182936,-382.8125,273.4375,273.4375,-523.4375,-109.375,-54.6875,-500.0,-62.5,-62.5,-500.0,-156.25,54.6875,-492.1875,-132.8125,46.875
2182944,-398.4375,273.4375,242.1875,-500.0,-93.75,-39.0625,-453.125,-78.125,-31.25,-437.5,-179.6875,85.9375,-437.5,-148.4375,85.9375
2182944,-398.4375,273.4375,242.1875,-500.0,-93.75,-39.0625,-453.125,-78.125,-31.25,-437.5,-179.6875,85.9375,-437.5,-148.4375,85.9375
2182944,-414.0625,242.1875,203.125,-476.5625,-85.9375,-15.625,-421.875,-101.5625,31.25,-382.8125,-195.3125,109.375,-398.4375,-164.0625,132.8125
2182944,-414.0625,242.1875,203.125,-476.5625,-85.9375,-15.625,-421.875,-101.5625,31.25,-382.8125,-195.3125,109.375,-398.4375,-164.0625,132.8125
2183090,-257.8125,304.6875,-148.4375,-125.0,203.125,289.0625,-46.875,85.9375,289.0625,-46.875,-15.625,234.375,-85.9375,-15.625,164.0625
2183090,-257.8125,304.6875,-148.4375,-125.0,203.125,289.0625,-46.875,85.9375,289.0625,-46.875,-15.625,234.375,-85.9375,-15.625,164.0625
2183097,-281.25,281.25,-140.625,-140.625,164.0625,265.625,-62.5,62.5,296.875,-31.25,-46.875,250.0,-78.125,-54.6875,187.5
2183097,-281.25,281.25,-140.625,-140.625,164.0625,265.625,-62.5,62.5,296.875,-31.25,-46.875,250.0,-78.125,-54.6875,187.5
2183105,-328.125,234.375,-140.625,-179.6875,140.625,250.0,-85.9375,39.0625,281.25,-46.875,-78.125,250.0,-46.875,-85.9375,234.375
2183105,-328.125,234.375,-140.625,-179.6875,140.625,250.0,-85.9375,39.0625,281.25,-46.875,-78.125,250.0,-46.875,-85.9375,234.375
2183105,-351.5625,218.75,-117.1875,-187.5,132.8125,257.8125,-109.375,7.8125,273.4375,-46.875,-117.1875,257.8125,-101.5625,-132.8125,234.375
2183105,-351.5625,218.75,-117.1875,-187.5,132.8125,257.8125,-109.375,7.8125,273.4375,-46.875,-117.1875,257.8125,-101.5625,-132.8125,234.375
2183130,-390.625,296.875,-23.4375,-242.1875,31.25,234.375,-171.875,-85.9375,250.0,-156.25,-187.5,210.9375,-210.9375,-156.25,187.5
2183130,-390.625,296.875,-23.4375,-242.1875,31.25,234.375,-171.875,-85.9375,250.0,-156.25,-187.5,210.9375,-210.9375,-156.25,187.5
2183138,-367.1875,328.125,15.625,-250.0,0.0,218.75,-195.3125,-93.75,218.75,-187.5,-187.5,187.5,-242.1875,-164.0625,179.6875
2183138,-367.1875,328.125,15.625,-250.0,0.0,218.75,-195.3125,-93.75,218.75,-187.5,-187.5,187.5,-242.1875,-164.0625,179.6875
2183146,-367.1875,328.125,62.5,-296.875,-7.8125,203.125,-226.5625,-93.75,187.5,-234.375,-195.3125,164.0625,-289.0625,-164.0625,148.4375
2183146,-367.1875,328.125,62.5,-296.875,-7.8125,203.125,-226.5625,-93.75,187.5,-234.375,-195.3125,164.0625,-289.0625,-164.0625,148.4375
2183146,-359.375,320.3125,109.375,-328.125,-23.4375,171.875,-265.625,-85.9375,148.4375,-273.4375,-187.5,140.625,-335.9375,-164.0625,109.375
2183146,-359.375,320.3125,109.375,-328.125,-23.4375,171.875,-265.625,-85.9375,148.4375,-273.4375,-187.5,140.625,-335.9375,-164.0625,109.375
2183291,-1312.5,578.125,1265.625,-1984.375,-539.0625,-375.0,-2054.6875,-437.5,-351.5625,-1968.75,-789.0625,46.875,-2023.4375,-585.9375,93.75
2183291,-1312.5,578.125,1265.625,-1984.375,-539.0625,-375.0,-2054.6875,-437.5,-351.5625,-1968.75,-789.0625,46.875,-2023.4375,-585.9375,93.75
2183299,-1328.125,617.1875,1312.5,-2062.5,-570.3125,-390.625,-2156.25,-453.125,-390.625,-2078.125,-789.0625,39.0625,-2085.9375,-585.9375,70.3125
2183299,-1328.125,617.1875,1312.5,-2062.5,-570.3125,-390.625,-2156.25,-453.125,-390.625,-2078.125,-789.0625,39.0625,-2085.9375,-585.9375,70.3125
2183307,-1359.375,640.625,1375.0,-2132.8125,-609.375,-429.6875,-2226.5625,-476.5625,-421.875,-2156.25,-828.125,31.25,-2156.25,-601.5625,70.3125
2183307,-1359.375,640.625,1375.0,-2132.8125,-609.375,-429.6875,-2226.5625,-476.5625,-421.875,-2156.25,-828.125,31.25,-2156.25,-601.5625,70.3125
2183307,-1367.1875,640.625,1429.6875,-2203.125,-625.0,-429.6875,-2304.6875,-476.5625,-437.5,-2226.5625,-851.5625,23.4375,-2226.5625,-625.0,62.5
2183307,-1367.1875,640.625,1429.6875,-2203.125,-625.0,-429.6875,-2304.6875,-476.5625,-437.5,-2226.5625,-851.5625,23.4375,-2226.5625,-625.0,62.5
