2207634,-65.625,-13.125,8.75
2207634,-65.625,-13.125,8.75
2207645,-21.875,-8.75,-17.5
2207645,-21.875,-8.75,-17.5
2207806,-87.5,-39.375,17.5
2207806,-87.5,-39.375,17.5
2207816,-91.875,-39.375,13.125
2207816,-91.875,-39.375,13.125
2207887,-74.375,-17.5,21.875
2207887,-74.375,-17.5,21.875
2207897,-61.25,-17.5,8.75
2207897,-61.25,-17.5,8.75
2208048,-61.25,0.0,-4.375
2208048,-61.25,0.0,-4.375
2208058,-56.875,-8.75,-21.875
2208058,-56.875,-8.75,-21.875
2208129,8.75,-13.125,8.75
2208129,8.75,-13.125,8.75
2208139,-48.125,-13.125,17.5
2208139,-48.125,-13.125,17.5
2208290,-61.25,-17.5,-8.75
2208290,-61.25,-17.5,-8.75
2208301,-39.375,-26.25,-13.125
2208301,-39.375,-26.25,-13.125
2208452,-35.0,-21.875,-30.625
2208452,-35.0,-21.875,-30.625
2208461,-70.0,-13.125,13.125
2208461,-70.0,-13.125,13.125
2208613,-74.375,61.25,70.0
2208613,-74.375,61.25,70.0
2208624,-56.875,70.0,48.125
2208624,-56.875,70.0,48.125
2208775,-1085.0,2104.375,927.5
2208775,-1085.0,2104.375,927.5
2208785,-682.5,2410.625,971.25
2208785,-682.5,2410.625,971.25
2208936,10355.625,-16611.875,-19131.875
2208936,10355.625,-16611.875,-19131.875
2208947,11939.375,-16502.5,-21634.375
2208947,11939.375,-16502.5,-21634.375
2209098,-1771.875,-1426.25,-11567.5
2209098,-1771.875,-1426.25,-11567.5
2209108,-625.625,-1933.75,-12101.25
2209108,-625.625,-1933.75,-12101.25
2209259,-826.875,4313.75,1640.625
2209259,-826.875,4313.75,1640.625
2209269,-201.25,3801.875,1977.5
2209269,-201.25,3801.875,1977.5
2209340,3556.875,4471.25,2515.625
2209340,3556.875,4471.25,2515.625
2209350,3412.5,4620.0,2935.625
2209350,3412.5,4620.0,2935.625
2209502,3574.375,2725.625,2301.25
2209502,3574.375,2725.625,2301.25
2209512,2585.625,1474.375,2222.5
2209512,2585.625,1474.375,2222.5
2209663,-7345.625,-8841.875,-542.5
2209663,-7345.625,-8841.875,-542.5
2209673,-7183.75,-8680.0,-660.625
2209673,-7183.75,-8680.0,-660.625
2209824,-3657.5,-5040.0,1089.375
2209824,-3657.5,-5040.0,1089.375
2209835,-3723.125,-4506.25,1426.25
2209835,-3723.125,-4506.25,1426.25
2209986,3438.75,6650.0,-1207.5
2209986,3438.75,6650.0,-1207.5
2209996,4558.75,7078.75,-1413.125
2209996,4558.75,7078.75,-1413.125
2210046,5411.875,10600.625,-1111.25
2210046,5411.875,10600.625,-1111.25
2210057,5796.875,10867.5,-914.375
2210057,5796.875,10867.5,-914.375
2210066,6912.5,10491.25,-796.25
2210066,6912.5,10491.25,-796.25
2210077,7958.125,9852.5,-761.25
2210077,7958.125,9852.5,-761.25
2210087,8058.75,9520.0,-612.5
2210087,8058.75,9520.0,-612.5
2210097,7494.375,9467.5,-415.625
2210097,7494.375,9467.5,-415.625
2210107,7035.0,9603.125,-345.625
2210107,7035.0,9603.125,-345.625
2210117,7026.25,9515.625,-358.75
2210117,7026.25,9515.625,-358.75
2210228,-1579.375,-1850.625,1106.875
2210228,-1579.375,-1850.625,1106.875
2210238,-3106.25,-3430.0,1006.25
2210238,-3106.25,-3430.0,1006.25
2210390,-5586.875,-7826.875,-1465.625
2210390,-5586.875,-7826.875,-1465.625
2210400,-5376.875,-7783.125,-1176.875
2210400,-5376.875,-7783.125,-1176.875
2210551,-350.0,-1736.875,625.625
2210551,-350.0,-1736.875,625.625
2210561,-70.0,-1137.5,634.375
2210561,-70.0,-1137.5,634.375
