2172892,-45084.375,-8203.125,36338.75
2172892,-45084.375,-8203.125,36338.75
2172901,-55912.5,-40210.625,37843.75
2172901,-55912.5,-40210.625,37843.75
2172912,-88099.375,-41335.0,58301.25
2172912,-88099.375,-41335.0,58301.25
2172922,-136325.0,5333.125,101933.125
2172922,-136325.0,5333.125,101933.125
2172933,-143360.0,22277.5,120964.375
2172933,-143360.0,22277.5,120964.375
2172943,-129902.5,22675.625,138827.5
2172943,-129902.5,22675.625,138827.5
2172953,-104024.375,25886.875,-143360.0
2172953,-104024.375,25886.875,-143360.0
2172964,-86708.125,21691.25,-143360.0
2172964,-86708.125,21691.25,-143360.0
2172974,-69571.25,16296.875,143233.125
2172974,-69571.25,16296.875,143233.125
2172984,-65804.375,5967.5,-143360.0
2172984,-65804.375,5967.5,-143360.0
2172994,-85780.625,-29194.375,-143360.0
2172994,-85780.625,-29194.375,-143360.0
2173005,-130029.375,-102248.125,143355.625
2173005,-130029.375,-102248.125,143355.625
2173015,-143360.0,-126914.375,-143360.0
2173015,-143360.0,-126914.375,-143360.0
2173025,-143272.5,-91262.5,-143360.0
2173025,-143272.5,-91262.5,-143360.0
2173036,-142979.375,-103110.0,-143360.0
2173036,-142979.375,-103110.0,-143360.0
2173046,-143360.0,-122898.125,-143360.0
2173046,-143360.0,-122898.125,-143360.0
2173056,-143360.0,-124171.25,-143360.0
2173056,-143360.0,-124171.25,-143360.0
2173067,-143351.25,-135371.25,-143360.0
2173067,-143351.25,-135371.25,-143360.0
2173077,-142196.25,-143355.625,-143360.0
2173077,-142196.25,-143355.625,-143360.0
2173088,-143045.0,-143355.625,-143360.0
2173088,-143045.0,-143355.625,-143360.0
2173097,-143360.0,-143158.75,143290.0
2173097,-143360.0,-143158.75,143290.0
2173108,-143346.875,-143355.625,115753.75
2173108,-143346.875,-143355.625,115753.75
2173118,-142646.875,-143355.625,72721.25
2173118,-142646.875,-143355.625,72721.25
2173128,-80171.875,-143355.625,49087.5
2173128,-80171.875,-143355.625,49087.5
2173139,65375.625,-108311.875,59180.625
2173139,65375.625,-108311.875,59180.625
2173149,78190.0,43802.5,-143360.0
2173149,78190.0,43802.5,-143360.0
2173160,64859.375,26578.125,113623.125
2173160,64859.375,26578.125,113623.125
2173170,24714.375,-28021.875,88729.375
2173170,24714.375,-28021.875,88729.375
2173180,43386.875,22758.75,102576.25
2173180,43386.875,22758.75,102576.25
2173190,69881.875,75302.5,111606.25
2173190,69881.875,75302.5,111606.25
2173201,78960.0,98319.375,103258.75
2173201,78960.0,98319.375,103258.75
2173211,77415.625,128961.875,103801.25
2173211,77415.625,128961.875,103801.25
2173221,76995.625,-143360.0,105831.25
2173221,76995.625,-143360.0,105831.25
2173232,60690.0,-143360.0,99680.0
2173232,60690.0,-143360.0,99680.0
2173242,31762.5,143005.625,81138.75
2173242,31762.5,143005.625,81138.75
2173252,6772.5,-143360.0,76750.625
2173252,6772.5,-143360.0,76750.625
2173263,-19910.625,-143360.0,81344.375
2173263,-19910.625,-143360.0,81344.375
2173273,-43076.25,143351.25,89845.0
2173273,-43076.25,143351.25,89845.0
2173284,-53869.375,-143360.0,95427.5
2173284,-53869.375,-143360.0,95427.5
2173293,-60318.125,-143360.0,94001.25
2173293,-60318.125,-143360.0,94001.25
2173304,-64225.0,-143360.0,87727.5
2173304,-64225.0,-143360.0,87727.5
2173314,-68709.375,-143360.0,87268.125
2173314,-68709.375,-143360.0,87268.125
2173324,-82888.75,-143360.0,93856.875
2173324,-82888.75,-143360.0,93856.875
2173334,-98240.625,-143360.0,98100.625
2173334,-98240.625,-143360.0,98100.625
2173345,-98634.375,-143360.0,97282.5
2173345,-98634.375,-143360.0,97282.5
2173355,-94771.25,-143360.0,95515.0
2173355,-94771.25,-143360.0,95515.0
2173366,-91420.0,-143360.0,91831.25
2173366,-91420.0,-143360.0,91831.25
2173376,-87976.875,-143360.0,87416.875
2173376,-87976.875,-143360.0,87416.875
2173386,-85767.5,-143360.0,82171.25
2173386,-85767.5,-143360.0,82171.25
2173397,-84371.875,-143360.0,72817.5
2173397,-84371.875,-143360.0,72817.5
2173407,-87731.875,-143360.0,60851.875
2173407,-87731.875,-143360.0,60851.875
2173417,-90921.25,141920.625,47862.5
2173417,-90921.25,141920.625,47862.5
2173428,-94491.25,136517.5,33499.375
2173428,-94491.25,136517.5,33499.375
2173438,-92588.125,131171.25,27978.125
2173438,-92588.125,131171.25,27978.125
2173448,-81978.75,123602.5,22338.75
2173448,-81978.75,123602.5,22338.75
2173459,-67611.25,114292.5,14275.625
2173459,-67611.25,114292.5,14275.625
2173469,-60326.875,102694.375,2769.375
2173469,-60326.875,102694.375,2769.375
2173479,-56406.875,91035.0,-7883.75
2173479,-56406.875,91035.0,-7883.75
2173490,-54547.5,72616.25,-17766.875
2173490,-54547.5,72616.25,-17766.875
2173500,-48361.25,52635.625,-26105.625
2173500,-48361.25,52635.625,-26105.625
2173510,-39462.5,32466.875,-31198.125
2173510,-39462.5,32466.875,-31198.125
2173520,-30358.125,15019.375,-33639.375
2173520,-30358.125,15019.375,-33639.375
2173531,-14358.75,1745.625,-35297.5
2173531,-14358.75,1745.625,-35297.5
2173541,10180.625,-5005.0,-38145.625
2173541,10180.625,-5005.0,-38145.625
2173552,34558.125,-5950.0,-45605.0
2173552,34558.125,-5950.0,-45605.0
2173562,53948.125,-4830.0,-55011.25
2173562,53948.125,-4830.0,-55011.25
2173572,75385.625,-5661.25,-59731.875
2173572,75385.625,-5661.25,-59731.875
2173583,89035.625,-16121.875,-55947.5
2173583,89035.625,-16121.875,-55947.5
2173593,93581.25,-41081.25,-46825.625
2173593,93581.25,-41081.25,-46825.625
2173603,99015.0,-65336.25,-39655.0
2173603,99015.0,-65336.25,-39655.0
2173613,109948.125,-75481.875,-36776.25
2173613,109948.125,-75481.875,-36776.25
2173624,121625.0,-75560.625,-36343.125
2173624,121625.0,-75560.625,-36343.125
2173634,131775.0,-72310.0,-36938.125
2173634,131775.0,-72310.0,-36938.125
2173644,138586.875,-70253.75,-37883.125
2173644,138586.875,-70253.75,-37883.125
2173655,142161.25,-68398.75,-37331.875
2173655,142161.25,-68398.75,-37331.875
2173665,136727.5,-74860.625,-38023.125
2173665,136727.5,-74860.625,-38023.125
2173675,125203.75,-79358.125,-39029.375
2173675,125203.75,-79358.125,-39029.375
2173686,118475.0,-79550.625,-40866.875
2173686,118475.0,-79550.625,-40866.875
2173696,112056.875,-79953.125,-43583.75
2173696,112056.875,-79953.125,-43583.75
2173706,107410.625,-76396.25,-44996.875
2173706,107410.625,-76396.25,-44996.875
2173717,106841.875,-68547.5,-43890.0
2173717,106841.875,-68547.5,-43890.0
2173727,104125.0,-64964.375,-40158.125
2173727,104125.0,-64964.375,-40158.125
2173737,98988.75,-66040.625,-31272.5
2173737,98988.75,-66040.625,-31272.5
2173748,91170.625,-71115.625,-22321.25
2173748,91170.625,-71115.625,-22321.25
2173758,84686.875,-70000.0,-14043.75
2173758,84686.875,-70000.0,-14043.75
2173768,82293.75,-64478.75,-3701.25
2173768,82293.75,-64478.75,-3701.25
2173778,75215.0,-61066.25,5158.125
2173778,75215.0,-61066.25,5158.125
2173789,60353.125,-52832.5,10758.125
2173789,60353.125,-52832.5,10758.125
2173799,40376.875,-39248.125,15487.5
2173799,40376.875,-39248.125,15487.5
2173809,15929.375,-29680.0,19538.75
2173809,15929.375,-29680.0,19538.75
2173820,-10311.875,-21315.0,24478.125
2173820,-10311.875,-21315.0,24478.125
2173830,-34055.0,-11274.375,27903.75
2173830,-34055.0,-11274.375,27903.75
2173840,-52959.375,3381.875,32230.625
2173840,-52959.375,3381.875,32230.625
2173851,-70385.0,18042.5,36207.5
2173851,-70385.0,18042.5,36207.5
2173861,-86191.875,31876.25,38001.25
2173861,-86191.875,31876.25,38001.25
2173871,-101346.875,41641.25,39401.25
2173871,-101346.875,41641.25,39401.25
2173882,-118116.25,49262.5,41225.625
2173882,-118116.25,49262.5,41225.625
2173892,-134793.75,52985.625,44205.0
2173892,-134793.75,52985.625,44205.0
2173902,-143360.0,54254.375,49161.875
2173902,-143360.0,54254.375,49161.875
2173913,-143360.0,58152.5,56266.875
2173913,-143360.0,58152.5,56266.875
2173923,-141579.375,66933.125,65310.0
2173923,-141579.375,66933.125,65310.0
2173933,-135633.75,77135.625,71365.0
2173933,-135633.75,77135.625,71365.0
2173944,-133721.875,84061.25,71041.25
2173944,-133721.875,84061.25,71041.25
2173954,-136535.0,88786.25,67589.375
2173954,-136535.0,88786.25,67589.375
2173964,-137353.125,91323.75,63590.625
2173964,-137353.125,91323.75,63590.625
2173974,-135248.75,96035.625,58261.875
2173974,-135248.75,96035.625,58261.875
2173984,-131245.625,102571.875,53090.625
2173984,-131245.625,102571.875,53090.625
2173995,-123991.875,103416.25,49074.375
2173995,-123991.875,103416.25,49074.375
2174005,-118037.5,101561.25,44086.875
2174005,-118037.5,101561.25,44086.875
2174016,-109545.625,100493.75,39812.5
2174016,-109545.625,100493.75,39812.5
2174026,-97881.875,98660.625,35936.25
2174026,-97881.875,98660.625,35936.25
2174036,-85111.25,94666.25,31447.5
2174036,-85111.25,94666.25,31447.5
2174046,-75040.0,89753.125,25589.375
2174046,-75040.0,89753.125,25589.375
2174057,-66889.375,83973.75,20006.875
2174057,-66889.375,83973.75,20006.875
2174068,-61048.75,74112.5,15850.625
2174068,-61048.75,74112.5,15850.625
2174078,-56945.0,61691.875,12595.625
2174078,-56945.0,61691.875,12595.625
2174088,-51222.5,51073.75,8321.25
2174088,-51222.5,51073.75,8321.25
2174098,-42258.125,42354.375,4283.125
2174098,-42258.125,42354.375,4283.125
2174109,-33613.125,34558.125,201.25
2174109,-33613.125,34558.125,201.25
2174119,-25112.5,26893.125,-4016.25
2174119,-25112.5,26893.125,-4016.25
2174129,-13212.5,18939.375,-5888.75
2174129,-13212.5,18939.375,-5888.75
2174140,608.125,11357.5,-6273.75
2174140,608.125,11357.5,-6273.75
2174150,12446.875,2235.625,-8050.0
2174150,12446.875,2235.625,-8050.0
2174160,19840.625,-10438.75,-11011.875
2174160,19840.625,-10438.75,-11011.875
2174171,26591.25,-23012.5,-14214.375
2174171,26591.25,-23012.5,-14214.375
2174181,24981.25,-39265.625,-22321.25
2174181,24981.25,-39265.625,-22321.25
2174191,23935.625,-48133.75,-28958.125
2174191,23935.625,-48133.75,-28958.125
2174201,24469.375,-53108.125,-35691.25
2174201,24469.375,-53108.125,-35691.25
2174212,33473.125,-60585.0,-37983.75
2174212,33473.125,-60585.0,-37983.75
2174222,42918.75,-68293.75,-38705.625
2174222,42918.75,-68293.75,-38705.625
2174232,45740.625,-80513.125,-39904.375
2174232,45740.625,-80513.125,-39904.375
2174242,50080.625,-91581.875,-38736.25
2174242,50080.625,-91581.875,-38736.25
2174253,54306.875,-100108.75,-37340.625
2174253,54306.875,-100108.75,-37340.625
2174263,64596.875,-104492.5,-36981.875
2174263,64596.875,-104492.5,-36981.875
2174274,79100.0,-105599.375,-38425.625
2174274,79100.0,-105599.375,-38425.625
2174284,97028.75,-96919.375,-39773.125
2174284,97028.75,-96919.375,-39773.125
2174294,118676.25,-88528.125,-37817.5
2174294,118676.25,-88528.125,-37817.5
2174305,132575.625,-86878.75,-36325.625
2174305,132575.625,-86878.75,-36325.625
2174315,132825.0,-89958.75,-36885.625
2174315,132825.0,-89958.75,-36885.625
2174325,128423.75,-95860.625,-37283.75
2174325,128423.75,-95860.625,-37283.75
2174336,122268.125,-103652.5,-36548.75
2174336,122268.125,-103652.5,-36548.75
2174346,121721.25,-107187.5,-36356.25
2174346,121721.25,-107187.5,-36356.25
2174356,126953.75,-105459.375,-32851.875
2174356,126953.75,-105459.375,-32851.875
2174367,133945.0,-101605.0,-29159.375
2174367,133945.0,-101605.0,-29159.375
2174377,140498.75,-94933.125,-25532.5
2174377,140498.75,-94933.125,-25532.5
2174387,142196.25,-86380.0,-22513.75
2174387,142196.25,-86380.0,-22513.75
2174397,138635.0,-77507.5,-19814.375
2174397,138635.0,-77507.5,-19814.375
2174408,131674.375,-71378.125,-18515.0
2174408,131674.375,-71378.125,-18515.0
2174418,113378.125,-69278.125,-20746.25
2174418,113378.125,-69278.125,-20746.25
2174428,90881.875,-64741.25,-24513.125
2174428,90881.875,-64741.25,-24513.125
2174439,70883.75,-56625.625,-28704.375
2174439,70883.75,-56625.625,-28704.375
2174449,49682.5,-44091.25,-31955.0
2174449,49682.5,-44091.25,-31955.0
2174459,25235.0,-29338.75,-32628.75
2174459,25235.0,-29338.75,-32628.75
2174470,3661.875,-17504.375,-30305.625
2174470,3661.875,-17504.375,-30305.625
2174480,-10644.375,-4856.25,-25974.375
2174480,-10644.375,-4856.25,-25974.375
2174490,-20378.75,9664.375,-19324.375
2174490,-20378.75,9664.375,-19324.375
2174501,-27466.25,24346.875,-13282.5
2174501,-27466.25,24346.875,-13282.5
2174511,-34326.25,38871.875,-7840.0
2174511,-34326.25,38871.875,-7840.0
2174521,-41492.5,52395.0,-1876.875
2174521,-41492.5,52395.0,-1876.875
2174532,-51808.75,60016.25,3316.25
2174532,-51808.75,60016.25,3316.25
2174542,-65388.75,62934.375,7835.625
2174542,-65388.75,62934.375,7835.625
2174552,-78894.375,63350.0,12433.75
2174552,-78894.375,63350.0,12433.75
2174563,-88733.75,66110.625,16769.375
2174563,-88733.75,66110.625,16769.375
2174573,-92631.875,72213.75,21756.875
2174573,-92631.875,72213.75,21756.875
2174583,-94784.375,77350.0,26355.0
2174583,-94784.375,77350.0,26355.0
2174593,-96775.0,80801.875,31115.0
2174593,-96775.0,80801.875,31115.0
2174604,-96131.875,82709.375,35441.875
2174604,-96131.875,82709.375,35441.875
2174614,-93896.25,84778.75,38132.5
2174614,-93896.25,84778.75,38132.5
2174624,-91796.25,88270.0,40858.125
2174624,-91796.25,88270.0,40858.125
2174635,-96573.75,89788.125,41833.75
2174635,-96573.75,89788.125,41833.75
2174645,-101933.125,90278.125,42332.5
2174645,-101933.125,90278.125,42332.5
2174655,-102300.625,91385.0,44572.5
2174655,-102300.625,91385.0,44572.5
2174666,-97243.125,91525.0,48523.125
2174666,-97243.125,91525.0,48523.125
2174676,-90348.125,90409.375,51445.625
2174676,-90348.125,90409.375,51445.625
2174687,-84835.625,90181.875,51183.125
2174687,-84835.625,90181.875,51183.125
2174697,-79432.5,91236.25,50089.375
2174697,-79432.5,91236.25,50089.375
2174707,-74169.375,93353.75,48825.0
2174707,-74169.375,93353.75,48825.0
2174717,-72218.125,95576.25,45705.625
2174717,-72218.125,95576.25,45705.625
2174728,-70371.875,95908.75,42275.625
2174728,-70371.875,95908.75,42275.625
2174738,-67287.5,93804.375,39423.125
2174738,-67287.5,93804.375,39423.125
2174748,-63826.875,89621.875,36640.625
2174748,-63826.875,89621.875,36640.625
2174759,-59640.0,84599.375,32803.75
2174759,-59640.0,84599.375,32803.75
2174769,-55230.0,79231.25,28455.0
2174769,-55230.0,79231.25,28455.0
2174779,-50452.5,72196.25,23143.75
2174779,-50452.5,72196.25,23143.75
2174790,-45850.0,63113.75,17307.5
2174790,-45850.0,63113.75,17307.5
2174800,-41068.125,53956.875,11847.5
2174800,-41068.125,53956.875,11847.5
2174810,-35507.5,46156.25,6938.75
2174810,-35507.5,46156.25,6938.75
2174820,-26683.125,38513.125,4230.625
2174820,-26683.125,38513.125,4230.625
2174831,-17329.375,28288.75,3110.625
2174831,-17329.375,28288.75,3110.625
2174841,-6676.25,17027.5,1356.25
2174841,-6676.25,17027.5,1356.25
2174852,5893.125,6597.5,-590.625
2174852,5893.125,6597.5,-590.625
2174862,16668.75,-4038.125,-4173.75
2174862,16668.75,-4038.125,-4173.75
2174872,25436.25,-15255.625,-10272.5
2174872,25436.25,-15255.625,-10272.5
2174883,33871.25,-24570.0,-16235.625
2174883,33871.25,-24570.0,-16235.625
2174893,40796.875,-36120.0,-21507.5
2174893,40796.875,-36120.0,-21507.5
2174903,48741.875,-48343.75,-24386.25
2174903,48741.875,-48343.75,-24386.25
2174914,58305.625,-61079.375,-24766.875
2174914,58305.625,-61079.375,-24766.875
2174923,68455.625,-73014.375,-23651.25
2174923,68455.625,-73014.375,-23651.25
2174934,75989.375,-83912.5,-24788.75
2174934,75989.375,-83912.5,-24788.75
2174944,82652.5,-93415.0,-27155.625
2174944,82652.5,-93415.0,-27155.625
2174955,87320.625,-100270.625,-29977.5
2174955,87320.625,-100270.625,-29977.5
2174965,93751.875,-105756.875,-32099.375
2174965,93751.875,-105756.875,-32099.375
2174975,103219.375,-109151.875,-33993.75
2174975,103219.375,-109151.875,-33993.75
2174986,111553.75,-111103.125,-36872.5
2174986,111553.75,-111103.125,-36872.5
2174996,116383.75,-114327.5,-40718.125
2174996,116383.75,-114327.5,-40718.125
2175006,119301.875,-117936.875,-44380.0
2175006,119301.875,-117936.875,-44380.0
2175016,119770.0,-121808.75,-48383.125
2175016,119770.0,-121808.75,-48383.125
2175027,117495.0,-124810.0,-52316.25
2175027,117495.0,-124810.0,-52316.25
2175037,114135.0,-128314.375,-56122.5
2175037,114135.0,-128314.375,-56122.5
2175047,109488.75,-133109.375,-59775.625
2175047,109488.75,-133109.375,-59775.625
2175058,104553.75,-139903.75,-61241.25
2175058,104553.75,-139903.75,-61241.25
2175068,99522.5,-143355.625,-61372.5
2175068,99522.5,-143355.625,-61372.5
2175078,108561.25,-143355.625,-58301.25
2175078,108561.25,-143355.625,-58301.25
2175089,125457.5,-141723.75,-54477.5
2175089,125457.5,-141723.75,-54477.5
2175099,139046.25,-131018.125,-51065.0
2175099,139046.25,-131018.125,-51065.0
2175110,142590.0,-118492.5,-48006.875
2175110,142590.0,-118492.5,-48006.875
2175120,135030.0,-109580.625,-45885.0
2175120,135030.0,-109580.625,-45885.0
2175130,126140.0,-104072.5,-41899.375
2175130,126140.0,-104072.5,-41899.375
2175140,113771.875,-99312.5,-37073.75
2175140,113771.875,-99312.5,-37073.75
2175151,102676.875,-92745.625,-29811.25
2175151,102676.875,-92745.625,-29811.25
2175161,93310.0,-84704.375,-21341.25
2175161,93310.0,-84704.375,-21341.25
2175171,81252.5,-74926.25,-14280.0
2175171,81252.5,-74926.25,-14280.0
2175181,67326.875,-60834.375,-7704.375
2175181,67326.875,-60834.375,-7704.375
2175192,51918.125,-45657.5,-1833.125
2175192,51918.125,-45657.5,-1833.125
2175202,34002.5,-31150.0,3675.0
2175202,34002.5,-31150.0,3675.0
2175212,14070.0,-15995.0,8373.75
2175212,14070.0,-15995.0,8373.75
2175223,-6286.875,-310.625,13208.125
2175223,-6286.875,-310.625,13208.125
2175233,-23423.75,14113.75,18694.375
2175233,-23423.75,14113.75,18694.375
2175244,-37458.75,28634.375,24106.25
2175244,-37458.75,28634.375,24106.25
2175254,-50640.625,41986.875,27400.625
2175254,-50640.625,41986.875,27400.625
2175264,-61976.25,53808.125,28647.5
2175264,-61976.25,53808.125,28647.5
2175275,-74108.125,62890.625,27496.875
2175275,-74108.125,62890.625,27496.875
2175285,-87045.0,68958.75,27111.875
2175285,-87045.0,68958.75,27111.875
2175295,-96779.375,73517.5,28958.125
2175295,-96779.375,73517.5,28958.125
2175306,-101136.875,77000.0,30773.75
2175306,-101136.875,77000.0,30773.75
2175316,-101263.75,81151.875,31889.375
2175316,-101263.75,81151.875,31889.375
2175326,-103350.625,84161.875,32326.875
2175326,-103350.625,84161.875,32326.875
2175336,-110298.125,84481.25,31626.875
2175336,-110298.125,84481.25,31626.875
2175347,-115412.5,82665.625,33451.25
2175347,-115412.5,82665.625,33451.25
2175357,-114778.125,82000.625,39112.5
2175357,-114778.125,82000.625,39112.5
2175367,-111107.5,82932.5,44073.75
2175367,-111107.5,82932.5,44073.75
2175378,-102217.5,84420.0,50303.75
2175378,-102217.5,84420.0,50303.75
2175388,-93751.875,84525.0,54941.25
2175388,-93751.875,84525.0,54941.25
2175398,-88436.25,83925.625,56861.875
2175398,-88436.25,83925.625,56861.875
2175409,-84800.625,83934.375,57535.625
2175409,-84800.625,83934.375,57535.625
2175419,-81458.125,83365.625,58878.75
2175419,-81458.125,83365.625,58878.75
2175429,-79327.5,79909.375,60458.125
2175429,-79327.5,79909.375,60458.125
2175439,-76912.5,74567.5,60563.125
2175439,-76912.5,74567.5,60563.125
2175450,-74007.5,68442.5,60121.25
2175450,-74007.5,68442.5,60121.25
2175461,-73364.375,59911.25,58611.875
2175461,-73364.375,59911.25,58611.875
2175471,-74593.75,52626.875,54398.75
2175471,-74593.75,52626.875,54398.75
2175481,-76724.375,48636.875,49385.0
2175481,-76724.375,48636.875,49385.0
2175491,-74497.5,47350.625,46900.0
2175491,-74497.5,47350.625,46900.0
2175502,-65611.875,46799.375,45517.5
2175502,-65611.875,46799.375,45517.5
2175512,-52736.25,46375.0,44366.875
2175512,-52736.25,46375.0,44366.875
2175522,-39011.875,46112.5,43999.375
2175522,-39011.875,46112.5,43999.375
2175532,-29115.625,44021.25,42743.75
2175532,-29115.625,44021.25,42743.75
2175543,-21170.625,40810.0,40333.125
2175543,-21170.625,40810.0,40333.125
2175553,-16721.25,36649.375,35896.875
2175553,-16721.25,36649.375,35896.875
2175563,-16765.0,30721.25,30358.125
2175563,-16765.0,30721.25,30358.125
2175574,-19136.25,24066.875,24648.75
2175574,-19136.25,24066.875,24648.75
2175584,-21056.875,17775.625,19005.0
2175584,-21056.875,17775.625,19005.0
2175594,-20575.625,12591.25,14000.0
2175594,-20575.625,12591.25,14000.0
2175605,-16493.75,9471.875,9611.875
2175605,-16493.75,9471.875,9611.875
2175615,-10027.5,6855.625,6076.875
2175615,-10027.5,6855.625,6076.875
2175626,-4322.5,2651.25,2533.125
2175626,-4322.5,2651.25,2533.125
2175636,-546.875,-2957.5,-826.875
2175636,-546.875,-2957.5,-826.875
2175646,1946.875,-8715.0,-4235.0
2175646,1946.875,-8715.0,-4235.0
2175657,3959.375,-14385.0,-7813.75
2175657,3959.375,-14385.0,-7813.75
2175667,3600.625,-21393.75,-11847.5
2175667,3600.625,-21393.75,-11847.5
2175677,599.375,-28126.875,-16375.625
2175677,599.375,-28126.875,-16375.625
2175687,-3981.25,-33477.5,-21752.5
2175687,-3981.25,-33477.5,-21752.5
2175698,-6811.875,-37738.75,-26057.5
2175698,-6811.875,-37738.75,-26057.5
2175708,-7288.75,-41763.75,-28962.5
2175708,-7288.75,-41763.75,-28962.5
2175718,-6413.75,-44257.5,-30340.625
2175718,-6413.75,-44257.5,-30340.625
2175728,-3583.125,-45158.75,-30926.875
2175728,-3583.125,-45158.75,-30926.875
2175739,-153.125,-45600.625,-32790.625
2175739,-153.125,-45600.625,-32790.625
2175749,1754.375,-45482.5,-36627.5
2175749,1754.375,-45482.5,-36627.5
2175758,1876.875,-45206.875,-42433.125
2175758,1876.875,-45206.875,-42433.125
2175769,227.5,-45381.875,-49463.75
2175769,227.5,-45381.875,-49463.75
2175780,389.375,-45259.375,-60965.625
2175780,389.375,-45259.375,-60965.625
2175790,-1946.875,-45180.625,-74025.0
2175790,-1946.875,-45180.625,-74025.0
2175801,-3360.0,-43960.0,-87701.25
2175801,-3360.0,-43960.0,-87701.25
2175811,-9419.375,-45071.25,-107555.0
2175811,-9419.375,-45071.25,-107555.0
2175821,-20164.375,-45198.125,-127496.25
2175821,-20164.375,-45198.125,-127496.25
2175832,-30034.375,-46501.875,-143294.375
2175832,-30034.375,-46501.875,-143294.375
2175842,-40827.5,-52263.75,-143355.625
2175842,-40827.5,-52263.75,-143355.625
2175852,-56249.375,-60243.75,-143119.375
2175852,-56249.375,-60243.75,-143119.375
2175863,-71404.375,-71911.875,-143329.375
2175863,-71404.375,-71911.875,-143329.375
2175873,-78229.375,-85758.75,-143355.625
2175873,-78229.375,-85758.75,-143355.625
2175883,-81808.125,-92137.5,-143355.625
2175883,-81808.125,-92137.5,-143355.625
2175893,-80438.75,-89792.5,-143355.625
2175893,-80438.75,-89792.5,-143355.625
2175904,-75031.25,-81843.125,-143355.625
2175904,-75031.25,-81843.125,-143355.625
2175914,-76527.5,-70205.625,-143355.625
2175914,-76527.5,-70205.625,-143355.625
2175924,-67226.25,-45885.0,-143355.625
2175924,-67226.25,-45885.0,-143355.625
2175935,-56091.875,-29509.375,-143355.625
2175935,-56091.875,-29509.375,-143355.625
2175945,-48720.0,-15981.875,-143355.625
2175945,-48720.0,-15981.875,-143355.625
2175955,-41457.5,-1680.0,-143355.625
2175955,-41457.5,-1680.0,-143355.625
2175966,-32720.625,10710.0,-143355.625
2175966,-32720.625,10710.0,-143355.625
2175976,-24801.875,23638.125,-143355.625
2175976,-24801.875,23638.125,-143355.625
2175986,-24745.0,30708.125,-143355.625
2175986,-24745.0,30708.125,-143355.625
2175997,-30170.0,33324.375,-143355.625
2175997,-30170.0,33324.375,-143355.625
