2207633,-125.0,750.0,656.25,-46.875,-812.5,625.0,320.3125,-906.25,312.5,445.3125,-890.625,31.25,539.0625,-812.5,195.3125
2207633,-125.0,750.0,656.25,-46.875,-812.5,625.0,320.3125,-906.25,312.5,445.3125,-890.625,31.25,539.0625,-812.5,195.3125
2207641,-132.8125,757.8125,664.0625,-46.875,-804.6875,625.0,312.5,-906.25,312.5,445.3125,-882.8125,39.0625,539.0625,-820.3125,203.125
2207641,-132.8125,757.8125,664.0625,-46.875,-804.6875,625.0,312.5,-906.25,312.5,445.3125,-882.8125,39.0625,539.0625,-820.3125,203.125
2207641,-125.0,750.0,664.0625,-46.875,-812.5,625.0,320.3125,-898.4375,320.3125,445.3125,-882.8125,46.875,539.0625,-812.5,195.3125
2207641,-125.0,750.0,664.0625,-46.875,-812.5,625.0,320.3125,-898.4375,320.3125,445.3125,-882.8125,46.875,539.0625,-812.5,195.3125
2207648,-125.0,750.0,664.0625,-39.0625,-812.5,625.0,328.125,-906.25,320.3125,453.125,-898.4375,31.25,546.875,-812.5,179.6875
2207648,-125.0,750.0,664.0625,-39.0625,-812.5,625.0,328.125,-906.25,320.3125,453.125,-898.4375,31.25,546.875,-812.5,179.6875
2207810,-125.0,750.0,671.875,-39.0625,-804.6875,625.0,320.3125,-906.25,312.5,437.5,-890.625,31.25,539.0625,-820.3125,195.3125
2207810,-125.0,750.0,671.875,-39.0625,-804.6875,625.0,320.3125,-906.25,312.5,437.5,-890.625,31.25,539.0625,-820.3125,195.3125
2207810,-125.0,750.0,664.0625,-39.0625,-812.5,617.1875,328.125,-914.0625,312.5,445.3125,-898.4375,39.0625,546.875,-820.3125,187.5
2207810,-125.0,750.0,664.0625,-39.0625,-812.5,617.1875,328.125,-914.0625,312.5,445.3125,-898.4375,39.0625,546.875,-820.3125,187.5
2207817,-125.0,750.0,671.875,-46.875,-812.5,625.0,320.3125,-914.0625,312.5,445.3125,-890.625,31.25,546.875,-828.125,203.125
2207817,-125.0,750.0,671.875,-46.875,-812.5,625.0,320.3125,-914.0625,312.5,445.3125,-890.625,31.25,546.875,-828.125,203.125
2207826,-125.0,750.0,656.25,-46.875,-820.3125,617.1875,328.125,-914.0625,320.3125,445.3125,-898.4375,39.0625,546.875,-820.3125,195.3125
2207826,-125.0,750.0,656.25,-46.875,-820.3125,617.1875,328.125,-914.0625,320.3125,445.3125,-898.4375,39.0625,546.875,-820.3125,195.3125
2207891,-125.0,742.1875,664.0625,-46.875,-812.5,625.0,320.3125,-906.25,312.5,445.3125,-890.625,31.25,554.6875,-828.125,187.5
2207891,-125.0,742.1875,664.0625,-46.875,-812.5,625.0,320.3125,-906.25,312.5,445.3125,-890.625,31.25,554.6875,-828.125,187.5
2207891,-125.0,750.0,664.0625,-46.875,-812.5,632.8125,328.125,-906.25,320.3125,453.125,-890.625,39.0625,546.875,-820.3125,187.5
2207891,-125.0,750.0,664.0625,-46.875,-812.5,632.8125,328.125,-906.25,320.3125,453.125,-890.625,39.0625,546.875,-820.3125,187.5
2207899,-125.0,750.0,664.0625,-39.0625,-804.6875,625.0,320.3125,-914.0625,312.5,445.3125,-890.625,31.25,546.875,-820.3125,203.125
2207899,-125.0,750.0,664.0625,-39.0625,-804.6875,625.0,320.3125,-914.0625,312.5,445.3125,-890.625,31.25,546.875,-820.3125,203.125
2207907,-117.1875,750.0,656.25,-46.875,-812.5,625.0,320.3125,-914.0625,312.5,445.3125,-898.4375,39.0625,546.875,-812.5,187.5
2207907,-117.1875,750.0,656.25,-46.875,-812.5,625.0,320.3125,-914.0625,312.5,445.3125,-898.4375,39.0625,546.875,-812.5,187.5
2208052,-125.0,757.8125,656.25,-54.6875,-812.5,632.8125,328.125,-914.0625,312.5,453.125,-898.4375,46.875,539.0625,-828.125,195.3125
2208052,-125.0,757.8125,656.25,-54.6875,-812.5,632.8125,328.125,-914.0625,312.5,453.125,-898.4375,46.875,539.0625,-828.125,195.3125
2208052,-125.0,757.8125,664.0625,-46.875,-812.5,625.0,328.125,-914.0625,328.125,445.3125,-898.4375,46.875,546.875,-820.3125,195.3125
2208052,-125.0,757.8125,664.0625,-46.875,-812.5,625.0,328.125,-914.0625,328.125,445.3125,-898.4375,46.875,546.875,-820.3125,195.3125
2208060,-125.0,750.0,664.0625,-46.875,-804.6875,632.8125,328.125,-906.25,320.3125,445.3125,-890.625,39.0625,546.875,-820.3125,187.5
2208060,-125.0,750.0,664.0625,-46.875,-804.6875,632.8125,328.125,-906.25,320.3125,445.3125,-890.625,39.0625,546.875,-820.3125,187.5
2208068,-125.0,750.0,656.25,-39.0625,-812.5,632.8125,328.125,-906.25,320.3125,445.3125,-898.4375,39.0625,539.0625,-820.3125,179.6875
2208068,-125.0,750.0,656.25,-39.0625,-812.5,632.8125,328.125,-906.25,320.3125,445.3125,-898.4375,39.0625,539.0625,-820.3125,179.6875
2208133,-125.0,750.0,664.0625,-46.875,-804.6875,625.0,320.3125,-906.25,320.3125,445.3125,-898.4375,39.0625,539.0625,-820.3125,187.5
2208133,-125.0,750.0,664.0625,-46.875,-804.6875,625.0,320.3125,-906.25,320.3125,445.3125,-898.4375,39.0625,539.0625,-820.3125,187.5
2208133,-125.0,750.0,664.0625,-46.875,-820.3125,617.1875,320.3125,-914.0625,312.5,445.3125,-898.4375,39.0625,546.875,-820.3125,187.5
2208133,-125.0,750.0,664.0625,-46.875,-820.3125,617.1875,320.3125,-914.0625,312.5,445.3125,-898.4375,39.0625,546.875,-820.3125,187.5
2208141,-125.0,750.0,664.0625,-46.875,-812.5,625.0,320.3125,-906.25,312.5,453.125,-898.4375,39.0625,546.875,-820.3125,203.125
2208141,-125.0,750.0,664.0625,-46.875,-812.5,625.0,320.3125,-906.25,312.5,453.125,-898.4375,39.0625,546.875,-820.3125,203.125
2208149,-117.1875,750.0,656.25,-46.875,-812.5,625.0,320.3125,-914.0625,312.5,445.3125,-898.4375,39.0625,539.0625,-820.3125,195.3125
2208149,-117.1875,750.0,656.25,-46.875,-812.5,625.0,320.3125,-914.0625,312.5,445.3125,-898.4375,39.0625,539.0625,-820.3125,195.3125
2208294,-125.0,750.0,656.25,-46.875,-804.6875,632.8125,320.3125,-906.25,328.125,445.3125,-890.625,31.25,539.0625,-828.125,187.5
2208294,-125.0,750.0,656.25,-46.875,-804.6875,632.8125,320.3125,-906.25,328.125,445.3125,-890.625,31.25,539.0625,-828.125,187.5
2208294,-117.1875,750.0,648.4375,-46.875,-804.6875,632.8125,320.3125,-906.25,320.3125,445.3125,-882.8125,39.0625,539.0625,-828.125,195.3125
2208294,-117.1875,750.0,648.4375,-46.875,-804.6875,632.8125,320.3125,-906.25,320.3125,445.3125,-882.8125,39.0625,539.0625,-828.125,195.3125
2208302,-125.0,750.0,656.25,-46.875,-812.5,632.8125,328.125,-906.25,320.3125,445.3125,-898.4375,39.0625,539.0625,-820.3125,187.5
2208302,-125.0,750.0,656.25,-46.875,-812.5,632.8125,328.125,-906.25,320.3125,445.3125,-898.4375,39.0625,539.0625,-820.3125,187.5
2208310,-125.0,750.0,656.25,-46.875,-812.5,625.0,320.3125,-898.4375,320.3125,437.5,-890.625,39.0625,546.875,-828.125,187.5
2208310,-125.0,750.0,656.25,-46.875,-812.5,625.0,320.3125,-898.4375,320.3125,437.5,-890.625,39.0625,546.875,-828.125,187.5
2208454,-125.0,750.0,656.25,-39.0625,-812.5,617.1875,328.125,-906.25,312.5,437.5,-906.25,46.875,539.0625,-820.3125,195.3125
2208454,-125.0,750.0,656.25,-39.0625,-812.5,617.1875,328.125,-906.25,312.5,437.5,-906.25,46.875,539.0625,-820.3125,195.3125
2208455,-125.0,742.1875,664.0625,-39.0625,-812.5,617.1875,320.3125,-906.25,320.3125,453.125,-890.625,39.0625,539.0625,-812.5,203.125
2208455,-125.0,742.1875,664.0625,-39.0625,-812.5,617.1875,320.3125,-906.25,320.3125,453.125,-890.625,39.0625,539.0625,-812.5,203.125
2208462,-125.0,742.1875,664.0625,-46.875,-820.3125,625.0,320.3125,-906.25,312.5,453.125,-898.4375,39.0625,546.875,-820.3125,187.5
2208462,-125.0,742.1875,664.0625,-46.875,-820.3125,625.0,320.3125,-906.25,312.5,453.125,-898.4375,39.0625,546.875,-820.3125,187.5
2208471,-125.0,750.0,656.25,-39.0625,-812.5,617.1875,320.3125,-898.4375,312.5,453.125,-898.4375,39.0625,546.875,-812.5,195.3125
2208471,-125.0,750.0,656.25,-39.0625,-812.5,617.1875,320.3125,-898.4375,312.5,453.125,-898.4375,39.0625,546.875,-812.5,195.3125
2208617,-117.1875,757.8125,656.25,-46.875,-812.5,625.0,328.125,-906.25,320.3125,445.3125,-890.625,39.0625,539.0625,-812.5,195.3125
2208617,-117.1875,757.8125,656.25,-46.875,-812.5,625.0,328.125,-906.25,320.3125,445.3125,-890.625,39.0625,539.0625,-812.5,195.3125
2208617,-117.1875,750.0,656.25,-31.25,-812.5,625.0,335.9375,-898.4375,320.3125,453.125,-882.8125,46.875,546.875,-804.6875,195.3125
2208617,-117.1875,750.0,656.25,-31.25,-812.5,625.0,335.9375,-898.4375,320.3125,453.125,-882.8125,46.875,546.875,-804.6875,195.3125
2208625,-117.1875,750.0,664.0625,-39.0625,-812.5,625.0,335.9375,-906.25,312.5,460.9375,-882.8125,46.875,554.6875,-820.3125,195.3125
2208625,-117.1875,750.0,664.0625,-39.0625,-812.5,625.0,335.9375,-906.25,312.5,460.9375,-882.8125,46.875,554.6875,-820.3125,195.3125
2208633,-125.0,703.125,640.625,-39.0625,-812.5,632.8125,335.9375,-898.4375,320.3125,445.3125,-890.625,39.0625,546.875,-812.5,195.3125
2208633,-125.0,703.125,640.625,-39.0625,-812.5,632.8125,335.9375,-898.4375,320.3125,445.3125,-890.625,39.0625,546.875,-812.5,195.3125
2208778,-70.3125,804.6875,640.625,-23.4375,-804.6875,656.25,343.75,-914.0625,335.9375,476.5625,-898.4375,39.0625,562.5,-820.3125,195.3125
2208778,-70.3125,804.6875,640.625,-23.4375,-804.6875,656.25,343.75,-914.0625,335.9375,476.5625,-898.4375,39.0625,562.5,-820.3125,195.3125
2208778,-78.125,828.125,640.625,-31.25,-812.5,648.4375,335.9375,-906.25,335.9375,476.5625,-898.4375,39.0625,562.5,-820.3125,187.5
2208778,-78.125,828.125,640.625,-31.25,-812.5,648.4375,335.9375,-906.25,335.9375,476.5625,-898.4375,39.0625,562.5,-820.3125,187.5
2208786,-78.125,812.5,656.25,-39.0625,-835.9375,640.625,359.375,-929.6875,351.5625,468.75,-890.625,54.6875,562.5,-812.5,187.5
2208786,-78.125,812.5,656.25,-39.0625,-835.9375,640.625,359.375,-929.6875,351.5625,468.75,-890.625,54.6875,562.5,-812.5,187.5
2208793,-54.6875,804.6875,679.6875,15.625,-835.9375,679.6875,367.1875,-937.5,343.75,476.5625,-921.875,39.0625,570.3125,-835.9375,187.5
2208793,-54.6875,804.6875,679.6875,15.625,-835.9375,679.6875,367.1875,-937.5,343.75,476.5625,-921.875,39.0625,570.3125,-835.9375,187.5
2208939,-70.3125,1390.625,796.875,-203.125,-1046.875,796.875,54.6875,-1375.0,515.625,390.625,-1500.0,140.625,703.125,-1429.6875,460.9375
2208939,-70.3125,1390.625,796.875,-203.125,-1046.875,796.875,54.6875,-1375.0,515.625,390.625,-1500.0,140.625,703.125,-1429.6875,460.9375
2208940,-179.6875,1218.75,625.0,-218.75,-1046.875,820.3125,148.4375,-1195.3125,515.625,460.9375,-1500.0,117.1875,679.6875,-1445.3125,414.0625
2208940,-179.6875,1218.75,625.0,-218.75,-1046.875,820.3125,148.4375,-1195.3125,515.625,460.9375,-1500.0,117.1875,679.6875,-1445.3125,414.0625
2208947,-328.125,921.875,468.75,-218.75,-1062.5,843.75,109.375,-1210.9375,546.875,398.4375,-1390.625,148.4375,640.625,-1429.6875,335.9375
2208947,-328.125,921.875,468.75,-218.75,-1062.5,843.75,109.375,-1210.9375,546.875,398.4375,-1390.625,148.4375,640.625,-1429.6875,335.9375
2208955,-507.8125,601.5625,476.5625,-179.6875,-992.1875,875.0,125.0,-1203.125,546.875,351.5625,-1250.0,203.125,570.3125,-1328.125,265.625
2208955,-507.8125,601.5625,476.5625,-179.6875,-992.1875,875.0,125.0,-1203.125,546.875,351.5625,-1250.0,203.125,570.3125,-1328.125,265.625
2209101,-507.8125,335.9375,539.0625,-531.25,-617.1875,54.6875,-398.4375,-671.875,-101.5625,-398.4375,-679.6875,-546.875,-218.75,-820.3125,-640.625
2209101,-507.8125,335.9375,539.0625,-531.25,-617.1875,54.6875,-398.4375,-671.875,-101.5625,-398.4375,-679.6875,-546.875,-218.75,-820.3125,-640.625
2209101,-554.6875,203.125,492.1875,-507.8125,-570.3125,70.3125,-375.0,-632.8125,-70.3125,-398.4375,-648.4375,-484.375,-218.75,-796.875,-601.5625
2209101,-554.6875,203.125,492.1875,-507.8125,-570.3125,70.3125,-375.0,-632.8125,-70.3125,-398.4375,-648.4375,-484.375,-218.75,-796.875,-601.5625
2209109,-632.8125,117.1875,500.0,-515.625,-531.25,93.75,-382.8125,-593.75,0.0,-343.75,-679.6875,-445.3125,-210.9375,-773.4375,-531.25
2209109,-632.8125,117.1875,500.0,-515.625,-531.25,93.75,-382.8125,-593.75,0.0,-343.75,-679.6875,-445.3125,-210.9375,-773.4375,-531.25
2209117,-648.4375,70.3125,476.5625,-515.625,-500.0,93.75,-375.0,-546.875,-31.25,-335.9375,-562.5,-312.5,-187.5,-726.5625,-468.75
2209117,-648.4375,70.3125,476.5625,-515.625,-500.0,93.75,-375.0,-546.875,-31.25,-335.9375,-562.5,-312.5,-187.5,-726.5625,-468.75
2209262,-210.9375,140.625,304.6875,-414.0625,-54.6875,-62.5,-375.0,-31.25,-70.3125,-265.625,-70.3125,31.25,-250.0,-70.3125,-62.5
2209262,-210.9375,140.625,304.6875,-414.0625,-54.6875,-62.5,-375.0,-31.25,-70.3125,-265.625,-70.3125,31.25,-250.0,-70.3125,-62.5
2209262,-140.625,234.375,382.8125,-398.4375,-54.6875,-39.0625,-328.125,-46.875,-15.625,-171.875,-93.75,117.1875,-171.875,-23.4375,39.0625
2209262,-140.625,234.375,382.8125,-398.4375,-54.6875,-39.0625,-328.125,-46.875,-15.625,-171.875,-93.75,117.1875,-171.875,-23.4375,39.0625
2209270,-109.375,257.8125,437.5,-406.25,-46.875,-15.625,-257.8125,-78.125,46.875,-93.75,-125.0,195.3125,-101.5625,-78.125,156.25
2209270,-109.375,257.8125,437.5,-406.25,-46.875,-15.625,-257.8125,-78.125,46.875,-93.75,-125.0,195.3125,-101.5625,-78.125,156.25
2209278,-179.6875,203.125,375.0,-437.5,-39.0625,-39.0625,-296.875,-117.1875,93.75,-7.8125,-195.3125,210.9375,-203.125,-101.5625,109.375
2209278,-179.6875,203.125,375.0,-437.5,-39.0625,-39.0625,-296.875,-117.1875,93.75,-7.8125,-195.3125,210.9375,-203.125,-101.5625,109.375
2209343,-289.0625,187.5,507.8125,-539.0625,-273.4375,-62.5,-523.4375,-218.75,-148.4375,-523.4375,-242.1875,-125.0,-460.9375,-242.1875,-148.4375
2209343,-289.0625,187.5,507.8125,-539.0625,-273.4375,-62.5,-523.4375,-218.75,-148.4375,-523.4375,-242.1875,-125.0,-460.9375,-242.1875,-148.4375
2209343,-289.0625,210.9375,546.875,-531.25,-265.625,-39.0625,-546.875,-226.5625,-164.0625,-546.875,-257.8125,-140.625,-492.1875,-250.0,-164.0625
2209343,-289.0625,210.9375,546.875,-531.25,-265.625,-39.0625,-546.875,-226.5625,-164.0625,-546.875,-257.8125,-140.625,-492.1875,-250.0,-164.0625
2209351,-257.8125,257.8125,570.3125,-539.0625,-289.0625,-39.0625,-523.4375,-226.5625,-156.25,-585.9375,-257.8125,-171.875,-546.875,-265.625,-179.6875
2209351,-257.8125,257.8125,570.3125,-539.0625,-289.0625,-39.0625,-523.4375,-226.5625,-156.25,-585.9375,-257.8125,-171.875,-546.875,-265.625,-179.6875
2209359,-226.5625,335.9375,601.5625,-546.875,-273.4375,-23.4375,-554.6875,-218.75,-156.25,-609.375,-265.625,-187.5,-578.125,-289.0625,-242.1875
2209359,-226.5625,335.9375,601.5625,-546.875,-273.4375,-23.4375,-554.6875,-218.75,-156.25,-609.375,-265.625,-187.5,-578.125,-289.0625,-242.1875
2209504,-890.625,726.5625,1859.375,-2132.8125,-1140.625,-359.375,-2265.625,-968.75,-507.8125,-2117.1875,-1281.25,-242.1875,-2101.5625,-1132.8125,-62.5
2209504,-890.625,726.5625,1859.375,-2132.8125,-1140.625,-359.375,-2265.625,-968.75,-507.8125,-2117.1875,-1281.25,-242.1875,-2101.5625,-1132.8125,-62.5
2209504,-835.9375,734.375,1890.625,-2164.0625,-1187.5,-382.8125,-2289.0625,-1000.0,-554.6875,-2156.25,-1312.5,-289.0625,-2164.0625,-1171.875,-117.1875
2209504,-835.9375,734.375,1890.625,-2164.0625,-1187.5,-382.8125,-2289.0625,-1000.0,-554.6875,-2156.25,-1312.5,-289.0625,-2164.0625,-1171.875,-117.1875
2209512,-828.125,726.5625,1937.5,-2195.3125,-1234.375,-414.0625,-2312.5,-1039.0625,-601.5625,-2179.6875,-1304.6875,-328.125,-2148.4375,-1164.0625,-164.0625
2209512,-828.125,726.5625,1937.5,-2195.3125,-1234.375,-414.0625,-2312.5,-1039.0625,-601.5625,-2179.6875,-1304.6875,-328.125,-2148.4375,-1164.0625,-164.0625
2209520,-812.5,710.9375,1960.9375,-2187.5,-1273.4375,-437.5,-2296.875,-1070.3125,-609.375,-2171.875,-1312.5,-343.75,-2148.4375,-1171.875,-171.875
2209520,-812.5,710.9375,1960.9375,-2187.5,-1273.4375,-437.5,-2296.875,-1070.3125,-609.375,-2171.875,-1312.5,-343.75,-2148.4375,-1171.875,-171.875
2209665,-468.75,468.75,765.625,-875.0,-500.0,-39.0625,-867.1875,-460.9375,-140.625,-820.3125,-601.5625,-101.5625,-867.1875,-570.3125,-7.8125
2209665,-468.75,468.75,765.625,-875.0,-500.0,-39.0625,-867.1875,-460.9375,-140.625,-820.3125,-601.5625,-101.5625,-867.1875,-570.3125,-7.8125
2209665,-453.125,484.375,750.0,-820.3125,-492.1875,-7.8125,-820.3125,-460.9375,-117.1875,-796.875,-585.9375,-109.375,-843.75,-562.5,0.0
2209665,-453.125,484.375,750.0,-820.3125,-492.1875,-7.8125,-820.3125,-460.9375,-117.1875,-796.875,-585.9375,-109.375,-843.75,-562.5,0.0
2209673,-445.3125,507.8125,710.9375,-781.25,-476.5625,23.4375,-789.0625,-453.125,-93.75,-765.625,-562.5,-101.5625,-828.125,-546.875,-15.625
2209673,-445.3125,507.8125,710.9375,-781.25,-476.5625,23.4375,-789.0625,-453.125,-93.75,-765.625,-562.5,-101.5625,-828.125,-546.875,-15.625
2209681,-429.6875,492.1875,687.5,-750.0,-453.125,46.875,-750.0,-429.6875,-109.375,-742.1875,-546.875,-93.75,-804.6875,-531.25,-7.8125
2209681,-429.6875,492.1875,687.5,-750.0,-453.125,46.875,-750.0,-429.6875,-109.375,-742.1875,-546.875,-93.75,-804.6875,-531.25,-7.8125
2209827,-335.9375,257.8125,203.125,-421.875,-78.125,125.0,-351.5625,-109.375,109.375,-265.625,-242.1875,125.0,-234.375,-226.5625,132.8125
2209827,-335.9375,257.8125,203.125,-421.875,-78.125,125.0,-351.5625,-109.375,109.375,-265.625,-242.1875,125.0,-234.375,-226.5625,132.8125
2209827,-335.9375,265.625,195.3125,-390.625,-70.3125,148.4375,-320.3125,-125.0,125.0,-234.375,-257.8125,140.625,-218.75,-234.375,164.0625
2209827,-335.9375,265.625,195.3125,-390.625,-70.3125,148.4375,-320.3125,-125.0,125.0,-234.375,-257.8125,140.625,-218.75,-234.375,164.0625
2209835,-343.75,273.4375,179.6875,-367.1875,-85.9375,171.875,-289.0625,-148.4375,156.25,-203.125,-273.4375,140.625,-203.125,-257.8125,164.0625
2209835,-343.75,273.4375,179.6875,-367.1875,-85.9375,171.875,-289.0625,-148.4375,156.25,-203.125,-273.4375,140.625,-203.125,-257.8125,164.0625
2209843,-351.5625,289.0625,140.625,-328.125,-85.9375,203.125,-257.8125,-164.0625,195.3125,-132.8125,-335.9375,179.6875,-257.8125,-257.8125,132.8125
2209843,-351.5625,289.0625,140.625,-328.125,-85.9375,203.125,-257.8125,-164.0625,195.3125,-132.8125,-335.9375,179.6875,-257.8125,-257.8125,132.8125
2209988,-281.25,468.75,109.375,-257.8125,-93.75,296.875,-218.75,-187.5,218.75,-179.6875,-296.875,132.8125,-234.375,-289.0625,132.8125
2209988,-281.25,468.75,109.375,-257.8125,-93.75,296.875,-218.75,-187.5,218.75,-179.6875,-296.875,132.8125,-234.375,-289.0625,132.8125
2209988,-296.875,453.125,117.1875,-289.0625,-101.5625,265.625,-234.375,-187.5,210.9375,-195.3125,-289.0625,132.8125,-250.0,-296.875,125.0
2209988,-296.875,453.125,117.1875,-289.0625,-101.5625,265.625,-234.375,-187.5,210.9375,-195.3125,-289.0625,132.8125,-250.0,-296.875,125.0
2209996,-320.3125,414.0625,156.25,-320.3125,-117.1875,226.5625,-265.625,-187.5,187.5,-210.9375,-296.875,125.0,-250.0,-304.6875,117.1875
2209996,-320.3125,414.0625,156.25,-320.3125,-117.1875,226.5625,-265.625,-187.5,187.5,-210.9375,-296.875,125.0,-250.0,-304.6875,117.1875
2210004,-320.3125,359.375,187.5,-359.375,-125.0,203.125,-304.6875,-195.3125,164.0625,-250.0,-304.6875,109.375,-273.4375,-304.6875,140.625
2210004,-320.3125,359.375,187.5,-359.375,-125.0,203.125,-304.6875,-195.3125,164.0625,-250.0,-304.6875,109.375,-273.4375,-304.6875,140.625
2210045,-375.0,320.3125,562.5,-671.875,-312.5,-54.6875,-687.5,-242.1875,-171.875,-640.625,-359.375,-93.75,-648.4375,-351.5625,-39.0625
2210045,-375.0,320.3125,562.5,-671.875,-312.5,-54.6875,-687.5,-242.1875,-171.875,-640.625,-359.375,-93.75,-648.4375,-351.5625,-39.0625
2210051,-343.75,382.8125,601.5625,-687.5,-312.5,-78.125,-710.9375,-242.1875,-187.5,-710.9375,-367.1875,-132.8125,-742.1875,-359.375,-85.9375
2210051,-343.75,382.8125,601.5625,-687.5,-312.5,-78.125,-710.9375,-242.1875,-187.5,-710.9375,-367.1875,-132.8125,-742.1875,-359.375,-85.9375
2210061,-328.125,421.875,640.625,-695.3125,-320.3125,-85.9375,-750.0,-265.625,-210.9375,-789.0625,-359.375,-148.4375,-835.9375,-359.375,-125.0
2210061,-328.125,421.875,640.625,-695.3125,-320.3125,-85.9375,-750.0,-265.625,-210.9375,-789.0625,-359.375,-148.4375,-835.9375,-359.375,-125.0
2210061,-312.5,421.875,679.6875,-742.1875,-351.5625,-85.9375,-796.875,-273.4375,-210.9375,-835.9375,-375.0,-156.25,-906.25,-382.8125,-132.8125
2210061,-312.5,421.875,679.6875,-742.1875,-351.5625,-85.9375,-796.875,-273.4375,-210.9375,-835.9375,-375.0,-156.25,-906.25,-382.8125,-132.8125
2210069,-343.75,437.5,703.125,-773.4375,-343.75,-70.3125,-835.9375,-289.0625,-210.9375,-875.0,-406.25,-140.625,-945.3125,-414.0625,-109.375
2210069,-343.75,437.5,703.125,-773.4375,-343.75,-70.3125,-835.9375,-289.0625,-210.9375,-875.0,-406.25,-140.625,-945.3125,-414.0625,-109.375
2210069,-406.25,398.4375,734.375,-828.125,-367.1875,-70.3125,-867.1875,-312.5,-179.6875,-898.4375,-437.5,-125.0,-953.125,-437.5,-78.125
2210069,-406.25,398.4375,734.375,-828.125,-367.1875,-70.3125,-867.1875,-312.5,-179.6875,-898.4375,-437.5,-125.0,-953.125,-437.5,-78.125
2210077,-460.9375,367.1875,781.25,-906.25,-406.25,-93.75,-914.0625,-351.5625,-148.4375,-921.875,-484.375,-85.9375,-953.125,-484.375,-31.25
2210077,-460.9375,367.1875,781.25,-906.25,-406.25,-93.75,-914.0625,-351.5625,-148.4375,-921.875,-484.375,-85.9375,-953.125,-484.375,-31.25
2210085,-500.0,343.75,804.6875,-976.5625,-414.0625,-78.125,-960.9375,-359.375,-125.0,-945.3125,-554.6875,-62.5,-945.3125,-531.25,23.4375
2210085,-500.0,343.75,804.6875,-976.5625,-414.0625,-78.125,-960.9375,-359.375,-125.0,-945.3125,-554.6875,-62.5,-945.3125,-531.25,23.4375
2210085,-554.6875,343.75,835.9375,-1015.625,-445.3125,-62.5,-1007.8125,-398.4375,-101.5625,-960.9375,-601.5625,-39.0625,-960.9375,-578.125,62.5
2210085,-554.6875,343.75,835.9375,-1015.625,-445.3125,-62.5,-1007.8125,-398.4375,-101.5625,-960.9375,-601.5625,-39.0625,-960.9375,-578.125,62.5
2210093,-609.375,351.5625,859.375,-1062.5,-437.5,-70.3125,-1046.875,-406.25,-109.375,-976.5625,-625.0,-23.4375,-984.375,-593.75,85.9375
2210093,-609.375,351.5625,859.375,-1062.5,-437.5,-70.3125,-1046.875,-406.25,-109.375,-976.5625,-625.0,-23.4375,-984.375,-593.75,85.9375
2210101,-640.625,390.625,882.8125,-1117.1875,-453.125,-62.5,-1117.1875,-429.6875,-125.0,-1031.25,-648.4375,-15.625,-1031.25,-601.5625,93.75
2210101,-640.625,390.625,882.8125,-1117.1875,-453.125,-62.5,-1117.1875,-429.6875,-125.0,-1031.25,-648.4375,-15.625,-1031.25,-601.5625,93.75
2210101,-640.625,437.5,898.4375,-1148.4375,-445.3125,-62.5,-1156.25,-414.0625,-109.375,-1078.125,-671.875,-7.8125,-1093.75,-617.1875,93.75
2210101,-640.625,437.5,898.4375,-1148.4375,-445.3125,-62.5,-1156.25,-414.0625,-109.375,-1078.125,-671.875,-7.8125,-1093.75,-617.1875,93.75
2210109,-671.875,453.125,937.5,-1195.3125,-468.75,-62.5,-1218.75,-429.6875,-117.1875,-1117.1875,-695.3125,-7.8125,-1148.4375,-648.4375,109.375
2210109,-671.875,453.125,937.5,-1195.3125,-468.75,-62.5,-1218.75,-429.6875,-117.1875,-1117.1875,-695.3125,-7.8125,-1148.4375,-648.4375,109.375
2210109,-687.5,460.9375,960.9375,-1234.375,-468.75,-46.875,-1242.1875,-429.6875,-125.0,-1171.875,-710.9375,-7.8125,-1195.3125,-664.0625,117.1875
2210109,-687.5,460.9375,960.9375,-1234.375,-468.75,-46.875,-1242.1875,-429.6875,-125.0,-1171.875,-710.9375,-7.8125,-1195.3125,-664.0625,117.1875
2210117,-710.9375,476.5625,1000.0,-1273.4375,-484.375,-54.6875,-1296.875,-437.5,-109.375,-1218.75,-726.5625,7.8125,-1242.1875,-679.6875,109.375
2210117,-710.9375,476.5625,1000.0,-1273.4375,-484.375,-54.6875,-1296.875,-437.5,-109.375,-1218.75,-726.5625,7.8125,-1242.1875,-679.6875,109.375
2210125,-734.375,484.375,1023.4375,-1312.5,-492.1875,-54.6875,-1335.9375,-453.125,-101.5625,-1265.625,-734.375,15.625,-1289.0625,-687.5,125.0
2210125,-734.375,484.375,1023.4375,-1312.5,-492.1875,-54.6875,-1335.9375,-453.125,-101.5625,-1265.625,-734.375,15.625,-1289.0625,-687.5,125.0
2210230,-789.0625,828.125,1921.875,-2218.75,-1304.6875,-195.3125,-2320.3125,-1203.125,-406.25,-2023.4375,-1593.75,-226.5625,-1992.1875,-1500.0,85.9375
2210230,-789.0625,828.125,1921.875,-2218.75,-1304.6875,-195.3125,-2320.3125,-1203.125,-406.25,-2023.4375,-1593.75,-226.5625,-1992.1875,-1500.0,85.9375
2210230,-765.625,835.9375,1851.5625,-2132.8125,-1289.0625,-171.875,-2226.5625,-1187.5,-382.8125,-1960.9375,-1562.5,-226.5625,-1921.875,-1460.9375,70.3125
2210230,-765.625,835.9375,1851.5625,-2132.8125,-1289.0625,-171.875,-2226.5625,-1187.5,-382.8125,-1960.9375,-1562.5,-226.5625,-1921.875,-1460.9375,70.3125
2210238,-750.0,796.875,1796.875,-2062.5,-1257.8125,-148.4375,-2148.4375,-1187.5,-343.75,-1867.1875,-1523.4375,-210.9375,-1835.9375,-1429.6875,78.125
2210238,-750.0,796.875,1796.875,-2062.5,-1257.8125,-148.4375,-2148.4375,-1187.5,-343.75,-1867.1875,-1523.4375,-210.9375,-1835.9375,-1429.6875,78.125
2210246,-718.75,750.0,1734.375,-1992.1875,-1226.5625,-132.8125,-2070.3125,-1156.25,-320.3125,-1789.0625,-1484.375,-210.9375,-1742.1875,-1398.4375,78.125
2210246,-718.75,750.0,1734.375,-1992.1875,-1226.5625,-132.8125,-2070.3125,-1156.25,-320.3125,-1789.0625,-1484.375,-210.9375,-1742.1875,-1398.4375,78.125
2210391,-468.75,335.9375,531.25,-750.0,-226.5625,15.625,-734.375,-226.5625,-23.4375,-671.875,-398.4375,54.6875,-671.875,-375.0,101.5625
2210391,-468.75,335.9375,531.25,-750.0,-226.5625,15.625,-734.375,-226.5625,-23.4375,-671.875,-398.4375,54.6875,-671.875,-375.0,101.5625
2210391,-468.75,320.3125,523.4375,-742.1875,-210.9375,7.8125,-726.5625,-203.125,-23.4375,-664.0625,-375.0,54.6875,-656.25,-367.1875,101.5625
2210391,-468.75,320.3125,523.4375,-742.1875,-210.9375,7.8125,-726.5625,-203.125,-23.4375,-664.0625,-375.0,54.6875,-656.25,-367.1875,101.5625
2210399,-460.9375,304.6875,500.0,-734.375,-203.125,-7.8125,-710.9375,-179.6875,-15.625,-648.4375,-375.0,54.6875,-640.625,-351.5625,101.5625
2210399,-460.9375,304.6875,500.0,-734.375,-203.125,-7.8125,-710.9375,-179.6875,-15.625,-648.4375,-375.0,54.6875,-640.625,-351.5625,101.5625
2210407,-460.9375,289.0625,492.1875,-726.5625,-187.5,7.8125,-703.125,-179.6875,-15.625,-632.8125,-359.375,62.5,-617.1875,-335.9375,101.5625
2210407,-460.9375,289.0625,492.1875,-726.5625,-187.5,7.8125,-703.125,-179.6875,-15.625,-632.8125,-359.375,62.5,-617.1875,-335.9375,101.5625
2210552,-296.875,320.3125,93.75,-273.4375,-46.875,250.0,-203.125,-125.0,234.375,-109.375,-257.8125,179.6875,-117.1875,-250.0,187.5
2210552,-296.875,320.3125,93.75,-273.4375,-46.875,250.0,-203.125,-125.0,234.375,-109.375,-257.8125,179.6875,-117.1875,-250.0,187.5
2210553,-273.4375,312.5,85.9375,-265.625,-39.0625,242.1875,-195.3125,-125.0,218.75,-101.5625,-250.0,171.875,-101.5625,-242.1875,179.6875
2210553,-273.4375,312.5,85.9375,-265.625,-39.0625,242.1875,-195.3125,-125.0,218.75,-101.5625,-250.0,171.875,-101.5625,-242.1875,179.6875
2210560,-273.4375,304.6875,70.3125,-250.0,-31.25,242.1875,-179.6875,-125.0,226.5625,-85.9375,-234.375,164.0625,-93.75,-226.5625,171.875
2210560,-273.4375,304.6875,70.3125,-250.0,-31.25,242.1875,-179.6875,-125.0,226.5625,-85.9375,-234.375,164.0625,-93.75,-226.5625,171.875
2210567,-265.625,312.5,70.3125,-242.1875,-23.4375,242.1875,-171.875,-117.1875,234.375,-85.9375,-226.5625,164.0625,-93.75,-226.5625,156.25
2210567,-265.625,312.5,70.3125,-242.1875,-23.4375,242.1875,-171.875,-117.1875,234.375,-85.9375,-226.5625,164.0625,-93.75,-226.5625,156.25
