2189782,-126.875,-8.75,39.375
2189782,-126.875,-8.75,39.375
2189792,-100.625,8.75,26.25
2189792,-100.625,8.75,26.25
2189943,-91.875,-13.125,52.5
2189943,-91.875,-13.125,52.5
2189954,-78.75,-30.625,39.375
2189954,-78.75,-30.625,39.375
2190105,-17.5,-17.5,-39.375
2190105,-17.5,-17.5,-39.375
2190115,-35.0,-13.125,-30.625
2190115,-35.0,-13.125,-30.625
2190186,-21.875,0.0,-17.5
2190186,-21.875,0.0,-17.5
2190196,-13.125,0.0,-17.5
2190196,-13.125,0.0,-17.5
2190267,-4.375,-8.75,-74.375
2190267,-4.375,-8.75,-74.375
2190277,0.0,-4.375,-74.375
2190277,0.0,-4.375,-74.375
2190429,56.875,0.0,-96.25
2190429,56.875,0.0,-96.25
2190438,61.25,-8.75,-105.0
2190438,61.25,-8.75,-105.0
2190509,100.625,4.375,-105.0
2190509,100.625,4.375,-105.0
2190519,113.75,-8.75,-113.75
2190519,113.75,-8.75,-113.75
2190590,170.625,0.0,-131.25
2190590,170.625,0.0,-131.25
2190600,210.0,-21.875,-135.625
2190600,210.0,-21.875,-135.625
2190751,424.375,100.625,-293.125
2190751,424.375,100.625,-293.125
2190761,437.5,140.0,-293.125
2190761,437.5,140.0,-293.125
2190912,-10788.75,-12993.75,-43.75
2190912,-10788.75,-12993.75,-43.75
2190923,-7818.125,1500.625,424.375
2190923,-7818.125,1500.625,424.375
2191074,-4580.625,-1898.75,-24521.875
2191074,-4580.625,-1898.75,-24521.875
2191084,-7791.875,402.5,-22732.5
2191084,-7791.875,402.5,-22732.5
2191236,511.875,5871.25,4970.0
2191236,511.875,5871.25,4970.0
2191245,3723.125,1233.75,4843.125
2191245,3723.125,1233.75,4843.125
2191397,6295.625,4116.875,4650.625
2191397,6295.625,4116.875,4650.625
2191407,6925.625,3679.375,4690.0
2191407,6925.625,3679.375,4690.0
2191720,-4751.25,-7975.625,-765.625
2191720,-4751.25,-7975.625,-765.625
2191730,-4506.25,-7481.25,-721.875
2191730,-4506.25,-7481.25,-721.875
2191881,2296.875,3141.25,507.5
2191881,2296.875,3141.25,507.5
2191891,3202.5,3937.5,363.125
2191891,3202.5,3937.5,363.125
2191942,6335.0,8977.5,-87.5
2191942,6335.0,8977.5,-87.5
2191952,6518.75,9563.75,157.5
2191952,6518.75,9563.75,157.5
2192103,6120.625,4405.625,-1526.875
2192103,6120.625,4405.625,-1526.875
2192113,4773.125,2611.875,-1295.0
2192113,4773.125,2611.875,-1295.0
