2216747,-8.75,17.5,-105.0
2216747,-8.75,17.5,-105.0
2216757,-26.25,17.5,-91.875
2216757,-26.25,17.5,-91.875
2216919,-43.75,-17.5,-48.125
2216919,-43.75,-17.5,-48.125
2216929,-65.625,-17.5,-30.625
2216929,-65.625,-17.5,-30.625
2217080,-48.125,-13.125,-17.5
2217080,-48.125,-13.125,-17.5
2217090,-52.5,-17.5,-13.125
2217090,-52.5,-17.5,-13.125
2217242,-17.5,-26.25,-35.0
2217242,-17.5,-26.25,-35.0
2217252,-56.875,-21.875,-4.375
2217252,-56.875,-21.875,-4.375
2217403,-43.75,-43.75,26.25
2217403,-43.75,-43.75,26.25
2217413,-70.0,-30.625,43.75
2217413,-70.0,-30.625,43.75
2217484,-26.25,-30.625,-26.25
2217484,-26.25,-30.625,-26.25
2217494,-35.0,-17.5,-13.125
2217494,-35.0,-17.5,-13.125
2217645,-17.5,-30.625,-56.875
2217645,-17.5,-30.625,-56.875
2217656,-8.75,-26.25,-43.75
2217656,-8.75,-26.25,-43.75
2217807,-39.375,-4.375,13.125
2217807,-39.375,-4.375,13.125
2217817,-30.625,-4.375,8.75
2217817,-30.625,-4.375,8.75
2217968,26.25,65.625,17.5
2217968,26.25,65.625,17.5
2217979,-39.375,118.125,30.625
2217979,-39.375,118.125,30.625
2218049,-428.75,1316.875,1128.75
2218049,-428.75,1316.875,1128.75
2218059,-564.375,1614.375,1391.25
2218059,-564.375,1614.375,1391.25
2218211,3832.5,-4291.875,-17211.25
2218211,3832.5,-4291.875,-17211.25
2218221,8251.25,-12341.875,-21175.0
2218221,8251.25,-12341.875,-21175.0
2218372,-4589.375,-3119.375,-11808.125
2218372,-4589.375,-3119.375,-11808.125
2218381,-4690.0,-1111.25,-11095.0
2218381,-4690.0,-1111.25,-11095.0
2218533,3425.625,-1063.125,1286.25
2218533,3425.625,-1063.125,1286.25
2218543,2091.25,70.0,2200.625
2218543,2091.25,70.0,2200.625
2218695,9935.625,5713.75,1596.875
2218695,9935.625,5713.75,1596.875
2218706,10368.75,5215.0,1194.375
2218706,10368.75,5215.0,1194.375
2218836,-7831.25,-7214.375,-420.0
2218836,-7831.25,-7214.375,-420.0
2218846,-7735.0,-7826.875,-805.0
2218846,-7735.0,-7826.875,-805.0
2218988,-6991.25,-7791.875,-1605.625
2218988,-6991.25,-7791.875,-1605.625
2218998,-6711.25,-7192.5,-1513.75
2218998,-6711.25,-7192.5,-1513.75
2219150,2100.0,2393.125,450.625
2219150,2100.0,2393.125,450.625
2219159,2550.625,3355.625,441.875
2219159,2550.625,3355.625,441.875
2219331,7192.5,4554.375,-1570.625
2219331,7192.5,4554.375,-1570.625
2219341,6072.5,4865.0,-1260.0
2219341,6072.5,4865.0,-1260.0
2219412,-476.875,-8.75,179.375
2219412,-476.875,-8.75,179.375
2219422,-2244.375,-1207.5,468.125
2219422,-2244.375,-1207.5,468.125
2219573,-6877.5,-5958.75,1400.0
2219573,-6877.5,-5958.75,1400.0
2219583,-6501.25,-5958.75,1124.375
2219583,-6501.25,-5958.75,1124.375
