2180427,-161.875,0.0,56.875
2180427,-161.875,0.0,56.875
2180437,-140.0,13.125,43.75
2180437,-140.0,13.125,43.75
2180589,-105.0,-13.125,35.0
2180589,-105.0,-13.125,35.0
2180599,-96.25,-17.5,21.875
2180599,-96.25,-17.5,21.875
2180751,-56.875,-13.125,-21.875
2180751,-56.875,-13.125,-21.875
2180760,-26.25,-17.5,-21.875
2180760,-26.25,-17.5,-21.875
2180912,-8.75,4.375,-26.25
2180912,-8.75,4.375,-26.25
2180922,-13.125,8.75,-35.0
2180922,-13.125,8.75,-35.0
2181073,8.75,-70.0,-8.75
2181073,8.75,-70.0,-8.75
2181083,-17.5,-13.125,8.75
2181083,-17.5,-13.125,8.75
2181235,-83.125,-4.375,13.125
2181235,-83.125,-4.375,13.125
2181245,-65.625,0.0,-4.375
2181245,-65.625,0.0,-4.375
2181396,-8.75,4.375,-35.0
2181396,-8.75,4.375,-35.0
2181406,35.0,-4.375,-70.0
2181406,35.0,-4.375,-70.0
2181557,-43.75,8.75,-8.75
2181557,-43.75,8.75,-8.75
2181568,-48.125,4.375,-4.375
2181568,-48.125,4.375,-4.375
2181719,-17.5,35.0,-35.0
2181719,-17.5,35.0,-35.0
2181729,0.0,65.625,-26.25
2181729,0.0,65.625,-26.25
2181880,161.875,494.375,301.875
2181880,161.875,494.375,301.875
2181890,196.875,735.0,450.625
2181890,196.875,735.0,450.625
2182042,9003.75,-5368.125,-2625.0
2182042,9003.75,-5368.125,-2625.0
2182052,5923.75,17.5,-2708.125
2182052,5923.75,17.5,-2708.125
2182203,-5411.875,-1299.375,-13461.875
2182203,-5411.875,-1299.375,-13461.875
2182213,-7441.875,-463.75,-13164.375
2182213,-7441.875,-463.75,-13164.375
2182284,-14643.125,6094.375,-11143.125
2182284,-14643.125,6094.375,-11143.125
2182294,-18283.125,7809.375,-8400.0
2182294,-18283.125,7809.375,-8400.0
2182365,-5110.0,5543.125,-6457.5
2182365,-5110.0,5543.125,-6457.5
2182375,-936.25,2686.25,-6619.375
2182375,-936.25,2686.25,-6619.375
2182526,11602.5,-7704.375,1513.75
2182526,11602.5,-7704.375,1513.75
2182536,8592.5,-5057.5,783.125
2182536,8592.5,-5057.5,783.125
2182688,1837.5,354.375,-118.125
2182688,1837.5,354.375,-118.125
2182698,450.625,-122.5,-201.25
2182698,450.625,-122.5,-201.25
2182840,-7809.375,-6746.25,87.5
2182840,-7809.375,-6746.25,87.5
2182849,-7778.75,-6343.75,-17.5
2182849,-7778.75,-6343.75,-17.5
2182930,-6947.5,-6829.375,-621.25
2182930,-6947.5,-6829.375,-621.25
2182940,-6536.25,-7065.625,-503.125
2182940,-6536.25,-7065.625,-503.125
2182950,-6440.0,-6855.625,-297.5
2182950,-6440.0,-6855.625,-297.5
2183091,2060.625,2559.375,-1172.5
2183091,2060.625,2559.375,-1172.5
2183101,3272.5,3220.0,-988.75
2183101,3272.5,3220.0,-988.75
2183132,4431.875,6260.625,-424.375
2183132,4431.875,6260.625,-424.375
2183142,4913.125,7297.5,-577.5
2183142,4913.125,7297.5,-577.5
2183293,7179.375,7743.75,-2931.25
2183293,7179.375,7743.75,-2931.25
2183303,6116.25,7157.5,-2743.125
2183303,6116.25,7157.5,-2743.125
