2189783,7.8125,781.25,640.625,-23.4375,-804.6875,625.0,242.1875,-937.5,343.75,484.375,-867.1875,101.5625,515.625,-812.5,296.875
2189783,7.8125,781.25,640.625,-23.4375,-804.6875,625.0,242.1875,-937.5,343.75,484.375,-867.1875,101.5625,515.625,-812.5,296.875
2189783,15.625,781.25,640.625,-39.0625,-804.6875,632.8125,234.375,-921.875,335.9375,484.375,-867.1875,93.75,515.625,-804.6875,289.0625
2189783,15.625,781.25,640.625,-39.0625,-804.6875,632.8125,234.375,-921.875,335.9375,484.375,-867.1875,93.75,515.625,-804.6875,289.0625
2189791,7.8125,773.4375,640.625,-23.4375,-796.875,632.8125,242.1875,-914.0625,343.75,484.375,-859.375,93.75,515.625,-812.5,289.0625
2189791,7.8125,773.4375,640.625,-23.4375,-796.875,632.8125,242.1875,-914.0625,343.75,484.375,-859.375,93.75,515.625,-812.5,289.0625
2189798,7.8125,773.4375,648.4375,-23.4375,-796.875,632.8125,234.375,-914.0625,351.5625,484.375,-867.1875,93.75,515.625,-804.6875,289.0625
2189798,7.8125,773.4375,648.4375,-23.4375,-796.875,632.8125,234.375,-914.0625,351.5625,484.375,-867.1875,93.75,515.625,-804.6875,289.0625
2189943,7.8125,765.625,640.625,-31.25,-796.875,625.0,242.1875,-921.875,343.75,484.375,-867.1875,101.5625,515.625,-804.6875,289.0625
2189943,7.8125,765.625,640.625,-31.25,-796.875,625.0,242.1875,-921.875,343.75,484.375,-867.1875,101.5625,515.625,-804.6875,289.0625
2189944,15.625,765.625,648.4375,-23.4375,-804.6875,632.8125,234.375,-921.875,351.5625,476.5625,-859.375,93.75,515.625,-812.5,289.0625
2189944,15.625,765.625,648.4375,-23.4375,-804.6875,632.8125,234.375,-921.875,351.5625,476.5625,-859.375,93.75,515.625,-812.5,289.0625
2189953,15.625,773.4375,648.4375,-23.4375,-804.6875,632.8125,242.1875,-921.875,335.9375,476.5625,-867.1875,101.5625,515.625,-796.875,296.875
2189953,15.625,773.4375,648.4375,-23.4375,-804.6875,632.8125,242.1875,-921.875,335.9375,476.5625,-867.1875,101.5625,515.625,-796.875,296.875
2189961,15.625,781.25,640.625,-31.25,-796.875,625.0,242.1875,-921.875,343.75,484.375,-859.375,93.75,515.625,-804.6875,289.0625
2189961,15.625,781.25,640.625,-31.25,-796.875,625.0,242.1875,-921.875,343.75,484.375,-859.375,93.75,515.625,-804.6875,289.0625
2190106,7.8125,773.4375,656.25,-31.25,-812.5,632.8125,250.0,-929.6875,351.5625,484.375,-882.8125,101.5625,515.625,-812.5,296.875
2190106,7.8125,773.4375,656.25,-31.25,-812.5,632.8125,250.0,-929.6875,351.5625,484.375,-882.8125,101.5625,515.625,-812.5,296.875
2190106,15.625,773.4375,648.4375,-23.4375,-812.5,640.625,242.1875,-937.5,351.5625,484.375,-875.0,101.5625,523.4375,-820.3125,296.875
2190106,15.625,773.4375,648.4375,-23.4375,-812.5,640.625,242.1875,-937.5,351.5625,484.375,-875.0,101.5625,523.4375,-820.3125,296.875
2190114,15.625,781.25,640.625,-23.4375,-812.5,632.8125,234.375,-937.5,351.5625,484.375,-875.0,93.75,515.625,-812.5,289.0625
2190114,15.625,781.25,640.625,-23.4375,-812.5,632.8125,234.375,-937.5,351.5625,484.375,-875.0,93.75,515.625,-812.5,289.0625
2190122,15.625,781.25,640.625,-31.25,-804.6875,632.8125,234.375,-921.875,335.9375,484.375,-867.1875,93.75,523.4375,-812.5,296.875
2190122,15.625,781.25,640.625,-31.25,-804.6875,632.8125,234.375,-921.875,335.9375,484.375,-867.1875,93.75,523.4375,-812.5,296.875
2190186,15.625,781.25,640.625,-23.4375,-812.5,625.0,242.1875,-929.6875,351.5625,484.375,-867.1875,93.75,523.4375,-804.6875,296.875
2190186,15.625,781.25,640.625,-23.4375,-812.5,625.0,242.1875,-929.6875,351.5625,484.375,-867.1875,93.75,523.4375,-804.6875,296.875
2190186,7.8125,773.4375,640.625,-23.4375,-804.6875,632.8125,234.375,-929.6875,343.75,492.1875,-867.1875,101.5625,515.625,-812.5,289.0625
2190186,7.8125,773.4375,640.625,-23.4375,-804.6875,632.8125,234.375,-929.6875,343.75,492.1875,-867.1875,101.5625,515.625,-812.5,289.0625
2190194,7.8125,773.4375,640.625,-31.25,-804.6875,632.8125,242.1875,-921.875,343.75,484.375,-867.1875,93.75,523.4375,-804.6875,289.0625
2190194,7.8125,773.4375,640.625,-31.25,-804.6875,632.8125,242.1875,-921.875,343.75,484.375,-867.1875,93.75,523.4375,-804.6875,289.0625
2190202,23.4375,781.25,640.625,-31.25,-804.6875,632.8125,234.375,-921.875,343.75,484.375,-875.0,93.75,515.625,-804.6875,296.875
2190202,23.4375,781.25,640.625,-31.25,-804.6875,632.8125,234.375,-921.875,343.75,484.375,-875.0,93.75,515.625,-804.6875,296.875
2190267,7.8125,773.4375,648.4375,-23.4375,-804.6875,617.1875,234.375,-929.6875,343.75,492.1875,-875.0,101.5625,515.625,-804.6875,289.0625
2190267,7.8125,773.4375,648.4375,-23.4375,-804.6875,617.1875,234.375,-929.6875,343.75,492.1875,-875.0,101.5625,515.625,-804.6875,289.0625
2190267,7.8125,765.625,640.625,-31.25,-812.5,632.8125,234.375,-929.6875,343.75,492.1875,-875.0,93.75,515.625,-812.5,289.0625
2190267,7.8125,765.625,640.625,-31.25,-812.5,632.8125,234.375,-929.6875,343.75,492.1875,-875.0,93.75,515.625,-812.5,289.0625
2190275,7.8125,773.4375,648.4375,-23.4375,-804.6875,632.8125,234.375,-929.6875,343.75,484.375,-867.1875,101.5625,523.4375,-820.3125,289.0625
2190275,7.8125,773.4375,648.4375,-23.4375,-804.6875,632.8125,234.375,-929.6875,343.75,484.375,-867.1875,101.5625,523.4375,-820.3125,289.0625
2190283,7.8125,773.4375,648.4375,-31.25,-812.5,632.8125,234.375,-929.6875,351.5625,492.1875,-875.0,93.75,523.4375,-812.5,296.875
2190283,7.8125,773.4375,648.4375,-31.25,-812.5,632.8125,234.375,-929.6875,351.5625,492.1875,-875.0,93.75,523.4375,-812.5,296.875
2190428,15.625,781.25,648.4375,-31.25,-804.6875,632.8125,234.375,-921.875,343.75,476.5625,-867.1875,93.75,523.4375,-812.5,281.25
2190428,15.625,781.25,648.4375,-31.25,-804.6875,632.8125,234.375,-921.875,343.75,476.5625,-867.1875,93.75,523.4375,-812.5,281.25
2190428,15.625,773.4375,640.625,-23.4375,-812.5,632.8125,242.1875,-921.875,343.75,484.375,-875.0,93.75,507.8125,-812.5,281.25
2190428,15.625,773.4375,640.625,-23.4375,-812.5,632.8125,242.1875,-921.875,343.75,484.375,-875.0,93.75,507.8125,-812.5,281.25
2190436,7.8125,781.25,648.4375,-31.25,-804.6875,632.8125,242.1875,-921.875,343.75,484.375,-875.0,93.75,515.625,-820.3125,289.0625
2190436,7.8125,781.25,648.4375,-31.25,-804.6875,632.8125,242.1875,-921.875,343.75,484.375,-875.0,93.75,515.625,-820.3125,289.0625
2190443,7.8125,781.25,640.625,-39.0625,-812.5,632.8125,242.1875,-929.6875,343.75,476.5625,-875.0,93.75,515.625,-812.5,289.0625
2190443,7.8125,781.25,640.625,-39.0625,-812.5,632.8125,242.1875,-929.6875,343.75,476.5625,-875.0,93.75,515.625,-812.5,289.0625
2190509,15.625,773.4375,648.4375,-31.25,-812.5,625.0,242.1875,-914.0625,343.75,492.1875,-867.1875,101.5625,523.4375,-812.5,289.0625
2190509,15.625,773.4375,648.4375,-31.25,-812.5,625.0,242.1875,-914.0625,343.75,492.1875,-867.1875,101.5625,523.4375,-812.5,289.0625
2190509,15.625,781.25,648.4375,-31.25,-812.5,625.0,234.375,-929.6875,335.9375,492.1875,-875.0,101.5625,515.625,-804.6875,289.0625
2190509,15.625,781.25,648.4375,-31.25,-812.5,625.0,234.375,-929.6875,335.9375,492.1875,-875.0,101.5625,515.625,-804.6875,289.0625
2190517,15.625,773.4375,648.4375,-31.25,-804.6875,632.8125,242.1875,-929.6875,343.75,484.375,-867.1875,85.9375,515.625,-812.5,289.0625
2190517,15.625,773.4375,648.4375,-31.25,-804.6875,632.8125,242.1875,-929.6875,343.75,484.375,-867.1875,85.9375,515.625,-812.5,289.0625
2190525,7.8125,773.4375,640.625,-31.25,-812.5,625.0,242.1875,-921.875,335.9375,484.375,-867.1875,93.75,515.625,-812.5,289.0625
2190525,7.8125,773.4375,640.625,-31.25,-812.5,625.0,242.1875,-921.875,335.9375,484.375,-867.1875,93.75,515.625,-812.5,289.0625
2190590,15.625,765.625,648.4375,-31.25,-804.6875,625.0,234.375,-921.875,343.75,468.75,-867.1875,93.75,515.625,-804.6875,289.0625
2190590,15.625,765.625,648.4375,-31.25,-804.6875,625.0,234.375,-921.875,343.75,468.75,-867.1875,93.75,515.625,-804.6875,289.0625
2190590,7.8125,765.625,648.4375,-39.0625,-804.6875,632.8125,234.375,-921.875,343.75,476.5625,-859.375,93.75,515.625,-804.6875,289.0625
2190590,7.8125,765.625,648.4375,-39.0625,-804.6875,632.8125,234.375,-921.875,343.75,476.5625,-859.375,93.75,515.625,-804.6875,289.0625
2190598,7.8125,773.4375,640.625,-31.25,-804.6875,632.8125,234.375,-929.6875,343.75,476.5625,-875.0,109.375,515.625,-796.875,289.0625
2190598,7.8125,773.4375,640.625,-31.25,-804.6875,632.8125,234.375,-929.6875,343.75,476.5625,-875.0,109.375,515.625,-796.875,289.0625
2190605,7.8125,765.625,648.4375,-15.625,-804.6875,632.8125,242.1875,-906.25,328.125,492.1875,-875.0,85.9375,515.625,-812.5,281.25
2190605,7.8125,765.625,648.4375,-15.625,-804.6875,632.8125,242.1875,-906.25,328.125,492.1875,-875.0,85.9375,515.625,-812.5,281.25
2190752,15.625,765.625,656.25,-23.4375,-812.5,625.0,242.1875,-929.6875,343.75,484.375,-875.0,85.9375,515.625,-820.3125,296.875
2190752,15.625,765.625,656.25,-23.4375,-812.5,625.0,242.1875,-929.6875,343.75,484.375,-875.0,85.9375,515.625,-820.3125,296.875
2190752,7.8125,765.625,656.25,-31.25,-812.5,632.8125,234.375,-937.5,351.5625,484.375,-875.0,93.75,515.625,-812.5,296.875
2190752,7.8125,765.625,656.25,-31.25,-812.5,632.8125,234.375,-937.5,351.5625,484.375,-875.0,93.75,515.625,-812.5,296.875
2190760,7.8125,773.4375,656.25,-23.4375,-820.3125,625.0,234.375,-937.5,343.75,476.5625,-890.625,85.9375,515.625,-820.3125,296.875
2190760,7.8125,773.4375,656.25,-23.4375,-820.3125,625.0,234.375,-937.5,343.75,476.5625,-890.625,85.9375,515.625,-820.3125,296.875
2190768,7.8125,773.4375,656.25,-31.25,-820.3125,625.0,226.5625,-937.5,351.5625,492.1875,-875.0,93.75,515.625,-820.3125,289.0625
2190768,7.8125,773.4375,656.25,-31.25,-820.3125,625.0,226.5625,-937.5,351.5625,492.1875,-875.0,93.75,515.625,-820.3125,289.0625
2190913,-695.3125,1203.125,656.25,375.0,-1132.8125,773.4375,617.1875,-1210.9375,718.75,1351.5625,-1093.75,320.3125,906.25,-1257.8125,609.375
2190913,-695.3125,1203.125,656.25,375.0,-1132.8125,773.4375,617.1875,-1210.9375,718.75,1351.5625,-1093.75,320.3125,906.25,-1257.8125,609.375
2190913,-585.9375,1390.625,445.3125,320.3125,-960.9375,1078.125,546.875,-1187.5,734.375,789.0625,-1304.6875,328.125,914.0625,-1382.8125,695.3125
2190913,-585.9375,1390.625,445.3125,320.3125,-960.9375,1078.125,546.875,-1187.5,734.375,789.0625,-1304.6875,328.125,914.0625,-1382.8125,695.3125
2190921,-78.125,1421.875,382.8125,140.625,-828.125,1148.4375,390.625,-1218.75,601.5625,882.8125,-1179.6875,328.125,804.6875,-1296.875,734.375
2190921,-78.125,1421.875,382.8125,140.625,-828.125,1148.4375,390.625,-1218.75,601.5625,882.8125,-1179.6875,328.125,804.6875,-1296.875,734.375
2190929,296.875,1328.125,453.125,281.25,-953.125,1101.5625,445.3125,-1296.875,625.0,859.375,-1187.5,390.625,828.125,-1148.4375,742.1875
2190929,296.875,1328.125,453.125,281.25,-953.125,1101.5625,445.3125,-1296.875,625.0,859.375,-1187.5,390.625,828.125,-1148.4375,742.1875
2191074,-445.3125,218.75,507.8125,-273.4375,-812.5,234.375,-46.875,-968.75,203.125,343.75,-1015.625,15.625,328.125,-1117.1875,250.0
2191074,-445.3125,218.75,507.8125,-273.4375,-812.5,234.375,-46.875,-968.75,203.125,343.75,-1015.625,15.625,328.125,-1117.1875,250.0
2191074,-531.25,125.0,476.5625,-312.5,-804.6875,195.3125,-54.6875,-921.875,171.875,289.0625,-937.5,-39.0625,257.8125,-1093.75,140.625
2191074,-531.25,125.0,476.5625,-312.5,-804.6875,195.3125,-54.6875,-921.875,171.875,289.0625,-937.5,-39.0625,257.8125,-1093.75,140.625
2191082,-585.9375,78.125,460.9375,-312.5,-773.4375,187.5,-85.9375,-882.8125,132.8125,226.5625,-882.8125,-117.1875,210.9375,-1007.8125,39.0625
2191082,-585.9375,78.125,460.9375,-312.5,-773.4375,187.5,-85.9375,-882.8125,132.8125,226.5625,-882.8125,-117.1875,210.9375,-1007.8125,39.0625
2191090,-562.5,85.9375,484.375,-343.75,-781.25,156.25,-125.0,-851.5625,85.9375,140.625,-835.9375,-210.9375,179.6875,-929.6875,0.0
2191090,-562.5,85.9375,484.375,-343.75,-781.25,156.25,-125.0,-851.5625,85.9375,140.625,-835.9375,-210.9375,179.6875,-929.6875,0.0
2191236,-15.625,335.9375,515.625,-500.0,78.125,-31.25,-640.625,54.6875,-195.3125,-765.625,23.4375,-296.875,-453.125,-39.0625,-328.125
2191236,-15.625,335.9375,515.625,-500.0,78.125,-31.25,-640.625,54.6875,-195.3125,-765.625,23.4375,-296.875,-453.125,-39.0625,-328.125
2191236,-23.4375,351.5625,468.75,-531.25,31.25,-54.6875,-648.4375,31.25,-203.125,-750.0,0.0,-257.8125,-468.75,-15.625,-320.3125
2191236,-23.4375,351.5625,468.75,-531.25,31.25,-54.6875,-648.4375,31.25,-203.125,-750.0,0.0,-257.8125,-468.75,-15.625,-320.3125
2191244,-164.0625,281.25,390.625,-570.3125,46.875,-78.125,-664.0625,0.0,-164.0625,-710.9375,-46.875,-289.0625,-421.875,-31.25,-304.6875
2191244,-164.0625,281.25,390.625,-570.3125,46.875,-78.125,-664.0625,0.0,-164.0625,-710.9375,-46.875,-289.0625,-421.875,-31.25,-304.6875
2191251,-351.5625,210.9375,328.125,-625.0,39.0625,-132.8125,-648.4375,-23.4375,-187.5,-570.3125,-39.0625,-250.0,-359.375,-85.9375,-210.9375
2191251,-351.5625,210.9375,328.125,-625.0,39.0625,-132.8125,-648.4375,-23.4375,-187.5,-570.3125,-39.0625,-250.0,-359.375,-85.9375,-210.9375
2191397,-507.8125,539.0625,664.0625,-851.5625,-367.1875,7.8125,-859.375,-343.75,-62.5,-859.375,-437.5,-109.375,-968.75,-437.5,-117.1875
2191397,-507.8125,539.0625,664.0625,-851.5625,-367.1875,7.8125,-859.375,-343.75,-62.5,-859.375,-437.5,-109.375,-968.75,-437.5,-117.1875
2191397,-539.0625,601.5625,695.3125,-890.625,-390.625,39.0625,-859.375,-359.375,-54.6875,-984.375,-460.9375,-109.375,-1039.0625,-460.9375,-125.0
2191397,-539.0625,601.5625,695.3125,-890.625,-390.625,39.0625,-859.375,-359.375,-54.6875,-984.375,-460.9375,-109.375,-1039.0625,-460.9375,-125.0
2191405,-609.375,656.25,726.5625,-914.0625,-437.5,46.875,-921.875,-445.3125,-23.4375,-1007.8125,-523.4375,-132.8125,-1109.375,-500.0,-109.375
2191405,-609.375,656.25,726.5625,-914.0625,-437.5,46.875,-921.875,-445.3125,-23.4375,-1007.8125,-523.4375,-132.8125,-1109.375,-500.0,-109.375
2191413,-671.875,679.6875,796.875,-976.5625,-523.4375,31.25,-992.1875,-554.6875,-62.5,-1023.4375,-625.0,-132.8125,-1132.8125,-593.75,-85.9375
2191413,-671.875,679.6875,796.875,-976.5625,-523.4375,31.25,-992.1875,-554.6875,-62.5,-1023.4375,-625.0,-132.8125,-1132.8125,-593.75,-85.9375
2191719,-382.8125,414.0625,226.5625,-484.375,-226.5625,148.4375,-429.6875,-265.625,109.375,-375.0,-375.0,85.9375,-390.625,-351.5625,132.8125
2191719,-382.8125,414.0625,226.5625,-484.375,-226.5625,148.4375,-429.6875,-265.625,109.375,-375.0,-375.0,85.9375,-390.625,-351.5625,132.8125
2191719,-382.8125,414.0625,210.9375,-468.75,-195.3125,156.25,-429.6875,-242.1875,109.375,-359.375,-343.75,85.9375,-382.8125,-320.3125,117.1875
2191719,-382.8125,414.0625,210.9375,-468.75,-195.3125,156.25,-429.6875,-242.1875,109.375,-359.375,-343.75,85.9375,-382.8125,-320.3125,117.1875
2191727,-382.8125,398.4375,195.3125,-445.3125,-171.875,148.4375,-406.25,-218.75,101.5625,-335.9375,-320.3125,93.75,-367.1875,-304.6875,117.1875
2191727,-382.8125,398.4375,195.3125,-445.3125,-171.875,148.4375,-406.25,-218.75,101.5625,-335.9375,-320.3125,93.75,-367.1875,-304.6875,117.1875
2191735,-375.0,375.0,171.875,-437.5,-156.25,140.625,-382.8125,-203.125,117.1875,-312.5,-312.5,93.75,-320.3125,-296.875,125.0
2191735,-375.0,375.0,171.875,-437.5,-156.25,140.625,-382.8125,-203.125,117.1875,-312.5,-312.5,93.75,-320.3125,-296.875,125.0
2191881,-226.5625,343.75,-117.1875,-101.5625,7.8125,304.6875,-39.0625,-117.1875,281.25,46.875,-210.9375,195.3125,15.625,-203.125,203.125
2191881,-226.5625,343.75,-117.1875,-101.5625,7.8125,304.6875,-39.0625,-117.1875,281.25,46.875,-210.9375,195.3125,15.625,-203.125,203.125
2191881,-234.375,351.5625,-117.1875,-93.75,7.8125,328.125,-39.0625,-132.8125,281.25,54.6875,-234.375,195.3125,23.4375,-218.75,210.9375
2191881,-234.375,351.5625,-117.1875,-93.75,7.8125,328.125,-39.0625,-132.8125,281.25,54.6875,-234.375,195.3125,23.4375,-218.75,210.9375
2191889,-242.1875,375.0,-109.375,-70.3125,-7.8125,328.125,-23.4375,-140.625,289.0625,62.5,-242.1875,187.5,15.625,-226.5625,210.9375
2191889,-242.1875,375.0,-109.375,-70.3125,-7.8125,328.125,-23.4375,-140.625,289.0625,62.5,-242.1875,187.5,15.625,-226.5625,210.9375
2191897,-234.375,390.625,-101.5625,-70.3125,0.0,351.5625,-23.4375,-164.0625,296.875,54.6875,-234.375,179.6875,7.8125,-226.5625,195.3125
2191897,-234.375,390.625,-101.5625,-70.3125,0.0,351.5625,-23.4375,-164.0625,296.875,54.6875,-234.375,179.6875,7.8125,-226.5625,195.3125
2191938,-328.125,203.125,85.9375,-335.9375,-15.625,78.125,-203.125,-39.0625,93.75,-195.3125,-132.8125,101.5625,-312.5,-132.8125,78.125
2191938,-328.125,203.125,85.9375,-335.9375,-15.625,78.125,-203.125,-39.0625,93.75,-195.3125,-132.8125,101.5625,-312.5,-132.8125,78.125
2191945,-335.9375,218.75,85.9375,-304.6875,0.0,85.9375,-226.5625,-31.25,70.3125,-257.8125,-109.375,85.9375,-359.375,-117.1875,39.0625
2191945,-335.9375,218.75,85.9375,-304.6875,0.0,85.9375,-226.5625,-31.25,70.3125,-257.8125,-109.375,85.9375,-359.375,-117.1875,39.0625
2191953,-335.9375,281.25,132.8125,-335.9375,0.0,70.3125,-289.0625,-7.8125,78.125,-328.125,-101.5625,70.3125,-343.75,-93.75,39.0625
2191953,-335.9375,281.25,132.8125,-335.9375,0.0,70.3125,-289.0625,-7.8125,78.125,-328.125,-101.5625,70.3125,-343.75,-93.75,39.0625
2191953,-335.9375,359.375,156.25,-359.375,-7.8125,85.9375,-304.6875,-31.25,78.125,-335.9375,-125.0,85.9375,-343.75,-117.1875,54.6875
2191953,-335.9375,359.375,156.25,-359.375,-7.8125,85.9375,-304.6875,-31.25,78.125,-335.9375,-125.0,85.9375,-343.75,-117.1875,54.6875
2192099,-1195.3125,851.5625,1718.75,-2390.625,-921.875,-390.625,-2515.625,-757.8125,-351.5625,-2296.875,-1281.25,-7.8125,-2289.0625,-1054.6875,257.8125
2192099,-1195.3125,851.5625,1718.75,-2390.625,-921.875,-390.625,-2515.625,-757.8125,-351.5625,-2296.875,-1281.25,-7.8125,-2289.0625,-1054.6875,257.8125
2192107,-1218.75,851.5625,1750.0,-2460.9375,-921.875,-406.25,-2578.125,-765.625,-351.5625,-2343.75,-1296.875,-7.8125,-2328.125,-1078.125,257.8125
2192107,-1218.75,851.5625,1750.0,-2460.9375,-921.875,-406.25,-2578.125,-765.625,-351.5625,-2343.75,-1296.875,-7.8125,-2328.125,-1078.125,257.8125
2192115,-1234.375,851.5625,1773.4375,-2515.625,-937.5,-414.0625,-2632.8125,-773.4375,-367.1875,-2382.8125,-1320.3125,-15.625,-2335.9375,-1093.75,265.625
2192115,-1234.375,851.5625,1773.4375,-2515.625,-937.5,-414.0625,-2632.8125,-773.4375,-367.1875,-2382.8125,-1320.3125,-15.625,-2335.9375,-1093.75,265.625
2192115,-1242.1875,835.9375,1773.4375,-2539.0625,-945.3125,-414.0625,-2656.25,-773.4375,-351.5625,-2390.625,-1343.75,-7.8125,-2359.375,-1101.5625,281.25
2192115,-1242.1875,835.9375,1773.4375,-2539.0625,-945.3125,-414.0625,-2656.25,-773.4375,-351.5625,-2390.625,-1343.75,-7.8125,-2359.375,-1101.5625,281.25
