2198607,-70.3125,835.9375,554.6875,-125.0,-828.125,601.5625,187.5,-921.875,382.8125,445.3125,-890.625,132.8125,445.3125,-875.0,218.75
2198607,-70.3125,835.9375,554.6875,-125.0,-828.125,601.5625,187.5,-921.875,382.8125,445.3125,-890.625,132.8125,445.3125,-875.0,218.75
2198615,-70.3125,835.9375,562.5,-125.0,-828.125,593.75,187.5,-929.6875,375.0,445.3125,-890.625,109.375,445.3125,-875.0,210.9375
2198615,-70.3125,835.9375,562.5,-125.0,-828.125,593.75,187.5,-929.6875,375.0,445.3125,-890.625,109.375,445.3125,-875.0,210.9375
2198615,-70.3125,835.9375,554.6875,-132.8125,-820.3125,601.5625,187.5,-914.0625,382.8125,445.3125,-882.8125,117.1875,445.3125,-867.1875,218.75
2198615,-70.3125,835.9375,554.6875,-132.8125,-820.3125,601.5625,187.5,-914.0625,382.8125,445.3125,-882.8125,117.1875,445.3125,-867.1875,218.75
2198623,-39.0625,765.625,546.875,-132.8125,-820.3125,601.5625,187.5,-921.875,390.625,445.3125,-890.625,117.1875,437.5,-867.1875,210.9375
2198623,-39.0625,765.625,546.875,-132.8125,-820.3125,601.5625,187.5,-921.875,390.625,445.3125,-890.625,117.1875,437.5,-867.1875,210.9375
2198768,-70.3125,851.5625,554.6875,-132.8125,-820.3125,601.5625,187.5,-921.875,382.8125,453.125,-890.625,125.0,445.3125,-875.0,218.75
2198768,-70.3125,851.5625,554.6875,-132.8125,-820.3125,601.5625,187.5,-921.875,382.8125,453.125,-890.625,125.0,445.3125,-875.0,218.75
2198768,-62.5,843.75,554.6875,-132.8125,-820.3125,601.5625,179.6875,-914.0625,382.8125,445.3125,-890.625,117.1875,437.5,-875.0,210.9375
2198768,-62.5,843.75,554.6875,-132.8125,-820.3125,601.5625,179.6875,-914.0625,382.8125,445.3125,-890.625,117.1875,437.5,-875.0,210.9375
2198776,-70.3125,843.75,554.6875,-125.0,-820.3125,609.375,187.5,-929.6875,382.8125,445.3125,-890.625,117.1875,445.3125,-867.1875,218.75
2198776,-70.3125,843.75,554.6875,-125.0,-820.3125,609.375,187.5,-929.6875,382.8125,445.3125,-890.625,117.1875,445.3125,-867.1875,218.75
2198776,-62.5,835.9375,546.875,-125.0,-812.5,601.5625,187.5,-914.0625,375.0,445.3125,-875.0,125.0,445.3125,-867.1875,218.75
2198776,-62.5,835.9375,546.875,-125.0,-812.5,601.5625,187.5,-914.0625,375.0,445.3125,-875.0,125.0,445.3125,-867.1875,218.75
2198929,-70.3125,851.5625,546.875,-125.0,-828.125,601.5625,187.5,-921.875,382.8125,445.3125,-890.625,132.8125,445.3125,-867.1875,218.75
2198929,-70.3125,851.5625,546.875,-125.0,-828.125,601.5625,187.5,-921.875,382.8125,445.3125,-890.625,132.8125,445.3125,-867.1875,218.75
2198929,-70.3125,835.9375,546.875,-132.8125,-828.125,593.75,179.6875,-921.875,382.8125,445.3125,-890.625,125.0,445.3125,-875.0,210.9375
2198929,-70.3125,835.9375,546.875,-132.8125,-828.125,593.75,179.6875,-921.875,382.8125,445.3125,-890.625,125.0,445.3125,-875.0,210.9375
2198937,-78.125,843.75,554.6875,-132.8125,-828.125,601.5625,179.6875,-929.6875,390.625,445.3125,-890.625,117.1875,445.3125,-875.0,218.75
2198937,-78.125,843.75,554.6875,-132.8125,-828.125,601.5625,179.6875,-929.6875,390.625,445.3125,-890.625,117.1875,445.3125,-875.0,218.75
2198938,-62.5,835.9375,554.6875,-125.0,-828.125,609.375,187.5,-921.875,382.8125,445.3125,-898.4375,117.1875,453.125,-875.0,218.75
2198938,-62.5,835.9375,554.6875,-125.0,-828.125,609.375,187.5,-921.875,382.8125,445.3125,-898.4375,117.1875,453.125,-875.0,218.75
2199090,-70.3125,843.75,554.6875,-125.0,-828.125,601.5625,187.5,-929.6875,382.8125,453.125,-882.8125,117.1875,445.3125,-875.0,210.9375
2199090,-70.3125,843.75,554.6875,-125.0,-828.125,601.5625,187.5,-929.6875,382.8125,453.125,-882.8125,117.1875,445.3125,-875.0,210.9375
2199090,-70.3125,843.75,554.6875,-125.0,-828.125,601.5625,187.5,-929.6875,382.8125,445.3125,-890.625,125.0,445.3125,-882.8125,218.75
2199090,-70.3125,843.75,554.6875,-125.0,-828.125,601.5625,187.5,-929.6875,382.8125,445.3125,-890.625,125.0,445.3125,-882.8125,218.75
2199099,-70.3125,843.75,562.5,-132.8125,-828.125,593.75,171.875,-937.5,390.625,445.3125,-890.625,125.0,453.125,-882.8125,210.9375
2199099,-70.3125,843.75,562.5,-132.8125,-828.125,593.75,171.875,-937.5,390.625,445.3125,-890.625,125.0,453.125,-882.8125,210.9375
2199099,-70.3125,843.75,554.6875,-132.8125,-828.125,601.5625,179.6875,-929.6875,375.0,445.3125,-898.4375,117.1875,453.125,-875.0,210.9375
2199099,-70.3125,843.75,554.6875,-132.8125,-828.125,601.5625,179.6875,-929.6875,375.0,445.3125,-898.4375,117.1875,453.125,-875.0,210.9375
2199269,-62.5,835.9375,546.875,-117.1875,-820.3125,601.5625,195.3125,-929.6875,375.0,445.3125,-890.625,117.1875,453.125,-867.1875,218.75
2199269,-62.5,835.9375,546.875,-117.1875,-820.3125,601.5625,195.3125,-929.6875,375.0,445.3125,-890.625,117.1875,453.125,-867.1875,218.75
2199276,-70.3125,843.75,554.6875,-125.0,-820.3125,593.75,187.5,-929.6875,382.8125,445.3125,-882.8125,125.0,453.125,-867.1875,210.9375
2199276,-70.3125,843.75,554.6875,-125.0,-820.3125,593.75,187.5,-929.6875,382.8125,445.3125,-882.8125,125.0,453.125,-867.1875,210.9375
2199277,-70.3125,843.75,546.875,-117.1875,-820.3125,609.375,179.6875,-921.875,375.0,453.125,-890.625,125.0,453.125,-875.0,218.75
2199277,-70.3125,843.75,546.875,-117.1875,-820.3125,609.375,179.6875,-921.875,375.0,453.125,-890.625,125.0,453.125,-875.0,218.75
2199285,-70.3125,843.75,554.6875,-125.0,-828.125,601.5625,187.5,-929.6875,382.8125,453.125,-898.4375,125.0,445.3125,-867.1875,218.75
2199285,-70.3125,843.75,554.6875,-125.0,-828.125,601.5625,187.5,-929.6875,382.8125,453.125,-898.4375,125.0,445.3125,-867.1875,218.75
2199430,-70.3125,835.9375,554.6875,-125.0,-820.3125,601.5625,179.6875,-921.875,390.625,445.3125,-890.625,125.0,437.5,-882.8125,218.75
2199430,-70.3125,835.9375,554.6875,-125.0,-820.3125,601.5625,179.6875,-921.875,390.625,445.3125,-890.625,125.0,437.5,-882.8125,218.75
2199438,-70.3125,843.75,554.6875,-125.0,-812.5,601.5625,171.875,-929.6875,382.8125,437.5,-890.625,117.1875,445.3125,-867.1875,218.75
2199438,-70.3125,843.75,554.6875,-125.0,-812.5,601.5625,171.875,-929.6875,382.8125,437.5,-890.625,117.1875,445.3125,-867.1875,218.75
2199438,-62.5,851.5625,554.6875,-125.0,-828.125,593.75,179.6875,-921.875,390.625,445.3125,-882.8125,117.1875,445.3125,-875.0,210.9375
2199438,-62.5,851.5625,554.6875,-125.0,-828.125,593.75,179.6875,-921.875,390.625,445.3125,-882.8125,117.1875,445.3125,-875.0,210.9375
2199445,-70.3125,843.75,554.6875,-125.0,-828.125,601.5625,187.5,-921.875,382.8125,453.125,-890.625,117.1875,453.125,-875.0,218.75
2199445,-70.3125,843.75,554.6875,-125.0,-828.125,601.5625,187.5,-921.875,382.8125,453.125,-890.625,117.1875,453.125,-875.0,218.75
2199575,-70.3125,859.375,554.6875,-93.75,-828.125,625.0,210.9375,-945.3125,398.4375,460.9375,-906.25,125.0,453.125,-882.8125,226.5625
2199575,-70.3125,859.375,554.6875,-93.75,-828.125,625.0,210.9375,-945.3125,398.4375,460.9375,-906.25,125.0,453.125,-882.8125,226.5625
2199575,-23.4375,859.375,554.6875,-125.0,-867.1875,625.0,195.3125,-937.5,390.625,460.9375,-906.25,125.0,453.125,-890.625,218.75
2199575,-23.4375,859.375,554.6875,-125.0,-867.1875,625.0,195.3125,-937.5,390.625,460.9375,-906.25,125.0,453.125,-890.625,218.75
2199583,-46.875,875.0,554.6875,-101.5625,-828.125,640.625,203.125,-945.3125,398.4375,468.75,-914.0625,117.1875,468.75,-890.625,218.75
2199583,-46.875,875.0,554.6875,-101.5625,-828.125,640.625,203.125,-945.3125,398.4375,468.75,-914.0625,117.1875,468.75,-890.625,218.75
2199583,-46.875,867.1875,570.3125,-93.75,-843.75,679.6875,203.125,-921.875,421.875,468.75,-914.0625,117.1875,468.75,-890.625,218.75
2199583,-46.875,867.1875,570.3125,-93.75,-843.75,679.6875,203.125,-921.875,421.875,468.75,-914.0625,117.1875,468.75,-890.625,218.75
2199591,-39.0625,851.5625,570.3125,-85.9375,-828.125,687.5,195.3125,-921.875,421.875,468.75,-914.0625,125.0,468.75,-890.625,218.75
2199591,-39.0625,851.5625,570.3125,-85.9375,-828.125,687.5,195.3125,-921.875,421.875,468.75,-914.0625,125.0,468.75,-890.625,218.75
2199599,-15.625,875.0,632.8125,-93.75,-867.1875,679.6875,218.75,-937.5,421.875,476.5625,-921.875,125.0,468.75,-890.625,218.75
2199599,-15.625,875.0,632.8125,-93.75,-867.1875,679.6875,218.75,-937.5,421.875,476.5625,-921.875,125.0,468.75,-890.625,218.75
2199599,-31.25,867.1875,562.5,164.0625,-882.8125,664.0625,242.1875,-953.125,429.6875,500.0,-929.6875,140.625,507.8125,-914.0625,218.75
2199599,-31.25,867.1875,562.5,164.0625,-882.8125,664.0625,242.1875,-953.125,429.6875,500.0,-929.6875,140.625,507.8125,-914.0625,218.75
2199607,-54.6875,828.125,546.875,-140.625,-835.9375,695.3125,250.0,-1000.0,445.3125,531.25,-929.6875,140.625,484.375,-906.25,242.1875
2199607,-54.6875,828.125,546.875,-140.625,-835.9375,695.3125,250.0,-1000.0,445.3125,531.25,-929.6875,140.625,484.375,-906.25,242.1875
2199672,54.6875,914.0625,554.6875,-46.875,-882.8125,750.0,328.125,-1015.625,445.3125,648.4375,-882.8125,125.0,617.1875,-867.1875,234.375
2199672,54.6875,914.0625,554.6875,-46.875,-882.8125,750.0,328.125,-1015.625,445.3125,648.4375,-882.8125,125.0,617.1875,-867.1875,234.375
2199680,23.4375,898.4375,531.25,-15.625,-898.4375,742.1875,367.1875,-1039.0625,429.6875,687.5,-890.625,148.4375,648.4375,-835.9375,171.875
2199680,23.4375,898.4375,531.25,-15.625,-898.4375,742.1875,367.1875,-1039.0625,429.6875,687.5,-890.625,148.4375,648.4375,-835.9375,171.875
2199680,-23.4375,898.4375,570.3125,0.0,-898.4375,718.75,382.8125,-1031.25,421.875,664.0625,-906.25,156.25,640.625,-828.125,257.8125
2199680,-23.4375,898.4375,570.3125,0.0,-898.4375,718.75,382.8125,-1031.25,421.875,664.0625,-906.25,156.25,640.625,-828.125,257.8125
2199688,0.0,867.1875,593.75,-15.625,-937.5,773.4375,382.8125,-1046.875,484.375,632.8125,-921.875,164.0625,632.8125,-789.0625,343.75
2199688,0.0,867.1875,593.75,-15.625,-937.5,773.4375,382.8125,-1046.875,484.375,632.8125,-921.875,164.0625,632.8125,-789.0625,343.75
2199833,0.0,1070.3125,742.1875,-265.625,-1039.0625,632.8125,54.6875,-1242.1875,375.0,390.625,-1257.8125,39.0625,453.125,-1273.4375,218.75
2199833,0.0,1070.3125,742.1875,-265.625,-1039.0625,632.8125,54.6875,-1242.1875,375.0,390.625,-1257.8125,39.0625,453.125,-1273.4375,218.75
2199841,-23.4375,992.1875,578.125,-296.875,-1046.875,593.75,23.4375,-1250.0,328.125,359.375,-1218.75,0.0,421.875,-1273.4375,164.0625
2199841,-23.4375,992.1875,578.125,-296.875,-1046.875,593.75,23.4375,-1250.0,328.125,359.375,-1218.75,0.0,421.875,-1273.4375,164.0625
2199841,-218.75,804.6875,437.5,-257.8125,-1031.25,585.9375,23.4375,-1218.75,296.875,335.9375,-1203.125,-46.875,375.0,-1257.8125,101.5625
2199841,-218.75,804.6875,437.5,-257.8125,-1031.25,585.9375,23.4375,-1218.75,296.875,335.9375,-1203.125,-46.875,375.0,-1257.8125,101.5625
2199849,-421.875,562.5,421.875,-250.0,-1093.75,570.3125,7.8125,-1187.5,265.625,289.0625,-1171.875,-78.125,328.125,-1265.625,39.0625
2199849,-421.875,562.5,421.875,-250.0,-1093.75,570.3125,7.8125,-1187.5,265.625,289.0625,-1171.875,-78.125,328.125,-1265.625,39.0625
2199994,-570.3125,-31.25,289.0625,-515.625,-226.5625,85.9375,-515.625,-265.625,0.0,-515.625,-328.125,-234.375,-414.0625,-445.3125,-289.0625
2199994,-570.3125,-31.25,289.0625,-515.625,-226.5625,85.9375,-515.625,-265.625,0.0,-515.625,-328.125,-234.375,-414.0625,-445.3125,-289.0625
2200001,-453.125,-39.0625,390.625,-492.1875,-250.0,78.125,-484.375,-265.625,31.25,-507.8125,-390.625,-179.6875,-468.75,-476.5625,-226.5625
2200001,-453.125,-39.0625,390.625,-492.1875,-250.0,78.125,-484.375,-265.625,31.25,-507.8125,-390.625,-179.6875,-468.75,-476.5625,-226.5625
2200001,-390.625,46.875,359.375,-492.1875,-203.125,101.5625,-414.0625,-257.8125,46.875,-437.5,-375.0,-164.0625,-343.75,-414.0625,-171.875
2200001,-390.625,46.875,359.375,-492.1875,-203.125,101.5625,-414.0625,-257.8125,46.875,-437.5,-375.0,-164.0625,-343.75,-414.0625,-171.875
2200010,-398.4375,148.4375,351.5625,-531.25,-171.875,85.9375,-429.6875,-226.5625,46.875,-351.5625,-343.75,-140.625,-328.125,-429.6875,-101.5625
2200010,-398.4375,148.4375,351.5625,-531.25,-171.875,85.9375,-429.6875,-226.5625,46.875,-351.5625,-343.75,-140.625,-328.125,-429.6875,-101.5625
2200155,-515.625,398.4375,578.125,-710.9375,-460.9375,54.6875,-679.6875,-460.9375,-39.0625,-671.875,-507.8125,-140.625,-687.5,-460.9375,54.6875
2200155,-515.625,398.4375,578.125,-710.9375,-460.9375,54.6875,-679.6875,-460.9375,-39.0625,-671.875,-507.8125,-140.625,-687.5,-460.9375,54.6875
2200163,-531.25,390.625,632.8125,-734.375,-460.9375,23.4375,-679.6875,-421.875,-132.8125,-695.3125,-468.75,-70.3125,-742.1875,-468.75,46.875
2200163,-531.25,390.625,632.8125,-734.375,-460.9375,23.4375,-679.6875,-421.875,-132.8125,-695.3125,-468.75,-70.3125,-742.1875,-468.75,46.875
2200163,-445.3125,398.4375,679.6875,-781.25,-460.9375,0.0,-726.5625,-398.4375,-171.875,-742.1875,-445.3125,-117.1875,-742.1875,-445.3125,46.875
2200163,-445.3125,398.4375,679.6875,-781.25,-460.9375,0.0,-726.5625,-398.4375,-171.875,-742.1875,-445.3125,-117.1875,-742.1875,-445.3125,46.875
2200172,-414.0625,406.25,703.125,-796.875,-484.375,0.0,-757.8125,-375.0,-179.6875,-789.0625,-445.3125,-125.0,-765.625,-414.0625,23.4375
2200172,-414.0625,406.25,703.125,-796.875,-484.375,0.0,-757.8125,-375.0,-179.6875,-789.0625,-445.3125,-125.0,-765.625,-414.0625,23.4375
2200317,-679.6875,914.0625,1539.0625,-1718.75,-1281.25,-164.0625,-1804.6875,-1125.0,-468.75,-1773.4375,-1148.4375,-289.0625,-1773.4375,-1078.125,117.1875
2200317,-679.6875,914.0625,1539.0625,-1718.75,-1281.25,-164.0625,-1804.6875,-1125.0,-468.75,-1773.4375,-1148.4375,-289.0625,-1773.4375,-1078.125,117.1875
2200324,-671.875,906.25,1507.8125,-1687.5,-1257.8125,-156.25,-1796.875,-1101.5625,-445.3125,-1757.8125,-1156.25,-273.4375,-1742.1875,-1070.3125,125.0
2200324,-671.875,906.25,1507.8125,-1687.5,-1257.8125,-156.25,-1796.875,-1101.5625,-445.3125,-1757.8125,-1156.25,-273.4375,-1742.1875,-1070.3125,125.0
2200324,-664.0625,906.25,1460.9375,-1664.0625,-1234.375,-140.625,-1750.0,-1093.75,-421.875,-1718.75,-1132.8125,-257.8125,-1695.3125,-1054.6875,140.625
2200324,-664.0625,906.25,1460.9375,-1664.0625,-1234.375,-140.625,-1750.0,-1093.75,-421.875,-1718.75,-1132.8125,-257.8125,-1695.3125,-1054.6875,140.625
2200333,-679.6875,898.4375,1437.5,-1632.8125,-1210.9375,-117.1875,-1734.375,-1062.5,-406.25,-1687.5,-1117.1875,-226.5625,-1664.0625,-1039.0625,148.4375
2200333,-679.6875,898.4375,1437.5,-1632.8125,-1210.9375,-117.1875,-1734.375,-1062.5,-406.25,-1687.5,-1117.1875,-226.5625,-1664.0625,-1039.0625,148.4375
2200479,-476.5625,375.0,546.875,-742.1875,-398.4375,-39.0625,-718.75,-335.9375,-125.0,-687.5,-421.875,-15.625,-671.875,-398.4375,132.8125
2200479,-476.5625,375.0,546.875,-742.1875,-398.4375,-39.0625,-718.75,-335.9375,-125.0,-687.5,-421.875,-15.625,-671.875,-398.4375,132.8125
2200486,-453.125,359.375,515.625,-695.3125,-351.5625,-23.4375,-687.5,-312.5,-109.375,-671.875,-398.4375,-7.8125,-656.25,-375.0,117.1875
2200486,-453.125,359.375,515.625,-695.3125,-351.5625,-23.4375,-687.5,-312.5,-109.375,-671.875,-398.4375,-7.8125,-656.25,-375.0,117.1875
2200486,-421.875,390.625,476.5625,-648.4375,-304.6875,7.8125,-656.25,-265.625,-109.375,-640.625,-367.1875,-15.625,-656.25,-343.75,109.375
2200486,-421.875,390.625,476.5625,-648.4375,-304.6875,7.8125,-656.25,-265.625,-109.375,-640.625,-367.1875,-15.625,-656.25,-343.75,109.375
2200494,-406.25,445.3125,429.6875,-632.8125,-296.875,-7.8125,-625.0,-273.4375,-78.125,-617.1875,-343.75,7.8125,-640.625,-320.3125,109.375
2200494,-406.25,445.3125,429.6875,-632.8125,-296.875,-7.8125,-625.0,-273.4375,-78.125,-617.1875,-343.75,7.8125,-640.625,-320.3125,109.375
2200640,-226.5625,335.9375,-15.625,-164.0625,31.25,234.375,-101.5625,-39.0625,203.125,-78.125,-156.25,148.4375,-101.5625,-156.25,132.8125
2200640,-226.5625,335.9375,-15.625,-164.0625,31.25,234.375,-101.5625,-39.0625,203.125,-78.125,-156.25,148.4375,-101.5625,-156.25,132.8125
2200647,-210.9375,328.125,-15.625,-164.0625,31.25,234.375,-117.1875,-46.875,210.9375,-78.125,-156.25,140.625,-85.9375,-156.25,132.8125
2200647,-210.9375,328.125,-15.625,-164.0625,31.25,234.375,-117.1875,-46.875,210.9375,-78.125,-156.25,140.625,-85.9375,-156.25,132.8125
2200648,-218.75,304.6875,-15.625,-164.0625,23.4375,226.5625,-109.375,-46.875,195.3125,-70.3125,-164.0625,140.625,-70.3125,-156.25,125.0
2200648,-218.75,304.6875,-15.625,-164.0625,23.4375,226.5625,-109.375,-46.875,195.3125,-70.3125,-164.0625,140.625,-70.3125,-156.25,125.0
2200656,-226.5625,273.4375,0.0,-179.6875,15.625,218.75,-117.1875,-70.3125,195.3125,-54.6875,-164.0625,140.625,-54.6875,-164.0625,132.8125
2200656,-226.5625,273.4375,0.0,-179.6875,15.625,218.75,-117.1875,-70.3125,195.3125,-54.6875,-164.0625,140.625,-54.6875,-164.0625,132.8125
2200817,-414.0625,648.4375,445.3125,-687.5,-453.125,195.3125,-703.125,-484.375,31.25,-625.0,-632.8125,0.0,-679.6875,-609.375,148.4375
2200817,-414.0625,648.4375,445.3125,-687.5,-453.125,195.3125,-703.125,-484.375,31.25,-625.0,-632.8125,0.0,-679.6875,-609.375,148.4375
2200825,-437.5,757.8125,460.9375,-695.3125,-414.0625,257.8125,-710.9375,-468.75,70.3125,-687.5,-640.625,15.625,-789.0625,-632.8125,156.25
2200825,-437.5,757.8125,460.9375,-695.3125,-414.0625,257.8125,-710.9375,-468.75,70.3125,-687.5,-640.625,15.625,-789.0625,-632.8125,156.25
2200825,-476.5625,867.1875,476.5625,-695.3125,-382.8125,312.5,-742.1875,-445.3125,101.5625,-742.1875,-656.25,46.875,-898.4375,-640.625,195.3125
2200825,-476.5625,867.1875,476.5625,-695.3125,-382.8125,312.5,-742.1875,-445.3125,101.5625,-742.1875,-656.25,46.875,-898.4375,-640.625,195.3125
2200833,-531.25,953.125,492.1875,-718.75,-367.1875,343.75,-765.625,-437.5,148.4375,-828.125,-640.625,85.9375,-984.375,-632.8125,234.375
2200833,-531.25,953.125,492.1875,-718.75,-367.1875,343.75,-765.625,-437.5,148.4375,-828.125,-640.625,85.9375,-984.375,-632.8125,234.375
2200978,-906.25,953.125,1515.625,-1976.5625,-1218.75,-54.6875,-2046.875,-1132.8125,-281.25,-1773.4375,-1453.125,-31.25,-1726.5625,-1312.5,429.6875
2200978,-906.25,953.125,1515.625,-1976.5625,-1218.75,-54.6875,-2046.875,-1132.8125,-281.25,-1773.4375,-1453.125,-31.25,-1726.5625,-1312.5,429.6875
2200986,-882.8125,1000.0,1414.0625,-1828.125,-1125.0,15.625,-1914.0625,-1078.125,-210.9375,-1671.875,-1398.4375,-7.8125,-1664.0625,-1257.8125,414.0625
2200986,-882.8125,1000.0,1414.0625,-1828.125,-1125.0,15.625,-1914.0625,-1078.125,-210.9375,-1671.875,-1398.4375,-7.8125,-1664.0625,-1257.8125,414.0625
2200986,-851.5625,1015.625,1304.6875,-1710.9375,-1039.0625,62.5,-1781.25,-1000.0,-156.25,-1578.125,-1328.125,15.625,-1585.9375,-1195.3125,398.4375
2200986,-851.5625,1015.625,1304.6875,-1710.9375,-1039.0625,62.5,-1781.25,-1000.0,-156.25,-1578.125,-1328.125,15.625,-1585.9375,-1195.3125,398.4375
2200994,-835.9375,1023.4375,1226.5625,-1593.75,-945.3125,109.375,-1656.25,-945.3125,-109.375,-1476.5625,-1242.1875,15.625,-1523.4375,-1148.4375,382.8125
2200994,-835.9375,1023.4375,1226.5625,-1593.75,-945.3125,109.375,-1656.25,-945.3125,-109.375,-1476.5625,-1242.1875,15.625,-1523.4375,-1148.4375,382.8125
2201138,-351.5625,296.875,406.25,-578.125,-187.5,-15.625,-585.9375,-156.25,-70.3125,-562.5,-273.4375,31.25,-562.5,-257.8125,101.5625
2201138,-351.5625,296.875,406.25,-578.125,-187.5,-15.625,-585.9375,-156.25,-70.3125,-562.5,-273.4375,31.25,-562.5,-257.8125,101.5625
2201147,-351.5625,257.8125,367.1875,-562.5,-171.875,-23.4375,-546.875,-140.625,-54.6875,-523.4375,-242.1875,46.875,-500.0,-210.9375,109.375
2201147,-351.5625,257.8125,367.1875,-562.5,-171.875,-23.4375,-546.875,-140.625,-54.6875,-523.4375,-242.1875,46.875,-500.0,-210.9375,109.375
2201147,-351.5625,226.5625,335.9375,-546.875,-164.0625,-23.4375,-515.625,-132.8125,-46.875,-476.5625,-234.375,62.5,-445.3125,-203.125,117.1875
2201147,-351.5625,226.5625,335.9375,-546.875,-164.0625,-23.4375,-515.625,-132.8125,-46.875,-476.5625,-234.375,62.5,-445.3125,-203.125,117.1875
2201155,-351.5625,218.75,304.6875,-515.625,-140.625,-15.625,-476.5625,-117.1875,-31.25,-414.0625,-234.375,85.9375,-382.8125,-210.9375,132.8125
2201155,-351.5625,218.75,304.6875,-515.625,-140.625,-15.625,-476.5625,-117.1875,-31.25,-414.0625,-234.375,85.9375,-382.8125,-210.9375,132.8125
