2216746,-125.0,773.4375,640.625,-140.625,-820.3125,617.1875,171.875,-921.875,398.4375,382.8125,-929.6875,117.1875,437.5,-875.0,234.375
2216746,-125.0,773.4375,640.625,-140.625,-820.3125,617.1875,171.875,-921.875,398.4375,382.8125,-929.6875,117.1875,437.5,-875.0,234.375
2216754,-125.0,765.625,640.625,-132.8125,-804.6875,617.1875,164.0625,-929.6875,390.625,375.0,-937.5,117.1875,429.6875,-882.8125,234.375
2216754,-125.0,765.625,640.625,-132.8125,-804.6875,617.1875,164.0625,-929.6875,390.625,375.0,-937.5,117.1875,429.6875,-882.8125,234.375
2216754,-125.0,773.4375,640.625,-132.8125,-812.5,625.0,164.0625,-921.875,390.625,382.8125,-921.875,125.0,437.5,-875.0,234.375
2216754,-125.0,773.4375,640.625,-132.8125,-812.5,625.0,164.0625,-921.875,390.625,382.8125,-921.875,125.0,437.5,-875.0,234.375
2216762,-132.8125,773.4375,632.8125,-140.625,-804.6875,625.0,164.0625,-921.875,390.625,382.8125,-914.0625,117.1875,421.875,-882.8125,234.375
2216762,-132.8125,773.4375,632.8125,-140.625,-804.6875,625.0,164.0625,-921.875,390.625,382.8125,-914.0625,117.1875,421.875,-882.8125,234.375
2216916,-132.8125,765.625,640.625,-132.8125,-812.5,601.5625,171.875,-921.875,382.8125,375.0,-929.6875,109.375,429.6875,-882.8125,226.5625
2216916,-132.8125,765.625,640.625,-132.8125,-812.5,601.5625,171.875,-921.875,382.8125,375.0,-929.6875,109.375,429.6875,-882.8125,226.5625
2216924,-132.8125,765.625,632.8125,-140.625,-804.6875,609.375,164.0625,-914.0625,390.625,382.8125,-929.6875,109.375,421.875,-875.0,234.375
2216924,-132.8125,765.625,632.8125,-140.625,-804.6875,609.375,164.0625,-914.0625,390.625,382.8125,-929.6875,109.375,421.875,-875.0,234.375
2216924,-132.8125,765.625,640.625,-132.8125,-812.5,609.375,171.875,-929.6875,398.4375,367.1875,-921.875,109.375,429.6875,-875.0,226.5625
2216924,-132.8125,765.625,640.625,-132.8125,-812.5,609.375,171.875,-929.6875,398.4375,367.1875,-921.875,109.375,429.6875,-875.0,226.5625
2216932,-132.8125,765.625,640.625,-132.8125,-812.5,617.1875,171.875,-929.6875,390.625,375.0,-921.875,109.375,429.6875,-875.0,234.375
2216932,-132.8125,765.625,640.625,-132.8125,-812.5,617.1875,171.875,-929.6875,390.625,375.0,-921.875,109.375,429.6875,-875.0,234.375
2217077,-132.8125,773.4375,640.625,-132.8125,-804.6875,617.1875,164.0625,-921.875,406.25,375.0,-921.875,117.1875,421.875,-875.0,234.375
2217077,-132.8125,773.4375,640.625,-132.8125,-804.6875,617.1875,164.0625,-921.875,406.25,375.0,-921.875,117.1875,421.875,-875.0,234.375
2217085,-125.0,773.4375,640.625,-132.8125,-820.3125,617.1875,164.0625,-921.875,390.625,375.0,-929.6875,117.1875,429.6875,-875.0,234.375
2217085,-125.0,773.4375,640.625,-132.8125,-820.3125,617.1875,164.0625,-921.875,390.625,375.0,-929.6875,117.1875,429.6875,-875.0,234.375
2217085,-132.8125,773.4375,632.8125,-132.8125,-812.5,617.1875,171.875,-921.875,398.4375,375.0,-921.875,117.1875,437.5,-875.0,242.1875
2217085,-132.8125,773.4375,632.8125,-132.8125,-812.5,617.1875,171.875,-921.875,398.4375,375.0,-921.875,117.1875,437.5,-875.0,242.1875
2217093,-125.0,773.4375,640.625,-132.8125,-812.5,625.0,171.875,-929.6875,398.4375,382.8125,-929.6875,117.1875,429.6875,-875.0,242.1875
2217093,-125.0,773.4375,640.625,-132.8125,-812.5,625.0,171.875,-929.6875,398.4375,382.8125,-929.6875,117.1875,429.6875,-875.0,242.1875
2217238,-125.0,773.4375,640.625,-140.625,-812.5,609.375,171.875,-929.6875,390.625,375.0,-929.6875,125.0,429.6875,-882.8125,234.375
2217238,-125.0,773.4375,640.625,-140.625,-812.5,609.375,171.875,-929.6875,390.625,375.0,-929.6875,125.0,429.6875,-882.8125,234.375
2217246,-125.0,765.625,632.8125,-125.0,-820.3125,609.375,171.875,-921.875,398.4375,375.0,-921.875,117.1875,429.6875,-882.8125,234.375
2217246,-125.0,765.625,632.8125,-125.0,-820.3125,609.375,171.875,-921.875,398.4375,375.0,-921.875,117.1875,429.6875,-882.8125,234.375
2217246,-117.1875,765.625,640.625,-125.0,-812.5,625.0,171.875,-929.6875,398.4375,375.0,-929.6875,125.0,429.6875,-882.8125,234.375
2217246,-117.1875,765.625,640.625,-125.0,-812.5,625.0,171.875,-929.6875,398.4375,375.0,-929.6875,125.0,429.6875,-882.8125,234.375
2217254,-125.0,765.625,640.625,-132.8125,-812.5,625.0,171.875,-921.875,398.4375,375.0,-921.875,117.1875,421.875,-875.0,234.375
2217254,-125.0,765.625,640.625,-132.8125,-812.5,625.0,171.875,-921.875,398.4375,375.0,-921.875,117.1875,421.875,-875.0,234.375
2217399,-132.8125,773.4375,640.625,-132.8125,-812.5,625.0,179.6875,-921.875,390.625,382.8125,-921.875,117.1875,437.5,-882.8125,234.375
2217399,-132.8125,773.4375,640.625,-132.8125,-812.5,625.0,179.6875,-921.875,390.625,382.8125,-921.875,117.1875,437.5,-882.8125,234.375
2217408,-125.0,773.4375,640.625,-132.8125,-812.5,617.1875,171.875,-921.875,382.8125,382.8125,-937.5,109.375,429.6875,-882.8125,226.5625
2217408,-125.0,773.4375,640.625,-132.8125,-812.5,617.1875,171.875,-921.875,382.8125,382.8125,-937.5,109.375,429.6875,-882.8125,226.5625
2217408,-132.8125,757.8125,640.625,-132.8125,-812.5,609.375,156.25,-921.875,390.625,375.0,-929.6875,117.1875,429.6875,-882.8125,226.5625
2217408,-132.8125,757.8125,640.625,-132.8125,-812.5,609.375,156.25,-921.875,390.625,375.0,-929.6875,117.1875,429.6875,-882.8125,226.5625
2217415,-132.8125,773.4375,640.625,-140.625,-812.5,609.375,171.875,-921.875,390.625,382.8125,-929.6875,117.1875,429.6875,-882.8125,234.375
2217415,-132.8125,773.4375,640.625,-140.625,-812.5,609.375,171.875,-921.875,390.625,382.8125,-929.6875,117.1875,429.6875,-882.8125,234.375
2217480,-125.0,773.4375,632.8125,-132.8125,-812.5,617.1875,164.0625,-921.875,398.4375,382.8125,-921.875,117.1875,429.6875,-882.8125,234.375
2217480,-125.0,773.4375,632.8125,-132.8125,-812.5,617.1875,164.0625,-921.875,398.4375,382.8125,-921.875,117.1875,429.6875,-882.8125,234.375
2217487,-125.0,773.4375,640.625,-125.0,-812.5,625.0,171.875,-921.875,406.25,382.8125,-921.875,117.1875,429.6875,-882.8125,234.375
2217487,-125.0,773.4375,640.625,-125.0,-812.5,625.0,171.875,-921.875,406.25,382.8125,-921.875,117.1875,429.6875,-882.8125,234.375
2217487,-125.0,773.4375,640.625,-125.0,-812.5,617.1875,171.875,-921.875,398.4375,382.8125,-929.6875,117.1875,429.6875,-882.8125,242.1875
2217487,-125.0,773.4375,640.625,-125.0,-812.5,617.1875,171.875,-921.875,398.4375,382.8125,-929.6875,117.1875,429.6875,-882.8125,242.1875
2217496,-125.0,773.4375,632.8125,-132.8125,-812.5,625.0,164.0625,-929.6875,398.4375,375.0,-929.6875,125.0,421.875,-882.8125,234.375
2217496,-125.0,773.4375,632.8125,-132.8125,-812.5,625.0,164.0625,-929.6875,398.4375,375.0,-929.6875,125.0,421.875,-882.8125,234.375
2217641,-125.0,765.625,640.625,-140.625,-812.5,617.1875,171.875,-921.875,398.4375,382.8125,-929.6875,117.1875,429.6875,-875.0,234.375
2217641,-125.0,765.625,640.625,-140.625,-812.5,617.1875,171.875,-921.875,398.4375,382.8125,-929.6875,117.1875,429.6875,-875.0,234.375
2217649,-125.0,765.625,640.625,-132.8125,-804.6875,617.1875,179.6875,-914.0625,398.4375,375.0,-929.6875,117.1875,429.6875,-875.0,234.375
2217649,-125.0,765.625,640.625,-132.8125,-804.6875,617.1875,179.6875,-914.0625,398.4375,375.0,-929.6875,117.1875,429.6875,-875.0,234.375
2217649,-125.0,773.4375,632.8125,-140.625,-812.5,617.1875,171.875,-921.875,390.625,382.8125,-921.875,117.1875,429.6875,-875.0,234.375
2217649,-125.0,773.4375,632.8125,-140.625,-812.5,617.1875,171.875,-921.875,390.625,382.8125,-921.875,117.1875,429.6875,-875.0,234.375
2217657,-125.0,773.4375,640.625,-132.8125,-812.5,617.1875,164.0625,-921.875,390.625,382.8125,-929.6875,125.0,429.6875,-882.8125,234.375
2217657,-125.0,773.4375,640.625,-132.8125,-812.5,617.1875,164.0625,-921.875,390.625,382.8125,-929.6875,125.0,429.6875,-882.8125,234.375
2217803,-125.0,773.4375,640.625,-132.8125,-812.5,625.0,179.6875,-921.875,398.4375,375.0,-921.875,125.0,429.6875,-875.0,234.375
2217803,-125.0,773.4375,640.625,-132.8125,-812.5,625.0,179.6875,-921.875,398.4375,375.0,-921.875,125.0,429.6875,-875.0,234.375
2217811,-125.0,781.25,640.625,-125.0,-804.6875,617.1875,164.0625,-921.875,398.4375,382.8125,-921.875,125.0,437.5,-875.0,234.375
2217811,-125.0,781.25,640.625,-125.0,-804.6875,617.1875,164.0625,-921.875,398.4375,382.8125,-921.875,125.0,437.5,-875.0,234.375
2217811,-125.0,765.625,632.8125,-125.0,-804.6875,625.0,171.875,-914.0625,398.4375,382.8125,-921.875,125.0,429.6875,-875.0,242.1875
2217811,-125.0,765.625,632.8125,-125.0,-804.6875,625.0,171.875,-914.0625,398.4375,382.8125,-921.875,125.0,429.6875,-875.0,242.1875
2217818,-125.0,781.25,640.625,-132.8125,-812.5,609.375,179.6875,-929.6875,398.4375,375.0,-921.875,125.0,429.6875,-875.0,242.1875
2217818,-125.0,781.25,640.625,-132.8125,-812.5,609.375,179.6875,-929.6875,398.4375,375.0,-921.875,125.0,429.6875,-875.0,242.1875
2217964,-125.0,773.4375,640.625,-125.0,-804.6875,625.0,171.875,-921.875,398.4375,390.625,-914.0625,125.0,445.3125,-875.0,234.375
2217964,-125.0,773.4375,640.625,-125.0,-804.6875,625.0,171.875,-921.875,398.4375,390.625,-914.0625,125.0,445.3125,-875.0,234.375
2217972,-117.1875,773.4375,632.8125,-132.8125,-804.6875,617.1875,171.875,-921.875,398.4375,382.8125,-929.6875,125.0,437.5,-875.0,234.375
2217972,-117.1875,773.4375,632.8125,-132.8125,-804.6875,617.1875,171.875,-921.875,398.4375,382.8125,-929.6875,125.0,437.5,-875.0,234.375
2217972,-117.1875,750.0,625.0,-117.1875,-812.5,625.0,179.6875,-914.0625,406.25,382.8125,-914.0625,117.1875,437.5,-882.8125,234.375
2217972,-117.1875,750.0,625.0,-117.1875,-812.5,625.0,179.6875,-914.0625,406.25,382.8125,-914.0625,117.1875,437.5,-882.8125,234.375
2217980,-117.1875,796.875,648.4375,-125.0,-812.5,617.1875,179.6875,-914.0625,406.25,382.8125,-914.0625,109.375,429.6875,-882.8125,234.375
2217980,-117.1875,796.875,648.4375,-125.0,-812.5,617.1875,179.6875,-914.0625,406.25,382.8125,-914.0625,109.375,429.6875,-882.8125,234.375
2218045,-93.75,804.6875,648.4375,-101.5625,-882.8125,671.875,226.5625,-992.1875,437.5,406.25,-953.125,132.8125,484.375,-921.875,257.8125
2218045,-93.75,804.6875,648.4375,-101.5625,-882.8125,671.875,226.5625,-992.1875,437.5,406.25,-953.125,132.8125,484.375,-921.875,257.8125
2218053,-85.9375,804.6875,648.4375,-54.6875,-828.125,750.0,234.375,-953.125,460.9375,437.5,-1000.0,132.8125,476.5625,-921.875,273.4375
2218053,-85.9375,804.6875,648.4375,-54.6875,-828.125,750.0,234.375,-953.125,460.9375,437.5,-1000.0,132.8125,476.5625,-921.875,273.4375
2218053,-93.75,796.875,648.4375,-85.9375,-859.375,750.0,218.75,-968.75,460.9375,437.5,-984.375,140.625,476.5625,-921.875,257.8125
2218053,-93.75,796.875,648.4375,-85.9375,-859.375,750.0,218.75,-968.75,460.9375,437.5,-984.375,140.625,476.5625,-921.875,257.8125
2218061,-101.5625,796.875,664.0625,-93.75,-906.25,726.5625,234.375,-1007.8125,460.9375,445.3125,-984.375,148.4375,476.5625,-937.5,273.4375
2218061,-101.5625,796.875,664.0625,-93.75,-906.25,726.5625,234.375,-1007.8125,460.9375,445.3125,-984.375,148.4375,476.5625,-937.5,273.4375
2218206,468.75,1679.6875,781.25,-78.125,-1023.4375,1023.4375,195.3125,-1281.25,664.0625,562.5,-1257.8125,265.625,531.25,-1187.5,312.5
2218206,468.75,1679.6875,781.25,-78.125,-1023.4375,1023.4375,195.3125,-1281.25,664.0625,562.5,-1257.8125,265.625,531.25,-1187.5,312.5
2218214,468.75,1671.875,843.75,-78.125,-1085.9375,945.3125,148.4375,-1460.9375,679.6875,460.9375,-1148.4375,234.375,531.25,-1281.25,312.5
2218214,468.75,1671.875,843.75,-78.125,-1085.9375,945.3125,148.4375,-1460.9375,679.6875,460.9375,-1148.4375,234.375,531.25,-1281.25,312.5
2218214,562.5,1523.4375,953.125,-179.6875,-1101.5625,859.375,156.25,-1289.0625,570.3125,453.125,-1203.125,203.125,492.1875,-1281.25,265.625
2218214,562.5,1523.4375,953.125,-179.6875,-1101.5625,859.375,156.25,-1289.0625,570.3125,453.125,-1203.125,203.125,492.1875,-1281.25,265.625
2218222,484.375,1515.625,765.625,-218.75,-1085.9375,781.25,85.9375,-1281.25,484.375,421.875,-1226.5625,140.625,468.75,-1226.5625,203.125
2218222,484.375,1515.625,765.625,-218.75,-1085.9375,781.25,85.9375,-1281.25,484.375,421.875,-1226.5625,140.625,468.75,-1226.5625,203.125
2218367,-585.9375,390.625,351.5625,-476.5625,-546.875,210.9375,-515.625,-664.0625,-39.0625,-484.375,-687.5,-406.25,-453.125,-804.6875,-492.1875
2218367,-585.9375,390.625,351.5625,-476.5625,-546.875,210.9375,-515.625,-664.0625,-39.0625,-484.375,-687.5,-406.25,-453.125,-804.6875,-492.1875
2218375,-609.375,414.0625,328.125,-476.5625,-531.25,179.6875,-523.4375,-593.75,-39.0625,-484.375,-656.25,-406.25,-460.9375,-812.5,-445.3125
2218375,-609.375,414.0625,328.125,-476.5625,-531.25,179.6875,-523.4375,-593.75,-39.0625,-484.375,-656.25,-406.25,-460.9375,-812.5,-445.3125
2218375,-578.125,421.875,320.3125,-453.125,-492.1875,179.6875,-531.25,-554.6875,-39.0625,-507.8125,-578.125,-382.8125,-437.5,-765.625,-414.0625
2218375,-578.125,421.875,320.3125,-453.125,-492.1875,179.6875,-531.25,-554.6875,-39.0625,-507.8125,-578.125,-382.8125,-437.5,-765.625,-414.0625
2218383,-531.25,421.875,343.75,-468.75,-460.9375,148.4375,-523.4375,-476.5625,-31.25,-492.1875,-546.875,-398.4375,-398.4375,-695.3125,-359.375
2218383,-531.25,421.875,343.75,-468.75,-460.9375,148.4375,-523.4375,-476.5625,-31.25,-492.1875,-546.875,-398.4375,-398.4375,-695.3125,-359.375
2218529,-421.875,46.875,257.8125,-562.5,-93.75,0.0,-429.6875,-70.3125,39.0625,-359.375,-210.9375,125.0,31.25,-140.625,343.75
2218529,-421.875,46.875,257.8125,-562.5,-93.75,0.0,-429.6875,-70.3125,39.0625,-359.375,-210.9375,125.0,31.25,-140.625,343.75
2218537,-546.875,46.875,273.4375,-531.25,-85.9375,23.4375,-445.3125,-62.5,31.25,-398.4375,-218.75,101.5625,-7.8125,-210.9375,335.9375
2218537,-546.875,46.875,273.4375,-531.25,-85.9375,23.4375,-445.3125,-62.5,31.25,-398.4375,-218.75,101.5625,-7.8125,-210.9375,335.9375
2218537,-468.75,85.9375,296.875,-539.0625,-93.75,39.0625,-414.0625,-70.3125,46.875,-304.6875,-218.75,93.75,-109.375,-140.625,296.875
2218537,-468.75,85.9375,296.875,-539.0625,-93.75,39.0625,-414.0625,-70.3125,46.875,-304.6875,-218.75,93.75,-109.375,-140.625,296.875
2218545,-398.4375,101.5625,296.875,-531.25,-109.375,54.6875,-406.25,-109.375,78.125,-250.0,-289.0625,164.0625,-109.375,-234.375,281.25
2218545,-398.4375,101.5625,296.875,-531.25,-109.375,54.6875,-406.25,-109.375,78.125,-250.0,-289.0625,164.0625,-109.375,-234.375,281.25
2218690,-687.5,687.5,1023.4375,-1242.1875,-632.8125,-54.6875,-1351.5625,-554.6875,-265.625,-1343.75,-796.875,-7.8125,-1375.0,-726.5625,375.0
2218690,-687.5,687.5,1023.4375,-1242.1875,-632.8125,-54.6875,-1351.5625,-554.6875,-265.625,-1343.75,-796.875,-7.8125,-1375.0,-726.5625,375.0
2218698,-750.0,664.0625,1117.1875,-1351.5625,-703.125,-117.1875,-1460.9375,-617.1875,-304.6875,-1421.875,-851.5625,-31.25,-1421.875,-804.6875,382.8125
2218698,-750.0,664.0625,1117.1875,-1351.5625,-703.125,-117.1875,-1460.9375,-617.1875,-304.6875,-1421.875,-851.5625,-31.25,-1421.875,-804.6875,382.8125
2218698,-765.625,648.4375,1203.125,-1468.75,-789.0625,-179.6875,-1570.3125,-671.875,-375.0,-1507.8125,-906.25,-31.25,-1484.375,-835.9375,398.4375
2218698,-765.625,648.4375,1203.125,-1468.75,-789.0625,-179.6875,-1570.3125,-671.875,-375.0,-1507.8125,-906.25,-31.25,-1484.375,-835.9375,398.4375
2218706,-804.6875,609.375,1296.875,-1585.9375,-851.5625,-218.75,-1687.5,-710.9375,-421.875,-1570.3125,-984.375,-46.875,-1531.25,-875.0,414.0625
2218706,-804.6875,609.375,1296.875,-1585.9375,-851.5625,-218.75,-1687.5,-710.9375,-421.875,-1570.3125,-984.375,-46.875,-1531.25,-875.0,414.0625
2218835,-609.375,804.6875,1140.625,-1320.3125,-890.625,-7.8125,-1375.0,-851.5625,-226.5625,-1296.875,-1062.5,-93.75,-1296.875,-1000.0,367.1875
2218835,-609.375,804.6875,1140.625,-1320.3125,-890.625,-7.8125,-1375.0,-851.5625,-226.5625,-1296.875,-1062.5,-93.75,-1296.875,-1000.0,367.1875
2218835,-601.5625,812.5,1093.75,-1257.8125,-843.75,46.875,-1304.6875,-796.875,-226.5625,-1265.625,-992.1875,-85.9375,-1281.25,-945.3125,304.6875
2218835,-601.5625,812.5,1093.75,-1257.8125,-843.75,46.875,-1304.6875,-796.875,-226.5625,-1265.625,-992.1875,-85.9375,-1281.25,-945.3125,304.6875
2218843,-570.3125,796.875,1070.3125,-1226.5625,-812.5,15.625,-1296.875,-765.625,-226.5625,-1257.8125,-960.9375,-85.9375,-1265.625,-906.25,312.5
2218843,-570.3125,796.875,1070.3125,-1226.5625,-812.5,15.625,-1296.875,-765.625,-226.5625,-1257.8125,-960.9375,-85.9375,-1265.625,-906.25,312.5
2218851,-546.875,796.875,1031.25,-1203.125,-789.0625,0.0,-1257.8125,-742.1875,-234.375,-1210.9375,-945.3125,-78.125,-1234.375,-898.4375,312.5
2218851,-546.875,796.875,1031.25,-1203.125,-789.0625,0.0,-1257.8125,-742.1875,-234.375,-1210.9375,-945.3125,-78.125,-1234.375,-898.4375,312.5
2218988,-437.5,320.3125,273.4375,-500.0,-125.0,78.125,-453.125,-148.4375,46.875,-398.4375,-304.6875,140.625,-375.0,-289.0625,242.1875
2218988,-437.5,320.3125,273.4375,-500.0,-125.0,78.125,-453.125,-148.4375,46.875,-398.4375,-304.6875,140.625,-375.0,-289.0625,242.1875
2218996,-414.0625,335.9375,265.625,-484.375,-101.5625,93.75,-437.5,-109.375,54.6875,-390.625,-281.25,140.625,-382.8125,-273.4375,218.75
2218996,-414.0625,335.9375,265.625,-484.375,-101.5625,93.75,-437.5,-109.375,54.6875,-390.625,-281.25,140.625,-382.8125,-273.4375,218.75
2218996,-375.0,359.375,234.375,-460.9375,-70.3125,101.5625,-429.6875,-93.75,62.5,-398.4375,-257.8125,140.625,-382.8125,-242.1875,226.5625
2218996,-375.0,359.375,234.375,-460.9375,-70.3125,101.5625,-429.6875,-93.75,62.5,-398.4375,-257.8125,140.625,-382.8125,-242.1875,226.5625
2219004,-375.0,351.5625,226.5625,-453.125,-54.6875,101.5625,-414.0625,-78.125,70.3125,-375.0,-234.375,140.625,-359.375,-234.375,203.125
2219004,-375.0,351.5625,226.5625,-453.125,-54.6875,101.5625,-414.0625,-78.125,70.3125,-375.0,-234.375,140.625,-359.375,-234.375,203.125
2219149,-281.25,320.3125,-101.5625,-140.625,23.4375,328.125,-54.6875,-109.375,320.3125,101.5625,-234.375,203.125,93.75,-226.5625,195.3125
2219149,-281.25,320.3125,-101.5625,-140.625,23.4375,328.125,-54.6875,-109.375,320.3125,101.5625,-234.375,203.125,93.75,-226.5625,195.3125
2219157,-289.0625,335.9375,-85.9375,-148.4375,23.4375,343.75,-46.875,-109.375,320.3125,85.9375,-250.0,210.9375,93.75,-250.0,210.9375
2219157,-289.0625,335.9375,-85.9375,-148.4375,23.4375,343.75,-46.875,-109.375,320.3125,85.9375,-250.0,210.9375,93.75,-250.0,210.9375
2219157,-296.875,343.75,-85.9375,-148.4375,39.0625,351.5625,-46.875,-101.5625,351.5625,70.3125,-242.1875,218.75,85.9375,-250.0,203.125
2219157,-296.875,343.75,-85.9375,-148.4375,39.0625,351.5625,-46.875,-101.5625,351.5625,70.3125,-242.1875,218.75,85.9375,-250.0,203.125
2219165,-304.6875,390.625,-93.75,-148.4375,46.875,375.0,-62.5,-93.75,343.75,54.6875,-257.8125,203.125,39.0625,-257.8125,218.75
2219165,-304.6875,390.625,-93.75,-148.4375,46.875,375.0,-62.5,-93.75,343.75,54.6875,-257.8125,203.125,39.0625,-257.8125,218.75
2219335,-1101.5625,492.1875,953.125,-1593.75,-375.0,-78.125,-1578.125,-359.375,-39.0625,-1265.625,-859.375,390.625,-1117.1875,-757.8125,718.75
2219335,-1101.5625,492.1875,953.125,-1593.75,-375.0,-78.125,-1578.125,-359.375,-39.0625,-1265.625,-859.375,390.625,-1117.1875,-757.8125,718.75
2219335,-1109.375,546.875,992.1875,-1632.8125,-406.25,-54.6875,-1609.375,-382.8125,-15.625,-1312.5,-898.4375,390.625,-1156.25,-796.875,734.375
2219335,-1109.375,546.875,992.1875,-1632.8125,-406.25,-54.6875,-1609.375,-382.8125,-15.625,-1312.5,-898.4375,390.625,-1156.25,-796.875,734.375
2219343,-1132.8125,593.75,1023.4375,-1664.0625,-445.3125,-31.25,-1632.8125,-437.5,7.8125,-1343.75,-968.75,390.625,-1203.125,-851.5625,742.1875
2219343,-1132.8125,593.75,1023.4375,-1664.0625,-445.3125,-31.25,-1632.8125,-437.5,7.8125,-1343.75,-968.75,390.625,-1203.125,-851.5625,742.1875
2219343,-1140.625,648.4375,1085.9375,-1703.125,-507.8125,-15.625,-1671.875,-500.0,-7.8125,-1375.0,-1015.625,359.375,-1257.8125,-914.0625,750.0
2219343,-1140.625,648.4375,1085.9375,-1703.125,-507.8125,-15.625,-1671.875,-500.0,-7.8125,-1375.0,-1015.625,359.375,-1257.8125,-914.0625,750.0
2219415,-1062.5,843.75,1492.1875,-2148.4375,-960.9375,-101.5625,-2210.9375,-898.4375,-226.5625,-1804.6875,-1437.5,187.5,-1625.0,-1312.5,710.9375
2219415,-1062.5,843.75,1492.1875,-2148.4375,-960.9375,-101.5625,-2210.9375,-898.4375,-226.5625,-1804.6875,-1437.5,187.5,-1625.0,-1312.5,710.9375
2219416,-1039.0625,859.375,1468.75,-2093.75,-945.3125,-78.125,-2156.25,-890.625,-203.125,-1757.8125,-1429.6875,195.3125,-1593.75,-1304.6875,703.125
2219416,-1039.0625,859.375,1468.75,-2093.75,-945.3125,-78.125,-2156.25,-890.625,-203.125,-1757.8125,-1429.6875,195.3125,-1593.75,-1304.6875,703.125
2219424,-1015.625,875.0,1421.875,-2023.4375,-921.875,-54.6875,-2085.9375,-875.0,-187.5,-1718.75,-1390.625,203.125,-1570.3125,-1273.4375,695.3125
2219424,-1015.625,875.0,1421.875,-2023.4375,-921.875,-54.6875,-2085.9375,-875.0,-187.5,-1718.75,-1390.625,203.125,-1570.3125,-1273.4375,695.3125
2219424,-1007.8125,851.5625,1375.0,-1960.9375,-898.4375,-54.6875,-2007.8125,-851.5625,-171.875,-1656.25,-1367.1875,203.125,-1507.8125,-1250.0,687.5
2219424,-1007.8125,851.5625,1375.0,-1960.9375,-898.4375,-54.6875,-2007.8125,-851.5625,-171.875,-1656.25,-1367.1875,203.125,-1507.8125,-1250.0,687.5
2219577,-625.0,515.625,437.5,-835.9375,-187.5,156.25,-828.125,-257.8125,148.4375,-656.25,-578.125,281.25,-609.375,-546.875,460.9375
2219577,-625.0,515.625,437.5,-835.9375,-187.5,156.25,-828.125,-257.8125,148.4375,-656.25,-578.125,281.25,-609.375,-546.875,460.9375
2219577,-625.0,515.625,414.0625,-828.125,-179.6875,179.6875,-804.6875,-250.0,171.875,-640.625,-585.9375,296.875,-585.9375,-546.875,468.75
2219577,-625.0,515.625,414.0625,-828.125,-179.6875,179.6875,-804.6875,-250.0,171.875,-640.625,-585.9375,296.875,-585.9375,-546.875,468.75
2219585,-640.625,523.4375,390.625,-804.6875,-179.6875,203.125,-796.875,-265.625,179.6875,-617.1875,-578.125,312.5,-570.3125,-546.875,468.75
2219585,-640.625,523.4375,390.625,-804.6875,-179.6875,203.125,-796.875,-265.625,179.6875,-617.1875,-578.125,312.5,-570.3125,-546.875,468.75
2219585,-640.625,531.25,375.0,-781.25,-179.6875,218.75,-765.625,-265.625,187.5,-601.5625,-585.9375,289.0625,-554.6875,-539.0625,468.75
2219585,-640.625,531.25,375.0,-781.25,-179.6875,218.75,-765.625,-265.625,187.5,-601.5625,-585.9375,289.0625,-554.6875,-539.0625,468.75
