1071977,140.625,562.5,804.6875,-54.6875,-765.625,671.875,226.5625,-960.9375,265.625,578.125,-812.5,39.0625,632.8125,-750.0,187.5
1071977,140.625,562.5,804.6875,-54.6875,-765.625,671.875,226.5625,-960.9375,265.625,578.125,-812.5,39.0625,632.8125,-750.0,187.5
1071985,140.625,570.3125,804.6875,-46.875,-765.625,679.6875,210.9375,-960.9375,281.25,578.125,-804.6875,39.0625,640.625,-750.0,171.875
1071985,140.625,570.3125,804.6875,-46.875,-765.625,679.6875,210.9375,-960.9375,281.25,578.125,-804.6875,39.0625,640.625,-750.0,171.875
1071985,148.4375,562.5,804.6875,-46.875,-765.625,687.5,210.9375,-953.125,273.4375,578.125,-804.6875,31.25,632.8125,-750.0,171.875
1071985,148.4375,562.5,804.6875,-46.875,-765.625,687.5,210.9375,-953.125,273.4375,578.125,-804.6875,31.25,632.8125,-750.0,171.875
1071993,140.625,570.3125,812.5,-46.875,-765.625,679.6875,203.125,-953.125,257.8125,578.125,-796.875,39.0625,640.625,-734.375,179.6875
1071993,140.625,570.3125,812.5,-46.875,-765.625,679.6875,203.125,-953.125,257.8125,578.125,-796.875,39.0625,640.625,-734.375,179.6875
1072138,125.0,562.5,812.5,-54.6875,-773.4375,671.875,210.9375,-953.125,265.625,578.125,-812.5,39.0625,640.625,-742.1875,179.6875
1072138,125.0,562.5,812.5,-54.6875,-773.4375,671.875,210.9375,-953.125,265.625,578.125,-812.5,39.0625,640.625,-742.1875,179.6875
1072146,140.625,570.3125,804.6875,-46.875,-765.625,671.875,210.9375,-953.125,265.625,578.125,-812.5,39.0625,648.4375,-734.375,179.6875
1072146,140.625,570.3125,804.6875,-46.875,-765.625,671.875,210.9375,-953.125,265.625,578.125,-812.5,39.0625,648.4375,-734.375,179.6875
1072146,132.8125,570.3125,812.5,-54.6875,-765.625,687.5,195.3125,-960.9375,257.8125,578.125,-804.6875,31.25,640.625,-750.0,179.6875
1072146,132.8125,570.3125,812.5,-54.6875,-765.625,687.5,195.3125,-960.9375,257.8125,578.125,-804.6875,31.25,640.625,-750.0,179.6875
1072153,140.625,562.5,820.3125,-62.5,-773.4375,671.875,210.9375,-960.9375,265.625,578.125,-812.5,31.25,640.625,-750.0,179.6875
1072153,140.625,562.5,820.3125,-62.5,-773.4375,671.875,210.9375,-960.9375,265.625,578.125,-812.5,31.25,640.625,-750.0,179.6875
1072219,140.625,570.3125,812.5,-46.875,-757.8125,687.5,210.9375,-953.125,273.4375,578.125,-812.5,31.25,640.625,-742.1875,171.875
1072219,140.625,570.3125,812.5,-46.875,-757.8125,687.5,210.9375,-953.125,273.4375,578.125,-812.5,31.25,640.625,-742.1875,171.875
1072227,132.8125,570.3125,820.3125,-54.6875,-765.625,679.6875,210.9375,-960.9375,273.4375,585.9375,-812.5,39.0625,632.8125,-742.1875,179.6875
1072227,132.8125,570.3125,820.3125,-54.6875,-765.625,679.6875,210.9375,-960.9375,273.4375,585.9375,-812.5,39.0625,632.8125,-742.1875,179.6875
1072227,132.8125,578.125,812.5,-62.5,-765.625,671.875,210.9375,-960.9375,265.625,578.125,-812.5,39.0625,640.625,-750.0,179.6875
1072227,132.8125,578.125,812.5,-62.5,-765.625,671.875,210.9375,-960.9375,265.625,578.125,-812.5,39.0625,640.625,-750.0,179.6875
1072235,132.8125,570.3125,812.5,-54.6875,-765.625,679.6875,210.9375,-953.125,273.4375,578.125,-812.5,46.875,640.625,-750.0,179.6875
1072235,132.8125,570.3125,812.5,-54.6875,-765.625,679.6875,210.9375,-953.125,273.4375,578.125,-812.5,46.875,640.625,-750.0,179.6875
1072381,132.8125,562.5,812.5,-54.6875,-765.625,679.6875,218.75,-953.125,273.4375,578.125,-804.6875,31.25,640.625,-750.0,179.6875
1072381,132.8125,562.5,812.5,-54.6875,-765.625,679.6875,218.75,-953.125,273.4375,578.125,-804.6875,31.25,640.625,-750.0,179.6875
1072388,132.8125,562.5,804.6875,-54.6875,-773.4375,671.875,218.75,-960.9375,273.4375,585.9375,-812.5,31.25,640.625,-742.1875,171.875
1072388,132.8125,562.5,804.6875,-54.6875,-773.4375,671.875,218.75,-960.9375,273.4375,585.9375,-812.5,31.25,640.625,-742.1875,171.875
1072389,132.8125,562.5,804.6875,-46.875,-773.4375,671.875,218.75,-960.9375,273.4375,585.9375,-804.6875,39.0625,640.625,-750.0,171.875
1072389,132.8125,562.5,804.6875,-46.875,-773.4375,671.875,218.75,-960.9375,273.4375,585.9375,-804.6875,39.0625,640.625,-750.0,171.875
1072397,132.8125,554.6875,812.5,-46.875,-765.625,671.875,210.9375,-953.125,265.625,585.9375,-812.5,31.25,640.625,-742.1875,179.6875
1072397,132.8125,554.6875,812.5,-46.875,-765.625,671.875,210.9375,-953.125,265.625,585.9375,-812.5,31.25,640.625,-742.1875,179.6875
1072542,148.4375,578.125,820.3125,-46.875,-757.8125,679.6875,218.75,-953.125,273.4375,578.125,-804.6875,39.0625,640.625,-750.0,179.6875
1072542,148.4375,578.125,820.3125,-46.875,-757.8125,679.6875,218.75,-953.125,273.4375,578.125,-804.6875,39.0625,640.625,-750.0,179.6875
1072550,140.625,562.5,812.5,-54.6875,-765.625,679.6875,210.9375,-945.3125,273.4375,570.3125,-804.6875,31.25,640.625,-750.0,179.6875
1072550,140.625,562.5,812.5,-54.6875,-765.625,679.6875,210.9375,-945.3125,273.4375,570.3125,-804.6875,31.25,640.625,-750.0,179.6875
1072550,140.625,570.3125,812.5,-54.6875,-773.4375,679.6875,210.9375,-960.9375,273.4375,578.125,-812.5,31.25,640.625,-750.0,179.6875
1072550,140.625,570.3125,812.5,-54.6875,-773.4375,679.6875,210.9375,-960.9375,273.4375,578.125,-812.5,31.25,640.625,-750.0,179.6875
1072558,140.625,570.3125,804.6875,-62.5,-765.625,679.6875,203.125,-953.125,265.625,585.9375,-812.5,39.0625,632.8125,-750.0,179.6875
1072558,140.625,570.3125,804.6875,-62.5,-765.625,679.6875,203.125,-953.125,265.625,585.9375,-812.5,39.0625,632.8125,-750.0,179.6875
1072703,156.25,570.3125,820.3125,-46.875,-789.0625,679.6875,218.75,-960.9375,289.0625,585.9375,-804.6875,39.0625,648.4375,-750.0,187.5
1072703,156.25,570.3125,820.3125,-46.875,-789.0625,679.6875,218.75,-960.9375,289.0625,585.9375,-804.6875,39.0625,648.4375,-750.0,187.5
1072711,164.0625,578.125,812.5,-39.0625,-765.625,679.6875,218.75,-976.5625,281.25,593.75,-812.5,39.0625,664.0625,-742.1875,195.3125
1072711,164.0625,578.125,812.5,-39.0625,-765.625,679.6875,218.75,-976.5625,281.25,593.75,-812.5,39.0625,664.0625,-742.1875,195.3125
1072711,179.6875,570.3125,820.3125,-54.6875,-757.8125,679.6875,210.9375,-960.9375,265.625,585.9375,-812.5,46.875,648.4375,-742.1875,187.5
1072711,179.6875,570.3125,820.3125,-54.6875,-757.8125,679.6875,210.9375,-960.9375,265.625,585.9375,-812.5,46.875,648.4375,-742.1875,187.5
1072719,148.4375,570.3125,820.3125,-54.6875,-765.625,679.6875,210.9375,-960.9375,273.4375,578.125,-812.5,46.875,640.625,-750.0,187.5
1072719,148.4375,570.3125,820.3125,-54.6875,-765.625,679.6875,210.9375,-960.9375,273.4375,578.125,-812.5,46.875,640.625,-750.0,187.5
1072864,132.8125,554.6875,812.5,-54.6875,-773.4375,671.875,203.125,-953.125,273.4375,570.3125,-804.6875,23.4375,632.8125,-742.1875,164.0625
1072864,132.8125,554.6875,812.5,-54.6875,-773.4375,671.875,203.125,-953.125,273.4375,570.3125,-804.6875,23.4375,632.8125,-742.1875,164.0625
1072871,140.625,562.5,812.5,-54.6875,-757.8125,671.875,210.9375,-945.3125,265.625,578.125,-796.875,39.0625,632.8125,-742.1875,171.875
1072871,140.625,562.5,812.5,-54.6875,-757.8125,671.875,210.9375,-945.3125,265.625,578.125,-796.875,39.0625,632.8125,-742.1875,171.875
1072871,132.8125,562.5,820.3125,-46.875,-757.8125,679.6875,210.9375,-953.125,265.625,570.3125,-796.875,23.4375,640.625,-742.1875,164.0625
1072871,132.8125,562.5,820.3125,-46.875,-757.8125,679.6875,210.9375,-953.125,265.625,570.3125,-796.875,23.4375,640.625,-742.1875,164.0625
1072880,140.625,562.5,812.5,-46.875,-765.625,679.6875,210.9375,-953.125,265.625,570.3125,-796.875,39.0625,632.8125,-734.375,171.875
1072880,140.625,562.5,812.5,-46.875,-765.625,679.6875,210.9375,-953.125,265.625,570.3125,-796.875,39.0625,632.8125,-734.375,171.875
1072945,132.8125,546.875,812.5,-46.875,-773.4375,687.5,210.9375,-960.9375,273.4375,585.9375,-812.5,46.875,640.625,-742.1875,164.0625
1072945,132.8125,546.875,812.5,-46.875,-773.4375,687.5,210.9375,-960.9375,273.4375,585.9375,-812.5,46.875,640.625,-742.1875,164.0625
1072953,132.8125,554.6875,812.5,-46.875,-757.8125,679.6875,218.75,-953.125,273.4375,585.9375,-812.5,46.875,640.625,-734.375,179.6875
1072953,132.8125,554.6875,812.5,-46.875,-757.8125,679.6875,218.75,-953.125,273.4375,585.9375,-812.5,46.875,640.625,-734.375,179.6875
1072953,132.8125,570.3125,820.3125,-54.6875,-765.625,687.5,203.125,-953.125,273.4375,593.75,-804.6875,39.0625,648.4375,-734.375,171.875
1072953,132.8125,570.3125,820.3125,-54.6875,-765.625,687.5,203.125,-953.125,273.4375,593.75,-804.6875,39.0625,648.4375,-734.375,171.875
1072961,140.625,562.5,820.3125,-54.6875,-765.625,687.5,218.75,-953.125,281.25,585.9375,-804.6875,39.0625,648.4375,-742.1875,171.875
1072961,140.625,562.5,820.3125,-54.6875,-765.625,687.5,218.75,-953.125,281.25,585.9375,-804.6875,39.0625,648.4375,-742.1875,171.875
1073106,132.8125,554.6875,820.3125,-54.6875,-765.625,679.6875,203.125,-953.125,273.4375,585.9375,-804.6875,39.0625,648.4375,-742.1875,179.6875
1073106,132.8125,554.6875,820.3125,-54.6875,-765.625,679.6875,203.125,-953.125,273.4375,585.9375,-804.6875,39.0625,648.4375,-742.1875,179.6875
1073114,132.8125,546.875,820.3125,-46.875,-773.4375,679.6875,210.9375,-960.9375,273.4375,585.9375,-804.6875,46.875,656.25,-742.1875,171.875
1073114,132.8125,546.875,820.3125,-46.875,-773.4375,679.6875,210.9375,-960.9375,273.4375,585.9375,-804.6875,46.875,656.25,-742.1875,171.875
1073114,132.8125,554.6875,812.5,-54.6875,-773.4375,687.5,210.9375,-968.75,273.4375,593.75,-812.5,39.0625,656.25,-742.1875,171.875
1073114,132.8125,554.6875,812.5,-54.6875,-773.4375,687.5,210.9375,-968.75,273.4375,593.75,-812.5,39.0625,656.25,-742.1875,171.875
1073122,132.8125,562.5,820.3125,-46.875,-773.4375,679.6875,218.75,-960.9375,265.625,585.9375,-812.5,31.25,648.4375,-734.375,171.875
1073122,132.8125,562.5,820.3125,-46.875,-773.4375,679.6875,218.75,-960.9375,265.625,585.9375,-812.5,31.25,648.4375,-734.375,171.875
1073267,351.5625,507.8125,875.0,31.25,-843.75,664.0625,351.5625,-968.75,289.0625,750.0,-695.3125,109.375,851.5625,-625.0,250.0
1073267,351.5625,507.8125,875.0,31.25,-843.75,664.0625,351.5625,-968.75,289.0625,750.0,-695.3125,109.375,851.5625,-625.0,250.0
1073275,382.8125,476.5625,906.25,39.0625,-765.625,679.6875,398.4375,-1007.8125,296.875,820.3125,-671.875,101.5625,953.125,-578.125,273.4375
1073275,382.8125,476.5625,906.25,39.0625,-765.625,679.6875,398.4375,-1007.8125,296.875,820.3125,-671.875,101.5625,953.125,-578.125,273.4375
1073275,390.625,484.375,906.25,132.8125,-820.3125,671.875,382.8125,-960.9375,304.6875,789.0625,-773.4375,46.875,914.0625,-640.625,250.0
1073275,390.625,484.375,906.25,132.8125,-820.3125,671.875,382.8125,-960.9375,304.6875,789.0625,-773.4375,46.875,914.0625,-640.625,250.0
1073283,398.4375,492.1875,851.5625,85.9375,-812.5,695.3125,398.4375,-976.5625,273.4375,835.9375,-718.75,140.625,890.625,-640.625,257.8125
1073283,398.4375,492.1875,851.5625,85.9375,-812.5,695.3125,398.4375,-976.5625,273.4375,835.9375,-718.75,140.625,890.625,-640.625,257.8125
1073429,195.3125,671.875,921.875,234.375,-1015.625,1085.9375,492.1875,-1171.875,625.0,828.125,-929.6875,312.5,687.5,-804.6875,218.75
1073429,195.3125,671.875,921.875,234.375,-1015.625,1085.9375,492.1875,-1171.875,625.0,828.125,-929.6875,312.5,687.5,-804.6875,218.75
1073437,179.6875,640.625,890.625,210.9375,-1054.6875,1101.5625,476.5625,-1156.25,648.4375,757.8125,-921.875,281.25,671.875,-843.75,234.375
1073437,179.6875,640.625,890.625,210.9375,-1054.6875,1101.5625,476.5625,-1156.25,648.4375,757.8125,-921.875,281.25,671.875,-843.75,234.375
1073437,109.375,640.625,882.8125,210.9375,-1000.0,1117.1875,453.125,-1125.0,656.25,742.1875,-937.5,289.0625,671.875,-914.0625,281.25
1073437,109.375,640.625,882.8125,210.9375,-1000.0,1117.1875,453.125,-1125.0,656.25,742.1875,-937.5,289.0625,671.875,-914.0625,281.25
1073445,93.75,664.0625,882.8125,218.75,-1007.8125,1125.0,421.875,-1117.1875,640.625,742.1875,-1015.625,289.0625,679.6875,-976.5625,351.5625
1073445,93.75,664.0625,882.8125,218.75,-1007.8125,1125.0,421.875,-1117.1875,640.625,742.1875,-1015.625,289.0625,679.6875,-976.5625,351.5625
1073590,-421.875,453.125,515.625,-328.125,-656.25,367.1875,-125.0,-781.25,218.75,148.4375,-851.5625,31.25,218.75,-835.9375,187.5
1073590,-421.875,453.125,515.625,-328.125,-656.25,367.1875,-125.0,-781.25,218.75,148.4375,-851.5625,31.25,218.75,-835.9375,187.5
1073598,-445.3125,390.625,492.1875,-359.375,-718.75,359.375,-140.625,-804.6875,242.1875,140.625,-875.0,39.0625,195.3125,-851.5625,203.125
1073598,-445.3125,390.625,492.1875,-359.375,-718.75,359.375,-140.625,-804.6875,242.1875,140.625,-875.0,39.0625,195.3125,-851.5625,203.125
1073598,-484.375,359.375,468.75,-382.8125,-726.5625,367.1875,-148.4375,-843.75,257.8125,140.625,-898.4375,62.5,171.875,-914.0625,234.375
1073598,-484.375,359.375,468.75,-382.8125,-726.5625,367.1875,-148.4375,-843.75,257.8125,140.625,-898.4375,62.5,171.875,-914.0625,234.375
1073606,-531.25,351.5625,429.6875,-375.0,-734.375,390.625,-164.0625,-859.375,281.25,132.8125,-945.3125,85.9375,171.875,-976.5625,289.0625
1073606,-531.25,351.5625,429.6875,-375.0,-734.375,390.625,-164.0625,-859.375,281.25,132.8125,-945.3125,85.9375,171.875,-976.5625,289.0625
1073751,-914.0625,156.25,187.5,-617.1875,-429.6875,250.0,-531.25,-531.25,179.6875,-312.5,-734.375,-15.625,-335.9375,-718.75,117.1875
1073751,-914.0625,156.25,187.5,-617.1875,-429.6875,250.0,-531.25,-531.25,179.6875,-312.5,-734.375,-15.625,-335.9375,-718.75,117.1875
1073759,-812.5,257.8125,257.8125,-648.4375,-414.0625,203.125,-539.0625,-476.5625,171.875,-335.9375,-671.875,-15.625,-335.9375,-656.25,109.375
1073759,-812.5,257.8125,257.8125,-648.4375,-414.0625,203.125,-539.0625,-476.5625,171.875,-335.9375,-671.875,-15.625,-335.9375,-656.25,109.375
1073759,-734.375,328.125,312.5,-671.875,-367.1875,164.0625,-554.6875,-421.875,148.4375,-335.9375,-617.1875,0.0,-335.9375,-617.1875,93.75
1073759,-734.375,328.125,312.5,-671.875,-367.1875,164.0625,-554.6875,-421.875,148.4375,-335.9375,-617.1875,0.0,-335.9375,-617.1875,93.75
1073768,-718.75,320.3125,343.75,-703.125,-328.125,132.8125,-578.125,-382.8125,156.25,-359.375,-578.125,7.8125,-343.75,-570.3125,78.125
1073768,-718.75,320.3125,343.75,-703.125,-328.125,132.8125,-578.125,-382.8125,156.25,-359.375,-578.125,7.8125,-343.75,-570.3125,78.125
1073913,-609.375,234.375,632.8125,-804.6875,117.1875,85.9375,-679.6875,-367.1875,78.125,-1070.3125,-562.5,-132.8125,-718.75,-406.25,359.375
1073913,-609.375,234.375,632.8125,-804.6875,117.1875,85.9375,-679.6875,-367.1875,78.125,-1070.3125,-562.5,-132.8125,-718.75,-406.25,359.375
1073920,-890.625,203.125,781.25,-859.375,-546.875,-179.6875,-335.9375,-414.0625,343.75,-890.625,-835.9375,-117.1875,-750.0,-554.6875,695.3125
1073920,-890.625,203.125,781.25,-859.375,-546.875,-179.6875,-335.9375,-414.0625,343.75,-890.625,-835.9375,-117.1875,-750.0,-554.6875,695.3125
1073921,-515.625,226.5625,765.625,-890.625,-656.25,-148.4375,-585.9375,-671.875,414.0625,-789.0625,-898.4375,125.0,-609.375,-687.5,898.4375
1073921,-515.625,226.5625,765.625,-890.625,-656.25,-148.4375,-585.9375,-671.875,414.0625,-789.0625,-898.4375,125.0,-609.375,-687.5,898.4375
1073929,-375.0,46.875,687.5,-1101.5625,-625.0,-242.1875,-976.5625,-585.9375,234.375,-679.6875,-968.75,226.5625,-546.875,-640.625,953.125
1073929,-375.0,46.875,687.5,-1101.5625,-625.0,-242.1875,-976.5625,-585.9375,234.375,-679.6875,-968.75,226.5625,-546.875,-640.625,953.125
1074090,-828.125,-562.5,367.1875,-953.125,-445.3125,15.625,-898.4375,-414.0625,132.8125,-757.8125,-554.6875,210.9375,-734.375,-343.75,445.3125
1074090,-828.125,-562.5,367.1875,-953.125,-445.3125,15.625,-898.4375,-414.0625,132.8125,-757.8125,-554.6875,210.9375,-734.375,-343.75,445.3125
1074098,-789.0625,-570.3125,351.5625,-914.0625,-429.6875,62.5,-867.1875,-398.4375,132.8125,-765.625,-539.0625,210.9375,-765.625,-343.75,429.6875
1074098,-789.0625,-570.3125,351.5625,-914.0625,-429.6875,62.5,-867.1875,-398.4375,132.8125,-765.625,-539.0625,210.9375,-765.625,-343.75,429.6875
1074098,-781.25,-554.6875,328.125,-929.6875,-445.3125,70.3125,-843.75,-414.0625,148.4375,-781.25,-546.875,210.9375,-796.875,-343.75,445.3125
1074098,-781.25,-554.6875,328.125,-929.6875,-445.3125,70.3125,-843.75,-414.0625,148.4375,-781.25,-546.875,210.9375,-796.875,-343.75,445.3125
1074106,-796.875,-523.4375,351.5625,-898.4375,-429.6875,62.5,-867.1875,-398.4375,148.4375,-796.875,-539.0625,226.5625,-828.125,-312.5,445.3125
1074106,-796.875,-523.4375,351.5625,-898.4375,-429.6875,62.5,-867.1875,-398.4375,148.4375,-796.875,-539.0625,226.5625,-828.125,-312.5,445.3125
1074251,-656.25,-54.6875,820.3125,-968.75,-460.9375,-304.6875,-929.6875,-328.125,-54.6875,-921.875,-453.125,148.4375,-945.3125,-273.4375,343.75
1074251,-656.25,-54.6875,820.3125,-968.75,-460.9375,-304.6875,-929.6875,-328.125,-54.6875,-921.875,-453.125,148.4375,-945.3125,-273.4375,343.75
1074259,-203.125,-164.0625,703.125,-937.5,-406.25,-289.0625,-1031.25,-195.3125,-140.625,-914.0625,-429.6875,148.4375,-929.6875,-242.1875,343.75
1074259,-203.125,-164.0625,703.125,-937.5,-406.25,-289.0625,-1031.25,-195.3125,-140.625,-914.0625,-429.6875,148.4375,-929.6875,-242.1875,343.75
1074259,-234.375,-164.0625,742.1875,-1023.4375,-382.8125,-296.875,-1054.6875,-273.4375,-148.4375,-898.4375,-429.6875,132.8125,-921.875,-250.0,320.3125
1074259,-234.375,-164.0625,742.1875,-1023.4375,-382.8125,-296.875,-1054.6875,-273.4375,-148.4375,-898.4375,-429.6875,132.8125,-921.875,-250.0,320.3125
1074267,-453.125,-109.375,765.625,-1007.8125,-382.8125,-320.3125,-1046.875,-281.25,-117.1875,-882.8125,-421.875,132.8125,-867.1875,-242.1875,320.3125
1074267,-453.125,-109.375,765.625,-1007.8125,-382.8125,-320.3125,-1046.875,-281.25,-117.1875,-882.8125,-421.875,132.8125,-867.1875,-242.1875,320.3125
1074396,-875.0,-1250.0,0.0,-976.5625,-531.25,-62.5,-898.4375,-437.5,93.75,-859.375,-539.0625,164.0625,-875.0,-335.9375,390.625
1074396,-875.0,-1250.0,0.0,-976.5625,-531.25,-62.5,-898.4375,-437.5,93.75,-859.375,-539.0625,164.0625,-875.0,-335.9375,390.625
1074396,-921.875,-1328.125,62.5,-875.0,-523.4375,-39.0625,-875.0,-445.3125,78.125,-843.75,-531.25,140.625,-890.625,-312.5,390.625
1074396,-921.875,-1328.125,62.5,-875.0,-523.4375,-39.0625,-875.0,-445.3125,78.125,-843.75,-531.25,140.625,-890.625,-312.5,390.625
1074404,-890.625,-1242.1875,93.75,-843.75,-523.4375,15.625,-835.9375,-437.5,93.75,-851.5625,-546.875,125.0,-882.8125,-335.9375,359.375
1074404,-890.625,-1242.1875,93.75,-843.75,-523.4375,15.625,-835.9375,-437.5,93.75,-851.5625,-546.875,125.0,-882.8125,-335.9375,359.375
1074404,-843.75,-1101.5625,117.1875,-820.3125,-492.1875,0.0,-804.6875,-437.5,109.375,-828.125,-531.25,117.1875,-898.4375,-351.5625,328.125
1074404,-843.75,-1101.5625,117.1875,-820.3125,-492.1875,0.0,-804.6875,-437.5,109.375,-828.125,-531.25,117.1875,-898.4375,-351.5625,328.125
1074557,-773.4375,7.8125,687.5,-828.125,-382.8125,-218.75,-921.875,-359.375,-85.9375,-968.75,-468.75,46.875,-1007.8125,-296.875,289.0625
1074557,-773.4375,7.8125,687.5,-828.125,-382.8125,-218.75,-921.875,-359.375,-85.9375,-968.75,-468.75,46.875,-1007.8125,-296.875,289.0625
1074557,-656.25,78.125,765.625,-851.5625,-437.5,-257.8125,-851.5625,-359.375,-62.5,-921.875,-445.3125,54.6875,-984.375,-289.0625,257.8125
1074557,-656.25,78.125,765.625,-851.5625,-437.5,-257.8125,-851.5625,-359.375,-62.5,-921.875,-445.3125,54.6875,-984.375,-289.0625,257.8125
1074565,-578.125,85.9375,812.5,-906.25,-445.3125,-281.25,-843.75,-328.125,-46.875,-882.8125,-421.875,70.3125,-953.125,-265.625,250.0
1074565,-578.125,85.9375,812.5,-906.25,-445.3125,-281.25,-843.75,-328.125,-46.875,-882.8125,-421.875,70.3125,-953.125,-265.625,250.0
1074565,-539.0625,62.5,843.75,-937.5,-421.875,-296.875,-882.8125,-296.875,-54.6875,-851.5625,-414.0625,78.125,-914.0625,-273.4375,242.1875
1074565,-539.0625,62.5,843.75,-937.5,-421.875,-296.875,-882.8125,-296.875,-54.6875,-851.5625,-414.0625,78.125,-914.0625,-273.4375,242.1875
1074719,-820.3125,-835.9375,125.0,-828.125,-421.875,-46.875,-890.625,-398.4375,15.625,-929.6875,-460.9375,62.5,-968.75,-273.4375,273.4375
1074719,-820.3125,-835.9375,125.0,-828.125,-421.875,-46.875,-890.625,-398.4375,15.625,-929.6875,-460.9375,62.5,-968.75,-273.4375,273.4375
1074719,-695.3125,-554.6875,320.3125,-789.0625,-351.5625,62.5,-867.1875,-296.875,39.0625,-906.25,-390.625,78.125,-914.0625,-218.75,250.0
1074719,-695.3125,-554.6875,320.3125,-789.0625,-351.5625,62.5,-867.1875,-296.875,39.0625,-906.25,-390.625,78.125,-914.0625,-218.75,250.0
1074727,-562.5,-343.75,460.9375,-882.8125,-273.4375,31.25,-890.625,-234.375,39.0625,-898.4375,-359.375,101.5625,-882.8125,-179.6875,250.0
1074727,-562.5,-343.75,460.9375,-882.8125,-273.4375,31.25,-890.625,-234.375,39.0625,-898.4375,-359.375,101.5625,-882.8125,-179.6875,250.0
1074727,-484.375,-281.25,523.4375,-914.0625,-250.0,70.3125,-937.5,-179.6875,46.875,-906.25,-328.125,132.8125,-875.0,-148.4375,250.0
1074727,-484.375,-281.25,523.4375,-914.0625,-250.0,70.3125,-937.5,-179.6875,46.875,-906.25,-328.125,132.8125,-875.0,-148.4375,250.0
1074880,-585.9375,78.125,765.625,-906.25,-226.5625,-148.4375,-906.25,-226.5625,-54.6875,-960.9375,-320.3125,62.5,-937.5,-171.875,187.5
1074880,-585.9375,78.125,765.625,-906.25,-226.5625,-148.4375,-906.25,-226.5625,-54.6875,-960.9375,-320.3125,62.5,-937.5,-171.875,187.5
1074880,-625.0,304.6875,710.9375,-968.75,-375.0,-289.0625,-960.9375,-242.1875,-46.875,-890.625,-320.3125,117.1875,-882.8125,-156.25,250.0
1074880,-625.0,304.6875,710.9375,-968.75,-375.0,-289.0625,-960.9375,-242.1875,-46.875,-890.625,-320.3125,117.1875,-882.8125,-156.25,250.0
1074888,-601.5625,312.5,648.4375,-1085.9375,-375.0,-367.1875,-945.3125,-234.375,-62.5,-835.9375,-304.6875,140.625,-828.125,-140.625,289.0625
1074888,-601.5625,312.5,648.4375,-1085.9375,-375.0,-367.1875,-945.3125,-234.375,-62.5,-835.9375,-304.6875,140.625,-828.125,-140.625,289.0625
1074888,-546.875,250.0,570.3125,-1140.625,-398.4375,-468.75,-976.5625,-257.8125,-101.5625,-820.3125,-328.125,132.8125,-812.5,-156.25,281.25
1074888,-546.875,250.0,570.3125,-1140.625,-398.4375,-468.75,-976.5625,-257.8125,-101.5625,-820.3125,-328.125,132.8125,-812.5,-156.25,281.25
1075041,-640.625,-406.25,421.875,-890.625,-382.8125,-70.3125,-968.75,-312.5,-46.875,-1015.625,-382.8125,23.4375,-1054.6875,-203.125,210.9375
1075041,-640.625,-406.25,421.875,-890.625,-382.8125,-70.3125,-968.75,-312.5,-46.875,-1015.625,-382.8125,23.4375,-1054.6875,-203.125,210.9375
1075041,-664.0625,-453.125,421.875,-906.25,-398.4375,-85.9375,-960.9375,-312.5,-39.0625,-1000.0,-382.8125,23.4375,-1031.25,-203.125,210.9375
1075041,-664.0625,-453.125,421.875,-906.25,-398.4375,-85.9375,-960.9375,-312.5,-39.0625,-1000.0,-382.8125,23.4375,-1031.25,-203.125,210.9375
1075049,-679.6875,-500.0,429.6875,-914.0625,-390.625,-93.75,-976.5625,-312.5,-46.875,-968.75,-390.625,46.875,-1000.0,-210.9375,218.75
1075049,-679.6875,-500.0,429.6875,-914.0625,-390.625,-93.75,-976.5625,-312.5,-46.875,-968.75,-390.625,46.875,-1000.0,-210.9375,218.75
1075049,-695.3125,-531.25,398.4375,-953.125,-382.8125,-93.75,-984.375,-312.5,-31.25,-953.125,-398.4375,46.875,-953.125,-210.9375,226.5625
1075049,-695.3125,-531.25,398.4375,-953.125,-382.8125,-93.75,-984.375,-312.5,-31.25,-953.125,-398.4375,46.875,-953.125,-210.9375,226.5625
