1090040,117.1875,539.0625,828.125,-70.3125,-789.0625,656.25,195.3125,-968.75,234.375,554.6875,-820.3125,-70.3125,601.5625,-796.875,70.3125
1090040,117.1875,539.0625,828.125,-70.3125,-789.0625,656.25,195.3125,-968.75,234.375,554.6875,-820.3125,-70.3125,601.5625,-796.875,70.3125
1090048,109.375,531.25,828.125,-85.9375,-789.0625,656.25,187.5,-968.75,234.375,554.6875,-812.5,-70.3125,601.5625,-804.6875,62.5
1090048,109.375,531.25,828.125,-85.9375,-789.0625,656.25,187.5,-968.75,234.375,554.6875,-812.5,-70.3125,601.5625,-804.6875,62.5
1090048,117.1875,539.0625,820.3125,-85.9375,-789.0625,640.625,179.6875,-968.75,226.5625,554.6875,-812.5,-70.3125,593.75,-789.0625,70.3125
1090048,117.1875,539.0625,820.3125,-85.9375,-789.0625,640.625,179.6875,-968.75,226.5625,554.6875,-812.5,-70.3125,593.75,-789.0625,70.3125
1090056,109.375,539.0625,828.125,-85.9375,-789.0625,648.4375,195.3125,-968.75,234.375,562.5,-820.3125,-62.5,609.375,-796.875,78.125
1090056,109.375,539.0625,828.125,-85.9375,-789.0625,648.4375,195.3125,-968.75,234.375,562.5,-820.3125,-62.5,609.375,-796.875,78.125
1090201,109.375,539.0625,828.125,-85.9375,-789.0625,648.4375,179.6875,-976.5625,218.75,554.6875,-820.3125,-70.3125,585.9375,-796.875,70.3125
1090201,109.375,539.0625,828.125,-85.9375,-789.0625,648.4375,179.6875,-976.5625,218.75,554.6875,-820.3125,-70.3125,585.9375,-796.875,70.3125
1090209,109.375,539.0625,828.125,-85.9375,-789.0625,640.625,187.5,-976.5625,226.5625,554.6875,-812.5,-78.125,593.75,-796.875,62.5
1090209,109.375,539.0625,828.125,-85.9375,-789.0625,640.625,187.5,-976.5625,226.5625,554.6875,-812.5,-78.125,593.75,-796.875,62.5
1090209,117.1875,539.0625,828.125,-85.9375,-781.25,648.4375,187.5,-960.9375,218.75,554.6875,-820.3125,-70.3125,593.75,-796.875,70.3125
1090209,117.1875,539.0625,828.125,-85.9375,-781.25,648.4375,187.5,-960.9375,218.75,554.6875,-820.3125,-70.3125,593.75,-796.875,70.3125
1090217,109.375,546.875,820.3125,-85.9375,-781.25,648.4375,179.6875,-968.75,226.5625,554.6875,-820.3125,-70.3125,593.75,-789.0625,70.3125
1090217,109.375,546.875,820.3125,-85.9375,-781.25,648.4375,179.6875,-968.75,226.5625,554.6875,-820.3125,-70.3125,593.75,-789.0625,70.3125
1090362,117.1875,546.875,828.125,-85.9375,-789.0625,656.25,187.5,-968.75,226.5625,562.5,-828.125,-70.3125,593.75,-796.875,78.125
1090362,117.1875,546.875,828.125,-85.9375,-789.0625,656.25,187.5,-968.75,226.5625,562.5,-828.125,-70.3125,593.75,-796.875,78.125
1090369,117.1875,554.6875,835.9375,-85.9375,-789.0625,648.4375,171.875,-968.75,234.375,554.6875,-828.125,-62.5,601.5625,-796.875,70.3125
1090369,117.1875,554.6875,835.9375,-85.9375,-789.0625,648.4375,171.875,-968.75,234.375,554.6875,-828.125,-62.5,601.5625,-796.875,70.3125
1090369,109.375,546.875,828.125,-85.9375,-789.0625,656.25,171.875,-976.5625,226.5625,562.5,-828.125,-70.3125,601.5625,-796.875,78.125
1090369,109.375,546.875,828.125,-85.9375,-789.0625,656.25,171.875,-976.5625,226.5625,562.5,-828.125,-70.3125,601.5625,-796.875,78.125
1090378,117.1875,546.875,828.125,-85.9375,-789.0625,648.4375,187.5,-976.5625,226.5625,562.5,-820.3125,-62.5,585.9375,-796.875,70.3125
1090378,117.1875,546.875,828.125,-85.9375,-789.0625,648.4375,187.5,-976.5625,226.5625,562.5,-820.3125,-62.5,585.9375,-796.875,70.3125
1090523,109.375,539.0625,828.125,-93.75,-789.0625,648.4375,179.6875,-976.5625,226.5625,562.5,-820.3125,-62.5,601.5625,-796.875,78.125
1090523,109.375,539.0625,828.125,-93.75,-789.0625,648.4375,179.6875,-976.5625,226.5625,562.5,-820.3125,-62.5,601.5625,-796.875,78.125
1090523,109.375,539.0625,820.3125,-85.9375,-789.0625,640.625,187.5,-976.5625,226.5625,554.6875,-828.125,-70.3125,601.5625,-804.6875,78.125
1090523,109.375,539.0625,820.3125,-85.9375,-789.0625,640.625,187.5,-976.5625,226.5625,554.6875,-828.125,-70.3125,601.5625,-804.6875,78.125
1090531,109.375,539.0625,828.125,-93.75,-789.0625,648.4375,179.6875,-976.5625,226.5625,562.5,-828.125,-70.3125,609.375,-812.5,78.125
1090531,109.375,539.0625,828.125,-93.75,-789.0625,648.4375,179.6875,-976.5625,226.5625,562.5,-828.125,-70.3125,609.375,-812.5,78.125
1090532,109.375,546.875,820.3125,-93.75,-789.0625,648.4375,179.6875,-976.5625,226.5625,562.5,-820.3125,-70.3125,601.5625,-804.6875,70.3125
1090532,109.375,546.875,820.3125,-93.75,-789.0625,648.4375,179.6875,-976.5625,226.5625,562.5,-820.3125,-70.3125,601.5625,-804.6875,70.3125
1090684,117.1875,562.5,835.9375,-93.75,-789.0625,671.875,187.5,-976.5625,234.375,562.5,-828.125,-70.3125,601.5625,-812.5,85.9375
1090684,117.1875,562.5,835.9375,-93.75,-789.0625,671.875,187.5,-976.5625,234.375,562.5,-828.125,-70.3125,601.5625,-812.5,85.9375
1090685,109.375,554.6875,828.125,-85.9375,-796.875,664.0625,187.5,-976.5625,242.1875,562.5,-820.3125,-54.6875,609.375,-796.875,85.9375
1090685,109.375,554.6875,828.125,-85.9375,-796.875,664.0625,187.5,-976.5625,242.1875,562.5,-820.3125,-54.6875,609.375,-796.875,85.9375
1090693,117.1875,546.875,835.9375,-85.9375,-796.875,656.25,179.6875,-976.5625,242.1875,562.5,-828.125,-70.3125,601.5625,-796.875,78.125
1090693,117.1875,546.875,835.9375,-85.9375,-796.875,656.25,179.6875,-976.5625,242.1875,562.5,-828.125,-70.3125,601.5625,-796.875,78.125
1090693,109.375,539.0625,835.9375,-93.75,-789.0625,664.0625,187.5,-984.375,234.375,562.5,-828.125,-62.5,601.5625,-812.5,85.9375
1090693,109.375,539.0625,835.9375,-93.75,-789.0625,664.0625,187.5,-984.375,234.375,562.5,-828.125,-62.5,601.5625,-812.5,85.9375
1090846,109.375,562.5,812.5,-109.375,-781.25,656.25,171.875,-976.5625,242.1875,554.6875,-820.3125,-54.6875,593.75,-796.875,93.75
1090846,109.375,562.5,812.5,-109.375,-781.25,656.25,171.875,-976.5625,242.1875,554.6875,-820.3125,-54.6875,593.75,-796.875,93.75
1090846,101.5625,554.6875,820.3125,-101.5625,-781.25,656.25,164.0625,-976.5625,242.1875,554.6875,-820.3125,-46.875,585.9375,-796.875,93.75
1090846,101.5625,554.6875,820.3125,-101.5625,-781.25,656.25,164.0625,-976.5625,242.1875,554.6875,-820.3125,-46.875,585.9375,-796.875,93.75
1090854,101.5625,554.6875,812.5,-93.75,-781.25,656.25,171.875,-976.5625,242.1875,562.5,-828.125,-54.6875,593.75,-796.875,78.125
1090854,101.5625,554.6875,812.5,-93.75,-781.25,656.25,171.875,-976.5625,242.1875,562.5,-828.125,-54.6875,593.75,-796.875,78.125
1090854,101.5625,546.875,812.5,-93.75,-781.25,656.25,179.6875,-968.75,242.1875,554.6875,-820.3125,-54.6875,585.9375,-796.875,78.125
1090854,101.5625,546.875,812.5,-93.75,-781.25,656.25,179.6875,-968.75,242.1875,554.6875,-820.3125,-54.6875,585.9375,-796.875,78.125
1091007,109.375,570.3125,820.3125,-101.5625,-781.25,656.25,179.6875,-968.75,250.0,562.5,-835.9375,-39.0625,609.375,-789.0625,93.75
1091007,109.375,570.3125,820.3125,-101.5625,-781.25,656.25,179.6875,-968.75,250.0,562.5,-835.9375,-39.0625,609.375,-789.0625,93.75
1091007,109.375,562.5,820.3125,-101.5625,-789.0625,671.875,171.875,-976.5625,250.0,562.5,-828.125,-31.25,601.5625,-820.3125,101.5625
1091007,109.375,562.5,820.3125,-101.5625,-789.0625,671.875,171.875,-976.5625,250.0,562.5,-828.125,-31.25,601.5625,-820.3125,101.5625
1091015,109.375,562.5,820.3125,-101.5625,-781.25,664.0625,171.875,-976.5625,250.0,554.6875,-828.125,-39.0625,601.5625,-812.5,93.75
1091015,109.375,562.5,820.3125,-101.5625,-781.25,664.0625,171.875,-976.5625,250.0,554.6875,-828.125,-39.0625,601.5625,-812.5,93.75
1091015,117.1875,562.5,835.9375,-101.5625,-781.25,664.0625,171.875,-976.5625,257.8125,554.6875,-835.9375,-39.0625,601.5625,-804.6875,101.5625
1091015,117.1875,562.5,835.9375,-101.5625,-781.25,664.0625,171.875,-976.5625,257.8125,554.6875,-835.9375,-39.0625,601.5625,-804.6875,101.5625
1091168,140.625,578.125,812.5,-93.75,-781.25,687.5,187.5,-984.375,289.0625,570.3125,-828.125,-7.8125,640.625,-804.6875,140.625
1091168,140.625,578.125,812.5,-93.75,-781.25,687.5,187.5,-984.375,289.0625,570.3125,-828.125,-7.8125,640.625,-804.6875,140.625
1091168,156.25,578.125,828.125,-93.75,-773.4375,687.5,187.5,-984.375,281.25,601.5625,-828.125,-7.8125,648.4375,-796.875,140.625
1091168,156.25,578.125,828.125,-93.75,-773.4375,687.5,187.5,-984.375,281.25,601.5625,-828.125,-7.8125,648.4375,-796.875,140.625
1091176,179.6875,562.5,835.9375,-78.125,-750.0,679.6875,195.3125,-968.75,265.625,593.75,-820.3125,-23.4375,679.6875,-789.0625,140.625
1091176,179.6875,562.5,835.9375,-78.125,-750.0,679.6875,195.3125,-968.75,265.625,593.75,-820.3125,-23.4375,679.6875,-789.0625,140.625
1091176,179.6875,562.5,835.9375,-78.125,-781.25,687.5,226.5625,-968.75,281.25,609.375,-804.6875,-23.4375,664.0625,-773.4375,125.0
1091176,179.6875,562.5,835.9375,-78.125,-781.25,687.5,226.5625,-968.75,281.25,609.375,-804.6875,-23.4375,664.0625,-773.4375,125.0
1091330,78.125,773.4375,898.4375,62.5,-804.6875,1125.0,289.0625,-1328.125,664.0625,804.6875,-984.375,187.5,679.6875,-859.375,312.5
1091330,78.125,773.4375,898.4375,62.5,-804.6875,1125.0,289.0625,-1328.125,664.0625,804.6875,-984.375,187.5,679.6875,-859.375,312.5
1091330,15.625,703.125,882.8125,39.0625,-828.125,1117.1875,312.5,-1328.125,703.125,773.4375,-968.75,250.0,703.125,-906.25,304.6875
1091330,15.625,703.125,882.8125,39.0625,-828.125,1117.1875,312.5,-1328.125,703.125,773.4375,-968.75,250.0,703.125,-906.25,304.6875
1091338,-7.8125,640.625,859.375,23.4375,-859.375,1109.375,328.125,-1273.4375,671.875,734.375,-960.9375,320.3125,710.9375,-960.9375,351.5625
1091338,-7.8125,640.625,859.375,23.4375,-859.375,1109.375,328.125,-1273.4375,671.875,734.375,-960.9375,320.3125,710.9375,-960.9375,351.5625
1091338,-15.625,601.5625,867.1875,23.4375,-859.375,1101.5625,132.8125,-1250.0,632.8125,765.625,-1015.625,343.75,710.9375,-968.75,382.8125
1091338,-15.625,601.5625,867.1875,23.4375,-859.375,1101.5625,132.8125,-1250.0,632.8125,765.625,-1015.625,343.75,710.9375,-968.75,382.8125
1091491,-390.625,609.375,617.1875,-281.25,-703.125,617.1875,-54.6875,-1023.4375,273.4375,304.6875,-1039.0625,78.125,289.0625,-1093.75,257.8125
1091491,-390.625,609.375,617.1875,-281.25,-703.125,617.1875,-54.6875,-1023.4375,273.4375,304.6875,-1039.0625,78.125,289.0625,-1093.75,257.8125
1091491,-367.1875,656.25,640.625,-289.0625,-687.5,617.1875,-54.6875,-1023.4375,281.25,304.6875,-1046.875,85.9375,289.0625,-1101.5625,281.25
1091491,-367.1875,656.25,640.625,-289.0625,-687.5,617.1875,-54.6875,-1023.4375,281.25,304.6875,-1046.875,85.9375,289.0625,-1101.5625,281.25
1091499,-390.625,703.125,656.25,-281.25,-664.0625,593.75,-70.3125,-1023.4375,281.25,289.0625,-1039.0625,101.5625,281.25,-1070.3125,281.25
1091499,-390.625,703.125,656.25,-281.25,-664.0625,593.75,-70.3125,-1023.4375,281.25,289.0625,-1039.0625,101.5625,281.25,-1070.3125,281.25
1091499,-414.0625,734.375,664.0625,-289.0625,-664.0625,585.9375,-78.125,-1000.0,281.25,273.4375,-1023.4375,93.75,273.4375,-1031.25,296.875
1091499,-414.0625,734.375,664.0625,-289.0625,-664.0625,585.9375,-78.125,-1000.0,281.25,273.4375,-1023.4375,93.75,273.4375,-1031.25,296.875
1091572,-632.8125,320.3125,289.0625,-367.1875,-578.125,351.5625,-187.5,-718.75,203.125,54.6875,-796.875,7.8125,78.125,-890.625,187.5
1091572,-632.8125,320.3125,289.0625,-367.1875,-578.125,351.5625,-187.5,-718.75,203.125,54.6875,-796.875,7.8125,78.125,-890.625,187.5
1091572,-648.4375,289.0625,273.4375,-382.8125,-593.75,343.75,-195.3125,-695.3125,210.9375,46.875,-789.0625,23.4375,70.3125,-875.0,203.125
1091572,-648.4375,289.0625,273.4375,-382.8125,-593.75,343.75,-195.3125,-695.3125,210.9375,46.875,-789.0625,23.4375,70.3125,-875.0,203.125
1091580,-640.625,304.6875,281.25,-414.0625,-617.1875,335.9375,-218.75,-671.875,210.9375,31.25,-789.0625,31.25,62.5,-835.9375,218.75
1091580,-640.625,304.6875,281.25,-414.0625,-617.1875,335.9375,-218.75,-671.875,210.9375,31.25,-789.0625,31.25,62.5,-835.9375,218.75
1091580,-601.5625,320.3125,296.875,-414.0625,-578.125,312.5,-234.375,-671.875,210.9375,15.625,-773.4375,23.4375,54.6875,-804.6875,218.75
1091580,-601.5625,320.3125,296.875,-414.0625,-578.125,312.5,-234.375,-671.875,210.9375,15.625,-773.4375,23.4375,54.6875,-804.6875,218.75
1091652,-804.6875,-101.5625,398.4375,-593.75,-460.9375,195.3125,-500.0,-531.25,54.6875,-351.5625,-640.625,-156.25,-335.9375,-671.875,-101.5625
1091652,-804.6875,-101.5625,398.4375,-593.75,-460.9375,195.3125,-500.0,-531.25,54.6875,-351.5625,-640.625,-156.25,-335.9375,-671.875,-101.5625
1091652,-828.125,-125.0,382.8125,-640.625,-484.375,171.875,-539.0625,-546.875,39.0625,-375.0,-648.4375,-171.875,-359.375,-695.3125,-125.0
1091652,-828.125,-125.0,382.8125,-640.625,-484.375,171.875,-539.0625,-546.875,39.0625,-375.0,-648.4375,-171.875,-359.375,-695.3125,-125.0
1091660,-820.3125,-125.0,359.375,-664.0625,-492.1875,140.625,-546.875,-562.5,31.25,-390.625,-679.6875,-179.6875,-398.4375,-710.9375,-125.0
1091660,-820.3125,-125.0,359.375,-664.0625,-492.1875,140.625,-546.875,-562.5,31.25,-390.625,-679.6875,-179.6875,-398.4375,-710.9375,-125.0
1091661,-828.125,-85.9375,320.3125,-679.6875,-515.625,125.0,-593.75,-585.9375,7.8125,-406.25,-695.3125,-187.5,-406.25,-718.75,-132.8125
1091661,-828.125,-85.9375,320.3125,-679.6875,-515.625,125.0,-593.75,-585.9375,7.8125,-406.25,-695.3125,-187.5,-406.25,-718.75,-132.8125
1091813,-484.375,250.0,789.0625,-781.25,-578.125,23.4375,-789.0625,-609.375,-125.0,-671.875,-679.6875,-320.3125,-750.0,-632.8125,-312.5
1091813,-484.375,250.0,789.0625,-781.25,-578.125,23.4375,-789.0625,-609.375,-125.0,-671.875,-679.6875,-320.3125,-750.0,-632.8125,-312.5
1091813,-601.5625,179.6875,757.8125,-773.4375,-546.875,31.25,-796.875,-617.1875,-125.0,-703.125,-671.875,-320.3125,-757.8125,-601.5625,-320.3125
1091813,-601.5625,179.6875,757.8125,-773.4375,-546.875,31.25,-796.875,-617.1875,-125.0,-703.125,-671.875,-320.3125,-757.8125,-601.5625,-320.3125
1091820,-617.1875,234.375,656.25,-781.25,-679.6875,-23.4375,-828.125,-617.1875,-117.1875,-703.125,-664.0625,-335.9375,-765.625,-617.1875,-335.9375
1091820,-617.1875,234.375,656.25,-781.25,-679.6875,-23.4375,-828.125,-617.1875,-117.1875,-703.125,-664.0625,-335.9375,-765.625,-617.1875,-335.9375
1091822,-648.4375,140.625,679.6875,-835.9375,-531.25,46.875,-781.25,-593.75,-125.0,-726.5625,-664.0625,-320.3125,-789.0625,-601.5625,-343.75
1091822,-648.4375,140.625,679.6875,-835.9375,-531.25,46.875,-781.25,-593.75,-125.0,-726.5625,-664.0625,-320.3125,-789.0625,-601.5625,-343.75
1091967,-195.3125,289.0625,835.9375,-1390.625,-976.5625,-851.5625,-1132.8125,-703.125,-359.375,-554.6875,-703.125,15.625,-281.25,-429.6875,601.5625
1091967,-195.3125,289.0625,835.9375,-1390.625,-976.5625,-851.5625,-1132.8125,-703.125,-359.375,-554.6875,-703.125,15.625,-281.25,-429.6875,601.5625
1091974,-179.6875,523.4375,718.75,-1601.5625,-1304.6875,-1273.4375,-1148.4375,-835.9375,-453.125,-421.875,-742.1875,-7.8125,-304.6875,-460.9375,484.375
1091974,-179.6875,523.4375,718.75,-1601.5625,-1304.6875,-1273.4375,-1148.4375,-835.9375,-453.125,-421.875,-742.1875,-7.8125,-304.6875,-460.9375,484.375
1091975,-484.375,867.1875,234.375,-1578.125,-1453.125,-1171.875,-1195.3125,-1000.0,-437.5,-492.1875,-914.0625,-132.8125,-367.1875,-578.125,429.6875
1091975,-484.375,867.1875,234.375,-1578.125,-1453.125,-1171.875,-1195.3125,-1000.0,-437.5,-492.1875,-914.0625,-132.8125,-367.1875,-578.125,429.6875
1091983,-945.3125,773.4375,-335.9375,-1218.75,-1187.5,-687.5,-1109.375,-960.9375,-359.375,-648.4375,-1046.875,-226.5625,-648.4375,-781.25,414.0625
1091983,-945.3125,773.4375,-335.9375,-1218.75,-1187.5,-687.5,-1109.375,-960.9375,-359.375,-648.4375,-1046.875,-226.5625,-648.4375,-781.25,414.0625
1092128,-843.75,-187.5,554.6875,-992.1875,-640.625,-23.4375,-1171.875,-507.8125,-187.5,-1164.0625,-578.125,-382.8125,-1203.125,-304.6875,23.4375
1092128,-843.75,-187.5,554.6875,-992.1875,-640.625,-23.4375,-1171.875,-507.8125,-187.5,-1164.0625,-578.125,-382.8125,-1203.125,-304.6875,23.4375
1092136,-960.9375,-328.125,492.1875,-992.1875,-625.0,31.25,-1125.0,-492.1875,-250.0,-1125.0,-500.0,-312.5,-1203.125,-328.125,7.8125
1092136,-960.9375,-328.125,492.1875,-992.1875,-625.0,31.25,-1125.0,-492.1875,-250.0,-1125.0,-500.0,-312.5,-1203.125,-328.125,7.8125
1092136,-882.8125,-492.1875,484.375,-671.875,-507.8125,-7.8125,-1078.125,-406.25,-273.4375,-1078.125,-468.75,-218.75,-1093.75,-312.5,0.0
1092136,-882.8125,-492.1875,484.375,-671.875,-507.8125,-7.8125,-1078.125,-406.25,-273.4375,-1078.125,-468.75,-218.75,-1093.75,-312.5,0.0
1092144,-664.0625,-382.8125,562.5,-757.8125,-593.75,-156.25,-921.875,-484.375,-382.8125,-1007.8125,-367.1875,-257.8125,-1015.625,-328.125,23.4375
1092144,-664.0625,-382.8125,562.5,-757.8125,-593.75,-156.25,-921.875,-484.375,-382.8125,-1007.8125,-367.1875,-257.8125,-1015.625,-328.125,23.4375
1092289,-890.625,-1257.8125,39.0625,-953.125,-835.9375,-23.4375,-617.1875,-781.25,187.5,-593.75,-726.5625,-39.0625,-843.75,-648.4375,210.9375
1092289,-890.625,-1257.8125,39.0625,-953.125,-835.9375,-23.4375,-617.1875,-781.25,187.5,-593.75,-726.5625,-39.0625,-843.75,-648.4375,210.9375
1092297,-984.375,-937.5,117.1875,-945.3125,-773.4375,-46.875,-718.75,-734.375,132.8125,-492.1875,-773.4375,15.625,-617.1875,-617.1875,343.75
1092297,-984.375,-937.5,117.1875,-945.3125,-773.4375,-46.875,-718.75,-734.375,132.8125,-492.1875,-773.4375,15.625,-617.1875,-617.1875,343.75
1092297,-1023.4375,-914.0625,210.9375,-984.375,-640.625,31.25,-796.875,-648.4375,125.0,-468.75,-773.4375,54.6875,-453.125,-601.5625,421.875
1092297,-1023.4375,-914.0625,210.9375,-984.375,-640.625,31.25,-796.875,-648.4375,125.0,-468.75,-773.4375,54.6875,-453.125,-601.5625,421.875
1092305,-937.5,-968.75,281.25,-898.4375,-531.25,101.5625,-796.875,-578.125,125.0,-500.0,-742.1875,39.0625,-429.6875,-562.5,390.625
1092305,-937.5,-968.75,281.25,-898.4375,-531.25,101.5625,-796.875,-578.125,125.0,-500.0,-742.1875,39.0625,-429.6875,-562.5,390.625
1092451,-789.0625,156.25,710.9375,-929.6875,-656.25,-117.1875,-898.4375,-640.625,-242.1875,-945.3125,-601.5625,-257.8125,-1007.8125,-460.9375,93.75
1092451,-789.0625,156.25,710.9375,-929.6875,-656.25,-117.1875,-898.4375,-640.625,-242.1875,-945.3125,-601.5625,-257.8125,-1007.8125,-460.9375,93.75
1092459,-648.4375,93.75,664.0625,-890.625,-679.6875,-164.0625,-882.8125,-640.625,-296.875,-929.6875,-601.5625,-296.875,-953.125,-515.625,117.1875
1092459,-648.4375,93.75,664.0625,-890.625,-679.6875,-164.0625,-882.8125,-640.625,-296.875,-929.6875,-601.5625,-296.875,-953.125,-515.625,117.1875
1092459,-500.0,70.3125,710.9375,-812.5,-789.0625,-140.625,-898.4375,-656.25,-281.25,-890.625,-601.5625,-289.0625,-929.6875,-523.4375,93.75
1092459,-500.0,70.3125,710.9375,-812.5,-789.0625,-140.625,-898.4375,-656.25,-281.25,-890.625,-601.5625,-289.0625,-929.6875,-523.4375,93.75
1092467,-406.25,46.875,804.6875,-781.25,-781.25,-39.0625,-914.0625,-656.25,-250.0,-843.75,-632.8125,-265.625,-906.25,-539.0625,85.9375
1092467,-406.25,46.875,804.6875,-781.25,-781.25,-39.0625,-914.0625,-656.25,-250.0,-843.75,-632.8125,-265.625,-906.25,-539.0625,85.9375
1092612,-710.9375,-578.125,406.25,-750.0,-570.3125,125.0,-742.1875,-578.125,-7.8125,-703.125,-601.5625,-156.25,-796.875,-484.375,140.625
1092612,-710.9375,-578.125,406.25,-750.0,-570.3125,125.0,-742.1875,-578.125,-7.8125,-703.125,-601.5625,-156.25,-796.875,-484.375,140.625
1092620,-718.75,-328.125,492.1875,-859.375,-500.0,125.0,-804.6875,-523.4375,-31.25,-734.375,-562.5,-156.25,-789.0625,-460.9375,132.8125
1092620,-718.75,-328.125,492.1875,-859.375,-500.0,125.0,-804.6875,-523.4375,-31.25,-734.375,-562.5,-156.25,-789.0625,-460.9375,132.8125
1092620,-671.875,-140.625,617.1875,-937.5,-414.0625,109.375,-875.0,-468.75,-54.6875,-773.4375,-507.8125,-156.25,-789.0625,-398.4375,109.375
1092620,-671.875,-140.625,617.1875,-937.5,-414.0625,109.375,-875.0,-468.75,-54.6875,-773.4375,-507.8125,-156.25,-789.0625,-398.4375,109.375
1092626,-593.75,0.0,632.8125,-968.75,-445.3125,148.4375,-898.4375,-453.125,-70.3125,-843.75,-476.5625,-156.25,-859.375,-359.375,101.5625
1092626,-593.75,0.0,632.8125,-968.75,-445.3125,148.4375,-898.4375,-453.125,-70.3125,-843.75,-476.5625,-156.25,-859.375,-359.375,101.5625
1092772,-171.875,-78.125,1187.5,-1085.9375,-85.9375,-171.875,-789.0625,-281.25,-85.9375,-1000.0,-265.625,-148.4375,-976.5625,-343.75,7.8125
1092772,-171.875,-78.125,1187.5,-1085.9375,-85.9375,-171.875,-789.0625,-281.25,-85.9375,-1000.0,-265.625,-148.4375,-976.5625,-343.75,7.8125
1092781,-312.5,437.5,960.9375,-906.25,-484.375,-218.75,-781.25,-500.0,-289.0625,-812.5,-406.25,-250.0,-859.375,-234.375,15.625
1092781,-312.5,437.5,960.9375,-906.25,-484.375,-218.75,-781.25,-500.0,-289.0625,-812.5,-406.25,-250.0,-859.375,-234.375,15.625
1092781,-617.1875,437.5,734.375,-1023.4375,-929.6875,-320.3125,-945.3125,-445.3125,-171.875,-796.875,-421.875,-179.6875,-804.6875,-289.0625,31.25
1092781,-617.1875,437.5,734.375,-1023.4375,-929.6875,-320.3125,-945.3125,-445.3125,-171.875,-796.875,-421.875,-179.6875,-804.6875,-289.0625,31.25
1092789,-695.3125,328.125,789.0625,-992.1875,-648.4375,-312.5,-976.5625,-492.1875,-242.1875,-750.0,-484.375,-171.875,-820.3125,-382.8125,78.125
1092789,-695.3125,328.125,789.0625,-992.1875,-648.4375,-312.5,-976.5625,-492.1875,-242.1875,-750.0,-484.375,-171.875,-820.3125,-382.8125,78.125
1092934,-765.625,-398.4375,507.8125,-843.75,-460.9375,140.625,-867.1875,-468.75,-54.6875,-882.8125,-476.5625,-218.75,-984.375,-375.0,15.625
1092934,-765.625,-398.4375,507.8125,-843.75,-460.9375,140.625,-867.1875,-468.75,-54.6875,-882.8125,-476.5625,-218.75,-984.375,-375.0,15.625
1092942,-734.375,-421.875,500.0,-843.75,-476.5625,117.1875,-851.5625,-484.375,-46.875,-851.5625,-507.8125,-195.3125,-929.6875,-414.0625,31.25
1092942,-734.375,-421.875,500.0,-843.75,-476.5625,117.1875,-851.5625,-484.375,-46.875,-851.5625,-507.8125,-195.3125,-929.6875,-414.0625,31.25
1092942,-718.75,-398.4375,492.1875,-859.375,-484.375,101.5625,-843.75,-507.8125,-39.0625,-812.5,-546.875,-195.3125,-882.8125,-421.875,70.3125
1092942,-718.75,-398.4375,492.1875,-859.375,-484.375,101.5625,-843.75,-507.8125,-39.0625,-812.5,-546.875,-195.3125,-882.8125,-421.875,70.3125
1092951,-718.75,-414.0625,492.1875,-867.1875,-523.4375,70.3125,-835.9375,-539.0625,-31.25,-781.25,-570.3125,-171.875,-867.1875,-460.9375,93.75
1092951,-718.75,-414.0625,492.1875,-867.1875,-523.4375,70.3125,-835.9375,-539.0625,-31.25,-781.25,-570.3125,-171.875,-867.1875,-460.9375,93.75
