1108008,-43.75,26.25,-8.75
1108008,-43.75,26.25,-8.75
1108019,-48.125,17.5,0.0
1108019,-48.125,17.5,0.0
1108170,-17.5,-30.625,17.5
1108170,-17.5,-30.625,17.5
1108180,-39.375,-13.125,17.5
1108180,-39.375,-13.125,17.5
1108331,-39.375,43.75,4.375
1108331,-39.375,43.75,4.375
1108342,-21.875,39.375,-4.375
1108342,-21.875,39.375,-4.375
1108493,-30.625,-26.25,-39.375
1108493,-30.625,-26.25,-39.375
1108503,-35.0,-30.625,-35.0
1108503,-35.0,-30.625,-35.0
1108654,-21.875,-17.5,-74.375
1108654,-21.875,-17.5,-74.375
1108664,-52.5,-13.125,-56.875
1108664,-52.5,-13.125,-56.875
1108816,-503.125,923.125,-192.5
1108816,-503.125,923.125,-192.5
1108826,-590.625,1190.0,-148.75
1108826,-590.625,1190.0,-148.75
1108977,-813.75,-3167.5,-4974.375
1108977,-813.75,-3167.5,-4974.375
1108988,-2213.75,-3434.375,-5967.5
1108988,-2213.75,-3434.375,-5967.5
1109139,-3460.625,-6453.125,-20562.5
1109139,-3460.625,-6453.125,-20562.5
1109149,-3049.375,-6291.25,-22045.625
1109149,-3049.375,-6291.25,-22045.625
1109300,-3679.375,2240.0,-16292.5
1109300,-3679.375,2240.0,-16292.5
1109310,-4326.875,-4.375,-15911.875
1109310,-4326.875,-4.375,-15911.875
1109462,-634.375,4475.625,-8176.875
1109462,-634.375,4475.625,-8176.875
1109472,-1596.875,5131.875,-7039.375
1109472,-1596.875,5131.875,-7039.375
1109622,-1981.875,9800.0,-1281.875
1109622,-1981.875,9800.0,-1281.875
1109633,-1260.0,6435.625,-1736.875
1109633,-1260.0,6435.625,-1736.875
1109785,9821.875,-23996.875,-7936.25
1109785,9821.875,-23996.875,-7936.25
1109795,19866.875,-32790.625,-20601.875
1109795,19866.875,-32790.625,-20601.875
1109946,-13155.625,15968.75,10504.375
1109946,-13155.625,15968.75,10504.375
1109956,-12805.625,20829.375,13431.25
1109956,-12805.625,20829.375,13431.25
1110108,33823.125,-12495.0,-18987.5
1110108,33823.125,-12495.0,-18987.5
1110118,37091.25,-4589.375,-17373.125
1110118,37091.25,-4589.375,-17373.125
1110268,-17311.875,27015.625,8010.625
1110268,-17311.875,27015.625,8010.625
1110279,-12573.75,12241.25,1763.125
1110279,-12573.75,12241.25,1763.125
1110431,-20689.375,5801.25,4580.625
1110431,-20689.375,5801.25,4580.625
1110440,-24460.625,7682.5,5350.625
1110440,-24460.625,7682.5,5350.625
1110592,11851.875,-12691.875,-3714.375
1110592,11851.875,-12691.875,-3714.375
1110602,7328.125,-15115.625,-4733.75
1110602,7328.125,-15115.625,-4733.75
1110754,-14293.125,9091.25,7673.75
1110754,-14293.125,9091.25,7673.75
1110763,-12792.5,10889.375,7918.75
1110763,-12792.5,10889.375,7918.75
1110915,24819.375,-21516.25,-16310.0
1110915,24819.375,-21516.25,-16310.0
1110925,33639.375,-12818.75,-17443.125
1110925,33639.375,-12818.75,-17443.125
1111076,-14315.0,16646.875,4484.375
1111076,-14315.0,16646.875,4484.375
1111086,-7205.625,4585.0,188.125
1111086,-7205.625,4585.0,188.125
