1090045,-30.625,-105.0,-74.375
1090045,-30.625,-105.0,-74.375
1090055,-74.375,-74.375,-48.125
1090055,-74.375,-74.375,-48.125
1090206,-105.0,-35.0,-78.75
1090206,-105.0,-35.0,-78.75
1090216,-118.125,-21.875,-65.625
1090216,-118.125,-21.875,-65.625
1090368,-109.375,8.75,-43.75
1090368,-109.375,8.75,-43.75
1090378,-78.75,13.125,-52.5
1090378,-78.75,13.125,-52.5
1090529,-13.125,-70.0,-78.75
1090529,-13.125,-70.0,-78.75
1090681,-144.375,-61.25,-48.125
1090681,-144.375,-61.25,-48.125
1090691,-131.25,-26.25,-65.625
1090691,-131.25,-26.25,-65.625
1090842,-323.75,96.25,-170.625
1090842,-323.75,96.25,-170.625
1090852,-240.625,65.625,-205.625
1090852,-240.625,65.625,-205.625
1091003,-262.5,140.0,-21.875
1091003,-262.5,140.0,-21.875
1091014,-253.75,170.625,-8.75
1091014,-253.75,170.625,-8.75
1091165,-459.375,271.25,853.125
1091165,-459.375,271.25,853.125
1091175,-354.375,315.0,936.25
1091175,-354.375,315.0,936.25
1091326,2187.5,-10508.75,-3640.0
1091326,2187.5,-10508.75,-3640.0
1091337,1868.125,-9769.375,-4650.625
1091337,1868.125,-9769.375,-4650.625
1091488,-7078.75,-7853.125,-15001.875
1091488,-7078.75,-7853.125,-15001.875
1091498,-8211.875,-8483.125,-15981.875
1091498,-8211.875,-8483.125,-15981.875
1091569,-2664.375,-8277.5,-22483.125
1091569,-2664.375,-8277.5,-22483.125
1091579,-3994.375,-6195.0,-21975.625
1091579,-3994.375,-6195.0,-21975.625
1091649,-2016.875,-4847.5,-18873.75
1091649,-2016.875,-4847.5,-18873.75
1091660,-2594.375,-3596.25,-16594.375
1091660,-2594.375,-3596.25,-16594.375
1091811,-5110.0,10381.875,-4357.5
1091811,-5110.0,10381.875,-4357.5
1091820,-3263.75,7660.625,-5026.875
1091820,-3263.75,7660.625,-5026.875
1091972,17176.25,-23966.25,-21945.0
1091972,17176.25,-23966.25,-21945.0
1092124,-9712.5,16695.0,11624.375
1092124,-9712.5,16695.0,11624.375
1092134,-6776.875,21717.5,13947.5
1092134,-6776.875,21717.5,13947.5
1092285,11453.75,-2603.125,-1658.125
1092285,11453.75,-2603.125,-1658.125
1092295,-8745.625,459.375,3421.25
1092295,-8745.625,459.375,3421.25
1092447,8710.625,-12455.625,-3031.875
1092447,8710.625,-12455.625,-3031.875
1092457,8728.125,-10683.75,-5140.625
1092457,8728.125,-10683.75,-5140.625
1092608,-27116.25,9349.375,7542.5
1092608,-27116.25,9349.375,7542.5
1092618,-29907.5,10955.0,8736.875
1092618,-29907.5,10955.0,8736.875
1092770,10657.5,-12180.0,-3556.875
1092770,10657.5,-12180.0,-3556.875
1092780,7122.5,-15295.0,-6531.875
1092780,7122.5,-15295.0,-6531.875
1092931,-1999.375,-1430.625,284.375
1092931,-1999.375,-1430.625,284.375
1092941,-1050.0,-866.25,13.125
1092941,-1050.0,-866.25,13.125
