1071980,4.375,17.5,-13.125
1071980,4.375,17.5,-13.125
1071990,-30.625,8.75,-13.125
1071990,-30.625,8.75,-13.125
1072142,-13.125,-26.25,-13.125
1072142,-13.125,-26.25,-13.125
1072152,-13.125,-17.5,-30.625
1072152,-13.125,-17.5,-30.625
1072222,-13.125,13.125,8.75
1072222,-13.125,13.125,8.75
1072232,-17.5,4.375,8.75
1072232,-17.5,4.375,8.75
1072384,0.0,-43.75,-13.125
1072384,0.0,-43.75,-13.125
1072394,0.0,-30.625,-8.75
1072394,0.0,-30.625,-8.75
1072545,-26.25,-13.125,17.5
1072545,-26.25,-13.125,17.5
1072556,-17.5,-43.75,-13.125
1072556,-17.5,-43.75,-13.125
1072707,166.25,17.5,35.0
1072707,166.25,17.5,35.0
1072717,218.75,-376.25,-39.375
1072717,218.75,-376.25,-39.375
1072868,-39.375,8.75,21.875
1072868,-39.375,8.75,21.875
1072877,-13.125,-39.375,4.375
1072877,-13.125,-39.375,4.375
1072949,-4.375,13.125,61.25
1072949,-4.375,13.125,61.25
1072959,-13.125,21.875,52.5
1072959,-13.125,21.875,52.5
1073111,-4.375,-21.875,52.5
1073111,-4.375,-21.875,52.5
1073121,0.0,-21.875,74.375
1073121,0.0,-21.875,74.375
1073272,472.5,787.5,3390.625
1073272,472.5,787.5,3390.625
1073282,599.375,253.75,4055.625
1073282,599.375,253.75,4055.625
1073433,-3198.125,-5333.125,-8903.125
1073433,-3198.125,-5333.125,-8903.125
1073444,-4348.75,-6190.625,-9598.75
1073444,-4348.75,-6190.625,-9598.75
1073595,-4681.25,-8855.0,-16178.75
1073595,-4681.25,-8855.0,-16178.75
1073605,-5285.0,-8286.25,-15356.25
1073605,-5285.0,-8286.25,-15356.25
1073756,-8806.875,7056.875,-9957.5
1073756,-8806.875,7056.875,-9957.5
1073767,-7595.0,8487.5,-10145.625
1073767,-7595.0,8487.5,-10145.625
1073918,3193.75,2865.625,-10198.125
1073918,3193.75,2865.625,-10198.125
1073928,6890.625,5543.125,-7231.875
1073928,6890.625,5543.125,-7231.875
1074090,-15561.875,6531.875,1894.375
1074090,-15561.875,6531.875,1894.375
1074099,-14218.75,7415.625,2454.375
1074099,-14218.75,7415.625,2454.375
1074252,1260.0,-3031.875,284.375
1074252,1260.0,-3031.875,284.375
1074261,1137.5,-5328.75,-1216.25
1074261,1137.5,-5328.75,-1216.25
1074392,-5578.125,4186.875,2016.875
1074392,-5578.125,4186.875,2016.875
1074402,-14048.125,6947.5,4515.0
1074402,-14048.125,6947.5,4515.0
1074554,1491.875,-4090.625,-437.5
1074554,1491.875,-4090.625,-437.5
1074564,2318.75,-3338.125,-1137.5
1074564,2318.75,-3338.125,-1137.5
1074715,-24469.375,8404.375,7905.625
1074715,-24469.375,8404.375,7905.625
1074725,-26175.625,12101.25,9760.625
1074725,-26175.625,12101.25,9760.625
1074877,7971.25,-15001.875,-6492.5
1074877,7971.25,-15001.875,-6492.5
1074887,13842.5,-13921.25,-8610.0
1074887,13842.5,-13921.25,-8610.0
1075038,-4917.5,700.0,1448.125
1075038,-4917.5,700.0,1448.125
1075048,-3040.625,135.625,761.25
1075048,-3040.625,135.625,761.25
