1108013,226.5625,546.875,796.875,-132.8125,-718.75,710.9375,179.6875,-976.5625,218.75,539.0625,-828.125,-46.875,593.75,-789.0625,78.125
1108013,226.5625,546.875,796.875,-132.8125,-718.75,710.9375,179.6875,-976.5625,218.75,539.0625,-828.125,-46.875,593.75,-789.0625,78.125
1108021,234.375,546.875,789.0625,-140.625,-718.75,710.9375,179.6875,-976.5625,210.9375,546.875,-828.125,-46.875,593.75,-789.0625,78.125
1108021,234.375,546.875,789.0625,-140.625,-718.75,710.9375,179.6875,-976.5625,210.9375,546.875,-828.125,-46.875,593.75,-789.0625,78.125
1108021,234.375,546.875,781.25,-132.8125,-726.5625,718.75,171.875,-968.75,218.75,531.25,-828.125,-46.875,585.9375,-796.875,70.3125
1108021,234.375,546.875,781.25,-132.8125,-726.5625,718.75,171.875,-968.75,218.75,531.25,-828.125,-46.875,585.9375,-796.875,70.3125
1108029,226.5625,546.875,796.875,-132.8125,-718.75,718.75,179.6875,-976.5625,218.75,546.875,-828.125,-39.0625,593.75,-789.0625,70.3125
1108029,226.5625,546.875,796.875,-132.8125,-718.75,718.75,179.6875,-976.5625,218.75,546.875,-828.125,-39.0625,593.75,-789.0625,70.3125
1108174,226.5625,554.6875,796.875,-140.625,-726.5625,710.9375,171.875,-976.5625,218.75,554.6875,-835.9375,-31.25,593.75,-796.875,78.125
1108174,226.5625,554.6875,796.875,-140.625,-726.5625,710.9375,171.875,-976.5625,218.75,554.6875,-835.9375,-31.25,593.75,-796.875,78.125
1108182,234.375,546.875,796.875,-132.8125,-726.5625,718.75,171.875,-976.5625,218.75,546.875,-835.9375,-46.875,601.5625,-796.875,85.9375
1108182,234.375,546.875,796.875,-132.8125,-726.5625,718.75,171.875,-976.5625,218.75,546.875,-835.9375,-46.875,601.5625,-796.875,85.9375
1108182,234.375,546.875,789.0625,-140.625,-718.75,718.75,179.6875,-984.375,226.5625,554.6875,-828.125,-39.0625,601.5625,-796.875,85.9375
1108182,234.375,546.875,789.0625,-140.625,-718.75,718.75,179.6875,-984.375,226.5625,554.6875,-828.125,-39.0625,601.5625,-796.875,85.9375
1108190,226.5625,554.6875,789.0625,-132.8125,-726.5625,718.75,171.875,-976.5625,226.5625,546.875,-835.9375,-31.25,601.5625,-796.875,85.9375
1108190,226.5625,554.6875,789.0625,-132.8125,-726.5625,718.75,171.875,-976.5625,226.5625,546.875,-835.9375,-31.25,601.5625,-796.875,85.9375
1108335,234.375,546.875,804.6875,-132.8125,-718.75,718.75,171.875,-968.75,203.125,546.875,-828.125,-46.875,593.75,-796.875,78.125
1108335,234.375,546.875,804.6875,-132.8125,-718.75,718.75,171.875,-968.75,203.125,546.875,-828.125,-46.875,593.75,-796.875,78.125
1108343,234.375,554.6875,804.6875,-132.8125,-726.5625,710.9375,171.875,-968.75,218.75,546.875,-820.3125,-46.875,601.5625,-796.875,78.125
1108343,234.375,554.6875,804.6875,-132.8125,-726.5625,710.9375,171.875,-968.75,218.75,546.875,-820.3125,-46.875,601.5625,-796.875,78.125
1108343,234.375,554.6875,789.0625,-132.8125,-718.75,710.9375,179.6875,-968.75,218.75,546.875,-828.125,-39.0625,593.75,-789.0625,70.3125
1108343,234.375,554.6875,789.0625,-132.8125,-718.75,710.9375,179.6875,-968.75,218.75,546.875,-828.125,-39.0625,593.75,-789.0625,70.3125
1108351,226.5625,546.875,796.875,-125.0,-718.75,718.75,179.6875,-968.75,226.5625,546.875,-828.125,-39.0625,601.5625,-796.875,70.3125
1108351,226.5625,546.875,796.875,-125.0,-718.75,718.75,179.6875,-968.75,226.5625,546.875,-828.125,-39.0625,601.5625,-796.875,70.3125
1108496,234.375,546.875,796.875,-132.8125,-718.75,718.75,171.875,-976.5625,218.75,546.875,-828.125,-46.875,593.75,-796.875,78.125
1108496,234.375,546.875,796.875,-132.8125,-718.75,718.75,171.875,-976.5625,218.75,546.875,-828.125,-46.875,593.75,-796.875,78.125
1108504,226.5625,554.6875,796.875,-140.625,-726.5625,718.75,179.6875,-976.5625,218.75,546.875,-835.9375,-39.0625,609.375,-796.875,62.5
1108504,226.5625,554.6875,796.875,-140.625,-726.5625,718.75,179.6875,-976.5625,218.75,546.875,-835.9375,-39.0625,609.375,-796.875,62.5
1108504,226.5625,554.6875,796.875,-132.8125,-726.5625,718.75,171.875,-976.5625,218.75,546.875,-835.9375,-46.875,593.75,-789.0625,78.125
1108504,226.5625,554.6875,796.875,-132.8125,-726.5625,718.75,171.875,-976.5625,218.75,546.875,-835.9375,-46.875,593.75,-789.0625,78.125
1108512,226.5625,554.6875,796.875,-140.625,-726.5625,710.9375,179.6875,-976.5625,210.9375,546.875,-828.125,-46.875,601.5625,-789.0625,78.125
1108512,226.5625,554.6875,796.875,-140.625,-726.5625,710.9375,179.6875,-976.5625,210.9375,546.875,-828.125,-46.875,601.5625,-789.0625,78.125
1108657,234.375,546.875,796.875,-132.8125,-718.75,718.75,179.6875,-976.5625,226.5625,554.6875,-835.9375,-39.0625,601.5625,-796.875,85.9375
1108657,234.375,546.875,796.875,-132.8125,-718.75,718.75,179.6875,-976.5625,226.5625,554.6875,-835.9375,-39.0625,601.5625,-796.875,85.9375
1108666,234.375,554.6875,796.875,-132.8125,-718.75,718.75,179.6875,-976.5625,218.75,546.875,-835.9375,-46.875,601.5625,-796.875,85.9375
1108666,234.375,554.6875,796.875,-132.8125,-718.75,718.75,179.6875,-976.5625,218.75,546.875,-835.9375,-46.875,601.5625,-796.875,85.9375
1108666,234.375,562.5,796.875,-132.8125,-718.75,726.5625,187.5,-984.375,226.5625,546.875,-828.125,-39.0625,609.375,-796.875,85.9375
1108666,234.375,562.5,796.875,-132.8125,-718.75,726.5625,187.5,-984.375,226.5625,546.875,-828.125,-39.0625,609.375,-796.875,85.9375
1108673,242.1875,554.6875,796.875,-140.625,-726.5625,718.75,179.6875,-976.5625,226.5625,554.6875,-828.125,-39.0625,601.5625,-804.6875,85.9375
1108673,242.1875,554.6875,796.875,-140.625,-726.5625,718.75,179.6875,-976.5625,226.5625,554.6875,-828.125,-39.0625,601.5625,-804.6875,85.9375
1108818,304.6875,617.1875,812.5,-109.375,-734.375,796.875,218.75,-1015.625,281.25,632.8125,-851.5625,7.8125,671.875,-812.5,140.625
1108818,304.6875,617.1875,812.5,-109.375,-734.375,796.875,218.75,-1015.625,281.25,632.8125,-851.5625,7.8125,671.875,-812.5,140.625
1108827,289.0625,601.5625,789.0625,-125.0,-734.375,796.875,203.125,-1023.4375,273.4375,578.125,-859.375,15.625,664.0625,-820.3125,140.625
1108827,289.0625,601.5625,789.0625,-125.0,-734.375,796.875,203.125,-1023.4375,273.4375,578.125,-859.375,15.625,664.0625,-820.3125,140.625
1108827,289.0625,593.75,812.5,-117.1875,-742.1875,796.875,203.125,-1031.25,296.875,617.1875,-890.625,15.625,679.6875,-835.9375,140.625
1108827,289.0625,593.75,812.5,-117.1875,-742.1875,796.875,203.125,-1031.25,296.875,617.1875,-890.625,15.625,679.6875,-835.9375,140.625
1108835,296.875,609.375,812.5,-125.0,-726.5625,812.5,195.3125,-1031.25,296.875,609.375,-875.0,39.0625,671.875,-828.125,164.0625
1108835,296.875,609.375,812.5,-125.0,-726.5625,812.5,195.3125,-1031.25,296.875,609.375,-875.0,39.0625,671.875,-828.125,164.0625
1108980,375.0,710.9375,890.625,-15.625,-710.9375,1085.9375,328.125,-1242.1875,468.75,773.4375,-968.75,179.6875,726.5625,-914.0625,289.0625
1108980,375.0,710.9375,890.625,-15.625,-710.9375,1085.9375,328.125,-1242.1875,468.75,773.4375,-968.75,179.6875,726.5625,-914.0625,289.0625
1108988,390.625,765.625,882.8125,-62.5,-765.625,1078.125,281.25,-1164.0625,546.875,710.9375,-1000.0,164.0625,726.5625,-945.3125,304.6875
1108988,390.625,765.625,882.8125,-62.5,-765.625,1078.125,281.25,-1164.0625,546.875,710.9375,-1000.0,164.0625,726.5625,-945.3125,304.6875
1108988,390.625,828.125,898.4375,-54.6875,-757.8125,1054.6875,289.0625,-1140.625,507.8125,710.9375,-1015.625,179.6875,773.4375,-960.9375,382.8125
1108988,390.625,828.125,898.4375,-54.6875,-757.8125,1054.6875,289.0625,-1140.625,507.8125,710.9375,-1015.625,179.6875,773.4375,-960.9375,382.8125
1108996,398.4375,890.625,929.6875,-85.9375,-742.1875,1031.25,382.8125,-1148.4375,492.1875,781.25,-1031.25,210.9375,757.8125,-984.375,375.0
1108996,398.4375,890.625,929.6875,-85.9375,-742.1875,1031.25,382.8125,-1148.4375,492.1875,781.25,-1031.25,210.9375,757.8125,-984.375,375.0
1109141,-250.0,796.875,640.625,-210.9375,-500.0,750.0,-23.4375,-640.625,406.25,234.375,-703.125,109.375,210.9375,-781.25,117.1875
1109141,-250.0,796.875,640.625,-210.9375,-500.0,750.0,-23.4375,-640.625,406.25,234.375,-703.125,109.375,210.9375,-781.25,117.1875
1109149,-250.0,796.875,648.4375,-203.125,-523.4375,710.9375,-7.8125,-710.9375,351.5625,210.9375,-718.75,101.5625,187.5,-812.5,62.5
1109149,-250.0,796.875,648.4375,-203.125,-523.4375,710.9375,-7.8125,-710.9375,351.5625,210.9375,-718.75,101.5625,187.5,-812.5,62.5
1109150,-226.5625,757.8125,648.4375,-218.75,-546.875,664.0625,-23.4375,-734.375,320.3125,195.3125,-703.125,78.125,156.25,-820.3125,39.0625
1109150,-226.5625,757.8125,648.4375,-218.75,-546.875,664.0625,-23.4375,-734.375,320.3125,195.3125,-703.125,78.125,156.25,-820.3125,39.0625
1109157,-210.9375,718.75,640.625,-210.9375,-570.3125,593.75,-54.6875,-726.5625,273.4375,164.0625,-718.75,54.6875,171.875,-804.6875,62.5
1109157,-210.9375,718.75,640.625,-210.9375,-570.3125,593.75,-54.6875,-726.5625,273.4375,164.0625,-718.75,54.6875,171.875,-804.6875,62.5
1109302,-601.5625,-46.875,601.5625,-593.75,-578.125,70.3125,-507.8125,-632.8125,-23.4375,-257.8125,-796.875,-140.625,-218.75,-765.625,-23.4375
1109302,-601.5625,-46.875,601.5625,-593.75,-578.125,70.3125,-507.8125,-632.8125,-23.4375,-257.8125,-796.875,-140.625,-218.75,-765.625,-23.4375
1109311,-593.75,-46.875,601.5625,-617.1875,-554.6875,54.6875,-523.4375,-625.0,-23.4375,-265.625,-757.8125,-140.625,-226.5625,-695.3125,-31.25
1109311,-593.75,-46.875,601.5625,-617.1875,-554.6875,54.6875,-523.4375,-625.0,-23.4375,-265.625,-757.8125,-140.625,-226.5625,-695.3125,-31.25
1109311,-640.625,-39.0625,562.5,-617.1875,-539.0625,46.875,-531.25,-640.625,-7.8125,-273.4375,-757.8125,-171.875,-226.5625,-468.75,-62.5
1109311,-640.625,-39.0625,562.5,-617.1875,-539.0625,46.875,-531.25,-640.625,-7.8125,-273.4375,-757.8125,-171.875,-226.5625,-468.75,-62.5
1109319,-687.5,-46.875,546.875,-640.625,-539.0625,46.875,-539.0625,-593.75,-15.625,-312.5,-695.3125,-148.4375,-234.375,-656.25,0.0
1109319,-687.5,-46.875,546.875,-640.625,-539.0625,46.875,-539.0625,-593.75,-15.625,-312.5,-695.3125,-148.4375,-234.375,-656.25,0.0
1109464,-750.0,-250.0,531.25,-828.125,-507.8125,7.8125,-812.5,-546.875,-148.4375,-765.625,-570.3125,-320.3125,-804.6875,-515.625,-328.125
1109464,-750.0,-250.0,531.25,-828.125,-507.8125,7.8125,-812.5,-546.875,-148.4375,-765.625,-570.3125,-320.3125,-804.6875,-515.625,-328.125
1109472,-734.375,-218.75,546.875,-820.3125,-539.0625,7.8125,-812.5,-562.5,-140.625,-773.4375,-578.125,-304.6875,-812.5,-507.8125,-320.3125
1109472,-734.375,-218.75,546.875,-820.3125,-539.0625,7.8125,-812.5,-562.5,-140.625,-773.4375,-578.125,-304.6875,-812.5,-507.8125,-320.3125
1109472,-679.6875,-179.6875,601.5625,-828.125,-539.0625,0.0,-828.125,-578.125,-132.8125,-773.4375,-609.375,-320.3125,-828.125,-523.4375,-289.0625
1109472,-679.6875,-179.6875,601.5625,-828.125,-539.0625,0.0,-828.125,-578.125,-132.8125,-773.4375,-609.375,-320.3125,-828.125,-523.4375,-289.0625
1109480,-648.4375,-156.25,632.8125,-835.9375,-562.5,-7.8125,-835.9375,-578.125,-148.4375,-789.0625,-609.375,-328.125,-804.6875,-507.8125,-281.25
1109480,-648.4375,-156.25,632.8125,-835.9375,-562.5,-7.8125,-835.9375,-578.125,-148.4375,-789.0625,-609.375,-328.125,-804.6875,-507.8125,-281.25
1109624,-398.4375,-156.25,898.4375,-882.8125,-593.75,-195.3125,-875.0,-515.625,-273.4375,-812.5,-484.375,-351.5625,-1039.0625,-445.3125,-312.5
1109624,-398.4375,-156.25,898.4375,-882.8125,-593.75,-195.3125,-875.0,-515.625,-273.4375,-812.5,-484.375,-351.5625,-1039.0625,-445.3125,-312.5
1109633,-359.375,-125.0,1000.0,-875.0,-570.3125,-187.5,-804.6875,-523.4375,-187.5,-906.25,-406.25,-359.375,-960.9375,-312.5,-320.3125
1109633,-359.375,-125.0,1000.0,-875.0,-570.3125,-187.5,-804.6875,-523.4375,-187.5,-906.25,-406.25,-359.375,-960.9375,-312.5,-320.3125
1109633,-351.5625,-171.875,960.9375,-890.625,-523.4375,-187.5,-828.125,-453.125,-210.9375,-898.4375,-390.625,-359.375,-1007.8125,-406.25,-390.625
1109633,-351.5625,-171.875,960.9375,-890.625,-523.4375,-187.5,-828.125,-453.125,-210.9375,-898.4375,-390.625,-359.375,-1007.8125,-406.25,-390.625
1109641,-453.125,-203.125,828.125,-929.6875,-531.25,-164.0625,-843.75,-414.0625,-265.625,-929.6875,-398.4375,-460.9375,-1101.5625,-281.25,-500.0
1109641,-453.125,-203.125,828.125,-929.6875,-531.25,-164.0625,-843.75,-414.0625,-265.625,-929.6875,-398.4375,-460.9375,-1101.5625,-281.25,-500.0
1109786,-164.0625,593.75,960.9375,-1304.6875,-945.3125,-679.6875,-1359.375,-710.9375,-632.8125,-828.125,-554.6875,-62.5,-609.375,-312.5,335.9375
1109786,-164.0625,593.75,960.9375,-1304.6875,-945.3125,-679.6875,-1359.375,-710.9375,-632.8125,-828.125,-554.6875,-62.5,-609.375,-312.5,335.9375
1109794,-421.875,414.0625,328.125,-1242.1875,-1062.5,-750.0,-1578.125,-671.875,-796.875,-867.1875,-617.1875,-171.875,-718.75,-390.625,312.5
1109794,-421.875,414.0625,328.125,-1242.1875,-1062.5,-750.0,-1578.125,-671.875,-796.875,-867.1875,-617.1875,-171.875,-718.75,-390.625,312.5
1109794,-1093.75,390.625,46.875,-1226.5625,-1109.375,-593.75,-1125.0,-546.875,-554.6875,-890.625,-640.625,-289.0625,-1000.0,-554.6875,242.1875
1109794,-1093.75,390.625,46.875,-1226.5625,-1109.375,-593.75,-1125.0,-546.875,-554.6875,-890.625,-640.625,-289.0625,-1000.0,-554.6875,242.1875
1109802,-1382.8125,-148.4375,109.375,-843.75,-890.625,-257.8125,-789.0625,-796.875,-289.0625,-1007.8125,-687.5,-218.75,-1148.4375,-632.8125,234.375
1109802,-1382.8125,-148.4375,109.375,-843.75,-890.625,-257.8125,-789.0625,-796.875,-289.0625,-1007.8125,-687.5,-218.75,-1148.4375,-632.8125,234.375
1109947,-835.9375,-523.4375,460.9375,-953.125,-414.0625,125.0,-1054.6875,-414.0625,-70.3125,-1132.8125,-468.75,-7.8125,-1085.9375,-289.0625,320.3125
1109947,-835.9375,-523.4375,460.9375,-953.125,-414.0625,125.0,-1054.6875,-414.0625,-70.3125,-1132.8125,-468.75,-7.8125,-1085.9375,-289.0625,320.3125
1109956,-695.3125,-70.3125,718.75,-953.125,-515.625,296.875,-1164.0625,-515.625,-46.875,-1171.875,-609.375,-62.5,-1078.125,-328.125,312.5
1109956,-695.3125,-70.3125,718.75,-953.125,-515.625,296.875,-1164.0625,-515.625,-46.875,-1171.875,-609.375,-62.5,-1078.125,-328.125,312.5
1109956,-851.5625,-218.75,281.25,-742.1875,-414.0625,132.8125,-1085.9375,-375.0,-132.8125,-1117.1875,-507.8125,-62.5,-1023.4375,-351.5625,335.9375
1109956,-851.5625,-218.75,281.25,-742.1875,-414.0625,132.8125,-1085.9375,-375.0,-132.8125,-1117.1875,-507.8125,-62.5,-1023.4375,-351.5625,335.9375
1109963,-929.6875,-507.8125,460.9375,-695.3125,-515.625,-54.6875,-929.6875,-320.3125,-179.6875,-1031.25,-460.9375,-85.9375,-1101.5625,-359.375,250.0
1109963,-929.6875,-507.8125,460.9375,-695.3125,-515.625,-54.6875,-929.6875,-320.3125,-179.6875,-1031.25,-460.9375,-85.9375,-1101.5625,-359.375,250.0
1110108,-937.5,-351.5625,179.6875,-531.25,-93.75,507.8125,-804.6875,-296.875,46.875,-953.125,-632.8125,-15.625,-937.5,-468.75,367.1875
1110108,-937.5,-351.5625,179.6875,-531.25,-93.75,507.8125,-804.6875,-296.875,46.875,-953.125,-632.8125,-15.625,-937.5,-468.75,367.1875
1110115,-703.125,-859.375,562.5,390.625,585.9375,1554.6875,-820.3125,250.0,296.875,-945.3125,-476.5625,39.0625,-945.3125,-359.375,304.6875
1110115,-703.125,-859.375,562.5,390.625,585.9375,1554.6875,-820.3125,250.0,296.875,-945.3125,-476.5625,39.0625,-945.3125,-359.375,304.6875
1110117,-609.375,-1140.625,351.5625,-171.875,-148.4375,875.0,-437.5,101.5625,359.375,-890.625,-375.0,23.4375,-921.875,-250.0,210.9375
1110117,-609.375,-1140.625,351.5625,-171.875,-148.4375,875.0,-437.5,101.5625,359.375,-890.625,-375.0,23.4375,-921.875,-250.0,210.9375
1110125,-664.0625,-1171.875,-54.6875,218.75,7.8125,1078.125,-343.75,-390.625,500.0,-781.25,-304.6875,46.875,-945.3125,-328.125,203.125
1110125,-664.0625,-1171.875,-54.6875,218.75,7.8125,1078.125,-343.75,-390.625,500.0,-781.25,-304.6875,46.875,-945.3125,-328.125,203.125
1110269,0.0,703.125,820.3125,-1125.0,-539.0625,-445.3125,-968.75,-632.8125,-226.5625,-757.8125,-398.4375,7.8125,-734.375,-343.75,265.625
1110269,0.0,703.125,820.3125,-1125.0,-539.0625,-445.3125,-968.75,-632.8125,-226.5625,-757.8125,-398.4375,7.8125,-734.375,-343.75,265.625
1110278,390.625,1101.5625,1187.5,-1085.9375,-328.125,-492.1875,-945.3125,-734.375,-218.75,-726.5625,-398.4375,46.875,-664.0625,-312.5,265.625
1110278,390.625,1101.5625,1187.5,-1085.9375,-328.125,-492.1875,-945.3125,-734.375,-218.75,-726.5625,-398.4375,46.875,-664.0625,-312.5,265.625
1110278,554.6875,1273.4375,1289.0625,-937.5,-359.375,-398.4375,-625.0,-117.1875,-195.3125,-679.6875,-484.375,-23.4375,-710.9375,-359.375,281.25
1110278,554.6875,1273.4375,1289.0625,-937.5,-359.375,-398.4375,-625.0,-117.1875,-195.3125,-679.6875,-484.375,-23.4375,-710.9375,-359.375,281.25
1110286,429.6875,1015.625,1187.5,-867.1875,-476.5625,-187.5,-750.0,-265.625,-234.375,-781.25,-578.125,-93.75,-906.25,-523.4375,257.8125
1110286,429.6875,1015.625,1187.5,-867.1875,-476.5625,-187.5,-750.0,-265.625,-234.375,-781.25,-578.125,-93.75,-906.25,-523.4375,257.8125
1110431,-835.9375,-937.5,234.375,-914.0625,-539.0625,31.25,-726.5625,-515.625,70.3125,-734.375,-570.3125,7.8125,-757.8125,-453.125,289.0625
1110431,-835.9375,-937.5,234.375,-914.0625,-539.0625,31.25,-726.5625,-515.625,70.3125,-734.375,-570.3125,7.8125,-757.8125,-453.125,289.0625
1110439,-664.0625,-632.8125,351.5625,-914.0625,-507.8125,85.9375,-789.0625,-531.25,39.0625,-734.375,-554.6875,-7.8125,-765.625,-437.5,281.25
1110439,-664.0625,-632.8125,351.5625,-914.0625,-507.8125,85.9375,-789.0625,-531.25,39.0625,-734.375,-554.6875,-7.8125,-765.625,-437.5,281.25
1110440,-546.875,-429.6875,429.6875,-851.5625,-554.6875,117.1875,-796.875,-546.875,39.0625,-781.25,-570.3125,-15.625,-804.6875,-445.3125,281.25
1110440,-546.875,-429.6875,429.6875,-851.5625,-554.6875,117.1875,-796.875,-546.875,39.0625,-781.25,-570.3125,-15.625,-804.6875,-445.3125,281.25
1110447,-554.6875,-398.4375,476.5625,-789.0625,-531.25,156.25,-757.8125,-554.6875,39.0625,-843.75,-593.75,-39.0625,-882.8125,-445.3125,296.875
1110447,-554.6875,-398.4375,476.5625,-789.0625,-531.25,156.25,-757.8125,-554.6875,39.0625,-843.75,-593.75,-39.0625,-882.8125,-445.3125,296.875
1110593,-585.9375,-1062.5,968.75,-960.9375,-1039.0625,328.125,-1085.9375,-117.1875,109.375,-1015.625,-515.625,-148.4375,-953.125,-375.0,203.125
1110593,-585.9375,-1062.5,968.75,-960.9375,-1039.0625,328.125,-1085.9375,-117.1875,109.375,-1015.625,-515.625,-148.4375,-953.125,-375.0,203.125
1110601,-117.1875,-257.8125,1257.8125,-1093.75,46.875,-78.125,-796.875,-218.75,-93.75,-1046.875,-242.1875,39.0625,-929.6875,-210.9375,179.6875
1110601,-117.1875,-257.8125,1257.8125,-1093.75,46.875,-78.125,-796.875,-218.75,-93.75,-1046.875,-242.1875,39.0625,-929.6875,-210.9375,179.6875
1110601,-171.875,320.3125,1054.6875,-945.3125,-453.125,-289.0625,-820.3125,-500.0,-242.1875,-875.0,-421.875,-78.125,-828.125,-234.375,203.125
1110601,-171.875,320.3125,1054.6875,-945.3125,-453.125,-289.0625,-820.3125,-500.0,-242.1875,-875.0,-421.875,-78.125,-828.125,-234.375,203.125
1110608,-460.9375,382.8125,773.4375,-1101.5625,-812.5,-414.0625,-976.5625,-429.6875,-171.875,-835.9375,-406.25,7.8125,-828.125,-296.875,242.1875
1110608,-460.9375,382.8125,773.4375,-1101.5625,-812.5,-414.0625,-976.5625,-429.6875,-171.875,-835.9375,-406.25,7.8125,-828.125,-296.875,242.1875
1110754,-640.625,-328.125,492.1875,-625.0,-382.8125,421.875,-765.625,-437.5,78.125,-937.5,-554.6875,-109.375,-1054.6875,-421.875,226.5625
1110754,-640.625,-328.125,492.1875,-625.0,-382.8125,421.875,-765.625,-437.5,78.125,-937.5,-554.6875,-109.375,-1054.6875,-421.875,226.5625
1110762,-726.5625,-523.4375,460.9375,-687.5,-453.125,398.4375,-804.6875,-468.75,62.5,-984.375,-546.875,-109.375,-1093.75,-406.25,226.5625
1110762,-726.5625,-523.4375,460.9375,-687.5,-453.125,398.4375,-804.6875,-468.75,62.5,-984.375,-546.875,-109.375,-1093.75,-406.25,226.5625
1110762,-859.375,-546.875,468.75,-703.125,-476.5625,351.5625,-859.375,-460.9375,7.8125,-1023.4375,-539.0625,-101.5625,-1093.75,-375.0,242.1875
1110762,-859.375,-546.875,468.75,-703.125,-476.5625,351.5625,-859.375,-460.9375,7.8125,-1023.4375,-539.0625,-101.5625,-1093.75,-375.0,242.1875
1110769,-898.4375,-398.4375,445.3125,-789.0625,-453.125,328.125,-929.6875,-445.3125,-31.25,-1046.875,-539.0625,-117.1875,-1085.9375,-367.1875,250.0
1110769,-898.4375,-398.4375,445.3125,-789.0625,-453.125,328.125,-929.6875,-445.3125,-31.25,-1046.875,-539.0625,-117.1875,-1085.9375,-367.1875,250.0
1110915,-796.875,320.3125,31.25,-882.8125,-726.5625,-453.125,-1109.375,-734.375,-281.25,-851.5625,-695.3125,-242.1875,-984.375,-601.5625,203.125
1110915,-796.875,320.3125,31.25,-882.8125,-726.5625,-453.125,-1109.375,-734.375,-281.25,-851.5625,-695.3125,-242.1875,-984.375,-601.5625,203.125
1110923,-1117.1875,234.375,-78.125,-804.6875,-703.125,-39.0625,-953.125,-695.3125,-187.5,-992.1875,-656.25,-242.1875,-1023.4375,-570.3125,179.6875
1110923,-1117.1875,234.375,-78.125,-804.6875,-703.125,-39.0625,-953.125,-695.3125,-187.5,-992.1875,-656.25,-242.1875,-1023.4375,-570.3125,179.6875
1110923,-1085.9375,-265.625,234.375,62.5,156.25,914.0625,-867.1875,-351.5625,7.8125,-1000.0,-617.1875,-171.875,-1093.75,-492.1875,164.0625
1110923,-1085.9375,-265.625,234.375,62.5,156.25,914.0625,-867.1875,-351.5625,7.8125,-1000.0,-617.1875,-171.875,-1093.75,-492.1875,164.0625
1110931,-1007.8125,-703.125,523.4375,148.4375,320.3125,1359.375,-671.875,234.375,195.3125,-1000.0,-507.8125,-195.3125,-1062.5,-429.6875,140.625
1110931,-1007.8125,-703.125,523.4375,148.4375,320.3125,1359.375,-671.875,234.375,195.3125,-1000.0,-507.8125,-195.3125,-1062.5,-429.6875,140.625
1111076,-164.0625,578.125,914.0625,-1148.4375,-304.6875,-453.125,-828.125,-531.25,-140.625,-671.875,-515.625,-62.5,-664.0625,-421.875,210.9375
1111076,-164.0625,578.125,914.0625,-1148.4375,-304.6875,-453.125,-828.125,-531.25,-140.625,-671.875,-515.625,-62.5,-664.0625,-421.875,210.9375
1111084,125.0,804.6875,1117.1875,-937.5,-484.375,-382.8125,-882.8125,-679.6875,-195.3125,-671.875,-460.9375,-54.6875,-679.6875,-390.625,226.5625
1111084,125.0,804.6875,1117.1875,-937.5,-484.375,-382.8125,-882.8125,-679.6875,-195.3125,-671.875,-460.9375,-54.6875,-679.6875,-390.625,226.5625
1111084,343.75,929.6875,1218.75,-921.875,-515.625,-335.9375,-750.0,-476.5625,-203.125,-703.125,-460.9375,-85.9375,-750.0,-390.625,210.9375
1111084,343.75,929.6875,1218.75,-921.875,-515.625,-335.9375,-750.0,-476.5625,-203.125,-703.125,-460.9375,-85.9375,-750.0,-390.625,210.9375
1111091,203.125,898.4375,1085.9375,-843.75,-562.5,-250.0,-773.4375,-437.5,-164.0625,-789.0625,-453.125,-148.4375,-890.625,-437.5,187.5
1111091,203.125,898.4375,1085.9375,-843.75,-562.5,-250.0,-773.4375,-437.5,-164.0625,-789.0625,-453.125,-148.4375,-890.625,-437.5,187.5
