1099097,-83.125,-13.125,-39.375
1099097,-83.125,-13.125,-39.375
1099107,-56.875,-39.375,-39.375
1099107,-56.875,-39.375,-39.375
1099259,-30.625,-17.5,-52.5
1099259,-30.625,-17.5,-52.5
1099269,-74.375,-21.875,-21.875
1099269,-74.375,-21.875,-21.875
1099339,-35.0,-30.625,-78.75
1099339,-35.0,-30.625,-78.75
1099349,-26.25,-21.875,-70.0
1099349,-26.25,-21.875,-70.0
1099501,-437.5,284.375,179.375
1099501,-437.5,284.375,179.375
1099511,-516.25,345.625,201.25
1099511,-516.25,345.625,201.25
1099662,-1872.5,538.125,-192.5
1099662,-1872.5,538.125,-192.5
1099672,-1850.625,756.875,-74.375
1099672,-1850.625,756.875,-74.375
1099824,-4108.125,-1461.25,-10486.875
1099824,-4108.125,-1461.25,-10486.875
1099834,-3246.25,-2826.25,-12621.875
1099834,-3246.25,-2826.25,-12621.875
1099985,-1544.375,-6667.5,-22277.5
1099985,-1544.375,-6667.5,-22277.5
1099995,-1378.125,-6037.5,-21651.875
1099995,-1378.125,-6037.5,-21651.875
1100147,-3618.125,2266.25,-8973.125
1100147,-3618.125,2266.25,-8973.125
1100157,-4077.5,1894.375,-9371.25
1100157,-4077.5,1894.375,-9371.25
1100308,6523.125,-2734.375,-8085.0
1100308,6523.125,-2734.375,-8085.0
1100318,6317.5,-2196.25,-7599.375
1100318,6317.5,-2196.25,-7599.375
1100469,-341.25,717.5,-1233.75
1100469,-341.25,717.5,-1233.75
1100480,-870.625,1343.125,-511.875
1100480,-870.625,1343.125,-511.875
1100631,-10080.0,16419.375,8653.75
1100631,-10080.0,16419.375,8653.75
1100641,-7507.5,11038.125,6934.375
1100641,-7507.5,11038.125,6934.375
1100793,8435.0,-18746.875,-7721.875
1100793,8435.0,-18746.875,-7721.875
1100803,15820.0,-19586.875,-10850.0
1100803,15820.0,-19586.875,-10850.0
1100954,-11007.5,13496.875,11265.625
1100954,-11007.5,13496.875,11265.625
1100964,-10075.625,17132.5,12740.0
1100964,-10075.625,17132.5,12740.0
1101116,27221.25,-5718.125,-8942.5
1101116,27221.25,-5718.125,-8942.5
1101126,11606.875,-4676.875,-3368.75
1101126,11606.875,-4676.875,-3368.75
1101277,1841.875,-1942.5,-140.0
1101277,1841.875,-1942.5,-140.0
1101287,3626.875,-3972.5,-525.0
1101287,3626.875,-3972.5,-525.0
1101438,-14030.625,3832.5,4296.25
1101438,-14030.625,3832.5,4296.25
1101449,-22054.375,6803.125,6457.5
1101449,-22054.375,6803.125,6457.5
1101600,4287.5,-3758.125,-306.25
1101600,4287.5,-3758.125,-306.25
1101751,-9541.875,2043.125,1666.875
1101751,-9541.875,2043.125,1666.875
1101762,-10622.5,3040.625,2226.875
1101762,-10622.5,3040.625,2226.875
1101913,-542.5,-26.25,-135.625
1101913,-542.5,-26.25,-135.625
1101923,-1028.125,389.375,122.5
1101923,-1028.125,389.375,122.5
1102074,-245.0,188.125,-140.0
1102074,-245.0,188.125,-140.0
1102085,-389.375,210.0,-74.375
1102085,-389.375,210.0,-74.375
