1080872,8.75,-30.625,-30.625
1080872,8.75,-30.625,-30.625
1080881,35.0,-52.5,-4.375
1080881,35.0,-52.5,-4.375
1080891,-8.75,-21.875,13.125
1080891,-8.75,-21.875,13.125
1081033,-109.375,21.875,13.125
1081033,-109.375,21.875,13.125
1081043,-144.375,30.625,35.0
1081043,-144.375,30.625,35.0
1081194,13.125,-30.625,-65.625
1081194,13.125,-30.625,-65.625
1081204,83.125,-43.75,-74.375
1081204,83.125,-43.75,-74.375
1081356,-70.0,61.25,-35.0
1081356,-70.0,61.25,-35.0
1081366,-70.0,56.875,-43.75
1081366,-70.0,56.875,-43.75
1081517,-113.75,140.0,0.0
1081517,-113.75,140.0,0.0
1081527,-83.125,118.125,-17.5
1081527,-83.125,118.125,-17.5
1081678,-196.875,109.375,-105.0
1081678,-196.875,109.375,-105.0
1081689,-196.875,122.5,-126.875
1081689,-196.875,122.5,-126.875
1081840,-105.0,8.75,-21.875
1081840,-105.0,8.75,-21.875
1081850,-61.25,8.75,-17.5
1081850,-61.25,8.75,-17.5
1082001,-122.5,-48.125,-74.375
1082001,-122.5,-48.125,-74.375
1082012,-61.25,-122.5,-48.125
1082012,-61.25,-122.5,-48.125
1082163,-35.0,-48.125,-43.75
1082163,-35.0,-48.125,-43.75
1082173,-61.25,-26.25,-17.5
1082173,-61.25,-26.25,-17.5
1082324,-61.25,48.125,236.25
1082324,-61.25,48.125,236.25
1082334,-249.375,131.25,371.875
1082334,-249.375,131.25,371.875
1082486,-367.5,227.5,258.125
1082486,-367.5,227.5,258.125
1082496,-861.875,-218.75,612.5
1082496,-861.875,-218.75,612.5
1082647,-2957.5,-5936.875,-13181.875
1082647,-2957.5,-5936.875,-13181.875
1082657,-4121.25,-5486.25,-13864.375
1082657,-4121.25,-5486.25,-13864.375
1082809,-11305.0,11423.125,-13768.125
1082809,-11305.0,11423.125,-13768.125
1082819,-10093.125,13610.625,-11655.0
1082819,-10093.125,13610.625,-11655.0
1082970,3784.375,1815.625,-9091.25
1082970,3784.375,1815.625,-9091.25
1082980,5127.5,1391.25,-8645.0
1082980,5127.5,1391.25,-8645.0
1083132,3766.875,-2773.75,-6553.75
1083132,3766.875,-2773.75,-6553.75
1083142,-3696.875,61.25,-5718.125
1083142,-3696.875,61.25,-5718.125
1083292,-3066.875,-2191.875,-560.0
1083292,-3066.875,-2191.875,-560.0
1083303,1220.625,-5963.125,-936.25
1083303,1220.625,-5963.125,-936.25
1083455,74.375,-5114.375,-599.375
1083455,74.375,-5114.375,-599.375
1083465,-11711.875,2926.875,2590.0
1083465,-11711.875,2926.875,2590.0
1083616,4445.0,-8820.0,-1675.625
1083616,4445.0,-8820.0,-1675.625
1083626,4038.125,-9340.625,-3871.875
1083626,4038.125,-9340.625,-3871.875
1083717,30012.5,-5735.625,-8872.5
1083717,30012.5,-5735.625,-8872.5
1083727,18733.75,-6168.75,-4466.875
1083727,18733.75,-6168.75,-4466.875
1083879,3946.25,-10635.625,-1351.875
1083879,3946.25,-10635.625,-1351.875
1083889,7043.75,-13085.625,-2935.625
1083889,7043.75,-13085.625,-2935.625
1084040,-22837.5,8631.875,7721.875
1084040,-22837.5,8631.875,7721.875
1084050,-22561.875,8758.75,8443.75
1084050,-22561.875,8758.75,8443.75
