1080880,195.3125,546.875,804.6875,-46.875,-734.375,695.3125,234.375,-945.3125,281.25,609.375,-781.25,23.4375,656.25,-734.375,140.625
1080880,195.3125,546.875,804.6875,-46.875,-734.375,695.3125,234.375,-945.3125,281.25,609.375,-781.25,23.4375,656.25,-734.375,140.625
1080888,195.3125,546.875,812.5,-39.0625,-750.0,703.125,250.0,-945.3125,265.625,609.375,-789.0625,23.4375,648.4375,-750.0,156.25
1080888,195.3125,546.875,812.5,-39.0625,-750.0,703.125,250.0,-945.3125,265.625,609.375,-789.0625,23.4375,648.4375,-750.0,156.25
1080888,195.3125,546.875,804.6875,-46.875,-742.1875,703.125,242.1875,-953.125,257.8125,609.375,-789.0625,23.4375,648.4375,-757.8125,148.4375
1080888,195.3125,546.875,804.6875,-46.875,-742.1875,703.125,242.1875,-953.125,257.8125,609.375,-789.0625,23.4375,648.4375,-757.8125,148.4375
1081033,195.3125,554.6875,804.6875,-46.875,-742.1875,703.125,242.1875,-945.3125,273.4375,601.5625,-789.0625,15.625,656.25,-734.375,148.4375
1081033,195.3125,554.6875,804.6875,-46.875,-742.1875,703.125,242.1875,-945.3125,273.4375,601.5625,-789.0625,15.625,656.25,-734.375,148.4375
1081041,187.5,562.5,804.6875,-46.875,-742.1875,703.125,250.0,-945.3125,281.25,601.5625,-781.25,23.4375,648.4375,-742.1875,140.625
1081041,187.5,562.5,804.6875,-46.875,-742.1875,703.125,250.0,-945.3125,281.25,601.5625,-781.25,23.4375,648.4375,-742.1875,140.625
1081049,203.125,562.5,804.6875,-46.875,-742.1875,710.9375,242.1875,-937.5,273.4375,617.1875,-789.0625,15.625,640.625,-742.1875,148.4375
1081049,203.125,562.5,804.6875,-46.875,-742.1875,710.9375,242.1875,-937.5,273.4375,617.1875,-789.0625,15.625,640.625,-742.1875,148.4375
1081049,187.5,554.6875,812.5,-46.875,-742.1875,710.9375,234.375,-953.125,273.4375,609.375,-789.0625,15.625,640.625,-742.1875,140.625
1081049,187.5,554.6875,812.5,-46.875,-742.1875,710.9375,234.375,-953.125,273.4375,609.375,-789.0625,15.625,640.625,-742.1875,140.625
1081194,195.3125,554.6875,789.0625,-46.875,-742.1875,710.9375,250.0,-937.5,273.4375,609.375,-781.25,23.4375,648.4375,-742.1875,148.4375
1081194,195.3125,554.6875,789.0625,-46.875,-742.1875,710.9375,250.0,-937.5,273.4375,609.375,-781.25,23.4375,648.4375,-742.1875,148.4375
1081202,203.125,554.6875,804.6875,-46.875,-734.375,703.125,242.1875,-937.5,281.25,609.375,-781.25,23.4375,648.4375,-742.1875,140.625
1081202,203.125,554.6875,804.6875,-46.875,-734.375,703.125,242.1875,-937.5,281.25,609.375,-781.25,23.4375,648.4375,-742.1875,140.625
1081210,195.3125,546.875,804.6875,-46.875,-742.1875,703.125,234.375,-945.3125,265.625,609.375,-789.0625,23.4375,656.25,-750.0,148.4375
1081210,195.3125,546.875,804.6875,-46.875,-742.1875,703.125,234.375,-945.3125,265.625,609.375,-789.0625,23.4375,656.25,-750.0,148.4375
1081210,195.3125,546.875,796.875,-46.875,-742.1875,703.125,242.1875,-953.125,265.625,609.375,-789.0625,23.4375,648.4375,-750.0,148.4375
1081210,195.3125,546.875,796.875,-46.875,-742.1875,703.125,242.1875,-953.125,265.625,609.375,-789.0625,23.4375,648.4375,-750.0,148.4375
1081355,203.125,539.0625,804.6875,-54.6875,-742.1875,703.125,242.1875,-953.125,273.4375,609.375,-789.0625,23.4375,648.4375,-742.1875,156.25
1081355,203.125,539.0625,804.6875,-54.6875,-742.1875,703.125,242.1875,-953.125,273.4375,609.375,-789.0625,23.4375,648.4375,-742.1875,156.25
1081363,195.3125,554.6875,796.875,-46.875,-742.1875,703.125,242.1875,-953.125,273.4375,609.375,-789.0625,15.625,656.25,-742.1875,140.625
1081363,195.3125,554.6875,796.875,-46.875,-742.1875,703.125,242.1875,-953.125,273.4375,609.375,-789.0625,15.625,656.25,-742.1875,140.625
1081371,203.125,546.875,804.6875,-39.0625,-734.375,703.125,242.1875,-945.3125,273.4375,609.375,-789.0625,23.4375,648.4375,-742.1875,148.4375
1081371,203.125,546.875,804.6875,-39.0625,-734.375,703.125,242.1875,-945.3125,273.4375,609.375,-789.0625,23.4375,648.4375,-742.1875,148.4375
1081372,195.3125,554.6875,796.875,-54.6875,-742.1875,695.3125,242.1875,-945.3125,273.4375,609.375,-796.875,23.4375,648.4375,-750.0,156.25
1081372,195.3125,554.6875,796.875,-54.6875,-742.1875,695.3125,242.1875,-945.3125,273.4375,609.375,-796.875,23.4375,648.4375,-750.0,156.25
1081517,203.125,562.5,804.6875,-46.875,-757.8125,710.9375,242.1875,-953.125,281.25,609.375,-804.6875,23.4375,648.4375,-757.8125,156.25
1081517,203.125,562.5,804.6875,-46.875,-757.8125,710.9375,242.1875,-953.125,281.25,609.375,-804.6875,23.4375,648.4375,-757.8125,156.25
1081523,203.125,562.5,812.5,-46.875,-742.1875,718.75,242.1875,-953.125,281.25,609.375,-796.875,23.4375,656.25,-757.8125,156.25
1081523,203.125,562.5,812.5,-46.875,-742.1875,718.75,242.1875,-953.125,281.25,609.375,-796.875,23.4375,656.25,-757.8125,156.25
1081533,195.3125,554.6875,804.6875,-46.875,-757.8125,710.9375,242.1875,-953.125,273.4375,609.375,-796.875,23.4375,648.4375,-757.8125,156.25
1081533,195.3125,554.6875,804.6875,-46.875,-757.8125,710.9375,242.1875,-953.125,273.4375,609.375,-796.875,23.4375,648.4375,-757.8125,156.25
1081533,203.125,562.5,812.5,-46.875,-742.1875,718.75,242.1875,-953.125,273.4375,609.375,-804.6875,23.4375,648.4375,-750.0,156.25
1081533,203.125,562.5,812.5,-46.875,-742.1875,718.75,242.1875,-953.125,273.4375,609.375,-804.6875,23.4375,648.4375,-750.0,156.25
1081678,195.3125,554.6875,804.6875,-62.5,-734.375,710.9375,234.375,-945.3125,281.25,609.375,-789.0625,23.4375,640.625,-734.375,148.4375
1081678,195.3125,554.6875,804.6875,-62.5,-734.375,710.9375,234.375,-945.3125,281.25,609.375,-789.0625,23.4375,640.625,-734.375,148.4375
1081686,195.3125,562.5,804.6875,-46.875,-742.1875,710.9375,242.1875,-937.5,281.25,609.375,-781.25,31.25,648.4375,-742.1875,148.4375
1081686,195.3125,562.5,804.6875,-46.875,-742.1875,710.9375,242.1875,-937.5,281.25,609.375,-781.25,31.25,648.4375,-742.1875,148.4375
1081694,195.3125,562.5,796.875,-46.875,-734.375,710.9375,242.1875,-937.5,281.25,609.375,-789.0625,31.25,648.4375,-742.1875,156.25
1081694,195.3125,562.5,796.875,-46.875,-734.375,710.9375,242.1875,-937.5,281.25,609.375,-789.0625,31.25,648.4375,-742.1875,156.25
1081694,203.125,554.6875,796.875,-54.6875,-742.1875,710.9375,242.1875,-953.125,281.25,609.375,-781.25,23.4375,648.4375,-742.1875,164.0625
1081694,203.125,554.6875,796.875,-54.6875,-742.1875,710.9375,242.1875,-953.125,281.25,609.375,-781.25,23.4375,648.4375,-742.1875,164.0625
1081839,187.5,554.6875,796.875,-62.5,-742.1875,710.9375,226.5625,-953.125,265.625,601.5625,-789.0625,31.25,640.625,-742.1875,156.25
1081839,187.5,554.6875,796.875,-62.5,-742.1875,710.9375,226.5625,-953.125,265.625,601.5625,-789.0625,31.25,640.625,-742.1875,156.25
1081847,195.3125,562.5,804.6875,-54.6875,-742.1875,710.9375,234.375,-937.5,273.4375,601.5625,-789.0625,31.25,640.625,-750.0,156.25
1081847,195.3125,562.5,804.6875,-54.6875,-742.1875,710.9375,234.375,-937.5,273.4375,601.5625,-789.0625,31.25,640.625,-750.0,156.25
1081856,195.3125,562.5,796.875,-54.6875,-734.375,703.125,226.5625,-945.3125,281.25,601.5625,-789.0625,31.25,640.625,-750.0,156.25
1081856,195.3125,562.5,796.875,-54.6875,-734.375,703.125,226.5625,-945.3125,281.25,601.5625,-789.0625,31.25,640.625,-750.0,156.25
1081856,195.3125,570.3125,796.875,-62.5,-742.1875,703.125,226.5625,-937.5,273.4375,601.5625,-789.0625,23.4375,640.625,-742.1875,164.0625
1081856,195.3125,570.3125,796.875,-62.5,-742.1875,703.125,226.5625,-937.5,273.4375,601.5625,-789.0625,23.4375,640.625,-742.1875,164.0625
1082001,210.9375,570.3125,796.875,-46.875,-742.1875,718.75,242.1875,-945.3125,281.25,601.5625,-781.25,39.0625,640.625,-742.1875,148.4375
1082001,210.9375,570.3125,796.875,-46.875,-742.1875,718.75,242.1875,-945.3125,281.25,601.5625,-781.25,39.0625,640.625,-742.1875,148.4375
1082008,203.125,562.5,796.875,-54.6875,-742.1875,703.125,242.1875,-953.125,281.25,601.5625,-781.25,31.25,648.4375,-742.1875,148.4375
1082008,203.125,562.5,796.875,-54.6875,-742.1875,703.125,242.1875,-953.125,281.25,601.5625,-781.25,31.25,648.4375,-742.1875,148.4375
1082017,195.3125,562.5,796.875,-54.6875,-726.5625,718.75,250.0,-937.5,289.0625,601.5625,-781.25,31.25,648.4375,-742.1875,148.4375
1082017,195.3125,562.5,796.875,-54.6875,-726.5625,718.75,250.0,-937.5,289.0625,601.5625,-781.25,31.25,648.4375,-742.1875,148.4375
1082017,203.125,554.6875,804.6875,-54.6875,-726.5625,710.9375,234.375,-937.5,289.0625,601.5625,-781.25,31.25,640.625,-734.375,148.4375
1082017,203.125,554.6875,804.6875,-54.6875,-726.5625,710.9375,234.375,-937.5,289.0625,601.5625,-781.25,31.25,640.625,-734.375,148.4375
1082162,195.3125,554.6875,804.6875,-62.5,-742.1875,710.9375,234.375,-953.125,281.25,609.375,-796.875,31.25,656.25,-750.0,164.0625
1082162,195.3125,554.6875,804.6875,-62.5,-742.1875,710.9375,234.375,-953.125,281.25,609.375,-796.875,31.25,656.25,-750.0,164.0625
1082170,195.3125,562.5,796.875,-54.6875,-750.0,703.125,234.375,-953.125,289.0625,609.375,-789.0625,39.0625,648.4375,-742.1875,171.875
1082170,195.3125,562.5,796.875,-54.6875,-750.0,703.125,234.375,-953.125,289.0625,609.375,-789.0625,39.0625,648.4375,-742.1875,171.875
1082178,203.125,562.5,796.875,-46.875,-742.1875,710.9375,242.1875,-945.3125,281.25,609.375,-789.0625,23.4375,656.25,-750.0,164.0625
1082178,203.125,562.5,796.875,-46.875,-742.1875,710.9375,242.1875,-945.3125,281.25,609.375,-789.0625,23.4375,656.25,-750.0,164.0625
1082178,203.125,546.875,796.875,-46.875,-734.375,718.75,234.375,-960.9375,281.25,609.375,-796.875,23.4375,656.25,-750.0,156.25
1082178,203.125,546.875,796.875,-46.875,-734.375,718.75,234.375,-960.9375,281.25,609.375,-796.875,23.4375,656.25,-750.0,156.25
1082323,210.9375,539.0625,804.6875,-54.6875,-742.1875,718.75,234.375,-960.9375,289.0625,625.0,-781.25,39.0625,671.875,-757.8125,179.6875
1082323,210.9375,539.0625,804.6875,-54.6875,-742.1875,718.75,234.375,-960.9375,289.0625,625.0,-781.25,39.0625,671.875,-757.8125,179.6875
1082331,203.125,562.5,804.6875,-54.6875,-742.1875,726.5625,250.0,-960.9375,289.0625,617.1875,-804.6875,31.25,671.875,-750.0,171.875
1082331,203.125,562.5,804.6875,-54.6875,-742.1875,726.5625,250.0,-960.9375,289.0625,617.1875,-804.6875,31.25,671.875,-750.0,171.875
1082339,203.125,570.3125,804.6875,-46.875,-742.1875,710.9375,242.1875,-953.125,289.0625,632.8125,-796.875,31.25,656.25,-750.0,171.875
1082339,203.125,570.3125,804.6875,-46.875,-742.1875,710.9375,242.1875,-953.125,289.0625,632.8125,-796.875,31.25,656.25,-750.0,171.875
1082339,210.9375,570.3125,812.5,-46.875,-742.1875,726.5625,242.1875,-953.125,289.0625,617.1875,-796.875,46.875,679.6875,-742.1875,179.6875
1082339,210.9375,570.3125,812.5,-46.875,-742.1875,726.5625,242.1875,-953.125,289.0625,617.1875,-796.875,46.875,679.6875,-742.1875,179.6875
1082484,367.1875,500.0,859.375,0.0,-609.375,796.875,304.6875,-953.125,359.375,734.375,-843.75,70.3125,796.875,-703.125,203.125
1082484,367.1875,500.0,859.375,0.0,-609.375,796.875,304.6875,-953.125,359.375,734.375,-843.75,70.3125,796.875,-703.125,203.125
1082492,382.8125,523.4375,875.0,109.375,-906.25,804.6875,343.75,-1023.4375,375.0,695.3125,-812.5,101.5625,757.8125,-757.8125,242.1875
1082492,382.8125,523.4375,875.0,109.375,-906.25,804.6875,343.75,-1023.4375,375.0,695.3125,-812.5,101.5625,757.8125,-757.8125,242.1875
1082500,335.9375,585.9375,875.0,31.25,-875.0,843.75,359.375,-1085.9375,406.25,726.5625,-820.3125,101.5625,710.9375,-781.25,250.0
1082500,335.9375,585.9375,875.0,31.25,-875.0,843.75,359.375,-1085.9375,406.25,726.5625,-820.3125,101.5625,710.9375,-781.25,250.0
1082500,351.5625,570.3125,875.0,70.3125,-773.4375,875.0,367.1875,-1054.6875,421.875,765.625,-859.375,109.375,750.0,-804.6875,257.8125
1082500,351.5625,570.3125,875.0,70.3125,-773.4375,875.0,367.1875,-1054.6875,421.875,765.625,-859.375,109.375,750.0,-804.6875,257.8125
1082645,-31.25,664.0625,765.625,-148.4375,-726.5625,828.125,171.875,-1101.5625,468.75,554.6875,-945.3125,226.5625,570.3125,-929.6875,375.0
1082645,-31.25,664.0625,765.625,-148.4375,-726.5625,828.125,171.875,-1101.5625,468.75,554.6875,-945.3125,226.5625,570.3125,-929.6875,375.0
1082653,-39.0625,710.9375,750.0,-156.25,-718.75,851.5625,156.25,-1101.5625,476.5625,562.5,-1015.625,250.0,570.3125,-960.9375,398.4375
1082653,-39.0625,710.9375,750.0,-156.25,-718.75,851.5625,156.25,-1101.5625,476.5625,562.5,-1015.625,250.0,570.3125,-960.9375,398.4375
1082661,-46.875,757.8125,734.375,-148.4375,-695.3125,875.0,140.625,-1093.75,468.75,562.5,-1054.6875,265.625,562.5,-1007.8125,445.3125
1082661,-46.875,757.8125,734.375,-148.4375,-695.3125,875.0,140.625,-1093.75,468.75,562.5,-1054.6875,265.625,562.5,-1007.8125,445.3125
1082662,-46.875,804.6875,773.4375,-140.625,-671.875,890.625,125.0,-1109.375,484.375,570.3125,-1070.3125,265.625,539.0625,-1031.25,460.9375
1082662,-46.875,804.6875,773.4375,-140.625,-671.875,890.625,125.0,-1109.375,484.375,570.3125,-1070.3125,265.625,539.0625,-1031.25,460.9375
1082807,-492.1875,351.5625,640.625,-398.4375,-554.6875,234.375,-351.5625,-671.875,15.625,-93.75,-781.25,-171.875,-93.75,-703.125,-78.125
1082807,-492.1875,351.5625,640.625,-398.4375,-554.6875,234.375,-351.5625,-671.875,15.625,-93.75,-781.25,-171.875,-93.75,-703.125,-78.125
1082815,-468.75,414.0625,703.125,-468.75,-585.9375,164.0625,-375.0,-710.9375,7.8125,-125.0,-796.875,-164.0625,-140.625,-742.1875,-85.9375
1082815,-468.75,414.0625,703.125,-468.75,-585.9375,164.0625,-375.0,-710.9375,7.8125,-125.0,-796.875,-164.0625,-140.625,-742.1875,-85.9375
1082822,-406.25,476.5625,703.125,-515.625,-632.8125,132.8125,-398.4375,-710.9375,7.8125,-156.25,-765.625,-171.875,-179.6875,-789.0625,-70.3125
1082822,-406.25,476.5625,703.125,-515.625,-632.8125,132.8125,-398.4375,-710.9375,7.8125,-156.25,-765.625,-171.875,-179.6875,-789.0625,-70.3125
1082823,-382.8125,476.5625,687.5,-546.875,-585.9375,132.8125,-414.0625,-703.125,0.0,-187.5,-765.625,-187.5,-210.9375,-820.3125,-62.5
1082823,-382.8125,476.5625,687.5,-546.875,-585.9375,132.8125,-414.0625,-703.125,0.0,-187.5,-765.625,-187.5,-210.9375,-820.3125,-62.5
1082968,-414.0625,468.75,765.625,-773.4375,-562.5,156.25,-718.75,-671.875,39.0625,-539.0625,-734.375,-117.1875,-601.5625,-625.0,0.0
1082968,-414.0625,468.75,765.625,-773.4375,-562.5,156.25,-718.75,-671.875,39.0625,-539.0625,-734.375,-117.1875,-601.5625,-625.0,0.0
1082976,-437.5,437.5,742.1875,-828.125,-632.8125,132.8125,-726.5625,-679.6875,39.0625,-585.9375,-726.5625,-125.0,-632.8125,-671.875,7.8125
1082976,-437.5,437.5,742.1875,-828.125,-632.8125,132.8125,-726.5625,-679.6875,39.0625,-585.9375,-726.5625,-125.0,-632.8125,-671.875,7.8125
1082984,-445.3125,460.9375,679.6875,-765.625,-632.8125,164.0625,-703.125,-679.6875,46.875,-585.9375,-703.125,-156.25,-609.375,-625.0,-31.25
1082984,-445.3125,460.9375,679.6875,-765.625,-632.8125,164.0625,-703.125,-679.6875,46.875,-585.9375,-703.125,-156.25,-609.375,-625.0,-31.25
1082984,-468.75,406.25,703.125,-765.625,-718.75,187.5,-695.3125,-734.375,70.3125,-585.9375,-765.625,-179.6875,-664.0625,-718.75,0.0
1082984,-468.75,406.25,703.125,-765.625,-718.75,187.5,-695.3125,-734.375,70.3125,-585.9375,-765.625,-179.6875,-664.0625,-718.75,0.0
1083129,-976.5625,-578.125,226.5625,-734.375,-843.75,265.625,-390.625,-937.5,460.9375,-343.75,-976.5625,85.9375,-601.5625,-898.4375,328.125
1083129,-976.5625,-578.125,226.5625,-734.375,-843.75,265.625,-390.625,-937.5,460.9375,-343.75,-976.5625,85.9375,-601.5625,-898.4375,328.125
1083137,-820.3125,-414.0625,335.9375,-828.125,-851.5625,164.0625,-554.6875,-906.25,351.5625,-257.8125,-992.1875,132.8125,-421.875,-851.5625,476.5625
1083137,-820.3125,-414.0625,335.9375,-828.125,-851.5625,164.0625,-554.6875,-906.25,351.5625,-257.8125,-992.1875,132.8125,-421.875,-851.5625,476.5625
1083145,-796.875,-437.5,460.9375,-812.5,-765.625,187.5,-671.875,-828.125,273.4375,-281.25,-1023.4375,132.8125,-328.125,-804.6875,554.6875
1083145,-796.875,-437.5,460.9375,-812.5,-765.625,187.5,-671.875,-828.125,273.4375,-281.25,-1023.4375,132.8125,-328.125,-804.6875,554.6875
1083146,-843.75,-515.625,484.375,-789.0625,-710.9375,242.1875,-710.9375,-765.625,234.375,-390.625,-1007.8125,70.3125,-343.75,-789.0625,492.1875
1083146,-843.75,-515.625,484.375,-789.0625,-710.9375,242.1875,-710.9375,-765.625,234.375,-390.625,-1007.8125,70.3125,-343.75,-789.0625,492.1875
1083290,-289.0625,523.4375,890.625,-812.5,-617.1875,-250.0,-828.125,-648.4375,-250.0,-804.6875,-585.9375,-195.3125,-921.875,-625.0,46.875
1083290,-289.0625,523.4375,890.625,-812.5,-617.1875,-250.0,-828.125,-648.4375,-250.0,-804.6875,-585.9375,-195.3125,-921.875,-625.0,46.875
1083298,-648.4375,367.1875,718.75,-859.375,-648.4375,-257.8125,-734.375,-726.5625,-187.5,-859.375,-710.9375,-257.8125,-1031.25,-640.625,31.25
1083298,-648.4375,367.1875,718.75,-859.375,-648.4375,-257.8125,-734.375,-726.5625,-187.5,-859.375,-710.9375,-257.8125,-1031.25,-640.625,31.25
1083307,-679.6875,265.625,757.8125,-898.4375,-804.6875,-218.75,-750.0,-781.25,-218.75,-906.25,-687.5,-265.625,-1078.125,-640.625,46.875
1083307,-679.6875,265.625,757.8125,-898.4375,-804.6875,-218.75,-750.0,-781.25,-218.75,-906.25,-687.5,-265.625,-1078.125,-640.625,46.875
1083307,-554.6875,257.8125,828.125,-796.875,-851.5625,-148.4375,-742.1875,-695.3125,-195.3125,-867.1875,-648.4375,-257.8125,-1000.0,-601.5625,39.0625
1083307,-554.6875,257.8125,828.125,-796.875,-851.5625,-148.4375,-742.1875,-695.3125,-195.3125,-867.1875,-648.4375,-257.8125,-1000.0,-601.5625,39.0625
1083451,-1140.625,-1117.1875,54.6875,-968.75,-835.9375,23.4375,-765.625,-828.125,210.9375,-523.4375,-882.8125,117.1875,-617.1875,-734.375,437.5
1083451,-1140.625,-1117.1875,54.6875,-968.75,-835.9375,23.4375,-765.625,-828.125,210.9375,-523.4375,-882.8125,117.1875,-617.1875,-734.375,437.5
1083460,-1046.875,-1156.25,187.5,-914.0625,-734.375,93.75,-796.875,-726.5625,164.0625,-500.0,-882.8125,93.75,-468.75,-671.875,507.8125
1083460,-1046.875,-1156.25,187.5,-914.0625,-734.375,93.75,-796.875,-726.5625,164.0625,-500.0,-882.8125,93.75,-468.75,-671.875,507.8125
1083468,-1031.25,-1046.875,265.625,-843.75,-695.3125,156.25,-773.4375,-679.6875,164.0625,-523.4375,-828.125,39.0625,-437.5,-656.25,390.625
1083468,-1031.25,-1046.875,265.625,-843.75,-695.3125,156.25,-773.4375,-679.6875,164.0625,-523.4375,-828.125,39.0625,-437.5,-656.25,390.625
1083468,-1039.0625,-843.75,320.3125,-882.8125,-703.125,117.1875,-734.375,-679.6875,164.0625,-570.3125,-750.0,0.0,-562.5,-632.8125,234.375
1083468,-1039.0625,-843.75,320.3125,-882.8125,-703.125,117.1875,-734.375,-679.6875,164.0625,-570.3125,-750.0,0.0,-562.5,-632.8125,234.375
1083613,-554.6875,343.75,859.375,-742.1875,-750.0,23.4375,-750.0,-742.1875,-148.4375,-851.5625,-726.5625,-289.0625,-1007.8125,-656.25,31.25
1083613,-554.6875,343.75,859.375,-742.1875,-750.0,23.4375,-750.0,-742.1875,-148.4375,-851.5625,-726.5625,-289.0625,-1007.8125,-656.25,31.25
1083621,-437.5,328.125,859.375,-765.625,-804.6875,-62.5,-875.0,-765.625,-210.9375,-835.9375,-734.375,-265.625,-875.0,-656.25,78.125
1083621,-437.5,328.125,859.375,-765.625,-804.6875,-62.5,-875.0,-765.625,-210.9375,-835.9375,-734.375,-265.625,-875.0,-656.25,78.125
1083629,-351.5625,367.1875,914.0625,-828.125,-812.5,-117.1875,-859.375,-765.625,-234.375,-789.0625,-742.1875,-250.0,-789.0625,-640.625,93.75
1083629,-351.5625,367.1875,914.0625,-828.125,-812.5,-117.1875,-859.375,-765.625,-234.375,-789.0625,-742.1875,-250.0,-789.0625,-640.625,93.75
1083629,-304.6875,328.125,1000.0,-843.75,-828.125,-93.75,-882.8125,-757.8125,-203.125,-726.5625,-734.375,-234.375,-750.0,-632.8125,85.9375
1083629,-304.6875,328.125,1000.0,-843.75,-828.125,-93.75,-882.8125,-757.8125,-203.125,-726.5625,-734.375,-234.375,-750.0,-632.8125,85.9375
1083718,-781.25,-1203.125,257.8125,-453.125,-679.6875,687.5,-375.0,-460.9375,335.9375,-750.0,-562.5,-156.25,-898.4375,-531.25,15.625
1083718,-781.25,-1203.125,257.8125,-453.125,-679.6875,687.5,-375.0,-460.9375,335.9375,-750.0,-562.5,-156.25,-898.4375,-531.25,15.625
1083718,-953.125,-1250.0,117.1875,-625.0,-750.0,351.5625,-398.4375,-742.1875,312.5,-664.0625,-726.5625,-109.375,-984.375,-687.5,31.25
1083718,-953.125,-1250.0,117.1875,-625.0,-750.0,351.5625,-398.4375,-742.1875,312.5,-664.0625,-726.5625,-109.375,-984.375,-687.5,31.25
1083726,-937.5,-1218.75,23.4375,-726.5625,-828.125,179.6875,-523.4375,-851.5625,281.25,-632.8125,-828.125,-62.5,-960.9375,-765.625,117.1875
1083726,-937.5,-1218.75,23.4375,-726.5625,-828.125,179.6875,-523.4375,-851.5625,281.25,-632.8125,-828.125,-62.5,-960.9375,-765.625,117.1875
1083734,-929.6875,-1203.125,-7.8125,-828.125,-812.5,164.0625,-648.4375,-828.125,234.375,-593.75,-851.5625,-7.8125,-835.9375,-734.375,257.8125
1083734,-929.6875,-1203.125,-7.8125,-828.125,-812.5,164.0625,-648.4375,-828.125,234.375,-593.75,-851.5625,-7.8125,-835.9375,-734.375,257.8125
1083879,-335.9375,546.875,906.25,-757.8125,-718.75,-62.5,-789.0625,-710.9375,-132.8125,-804.6875,-632.8125,-242.1875,-992.1875,-632.8125,23.4375
1083879,-335.9375,546.875,906.25,-757.8125,-718.75,-62.5,-789.0625,-710.9375,-132.8125,-804.6875,-632.8125,-242.1875,-992.1875,-632.8125,23.4375
1083879,-515.625,320.3125,859.375,-789.0625,-710.9375,0.0,-820.3125,-703.125,-148.4375,-835.9375,-656.25,-257.8125,-1000.0,-585.9375,15.625
1083879,-515.625,320.3125,859.375,-789.0625,-710.9375,0.0,-820.3125,-703.125,-148.4375,-835.9375,-656.25,-257.8125,-1000.0,-585.9375,15.625
1083887,-546.875,226.5625,820.3125,-796.875,-664.0625,15.625,-851.5625,-679.6875,-187.5,-867.1875,-671.875,-273.4375,-929.6875,-585.9375,31.25
1083887,-546.875,226.5625,820.3125,-796.875,-664.0625,15.625,-851.5625,-679.6875,-187.5,-867.1875,-671.875,-273.4375,-929.6875,-585.9375,31.25
1083895,-546.875,164.0625,781.25,-835.9375,-718.75,-54.6875,-828.125,-703.125,-210.9375,-828.125,-671.875,-281.25,-851.5625,-601.5625,46.875
1083895,-546.875,164.0625,781.25,-835.9375,-718.75,-54.6875,-828.125,-703.125,-210.9375,-828.125,-671.875,-281.25,-851.5625,-601.5625,46.875
1084040,-671.875,-351.5625,640.625,-578.125,-585.9375,390.625,-546.875,-687.5,164.0625,-554.6875,-726.5625,-132.8125,-742.1875,-656.25,85.9375
1084040,-671.875,-351.5625,640.625,-578.125,-585.9375,390.625,-546.875,-687.5,164.0625,-554.6875,-726.5625,-132.8125,-742.1875,-656.25,85.9375
1084040,-640.625,-281.25,757.8125,-585.9375,-585.9375,398.4375,-601.5625,-648.4375,171.875,-617.1875,-703.125,-132.8125,-742.1875,-609.375,93.75
1084040,-640.625,-281.25,757.8125,-585.9375,-585.9375,398.4375,-601.5625,-648.4375,171.875,-617.1875,-703.125,-132.8125,-742.1875,-609.375,93.75
1084048,-585.9375,-195.3125,757.8125,-546.875,-593.75,437.5,-609.375,-656.25,156.25,-664.0625,-679.6875,-156.25,-765.625,-609.375,93.75
1084048,-585.9375,-195.3125,757.8125,-546.875,-593.75,437.5,-609.375,-656.25,156.25,-664.0625,-679.6875,-156.25,-765.625,-609.375,93.75
1084056,-593.75,-70.3125,632.8125,-585.9375,-617.1875,476.5625,-671.875,-648.4375,140.625,-710.9375,-726.5625,-171.875,-843.75,-609.375,101.5625
1084056,-593.75,-70.3125,632.8125,-585.9375,-617.1875,476.5625,-671.875,-648.4375,140.625,-710.9375,-726.5625,-171.875,-843.75,-609.375,101.5625
