1055380,21560.0,-45443.125,-31080.0
1055380,21560.0,-45443.125,-31080.0
1055390,15868.125,-44003.75,-44883.125
1055390,15868.125,-44003.75,-44883.125
1055401,1566.25,-39042.5,-46375.0
1055401,1566.25,-39042.5,-46375.0
1055411,-761.25,-24027.5,-52198.125
1055411,-761.25,-24027.5,-52198.125
1055421,2743.125,-1658.125,-62628.125
1055421,2743.125,-1658.125,-62628.125
1055432,52.5,12985.0,-74558.75
1055432,52.5,12985.0,-74558.75
1055442,-1229.375,28538.125,-82954.375
1055442,-1229.375,28538.125,-82954.375
1055453,-6632.5,42953.75,-91901.25
1055453,-6632.5,42953.75,-91901.25
1055463,-13623.75,60160.625,-100340.625
1055463,-13623.75,60160.625,-100340.625
1055473,-11567.5,82162.5,-103455.625
1055473,-11567.5,82162.5,-103455.625
1055484,-16327.5,95423.125,-102427.5
1055484,-16327.5,95423.125,-102427.5
1055494,-35511.875,99684.375,-98700.0
1055494,-35511.875,99684.375,-98700.0
1055504,-56848.75,101005.625,-95357.5
1055504,-56848.75,101005.625,-95357.5
1055514,-72629.375,106903.125,-94793.125
1055514,-72629.375,106903.125,-94793.125
1055525,-79060.625,120478.75,-93550.625
1055525,-79060.625,120478.75,-93550.625
1055535,-76173.125,138083.75,-91573.125
1055535,-76173.125,138083.75,-91573.125
1055545,-72135.0,-143360.0,-92032.5
1055545,-72135.0,-143360.0,-92032.5
1055556,-72366.875,-143360.0,-92881.25
1055556,-72366.875,-143360.0,-92881.25
1055566,-77240.625,143215.625,-89118.75
1055566,-77240.625,143215.625,-89118.75
1055576,-82831.875,-143360.0,-83304.375
1055576,-82831.875,-143360.0,-83304.375
1055587,-88685.625,-143360.0,-79918.125
1055587,-88685.625,-143360.0,-79918.125
1055596,-88230.625,143355.625,-76146.875
1055596,-88230.625,143355.625,-76146.875
1055608,-84472.5,-143360.0,-74147.5
1055608,-84472.5,-143360.0,-74147.5
1055618,-93975.0,-143360.0,-71561.875
1055618,-93975.0,-143360.0,-71561.875
1055628,-104387.5,-143360.0,-69536.25
1055628,-104387.5,-143360.0,-69536.25
1055638,-98901.25,-143360.0,-75753.125
1055638,-98901.25,-143360.0,-75753.125
1055649,-90689.375,-143360.0,-80893.75
1055649,-90689.375,-143360.0,-80893.75
1055659,-81208.75,-143360.0,-82748.75
1055659,-81208.75,-143360.0,-82748.75
1055669,-76378.75,-143360.0,-82748.75
1055669,-76378.75,-143360.0,-82748.75
1055680,-81615.625,-143360.0,-81926.25
1055680,-81615.625,-143360.0,-81926.25
1055690,-82499.375,-143360.0,-84428.75
1055690,-82499.375,-143360.0,-84428.75
1055700,-79270.625,-143360.0,-87430.0
1055700,-79270.625,-143360.0,-87430.0
1055710,-87941.875,-143360.0,-82871.25
1055710,-87941.875,-143360.0,-82871.25
1055721,-127850.625,-143360.0,-75153.75
1055721,-127850.625,-143360.0,-75153.75
1055731,-143360.0,-143360.0,-63704.375
1055731,-143360.0,-143360.0,-63704.375
1055741,-143360.0,-143360.0,-32095.0
1055741,-143360.0,-143360.0,-32095.0
1055752,-142935.625,-143360.0,2366.875
1055752,-142935.625,-143360.0,2366.875
1055763,-143360.0,-143360.0,38163.125
1055763,-143360.0,-143360.0,38163.125
1055772,-143360.0,-143360.0,90365.625
1055772,-143360.0,-143360.0,90365.625
1055783,-143351.25,-143360.0,138875.625
1055783,-143351.25,-143360.0,138875.625
1055793,-143360.0,126332.5,-143360.0
1055793,-143360.0,126332.5,-143360.0
1055803,-143360.0,62138.125,142839.375
1055803,-143360.0,62138.125,142839.375
1055814,-143360.0,-822.5,143171.875
1055814,-143360.0,-822.5,143171.875
1055824,-143360.0,-21328.125,-143360.0
1055824,-143360.0,-21328.125,-143360.0
1055834,-143360.0,-13431.25,143355.625
1055834,-143360.0,-13431.25,143355.625
1055845,-143360.0,27300.0,143355.625
1055845,-143360.0,27300.0,143355.625
1055855,-143360.0,60681.25,-143360.0
1055855,-143360.0,60681.25,-143360.0
1055865,-120750.0,111921.25,137760.0
1055865,-120750.0,111921.25,137760.0
1055876,-25060.0,-143360.0,107966.25
1055876,-25060.0,-143360.0,107966.25
1055886,-9038.75,133052.5,103446.875
1055886,-9038.75,133052.5,103446.875
1055896,-52578.75,132851.25,96980.625
1055896,-52578.75,132851.25,96980.625
1055906,-71006.25,122097.5,84074.375
1055906,-71006.25,122097.5,84074.375
1055917,-70332.5,20015.625,65935.625
1055917,-70332.5,20015.625,65935.625
1055927,29802.5,-42568.75,51555.0
1055927,29802.5,-42568.75,51555.0
1055937,94972.5,31583.125,75250.0
1055937,94972.5,31583.125,75250.0
1055948,95948.125,13457.5,46838.75
1055948,95948.125,13457.5,46838.75
1055958,123178.125,3058.125,29085.0
1055958,123178.125,3058.125,29085.0
1055968,122688.125,-23458.75,17486.875
1055968,122688.125,-23458.75,17486.875
1055979,126665.0,-69378.75,6282.5
1055979,126665.0,-69378.75,6282.5
1055989,132969.375,-97090.0,-3758.125
1055989,132969.375,-97090.0,-3758.125
1055999,143355.625,-102361.875,-12000.625
1055999,143355.625,-102361.875,-12000.625
1056010,143355.625,-41020.0,15999.375
1056010,143355.625,-41020.0,15999.375
1056020,143163.125,-143360.0,-81401.25
1056020,143163.125,-143360.0,-81401.25
1056030,143342.5,-143360.0,-143355.625
1056030,143342.5,-143360.0,-143355.625
1056041,143355.625,140175.0,-143355.625
1056041,143355.625,140175.0,-143355.625
1056051,139396.25,143005.625,-121988.125
1056051,139396.25,143005.625,-121988.125
1056061,35306.25,125479.375,-34146.875
1056061,35306.25,125479.375,-34146.875
1056072,-34733.125,56144.375,-4655.0
1056072,-34733.125,56144.375,-4655.0
1056082,-3653.125,80635.625,-35004.375
1056082,-3653.125,80635.625,-35004.375
1056092,-23607.5,71710.625,-31355.625
1056092,-23607.5,71710.625,-31355.625
1056103,-31801.875,54665.625,-21275.625
1056103,-31801.875,54665.625,-21275.625
1056113,-25458.125,43194.375,-16813.125
1056113,-25458.125,43194.375,-16813.125
1056123,-29859.375,20877.5,-4305.0
1056123,-29859.375,20877.5,-4305.0
1056133,-39808.125,1946.875,5547.5
1056133,-39808.125,1946.875,5547.5
1056144,-47626.25,-1990.625,7043.75
1056144,-47626.25,-1990.625,7043.75
1056154,-60379.375,-6610.625,144.375
1056154,-60379.375,-6610.625,144.375
1056164,-83020.0,-15627.5,-11956.875
1056164,-83020.0,-15627.5,-11956.875
1056175,-106505.0,-29820.0,-25191.25
1056175,-106505.0,-29820.0,-25191.25
1056185,-119984.375,-45290.0,-29338.75
1056185,-119984.375,-45290.0,-29338.75
1056195,-130930.625,-73211.25,-47223.75
1056195,-130930.625,-73211.25,-47223.75
1056206,-143360.0,-128126.25,-59290.0
1056206,-143360.0,-128126.25,-59290.0
1056216,-143360.0,-143355.625,-51069.375
1056216,-143360.0,-143355.625,-51069.375
1056227,-143097.5,-143355.625,-45718.75
1056227,-143097.5,-143355.625,-45718.75
1056237,-143360.0,-142940.0,-25952.5
1056237,-143360.0,-142940.0,-25952.5
1056247,-138508.125,-143355.625,8474.375
1056247,-138508.125,-143355.625,8474.375
1056257,-80784.375,-112218.75,-24688.125
1056257,-80784.375,-112218.75,-24688.125
1056268,-59045.0,-113881.25,-49778.75
1056268,-59045.0,-113881.25,-49778.75
1056278,-60886.875,-112805.0,20641.25
1056278,-60886.875,-112805.0,20641.25
1056288,-20330.625,-57776.25,16296.875
1056288,-20330.625,-57776.25,16296.875
1056299,22365.0,-40394.375,7183.75
1056299,22365.0,-40394.375,7183.75
1056309,39488.75,-25427.5,-5376.875
1056309,39488.75,-25427.5,-5376.875
1056319,61718.125,-4252.5,-17583.125
1056319,61718.125,-4252.5,-17583.125
1056329,90549.375,262.5,-18042.5
1056329,90549.375,262.5,-18042.5
1056340,109948.125,11558.75,-12805.625
1056340,109948.125,11558.75,-12805.625
1056350,123366.25,17876.25,-6138.125
1056350,123366.25,17876.25,-6138.125
1056360,130545.625,24018.75,-3675.0
1056360,130545.625,24018.75,-3675.0
1056371,142086.875,82219.375,-24832.5
1056371,142086.875,82219.375,-24832.5
1056381,143355.625,-143360.0,-48667.5
1056381,143355.625,-143360.0,-48667.5
1056391,143198.125,-143360.0,-83650.0
1056391,143198.125,-143360.0,-83650.0
1056402,143303.125,142467.5,-76203.75
1056402,143303.125,142467.5,-76203.75
1056412,143355.625,143290.0,-111116.25
1056412,143355.625,143290.0,-111116.25
1056423,94928.75,108880.625,-15920.625
1056423,94928.75,108880.625,-15920.625
1056433,-58410.625,2117.5,13256.25
1056433,-58410.625,2117.5,13256.25
1056443,-56472.5,-12035.625,-13155.625
1056443,-56472.5,-12035.625,-13155.625
1056453,-103709.375,-26446.875,-5845.0
1056453,-103709.375,-26446.875,-5845.0
1056464,-143360.0,-59841.25,20860.0
1056464,-143360.0,-59841.25,20860.0
1056474,-143360.0,-52889.375,16625.0
1056474,-143360.0,-52889.375,16625.0
1056484,-142358.125,-68363.75,15198.75
1056484,-142358.125,-68363.75,15198.75
1056495,-143360.0,-118002.5,12394.375
1056495,-143360.0,-118002.5,12394.375
1056505,-143360.0,-143355.625,9795.625
1056505,-143360.0,-143355.625,9795.625
1056515,-143338.125,-143355.625,16800.0
1056515,-143338.125,-143355.625,16800.0
1056526,-143360.0,-142804.375,12757.5
1056526,-143360.0,-142804.375,12757.5
1056536,-130930.625,-137589.375,24425.625
1056536,-130930.625,-137589.375,24425.625
1056546,-68683.125,-92001.875,19118.75
1056546,-68683.125,-92001.875,19118.75
1056556,-46195.625,-83685.0,20238.75
1056556,-46195.625,-83685.0,20238.75
1056567,-31920.0,-79030.0,31206.875
1056567,-31920.0,-79030.0,31206.875
1056576,411.25,-33775.0,18803.75
1056576,411.25,-33775.0,18803.75
1056587,35647.5,-12416.25,673.75
1056587,35647.5,-12416.25,673.75
1056598,61481.875,-1684.375,-8710.625
1056598,61481.875,-1684.375,-8710.625
1056608,84240.625,7638.75,-11291.875
1056608,84240.625,7638.75,-11291.875
1056619,115023.125,20737.5,-9003.75
1056619,115023.125,20737.5,-9003.75
1056629,143233.125,48890.625,-12149.375
1056629,143233.125,48890.625,-12149.375
1056639,143355.625,69291.25,-28118.125
1056639,143355.625,69291.25,-28118.125
1056649,142918.125,116099.375,-26993.75
1056649,142918.125,116099.375,-26993.75
1056660,143303.125,-143360.0,-49070.0
1056660,143303.125,-143360.0,-49070.0
1056670,143355.625,-143360.0,-79349.375
1056670,143355.625,-143360.0,-79349.375
1056680,143351.25,142633.75,14393.75
1056680,143351.25,142633.75,14393.75
1056691,143355.625,131976.25,14214.375
1056691,143355.625,131976.25,14214.375
1056701,63494.375,56660.625,-21809.375
1056701,63494.375,56660.625,-21809.375
1056711,-117131.875,-31666.25,-9135.0
1056711,-117131.875,-31666.25,-9135.0
1056721,-143360.0,-62505.625,7918.75
1056721,-143360.0,-62505.625,7918.75
1056732,-141776.25,-79450.0,17775.625
1056732,-141776.25,-79450.0,17775.625
1056742,-142445.625,-80950.625,20947.5
1056742,-142445.625,-80950.625,20947.5
1056752,-143360.0,-99452.5,12350.625
1056752,-143360.0,-99452.5,12350.625
1056763,-143355.625,-133918.75,3526.25
1056763,-143355.625,-133918.75,3526.25
1056773,-143333.75,-143355.625,14122.5
1056773,-143333.75,-143355.625,14122.5
1056782,-143360.0,-143333.75,46550.0
1056782,-143360.0,-143333.75,46550.0
1056794,-143360.0,-143093.125,73990.0
1056794,-143360.0,-143093.125,73990.0
1056804,-134671.25,-142996.875,75315.625
1056804,-134671.25,-142996.875,75315.625
1056815,-76995.625,-115443.125,53436.25
1056815,-76995.625,-115443.125,53436.25
1056825,-38053.75,-73040.625,33250.0
1056825,-38053.75,-73040.625,33250.0
1056835,-17788.75,-53838.75,30331.875
1056835,-17788.75,-53838.75,30331.875
1056846,2795.625,-42231.875,19521.25
1056846,2795.625,-42231.875,19521.25
1056856,40775.0,-15246.875,4541.25
1056856,40775.0,-15246.875,4541.25
1056865,55741.875,2765.0,-18016.25
1056865,55741.875,2765.0,-18016.25
1056876,63822.5,-4270.0,-11506.25
1056876,63822.5,-4270.0,-11506.25
1056887,97041.875,3220.0,-11020.625
1056887,97041.875,3220.0,-11020.625
1056897,127159.375,17968.125,-15894.375
1056897,127159.375,17968.125,-15894.375
1056907,143355.625,38438.75,-28787.5
1056907,143355.625,38438.75,-28787.5
1056918,143355.625,82665.625,-27715.625
1056918,143355.625,82665.625,-27715.625
1056928,142970.625,-143360.0,-54228.125
1056928,142970.625,-143360.0,-54228.125
1056938,143355.625,-143360.0,-85015.0
1056938,143355.625,-143360.0,-85015.0
1056949,143355.625,142078.125,-48580.0
1056949,143355.625,142078.125,-48580.0
1056959,143351.25,138910.625,345.625
1056959,143351.25,138910.625,345.625
1056970,21621.25,28870.625,2314.375
1056970,21621.25,28870.625,2314.375
1056980,-114983.75,-32860.625,10990.0
1056980,-114983.75,-32860.625,10990.0
1056990,-70380.625,-6947.5,5582.5
1056990,-70380.625,-6947.5,5582.5
1057000,-77157.5,-3823.75,13269.375
1057000,-77157.5,-3823.75,13269.375
1057011,-107485.0,-14892.5,21218.75
1057011,-107485.0,-14892.5,21218.75
1057021,-81020.625,-10902.5,17185.0
1057021,-81020.625,-10902.5,17185.0
1057031,-49428.75,-3027.5,7126.875
1057031,-49428.75,-3027.5,7126.875
1057041,-32462.5,2148.125,5022.5
1057041,-32462.5,2148.125,5022.5
1057051,-17014.375,7984.375,5320.0
1057051,-17014.375,7984.375,5320.0
1057062,-10968.125,10766.875,6667.5
1057062,-10968.125,10766.875,6667.5
1057072,-30034.375,-1369.375,7306.25
1057072,-30034.375,-1369.375,7306.25
1057083,-100100.0,-38526.25,9528.75
1057083,-100100.0,-38526.25,9528.75
1057093,-143360.0,-74978.75,761.25
1057093,-143360.0,-74978.75,761.25
1057103,-143360.0,-110971.875,-61.25
1057103,-143360.0,-110971.875,-61.25
1057114,-142393.125,-137383.75,-7157.5
1057114,-142393.125,-137383.75,-7157.5
1057124,-143360.0,-143355.625,-4370.625
1057124,-143360.0,-143355.625,-4370.625
1057134,-143360.0,-143268.125,-9218.125
1057134,-143360.0,-143268.125,-9218.125
1057145,-143338.125,-143185.0,-18108.125
1057145,-143338.125,-143185.0,-18108.125
1057155,-143360.0,-137602.5,5359.375
1057155,-143360.0,-137602.5,5359.375
1057165,-140161.875,-112520.625,14223.125
1057165,-140161.875,-112520.625,14223.125
1057176,-116593.75,-115850.0,26411.875
1057176,-116593.75,-115850.0,26411.875
1057185,-80793.125,-98564.375,23743.125
1057185,-80793.125,-98564.375,23743.125
1057196,-41081.25,-54827.5,2848.125
1057196,-41081.25,-54827.5,2848.125
1057206,-10714.375,-19315.625,-18690.0
1057206,-10714.375,-19315.625,-18690.0
1057217,13361.25,4974.375,-20448.75
1057217,13361.25,4974.375,-20448.75
1057227,56603.75,22137.5,-14542.5
1057227,56603.75,22137.5,-14542.5
1057238,129141.25,77516.25,-24193.75
1057238,129141.25,77516.25,-24193.75
1057248,143355.625,76846.875,-16113.125
1057248,143355.625,76846.875,-16113.125
1057258,142782.5,72616.25,-16568.125
1057258,142782.5,72616.25,-16568.125
1057268,142896.25,121900.625,-40516.875
1057268,142896.25,121900.625,-40516.875
1057279,143355.625,-143360.0,-82311.25
1057279,143355.625,-143360.0,-82311.25
1057289,143355.625,-143360.0,-58515.625
1057289,143355.625,-143360.0,-58515.625
1057299,143346.875,142808.75,-33635.0
1057299,143346.875,142808.75,-33635.0
1057310,140927.5,136377.5,-23191.875
1057310,140927.5,136377.5,-23191.875
1057320,55335.0,56297.5,-5998.125
1057320,55335.0,56297.5,-5998.125
1057330,-28100.625,-9331.875,-1732.5
1057330,-28100.625,-9331.875,-1732.5
1057341,-18602.5,-9401.875,5263.125
1057341,-18602.5,-9401.875,5263.125
1057351,-47971.875,-20636.875,13943.125
1057351,-47971.875,-20636.875,13943.125
1057361,-87220.0,-24014.375,13142.5
1057361,-87220.0,-24014.375,13142.5
1057372,-105131.25,-15487.5,12385.625
1057372,-105131.25,-15487.5,12385.625
1057382,-118588.75,-23305.625,17045.0
1057382,-118588.75,-23305.625,17045.0
1057392,-122434.375,-46344.375,14721.875
1057392,-122434.375,-46344.375,14721.875
1057403,-123497.5,-81519.375,14166.25
1057403,-123497.5,-81519.375,14166.25
1057413,-116011.875,-106561.875,25396.875
1057413,-116011.875,-106561.875,25396.875
1057423,-95532.5,-119905.625,38342.5
1057423,-95532.5,-119905.625,38342.5
1057434,-100415.0,-139527.5,50986.25
1057434,-100415.0,-139527.5,50986.25
1057444,-126393.75,-143355.625,58638.125
1057444,-126393.75,-143355.625,58638.125
1057454,-127290.625,-142870.0,62558.125
1057454,-127290.625,-142870.0,62558.125
1057465,-102777.5,-112993.125,44839.375
1057465,-102777.5,-112993.125,44839.375
1057475,-55431.25,-43382.5,15115.625
1057475,-55431.25,-43382.5,15115.625
1057485,-20838.125,-14258.125,21.875
1057485,-20838.125,-14258.125,21.875
1057495,-7389.375,-18641.875,1120.0
1057495,-7389.375,-18641.875,1120.0
1057506,6610.625,-11641.875,-6851.25
1057506,6610.625,-11641.875,-6851.25
1057516,35612.5,8273.125,-14945.0
1057516,35612.5,8273.125,-14945.0
1057526,45298.75,-2865.625,-10491.25
1057526,45298.75,-2865.625,-10491.25
1057537,39821.25,-4453.75,-9576.875
1057537,39821.25,-4453.75,-9576.875
1057547,60895.625,-166.25,-4186.875
1057547,60895.625,-166.25,-4186.875
1057557,75079.375,5385.625,1719.375
1057557,75079.375,5385.625,1719.375
1057568,84035.0,5210.625,11383.75
1057568,84035.0,5210.625,11383.75
1057578,91105.0,8369.375,5726.875
1057578,91105.0,8369.375,5726.875
1057589,126748.125,64277.5,-20190.625
1057589,126748.125,64277.5,-20190.625
1057599,143355.625,131215.0,-32309.375
1057599,143355.625,131215.0,-32309.375
1057609,143355.625,-143360.0,-35599.375
1057609,143355.625,-143360.0,-35599.375
1057619,142905.0,-143360.0,-47858.125
1057619,142905.0,-143360.0,-47858.125
1057630,122513.125,131197.5,-55470.625
1057630,122513.125,131197.5,-55470.625
1057640,-27877.5,36710.625,-4353.125
1057640,-27877.5,36710.625,-4353.125
1057650,-143360.0,-32449.375,32156.25
1057650,-143360.0,-32449.375,32156.25
1057660,-141316.875,-35122.5,26057.5
1057660,-141316.875,-35122.5,26057.5
1057671,-113207.5,-30642.5,12223.75
1057671,-113207.5,-30642.5,12223.75
1057681,-108294.375,-32278.75,9353.75
1057681,-108294.375,-32278.75,9353.75
1057692,-72913.75,-22386.875,6002.5
1057692,-72913.75,-22386.875,6002.5
1057702,-36146.25,-15662.5,5346.25
1057702,-36146.25,-15662.5,5346.25
1057712,-22824.375,-13418.125,6943.125
1057712,-22824.375,-13418.125,6943.125
1057722,-7284.375,-6037.5,4095.0
1057722,-7284.375,-6037.5,4095.0
1057733,6549.375,-463.75,1290.625
1057733,6549.375,-463.75,1290.625
1057743,19215.0,1680.0,319.375
1057743,19215.0,1680.0,319.375
1057753,35490.0,3863.125,-227.5
1057753,35490.0,3863.125,-227.5
1057764,46773.125,5044.375,-266.875
1057764,46773.125,5044.375,-266.875
1057774,43583.75,3097.5,218.75
1057774,43583.75,3097.5,218.75
1057784,32812.5,-896.875,245.0
1057784,32812.5,-896.875,245.0
1057795,26131.875,-1483.125,-525.0
1057795,26131.875,-1483.125,-525.0
1057805,22456.875,665.0,-2156.875
1057805,22456.875,665.0,-2156.875
1057815,16244.375,988.75,-4011.875
1057815,16244.375,988.75,-4011.875
1057826,13558.125,1898.75,-4081.875
1057826,13558.125,1898.75,-4081.875
1057836,13619.375,2003.75,-3451.875
1057836,13619.375,2003.75,-3451.875
1057846,11396.875,1649.375,-1745.625
1057846,11396.875,1649.375,-1745.625
1057857,6370.0,1299.375,-21.875
1057857,6370.0,1299.375,-21.875
1057867,1111.25,-332.5,433.125
1057867,1111.25,-332.5,433.125
1057877,-1999.375,-2226.875,656.25
1057877,-1999.375,-2226.875,656.25
1057887,-1645.0,-2922.5,1316.875
1057887,-1645.0,-2922.5,1316.875
1057897,-735.0,-1281.875,2428.125
1057897,-735.0,-1281.875,2428.125
1057908,-122.5,1535.625,3438.75
1057908,-122.5,1535.625,3438.75
1057918,1225.0,2336.25,3246.25
1057918,1225.0,2336.25,3246.25
1057929,1863.75,1666.875,2913.75
1057929,1863.75,1666.875,2913.75
1057939,1763.125,949.375,2878.75
1057939,1763.125,949.375,2878.75
1057949,2353.75,936.25,3176.25
1057949,2353.75,936.25,3176.25
1057960,3403.75,1645.0,3858.75
1057960,3403.75,1645.0,3858.75
1057970,5018.125,3749.375,4606.875
1057970,5018.125,3749.375,4606.875
1057981,6658.75,4847.5,4554.375
1057981,6658.75,4847.5,4554.375
1057991,6020.0,3198.125,3731.875
1057991,6020.0,3198.125,3731.875
1058001,4401.25,1058.75,2441.25
1058001,4401.25,1058.75,2441.25
1058011,3723.125,13.125,2353.75
1058011,3723.125,13.125,2353.75
1058022,3963.75,175.0,3351.25
1058022,3963.75,175.0,3351.25
1058032,5223.75,1999.375,3710.0
1058032,5223.75,1999.375,3710.0
1058042,5993.75,3469.375,3552.5
1058042,5993.75,3469.375,3552.5
1058053,6081.25,2988.125,2480.625
1058053,6081.25,2988.125,2480.625
1058063,5276.25,1828.75,936.25
1058063,5276.25,1828.75,936.25
1058073,4558.75,730.625,402.5
1058073,4558.75,730.625,402.5
1058084,3906.875,266.875,511.875
1058084,3906.875,266.875,511.875
1058094,3591.875,678.125,625.625
1058094,3591.875,678.125,625.625
1058104,4256.875,1618.75,586.25
1058104,4256.875,1618.75,586.25
1058113,5079.375,2135.0,380.625
1058113,5079.375,2135.0,380.625
1058125,5228.125,1233.75,634.375
1058125,5228.125,1233.75,634.375
1058134,4151.875,-455.0,700.0
1058134,4151.875,-455.0,700.0
1058145,2896.25,-1868.125,183.75
1058145,2896.25,-1868.125,183.75
1058156,1417.5,-3001.25,643.125
1058156,1417.5,-3001.25,643.125
1058166,1321.25,-3001.25,1246.875
1058166,1321.25,-3001.25,1246.875
1058177,2301.25,-2642.5,1675.625
1058177,2301.25,-2642.5,1675.625
1058187,3395.0,-2690.625,2524.375
1058187,3395.0,-2690.625,2524.375
1058197,2563.75,-2550.625,2590.0
1058197,2563.75,-2550.625,2590.0
1058208,-647.5,-2865.625,2257.5
1058208,-647.5,-2865.625,2257.5
1058217,-2716.875,-3460.625,2240.0
1058217,-2716.875,-3460.625,2240.0
1058228,-2786.875,-3959.375,1925.0
1058228,-2786.875,-3959.375,1925.0
1058238,-1885.625,-3753.75,1365.0
1058238,-1885.625,-3753.75,1365.0
1058249,-2695.0,-2572.5,1176.875
1058249,-2695.0,-2572.5,1176.875
1058259,-6483.75,-1518.125,1942.5
1058259,-6483.75,-1518.125,1942.5
1058269,-7621.25,-1316.875,2813.125
1058269,-7621.25,-1316.875,2813.125
1058280,-5880.0,-682.5,3290.0
1058280,-5880.0,-682.5,3290.0
1058290,-4270.0,-118.125,3644.375
1058290,-4270.0,-118.125,3644.375
1058300,-1745.625,415.625,3158.75
1058300,-1745.625,415.625,3158.75
1058311,196.875,800.625,2327.5
1058311,196.875,800.625,2327.5
1058321,805.0,485.625,2275.0
1058321,805.0,485.625,2275.0
1058332,1146.25,883.75,3058.125
1058332,1146.25,883.75,3058.125
1058341,857.5,691.25,3920.0
1058341,857.5,691.25,3920.0
1058352,1461.25,196.875,3749.375
1058352,1461.25,196.875,3749.375
1058362,2743.125,-126.875,2620.625
1058362,2743.125,-126.875,2620.625
1058373,2926.875,-538.125,1872.5
1058373,2926.875,-538.125,1872.5
1058383,2817.5,-538.125,1824.375
1058383,2817.5,-538.125,1824.375
1058392,2769.375,306.25,1688.75
1058392,2769.375,306.25,1688.75
1058404,3500.0,892.5,1824.375
1058404,3500.0,892.5,1824.375
1058414,4541.25,840.0,1798.125
1058414,4541.25,840.0,1798.125
1058424,4270.0,682.5,1194.375
1058424,4270.0,682.5,1194.375
1058434,2975.0,161.875,1106.875
1058434,2975.0,161.875,1106.875
1058444,1890.0,122.5,1386.875
1058444,1890.0,122.5,1386.875
1058455,1815.625,358.75,1155.0
1058455,1815.625,358.75,1155.0
