1099095,171.875,546.875,828.125,-125.0,-765.625,671.875,195.3125,-976.5625,187.5,570.3125,-812.5,-23.4375,625.0,-765.625,78.125
1099095,171.875,546.875,828.125,-125.0,-765.625,671.875,195.3125,-976.5625,187.5,570.3125,-812.5,-23.4375,625.0,-765.625,78.125
1099103,179.6875,546.875,820.3125,-132.8125,-765.625,671.875,203.125,-976.5625,195.3125,578.125,-812.5,-23.4375,625.0,-773.4375,70.3125
1099103,179.6875,546.875,820.3125,-132.8125,-765.625,671.875,203.125,-976.5625,195.3125,578.125,-812.5,-23.4375,625.0,-773.4375,70.3125
1099111,171.875,546.875,820.3125,-132.8125,-765.625,664.0625,195.3125,-976.5625,195.3125,570.3125,-812.5,-31.25,632.8125,-773.4375,78.125
1099111,171.875,546.875,820.3125,-132.8125,-765.625,664.0625,195.3125,-976.5625,195.3125,570.3125,-812.5,-31.25,632.8125,-773.4375,78.125
1099111,171.875,539.0625,820.3125,-125.0,-773.4375,664.0625,203.125,-976.5625,187.5,578.125,-804.6875,-31.25,617.1875,-773.4375,70.3125
1099111,171.875,539.0625,820.3125,-125.0,-773.4375,664.0625,203.125,-976.5625,187.5,578.125,-804.6875,-31.25,617.1875,-773.4375,70.3125
1099255,171.875,539.0625,812.5,-132.8125,-757.8125,671.875,195.3125,-976.5625,195.3125,578.125,-804.6875,-23.4375,632.8125,-773.4375,78.125
1099255,171.875,539.0625,812.5,-132.8125,-757.8125,671.875,195.3125,-976.5625,195.3125,578.125,-804.6875,-23.4375,632.8125,-773.4375,78.125
1099264,164.0625,539.0625,812.5,-132.8125,-765.625,664.0625,195.3125,-968.75,195.3125,578.125,-804.6875,-23.4375,625.0,-773.4375,70.3125
1099264,164.0625,539.0625,812.5,-132.8125,-765.625,664.0625,195.3125,-968.75,195.3125,578.125,-804.6875,-23.4375,625.0,-773.4375,70.3125
1099272,164.0625,539.0625,820.3125,-132.8125,-765.625,664.0625,195.3125,-976.5625,187.5,578.125,-804.6875,-39.0625,632.8125,-773.4375,70.3125
1099272,164.0625,539.0625,820.3125,-132.8125,-765.625,664.0625,195.3125,-976.5625,187.5,578.125,-804.6875,-39.0625,632.8125,-773.4375,70.3125
1099272,164.0625,546.875,812.5,-132.8125,-773.4375,671.875,195.3125,-968.75,203.125,585.9375,-804.6875,-31.25,632.8125,-773.4375,78.125
1099272,164.0625,546.875,812.5,-132.8125,-773.4375,671.875,195.3125,-968.75,203.125,585.9375,-804.6875,-31.25,632.8125,-773.4375,78.125
1099337,171.875,554.6875,812.5,-132.8125,-757.8125,671.875,195.3125,-968.75,195.3125,570.3125,-804.6875,-15.625,617.1875,-773.4375,78.125
1099337,171.875,554.6875,812.5,-132.8125,-757.8125,671.875,195.3125,-968.75,195.3125,570.3125,-804.6875,-15.625,617.1875,-773.4375,78.125
1099345,171.875,554.6875,820.3125,-125.0,-757.8125,679.6875,195.3125,-976.5625,203.125,570.3125,-812.5,-31.25,625.0,-765.625,78.125
1099345,171.875,554.6875,820.3125,-125.0,-757.8125,679.6875,195.3125,-976.5625,203.125,570.3125,-812.5,-31.25,625.0,-765.625,78.125
1099353,171.875,546.875,820.3125,-132.8125,-765.625,679.6875,203.125,-976.5625,203.125,578.125,-804.6875,-23.4375,632.8125,-773.4375,78.125
1099353,171.875,546.875,820.3125,-132.8125,-765.625,679.6875,203.125,-976.5625,203.125,578.125,-804.6875,-23.4375,632.8125,-773.4375,78.125
1099353,179.6875,546.875,820.3125,-132.8125,-765.625,671.875,187.5,-976.5625,203.125,578.125,-820.3125,-23.4375,625.0,-781.25,78.125
1099353,179.6875,546.875,820.3125,-132.8125,-765.625,671.875,187.5,-976.5625,203.125,578.125,-820.3125,-23.4375,625.0,-781.25,78.125
1099498,195.3125,578.125,828.125,-125.0,-781.25,734.375,218.75,-1015.625,242.1875,632.8125,-843.75,15.625,679.6875,-796.875,140.625
1099498,195.3125,578.125,828.125,-125.0,-781.25,734.375,218.75,-1015.625,242.1875,632.8125,-843.75,15.625,679.6875,-796.875,140.625
1099506,203.125,578.125,835.9375,-125.0,-781.25,734.375,210.9375,-1023.4375,250.0,632.8125,-835.9375,7.8125,664.0625,-796.875,132.8125
1099506,203.125,578.125,835.9375,-125.0,-781.25,734.375,210.9375,-1023.4375,250.0,632.8125,-835.9375,7.8125,664.0625,-796.875,132.8125
1099514,195.3125,570.3125,828.125,-132.8125,-789.0625,742.1875,218.75,-1023.4375,250.0,632.8125,-859.375,15.625,687.5,-796.875,132.8125
1099514,195.3125,570.3125,828.125,-132.8125,-789.0625,742.1875,218.75,-1023.4375,250.0,632.8125,-859.375,15.625,687.5,-796.875,132.8125
1099514,195.3125,570.3125,828.125,-125.0,-781.25,734.375,218.75,-1023.4375,250.0,625.0,-851.5625,31.25,679.6875,-804.6875,132.8125
1099514,195.3125,570.3125,828.125,-125.0,-781.25,734.375,218.75,-1023.4375,250.0,625.0,-851.5625,31.25,679.6875,-804.6875,132.8125
1099660,265.625,625.0,812.5,-78.125,-750.0,804.6875,265.625,-1039.0625,312.5,679.6875,-851.5625,85.9375,718.75,-789.0625,203.125
1099660,265.625,625.0,812.5,-78.125,-750.0,804.6875,265.625,-1039.0625,312.5,679.6875,-851.5625,85.9375,718.75,-789.0625,203.125
1099668,296.875,632.8125,820.3125,-117.1875,-734.375,796.875,234.375,-1031.25,312.5,703.125,-859.375,78.125,718.75,-796.875,203.125
1099668,296.875,632.8125,820.3125,-117.1875,-734.375,796.875,234.375,-1031.25,312.5,703.125,-859.375,78.125,718.75,-796.875,203.125
1099676,304.6875,625.0,812.5,-117.1875,-750.0,820.3125,257.8125,-1031.25,328.125,671.875,-859.375,93.75,718.75,-804.6875,210.9375
1099676,304.6875,625.0,812.5,-117.1875,-750.0,820.3125,257.8125,-1031.25,328.125,671.875,-859.375,93.75,718.75,-804.6875,210.9375
1099676,304.6875,648.4375,812.5,-85.9375,-734.375,867.1875,250.0,-1031.25,343.75,687.5,-875.0,93.75,718.75,-804.6875,226.5625
1099676,304.6875,648.4375,812.5,-85.9375,-734.375,867.1875,250.0,-1031.25,343.75,687.5,-875.0,93.75,718.75,-804.6875,226.5625
1099821,242.1875,960.9375,820.3125,-78.125,-617.1875,968.75,226.5625,-1015.625,398.4375,609.375,-867.1875,156.25,640.625,-859.375,273.4375
1099821,242.1875,960.9375,820.3125,-78.125,-617.1875,968.75,226.5625,-1015.625,398.4375,609.375,-867.1875,156.25,640.625,-859.375,273.4375
1099829,265.625,992.1875,890.625,-85.9375,-617.1875,937.5,226.5625,-1000.0,390.625,585.9375,-875.0,148.4375,625.0,-835.9375,281.25
1099829,265.625,992.1875,890.625,-85.9375,-617.1875,937.5,226.5625,-1000.0,390.625,585.9375,-875.0,148.4375,625.0,-835.9375,281.25
1099837,257.8125,1054.6875,882.8125,-109.375,-648.4375,906.25,226.5625,-984.375,382.8125,554.6875,-875.0,117.1875,585.9375,-843.75,242.1875
1099837,257.8125,1054.6875,882.8125,-109.375,-648.4375,906.25,226.5625,-984.375,382.8125,554.6875,-875.0,117.1875,585.9375,-843.75,242.1875
1099837,273.4375,1085.9375,945.3125,-109.375,-632.8125,875.0,210.9375,-968.75,343.75,546.875,-875.0,93.75,562.5,-851.5625,187.5
1099837,273.4375,1085.9375,945.3125,-109.375,-632.8125,875.0,210.9375,-968.75,343.75,546.875,-875.0,93.75,562.5,-851.5625,187.5
1099982,-406.25,359.375,507.8125,-320.3125,-570.3125,296.875,-171.875,-648.4375,117.1875,70.3125,-726.5625,-31.25,156.25,-757.8125,132.8125
1099982,-406.25,359.375,507.8125,-320.3125,-570.3125,296.875,-171.875,-648.4375,117.1875,70.3125,-726.5625,-31.25,156.25,-757.8125,132.8125
1099990,-429.6875,343.75,484.375,-429.6875,-554.6875,281.25,-195.3125,-632.8125,101.5625,39.0625,-687.5,-46.875,117.1875,-703.125,109.375
1099990,-429.6875,343.75,484.375,-429.6875,-554.6875,281.25,-195.3125,-632.8125,101.5625,39.0625,-687.5,-46.875,117.1875,-703.125,109.375
1099998,-429.6875,281.25,492.1875,-390.625,-562.5,265.625,-203.125,-593.75,93.75,0.0,-664.0625,-54.6875,70.3125,-679.6875,78.125
1099998,-429.6875,281.25,492.1875,-390.625,-562.5,265.625,-203.125,-593.75,93.75,0.0,-664.0625,-54.6875,70.3125,-679.6875,78.125
1099998,-445.3125,250.0,476.5625,-429.6875,-609.375,250.0,-218.75,-554.6875,85.9375,-31.25,-640.625,-54.6875,31.25,-679.6875,70.3125
1099998,-445.3125,250.0,476.5625,-429.6875,-609.375,250.0,-218.75,-554.6875,85.9375,-31.25,-640.625,-54.6875,31.25,-679.6875,70.3125
1100143,-796.875,-23.4375,421.875,-703.125,-507.8125,265.625,-609.375,-640.625,156.25,-437.5,-789.0625,-85.9375,-523.4375,-726.5625,15.625
1100143,-796.875,-23.4375,421.875,-703.125,-507.8125,265.625,-609.375,-640.625,156.25,-437.5,-789.0625,-85.9375,-523.4375,-726.5625,15.625
1100151,-726.5625,39.0625,468.75,-703.125,-523.4375,281.25,-609.375,-648.4375,156.25,-437.5,-804.6875,-70.3125,-546.875,-687.5,7.8125
1100151,-726.5625,39.0625,468.75,-703.125,-523.4375,281.25,-609.375,-648.4375,156.25,-437.5,-804.6875,-70.3125,-546.875,-687.5,7.8125
1100159,-687.5,93.75,515.625,-703.125,-515.625,273.4375,-625.0,-648.4375,156.25,-445.3125,-781.25,-70.3125,-578.125,-679.6875,0.0
1100159,-687.5,93.75,515.625,-703.125,-515.625,273.4375,-625.0,-648.4375,156.25,-445.3125,-781.25,-70.3125,-578.125,-679.6875,0.0
1100159,-750.0,101.5625,500.0,-710.9375,-523.4375,273.4375,-625.0,-632.8125,164.0625,-460.9375,-750.0,-46.875,-593.75,-656.25,-39.0625
1100159,-750.0,101.5625,500.0,-710.9375,-523.4375,273.4375,-625.0,-632.8125,164.0625,-460.9375,-750.0,-46.875,-593.75,-656.25,-39.0625
1100305,-804.6875,-320.3125,523.4375,-929.6875,-601.5625,93.75,-851.5625,-664.0625,31.25,-757.8125,-757.8125,-164.0625,-851.5625,-609.375,-140.625
1100305,-804.6875,-320.3125,523.4375,-929.6875,-601.5625,93.75,-851.5625,-664.0625,31.25,-757.8125,-757.8125,-164.0625,-851.5625,-609.375,-140.625
1100313,-828.125,-335.9375,507.8125,-914.0625,-609.375,93.75,-851.5625,-679.6875,23.4375,-726.5625,-757.8125,-171.875,-859.375,-601.5625,-164.0625
1100313,-828.125,-335.9375,507.8125,-914.0625,-609.375,93.75,-851.5625,-679.6875,23.4375,-726.5625,-757.8125,-171.875,-859.375,-601.5625,-164.0625
1100320,-835.9375,-367.1875,492.1875,-914.0625,-609.375,109.375,-835.9375,-664.0625,39.0625,-734.375,-750.0,-179.6875,-828.125,-601.5625,-156.25
1100320,-835.9375,-367.1875,492.1875,-914.0625,-609.375,109.375,-835.9375,-664.0625,39.0625,-734.375,-750.0,-179.6875,-828.125,-601.5625,-156.25
1100321,-828.125,-460.9375,453.125,-867.1875,-617.1875,117.1875,-820.3125,-687.5,31.25,-734.375,-765.625,-171.875,-835.9375,-617.1875,-148.4375
1100321,-828.125,-460.9375,453.125,-867.1875,-617.1875,117.1875,-820.3125,-687.5,31.25,-734.375,-765.625,-171.875,-835.9375,-617.1875,-148.4375
1100466,-820.3125,-468.75,476.5625,-906.25,-539.0625,15.625,-914.0625,-562.5,-31.25,-843.75,-609.375,-257.8125,-992.1875,-453.125,-250.0
1100466,-820.3125,-468.75,476.5625,-906.25,-539.0625,15.625,-914.0625,-562.5,-31.25,-843.75,-609.375,-257.8125,-992.1875,-453.125,-250.0
1100474,-820.3125,-484.375,445.3125,-906.25,-554.6875,31.25,-882.8125,-546.875,-70.3125,-781.25,-585.9375,-226.5625,-1000.0,-437.5,-234.375
1100474,-820.3125,-484.375,445.3125,-906.25,-554.6875,31.25,-882.8125,-546.875,-70.3125,-781.25,-585.9375,-226.5625,-1000.0,-437.5,-234.375
1100482,-828.125,-476.5625,445.3125,-906.25,-578.125,31.25,-898.4375,-546.875,-39.0625,-835.9375,-562.5,-218.75,-929.6875,-367.1875,-171.875
1100482,-828.125,-476.5625,445.3125,-906.25,-578.125,31.25,-898.4375,-546.875,-39.0625,-835.9375,-562.5,-218.75,-929.6875,-367.1875,-171.875
1100482,-820.3125,-460.9375,460.9375,-882.8125,-554.6875,31.25,-875.0,-570.3125,-46.875,-796.875,-656.25,-195.3125,-937.5,-484.375,-132.8125
1100482,-820.3125,-460.9375,460.9375,-882.8125,-554.6875,31.25,-875.0,-570.3125,-46.875,-796.875,-656.25,-195.3125,-937.5,-484.375,-132.8125
1100627,-429.6875,-125.0,843.75,-929.6875,-500.0,-54.6875,-914.0625,-429.6875,-7.8125,-835.9375,-523.4375,-78.125,-867.1875,-351.5625,117.1875
1100627,-429.6875,-125.0,843.75,-929.6875,-500.0,-54.6875,-914.0625,-429.6875,-7.8125,-835.9375,-523.4375,-78.125,-867.1875,-351.5625,117.1875
1100635,-375.0,7.8125,781.25,-882.8125,-531.25,-31.25,-875.0,-468.75,-78.125,-828.125,-437.5,-15.625,-867.1875,-382.8125,156.25
1100635,-375.0,7.8125,781.25,-882.8125,-531.25,-31.25,-875.0,-468.75,-78.125,-828.125,-437.5,-15.625,-867.1875,-382.8125,156.25
1100643,-406.25,0.0,789.0625,-734.375,-640.625,-39.0625,-945.3125,-679.6875,-70.3125,-898.4375,-609.375,-101.5625,-859.375,-445.3125,257.8125
1100643,-406.25,0.0,789.0625,-734.375,-640.625,-39.0625,-945.3125,-679.6875,-70.3125,-898.4375,-609.375,-101.5625,-859.375,-445.3125,257.8125
1100643,-531.25,-7.8125,687.5,-726.5625,-710.9375,-54.6875,-875.0,-523.4375,-109.375,-976.5625,-570.3125,-117.1875,-945.3125,-429.6875,335.9375
1100643,-531.25,-7.8125,687.5,-726.5625,-710.9375,-54.6875,-875.0,-523.4375,-109.375,-976.5625,-570.3125,-117.1875,-945.3125,-429.6875,335.9375
1100789,-531.25,320.3125,726.5625,-1070.3125,-734.375,-484.375,-984.375,-531.25,-85.9375,-742.1875,-539.0625,179.6875,-656.25,-335.9375,421.875
1100789,-531.25,320.3125,726.5625,-1070.3125,-734.375,-484.375,-984.375,-531.25,-85.9375,-742.1875,-539.0625,179.6875,-656.25,-335.9375,421.875
1100797,-656.25,359.375,648.4375,-1164.0625,-890.625,-546.875,-1062.5,-640.625,-179.6875,-781.25,-609.375,140.625,-664.0625,-359.375,437.5
1100797,-656.25,359.375,648.4375,-1164.0625,-890.625,-546.875,-1062.5,-640.625,-179.6875,-781.25,-609.375,140.625,-664.0625,-359.375,437.5
1100804,-804.6875,398.4375,460.9375,-1000.0,-914.0625,-546.875,-1101.5625,-632.8125,-234.375,-812.5,-625.0,125.0,-687.5,-375.0,445.3125
1100804,-804.6875,398.4375,460.9375,-1000.0,-914.0625,-546.875,-1101.5625,-632.8125,-234.375,-812.5,-625.0,125.0,-687.5,-375.0,445.3125
1100805,-867.1875,359.375,382.8125,-1078.125,-906.25,-453.125,-1039.0625,-632.8125,-164.0625,-835.9375,-679.6875,101.5625,-796.875,-468.75,476.5625
1100805,-867.1875,359.375,382.8125,-1078.125,-906.25,-453.125,-1039.0625,-632.8125,-164.0625,-835.9375,-679.6875,101.5625,-796.875,-468.75,476.5625
1100950,-859.375,-320.3125,445.3125,-914.0625,-648.4375,-7.8125,-976.5625,-507.8125,-23.4375,-945.3125,-585.9375,70.3125,-984.375,-382.8125,382.8125
1100950,-859.375,-320.3125,445.3125,-914.0625,-648.4375,-7.8125,-976.5625,-507.8125,-23.4375,-945.3125,-585.9375,70.3125,-984.375,-382.8125,382.8125
1100958,-875.0,-289.0625,437.5,-914.0625,-625.0,-54.6875,-953.125,-507.8125,-78.125,-960.9375,-562.5,70.3125,-929.6875,-359.375,359.375
1100958,-875.0,-289.0625,437.5,-914.0625,-625.0,-54.6875,-953.125,-507.8125,-78.125,-960.9375,-562.5,70.3125,-929.6875,-359.375,359.375
1100966,-828.125,-257.8125,507.8125,-937.5,-695.3125,-140.625,-1007.8125,-531.25,-109.375,-929.6875,-570.3125,62.5,-906.25,-375.0,359.375
1100966,-828.125,-257.8125,507.8125,-937.5,-695.3125,-140.625,-1007.8125,-531.25,-109.375,-929.6875,-570.3125,62.5,-906.25,-375.0,359.375
1100966,-789.0625,-203.125,562.5,-851.5625,-617.1875,-156.25,-992.1875,-539.0625,-132.8125,-890.625,-585.9375,39.0625,-890.625,-382.8125,359.375
1100966,-789.0625,-203.125,562.5,-851.5625,-617.1875,-156.25,-992.1875,-539.0625,-132.8125,-890.625,-585.9375,39.0625,-890.625,-382.8125,359.375
1101111,-750.0,-1500.0,23.4375,-726.5625,-601.5625,210.9375,-640.625,-648.4375,171.875,-773.4375,-664.0625,54.6875,-921.875,-523.4375,359.375
1101111,-750.0,-1500.0,23.4375,-726.5625,-601.5625,210.9375,-640.625,-648.4375,171.875,-773.4375,-664.0625,54.6875,-921.875,-523.4375,359.375
1101119,-898.4375,-1546.875,-78.125,-757.8125,-750.0,62.5,-710.9375,-695.3125,117.1875,-750.0,-726.5625,78.125,-875.0,-578.125,421.875
1101119,-898.4375,-1546.875,-78.125,-757.8125,-750.0,62.5,-710.9375,-695.3125,117.1875,-750.0,-726.5625,78.125,-875.0,-578.125,421.875
1101127,-1039.0625,-1664.0625,-140.625,-843.75,-734.375,85.9375,-789.0625,-718.75,85.9375,-757.8125,-765.625,85.9375,-812.5,-570.3125,421.875
1101127,-1039.0625,-1664.0625,-140.625,-843.75,-734.375,85.9375,-789.0625,-718.75,85.9375,-757.8125,-765.625,85.9375,-812.5,-570.3125,421.875
1101127,-1148.4375,-1757.8125,-23.4375,-890.625,-671.875,70.3125,-843.75,-671.875,140.625,-765.625,-671.875,117.1875,-773.4375,-601.5625,562.5
1101127,-1148.4375,-1757.8125,-23.4375,-890.625,-671.875,70.3125,-843.75,-671.875,140.625,-765.625,-671.875,117.1875,-773.4375,-601.5625,562.5
1101272,-492.1875,218.75,835.9375,-812.5,-593.75,-109.375,-851.5625,-515.625,-109.375,-898.4375,-546.875,-54.6875,-937.5,-406.25,242.1875
1101272,-492.1875,218.75,835.9375,-812.5,-593.75,-109.375,-851.5625,-515.625,-109.375,-898.4375,-546.875,-54.6875,-937.5,-406.25,242.1875
1101279,-539.0625,171.875,789.0625,-750.0,-554.6875,-54.6875,-851.5625,-531.25,-125.0,-929.6875,-585.9375,-54.6875,-984.375,-445.3125,281.25
1101279,-539.0625,171.875,789.0625,-750.0,-554.6875,-54.6875,-851.5625,-531.25,-125.0,-929.6875,-585.9375,-54.6875,-984.375,-445.3125,281.25
1101288,-523.4375,242.1875,765.625,-765.625,-554.6875,-62.5,-875.0,-562.5,-132.8125,-945.3125,-609.375,-54.6875,-1023.4375,-468.75,289.0625
1101288,-523.4375,242.1875,765.625,-765.625,-554.6875,-62.5,-875.0,-562.5,-132.8125,-945.3125,-609.375,-54.6875,-1023.4375,-468.75,289.0625
1101288,-523.4375,304.6875,843.75,-789.0625,-601.5625,-93.75,-828.125,-562.5,-109.375,-921.875,-601.5625,-46.875,-1000.0,-453.125,289.0625
1101288,-523.4375,304.6875,843.75,-789.0625,-601.5625,-93.75,-828.125,-562.5,-109.375,-921.875,-601.5625,-46.875,-1000.0,-453.125,289.0625
1101433,-890.625,-1375.0,54.6875,-929.6875,-710.9375,-7.8125,-789.0625,-632.8125,101.5625,-734.375,-679.6875,23.4375,-789.0625,-531.25,312.5
1101433,-890.625,-1375.0,54.6875,-929.6875,-710.9375,-7.8125,-789.0625,-632.8125,101.5625,-734.375,-679.6875,23.4375,-789.0625,-531.25,312.5
1101441,-859.375,-1179.6875,171.875,-945.3125,-640.625,7.8125,-812.5,-609.375,62.5,-703.125,-664.0625,15.625,-742.1875,-507.8125,304.6875
1101441,-859.375,-1179.6875,171.875,-945.3125,-640.625,7.8125,-812.5,-609.375,62.5,-703.125,-664.0625,15.625,-742.1875,-507.8125,304.6875
1101449,-757.8125,-953.125,304.6875,-906.25,-632.8125,70.3125,-828.125,-609.375,54.6875,-726.5625,-656.25,7.8125,-718.75,-500.0,296.875
1101449,-757.8125,-953.125,304.6875,-906.25,-632.8125,70.3125,-828.125,-609.375,54.6875,-726.5625,-656.25,7.8125,-718.75,-500.0,296.875
1101449,-578.125,-726.5625,398.4375,-789.0625,-632.8125,101.5625,-796.875,-617.1875,54.6875,-757.8125,-671.875,-15.625,-765.625,-507.8125,296.875
1101449,-578.125,-726.5625,398.4375,-789.0625,-632.8125,101.5625,-796.875,-617.1875,54.6875,-757.8125,-671.875,-15.625,-765.625,-507.8125,296.875
1101595,-523.4375,156.25,898.4375,-742.1875,-648.4375,-23.4375,-820.3125,-562.5,-132.8125,-960.9375,-601.5625,-148.4375,-1078.125,-484.375,234.375
1101595,-523.4375,156.25,898.4375,-742.1875,-648.4375,-23.4375,-820.3125,-562.5,-132.8125,-960.9375,-601.5625,-148.4375,-1078.125,-484.375,234.375
1101603,-539.0625,93.75,906.25,-726.5625,-601.5625,78.125,-851.5625,-492.1875,-109.375,-953.125,-601.5625,-140.625,-1046.875,-484.375,210.9375
1101603,-539.0625,93.75,906.25,-726.5625,-601.5625,78.125,-851.5625,-492.1875,-109.375,-953.125,-601.5625,-140.625,-1046.875,-484.375,210.9375
1101610,-390.625,54.6875,1140.625,-757.8125,-437.5,39.0625,-812.5,-335.9375,-78.125,-906.25,-507.8125,-109.375,-929.6875,-445.3125,179.6875
1101610,-390.625,54.6875,1140.625,-757.8125,-437.5,39.0625,-812.5,-335.9375,-78.125,-906.25,-507.8125,-109.375,-929.6875,-445.3125,179.6875
1101611,-312.5,-46.875,1054.6875,-835.9375,-453.125,62.5,-898.4375,-437.5,-171.875,-875.0,-570.3125,-156.25,-906.25,-421.875,187.5
1101611,-312.5,-46.875,1054.6875,-835.9375,-453.125,62.5,-898.4375,-437.5,-171.875,-875.0,-570.3125,-156.25,-906.25,-421.875,187.5
1101755,-726.5625,-835.9375,312.5,-898.4375,-640.625,-15.625,-851.5625,-593.75,-15.625,-789.0625,-617.1875,-70.3125,-828.125,-468.75,226.5625
1101755,-726.5625,-835.9375,312.5,-898.4375,-640.625,-15.625,-851.5625,-593.75,-15.625,-789.0625,-617.1875,-70.3125,-828.125,-468.75,226.5625
1101756,-734.375,-765.625,351.5625,-859.375,-585.9375,15.625,-867.1875,-570.3125,-39.0625,-843.75,-585.9375,-78.125,-890.625,-445.3125,210.9375
1101756,-734.375,-765.625,351.5625,-859.375,-585.9375,15.625,-867.1875,-570.3125,-39.0625,-843.75,-585.9375,-78.125,-890.625,-445.3125,210.9375
1101764,-703.125,-632.8125,367.1875,-812.5,-578.125,46.875,-882.8125,-531.25,-31.25,-875.0,-570.3125,-85.9375,-921.875,-414.0625,195.3125
1101764,-703.125,-632.8125,367.1875,-812.5,-578.125,46.875,-882.8125,-531.25,-31.25,-875.0,-570.3125,-85.9375,-921.875,-414.0625,195.3125
1101772,-656.25,-554.6875,390.625,-828.125,-554.6875,46.875,-882.8125,-515.625,-31.25,-898.4375,-546.875,-78.125,-953.125,-406.25,203.125
1101772,-656.25,-554.6875,390.625,-828.125,-554.6875,46.875,-882.8125,-515.625,-31.25,-898.4375,-546.875,-78.125,-953.125,-406.25,203.125
1101917,-703.125,-609.375,437.5,-859.375,-585.9375,31.25,-859.375,-562.5,-39.0625,-843.75,-585.9375,-85.9375,-898.4375,-445.3125,195.3125
1101917,-703.125,-609.375,437.5,-859.375,-585.9375,31.25,-859.375,-562.5,-39.0625,-843.75,-585.9375,-85.9375,-898.4375,-445.3125,195.3125
1101917,-679.6875,-593.75,445.3125,-867.1875,-578.125,31.25,-859.375,-562.5,-39.0625,-835.9375,-578.125,-70.3125,-898.4375,-445.3125,187.5
1101917,-679.6875,-593.75,445.3125,-867.1875,-578.125,31.25,-859.375,-562.5,-39.0625,-835.9375,-578.125,-70.3125,-898.4375,-445.3125,187.5
1101926,-695.3125,-585.9375,437.5,-867.1875,-578.125,23.4375,-851.5625,-562.5,-39.0625,-843.75,-578.125,-78.125,-882.8125,-445.3125,203.125
1101926,-695.3125,-585.9375,437.5,-867.1875,-578.125,23.4375,-851.5625,-562.5,-39.0625,-843.75,-578.125,-78.125,-882.8125,-445.3125,203.125
1101933,-695.3125,-593.75,445.3125,-859.375,-570.3125,39.0625,-851.5625,-562.5,-39.0625,-843.75,-578.125,-78.125,-906.25,-437.5,187.5
1101933,-695.3125,-593.75,445.3125,-859.375,-570.3125,39.0625,-851.5625,-562.5,-39.0625,-843.75,-578.125,-78.125,-906.25,-437.5,187.5
1102078,-687.5,-570.3125,468.75,-851.5625,-585.9375,46.875,-851.5625,-578.125,-31.25,-843.75,-593.75,-93.75,-898.4375,-453.125,195.3125
1102078,-687.5,-570.3125,468.75,-851.5625,-585.9375,46.875,-851.5625,-578.125,-31.25,-843.75,-593.75,-93.75,-898.4375,-453.125,195.3125
1102079,-679.6875,-562.5,468.75,-843.75,-585.9375,46.875,-851.5625,-570.3125,-39.0625,-843.75,-593.75,-93.75,-898.4375,-453.125,195.3125
1102079,-679.6875,-562.5,468.75,-843.75,-585.9375,46.875,-851.5625,-570.3125,-39.0625,-843.75,-593.75,-93.75,-898.4375,-453.125,195.3125
1102087,-679.6875,-570.3125,453.125,-843.75,-593.75,39.0625,-843.75,-570.3125,-39.0625,-835.9375,-585.9375,-85.9375,-906.25,-453.125,203.125
1102087,-679.6875,-570.3125,453.125,-843.75,-593.75,39.0625,-843.75,-570.3125,-39.0625,-835.9375,-585.9375,-85.9375,-906.25,-453.125,203.125
1102095,-679.6875,-570.3125,453.125,-843.75,-585.9375,46.875,-843.75,-562.5,-46.875,-835.9375,-585.9375,-93.75,-890.625,-445.3125,187.5
1102095,-679.6875,-570.3125,453.125,-843.75,-585.9375,46.875,-843.75,-562.5,-46.875,-835.9375,-585.9375,-93.75,-890.625,-445.3125,187.5
