1073478,-51926.875,93747.5,-73320.625
1073478,-51926.875,93747.5,-73320.625
1073488,-60585.0,99050.0,-70306.25
1073488,-60585.0,99050.0,-70306.25
1073498,-67265.625,105656.25,-70481.25
1073498,-67265.625,105656.25,-70481.25
1073509,-79511.25,112721.875,-69470.625
1073509,-79511.25,112721.875,-69470.625
1073519,-90514.375,118470.625,-65502.5
1073519,-90514.375,118470.625,-65502.5
1073529,-99990.625,121231.25,-56678.125
1073529,-99990.625,121231.25,-56678.125
1073540,-115552.5,129535.0,-55370.0
1073540,-115552.5,129535.0,-55370.0
1073550,-127859.375,135314.375,-50605.625
1073550,-127859.375,135314.375,-50605.625
1073560,-141570.625,136443.125,-55278.125
1073560,-141570.625,136443.125,-55278.125
1073571,-143360.0,139846.875,-59828.125
1073571,-143360.0,139846.875,-59828.125
1073581,-143202.5,143259.375,-54184.375
1073581,-143202.5,143259.375,-54184.375
1073591,-143141.25,-143360.0,-50246.875
1073591,-143141.25,-143360.0,-50246.875
1073602,-132584.375,143311.875,-50732.5
1073602,-132584.375,143311.875,-50732.5
1073612,-106185.625,143351.25,-54166.875
1073612,-106185.625,143351.25,-54166.875
1073622,-78251.25,-143360.0,-55365.625
1073622,-78251.25,-143360.0,-55365.625
1073633,-56630.0,-143360.0,-54936.875
1073633,-56630.0,-143360.0,-54936.875
1073643,-66683.75,-143360.0,-53991.875
1073643,-66683.75,-143360.0,-53991.875
1073653,-108355.625,-143360.0,-47495.0
1073653,-108355.625,-143360.0,-47495.0
1073664,-140765.625,-143360.0,-31403.75
1073664,-140765.625,-143360.0,-31403.75
1073674,-143360.0,-143360.0,-5547.5
1073674,-143360.0,-143360.0,-5547.5
1073684,-138210.625,-143360.0,21573.125
1073684,-138210.625,-143360.0,21573.125
1073695,-124928.125,-143360.0,45508.75
1073695,-124928.125,-143360.0,45508.75
1073705,-114104.375,-143360.0,69321.875
1073705,-114104.375,-143360.0,69321.875
1073715,-115430.0,142988.125,87583.125
1073715,-115430.0,142988.125,87583.125
1073725,-120592.5,140581.875,100795.625
1073725,-120592.5,140581.875,100795.625
1073736,-132308.75,141789.375,102453.75
1073736,-132308.75,141789.375,102453.75
1073746,-143360.0,138923.75,116003.125
1073746,-143360.0,138923.75,116003.125
1073757,-143360.0,116672.5,140341.25
1073757,-143360.0,116672.5,140341.25
1073767,-141474.375,123655.0,-143360.0
1073767,-141474.375,123655.0,-143360.0
1073777,-126350.0,136128.125,143075.625
1073777,-126350.0,136128.125,143075.625
1073788,-113754.375,123055.625,143241.875
1073788,-113754.375,123055.625,143241.875
1073798,-110215.0,120426.25,-143360.0
1073798,-110215.0,120426.25,-143360.0
1073808,-45640.0,127995.0,-143360.0
1073808,-45640.0,127995.0,-143360.0
1073818,39676.875,-143360.0,141176.875
1073818,39676.875,-143360.0,141176.875
1073829,52368.75,-143360.0,125763.75
1073829,52368.75,-143360.0,125763.75
1073839,-9078.125,143018.75,111300.0
1073839,-9078.125,143018.75,111300.0
1073849,-85806.875,-143360.0,97111.875
1073849,-85806.875,-143360.0,97111.875
1073860,-44970.625,135375.625,131223.75
1073860,-44970.625,135375.625,131223.75
1073870,47101.25,88020.625,96827.5
1073870,47101.25,88020.625,96827.5
1073880,135922.5,128340.625,62588.75
1073880,135922.5,128340.625,62588.75
1073891,141837.5,121852.5,31666.25
1073891,141837.5,121852.5,31666.25
1073901,143307.5,116921.875,1531.25
1073901,143307.5,116921.875,1531.25
1073911,143355.625,88865.0,-1750.0
1073911,143355.625,88865.0,-1750.0
1073921,143333.75,126691.25,-52727.5
1073921,143333.75,126691.25,-52727.5
1073932,143355.625,-143360.0,-125470.625
1073932,143355.625,-143360.0,-125470.625
1073942,143355.625,143307.5,-143355.625
1073942,143355.625,143307.5,-143355.625
1073953,143355.625,142891.875,-143062.5
1073953,143355.625,142891.875,-143062.5
1073963,143355.625,-143360.0,-99859.375
1073963,143355.625,-143360.0,-99859.375
1073973,98599.375,130375.0,50308.125
1073973,98599.375,130375.0,50308.125
1073984,-20899.375,72082.5,25357.5
1073984,-20899.375,72082.5,25357.5
1073994,-26088.125,30524.375,-10390.625
1073994,-26088.125,30524.375,-10390.625
1074004,-24591.875,-354.375,-8745.625
1074004,-24591.875,-354.375,-8745.625
1074014,-77205.625,-47337.5,-10644.375
1074014,-77205.625,-47337.5,-10644.375
1074025,-119660.625,-83461.875,-16025.625
1074025,-119660.625,-83461.875,-16025.625
1074035,-134426.25,-93165.625,-23240.0
1074035,-134426.25,-93165.625,-23240.0
1074045,-143360.0,-94740.625,-11134.375
1074045,-143360.0,-94740.625,-11134.375
1074056,-143360.0,-107756.25,2397.5
1074056,-143360.0,-107756.25,2397.5
1074066,-143150.0,-142712.5,22391.25
1074066,-143150.0,-142712.5,22391.25
1074076,-143360.0,-143355.625,43911.875
1074076,-143360.0,-143355.625,43911.875
1074087,-143360.0,-142791.25,40267.5
1074087,-143360.0,-142791.25,40267.5
1074097,-143355.625,-143272.5,45285.625
1074097,-143355.625,-143272.5,45285.625
1074108,-143360.0,-143355.625,53165.0
1074108,-143360.0,-143355.625,53165.0
1074118,-139400.625,-139505.625,47705.0
1074118,-139400.625,-139505.625,47705.0
1074128,-84901.25,-96228.125,22474.375
1074128,-84901.25,-96228.125,22474.375
1074138,-35669.375,-70385.0,30362.5
1074138,-35669.375,-70385.0,30362.5
1074148,-28717.5,-83960.625,38456.25
1074148,-28717.5,-83960.625,38456.25
1074159,-14525.0,-65336.25,20300.0
1074159,-14525.0,-65336.25,20300.0
1074169,24596.25,-29251.25,-15448.125
1074169,24596.25,-29251.25,-15448.125
1074180,34676.25,-41011.25,-27339.375
1074180,34676.25,-41011.25,-27339.375
1074190,30572.5,-30384.375,-36719.375
1074190,30572.5,-30384.375,-36719.375
1074200,52185.0,-29863.75,-36588.125
1074200,52185.0,-29863.75,-36588.125
1074210,98035.0,-3950.625,-49730.625
1074210,98035.0,-3950.625,-49730.625
1074221,143355.625,57067.5,-64233.75
1074221,143355.625,57067.5,-64233.75
1074231,143355.625,139816.25,-78128.75
1074231,143355.625,139816.25,-78128.75
1074241,142358.125,-143360.0,-85723.75
1074241,142358.125,-143360.0,-85723.75
1074251,143355.625,142104.375,-84752.5
1074251,143355.625,142104.375,-84752.5
1074263,143355.625,143115.0,-72541.875
1074263,143355.625,143115.0,-72541.875
1074272,140686.875,113225.0,-44673.125
1074272,140686.875,113225.0,-44673.125
1074283,83168.75,38421.25,-18725.0
1074283,83168.75,38421.25,-18725.0
1074293,-4777.5,13903.75,-32143.125
1074293,-4777.5,13903.75,-32143.125
1074304,-87850.0,-24084.375,-17088.75
1074304,-87850.0,-24084.375,-17088.75
1074312,-143360.0,-39182.5,-8295.0
1074312,-143360.0,-39182.5,-8295.0
1074324,-143360.0,-41313.125,-12950.0
1074324,-143360.0,-41313.125,-12950.0
1074334,-142270.625,-45675.0,-17876.25
1074334,-142270.625,-45675.0,-17876.25
1074345,-143360.0,-53816.875,-8640.625
1074345,-143360.0,-53816.875,-8640.625
1074355,-143360.0,-74873.75,4672.5
1074355,-143360.0,-74873.75,4672.5
1074365,-143338.125,-125833.75,21192.5
1074365,-143338.125,-125833.75,21192.5
1074376,-143360.0,-143355.625,34234.375
1074376,-143360.0,-143355.625,34234.375
1074386,-143360.0,-143355.625,56765.625
1074386,-143360.0,-143355.625,56765.625
1074396,-143360.0,-142905.0,68083.75
1074396,-143360.0,-142905.0,68083.75
1074407,-133306.25,-140140.0,61971.875
1074407,-133306.25,-140140.0,61971.875
1074417,-91739.375,-104094.375,46720.625
1074417,-91739.375,-104094.375,46720.625
1074427,-22802.5,-72870.0,38543.75
1074427,-22802.5,-72870.0,38543.75
1074437,16454.375,-44808.75,7271.25
1074437,16454.375,-44808.75,7271.25
1074448,31014.375,-30721.25,-20973.75
1074448,31014.375,-30721.25,-20973.75
1074458,38605.0,-30270.625,-16257.5
1074458,38605.0,-30270.625,-16257.5
1074468,46204.375,-23594.375,-16957.5
1074468,46204.375,-23594.375,-16957.5
1074479,56052.5,-30327.5,-12796.875
1074479,56052.5,-30327.5,-12796.875
1074489,99211.875,2581.25,-26582.5
1074489,99211.875,2581.25,-26582.5
1074499,143355.625,97286.875,-59023.125
1074499,143355.625,97286.875,-59023.125
1074510,143355.625,-143360.0,-71369.375
1074510,143355.625,-143360.0,-71369.375
1074520,142406.25,-143360.0,-76803.125
1074520,142406.25,-143360.0,-76803.125
1074530,143355.625,142800.0,-63266.875
1074530,143355.625,142800.0,-63266.875
1074541,143355.625,143338.125,-28844.375
1074541,143355.625,143338.125,-28844.375
1074551,143342.5,133590.625,-32138.75
1074551,143342.5,133590.625,-32138.75
1074561,136268.125,66679.375,-3920.0
1074561,136268.125,66679.375,-3920.0
1074572,23839.375,29010.625,-24723.125
1074572,23839.375,29010.625,-24723.125
1074582,-112778.75,-19162.5,-9091.25
1074582,-112778.75,-19162.5,-9091.25
1074592,-143360.0,-33258.75,-2585.625
1074592,-143360.0,-33258.75,-2585.625
1074602,-143320.625,-53375.0,-2791.25
1074602,-143320.625,-53375.0,-2791.25
1074613,-142506.875,-72900.625,-4073.125
1074613,-142506.875,-72900.625,-4073.125
1074623,-143360.0,-109182.5,-2896.25
1074623,-143360.0,-109182.5,-2896.25
1074633,-143360.0,-132706.875,4878.125
1074633,-143360.0,-132706.875,4878.125
1074644,-143338.125,-129653.125,22325.625
1074644,-143338.125,-129653.125,22325.625
1074654,-143360.0,-143355.625,39305.0
1074654,-143360.0,-143355.625,39305.0
1074664,-139107.5,-143355.625,74125.625
1074664,-139107.5,-143355.625,74125.625
1074675,-136171.875,-143097.5,92526.875
1074675,-136171.875,-143097.5,92526.875
1074685,-130970.0,-143342.5,81134.375
1074685,-130970.0,-143342.5,81134.375
1074695,-74690.0,-132829.375,75543.125
1074695,-74690.0,-132829.375,75543.125
1074706,-60379.375,-99452.5,52005.625
1074706,-60379.375,-99452.5,52005.625
1074716,-11068.75,-63126.875,15601.25
1074716,-11068.75,-63126.875,15601.25
1074726,34912.5,-32558.75,-13562.5
1074726,34912.5,-32558.75,-13562.5
1074737,34251.875,-41724.375,-17053.75
1074737,34251.875,-41724.375,-17053.75
1074747,41903.75,-45434.375,-10031.875
1074747,41903.75,-45434.375,-10031.875
1074757,57216.25,-46322.5,-10058.125
1074757,57216.25,-46322.5,-10058.125
1074768,79909.375,-29859.375,-17850.0
1074768,79909.375,-29859.375,-17850.0
1074778,122408.125,15443.75,-39029.375
1074778,122408.125,15443.75,-39029.375
1074788,143355.625,98236.25,-68398.75
1074788,143355.625,98236.25,-68398.75
1074799,143355.625,126665.0,-72371.25
1074799,143355.625,126665.0,-72371.25
1074809,142808.75,-143360.0,-94115.0
1074809,142808.75,-143360.0,-94115.0
1074819,143355.625,-143360.0,-119883.75
1074819,143355.625,-143360.0,-119883.75
1074829,143355.625,142957.5,-23471.875
1074829,143355.625,142957.5,-23471.875
1074839,138836.25,130182.5,-45333.75
1074839,138836.25,130182.5,-45333.75
1074850,54516.875,11816.875,2769.375
1074850,54516.875,11816.875,2769.375
1074860,-20475.0,-8360.625,-5359.375
1074860,-20475.0,-8360.625,-5359.375
1074871,-20886.25,-1907.5,-3145.625
1074871,-20886.25,-1907.5,-3145.625
1074880,-34943.125,-2690.625,3933.125
1074880,-34943.125,-2690.625,3933.125
1074891,-52368.75,4287.5,170.625
1074891,-52368.75,4287.5,170.625
1074902,-30751.875,15645.0,-9170.0
1074902,-30751.875,15645.0,-9170.0
1074912,12726.875,33919.375,-16296.875
1074912,12726.875,33919.375,-16296.875
1074922,31788.75,41527.5,-14441.875
1074922,31788.75,41527.5,-14441.875
1074933,34081.25,38644.375,-8824.375
1074933,34081.25,38644.375,-8824.375
1074943,36474.375,30388.75,-2646.875
1074943,36474.375,30388.75,-2646.875
1074954,36347.5,26661.25,1102.5
1074954,36347.5,26661.25,1102.5
1074964,39418.75,28791.875,2450.0
1074964,39418.75,28791.875,2450.0
1074973,44248.75,28280.0,4160.625
1074973,44248.75,28280.0,4160.625
1074984,53493.125,35861.875,787.5
1074984,53493.125,35861.875,787.5
1074995,68757.5,51861.25,-5031.25
1074995,68757.5,51861.25,-5031.25
1075005,71439.375,60725.0,-8509.375
1075005,71439.375,60725.0,-8509.375
1075015,55260.625,46405.625,-5442.5
1075015,55260.625,46405.625,-5442.5
1075026,27540.625,20650.0,1640.625
1075026,27540.625,20650.0,1640.625
1075036,3570.0,7358.75,5928.125
1075036,3570.0,7358.75,5928.125
1075046,-11213.125,-205.625,6685.0
1075046,-11213.125,-205.625,6685.0
1075056,-20868.75,-5936.875,5201.875
1075056,-20868.75,-5936.875,5201.875
1075067,-22163.75,-5044.375,2454.375
1075067,-22163.75,-5044.375,2454.375
1075077,-9415.0,1693.125,-931.875
1075077,-9415.0,1693.125,-931.875
1075087,1662.5,4943.75,-1295.0
1075087,1662.5,4943.75,-1295.0
1075098,3609.375,5070.625,-376.25
1075098,3609.375,5070.625,-376.25
1075108,4462.5,4786.25,341.25
1075108,4462.5,4786.25,341.25
1075119,315.0,2760.625,1413.125
1075119,315.0,2760.625,1413.125
1075129,-4554.375,1316.875,1925.0
1075129,-4554.375,1316.875,1925.0
1075138,-5617.5,551.25,2200.625
1075138,-5617.5,551.25,2200.625
1075149,-5105.625,210.0,1706.25
1075149,-5105.625,210.0,1706.25
1075160,-7052.5,-1120.0,1391.25
1075160,-7052.5,-1120.0,1391.25
1075170,-11147.5,-2187.5,1251.25
1075170,-11147.5,-2187.5,1251.25
1075180,-12915.0,-1413.125,796.25
1075180,-12915.0,-1413.125,796.25
1075191,-10915.625,525.0,455.0
1075191,-10915.625,525.0,455.0
1075201,-9423.75,783.125,1233.75
1075201,-9423.75,783.125,1233.75
1075211,-8583.75,-161.875,2533.125
1075211,-8583.75,-161.875,2533.125
1075222,-8478.75,-1281.875,3093.125
1075222,-8478.75,-1281.875,3093.125
1075232,-10360.0,-2817.5,3268.125
1075232,-10360.0,-2817.5,3268.125
1075242,-12460.0,-3504.375,2826.25
1075242,-12460.0,-3504.375,2826.25
1075252,-10241.875,-2253.125,1570.625
1075252,-10241.875,-2253.125,1570.625
1075263,-6326.25,-363.125,52.5
1075263,-6326.25,-363.125,52.5
1075274,-7083.125,-853.125,-288.75
1075274,-7083.125,-853.125,-288.75
1075283,-7678.125,-1561.875,599.375
1075283,-7678.125,-1561.875,599.375
1075294,-5858.125,-1951.25,1045.625
1075294,-5858.125,-1951.25,1045.625
1075304,-4313.75,-2069.375,612.5
1075304,-4313.75,-2069.375,612.5
1075315,-3320.625,-2034.375,424.375
1075315,-3320.625,-2034.375,424.375
1075325,-1894.375,-2183.125,848.75
1075325,-1894.375,-2183.125,848.75
1075335,-1649.375,-2078.125,1015.0
1075335,-1649.375,-2078.125,1015.0
1075346,-2336.25,-2034.375,1360.625
1075346,-2336.25,-2034.375,1360.625
1075355,-2625.0,-2393.125,1461.25
1075355,-2625.0,-2393.125,1461.25
1075366,-2371.25,-2625.0,1474.375
1075366,-2371.25,-2625.0,1474.375
1075376,-818.125,-2196.25,1334.375
1075376,-818.125,-2196.25,1334.375
1075387,1723.75,-774.375,958.125
1075387,1723.75,-774.375,958.125
1075396,2121.875,201.25,1391.25
1075396,2121.875,201.25,1391.25
1075406,1141.875,-70.0,1553.125
1075406,1141.875,-70.0,1553.125
1075418,-879.375,-682.5,1491.875
1075418,-879.375,-682.5,1491.875
1075428,-1824.375,-1430.625,1500.625
1075428,-1824.375,-1430.625,1500.625
1075438,-1701.875,-2231.25,1710.625
1075438,-1701.875,-2231.25,1710.625
1075449,-1404.375,-2021.25,1509.375
1075449,-1404.375,-2021.25,1509.375
1075459,30.625,-463.75,1159.375
1075459,30.625,-463.75,1159.375
1075470,520.625,293.125,1509.375
1075470,520.625,293.125,1509.375
1075479,328.125,-39.375,1610.0
1075479,328.125,-39.375,1610.0
1075490,691.25,341.25,1124.375
1075490,691.25,341.25,1124.375
1075500,35.0,26.25,306.25
1075500,35.0,26.25,306.25
1075511,-148.75,-966.875,-249.375
1075511,-148.75,-966.875,-249.375
1075521,83.125,-1771.875,-647.5
1075521,83.125,-1771.875,-647.5
1075531,-958.125,-1789.375,-660.625
1075531,-958.125,-1789.375,-660.625
1075542,-2778.125,-1916.25,-227.5
1075542,-2778.125,-1916.25,-227.5
1075552,-2401.875,-2419.375,0.0
1075552,-2401.875,-2419.375,0.0
1075562,-1710.625,-2572.5,153.125
1075562,-1710.625,-2572.5,153.125
1075572,-1973.125,-2231.25,656.25
1075572,-1973.125,-2231.25,656.25
1075582,-2191.875,-1347.5,1063.125
1075582,-2191.875,-1347.5,1063.125
1075593,-1833.125,-940.625,1111.25
1075593,-1833.125,-940.625,1111.25
1075603,-962.5,-1548.75,634.375
1075603,-962.5,-1548.75,634.375
1075614,-428.75,-2135.0,301.875
1075614,-428.75,-2135.0,301.875
1075624,-301.875,-2463.125,651.875
1075624,-301.875,-2463.125,651.875
1075634,-21.875,-1999.375,1229.375
1075634,-21.875,-1999.375,1229.375
1075644,433.125,-1636.25,1509.375
1075644,433.125,-1636.25,1509.375
1075655,2174.375,-1806.875,1006.25
1075655,2174.375,-1806.875,1006.25
1075665,3154.375,-2323.125,813.75
1075665,3154.375,-2323.125,813.75
1075676,2117.5,-2358.125,1023.75
1075676,2117.5,-2358.125,1023.75
1075686,1386.875,-1868.125,945.0
1075686,1386.875,-1868.125,945.0
1075696,358.75,-1080.625,682.5
1075696,358.75,-1080.625,682.5
1075706,-621.25,-678.125,831.25
1075706,-621.25,-678.125,831.25
1075717,21.875,-175.0,910.0
1075717,21.875,-175.0,910.0
1075727,743.75,-284.375,1045.625
1075727,743.75,-284.375,1045.625
1075737,332.5,-980.0,1185.625
1075737,332.5,-980.0,1185.625
1075748,-183.75,-1583.75,1006.25
1075748,-183.75,-1583.75,1006.25
1075758,-323.75,-1754.375,1111.25
1075758,-323.75,-1754.375,1111.25
1075768,-796.25,-1723.75,1588.125
1075768,-796.25,-1723.75,1588.125
1075779,-253.75,-1601.25,1575.0
1075779,-253.75,-1601.25,1575.0
1075789,875.0,-1588.125,1321.25
1075789,875.0,-1588.125,1321.25
1075799,2331.875,-896.875,1194.375
1075799,2331.875,-896.875,1194.375
1075809,3578.75,-17.5,984.375
1075809,3578.75,-17.5,984.375
1075821,4930.625,1089.375,651.875
1075821,4930.625,1089.375,651.875
1075830,4904.375,1890.0,398.125
1075830,4904.375,1890.0,398.125
1075841,4436.25,1491.875,498.75
1075841,4436.25,1491.875,498.75
1075851,4230.625,660.625,940.625
1075851,4230.625,660.625,940.625
1075862,3018.75,-385.0,1133.125
1075862,3018.75,-385.0,1133.125
1075871,1776.25,-1990.625,1391.25
1075871,1776.25,-1990.625,1391.25
1075882,1001.875,-4838.75,2926.875
1075882,1001.875,-4838.75,2926.875
1075892,-30.625,-4563.125,2393.125
1075892,-30.625,-4563.125,2393.125
1075903,1518.125,-3513.125,1798.125
1075903,1518.125,-3513.125,1798.125
1075913,2655.625,-3224.375,1281.875
1075913,2655.625,-3224.375,1281.875
1075923,2524.375,-3819.375,1281.875
1075923,2524.375,-3819.375,1281.875
1075933,1898.75,-4768.75,1754.375
1075933,1898.75,-4768.75,1754.375
1075944,1531.25,-4733.75,1846.25
1075944,1531.25,-4733.75,1846.25
1075954,328.125,-4523.75,1710.625
1075954,328.125,-4523.75,1710.625
1075965,-1658.125,-4405.625,1693.125
1075965,-1658.125,-4405.625,1693.125
1075975,-2603.125,-4138.75,1881.25
1075975,-2603.125,-4138.75,1881.25
1075985,-2568.125,-4077.5,2126.25
1075985,-2568.125,-4077.5,2126.25
1075995,-1238.125,-3963.75,2034.375
1075995,-1238.125,-3963.75,2034.375
1076005,315.0,-3622.5,1977.5
1076005,315.0,-3622.5,1977.5
1076016,1382.5,-2668.75,1771.875
1076016,1382.5,-2668.75,1771.875
1076026,1631.875,-1841.875,1750.0
1076026,1631.875,-1841.875,1750.0
1076037,778.75,-2038.75,1859.375
1076037,778.75,-2038.75,1859.375
1076047,603.75,-2165.625,1758.75
1076047,603.75,-2165.625,1758.75
1076058,-26.25,-1925.0,1518.125
1076058,-26.25,-1925.0,1518.125
1076068,-660.625,-1837.5,1526.875
1076068,-660.625,-1837.5,1526.875
1076078,415.625,-1588.125,1601.25
1076078,415.625,-1588.125,1601.25
1076088,1277.5,-980.0,1465.625
1076088,1277.5,-980.0,1465.625
1076099,1334.375,-455.0,1373.75
1076099,1334.375,-455.0,1373.75
1076108,1023.75,-590.625,1452.5
1076108,1023.75,-590.625,1452.5
1076119,1085.0,-1133.125,1386.875
1076119,1085.0,-1133.125,1386.875
1076130,573.125,-1102.5,1242.5
1076130,573.125,-1102.5,1242.5
1076140,721.875,-966.875,1150.625
1076140,721.875,-966.875,1150.625
1076150,1351.875,-1478.75,971.25
1076150,1351.875,-1478.75,971.25
1076161,1308.125,-1802.5,796.25
1076161,1308.125,-1802.5,796.25
1076171,949.375,-2034.375,673.75
1076171,949.375,-2034.375,673.75
1076181,826.875,-2520.0,651.875
1076181,826.875,-2520.0,651.875
1076191,341.25,-3084.375,787.5
1076191,341.25,-3084.375,787.5
1076202,-30.625,-3408.125,708.75
1076202,-30.625,-3408.125,708.75
1076212,826.875,-3215.625,796.25
1076212,826.875,-3215.625,796.25
1076222,966.875,-2778.125,1190.0
1076222,966.875,-2778.125,1190.0
1076233,761.25,-2091.25,1343.125
1076233,761.25,-2091.25,1343.125
1076243,669.375,-2082.5,1146.25
1076243,669.375,-2082.5,1146.25
1076253,17.5,-2664.375,1054.375
1076253,17.5,-2664.375,1054.375
1076264,-910.0,-3403.75,1194.375
1076264,-910.0,-3403.75,1194.375
1076274,-1386.875,-4038.125,1378.125
1076274,-1386.875,-4038.125,1378.125
1076283,-1395.625,-4291.875,1421.875
1076283,-1395.625,-4291.875,1421.875
1076295,-1439.375,-4375.0,1736.875
1076295,-1439.375,-4375.0,1736.875
1076305,-1211.875,-3438.75,1933.75
1076305,-1211.875,-3438.75,1933.75
1076315,-538.125,-1973.125,2047.5
1076315,-538.125,-1973.125,2047.5
1076326,840.0,-923.125,1736.875
1076326,840.0,-923.125,1736.875
1076336,1868.125,-700.0,1356.25
1076336,1868.125,-700.0,1356.25
1076346,1365.0,-1032.5,1229.375
1076346,1365.0,-1032.5,1229.375
1076356,192.5,-1820.0,1176.875
1076356,192.5,-1820.0,1176.875
1076367,-476.875,-2520.0,1268.75
1076367,-476.875,-2520.0,1268.75
1076377,-595.0,-2926.875,1688.75
1076377,-595.0,-2926.875,1688.75
1076387,288.75,-2467.5,1855.0
1076387,288.75,-2467.5,1855.0
1076397,1557.5,-1693.125,1491.875
1076397,1557.5,-1693.125,1491.875
1076408,1815.625,-1391.25,1238.125
1076408,1815.625,-1391.25,1238.125
1076418,1824.375,-1203.125,1194.375
1076418,1824.375,-1203.125,1194.375
1076429,2349.375,-1465.625,1080.625
1076429,2349.375,-1465.625,1080.625
1076439,2051.875,-2541.875,883.75
1076439,2051.875,-2541.875,883.75
1076449,1273.125,-3395.0,844.375
1076449,1273.125,-3395.0,844.375
1076460,1553.125,-3355.625,1146.25
1076460,1553.125,-3355.625,1146.25
1076470,2226.875,-3167.5,1846.25
1076470,2226.875,-3167.5,1846.25
1076480,2450.0,-2996.875,2651.25
1076480,2450.0,-2996.875,2651.25
1076491,2397.5,-2852.5,3010.0
1076491,2397.5,-2852.5,3010.0
1076501,2541.875,-2559.375,2856.875
1076501,2541.875,-2559.375,2856.875
1076511,2716.875,-1872.5,2445.625
1076511,2716.875,-1872.5,2445.625
1076522,1719.375,-1470.0,1986.25
1076522,1719.375,-1470.0,1986.25
1076532,1413.125,-1645.0,1470.0
1076532,1413.125,-1645.0,1470.0
1076542,1990.625,-1789.375,1343.125
1076542,1990.625,-1789.375,1343.125
