2608168,43.75,271.25,52.5
2608168,43.75,271.25,52.5
2608178,-87.5,590.625,901.25
2608178,-87.5,590.625,901.25
2608189,468.125,748.125,1736.875
2608189,468.125,748.125,1736.875
2608199,-831.25,1150.625,1535.625
2608199,-831.25,1150.625,1535.625
2608209,-2673.125,1120.0,949.375
2608209,-2673.125,1120.0,949.375
2608220,-2025.625,975.625,813.75
2608220,-2025.625,975.625,813.75
2608230,-708.75,1351.875,1351.875
2608230,-708.75,1351.875,1351.875
2608240,-323.75,1833.125,1470.0
2608240,-323.75,1833.125,1470.0
2608250,-888.125,2266.25,1181.25
2608250,-888.125,2266.25,1181.25
2608261,-2765.0,2594.375,691.25
2608261,-2765.0,2594.375,691.25
2608271,-5486.25,3290.0,109.375
2608271,-5486.25,3290.0,109.375
2608281,-3574.375,3793.125,1404.375
2608281,-3574.375,3793.125,1404.375
2608292,-2651.25,3412.5,1242.5
2608292,-2651.25,3412.5,1242.5
2608302,-4773.125,3408.125,765.625
2608302,-4773.125,3408.125,765.625
2608312,-7004.375,2716.875,-608.125
2608312,-7004.375,2716.875,-608.125
2608323,-13068.125,3106.25,-2537.5
2608323,-13068.125,3106.25,-2537.5
2608333,-22596.875,4519.375,-1855.0
2608333,-22596.875,4519.375,-1855.0
2608343,-25637.5,5871.25,-752.5
2608343,-25637.5,5871.25,-752.5
2608354,-24657.5,5998.125,-945.0
2608354,-24657.5,5998.125,-945.0
2608364,-28043.75,5333.125,2261.875
2608364,-28043.75,5333.125,2261.875
2608374,-25475.625,5158.125,3045.0
2608374,-25475.625,5158.125,3045.0
2608385,-18602.5,879.375,-166.25
2608385,-18602.5,879.375,-166.25
2608395,-13510.0,371.875,-6496.875
2608395,-13510.0,371.875,-6496.875
2608405,-9756.25,-3898.125,-14695.625
2608405,-9756.25,-3898.125,-14695.625
2608416,-13234.375,787.5,-2677.5
2608416,-13234.375,787.5,-2677.5
2608426,-9725.625,2200.625,1697.5
2608426,-9725.625,2200.625,1697.5
2608436,-3959.375,2200.625,1050.0
2608436,-3959.375,2200.625,1050.0
2608447,-485.625,1225.0,-350.0
2608447,-485.625,1225.0,-350.0
2608457,-3762.5,945.0,-2760.625
2608457,-3762.5,945.0,-2760.625
2608467,-5298.125,-643.125,-5551.875
2608467,-5298.125,-643.125,-5551.875
2608477,-6825.0,-914.375,-8120.0
2608477,-6825.0,-914.375,-8120.0
2608488,-7035.0,-673.75,-8745.625
2608488,-7035.0,-673.75,-8745.625
2608498,-5586.875,319.375,-7988.75
2608498,-5586.875,319.375,-7988.75
2608508,-2165.625,1850.625,-5674.375
2608508,-2165.625,1850.625,-5674.375
2608519,1710.625,3093.125,-1911.875
2608519,1710.625,3093.125,-1911.875
2608529,4795.0,3806.25,1605.625
2608529,4795.0,3806.25,1605.625
2608539,5941.25,3815.0,3145.625
2608539,5941.25,3815.0,3145.625
2608550,6422.5,3478.125,3241.875
2608550,6422.5,3478.125,3241.875
2608560,6186.25,3136.875,2878.75
2608560,6186.25,3136.875,2878.75
2608570,5460.0,3101.875,1960.0
2608570,5460.0,3101.875,1960.0
2608580,5381.25,3185.0,1750.0
2608580,5381.25,3185.0,1750.0
2608591,5503.75,3486.875,1903.125
2608591,5503.75,3486.875,1903.125
2608602,6125.0,3145.625,1977.5
2608602,6125.0,3145.625,1977.5
2608612,6278.125,2896.25,1295.0
2608612,6278.125,2896.25,1295.0
2608622,5390.0,2826.25,188.125
2608622,5390.0,2826.25,188.125
2608632,5219.375,2314.375,-546.875
2608632,5219.375,2314.375,-546.875
2608643,3097.5,2288.125,-2926.875
2608643,3097.5,2288.125,-2926.875
2608653,5101.25,1277.5,-2498.125
2608653,5101.25,1277.5,-2498.125
2608663,5880.0,813.75,-2524.375
2608663,5880.0,813.75,-2524.375
2608674,4488.75,669.375,-4532.5
2608674,4488.75,669.375,-4532.5
2608684,1325.625,1955.625,-5735.625
2608684,1325.625,1955.625,-5735.625
2608694,1951.25,2454.375,-5950.0
2608694,1951.25,2454.375,-5950.0
2608704,3578.75,2310.0,-4856.25
2608704,3578.75,2310.0,-4856.25
2608715,2660.0,3285.625,-4007.5
2608715,2660.0,3285.625,-4007.5
2608725,3994.375,4681.25,-1697.5
2608725,3994.375,4681.25,-1697.5
2608735,3548.125,5538.75,-1010.625
2608735,3548.125,5538.75,-1010.625
2608746,2384.375,6916.875,-1925.0
2608746,2384.375,6916.875,-1925.0
2608756,1894.375,7638.75,-2743.125
2608756,1894.375,7638.75,-2743.125
2608767,2690.625,6212.5,-5320.0
2608767,2690.625,6212.5,-5320.0
2608777,529.375,4799.375,-3696.875
2608777,529.375,4799.375,-3696.875
2608787,-3885.0,4751.25,-3644.375
2608787,-3885.0,4751.25,-3644.375
2608797,-5604.375,3482.5,-6094.375
2608797,-5604.375,3482.5,-6094.375
2608808,-5740.0,3224.375,-7078.75
2608808,-5740.0,3224.375,-7078.75
2608818,-5031.25,2594.375,-4576.25
2608818,-5031.25,2594.375,-4576.25
2608828,-6050.625,2568.125,-4086.25
2608828,-6050.625,2568.125,-4086.25
2608839,-5311.25,2485.0,-4860.625
2608839,-5311.25,2485.0,-4860.625
2608849,-3937.5,249.375,-7113.75
2608849,-3937.5,249.375,-7113.75
2608859,3049.375,-10928.75,-5932.5
2608859,3049.375,-10928.75,-5932.5
2608869,-1019.375,-5206.25,-6020.0
2608869,-1019.375,-5206.25,-6020.0
2608880,-8373.75,2975.0,-7004.375
2608880,-8373.75,2975.0,-7004.375
2608890,-6138.125,-48.125,-6011.25
2608890,-6138.125,-48.125,-6011.25
2608901,-6041.875,-805.0,-5639.375
2608901,-6041.875,-805.0,-5639.375
2608911,-5713.75,-1163.75,-5013.75
2608911,-5713.75,-1163.75,-5013.75
2608922,-4458.125,-1207.5,-3920.0
2608922,-4458.125,-1207.5,-3920.0
2608931,-3508.75,-1439.375,-3272.5
2608931,-3508.75,-1439.375,-3272.5
2608942,-3115.0,-1723.75,-3206.875
2608942,-3115.0,-1723.75,-3206.875
2608952,-2817.5,-1736.875,-2931.25
2608952,-2817.5,-1736.875,-2931.25
2608963,-2323.125,-1802.5,-2699.375
2608963,-2323.125,-1802.5,-2699.375
2608973,-2078.125,-1824.375,-2323.125
2608973,-2078.125,-1824.375,-2323.125
2608983,-1421.875,-1903.125,-1868.125
2608983,-1421.875,-1903.125,-1868.125
2608992,-691.25,-2152.5,-1640.625
2608992,-691.25,-2152.5,-1640.625
2609004,-857.5,-2384.375,-1793.75
2609004,-857.5,-2384.375,-1793.75
2609014,-455.0,-2410.625,-1470.0
2609014,-455.0,-2410.625,-1470.0
2609024,371.875,-2800.0,-1465.625
2609024,371.875,-2800.0,-1465.625
2609035,153.125,-2778.125,-1461.25
2609035,153.125,-2778.125,-1461.25
2609045,752.5,-2948.75,-1500.625
2609045,752.5,-2948.75,-1500.625
2609055,1636.25,-3023.125,-1408.75
2609055,1636.25,-3023.125,-1408.75
2609066,2716.875,-2883.125,-936.25
2609066,2716.875,-2883.125,-936.25
2609076,3596.25,-2686.25,-227.5
2609076,3596.25,-2686.25,-227.5
2609086,4663.75,-2546.25,520.625
2609086,4663.75,-2546.25,520.625
2609097,4585.0,-2502.5,730.625
2609097,4585.0,-2502.5,730.625
2609107,4729.375,-2524.375,1203.125
2609107,4729.375,-2524.375,1203.125
2609117,5385.625,-2550.625,1631.875
2609117,5385.625,-2550.625,1631.875
2609128,5381.25,-2800.0,1719.375
2609128,5381.25,-2800.0,1719.375
2609138,6046.25,-3093.125,1614.375
2609138,6046.25,-3093.125,1614.375
2609148,6475.0,-3377.5,1531.25
2609148,6475.0,-3377.5,1531.25
2609159,5691.875,-3565.625,1181.25
2609159,5691.875,-3565.625,1181.25
2609169,5280.625,-4011.875,555.625
2609169,5280.625,-4011.875,555.625
2609179,5158.125,-4681.25,161.875
2609179,5158.125,-4681.25,161.875
2609190,4733.75,-4580.625,-415.625
2609190,4733.75,-4580.625,-415.625
2609200,4895.625,-4440.625,-1579.375
2609200,4895.625,-4440.625,-1579.375
2609210,5070.625,-4703.125,-2620.625
2609210,5070.625,-4703.125,-2620.625
2609220,5731.25,-4760.0,-3250.625
2609220,5731.25,-4760.0,-3250.625
2609231,5928.125,-4672.5,-3745.0
2609231,5928.125,-4672.5,-3745.0
2609241,4519.375,-4602.5,-4025.0
2609241,4519.375,-4602.5,-4025.0
2609251,3653.125,-4825.625,-4169.375
2609251,3653.125,-4825.625,-4169.375
2609262,3565.625,-4978.75,-3815.0
2609262,3565.625,-4978.75,-3815.0
2609272,2953.125,-5232.5,-3626.875
2609272,2953.125,-5232.5,-3626.875
2609282,2178.75,-5608.75,-3543.75
2609282,2178.75,-5608.75,-3543.75
2609293,1448.125,-5691.875,-2878.75
2609293,1448.125,-5691.875,-2878.75
2609303,730.625,-5289.375,-1793.75
2609303,730.625,-5289.375,-1793.75
2609314,761.25,-4663.75,-568.75
2609314,761.25,-4663.75,-568.75
2609324,1120.0,-3915.625,328.125
2609324,1120.0,-3915.625,328.125
2609334,1010.625,-3202.5,1417.5
2609334,1010.625,-3202.5,1417.5
2609344,1601.25,-2961.875,1986.25
2609344,1601.25,-2961.875,1986.25
2609355,1907.5,-2476.25,761.25
2609355,1907.5,-2476.25,761.25
2609365,1640.625,-2480.625,-8.75
2609365,1640.625,-2480.625,-8.75
2609375,2047.5,-2209.375,783.125
2609375,2047.5,-2209.375,783.125
2609386,1435.0,-2148.125,-459.375
2609386,1435.0,-2148.125,-459.375
2609396,542.5,-2108.75,-1636.25
2609396,542.5,-2108.75,-1636.25
2609406,-315.0,-2209.375,-2301.25
2609406,-315.0,-2209.375,-2301.25
2609416,-428.75,-2183.125,-2428.125
2609416,-428.75,-2183.125,-2428.125
2609427,-192.5,-2209.375,-2205.0
2609427,-192.5,-2209.375,-2205.0
2609437,231.875,-2253.125,-1898.75
2609437,231.875,-2253.125,-1898.75
2609447,485.625,-2025.625,-2021.25
2609447,485.625,-2025.625,-2021.25
2609458,905.625,-2043.125,-2283.75
2609458,905.625,-2043.125,-2283.75
2609468,1041.25,-2113.125,-2537.5
2609468,1041.25,-2113.125,-2537.5
2609478,1006.25,-2104.375,-2743.125
2609478,1006.25,-2104.375,-2743.125
2609489,577.5,-1933.75,-2690.625
2609489,577.5,-1933.75,-2690.625
2609499,135.625,-1627.5,-2336.25
2609499,135.625,-1627.5,-2336.25
2609510,131.25,-1303.75,-1833.125
2609510,131.25,-1303.75,-1833.125
2609520,879.375,-1015.0,-1229.375
2609520,879.375,-1015.0,-1229.375
2609530,1640.625,-595.0,-700.0
2609530,1640.625,-595.0,-700.0
2609540,1684.375,-481.25,-476.875
2609540,1684.375,-481.25,-476.875
2609551,918.75,-468.125,-455.0
2609551,918.75,-468.125,-455.0
2609561,-363.125,-253.75,-551.25
2609561,-363.125,-253.75,-551.25
2609571,-774.375,-109.375,-468.125
2609571,-774.375,-109.375,-468.125
2609582,-673.75,131.25,-17.5
2609582,-673.75,131.25,-17.5
2609592,-402.5,258.125,529.375
2609592,-402.5,258.125,529.375
2609602,-4.375,520.625,656.25
2609602,-4.375,520.625,656.25
2609612,420.0,358.75,402.5
2609612,420.0,358.75,402.5
2609623,625.625,100.625,192.5
2609623,625.625,100.625,192.5
2609633,686.875,-78.75,240.625
2609633,686.875,-78.75,240.625
2609643,78.75,87.5,297.5
2609643,78.75,87.5,297.5
2609654,74.375,-166.25,-236.25
2609654,74.375,-166.25,-236.25
2609664,161.875,-455.0,-647.5
2609664,161.875,-455.0,-647.5
2609674,455.0,-551.25,-525.0
2609674,455.0,-551.25,-525.0
2609684,643.125,-787.5,-310.625
2609684,643.125,-787.5,-310.625
2609695,218.75,-857.5,-253.75
2609695,218.75,-857.5,-253.75
2609705,-511.875,-700.0,-507.5
2609705,-511.875,-700.0,-507.5
2609716,-783.125,-752.5,-682.5
2609716,-783.125,-752.5,-682.5
2609726,-643.125,-608.125,-192.5
2609726,-643.125,-608.125,-192.5
2609736,-153.125,-533.75,573.125
2609736,-153.125,-533.75,573.125
2609747,218.75,-498.75,1299.375
2609747,218.75,-498.75,1299.375
2609757,39.375,-131.25,1837.5
2609757,39.375,-131.25,1837.5
2609767,-581.875,65.625,1938.125
2609767,-581.875,65.625,1938.125
2609778,-1063.125,-4.375,1684.375
2609778,-1063.125,-4.375,1684.375
2609788,-1063.125,52.5,1531.25
2609788,-1063.125,52.5,1531.25
2609798,-660.625,144.375,1802.5
2609798,-660.625,144.375,1802.5
2609808,-166.25,113.75,2209.375
2609808,-166.25,113.75,2209.375
2609818,271.25,87.5,2493.75
2609818,271.25,87.5,2493.75
2609829,-43.75,271.25,2607.5
2609829,-43.75,271.25,2607.5
2609839,-770.0,231.875,2922.5
2609839,-770.0,231.875,2922.5
2609850,-778.75,231.875,3049.375
2609850,-778.75,231.875,3049.375
2609860,-739.375,61.25,3329.375
2609860,-739.375,61.25,3329.375
2609870,-577.5,-91.875,3766.875
2609870,-577.5,-91.875,3766.875
2609881,-503.125,-188.125,4243.75
2609881,-503.125,-188.125,4243.75
2609891,-875.0,-214.375,4536.875
2609891,-875.0,-214.375,4536.875
2609901,-1776.25,-43.75,4506.25
2609901,-1776.25,-43.75,4506.25
2609911,-2008.125,-144.375,4217.5
2609911,-2008.125,-144.375,4217.5
2609922,-1719.375,-140.0,4173.75
2609922,-1719.375,-140.0,4173.75
2609932,-1413.125,-297.5,4090.625
2609932,-1413.125,-297.5,4090.625
2609943,-1461.25,-476.875,4165.0
2609943,-1461.25,-476.875,4165.0
2609953,-1474.375,-393.75,4313.75
2609953,-1474.375,-393.75,4313.75
2609963,-1535.625,-354.375,4357.5
2609963,-1535.625,-354.375,4357.5
2609973,-1688.75,-341.25,4370.625
2609973,-1688.75,-341.25,4370.625
2609983,-1360.625,-249.375,4475.625
2609983,-1360.625,-249.375,4475.625
2609994,-883.75,-231.875,4571.875
2609994,-883.75,-231.875,4571.875
2610005,-39.375,-275.625,4510.625
2610005,-39.375,-275.625,4510.625
2610015,170.625,-87.5,4528.125
2610015,170.625,-87.5,4528.125
2610025,-498.75,61.25,4379.375
2610025,-498.75,61.25,4379.375
2610035,-1137.5,-87.5,4160.625
2610035,-1137.5,-87.5,4160.625
2610046,-1001.875,-157.5,3906.875
2610046,-1001.875,-157.5,3906.875
2610056,-1023.75,8.75,3661.875
2610056,-1023.75,8.75,3661.875
2610066,-1207.5,-35.0,3093.125
2610066,-1207.5,-35.0,3093.125
2610077,-1133.125,-428.75,2380.0
2610077,-1133.125,-428.75,2380.0
2610087,-700.0,-564.375,2279.375
2610087,-700.0,-564.375,2279.375
2610097,-437.5,-485.625,2738.75
2610097,-437.5,-485.625,2738.75
2610108,-1089.375,-354.375,2817.5
2610108,-1089.375,-354.375,2817.5
2610118,-1303.75,-166.25,2817.5
2610118,-1303.75,-166.25,2817.5
2610128,-1006.25,-196.875,2856.875
2610128,-1006.25,-196.875,2856.875
2610139,-1185.625,-450.625,2638.125
2610139,-1185.625,-450.625,2638.125
2610149,-1938.125,-695.625,2222.5
2610149,-1938.125,-695.625,2222.5
2610159,-2725.625,-643.125,2060.625
2610159,-2725.625,-643.125,2060.625
2610170,-2537.5,-555.625,2248.75
2610170,-2537.5,-555.625,2248.75
2610180,-2401.875,-363.125,2576.875
2610180,-2401.875,-363.125,2576.875
2610190,-1697.5,-8.75,2926.875
2610190,-1697.5,-8.75,2926.875
2610201,-433.125,91.875,2966.25
2610201,-433.125,91.875,2966.25
2610211,284.375,-26.25,2782.5
2610211,284.375,-26.25,2782.5
2610221,398.125,-65.625,2445.625
2610221,398.125,-65.625,2445.625
2610232,441.875,-166.25,1911.875
2610232,441.875,-166.25,1911.875
2610242,249.375,-288.75,1439.375
2610242,249.375,-288.75,1439.375
2610252,-205.625,-280.0,1137.5
2610252,-205.625,-280.0,1137.5
2610262,-345.625,-420.0,971.25
2610262,-345.625,-420.0,971.25
2610273,-713.125,-472.5,1050.0
2610273,-713.125,-472.5,1050.0
2610283,-1015.0,-393.75,1312.5
2610283,-1015.0,-393.75,1312.5
2610293,-1010.625,-266.875,1588.125
2610293,-1010.625,-266.875,1588.125
2610304,-778.75,-126.875,1789.375
2610304,-778.75,-126.875,1789.375
2610314,-406.875,-4.375,1767.5
2610314,-406.875,-4.375,1767.5
2610325,-56.875,135.625,1745.625
2610325,-56.875,135.625,1745.625
2610335,503.125,205.625,1736.875
2610335,503.125,205.625,1736.875
2610345,770.0,227.5,1715.0
2610345,770.0,227.5,1715.0
2610355,918.75,4.375,1754.375
2610355,918.75,4.375,1754.375
2610366,520.625,236.25,1741.25
2610366,520.625,236.25,1741.25
2610376,393.75,192.5,1736.875
2610376,393.75,192.5,1736.875
2610386,1050.0,96.25,1688.75
2610386,1050.0,96.25,1688.75
2610397,1395.625,188.125,1863.75
2610397,1395.625,188.125,1863.75
2610407,848.75,96.25,1631.875
2610407,848.75,96.25,1631.875
2610417,-153.125,-65.625,1089.375
2610417,-153.125,-65.625,1089.375
2610428,-581.875,-245.0,892.5
2610428,-581.875,-245.0,892.5
2610438,-1036.875,-153.125,914.375
2610438,-1036.875,-153.125,914.375
2610448,-1054.375,-131.25,844.375
2610448,-1054.375,-131.25,844.375
2610458,-713.125,-192.5,695.625
2610458,-713.125,-192.5,695.625
2610469,-857.5,-240.625,660.625
2610469,-857.5,-240.625,660.625
2610479,-988.75,-328.125,323.75
2610479,-988.75,-328.125,323.75
2610489,-1006.25,-293.125,8.75
2610489,-1006.25,-293.125,8.75
2610500,-993.125,-306.25,-196.875
2610500,-993.125,-306.25,-196.875
2610510,-656.25,-201.25,-402.5
2610510,-656.25,-201.25,-402.5
2610521,-901.25,-179.375,-319.375
2610521,-901.25,-179.375,-319.375
2610531,-1045.625,26.25,35.0
2610531,-1045.625,26.25,35.0
2610541,-1124.375,91.875,371.875
2610541,-1124.375,91.875,371.875
2610551,-1172.5,56.875,595.0
2610551,-1172.5,56.875,595.0
2610562,-1321.25,91.875,643.125
2610562,-1321.25,91.875,643.125
2610572,-1452.5,91.875,463.75
2610572,-1452.5,91.875,463.75
2610582,-1706.25,-118.125,-4.375
2610582,-1706.25,-118.125,-4.375
2610593,-1680.0,-288.75,-455.0
2610593,-1680.0,-288.75,-455.0
2610603,-1789.375,-345.625,-700.0
2610603,-1789.375,-345.625,-700.0
2610613,-1763.125,-376.25,-861.875
2610613,-1763.125,-376.25,-861.875
2610624,-1360.625,-52.5,-721.875
2610624,-1360.625,-52.5,-721.875
2610634,-861.875,183.75,-253.75
2610634,-861.875,183.75,-253.75
2610644,-210.0,315.0,380.625
2610644,-210.0,315.0,380.625
2610655,100.625,446.25,1006.25
2610655,100.625,446.25,1006.25
2610665,-135.625,625.625,1378.125
2610665,-135.625,625.625,1378.125
2610675,-459.375,525.0,1141.875
2610675,-459.375,525.0,1141.875
2610685,-1312.5,319.375,721.875
2610685,-1312.5,319.375,721.875
2610696,-2108.75,210.0,236.25
2610696,-2108.75,210.0,236.25
2610706,-2498.125,83.125,-78.75
2610706,-2498.125,83.125,-78.75
2610717,-2681.875,-188.125,-498.75
2610717,-2681.875,-188.125,-498.75
2610727,-2813.125,-258.125,-752.5
2610727,-2813.125,-258.125,-752.5
2610737,-2835.0,-175.0,-752.5
2610737,-2835.0,-175.0,-752.5
2610748,-2883.125,78.75,-988.75
2610748,-2883.125,78.75,-988.75
2610758,-2590.0,17.5,-1163.75
2610758,-2590.0,17.5,-1163.75
2610768,-2410.625,-4.375,-1268.75
2610768,-2410.625,-4.375,-1268.75
2610778,-2401.875,-56.875,-1614.375
2610778,-2401.875,-56.875,-1614.375
2610789,-2310.0,0.0,-1579.375
2610789,-2310.0,0.0,-1579.375
2610799,-2170.0,236.25,-927.5
2610799,-2170.0,236.25,-927.5
2610809,-1688.75,433.125,-306.25
2610809,-1688.75,433.125,-306.25
2610820,-1290.625,634.375,411.25
2610820,-1290.625,634.375,411.25
2610830,-1470.0,708.75,940.625
2610830,-1470.0,708.75,940.625
2610840,-1566.25,551.25,1028.125
2610840,-1566.25,551.25,1028.125
2610851,-1382.5,411.25,503.125
2610851,-1382.5,411.25,503.125
2610861,-1653.75,415.625,-297.5
2610861,-1653.75,415.625,-297.5
2610872,-2358.125,402.5,-1369.375
2610872,-2358.125,402.5,-1369.375
2610882,-2349.375,161.875,-2069.375
2610882,-2349.375,161.875,-2069.375
2610892,-529.375,-43.75,-1321.25
2610892,-529.375,-43.75,-1321.25
2610902,1540.0,-783.125,3316.25
2610902,1540.0,-783.125,3316.25
2610913,32956.875,-8369.375,37629.375
2610913,32956.875,-8369.375,37629.375
2610923,122513.125,-62825.0,99295.0
2610923,122513.125,-62825.0,99295.0
2610933,64395.625,-56581.875,32690.0
2610933,64395.625,-56581.875,32690.0
2610944,-6409.375,-3084.375,2695.0
2610944,-6409.375,-3084.375,2695.0
2610954,19407.5,-2450.0,13768.125
2610954,19407.5,-2450.0,13768.125
2610964,61031.25,1255.625,10276.875
2610964,61031.25,1255.625,10276.875
2610974,111571.25,-9200.625,1120.0
2610974,111571.25,-9200.625,1120.0
2610985,48641.25,-9922.5,-27593.125
2610985,48641.25,-9922.5,-27593.125
2610995,-15115.625,752.5,-33066.25
2610995,-15115.625,752.5,-33066.25
2611005,-50876.875,2887.5,-31644.375
2611005,-50876.875,2887.5,-31644.375
2611015,-54661.25,5565.0,-24556.875
2611015,-54661.25,5565.0,-24556.875
2611025,-42490.0,7726.25,-22452.5
2611025,-42490.0,7726.25,-22452.5
2611036,-27374.375,6081.25,-20982.5
2611036,-27374.375,6081.25,-20982.5
2611047,-16222.5,3661.875,-14857.5
2611047,-16222.5,3661.875,-14857.5
2611057,-9205.0,2712.5,-9056.25
2611057,-9205.0,2712.5,-9056.25
2611068,-748.125,-70.0,-4519.375
2611068,-748.125,-70.0,-4519.375
2611078,6103.125,-708.75,-1268.75
2611078,6103.125,-708.75,-1268.75
2611088,10889.375,-1601.25,529.375
2611088,10889.375,-1601.25,529.375
2611098,12083.75,-2323.125,2668.75
2611098,12083.75,-2323.125,2668.75
2611109,9231.25,-1325.625,2240.0
2611109,9231.25,-1325.625,2240.0
2611119,6934.375,-91.875,3110.625
2611119,6934.375,-91.875,3110.625
2611129,6308.75,573.125,4755.625
2611129,6308.75,573.125,4755.625
2611140,5906.25,577.5,5372.5
2611140,5906.25,577.5,5372.5
2611150,5766.25,140.0,5363.75
2611150,5766.25,140.0,5363.75
2611160,5941.25,-301.875,5158.125
2611160,5941.25,-301.875,5158.125
2611170,6295.625,-511.875,4585.0
2611170,6295.625,-511.875,4585.0
2611181,7065.625,-647.5,3871.875
2611181,7065.625,-647.5,3871.875
2611191,8785.0,-590.625,3570.0
2611191,8785.0,-590.625,3570.0
2611201,9257.5,-713.125,2891.875
2611201,9257.5,-713.125,2891.875
2611212,8255.625,-1023.75,2065.0
2611212,8255.625,-1023.75,2065.0
