2642840,-131.25,-17.5,26.25
2642840,-131.25,-17.5,26.25
2642850,-113.75,-13.125,17.5
2642850,-113.75,-13.125,17.5
2643002,-78.75,-8.75,4.375
2643002,-78.75,-8.75,4.375
2643012,-74.375,0.0,-26.25
2643012,-74.375,0.0,-26.25
2643163,-48.125,-17.5,26.25
2643163,-48.125,-17.5,26.25
2643173,-61.25,-8.75,17.5
2643173,-61.25,-8.75,17.5
2643325,-17.5,-4.375,0.0
2643325,-17.5,-4.375,0.0
2643335,-17.5,-4.375,-8.75
2643335,-17.5,-4.375,-8.75
2643486,-65.625,-17.5,-26.25
2643486,-65.625,-17.5,-26.25
2643497,-26.25,-21.875,-26.25
2643497,-26.25,-21.875,-26.25
2643647,-105.0,-13.125,48.125
2643647,-105.0,-13.125,48.125
2643658,-148.75,-4.375,61.25
2643658,-148.75,-4.375,61.25
2643728,-118.125,13.125,21.875
2643728,-118.125,13.125,21.875
2643738,-118.125,39.375,78.75
2643738,-118.125,39.375,78.75
2643890,-13.125,43.75,65.625
2643890,-13.125,43.75,65.625
2643900,-21.875,26.25,56.875
2643900,-21.875,26.25,56.875
2644051,-218.75,210.0,245.0
2644051,-218.75,210.0,245.0
2644061,-240.625,301.875,437.5
2644061,-240.625,301.875,437.5
2644213,-10045.0,2113.125,6610.625
2644213,-10045.0,2113.125,6610.625
2644223,-13715.625,1566.25,6278.125
2644223,-13715.625,1566.25,6278.125
2644374,-22680.0,-5096.875,-2231.25
2644374,-22680.0,-5096.875,-2231.25
2644384,-22741.25,-5158.125,-2541.875
2644384,-22741.25,-5158.125,-2541.875
2644536,-5175.625,-8614.375,-2922.5
2644536,-5175.625,-8614.375,-2922.5
2644546,-5945.625,-8684.375,-1933.75
2644546,-5945.625,-8684.375,-1933.75
2644697,-3154.375,13.125,-1404.375
2644697,-3154.375,13.125,-1404.375
2644707,-3163.125,726.25,-1684.375
2644707,-3163.125,726.25,-1684.375
2644859,-4191.25,7371.875,-896.875
2644859,-4191.25,7371.875,-896.875
2644869,-4414.375,7420.0,-573.125
2644869,-4414.375,7420.0,-573.125
2645020,-5398.75,6041.875,-853.125
2645020,-5398.75,6041.875,-853.125
2645030,-5250.0,5604.375,-717.5
2645030,-5250.0,5604.375,-717.5
2645182,52.5,380.625,1496.25
2645182,52.5,380.625,1496.25
2645192,78.75,297.5,1255.625
2645192,78.75,297.5,1255.625
2645343,485.625,262.5,-144.375
2645343,485.625,262.5,-144.375
2645353,498.75,363.125,-166.25
2645353,498.75,363.125,-166.25
2645505,-192.5,-52.5,275.625
2645505,-192.5,-52.5,275.625
2645514,-144.375,-26.25,258.125
2645514,-144.375,-26.25,258.125
2645666,0.0,-96.25,-105.0
2645666,0.0,-96.25,-105.0
2645676,-113.75,-61.25,-48.125
2645676,-113.75,-61.25,-48.125
