2625039,-35.0,-43.75,26.25
2625039,-35.0,-43.75,26.25
2625048,-48.125,0.0,-17.5
2625048,-48.125,0.0,-17.5
2625099,-48.125,-13.125,-35.0
2625099,-48.125,-13.125,-35.0
2625109,-65.625,-17.5,-17.5
2625109,-65.625,-17.5,-17.5
2625200,21.875,-8.75,-35.0
2625200,21.875,-8.75,-35.0
2625210,-56.875,4.375,-17.5
2625210,-56.875,4.375,-17.5
2625362,43.75,-17.5,-113.75
2625362,43.75,-17.5,-113.75
2625371,43.75,-21.875,-118.125
2625371,43.75,-21.875,-118.125
2625523,-21.875,-17.5,-196.875
2625523,-21.875,-17.5,-196.875
2625533,-39.375,-21.875,-161.875
2625533,-39.375,-21.875,-161.875
2625583,4.375,-8.75,-87.5
2625583,4.375,-8.75,-87.5
2625594,-70.0,17.5,-26.25
2625594,-70.0,17.5,-26.25
2625745,61.25,26.25,0.0
2625745,61.25,26.25,0.0
2625755,100.625,39.375,-8.75
2625755,100.625,39.375,-8.75
2625765,100.625,43.75,4.375
2625765,100.625,43.75,4.375
2625775,100.625,52.5,13.125
2625775,100.625,52.5,13.125
2625926,-13.125,43.75,-100.625
2625926,-13.125,43.75,-100.625
2625936,-30.625,48.125,-100.625
2625936,-30.625,48.125,-100.625
2626088,113.75,30.625,0.0
2626088,113.75,30.625,0.0
2626098,74.375,35.0,4.375
2626098,74.375,35.0,4.375
2626249,-455.0,704.375,822.5
2626249,-455.0,704.375,822.5
2626259,-660.625,879.375,984.375
2626259,-660.625,879.375,984.375
2626411,-2905.0,-656.25,1295.0
2626411,-2905.0,-656.25,1295.0
2626421,-4423.125,-1526.875,1815.625
2626421,-4423.125,-1526.875,1815.625
2626572,-27133.75,-6636.875,2765.0
2626572,-27133.75,-6636.875,2765.0
2626582,-25707.5,-6671.875,2511.25
2626582,-25707.5,-6671.875,2511.25
2626734,-6247.5,-6348.125,-2576.875
2626734,-6247.5,-6348.125,-2576.875
2626743,-5639.375,-8776.25,-2060.625
2626743,-5639.375,-8776.25,-2060.625
2626895,-2226.875,-1290.625,-2778.125
2626895,-2226.875,-1290.625,-2778.125
2626905,-2082.5,-612.5,-2852.5
2626905,-2082.5,-612.5,-2852.5
2627057,-3946.25,4488.75,91.875
2627057,-3946.25,4488.75,91.875
2627067,-4020.625,4221.875,297.5
2627067,-4020.625,4221.875,297.5
2627218,-5306.875,5591.25,-1019.375
2627218,-5306.875,5591.25,-1019.375
2627228,-5460.0,5560.625,-966.875
2627228,-5460.0,5560.625,-966.875
2627380,-1583.75,2778.125,805.0
2627380,-1583.75,2778.125,805.0
2627390,-1299.375,2541.875,822.5
2627390,-1299.375,2541.875,822.5
2627541,-398.125,-363.125,826.875
2627541,-398.125,-363.125,826.875
2627551,-573.125,-411.25,844.375
2627551,-573.125,-411.25,844.375
