2633385,-242.1875,281.25,929.6875,7.8125,-859.375,585.9375,218.75,-929.6875,351.5625,554.6875,-835.9375,93.75,546.875,-812.5,265.625
2633385,-242.1875,281.25,929.6875,7.8125,-859.375,585.9375,218.75,-929.6875,351.5625,554.6875,-835.9375,93.75,546.875,-812.5,265.625
2633385,-242.1875,281.25,937.5,7.8125,-859.375,585.9375,226.5625,-937.5,359.375,554.6875,-835.9375,85.9375,554.6875,-804.6875,250.0
2633385,-242.1875,281.25,937.5,7.8125,-859.375,585.9375,226.5625,-937.5,359.375,554.6875,-835.9375,85.9375,554.6875,-804.6875,250.0
2633393,-234.375,289.0625,929.6875,0.0,-851.5625,585.9375,226.5625,-937.5,359.375,554.6875,-851.5625,78.125,554.6875,-812.5,257.8125
2633393,-234.375,289.0625,929.6875,0.0,-851.5625,585.9375,226.5625,-937.5,359.375,554.6875,-851.5625,78.125,554.6875,-812.5,257.8125
2633401,-234.375,289.0625,929.6875,15.625,-859.375,585.9375,226.5625,-945.3125,359.375,562.5,-843.75,85.9375,554.6875,-812.5,257.8125
2633401,-234.375,289.0625,929.6875,15.625,-859.375,585.9375,226.5625,-945.3125,359.375,562.5,-843.75,85.9375,554.6875,-812.5,257.8125
2633546,-226.5625,296.875,921.875,7.8125,-835.9375,585.9375,226.5625,-921.875,343.75,546.875,-820.3125,78.125,539.0625,-804.6875,250.0
2633546,-226.5625,296.875,921.875,7.8125,-835.9375,585.9375,226.5625,-921.875,343.75,546.875,-820.3125,78.125,539.0625,-804.6875,250.0
2633546,-234.375,296.875,921.875,23.4375,-835.9375,585.9375,218.75,-921.875,359.375,554.6875,-828.125,85.9375,539.0625,-796.875,257.8125
2633546,-234.375,296.875,921.875,23.4375,-835.9375,585.9375,218.75,-921.875,359.375,554.6875,-828.125,85.9375,539.0625,-796.875,257.8125
2633554,-234.375,296.875,921.875,7.8125,-835.9375,593.75,226.5625,-921.875,359.375,546.875,-828.125,93.75,546.875,-804.6875,257.8125
2633554,-234.375,296.875,921.875,7.8125,-835.9375,593.75,226.5625,-921.875,359.375,546.875,-828.125,93.75,546.875,-804.6875,257.8125
2633562,-242.1875,289.0625,914.0625,7.8125,-843.75,593.75,226.5625,-929.6875,359.375,546.875,-828.125,93.75,539.0625,-796.875,250.0
2633562,-242.1875,289.0625,914.0625,7.8125,-843.75,593.75,226.5625,-929.6875,359.375,546.875,-828.125,93.75,539.0625,-796.875,250.0
2633707,-234.375,289.0625,921.875,15.625,-835.9375,578.125,226.5625,-929.6875,351.5625,539.0625,-828.125,78.125,554.6875,-804.6875,257.8125
2633707,-234.375,289.0625,921.875,15.625,-835.9375,578.125,226.5625,-929.6875,351.5625,539.0625,-828.125,78.125,554.6875,-804.6875,257.8125
2633707,-234.375,296.875,929.6875,7.8125,-835.9375,585.9375,218.75,-921.875,359.375,546.875,-828.125,78.125,546.875,-804.6875,257.8125
2633707,-234.375,296.875,929.6875,7.8125,-835.9375,585.9375,218.75,-921.875,359.375,546.875,-828.125,78.125,546.875,-804.6875,257.8125
2633715,-234.375,304.6875,914.0625,15.625,-843.75,578.125,226.5625,-921.875,351.5625,539.0625,-828.125,85.9375,539.0625,-812.5,257.8125
2633715,-234.375,304.6875,914.0625,15.625,-843.75,578.125,226.5625,-921.875,351.5625,539.0625,-828.125,85.9375,539.0625,-812.5,257.8125
2633723,-242.1875,296.875,921.875,15.625,-843.75,585.9375,218.75,-921.875,359.375,546.875,-828.125,93.75,546.875,-796.875,250.0
2633723,-242.1875,296.875,921.875,15.625,-843.75,585.9375,218.75,-921.875,359.375,546.875,-828.125,93.75,546.875,-796.875,250.0
2633868,-242.1875,304.6875,937.5,7.8125,-835.9375,585.9375,226.5625,-921.875,359.375,546.875,-835.9375,78.125,546.875,-804.6875,257.8125
2633868,-242.1875,304.6875,937.5,7.8125,-835.9375,585.9375,226.5625,-921.875,359.375,546.875,-835.9375,78.125,546.875,-804.6875,257.8125
2633869,-242.1875,296.875,929.6875,7.8125,-835.9375,585.9375,226.5625,-929.6875,367.1875,554.6875,-828.125,85.9375,539.0625,-804.6875,250.0
2633869,-242.1875,296.875,929.6875,7.8125,-835.9375,585.9375,226.5625,-929.6875,367.1875,554.6875,-828.125,85.9375,539.0625,-804.6875,250.0
2633876,-234.375,296.875,921.875,15.625,-843.75,593.75,226.5625,-929.6875,367.1875,546.875,-828.125,93.75,539.0625,-812.5,257.8125
2633876,-234.375,296.875,921.875,15.625,-843.75,593.75,226.5625,-929.6875,367.1875,546.875,-828.125,93.75,539.0625,-812.5,257.8125
2633884,-234.375,296.875,921.875,7.8125,-835.9375,585.9375,226.5625,-929.6875,367.1875,546.875,-835.9375,85.9375,539.0625,-804.6875,257.8125
2633884,-234.375,296.875,921.875,7.8125,-835.9375,585.9375,226.5625,-929.6875,367.1875,546.875,-835.9375,85.9375,539.0625,-804.6875,257.8125
2634030,-234.375,296.875,914.0625,15.625,-843.75,585.9375,226.5625,-921.875,359.375,554.6875,-820.3125,101.5625,546.875,-796.875,257.8125
2634030,-234.375,296.875,914.0625,15.625,-843.75,585.9375,226.5625,-921.875,359.375,554.6875,-820.3125,101.5625,546.875,-796.875,257.8125
2634030,-234.375,304.6875,921.875,15.625,-843.75,593.75,226.5625,-921.875,359.375,546.875,-828.125,85.9375,539.0625,-812.5,257.8125
2634030,-234.375,304.6875,921.875,15.625,-843.75,593.75,226.5625,-921.875,359.375,546.875,-828.125,85.9375,539.0625,-812.5,257.8125
2634038,-234.375,304.6875,921.875,7.8125,-843.75,593.75,218.75,-921.875,359.375,546.875,-828.125,85.9375,539.0625,-804.6875,257.8125
2634038,-234.375,304.6875,921.875,7.8125,-843.75,593.75,218.75,-921.875,359.375,546.875,-828.125,85.9375,539.0625,-804.6875,257.8125
2634045,-234.375,304.6875,921.875,7.8125,-843.75,585.9375,226.5625,-929.6875,359.375,554.6875,-835.9375,78.125,546.875,-804.6875,250.0
2634045,-234.375,304.6875,921.875,7.8125,-843.75,585.9375,226.5625,-929.6875,359.375,554.6875,-835.9375,78.125,546.875,-804.6875,250.0
2634191,-242.1875,289.0625,929.6875,7.8125,-843.75,585.9375,226.5625,-937.5,343.75,546.875,-835.9375,78.125,539.0625,-812.5,257.8125
2634191,-242.1875,289.0625,929.6875,7.8125,-843.75,585.9375,226.5625,-937.5,343.75,546.875,-835.9375,78.125,539.0625,-812.5,257.8125
2634192,-242.1875,296.875,921.875,7.8125,-843.75,578.125,234.375,-929.6875,351.5625,554.6875,-835.9375,78.125,539.0625,-804.6875,257.8125
2634192,-242.1875,296.875,921.875,7.8125,-843.75,578.125,234.375,-929.6875,351.5625,554.6875,-835.9375,78.125,539.0625,-804.6875,257.8125
2634199,-242.1875,296.875,929.6875,15.625,-843.75,585.9375,226.5625,-929.6875,351.5625,554.6875,-835.9375,85.9375,554.6875,-820.3125,265.625
2634199,-242.1875,296.875,929.6875,15.625,-843.75,585.9375,226.5625,-929.6875,351.5625,554.6875,-835.9375,85.9375,554.6875,-820.3125,265.625
2634207,-234.375,304.6875,929.6875,7.8125,-843.75,585.9375,218.75,-929.6875,359.375,554.6875,-835.9375,85.9375,546.875,-804.6875,257.8125
2634207,-234.375,304.6875,929.6875,7.8125,-843.75,585.9375,218.75,-929.6875,359.375,554.6875,-835.9375,85.9375,546.875,-804.6875,257.8125
2634353,-234.375,304.6875,921.875,15.625,-835.9375,585.9375,226.5625,-921.875,359.375,554.6875,-828.125,93.75,546.875,-804.6875,265.625
2634353,-234.375,304.6875,921.875,15.625,-835.9375,585.9375,226.5625,-921.875,359.375,554.6875,-828.125,93.75,546.875,-804.6875,265.625
2634353,-234.375,304.6875,921.875,15.625,-835.9375,585.9375,234.375,-921.875,351.5625,554.6875,-820.3125,85.9375,539.0625,-804.6875,250.0
2634353,-234.375,304.6875,921.875,15.625,-835.9375,585.9375,234.375,-921.875,351.5625,554.6875,-820.3125,85.9375,539.0625,-804.6875,250.0
2634360,-234.375,304.6875,921.875,15.625,-835.9375,585.9375,218.75,-921.875,359.375,546.875,-820.3125,85.9375,539.0625,-804.6875,257.8125
2634360,-234.375,304.6875,921.875,15.625,-835.9375,585.9375,218.75,-921.875,359.375,546.875,-820.3125,85.9375,539.0625,-804.6875,257.8125
2634368,-234.375,296.875,914.0625,15.625,-835.9375,585.9375,226.5625,-921.875,351.5625,546.875,-820.3125,78.125,546.875,-796.875,265.625
2634368,-234.375,296.875,914.0625,15.625,-835.9375,585.9375,226.5625,-921.875,351.5625,546.875,-820.3125,78.125,546.875,-796.875,265.625
2634514,-242.1875,289.0625,921.875,7.8125,-835.9375,593.75,218.75,-921.875,359.375,554.6875,-828.125,85.9375,546.875,-804.6875,257.8125
2634514,-242.1875,289.0625,921.875,7.8125,-835.9375,593.75,218.75,-921.875,359.375,554.6875,-828.125,85.9375,546.875,-804.6875,257.8125
2634514,-242.1875,296.875,921.875,15.625,-835.9375,578.125,226.5625,-921.875,343.75,546.875,-828.125,78.125,546.875,-804.6875,250.0
2634514,-242.1875,296.875,921.875,15.625,-835.9375,578.125,226.5625,-921.875,343.75,546.875,-828.125,78.125,546.875,-804.6875,250.0
2634522,-234.375,289.0625,921.875,7.8125,-843.75,585.9375,226.5625,-929.6875,351.5625,554.6875,-835.9375,85.9375,546.875,-804.6875,257.8125
2634522,-234.375,289.0625,921.875,7.8125,-843.75,585.9375,226.5625,-929.6875,351.5625,554.6875,-835.9375,85.9375,546.875,-804.6875,257.8125
2634530,-234.375,289.0625,921.875,7.8125,-843.75,585.9375,226.5625,-921.875,351.5625,546.875,-835.9375,85.9375,546.875,-796.875,257.8125
2634530,-234.375,289.0625,921.875,7.8125,-843.75,585.9375,226.5625,-921.875,351.5625,546.875,-835.9375,85.9375,546.875,-796.875,257.8125
2634674,-234.375,296.875,921.875,15.625,-843.75,593.75,210.9375,-929.6875,359.375,546.875,-828.125,93.75,539.0625,-804.6875,257.8125
2634674,-234.375,296.875,921.875,15.625,-843.75,593.75,210.9375,-929.6875,359.375,546.875,-828.125,93.75,539.0625,-804.6875,257.8125
2634674,-234.375,289.0625,921.875,7.8125,-835.9375,585.9375,226.5625,-921.875,359.375,546.875,-828.125,85.9375,539.0625,-804.6875,265.625
2634674,-234.375,289.0625,921.875,7.8125,-835.9375,585.9375,226.5625,-921.875,359.375,546.875,-828.125,85.9375,539.0625,-804.6875,265.625
2634683,-234.375,304.6875,914.0625,7.8125,-843.75,593.75,226.5625,-929.6875,359.375,539.0625,-835.9375,85.9375,546.875,-804.6875,257.8125
2634683,-234.375,304.6875,914.0625,7.8125,-843.75,593.75,226.5625,-929.6875,359.375,539.0625,-835.9375,85.9375,546.875,-804.6875,257.8125
2634691,-242.1875,296.875,921.875,15.625,-835.9375,585.9375,226.5625,-921.875,359.375,554.6875,-828.125,93.75,546.875,-812.5,257.8125
2634691,-242.1875,296.875,921.875,15.625,-835.9375,585.9375,226.5625,-921.875,359.375,554.6875,-828.125,93.75,546.875,-812.5,257.8125
2634691,-234.375,296.875,921.875,15.625,-843.75,593.75,226.5625,-929.6875,359.375,554.6875,-835.9375,85.9375,539.0625,-812.5,257.8125
2634691,-234.375,296.875,921.875,15.625,-843.75,593.75,226.5625,-929.6875,359.375,554.6875,-835.9375,85.9375,539.0625,-812.5,257.8125
2634699,-234.375,289.0625,921.875,15.625,-835.9375,578.125,218.75,-921.875,359.375,546.875,-828.125,85.9375,539.0625,-796.875,257.8125
2634699,-234.375,289.0625,921.875,15.625,-835.9375,578.125,218.75,-921.875,359.375,546.875,-828.125,85.9375,539.0625,-796.875,257.8125
2634699,-242.1875,296.875,921.875,15.625,-835.9375,593.75,226.5625,-921.875,351.5625,546.875,-835.9375,93.75,539.0625,-804.6875,257.8125
2634699,-242.1875,296.875,921.875,15.625,-835.9375,593.75,226.5625,-921.875,351.5625,546.875,-835.9375,93.75,539.0625,-804.6875,257.8125
2634707,-234.375,296.875,921.875,7.8125,-835.9375,585.9375,234.375,-921.875,351.5625,554.6875,-828.125,85.9375,546.875,-804.6875,257.8125
2634707,-234.375,296.875,921.875,7.8125,-835.9375,585.9375,234.375,-921.875,351.5625,554.6875,-828.125,85.9375,546.875,-804.6875,257.8125
2635353,-218.75,320.3125,929.6875,7.8125,-835.9375,585.9375,218.75,-937.5,328.125,601.5625,-828.125,101.5625,578.125,-796.875,265.625
2635353,-218.75,320.3125,929.6875,7.8125,-835.9375,585.9375,218.75,-937.5,328.125,601.5625,-828.125,101.5625,578.125,-796.875,265.625
2635360,-210.9375,320.3125,945.3125,7.8125,-835.9375,570.3125,218.75,-953.125,320.3125,585.9375,-820.3125,93.75,570.3125,-812.5,203.125
2635360,-210.9375,320.3125,945.3125,7.8125,-835.9375,570.3125,218.75,-953.125,320.3125,585.9375,-820.3125,93.75,570.3125,-812.5,203.125
2635360,-195.3125,328.125,953.125,23.4375,-851.5625,617.1875,281.25,-953.125,367.1875,601.5625,-812.5,93.75,617.1875,-687.5,281.25
2635360,-195.3125,328.125,953.125,23.4375,-851.5625,617.1875,281.25,-953.125,367.1875,601.5625,-812.5,93.75,617.1875,-687.5,281.25
2635368,-187.5,335.9375,953.125,31.25,-890.625,640.625,242.1875,-960.9375,367.1875,640.625,-843.75,125.0,601.5625,-843.75,351.5625
2635368,-187.5,335.9375,953.125,31.25,-890.625,640.625,242.1875,-960.9375,367.1875,640.625,-843.75,125.0,601.5625,-843.75,351.5625
2635554,-437.5,890.625,875.0,39.0625,-1171.875,1039.0625,414.0625,-1398.4375,640.625,843.75,-1296.875,164.0625,781.25,-1226.5625,453.125
2635554,-437.5,890.625,875.0,39.0625,-1171.875,1039.0625,414.0625,-1398.4375,640.625,843.75,-1296.875,164.0625,781.25,-1226.5625,453.125
2635562,-320.3125,710.9375,820.3125,46.875,-1078.125,976.5625,382.8125,-1359.375,593.75,804.6875,-1234.375,140.625,757.8125,-1195.3125,429.6875
2635562,-320.3125,710.9375,820.3125,46.875,-1078.125,976.5625,382.8125,-1359.375,593.75,804.6875,-1234.375,140.625,757.8125,-1195.3125,429.6875
2635562,-273.4375,554.6875,843.75,31.25,-1085.9375,921.875,359.375,-1312.5,554.6875,750.0,-1210.9375,125.0,742.1875,-1187.5,421.875
2635562,-273.4375,554.6875,843.75,31.25,-1085.9375,921.875,359.375,-1312.5,554.6875,750.0,-1210.9375,125.0,742.1875,-1187.5,421.875
2635570,-320.3125,460.9375,804.6875,-31.25,-1015.625,898.4375,312.5,-1281.25,500.0,718.75,-1187.5,117.1875,726.5625,-1187.5,406.25
2635570,-320.3125,460.9375,804.6875,-31.25,-1015.625,898.4375,312.5,-1281.25,500.0,718.75,-1187.5,117.1875,726.5625,-1187.5,406.25
2635715,78.125,710.9375,265.625,-117.1875,-335.9375,265.625,-85.9375,-320.3125,-171.875,85.9375,-265.625,-156.25,242.1875,-328.125,-179.6875
2635715,78.125,710.9375,265.625,-117.1875,-335.9375,265.625,-85.9375,-320.3125,-171.875,85.9375,-265.625,-156.25,242.1875,-328.125,-179.6875
2635723,78.125,781.25,226.5625,-101.5625,-273.4375,273.4375,23.4375,-382.8125,-78.125,140.625,-320.3125,-78.125,242.1875,-335.9375,-23.4375
2635723,78.125,781.25,226.5625,-101.5625,-273.4375,273.4375,23.4375,-382.8125,-78.125,140.625,-320.3125,-78.125,242.1875,-335.9375,-23.4375
2635723,39.0625,765.625,210.9375,-125.0,-203.125,328.125,117.1875,-398.4375,39.0625,187.5,-398.4375,31.25,218.75,-406.25,218.75
2635723,39.0625,765.625,210.9375,-125.0,-203.125,328.125,117.1875,-398.4375,39.0625,187.5,-398.4375,31.25,218.75,-406.25,218.75
2635731,15.625,765.625,210.9375,-70.3125,-179.6875,351.5625,226.5625,-335.9375,195.3125,289.0625,-500.0,125.0,250.0,-492.1875,476.5625
2635731,15.625,765.625,210.9375,-70.3125,-179.6875,351.5625,226.5625,-335.9375,195.3125,289.0625,-500.0,125.0,250.0,-492.1875,476.5625
2635876,-46.875,742.1875,-625.0,312.5,171.875,890.625,867.1875,-54.6875,468.75,875.0,-109.375,398.4375,843.75,-156.25,531.25
2635876,-46.875,742.1875,-625.0,312.5,171.875,890.625,867.1875,-54.6875,468.75,875.0,-109.375,398.4375,843.75,-156.25,531.25
2635885,-78.125,703.125,-632.8125,304.6875,171.875,890.625,859.375,-31.25,476.5625,898.4375,-93.75,406.25,859.375,-140.625,523.4375
2635885,-78.125,703.125,-632.8125,304.6875,171.875,890.625,859.375,-31.25,476.5625,898.4375,-93.75,406.25,859.375,-140.625,523.4375
2635885,-70.3125,671.875,-648.4375,312.5,148.4375,890.625,875.0,-54.6875,484.375,914.0625,-101.5625,429.6875,867.1875,-148.4375,531.25
2635885,-70.3125,671.875,-648.4375,312.5,148.4375,890.625,875.0,-54.6875,484.375,914.0625,-101.5625,429.6875,867.1875,-148.4375,531.25
2635892,-54.6875,656.25,-656.25,304.6875,140.625,898.4375,875.0,-70.3125,492.1875,914.0625,-117.1875,414.0625,867.1875,-171.875,539.0625
2635892,-54.6875,656.25,-656.25,304.6875,140.625,898.4375,875.0,-70.3125,492.1875,914.0625,-117.1875,414.0625,867.1875,-171.875,539.0625
2636038,-351.5625,992.1875,-343.75,-15.625,-250.0,1054.6875,656.25,-539.0625,632.8125,687.5,-601.5625,492.1875,492.1875,-562.5,687.5
2636038,-351.5625,992.1875,-343.75,-15.625,-250.0,1054.6875,656.25,-539.0625,632.8125,687.5,-601.5625,492.1875,492.1875,-562.5,687.5
2636045,-335.9375,1000.0,-328.125,-7.8125,-234.375,1046.875,664.0625,-531.25,656.25,679.6875,-601.5625,492.1875,492.1875,-578.125,687.5
2636045,-335.9375,1000.0,-328.125,-7.8125,-234.375,1046.875,664.0625,-531.25,656.25,679.6875,-601.5625,492.1875,492.1875,-578.125,687.5
2636045,-351.5625,1000.0,-328.125,-31.25,-218.75,1054.6875,640.625,-539.0625,648.4375,671.875,-617.1875,500.0,484.375,-585.9375,703.125
2636045,-351.5625,1000.0,-328.125,-31.25,-218.75,1054.6875,640.625,-539.0625,648.4375,671.875,-617.1875,500.0,484.375,-585.9375,703.125
2636054,-359.375,984.375,-335.9375,-39.0625,-250.0,1039.0625,632.8125,-562.5,648.4375,664.0625,-640.625,507.8125,476.5625,-601.5625,726.5625
2636054,-359.375,984.375,-335.9375,-39.0625,-250.0,1039.0625,632.8125,-562.5,648.4375,664.0625,-640.625,507.8125,476.5625,-601.5625,726.5625
2636199,-703.125,718.75,-281.25,-445.3125,-164.0625,914.0625,281.25,-531.25,835.9375,304.6875,-687.5,710.9375,70.3125,-531.25,882.8125
2636199,-703.125,718.75,-281.25,-445.3125,-164.0625,914.0625,281.25,-531.25,835.9375,304.6875,-687.5,710.9375,70.3125,-531.25,882.8125
2636207,-710.9375,671.875,-281.25,-453.125,-148.4375,906.25,257.8125,-500.0,843.75,281.25,-679.6875,710.9375,62.5,-531.25,882.8125
2636207,-710.9375,671.875,-281.25,-453.125,-148.4375,906.25,257.8125,-500.0,843.75,281.25,-679.6875,710.9375,62.5,-531.25,882.8125
2636207,-710.9375,632.8125,-289.0625,-468.75,-132.8125,898.4375,242.1875,-492.1875,851.5625,273.4375,-664.0625,718.75,31.25,-507.8125,875.0
2636207,-710.9375,632.8125,-289.0625,-468.75,-132.8125,898.4375,242.1875,-492.1875,851.5625,273.4375,-664.0625,718.75,31.25,-507.8125,875.0
2636215,-718.75,617.1875,-296.875,-484.375,-125.0,875.0,226.5625,-492.1875,859.375,242.1875,-664.0625,718.75,7.8125,-507.8125,875.0
2636215,-718.75,617.1875,-296.875,-484.375,-125.0,875.0,226.5625,-492.1875,859.375,242.1875,-664.0625,718.75,7.8125,-507.8125,875.0
2636303,-796.875,546.875,-320.3125,-640.625,31.25,820.3125,46.875,-367.1875,953.125,39.0625,-578.125,859.375,-203.125,-359.375,945.3125
2636303,-796.875,546.875,-320.3125,-640.625,31.25,820.3125,46.875,-367.1875,953.125,39.0625,-578.125,859.375,-203.125,-359.375,945.3125
2636303,-812.5,546.875,-328.125,-640.625,31.25,835.9375,46.875,-375.0,960.9375,46.875,-570.3125,867.1875,-195.3125,-351.5625,953.125
2636303,-812.5,546.875,-328.125,-640.625,31.25,835.9375,46.875,-375.0,960.9375,46.875,-570.3125,867.1875,-195.3125,-351.5625,953.125
2636312,-820.3125,554.6875,-335.9375,-640.625,39.0625,843.75,62.5,-359.375,968.75,62.5,-578.125,875.0,-195.3125,-343.75,968.75
2636312,-820.3125,554.6875,-335.9375,-640.625,39.0625,843.75,62.5,-359.375,968.75,62.5,-578.125,875.0,-195.3125,-343.75,968.75
2636312,-835.9375,539.0625,-343.75,-648.4375,54.6875,851.5625,54.6875,-359.375,992.1875,62.5,-578.125,898.4375,-187.5,-359.375,984.375
2636312,-835.9375,539.0625,-343.75,-648.4375,54.6875,851.5625,54.6875,-359.375,992.1875,62.5,-578.125,898.4375,-187.5,-359.375,984.375
2636458,-703.125,656.25,-460.9375,-414.0625,39.0625,976.5625,343.75,-343.75,937.5,351.5625,-531.25,851.5625,125.0,-351.5625,976.5625
2636458,-703.125,656.25,-460.9375,-414.0625,39.0625,976.5625,343.75,-343.75,937.5,351.5625,-531.25,851.5625,125.0,-351.5625,976.5625
2636465,-695.3125,664.0625,-468.75,-406.25,31.25,968.75,351.5625,-335.9375,929.6875,367.1875,-515.625,851.5625,148.4375,-351.5625,976.5625
2636465,-695.3125,664.0625,-468.75,-406.25,31.25,968.75,351.5625,-335.9375,929.6875,367.1875,-515.625,851.5625,148.4375,-351.5625,976.5625
2636466,-679.6875,664.0625,-484.375,-390.625,31.25,984.375,367.1875,-351.5625,937.5,390.625,-523.4375,851.5625,156.25,-367.1875,984.375
2636466,-679.6875,664.0625,-484.375,-390.625,31.25,984.375,367.1875,-351.5625,937.5,390.625,-523.4375,851.5625,156.25,-367.1875,984.375
2636474,-671.875,648.4375,-468.75,-375.0,23.4375,984.375,382.8125,-351.5625,929.6875,382.8125,-531.25,843.75,148.4375,-367.1875,984.375
2636474,-671.875,648.4375,-468.75,-375.0,23.4375,984.375,382.8125,-351.5625,929.6875,382.8125,-531.25,843.75,148.4375,-367.1875,984.375
2636635,-601.5625,687.5,-406.25,-335.9375,-31.25,937.5,367.1875,-375.0,828.125,390.625,-531.25,742.1875,171.875,-398.4375,882.8125
2636635,-601.5625,687.5,-406.25,-335.9375,-31.25,937.5,367.1875,-375.0,828.125,390.625,-531.25,742.1875,171.875,-398.4375,882.8125
2636635,-601.5625,695.3125,-398.4375,-343.75,-31.25,929.6875,359.375,-375.0,835.9375,382.8125,-523.4375,742.1875,164.0625,-390.625,882.8125
2636635,-601.5625,695.3125,-398.4375,-343.75,-31.25,929.6875,359.375,-375.0,835.9375,382.8125,-523.4375,742.1875,164.0625,-390.625,882.8125
2636643,-617.1875,687.5,-398.4375,-343.75,-23.4375,937.5,359.375,-375.0,835.9375,367.1875,-531.25,734.375,156.25,-406.25,882.8125
2636643,-617.1875,687.5,-398.4375,-343.75,-23.4375,937.5,359.375,-375.0,835.9375,367.1875,-531.25,734.375,156.25,-406.25,882.8125
2636651,-609.375,671.875,-398.4375,-351.5625,-23.4375,937.5,359.375,-375.0,835.9375,367.1875,-531.25,750.0,156.25,-398.4375,890.625
2636651,-609.375,671.875,-398.4375,-351.5625,-23.4375,937.5,359.375,-375.0,835.9375,367.1875,-531.25,750.0,156.25,-398.4375,890.625
