2590060,4208.75,2165.625,1408.75
2590060,4208.75,2165.625,1408.75
2590071,2174.375,1618.75,297.5
2590071,2174.375,1618.75,297.5
2590081,-848.75,1338.75,-363.125
2590081,-848.75,1338.75,-363.125
2590091,-1522.5,1181.25,-135.625
2590091,-1522.5,1181.25,-135.625
2590102,-813.75,1653.75,1268.75
2590102,-813.75,1653.75,1268.75
2590112,-43.75,2170.0,2436.875
2590112,-43.75,2170.0,2436.875
2590122,1019.375,2073.75,2961.875
2590122,1019.375,2073.75,2961.875
2590133,1758.75,2261.875,2983.75
2590133,1758.75,2261.875,2983.75
2590143,2870.0,2690.625,3211.25
2590143,2870.0,2690.625,3211.25
2590153,2979.375,2852.5,3631.25
2590153,2979.375,2852.5,3631.25
2590163,2786.875,3132.5,3911.25
2590163,2786.875,3132.5,3911.25
2590174,2380.0,3189.375,4103.75
2590174,2380.0,3189.375,4103.75
2590184,1649.375,3036.25,3858.75
2590184,1649.375,3036.25,3858.75
2590194,2253.125,2826.25,3062.5
2590194,2253.125,2826.25,3062.5
2590205,2598.75,2865.625,2126.25
2590205,2598.75,2865.625,2126.25
2590215,2130.625,2633.75,1618.75
2590215,2130.625,2633.75,1618.75
2590225,2865.625,2292.5,1596.875
2590225,2865.625,2292.5,1596.875
2590235,3640.0,2065.0,2135.0
2590235,3640.0,2065.0,2135.0
2590246,4370.625,2721.25,3228.75
2590246,4370.625,2721.25,3228.75
2590257,5512.5,3447.5,3005.625
2590257,5512.5,3447.5,3005.625
2590267,5560.625,3609.375,883.75
2590267,5560.625,3609.375,883.75
2590277,4711.875,3036.25,-1277.5
2590277,4711.875,3036.25,-1277.5
2590287,4427.5,2808.75,-1474.375
2590287,4427.5,2808.75,-1474.375
2590298,3224.375,3158.75,-1470.0
2590298,3224.375,3158.75,-1470.0
2590308,1181.25,3373.125,-2060.625
2590308,1181.25,3373.125,-2060.625
2590318,2410.625,2922.5,-2699.375
2590318,2410.625,2922.5,-2699.375
2590328,3399.375,2708.125,-4042.5
2590328,3399.375,2708.125,-4042.5
2590339,4790.625,2428.125,-5446.875
2590339,4790.625,2428.125,-5446.875
2590349,8365.0,682.5,-7682.5
2590349,8365.0,682.5,-7682.5
2590359,3412.5,3788.75,-2712.5
2590359,3412.5,3788.75,-2712.5
2590370,-113.75,6120.625,1544.375
2590370,-113.75,6120.625,1544.375
2590380,1518.125,6203.75,4020.625
2590380,1518.125,6203.75,4020.625
2590390,-748.125,6308.75,4729.375
2590390,-748.125,6308.75,4729.375
2590401,-3486.875,4453.75,6947.5
2590401,-3486.875,4453.75,6947.5
2590410,-6265.0,739.375,7918.75
2590410,-6265.0,739.375,7918.75
2590421,-7013.125,1518.125,1216.25
2590421,-7013.125,1518.125,1216.25
2590432,-10941.875,-2086.875,7319.375
2590432,-10941.875,-2086.875,7319.375
2590442,-7665.0,-476.875,1172.5
2590442,-7665.0,-476.875,1172.5
2590453,-9730.0,1964.375,3727.5
2590453,-9730.0,1964.375,3727.5
2590463,-7511.875,393.75,6199.375
2590463,-7511.875,393.75,6199.375
2590473,-6737.5,2738.75,5757.5
2590473,-6737.5,2738.75,5757.5
2590483,-7100.625,3241.875,5324.375
2590483,-7100.625,3241.875,5324.375
2590494,-4335.625,3014.375,3570.0
2590494,-4335.625,3014.375,3570.0
2590504,-7358.75,1688.75,6720.0
2590504,-7358.75,1688.75,6720.0
2590514,-6028.75,1553.125,310.625
2590514,-6028.75,1553.125,310.625
2590525,-7358.75,1338.75,-2371.25
2590525,-7358.75,1338.75,-2371.25
2590535,-8522.5,196.875,-2611.875
2590535,-8522.5,196.875,-2611.875
2590545,-8028.125,-122.5,-1430.625
2590545,-8028.125,-122.5,-1430.625
2590556,-7853.125,-385.0,-140.0
2590556,-7853.125,-385.0,-140.0
2590566,-6278.125,-310.625,201.25
2590566,-6278.125,-310.625,201.25
2590576,-3399.375,-625.625,385.0
2590576,-3399.375,-625.625,385.0
2590586,-2603.125,-1273.125,-315.0
2590586,-2603.125,-1273.125,-315.0
2590597,-2568.125,-2104.375,-953.75
2590597,-2568.125,-2104.375,-953.75
2590608,-3220.0,-2594.375,-870.625
2590608,-3220.0,-2594.375,-870.625
2590617,-3504.375,-3071.25,-481.25
2590617,-3504.375,-3071.25,-481.25
2590628,-3342.5,-3010.0,-341.25
2590628,-3342.5,-3010.0,-341.25
2590638,-2642.5,-2913.75,-26.25
2590638,-2642.5,-2913.75,-26.25
2590649,-1063.125,-2953.125,363.125
2590649,-1063.125,-2953.125,363.125
2590659,608.125,-3058.125,647.5
2590659,608.125,-3058.125,647.5
2590669,1395.625,-3329.375,4.375
2590669,1395.625,-3329.375,4.375
2590679,1478.75,-3574.375,-1063.125
2590679,1478.75,-3574.375,-1063.125
2590690,1461.25,-3670.625,-2025.625
2590690,1461.25,-3670.625,-2025.625
2590699,2213.75,-3845.625,-2415.0
2590699,2213.75,-3845.625,-2415.0
2590710,3460.625,-3784.375,-2244.375
2590710,3460.625,-3784.375,-2244.375
2590721,4410.0,-3574.375,-2047.5
2590721,4410.0,-3574.375,-2047.5
2590731,5341.875,-3250.625,-1321.25
2590731,5341.875,-3250.625,-1321.25
2590741,6667.5,-3045.0,-319.375
2590741,6667.5,-3045.0,-319.375
2590752,7459.375,-3123.75,424.375
2590752,7459.375,-3123.75,424.375
2590762,7966.875,-3351.25,1015.0
2590762,7966.875,-3351.25,1015.0
2590772,7455.0,-3381.875,1220.625
2590772,7455.0,-3381.875,1220.625
2590783,7043.75,-3377.5,1163.75
2590783,7043.75,-3377.5,1163.75
2590793,6326.25,-3338.125,743.75
2590793,6326.25,-3338.125,743.75
2590804,5298.125,-3451.875,236.25
2590804,5298.125,-3451.875,236.25
2590813,4913.125,-3552.5,-249.375
2590813,4913.125,-3552.5,-249.375
2590824,4812.5,-3578.75,-630.0
2590824,4812.5,-3578.75,-630.0
2590834,4838.75,-3626.875,-940.625
2590834,4838.75,-3626.875,-940.625
2590844,5473.125,-3937.5,-1106.875
2590844,5473.125,-3937.5,-1106.875
2590855,5691.875,-4217.5,-997.5
2590855,5691.875,-4217.5,-997.5
2590865,5718.125,-4230.625,-861.875
2590865,5718.125,-4230.625,-861.875
2590875,5534.375,-3920.0,-87.5
2590875,5534.375,-3920.0,-87.5
2590886,4283.125,-3771.25,573.125
2590886,4283.125,-3771.25,573.125
2590896,3517.5,-3710.0,822.5
2590896,3517.5,-3710.0,822.5
2590906,3836.875,-3780.0,1802.5
2590906,3836.875,-3780.0,1802.5
2590917,4646.25,-3675.0,3438.75
2590917,4646.25,-3675.0,3438.75
2590927,4532.5,-3482.5,4602.5
2590927,4532.5,-3482.5,4602.5
2590937,4716.25,-3530.625,4348.75
2590937,4716.25,-3530.625,4348.75
2590948,4567.5,-3797.5,3141.25
2590948,4567.5,-3797.5,3141.25
2590957,2861.25,-4108.125,1439.375
2590957,2861.25,-4108.125,1439.375
2590968,1058.75,-4300.625,231.875
2590968,1058.75,-4300.625,231.875
2590979,485.625,-4558.75,-223.125
2590979,485.625,-4558.75,-223.125
2590989,861.875,-4366.25,65.625
2590989,861.875,-4366.25,65.625
2590999,1058.75,-3946.25,131.25
2590999,1058.75,-3946.25,131.25
2591010,1286.25,-4055.625,-266.875
2591010,1286.25,-4055.625,-266.875
2591020,1662.5,-3968.125,-800.625
2591020,1662.5,-3968.125,-800.625
2591030,1701.875,-3959.375,-761.25
2591030,1701.875,-3959.375,-761.25
2591041,306.25,-4423.125,-822.5
2591041,306.25,-4423.125,-822.5
2591051,-1426.25,-5136.25,-1260.0
2591051,-1426.25,-5136.25,-1260.0
2591061,-3316.25,-6278.125,-2021.25
2591061,-3316.25,-6278.125,-2021.25
2591072,-5324.375,-7262.5,-3228.75
2591072,-5324.375,-7262.5,-3228.75
2591082,-6930.0,-8085.0,-4545.625
2591082,-6930.0,-8085.0,-4545.625
2591092,-8360.625,-8448.125,-5578.125
2591092,-8360.625,-8448.125,-5578.125
2591102,-8990.625,-8430.625,-6155.625
2591102,-8990.625,-8430.625,-6155.625
2591113,-8828.75,-8509.375,-6160.0
2591113,-8828.75,-8509.375,-6160.0
2591123,-8535.625,-7608.125,-5306.875
2591123,-8535.625,-7608.125,-5306.875
2591133,-7030.625,-6356.875,-3797.5
2591133,-7030.625,-6356.875,-3797.5
2591144,-5096.875,-5495.0,-2563.75
2591144,-5096.875,-5495.0,-2563.75
2591154,-3819.375,-4795.0,-2388.75
2591154,-3819.375,-4795.0,-2388.75
2591164,-2677.5,-4046.875,-2576.875
2591164,-2677.5,-4046.875,-2576.875
2591175,-1518.125,-3263.75,-2616.25
2591175,-1518.125,-3263.75,-2616.25
2591185,-253.75,-2235.625,-1942.5
2591185,-253.75,-2235.625,-1942.5
2591196,634.375,-1338.75,-1146.25
2591196,634.375,-1338.75,-1146.25
2591206,1041.25,-1115.625,-520.625
2591206,1041.25,-1115.625,-520.625
2591216,323.75,-1093.75,-266.875
2591216,323.75,-1093.75,-266.875
2591226,-616.875,-1404.375,-844.375
2591226,-616.875,-1404.375,-844.375
2591237,-1404.375,-1649.375,-1885.625
2591237,-1404.375,-1649.375,-1885.625
2591247,-1868.125,-1697.5,-2607.5
2591247,-1868.125,-1697.5,-2607.5
2591257,-1513.75,-1386.875,-2695.0
2591257,-1513.75,-1386.875,-2695.0
2591268,-494.375,-997.5,-2065.0
2591268,-494.375,-997.5,-2065.0
2591278,196.875,-603.75,-1666.875
2591278,196.875,-603.75,-1666.875
2591288,695.625,-262.5,-1268.75
2591288,695.625,-262.5,-1268.75
2591298,669.375,-70.0,-896.875
2591298,669.375,-70.0,-896.875
2591309,363.125,-175.0,-1001.875
2591309,363.125,-175.0,-1001.875
2591319,783.125,-293.125,-1255.625
2591319,783.125,-293.125,-1255.625
2591329,713.125,21.875,-1246.875
2591329,713.125,21.875,-1246.875
2591339,630.0,227.5,-1106.875
2591339,630.0,227.5,-1106.875
2591350,669.375,218.75,-822.5
2591350,669.375,218.75,-822.5
2591360,301.875,231.875,-595.0
2591360,301.875,231.875,-595.0
2591371,-385.0,350.0,-879.375
2591371,-385.0,350.0,-879.375
2591381,-853.125,253.75,-1133.125
2591381,-853.125,253.75,-1133.125
2591392,-796.25,218.75,-1255.625
2591392,-796.25,218.75,-1255.625
2591402,-927.5,376.25,-1316.875
2591402,-927.5,376.25,-1316.875
2591412,-358.75,371.875,-1426.25
2591412,-358.75,371.875,-1426.25
2591422,-96.25,201.25,-1255.625
2591422,-96.25,201.25,-1255.625
2591433,30.625,-61.25,-1273.125
2591433,30.625,-61.25,-1273.125
2591443,-135.625,-223.125,-1316.875
2591443,-135.625,-223.125,-1316.875
2591453,-516.25,-612.5,-1408.75
2591453,-516.25,-612.5,-1408.75
2591464,-826.875,-651.875,-1728.125
2591464,-826.875,-651.875,-1728.125
2591474,-730.625,-669.375,-1631.875
2591474,-730.625,-669.375,-1631.875
2591484,-695.625,-643.125,-1150.625
2591484,-695.625,-643.125,-1150.625
2591494,-280.0,-625.625,-599.375
2591494,-280.0,-625.625,-599.375
2591505,-201.25,-581.875,-166.25
2591505,-201.25,-581.875,-166.25
2591515,39.375,-533.75,17.5
2591515,39.375,-533.75,17.5
2591525,266.875,-538.125,96.25
2591525,266.875,-538.125,96.25
2591536,109.375,-630.0,56.875
2591536,109.375,-630.0,56.875
2591546,65.625,-516.25,-175.0
2591546,65.625,-516.25,-175.0
2591556,148.75,-450.625,-350.0
2591556,148.75,-450.625,-350.0
2591567,568.75,-385.0,-148.75
2591567,568.75,-385.0,-148.75
2591577,778.75,-358.75,87.5
2591577,778.75,-358.75,87.5
2591588,437.5,-380.625,56.875
2591588,437.5,-380.625,56.875
2591598,638.75,-275.625,-70.0
2591598,638.75,-275.625,-70.0
2591608,704.375,-240.625,13.125
2591608,704.375,-240.625,13.125
2591618,940.625,-262.5,389.375
2591618,940.625,-262.5,389.375
2591629,1076.25,-240.625,778.75
2591629,1076.25,-240.625,778.75
2591639,389.375,-183.75,411.25
2591639,389.375,-183.75,411.25
2591649,428.75,-323.75,-205.625
2591649,428.75,-323.75,-205.625
2591660,577.5,-555.625,-393.75
2591660,577.5,-555.625,-393.75
2591670,980.0,-520.625,-157.5
2591670,980.0,-520.625,-157.5
2591680,1400.0,-568.75,328.125
2591680,1400.0,-568.75,328.125
2591690,1203.125,-595.0,647.5
2591690,1203.125,-595.0,647.5
2591701,341.25,-533.75,455.0
2591701,341.25,-533.75,455.0
2591711,-253.75,-656.25,-555.625
2591711,-253.75,-656.25,-555.625
2591721,-376.25,-800.625,-1133.125
2591721,-376.25,-800.625,-1133.125
2591732,153.125,-739.375,-1028.125
2591732,153.125,-739.375,-1028.125
2591742,940.625,-551.25,-568.75
2591742,940.625,-551.25,-568.75
2591752,1715.0,-280.0,61.25
2591752,1715.0,-280.0,61.25
2591763,1238.125,-157.5,616.875
2591763,1238.125,-157.5,616.875
2591773,428.75,-350.0,358.75
2591773,428.75,-350.0,358.75
2591783,-109.375,-616.875,-266.875
2591783,-109.375,-616.875,-266.875
2591794,-538.125,-551.25,-988.75
2591794,-538.125,-551.25,-988.75
2591804,-306.25,-511.875,-1373.75
2591804,-306.25,-511.875,-1373.75
2591814,603.75,-385.0,-1303.75
2591814,603.75,-385.0,-1303.75
2591825,1684.375,-205.625,-546.875
2591825,1684.375,-205.625,-546.875
2591835,1964.375,-188.125,249.375
2591835,1964.375,-188.125,249.375
2591845,1141.875,-253.75,310.625
2591845,1141.875,-253.75,310.625
2591856,831.25,-376.25,96.25
2591856,831.25,-376.25,96.25
2591866,231.875,-700.0,-516.25
2591866,231.875,-700.0,-516.25
2591876,-214.375,-1036.875,-1133.125
2591876,-214.375,-1036.875,-1133.125
2591887,-415.625,-1273.125,-1509.375
2591887,-415.625,-1273.125,-1509.375
2591897,-1093.75,-1015.0,-1063.125
2591897,-1093.75,-1015.0,-1063.125
2591907,-1277.5,-761.25,-638.75
2591907,-1277.5,-761.25,-638.75
2591917,-971.25,-520.625,-564.375
2591917,-971.25,-520.625,-564.375
2591928,-87.5,-459.375,-455.0
2591928,-87.5,-459.375,-455.0
2591938,651.875,-441.875,-293.125
2591938,651.875,-441.875,-293.125
2591948,1041.25,-551.25,-345.625
2591948,1041.25,-551.25,-345.625
2591959,1478.75,-634.375,-428.75
2591959,1478.75,-634.375,-428.75
2591969,1299.375,-507.5,-468.125
2591969,1299.375,-507.5,-468.125
2591979,953.75,-612.5,-319.375
2591979,953.75,-612.5,-319.375
2591990,503.125,-761.25,-389.375
2591990,503.125,-761.25,-389.375
2592000,-140.0,-822.5,-533.75
2592000,-140.0,-822.5,-533.75
2592009,-560.0,-1036.875,-673.75
2592009,-560.0,-1036.875,-673.75
2592021,-805.0,-1111.25,-778.75
2592021,-805.0,-1111.25,-778.75
2592031,-726.25,-984.375,-669.375
2592031,-726.25,-984.375,-669.375
2592041,-962.5,-923.125,-538.125
2592041,-962.5,-923.125,-538.125
2592052,-717.5,-835.625,-472.5
2592052,-717.5,-835.625,-472.5
2592062,-135.625,-621.25,-100.625
2592062,-135.625,-621.25,-100.625
2592072,428.75,-546.875,218.75
2592072,428.75,-546.875,218.75
2592083,695.625,-717.5,258.125
2592083,695.625,-717.5,258.125
2592093,336.875,-669.375,100.625
2592093,336.875,-669.375,100.625
2592103,122.5,-612.5,4.375
2592103,122.5,-612.5,4.375
2592114,529.375,-752.5,-135.625
2592114,529.375,-752.5,-135.625
2592124,971.25,-717.5,-65.625
2592124,971.25,-717.5,-65.625
2592134,980.0,-643.125,78.75
2592134,980.0,-643.125,78.75
2592144,599.375,-700.0,52.5
2592144,599.375,-700.0,52.5
2592155,196.875,-748.125,-17.5
2592155,196.875,-748.125,-17.5
2592165,56.875,-835.625,-140.0
2592165,56.875,-835.625,-140.0
2592175,96.25,-853.125,-253.75
2592175,96.25,-853.125,-253.75
2592186,48.125,-927.5,-306.25
2592186,48.125,-927.5,-306.25
2592196,70.0,-997.5,-380.625
2592196,70.0,-997.5,-380.625
2592207,-262.5,-975.625,-223.125
2592207,-262.5,-975.625,-223.125
2592217,13.125,-1023.75,-118.125
2592217,13.125,-1023.75,-118.125
2592227,415.625,-870.625,52.5
2592227,415.625,-870.625,52.5
2592237,656.25,-896.875,113.75
2592237,656.25,-896.875,113.75
2592248,599.375,-826.875,144.375
2592248,599.375,-826.875,144.375
2592258,595.0,-844.375,-43.75
2592258,595.0,-844.375,-43.75
2592268,450.625,-857.5,-118.125
2592268,450.625,-857.5,-118.125
2592279,78.75,-844.375,-126.875
2592279,78.75,-844.375,-126.875
2592289,175.0,-848.75,-140.0
2592289,175.0,-848.75,-140.0
2592299,249.375,-826.875,-30.625
2592299,249.375,-826.875,-30.625
2592310,245.0,-848.75,17.5
2592310,245.0,-848.75,17.5
2592320,253.75,-905.625,-87.5
2592320,253.75,-905.625,-87.5
2592330,306.25,-901.25,196.875
2592330,306.25,-901.25,196.875
2592340,122.5,-831.25,240.625
2592340,122.5,-831.25,240.625
2592351,-4.375,-840.0,109.375
2592351,-4.375,-840.0,109.375
2592361,-52.5,-796.25,-65.625
2592361,-52.5,-796.25,-65.625
2592371,170.625,-783.125,-39.375
2592371,170.625,-783.125,-39.375
2592382,249.375,-726.25,35.0
2592382,249.375,-726.25,35.0
2592392,354.375,-735.0,-39.375
2592392,354.375,-735.0,-39.375
2592403,441.875,-704.375,-83.125
2592403,441.875,-704.375,-83.125
2592413,721.875,-546.875,-188.125
2592413,721.875,-546.875,-188.125
2592423,1019.375,-599.375,-306.25
2592423,1019.375,-599.375,-306.25
2592433,630.0,-564.375,-144.375
2592433,630.0,-564.375,-144.375
2592444,345.625,-621.25,-183.75
2592444,345.625,-621.25,-183.75
2592454,350.0,-708.75,-446.25
2592454,350.0,-708.75,-446.25
2592464,135.625,-708.75,-380.625
2592464,135.625,-708.75,-380.625
2592475,-83.125,-625.625,-175.0
2592475,-83.125,-625.625,-175.0
2592485,52.5,-651.875,-188.125
2592485,52.5,-651.875,-188.125
2592495,21.875,-708.75,-266.875
2592495,21.875,-708.75,-266.875
2592505,56.875,-721.875,-118.125
2592505,56.875,-721.875,-118.125
2592516,100.625,-682.5,21.875
2592516,100.625,-682.5,21.875
2592526,-13.125,-590.625,-148.75
2592526,-13.125,-590.625,-148.75
2592537,-70.0,-551.25,-280.0
2592537,-70.0,-551.25,-280.0
2592547,-61.25,-551.25,-153.125
2592547,-61.25,-551.25,-153.125
2592557,91.875,-651.875,-56.875
2592557,91.875,-651.875,-56.875
2592567,656.25,-507.5,-8.75
2592567,656.25,-507.5,-8.75
2592578,800.625,-249.375,166.25
2592578,800.625,-249.375,166.25
2592588,433.125,-275.625,148.75
2592588,433.125,-275.625,148.75
2592599,573.125,-476.875,201.25
2592599,573.125,-476.875,201.25
2592609,656.25,-520.625,415.625
2592609,656.25,-520.625,415.625
2592619,118.125,-507.5,65.625
2592619,118.125,-507.5,65.625
2592629,-236.25,-643.125,-638.75
2592629,-236.25,-643.125,-638.75
2592640,188.125,-665.0,-1001.875
2592640,188.125,-665.0,-1001.875
2592650,988.75,-507.5,-389.375
2592650,988.75,-507.5,-389.375
2592660,813.75,-428.75,196.875
2592660,813.75,-428.75,196.875
2592671,8.75,-393.75,157.5
2592671,8.75,-393.75,157.5
2592681,-201.25,-533.75,157.5
2592681,-201.25,-533.75,157.5
2592691,-218.75,-735.0,-87.5
2592691,-218.75,-735.0,-87.5
2592702,-420.0,-831.25,-358.75
2592702,-420.0,-831.25,-358.75
2592712,-1001.875,-1036.875,-555.625
2592712,-1001.875,-1036.875,-555.625
2592722,-1439.375,-993.125,-608.125
2592722,-1439.375,-993.125,-608.125
2592733,-1728.125,-940.625,-258.125
2592733,-1728.125,-940.625,-258.125
2592743,-1347.5,-778.75,249.375
2592743,-1347.5,-778.75,249.375
2592754,-503.125,-538.125,595.0
2592754,-503.125,-538.125,595.0
2592764,385.0,-472.5,494.375
2592764,385.0,-472.5,494.375
2592774,704.375,-472.5,345.625
2592774,704.375,-472.5,345.625
2592784,1015.0,-546.875,183.75
2592784,1015.0,-546.875,183.75
2592795,835.625,-573.125,56.875
2592795,835.625,-573.125,56.875
2592805,363.125,-739.375,30.625
2592805,363.125,-739.375,30.625
2592815,-105.0,-791.875,70.0
2592815,-105.0,-791.875,70.0
2592826,-415.625,-980.0,144.375
2592826,-415.625,-980.0,144.375
2592836,-953.75,-1041.25,236.25
2592836,-953.75,-1041.25,236.25
2592846,-1194.375,-1028.125,354.375
2592846,-1194.375,-1028.125,354.375
2592856,-1120.0,-901.25,682.5
2592856,-1120.0,-901.25,682.5
2592867,-962.5,-901.25,1015.0
2592867,-962.5,-901.25,1015.0
2592877,-525.0,-783.125,1295.0
2592877,-525.0,-783.125,1295.0
2592887,-4.375,-643.125,1395.625
2592887,-4.375,-643.125,1395.625
2592898,704.375,-441.875,1671.25
2592898,704.375,-441.875,1671.25
2592908,1365.0,-306.25,2082.5
2592908,1365.0,-306.25,2082.5
2592918,1531.25,-126.875,2401.875
2592918,1531.25,-126.875,2401.875
2592929,1483.125,-30.625,2436.875
2592929,1483.125,-30.625,2436.875
2592939,1973.125,-96.25,2458.75
2592939,1973.125,-96.25,2458.75
2592949,2725.625,-65.625,2327.5
2592949,2725.625,-65.625,2327.5
2592960,2546.25,-214.375,1942.5
2592960,2546.25,-214.375,1942.5
2592970,1697.5,-280.0,1478.75
2592970,1697.5,-280.0,1478.75
2592980,700.0,-398.125,1168.125
2592980,700.0,-398.125,1168.125
2592991,161.875,-455.0,962.5
2592991,161.875,-455.0,962.5
2593001,231.875,-420.0,1001.875
2593001,231.875,-420.0,1001.875
2593011,328.125,-420.0,1273.125
2593011,328.125,-420.0,1273.125
2593022,520.625,-402.5,1649.375
2593022,520.625,-402.5,1649.375
2593032,695.625,-380.625,1894.375
2593032,695.625,-380.625,1894.375
2593042,581.875,-218.75,2047.5
2593042,581.875,-218.75,2047.5
2593052,551.25,-122.5,1876.875
2593052,551.25,-122.5,1876.875
2593063,910.0,-43.75,2121.875
2593063,910.0,-43.75,2121.875
2593073,1198.75,-35.0,2358.125
2593073,1198.75,-35.0,2358.125
2593083,980.0,179.375,2283.75
2593083,980.0,179.375,2283.75
2593094,1120.0,577.5,2738.75
2593094,1120.0,577.5,2738.75
2593104,1233.75,275.625,2738.75
2593104,1233.75,275.625,2738.75
2593114,328.125,35.0,2301.25
2593114,328.125,35.0,2301.25
2593125,-266.875,8.75,2034.375
2593125,-266.875,8.75,2034.375
2593135,-507.5,26.25,1903.125
2593135,-507.5,26.25,1903.125
