2642844,-289.0625,257.8125,914.0625,15.625,-757.8125,695.3125,296.875,-890.625,398.4375,554.6875,-812.5,187.5,539.0625,-781.25,343.75
2642844,-289.0625,257.8125,914.0625,15.625,-757.8125,695.3125,296.875,-890.625,398.4375,554.6875,-812.5,187.5,539.0625,-781.25,343.75
2642844,-296.875,257.8125,914.0625,15.625,-757.8125,695.3125,281.25,-890.625,398.4375,554.6875,-804.6875,179.6875,531.25,-773.4375,343.75
2642844,-296.875,257.8125,914.0625,15.625,-757.8125,695.3125,281.25,-890.625,398.4375,554.6875,-804.6875,179.6875,531.25,-773.4375,343.75
2642852,-296.875,265.625,914.0625,23.4375,-750.0,695.3125,289.0625,-898.4375,390.625,554.6875,-804.6875,203.125,531.25,-781.25,343.75
2642852,-296.875,265.625,914.0625,23.4375,-750.0,695.3125,289.0625,-898.4375,390.625,554.6875,-804.6875,203.125,531.25,-781.25,343.75
2642860,-296.875,265.625,914.0625,7.8125,-757.8125,687.5,281.25,-890.625,390.625,554.6875,-796.875,187.5,523.4375,-781.25,351.5625
2642860,-296.875,265.625,914.0625,7.8125,-757.8125,687.5,281.25,-890.625,390.625,554.6875,-796.875,187.5,523.4375,-781.25,351.5625
2643005,-296.875,257.8125,921.875,23.4375,-757.8125,695.3125,281.25,-882.8125,398.4375,554.6875,-804.6875,187.5,531.25,-781.25,343.75
2643005,-296.875,257.8125,921.875,23.4375,-757.8125,695.3125,281.25,-882.8125,398.4375,554.6875,-804.6875,187.5,531.25,-781.25,343.75
2643005,-289.0625,257.8125,914.0625,15.625,-757.8125,687.5,289.0625,-890.625,390.625,554.6875,-812.5,187.5,531.25,-781.25,351.5625
2643005,-289.0625,257.8125,914.0625,15.625,-757.8125,687.5,289.0625,-890.625,390.625,554.6875,-812.5,187.5,531.25,-781.25,351.5625
2643013,-289.0625,265.625,914.0625,23.4375,-750.0,687.5,289.0625,-890.625,390.625,554.6875,-804.6875,195.3125,531.25,-773.4375,351.5625
2643013,-289.0625,265.625,914.0625,23.4375,-750.0,687.5,289.0625,-890.625,390.625,554.6875,-804.6875,195.3125,531.25,-773.4375,351.5625
2643020,-304.6875,257.8125,914.0625,15.625,-750.0,695.3125,281.25,-890.625,390.625,554.6875,-796.875,195.3125,523.4375,-773.4375,343.75
2643020,-304.6875,257.8125,914.0625,15.625,-750.0,695.3125,281.25,-890.625,390.625,554.6875,-796.875,195.3125,523.4375,-773.4375,343.75
2643166,-296.875,257.8125,921.875,23.4375,-757.8125,679.6875,281.25,-898.4375,390.625,554.6875,-820.3125,195.3125,531.25,-773.4375,343.75
2643166,-296.875,257.8125,921.875,23.4375,-757.8125,679.6875,281.25,-898.4375,390.625,554.6875,-820.3125,195.3125,531.25,-773.4375,343.75
2643167,-289.0625,257.8125,921.875,23.4375,-750.0,687.5,281.25,-898.4375,398.4375,554.6875,-812.5,187.5,523.4375,-773.4375,343.75
2643167,-289.0625,257.8125,921.875,23.4375,-750.0,687.5,281.25,-898.4375,398.4375,554.6875,-812.5,187.5,523.4375,-773.4375,343.75
2643174,-296.875,257.8125,914.0625,15.625,-757.8125,695.3125,289.0625,-890.625,398.4375,554.6875,-804.6875,187.5,531.25,-781.25,343.75
2643174,-296.875,257.8125,914.0625,15.625,-757.8125,695.3125,289.0625,-890.625,398.4375,554.6875,-804.6875,187.5,531.25,-781.25,343.75
2643182,-289.0625,257.8125,914.0625,15.625,-757.8125,687.5,281.25,-890.625,398.4375,562.5,-804.6875,187.5,531.25,-781.25,351.5625
2643182,-289.0625,257.8125,914.0625,15.625,-757.8125,687.5,281.25,-890.625,398.4375,562.5,-804.6875,187.5,531.25,-781.25,351.5625
2643328,-289.0625,265.625,914.0625,15.625,-757.8125,695.3125,289.0625,-890.625,398.4375,562.5,-812.5,195.3125,531.25,-781.25,351.5625
2643328,-289.0625,265.625,914.0625,15.625,-757.8125,695.3125,289.0625,-890.625,398.4375,562.5,-812.5,195.3125,531.25,-781.25,351.5625
2643328,-296.875,257.8125,921.875,15.625,-757.8125,687.5,289.0625,-890.625,398.4375,554.6875,-812.5,187.5,539.0625,-781.25,351.5625
2643328,-296.875,257.8125,921.875,15.625,-757.8125,687.5,289.0625,-890.625,398.4375,554.6875,-812.5,187.5,539.0625,-781.25,351.5625
2643335,-289.0625,257.8125,929.6875,23.4375,-765.625,695.3125,281.25,-898.4375,398.4375,554.6875,-812.5,187.5,531.25,-789.0625,351.5625
2643335,-289.0625,257.8125,929.6875,23.4375,-765.625,695.3125,281.25,-898.4375,398.4375,554.6875,-812.5,187.5,531.25,-789.0625,351.5625
2643343,-296.875,257.8125,921.875,23.4375,-757.8125,687.5,289.0625,-890.625,390.625,562.5,-820.3125,195.3125,531.25,-781.25,343.75
2643343,-296.875,257.8125,921.875,23.4375,-757.8125,687.5,289.0625,-890.625,390.625,562.5,-820.3125,195.3125,531.25,-781.25,343.75
2643489,-289.0625,257.8125,914.0625,23.4375,-757.8125,695.3125,289.0625,-882.8125,398.4375,562.5,-796.875,187.5,531.25,-773.4375,351.5625
2643489,-289.0625,257.8125,914.0625,23.4375,-757.8125,695.3125,289.0625,-882.8125,398.4375,562.5,-796.875,187.5,531.25,-773.4375,351.5625
2643489,-289.0625,257.8125,921.875,23.4375,-750.0,687.5,289.0625,-882.8125,398.4375,546.875,-796.875,195.3125,531.25,-765.625,351.5625
2643489,-289.0625,257.8125,921.875,23.4375,-750.0,687.5,289.0625,-882.8125,398.4375,546.875,-796.875,195.3125,531.25,-765.625,351.5625
2643497,-296.875,265.625,914.0625,23.4375,-750.0,687.5,281.25,-890.625,398.4375,554.6875,-804.6875,195.3125,531.25,-773.4375,351.5625
2643497,-296.875,265.625,914.0625,23.4375,-750.0,687.5,281.25,-890.625,398.4375,554.6875,-804.6875,195.3125,531.25,-773.4375,351.5625
2643505,-296.875,265.625,921.875,23.4375,-757.8125,687.5,281.25,-890.625,390.625,554.6875,-812.5,195.3125,531.25,-781.25,351.5625
2643505,-296.875,265.625,921.875,23.4375,-757.8125,687.5,281.25,-890.625,390.625,554.6875,-812.5,195.3125,531.25,-781.25,351.5625
2643650,-289.0625,257.8125,921.875,23.4375,-765.625,703.125,289.0625,-898.4375,406.25,554.6875,-812.5,187.5,531.25,-789.0625,351.5625
2643650,-289.0625,257.8125,921.875,23.4375,-765.625,703.125,289.0625,-898.4375,406.25,554.6875,-812.5,187.5,531.25,-789.0625,351.5625
2643650,-296.875,257.8125,921.875,15.625,-765.625,695.3125,289.0625,-898.4375,398.4375,562.5,-812.5,195.3125,539.0625,-781.25,343.75
2643650,-296.875,257.8125,921.875,15.625,-765.625,695.3125,289.0625,-898.4375,398.4375,562.5,-812.5,195.3125,539.0625,-781.25,343.75
2643658,-289.0625,273.4375,914.0625,15.625,-757.8125,695.3125,281.25,-890.625,398.4375,554.6875,-812.5,195.3125,531.25,-781.25,351.5625
2643658,-289.0625,273.4375,914.0625,15.625,-757.8125,695.3125,281.25,-890.625,398.4375,554.6875,-812.5,195.3125,531.25,-781.25,351.5625
2643666,-289.0625,265.625,914.0625,15.625,-765.625,695.3125,281.25,-890.625,398.4375,562.5,-804.6875,187.5,539.0625,-773.4375,351.5625
2643666,-289.0625,265.625,914.0625,15.625,-765.625,695.3125,281.25,-890.625,398.4375,562.5,-804.6875,187.5,539.0625,-773.4375,351.5625
2643731,-296.875,250.0,914.0625,15.625,-757.8125,687.5,289.0625,-882.8125,398.4375,554.6875,-804.6875,195.3125,539.0625,-781.25,351.5625
2643731,-296.875,250.0,914.0625,15.625,-757.8125,687.5,289.0625,-882.8125,398.4375,554.6875,-804.6875,195.3125,539.0625,-781.25,351.5625
2643731,-296.875,265.625,921.875,7.8125,-757.8125,687.5,281.25,-890.625,390.625,554.6875,-812.5,195.3125,539.0625,-781.25,351.5625
2643731,-296.875,265.625,921.875,7.8125,-757.8125,687.5,281.25,-890.625,390.625,554.6875,-812.5,195.3125,539.0625,-781.25,351.5625
2643739,-289.0625,273.4375,929.6875,15.625,-757.8125,695.3125,281.25,-898.4375,390.625,562.5,-812.5,203.125,539.0625,-781.25,359.375
2643739,-289.0625,273.4375,929.6875,15.625,-757.8125,695.3125,281.25,-898.4375,390.625,562.5,-812.5,203.125,539.0625,-781.25,359.375
2643747,-289.0625,257.8125,921.875,15.625,-757.8125,695.3125,281.25,-890.625,398.4375,554.6875,-812.5,187.5,531.25,-773.4375,343.75
2643747,-289.0625,257.8125,921.875,15.625,-757.8125,695.3125,281.25,-890.625,398.4375,554.6875,-812.5,187.5,531.25,-773.4375,343.75
2643892,-289.0625,265.625,914.0625,31.25,-750.0,687.5,289.0625,-898.4375,398.4375,554.6875,-804.6875,203.125,531.25,-773.4375,351.5625
2643892,-289.0625,265.625,914.0625,31.25,-750.0,687.5,289.0625,-898.4375,398.4375,554.6875,-804.6875,203.125,531.25,-773.4375,351.5625
2643892,-289.0625,265.625,914.0625,23.4375,-757.8125,687.5,289.0625,-898.4375,390.625,554.6875,-804.6875,203.125,531.25,-773.4375,351.5625
2643892,-289.0625,265.625,914.0625,23.4375,-757.8125,687.5,289.0625,-898.4375,390.625,554.6875,-804.6875,203.125,531.25,-773.4375,351.5625
2643900,-289.0625,257.8125,914.0625,23.4375,-765.625,687.5,289.0625,-882.8125,398.4375,562.5,-804.6875,195.3125,531.25,-773.4375,359.375
2643900,-289.0625,257.8125,914.0625,23.4375,-765.625,687.5,289.0625,-882.8125,398.4375,562.5,-804.6875,195.3125,531.25,-773.4375,359.375
2643908,-289.0625,265.625,921.875,23.4375,-757.8125,687.5,281.25,-890.625,390.625,562.5,-804.6875,195.3125,531.25,-781.25,351.5625
2643908,-289.0625,265.625,921.875,23.4375,-757.8125,687.5,281.25,-890.625,390.625,562.5,-804.6875,195.3125,531.25,-781.25,351.5625
2644053,-304.6875,273.4375,929.6875,15.625,-750.0,695.3125,289.0625,-890.625,406.25,562.5,-812.5,195.3125,554.6875,-773.4375,367.1875
2644053,-304.6875,273.4375,929.6875,15.625,-750.0,695.3125,289.0625,-890.625,406.25,562.5,-812.5,195.3125,554.6875,-773.4375,367.1875
2644054,-304.6875,273.4375,929.6875,7.8125,-757.8125,695.3125,273.4375,-890.625,414.0625,554.6875,-812.5,210.9375,531.25,-773.4375,359.375
2644054,-304.6875,273.4375,929.6875,7.8125,-757.8125,695.3125,273.4375,-890.625,414.0625,554.6875,-812.5,210.9375,531.25,-773.4375,359.375
2644061,-304.6875,281.25,929.6875,0.0,-750.0,703.125,273.4375,-898.4375,406.25,554.6875,-812.5,210.9375,539.0625,-781.25,367.1875
2644061,-304.6875,281.25,929.6875,0.0,-750.0,703.125,273.4375,-898.4375,406.25,554.6875,-812.5,210.9375,539.0625,-781.25,367.1875
2644069,-304.6875,281.25,929.6875,-23.4375,-757.8125,695.3125,265.625,-890.625,406.25,554.6875,-812.5,218.75,539.0625,-781.25,367.1875
2644069,-304.6875,281.25,929.6875,-23.4375,-757.8125,695.3125,265.625,-890.625,406.25,554.6875,-812.5,218.75,539.0625,-781.25,367.1875
2644214,-390.625,359.375,1234.375,296.875,-1343.75,1562.5,851.5625,-1437.5,1140.625,1039.0625,-1601.5625,640.625,828.125,-1257.8125,843.75
2644214,-390.625,359.375,1234.375,296.875,-1343.75,1562.5,851.5625,-1437.5,1140.625,1039.0625,-1601.5625,640.625,828.125,-1257.8125,843.75
2644215,-398.4375,531.25,1273.4375,210.9375,-890.625,1640.625,484.375,-1500.0,1070.3125,1164.0625,-1609.375,609.375,929.6875,-1375.0,914.0625
2644215,-398.4375,531.25,1273.4375,210.9375,-890.625,1640.625,484.375,-1500.0,1070.3125,1164.0625,-1609.375,609.375,929.6875,-1375.0,914.0625
2644223,-406.25,773.4375,1468.75,281.25,-1171.875,1539.0625,593.75,-1664.0625,968.75,1234.375,-1609.375,570.3125,960.9375,-1492.1875,937.5
2644223,-406.25,773.4375,1468.75,281.25,-1171.875,1539.0625,593.75,-1664.0625,968.75,1234.375,-1609.375,570.3125,960.9375,-1492.1875,937.5
2644230,-335.9375,796.875,1460.9375,226.5625,-1218.75,1382.8125,554.6875,-1546.875,867.1875,1164.0625,-1617.1875,507.8125,882.8125,-1445.3125,843.75
2644230,-335.9375,796.875,1460.9375,226.5625,-1218.75,1382.8125,554.6875,-1546.875,867.1875,1164.0625,-1617.1875,507.8125,882.8125,-1445.3125,843.75
2644376,-367.1875,906.25,640.625,-148.4375,-875.0,726.5625,-179.6875,-875.0,218.75,234.375,-968.75,-15.625,304.6875,-1156.25,203.125
2644376,-367.1875,906.25,640.625,-148.4375,-875.0,726.5625,-179.6875,-875.0,218.75,234.375,-968.75,-15.625,304.6875,-1156.25,203.125
2644376,-367.1875,890.625,625.0,-179.6875,-859.375,734.375,-101.5625,-1015.625,203.125,273.4375,-976.5625,-31.25,273.4375,-1117.1875,179.6875
2644376,-367.1875,890.625,625.0,-179.6875,-859.375,734.375,-101.5625,-1015.625,203.125,273.4375,-976.5625,-31.25,273.4375,-1117.1875,179.6875
2644384,-359.375,882.8125,632.8125,-179.6875,-875.0,695.3125,-15.625,-1015.625,203.125,304.6875,-992.1875,0.0,257.8125,-1046.875,171.875
2644384,-359.375,882.8125,632.8125,-179.6875,-875.0,695.3125,-15.625,-1015.625,203.125,304.6875,-992.1875,0.0,257.8125,-1046.875,171.875
2644392,-335.9375,898.4375,640.625,-171.875,-789.0625,656.25,15.625,-1023.4375,242.1875,359.375,-1054.6875,7.8125,218.75,-867.1875,140.625
2644392,-335.9375,898.4375,640.625,-171.875,-789.0625,656.25,15.625,-1023.4375,242.1875,359.375,-1054.6875,7.8125,218.75,-867.1875,140.625
2644537,-125.0,406.25,-203.125,-132.8125,-62.5,476.5625,304.6875,-171.875,367.1875,281.25,-226.5625,242.1875,226.5625,-250.0,234.375
2644537,-125.0,406.25,-203.125,-132.8125,-62.5,476.5625,304.6875,-171.875,367.1875,281.25,-226.5625,242.1875,226.5625,-250.0,234.375
2644537,-132.8125,437.5,-250.0,-93.75,-39.0625,500.0,304.6875,-195.3125,351.5625,304.6875,-242.1875,250.0,226.5625,-257.8125,281.25
2644537,-132.8125,437.5,-250.0,-93.75,-39.0625,500.0,304.6875,-195.3125,351.5625,304.6875,-242.1875,250.0,226.5625,-257.8125,281.25
2644544,-140.625,484.375,-257.8125,-46.875,0.0,531.25,312.5,-187.5,351.5625,320.3125,-257.8125,273.4375,257.8125,-257.8125,312.5
2644544,-140.625,484.375,-257.8125,-46.875,0.0,531.25,312.5,-187.5,351.5625,320.3125,-257.8125,273.4375,257.8125,-257.8125,312.5
2644553,-132.8125,531.25,-289.0625,-39.0625,-7.8125,554.6875,343.75,-187.5,367.1875,359.375,-250.0,289.0625,312.5,-250.0,375.0
2644553,-132.8125,531.25,-289.0625,-39.0625,-7.8125,554.6875,343.75,-187.5,367.1875,359.375,-250.0,289.0625,312.5,-250.0,375.0
2644698,46.875,835.9375,-609.375,445.3125,117.1875,976.5625,968.75,-93.75,429.6875,929.6875,-140.625,382.8125,820.3125,-171.875,531.25
2644698,46.875,835.9375,-609.375,445.3125,117.1875,976.5625,968.75,-93.75,429.6875,929.6875,-140.625,382.8125,820.3125,-171.875,531.25
2644698,46.875,843.75,-632.8125,429.6875,117.1875,968.75,945.3125,-101.5625,414.0625,914.0625,-132.8125,375.0,804.6875,-156.25,515.625
2644698,46.875,843.75,-632.8125,429.6875,117.1875,968.75,945.3125,-101.5625,414.0625,914.0625,-132.8125,375.0,804.6875,-156.25,515.625
2644706,39.0625,851.5625,-632.8125,421.875,125.0,968.75,921.875,-93.75,414.0625,898.4375,-132.8125,382.8125,804.6875,-156.25,523.4375
2644706,39.0625,851.5625,-632.8125,421.875,125.0,968.75,921.875,-93.75,414.0625,898.4375,-132.8125,382.8125,804.6875,-156.25,523.4375
2644714,15.625,843.75,-632.8125,390.625,132.8125,953.125,914.0625,-101.5625,421.875,867.1875,-140.625,398.4375,789.0625,-156.25,523.4375
2644714,15.625,843.75,-632.8125,390.625,132.8125,953.125,914.0625,-101.5625,421.875,867.1875,-140.625,398.4375,789.0625,-156.25,523.4375
2644860,-328.125,914.0625,-367.1875,-70.3125,-273.4375,1015.625,656.25,-554.6875,593.75,679.6875,-656.25,460.9375,531.25,-625.0,703.125
2644860,-328.125,914.0625,-367.1875,-70.3125,-273.4375,1015.625,656.25,-554.6875,593.75,679.6875,-656.25,460.9375,531.25,-625.0,703.125
2644860,-375.0,921.875,-351.5625,-117.1875,-289.0625,1023.4375,632.8125,-578.125,609.375,648.4375,-695.3125,468.75,484.375,-648.4375,726.5625
2644860,-375.0,921.875,-351.5625,-117.1875,-289.0625,1023.4375,632.8125,-578.125,609.375,648.4375,-695.3125,468.75,484.375,-648.4375,726.5625
2644868,-406.25,921.875,-343.75,-140.625,-304.6875,1023.4375,601.5625,-609.375,617.1875,625.0,-726.5625,476.5625,460.9375,-664.0625,742.1875
2644868,-406.25,921.875,-343.75,-140.625,-304.6875,1023.4375,601.5625,-609.375,617.1875,625.0,-726.5625,476.5625,460.9375,-664.0625,742.1875
2644876,-437.5,929.6875,-335.9375,-156.25,-343.75,1031.25,601.5625,-640.625,625.0,625.0,-765.625,492.1875,429.6875,-703.125,757.8125
2644876,-437.5,929.6875,-335.9375,-156.25,-343.75,1031.25,601.5625,-640.625,625.0,625.0,-765.625,492.1875,429.6875,-703.125,757.8125
2645021,-976.5625,343.75,-218.75,-890.625,-62.5,679.6875,-195.3125,-445.3125,1007.8125,-234.375,-679.6875,898.4375,-492.1875,-406.25,937.5
2645021,-976.5625,343.75,-218.75,-890.625,-62.5,679.6875,-195.3125,-445.3125,1007.8125,-234.375,-679.6875,898.4375,-492.1875,-406.25,937.5
2645021,-1000.0,304.6875,-218.75,-921.875,-31.25,656.25,-218.75,-414.0625,1007.8125,-265.625,-664.0625,898.4375,-523.4375,-375.0,937.5
2645021,-1000.0,304.6875,-218.75,-921.875,-31.25,656.25,-218.75,-414.0625,1007.8125,-265.625,-664.0625,898.4375,-523.4375,-375.0,937.5
2645029,-1000.0,273.4375,-218.75,-960.9375,-7.8125,632.8125,-250.0,-398.4375,1023.4375,-296.875,-648.4375,921.875,-554.6875,-359.375,937.5
2645029,-1000.0,273.4375,-218.75,-960.9375,-7.8125,632.8125,-250.0,-398.4375,1023.4375,-296.875,-648.4375,921.875,-554.6875,-359.375,937.5
2645037,-1007.8125,257.8125,-226.5625,-976.5625,15.625,617.1875,-273.4375,-367.1875,1039.0625,-320.3125,-625.0,929.6875,-578.125,-335.9375,945.3125
2645037,-1007.8125,257.8125,-226.5625,-976.5625,15.625,617.1875,-273.4375,-367.1875,1039.0625,-320.3125,-625.0,929.6875,-578.125,-335.9375,945.3125
2645182,-734.375,625.0,-460.9375,-460.9375,-15.625,960.9375,343.75,-390.625,929.6875,289.0625,-562.5,867.1875,23.4375,-375.0,1000.0
2645182,-734.375,625.0,-460.9375,-460.9375,-15.625,960.9375,343.75,-390.625,929.6875,289.0625,-562.5,867.1875,23.4375,-375.0,1000.0
2645183,-726.5625,640.625,-468.75,-453.125,-39.0625,960.9375,367.1875,-406.25,929.6875,320.3125,-585.9375,843.75,54.6875,-398.4375,1007.8125
2645183,-726.5625,640.625,-468.75,-453.125,-39.0625,960.9375,367.1875,-406.25,929.6875,320.3125,-585.9375,843.75,54.6875,-398.4375,1007.8125
2645190,-726.5625,640.625,-453.125,-429.6875,-54.6875,976.5625,382.8125,-421.875,906.25,335.9375,-601.5625,835.9375,70.3125,-414.0625,1000.0
2645190,-726.5625,640.625,-453.125,-429.6875,-54.6875,976.5625,382.8125,-421.875,906.25,335.9375,-601.5625,835.9375,70.3125,-414.0625,1000.0
2645198,-718.75,648.4375,-445.3125,-421.875,-78.125,976.5625,390.625,-437.5,906.25,359.375,-609.375,828.125,93.75,-429.6875,992.1875
2645198,-718.75,648.4375,-445.3125,-421.875,-78.125,976.5625,390.625,-437.5,906.25,359.375,-609.375,828.125,93.75,-429.6875,992.1875
2645344,-656.25,632.8125,-453.125,-382.8125,-39.0625,945.3125,406.25,-367.1875,851.5625,382.8125,-531.25,773.4375,156.25,-375.0,921.875
2645344,-656.25,632.8125,-453.125,-382.8125,-39.0625,945.3125,406.25,-367.1875,851.5625,382.8125,-531.25,773.4375,156.25,-375.0,921.875
2645344,-656.25,640.625,-453.125,-375.0,-39.0625,953.125,414.0625,-375.0,843.75,390.625,-539.0625,765.625,156.25,-382.8125,921.875
2645344,-656.25,640.625,-453.125,-375.0,-39.0625,953.125,414.0625,-375.0,843.75,390.625,-539.0625,765.625,156.25,-382.8125,921.875
2645351,-656.25,648.4375,-453.125,-375.0,-46.875,953.125,414.0625,-382.8125,851.5625,390.625,-546.875,765.625,156.25,-390.625,929.6875
2645351,-656.25,648.4375,-453.125,-375.0,-46.875,953.125,414.0625,-382.8125,851.5625,390.625,-546.875,765.625,156.25,-390.625,929.6875
2645359,-656.25,664.0625,-437.5,-375.0,-46.875,953.125,414.0625,-390.625,843.75,382.8125,-554.6875,765.625,156.25,-398.4375,921.875
2645359,-656.25,664.0625,-437.5,-375.0,-46.875,953.125,414.0625,-390.625,843.75,382.8125,-554.6875,765.625,156.25,-398.4375,921.875
2645505,-671.875,648.4375,-453.125,-390.625,-31.25,968.75,390.625,-390.625,867.1875,359.375,-546.875,796.875,125.0,-382.8125,937.5
2645505,-671.875,648.4375,-453.125,-390.625,-31.25,968.75,390.625,-390.625,867.1875,359.375,-546.875,796.875,125.0,-382.8125,937.5
2645505,-671.875,664.0625,-453.125,-398.4375,-23.4375,968.75,390.625,-382.8125,867.1875,359.375,-546.875,789.0625,117.1875,-382.8125,937.5
2645505,-671.875,664.0625,-453.125,-398.4375,-23.4375,968.75,390.625,-382.8125,867.1875,359.375,-546.875,789.0625,117.1875,-382.8125,937.5
2645513,-671.875,648.4375,-453.125,-406.25,-23.4375,960.9375,390.625,-375.0,867.1875,343.75,-546.875,796.875,117.1875,-382.8125,937.5
2645513,-671.875,648.4375,-453.125,-406.25,-23.4375,960.9375,390.625,-375.0,867.1875,343.75,-546.875,796.875,117.1875,-382.8125,937.5
2645521,-671.875,632.8125,-453.125,-414.0625,-31.25,960.9375,382.8125,-382.8125,882.8125,351.5625,-546.875,796.875,125.0,-390.625,937.5
2645521,-671.875,632.8125,-453.125,-414.0625,-31.25,960.9375,382.8125,-382.8125,882.8125,351.5625,-546.875,796.875,125.0,-390.625,937.5
2645666,-687.5,593.75,-429.6875,-437.5,-31.25,921.875,343.75,-367.1875,867.1875,320.3125,-554.6875,796.875,85.9375,-382.8125,937.5
2645666,-687.5,593.75,-429.6875,-437.5,-31.25,921.875,343.75,-367.1875,867.1875,320.3125,-554.6875,796.875,85.9375,-382.8125,937.5
2645666,-679.6875,601.5625,-429.6875,-429.6875,-23.4375,921.875,335.9375,-367.1875,875.0,320.3125,-546.875,789.0625,85.9375,-367.1875,921.875
2645666,-679.6875,601.5625,-429.6875,-429.6875,-23.4375,921.875,335.9375,-367.1875,875.0,320.3125,-546.875,789.0625,85.9375,-367.1875,921.875
2645674,-695.3125,601.5625,-445.3125,-429.6875,-23.4375,921.875,343.75,-367.1875,875.0,312.5,-546.875,789.0625,78.125,-375.0,929.6875
2645674,-695.3125,601.5625,-445.3125,-429.6875,-23.4375,921.875,343.75,-367.1875,875.0,312.5,-546.875,789.0625,78.125,-375.0,929.6875
2645681,-695.3125,609.375,-437.5,-429.6875,-15.625,921.875,335.9375,-375.0,875.0,312.5,-546.875,789.0625,70.3125,-375.0,921.875
2645681,-695.3125,609.375,-437.5,-429.6875,-15.625,921.875,335.9375,-375.0,875.0,312.5,-546.875,789.0625,70.3125,-375.0,921.875
