2599109,-5403.125,5608.75,2270.625
2599109,-5403.125,5608.75,2270.625
2599119,-5788.125,5092.5,1981.875
2599119,-5788.125,5092.5,1981.875
2599130,-5875.625,4366.25,1981.875
2599130,-5875.625,4366.25,1981.875
2599140,-5359.375,4011.875,2288.125
2599140,-5359.375,4011.875,2288.125
2599150,-5009.375,3377.5,2121.875
2599150,-5009.375,3377.5,2121.875
2599161,-4541.25,2555.0,1802.5
2599161,-4541.25,2555.0,1802.5
2599171,-3727.5,2025.625,1820.0
2599171,-3727.5,2025.625,1820.0
2599182,-3066.875,1115.625,1631.875
2599182,-3066.875,1115.625,1631.875
2599191,-2712.5,730.625,2384.375
2599191,-2712.5,730.625,2384.375
2599202,-2537.5,529.375,4169.375
2599202,-2537.5,529.375,4169.375
2599212,-3005.625,1487.5,5993.75
2599212,-3005.625,1487.5,5993.75
2599223,-5201.875,2712.5,6768.125
2599223,-5201.875,2712.5,6768.125
2599233,-7984.375,3701.25,6851.25
2599233,-7984.375,3701.25,6851.25
2599243,-9261.875,3946.25,6790.0
2599243,-9261.875,3946.25,6790.0
2599254,-9611.875,3001.25,5993.75
2599254,-9611.875,3001.25,5993.75
2599264,-9476.25,1999.375,5840.625
2599264,-9476.25,1999.375,5840.625
2599274,-8942.5,1780.625,6903.75
2599274,-8942.5,1780.625,6903.75
2599284,-9835.0,2673.125,9130.625
2599284,-9835.0,2673.125,9130.625
2599294,-13055.0,3810.625,9410.625
2599294,-13055.0,3810.625,9410.625
2599305,-15303.75,1706.25,7078.75
2599305,-15303.75,1706.25,7078.75
2599315,-11676.875,-822.5,5761.875
2599315,-11676.875,-822.5,5761.875
2599326,-5893.125,-2161.25,6877.5
2599326,-5893.125,-2161.25,6877.5
2599336,-756.875,-4296.25,8461.25
2599336,-756.875,-4296.25,8461.25
2599346,-3675.0,-7914.375,18764.375
2599346,-3675.0,-7914.375,18764.375
2599357,-6597.5,-4545.625,28840.0
2599357,-6597.5,-4545.625,28840.0
2599367,371.875,-2734.375,29172.5
2599367,371.875,-2734.375,29172.5
2599377,23581.25,-18357.5,9318.75
2599377,23581.25,-18357.5,9318.75
2599388,62881.875,-49271.25,3136.875
2599388,62881.875,-49271.25,3136.875
2599398,67729.375,-57846.25,11795.0
2599398,67729.375,-57846.25,11795.0
2599408,6558.125,-4108.125,3578.75
2599408,6558.125,-4108.125,3578.75
2599419,223.125,13041.875,15421.875
2599419,223.125,13041.875,15421.875
2599429,14651.875,-14301.875,-16861.25
2599429,14651.875,-14301.875,-16861.25
2599439,4410.0,-5512.5,-2975.0
2599439,4410.0,-5512.5,-2975.0
2599449,-481.25,-271.25,-2738.75
2599449,-481.25,-271.25,-2738.75
2599460,1378.125,485.625,-415.625
2599460,1378.125,485.625,-415.625
2599470,2078.125,1837.5,1531.25
2599470,2078.125,1837.5,1531.25
2599480,6278.125,2791.25,4147.5
2599480,6278.125,2791.25,4147.5
2599491,7573.125,3018.75,5836.25
2599491,7573.125,3018.75,5836.25
2599501,7542.5,2576.875,6982.5
2599501,7542.5,2576.875,6982.5
2599511,6995.625,1544.375,7118.125
2599511,6995.625,1544.375,7118.125
2599521,7437.5,988.75,6133.75
2599521,7437.5,988.75,6133.75
2599532,8176.875,818.125,5748.75
2599532,8176.875,818.125,5748.75
2599542,6680.625,1465.625,4760.0
2599542,6680.625,1465.625,4760.0
2599553,7227.5,1850.625,4690.0
2599553,7227.5,1850.625,4690.0
2599563,7455.0,2996.875,6663.125
2599563,7455.0,2996.875,6663.125
2599574,9769.375,3745.0,9135.0
2599574,9769.375,3745.0,9135.0
2599583,10058.125,3255.0,9209.375
2599583,10058.125,3255.0,9209.375
2599594,9008.125,3399.375,8439.375
2599594,9008.125,3399.375,8439.375
2599605,8610.0,3801.875,7153.125
2599605,8610.0,3801.875,7153.125
2599615,7266.875,4130.0,5096.875
2599615,7266.875,4130.0,5096.875
2599625,7017.5,3836.875,3058.125
2599625,7017.5,3836.875,3058.125
2599635,6365.625,3233.125,1745.625
2599635,6365.625,3233.125,1745.625
2599645,5429.375,2988.125,1636.25
2599645,5429.375,2988.125,1636.25
2599656,5569.375,2721.25,1098.125
2599656,5569.375,2721.25,1098.125
2599666,6868.75,2677.5,962.5
2599666,6868.75,2677.5,962.5
2599676,9318.75,2961.875,1456.875
2599676,9318.75,2961.875,1456.875
2599687,7371.875,1194.375,1968.75
2599687,7371.875,1194.375,1968.75
2599697,3911.25,2743.125,1684.375
2599697,3911.25,2743.125,1684.375
2599707,2511.25,4125.625,2572.5
2599707,2511.25,4125.625,2572.5
2599718,2970.625,2082.5,3832.5
2599718,2970.625,2082.5,3832.5
2599729,3486.875,1413.125,4160.625
2599729,3486.875,1413.125,4160.625
2599738,2095.625,2187.5,2270.625
2599738,2095.625,2187.5,2270.625
2599749,1430.625,1544.375,918.75
2599749,1430.625,1544.375,918.75
2599758,1430.625,13.125,988.75
2599758,1430.625,13.125,988.75
2599770,-498.75,-603.75,201.25
2599770,-498.75,-603.75,201.25
2599780,-2353.75,-573.125,-971.25
2599780,-2353.75,-573.125,-971.25
2599790,-4379.375,-945.0,-1570.625
2599790,-4379.375,-945.0,-1570.625
2599801,-5565.0,-529.375,-1955.625
2599801,-5565.0,-529.375,-1955.625
2599811,-5092.5,-708.75,-1496.25
2599811,-5092.5,-708.75,-1496.25
2599821,-4095.0,-1763.125,-1150.625
2599821,-4095.0,-1763.125,-1150.625
2599831,-2738.75,-4156.25,-1890.0
2599831,-2738.75,-4156.25,-1890.0
2599842,-2248.75,-3950.625,-3981.25
2599842,-2248.75,-3950.625,-3981.25
2599852,-5718.125,-1526.875,-5315.625
2599852,-5718.125,-1526.875,-5315.625
2599862,-4865.0,-1229.375,-4375.0
2599862,-4865.0,-1229.375,-4375.0
2599872,-2454.375,-2366.875,-3456.25
2599872,-2454.375,-2366.875,-3456.25
2599883,-1671.25,-3377.5,-3325.0
2599883,-1671.25,-3377.5,-3325.0
2599893,-883.75,-3863.125,-3552.5
2599893,-883.75,-3863.125,-3552.5
2599903,-1128.75,-3241.875,-3876.25
2599903,-1128.75,-3241.875,-3876.25
2599914,-1028.125,-2782.5,-3045.0
2599914,-1028.125,-2782.5,-3045.0
2599924,74.375,-2397.5,-1680.0
2599924,74.375,-2397.5,-1680.0
2599934,748.125,-2244.375,-83.125
2599934,748.125,-2244.375,-83.125
2599945,1526.875,-2611.875,1032.5
2599945,1526.875,-2611.875,1032.5
2599955,2117.5,-2970.625,1299.375
2599955,2117.5,-2970.625,1299.375
2599965,1929.375,-3320.625,818.125
2599965,1929.375,-3320.625,818.125
2599976,1347.5,-3753.75,-105.0
2599976,1347.5,-3753.75,-105.0
2599986,1106.875,-3920.0,-656.25
2599986,1106.875,-3920.0,-656.25
2599996,1229.375,-4095.0,-494.375
2599996,1229.375,-4095.0,-494.375
2600007,765.625,-4011.875,-297.5
2600007,765.625,-4011.875,-297.5
2600017,625.625,-3683.75,341.25
2600017,625.625,-3683.75,341.25
2600027,1658.125,-3421.25,1395.625
2600027,1658.125,-3421.25,1395.625
2600038,1995.0,-3185.0,2292.5
2600038,1995.0,-3185.0,2292.5
2600048,2139.375,-3005.625,2642.5
2600048,2139.375,-3005.625,2642.5
2600058,2957.5,-3136.875,3136.875
2600058,2957.5,-3136.875,3136.875
2600069,4440.625,-3294.375,3775.625
2600069,4440.625,-3294.375,3775.625
2600079,6190.625,-3298.75,4620.0
2600079,6190.625,-3298.75,4620.0
2600089,6641.25,-3233.125,4663.75
2600089,6641.25,-3233.125,4663.75
2600099,5792.5,-3443.125,3381.875
2600099,5792.5,-3443.125,3381.875
2600110,4274.375,-3784.375,1316.875
2600110,4274.375,-3784.375,1316.875
2600120,3290.0,-3898.125,-573.125
2600120,3290.0,-3898.125,-573.125
2600130,3618.125,-3723.125,-1417.5
2600130,3618.125,-3723.125,-1417.5
2600141,3644.375,-3456.25,-1430.625
2600141,3644.375,-3456.25,-1430.625
2600151,2931.25,-3058.125,-735.0
2600151,2931.25,-3058.125,-735.0
2600161,2953.125,-2708.125,599.375
2600161,2953.125,-2708.125,599.375
2600172,2721.25,-2668.75,1461.25
2600172,2721.25,-2668.75,1461.25
2600182,2371.25,-2511.25,1780.625
2600182,2371.25,-2511.25,1780.625
2600193,2747.5,-2515.625,1863.75
2600193,2747.5,-2515.625,1863.75
2600203,3128.125,-2856.875,1452.5
2600203,3128.125,-2856.875,1452.5
2600213,3001.25,-3185.0,931.875
2600213,3001.25,-3185.0,931.875
2600223,2856.875,-3368.75,546.875
2600223,2856.875,-3368.75,546.875
2600234,2506.875,-3548.125,-205.625
2600234,2506.875,-3548.125,-205.625
2600244,1977.5,-3478.125,-1146.25
2600244,1977.5,-3478.125,-1146.25
2600254,1907.5,-3333.75,-1763.125
2600254,1907.5,-3333.75,-1763.125
2600265,1824.375,-3220.0,-1846.25
2600265,1824.375,-3220.0,-1846.25
2600276,2095.625,-3171.875,-1780.625
2600276,2095.625,-3171.875,-1780.625
2600285,2327.5,-2935.625,-1382.5
2600285,2327.5,-2935.625,-1382.5
2600296,2458.75,-2891.875,-595.0
2600296,2458.75,-2891.875,-595.0
2600306,2616.25,-2563.75,271.25
2600306,2616.25,-2563.75,271.25
2600316,3215.625,-2458.75,74.375
2600316,3215.625,-2458.75,74.375
2600326,3281.25,-2559.375,-65.625
2600326,3281.25,-2559.375,-65.625
2600337,2585.625,-2318.75,-105.0
2600337,2585.625,-2318.75,-105.0
2600347,2393.125,-2205.0,-258.125
2600347,2393.125,-2205.0,-258.125
2600357,1820.0,-2222.5,-568.75
2600357,1820.0,-2222.5,-568.75
2600368,1960.0,-2174.375,-748.125
2600368,1960.0,-2174.375,-748.125
2600378,2388.75,-2003.75,-875.0
2600378,2388.75,-2003.75,-875.0
2600389,2196.25,-1995.0,-1207.5
2600389,2196.25,-1995.0,-1207.5
2600398,1281.875,-1750.0,-1483.125
2600398,1281.875,-1750.0,-1483.125
2600409,148.75,-1491.875,-1610.0
2600409,148.75,-1491.875,-1610.0
2600419,-218.75,-1343.125,-1741.25
2600419,-218.75,-1343.125,-1741.25
2600430,105.0,-1251.25,-1898.75
2600430,105.0,-1251.25,-1898.75
2600440,192.5,-1211.875,-1824.375
2600440,192.5,-1211.875,-1824.375
2600450,415.625,-1146.25,-1719.375
2600450,415.625,-1146.25,-1719.375
2600460,608.125,-1124.375,-1767.5
2600460,608.125,-1124.375,-1767.5
2600471,818.125,-980.0,-1885.625
2600471,818.125,-980.0,-1885.625
2600481,1023.75,-1032.5,-1938.125
2600481,1023.75,-1032.5,-1938.125
2600492,1050.0,-835.625,-2156.875
2600492,1050.0,-835.625,-2156.875
2600502,993.125,-765.625,-2283.75
2600502,993.125,-765.625,-2283.75
2600512,621.25,-831.25,-2310.0
2600512,621.25,-831.25,-2310.0
2600522,-122.5,-840.0,-2183.125
2600522,-122.5,-840.0,-2183.125
2600533,-1190.0,-844.375,-2546.25
2600533,-1190.0,-844.375,-2546.25
2600543,-1417.5,-875.0,-2743.125
2600543,-1417.5,-875.0,-2743.125
2600553,-1246.875,-945.0,-2725.625
2600553,-1246.875,-945.0,-2725.625
2600564,-1115.625,-945.0,-2423.75
2600564,-1115.625,-945.0,-2423.75
2600574,-1054.375,-791.875,-2296.875
2600574,-1054.375,-791.875,-2296.875
2600585,-975.625,-721.875,-2275.0
2600585,-975.625,-721.875,-2275.0
2600595,-1089.375,-673.75,-2235.625
2600595,-1089.375,-673.75,-2235.625
2600605,-1312.5,-660.625,-2191.875
2600605,-1312.5,-660.625,-2191.875
2600615,-1745.625,-800.625,-2336.25
2600615,-1745.625,-800.625,-2336.25
2600626,-2086.875,-787.5,-2533.125
2600626,-2086.875,-787.5,-2533.125
2600636,-1863.75,-813.75,-2821.875
2600636,-1863.75,-813.75,-2821.875
2600646,-1478.75,-923.125,-2686.25
2600646,-1478.75,-923.125,-2686.25
2600657,-1216.25,-835.625,-2467.5
2600657,-1216.25,-835.625,-2467.5
2600667,-1172.5,-735.0,-1955.625
2600667,-1172.5,-735.0,-1955.625
2600677,-1058.75,-625.625,-1789.375
2600677,-1058.75,-625.625,-1789.375
2600688,-896.875,-590.625,-1592.5
2600688,-896.875,-590.625,-1592.5
2600698,-717.5,-761.25,-1330.0
2600698,-717.5,-761.25,-1330.0
2600708,-774.375,-791.875,-988.75
2600708,-774.375,-791.875,-988.75
2600719,-822.5,-936.25,-573.125
2600719,-822.5,-936.25,-573.125
2600729,-1351.875,-1566.25,-822.5
2600729,-1351.875,-1566.25,-822.5
2600738,-2183.125,-1141.875,-1120.0
2600738,-2183.125,-1141.875,-1120.0
2600749,-1141.875,-743.75,-415.625
2600749,-1141.875,-743.75,-415.625
2600760,-490.0,-647.5,-65.625
2600760,-490.0,-647.5,-65.625
2600770,-332.5,-616.875,-201.25
2600770,-332.5,-616.875,-201.25
2600781,-17.5,-621.25,-319.375
2600781,-17.5,-621.25,-319.375
2600791,122.5,-708.75,-301.875
2600791,122.5,-708.75,-301.875
2600801,-415.625,-577.5,-240.625
2600801,-415.625,-577.5,-240.625
2600811,-857.5,-739.375,-135.625
2600811,-857.5,-739.375,-135.625
2600822,-774.375,-927.5,-118.125
2600822,-774.375,-927.5,-118.125
2600832,-647.5,-879.375,-201.25
2600832,-647.5,-879.375,-201.25
2600842,-406.875,-918.75,-463.75
2600842,-406.875,-918.75,-463.75
2600853,-223.125,-892.5,-468.125
2600853,-223.125,-892.5,-468.125
2600863,730.625,-949.375,-258.125
2600863,730.625,-949.375,-258.125
2600873,1443.75,-844.375,511.875
2600873,1443.75,-844.375,511.875
2600884,840.0,-787.5,686.875
2600884,840.0,-787.5,686.875
2600894,341.25,-805.0,634.375
2600894,341.25,-805.0,634.375
2600904,17.5,-927.5,214.375
2600904,17.5,-927.5,214.375
2600915,100.625,-1185.625,-297.5
2600915,100.625,-1185.625,-297.5
2600925,-83.125,-1378.125,-726.25
2600925,-83.125,-1378.125,-726.25
2600936,-875.0,-1316.875,-945.0
2600936,-875.0,-1316.875,-945.0
2600945,-1268.75,-1137.5,-595.0
2600945,-1268.75,-1137.5,-595.0
2600956,-1023.75,-910.0,-446.25
2600956,-1023.75,-910.0,-446.25
2600966,-280.0,-704.375,-205.625
2600966,-280.0,-704.375,-205.625
2600977,638.75,-743.75,17.5
2600977,638.75,-743.75,17.5
2600987,1347.5,-682.5,-118.125
2600987,1347.5,-682.5,-118.125
2600997,1649.375,-761.25,-363.125
2600997,1649.375,-761.25,-363.125
2601008,1566.25,-997.5,-791.875
2601008,1566.25,-997.5,-791.875
2601018,931.875,-975.625,-1308.125
2601018,931.875,-975.625,-1308.125
2601028,503.125,-1080.625,-1658.125
2601028,503.125,-1080.625,-1658.125
2601038,420.0,-1242.5,-1828.75
2601038,420.0,-1242.5,-1828.75
2601049,424.375,-1325.625,-1846.25
2601049,424.375,-1325.625,-1846.25
2601059,196.875,-1373.75,-1662.5
2601059,196.875,-1373.75,-1662.5
2601069,-96.25,-1334.375,-1268.75
2601069,-96.25,-1334.375,-1268.75
2601080,-218.75,-1159.375,-1172.5
2601080,-218.75,-1159.375,-1172.5
2601090,-56.875,-1115.625,-993.125
2601090,-56.875,-1115.625,-993.125
2601100,253.75,-966.875,-490.0
2601100,253.75,-966.875,-490.0
2601111,328.125,-883.75,-227.5
2601111,328.125,-883.75,-227.5
2601121,800.625,-875.0,-43.75
2601121,800.625,-875.0,-43.75
2601132,1181.25,-669.375,105.0
2601132,1181.25,-669.375,105.0
2601142,700.0,-463.75,367.5
2601142,700.0,-463.75,367.5
2601152,673.75,-446.25,393.75
2601152,673.75,-446.25,393.75
2601162,1417.5,-595.0,306.25
2601162,1417.5,-595.0,306.25
2601173,1596.875,-656.25,315.0
2601173,1596.875,-656.25,315.0
2601183,739.375,-695.625,148.75
2601183,739.375,-695.625,148.75
2601193,-43.75,-752.5,-284.375
2601193,-43.75,-752.5,-284.375
2601204,-634.375,-752.5,-328.125
2601204,-634.375,-752.5,-328.125
2601214,-630.0,-857.5,-183.75
2601214,-630.0,-857.5,-183.75
2601224,-551.25,-914.375,100.625
2601224,-551.25,-914.375,100.625
2601234,-446.25,-896.875,26.25
2601234,-446.25,-896.875,26.25
2601245,-310.625,-914.375,-183.75
2601245,-310.625,-914.375,-183.75
2601255,61.25,-949.375,-223.125
2601255,61.25,-949.375,-223.125
2601265,529.375,-809.375,-126.875
2601265,529.375,-809.375,-126.875
2601276,770.0,-621.25,-65.625
2601276,770.0,-621.25,-65.625
2601287,1054.375,-630.0,30.625
2601287,1054.375,-630.0,30.625
2601296,988.75,-665.0,253.75
2601296,988.75,-665.0,253.75
2601307,831.25,-669.375,306.25
2601307,831.25,-669.375,306.25
2601317,940.625,-691.25,100.625
2601317,940.625,-691.25,100.625
2601327,761.25,-783.125,65.625
2601327,761.25,-783.125,65.625
2601337,433.125,-726.25,-214.375
2601337,433.125,-726.25,-214.375
2601348,236.25,-813.75,-380.625
2601348,236.25,-813.75,-380.625
2601358,-428.75,-791.875,-424.375
2601358,-428.75,-791.875,-424.375
2601368,-507.5,-787.5,-363.125
2601368,-507.5,-787.5,-363.125
2601379,-420.0,-805.0,-441.875
2601379,-420.0,-805.0,-441.875
2601389,-389.375,-818.125,-463.75
2601389,-389.375,-818.125,-463.75
2601400,-170.625,-691.25,-315.0
2601400,-170.625,-691.25,-315.0
2601410,-21.875,-700.0,-323.75
2601410,-21.875,-700.0,-323.75
2601420,170.625,-787.5,-275.625
2601420,170.625,-787.5,-275.625
2601430,498.75,-748.125,-131.25
2601430,498.75,-748.125,-131.25
2601441,809.375,-599.375,170.625
2601441,809.375,-599.375,170.625
2601451,993.125,-638.75,385.0
2601451,993.125,-638.75,385.0
2601461,1190.0,-564.375,406.875
2601461,1190.0,-564.375,406.875
2601472,980.0,-546.875,630.0
2601472,980.0,-546.875,630.0
2601481,1080.625,-538.125,708.75
2601481,1080.625,-538.125,708.75
2601492,1058.75,-490.0,634.375
2601492,1058.75,-490.0,634.375
2601502,866.25,-503.125,761.25
2601502,866.25,-503.125,761.25
2601513,1041.25,-568.75,905.625
2601513,1041.25,-568.75,905.625
2601523,1150.625,-560.0,1163.75
2601523,1150.625,-560.0,1163.75
2601534,1063.125,-560.0,1474.375
2601534,1063.125,-560.0,1474.375
2601544,861.875,-665.0,1623.125
2601544,861.875,-665.0,1623.125
2601554,735.0,-686.875,1640.625
2601554,735.0,-686.875,1640.625
2601565,835.625,-638.75,1754.375
2601565,835.625,-638.75,1754.375
2601575,993.125,-599.375,2073.75
2601575,993.125,-599.375,2073.75
2601585,1264.375,-555.625,2305.625
2601585,1264.375,-555.625,2305.625
2601596,787.5,-468.125,2292.5
2601596,787.5,-468.125,2292.5
2601606,113.75,-490.0,2205.0
2601606,113.75,-490.0,2205.0
2601616,354.375,-708.75,2454.375
2601616,354.375,-708.75,2454.375
2601627,315.0,-647.5,2699.375
2601627,315.0,-647.5,2699.375
2601637,-43.75,-612.5,2463.125
2601637,-43.75,-612.5,2463.125
2601647,-415.625,-695.625,2187.5
2601647,-415.625,-695.625,2187.5
2601657,214.375,-778.75,2502.5
2601657,214.375,-778.75,2502.5
2601668,949.375,-682.5,3193.75
2601668,949.375,-682.5,3193.75
2601678,293.125,-494.375,3631.25
2601678,293.125,-494.375,3631.25
2601688,-284.375,-555.625,3526.25
2601688,-284.375,-555.625,3526.25
2601699,-398.125,-490.0,3246.25
2601699,-398.125,-490.0,3246.25
2601709,26.25,-503.125,2778.125
2601709,26.25,-503.125,2778.125
2601719,148.75,-660.625,2226.875
2601719,148.75,-660.625,2226.875
2601730,-428.75,-735.0,1605.625
2601730,-428.75,-735.0,1605.625
2601740,-1325.625,-551.25,1128.75
2601740,-1325.625,-551.25,1128.75
2601750,-1706.25,-100.625,1155.0
2601750,-1706.25,-100.625,1155.0
2601761,-643.125,-118.125,1776.25
2601761,-643.125,-118.125,1776.25
2601771,0.0,-113.75,2135.0
2601771,0.0,-113.75,2135.0
2601781,660.625,13.125,2108.75
2601781,660.625,13.125,2108.75
2601792,1207.5,8.75,2038.75
2601792,1207.5,8.75,2038.75
2601802,1518.125,-249.375,2082.5
2601802,1518.125,-249.375,2082.5
2601812,1168.125,-476.875,1636.25
2601812,1168.125,-476.875,1636.25
2601823,673.75,-568.75,1286.25
2601823,673.75,-568.75,1286.25
2601833,284.375,-656.25,1172.5
2601833,284.375,-656.25,1172.5
2601843,-533.75,-726.25,1089.375
2601843,-533.75,-726.25,1089.375
2601853,-1063.125,-778.75,1063.125
2601853,-1063.125,-778.75,1063.125
2601864,-1229.375,-748.125,1211.875
2601864,-1229.375,-748.125,1211.875
2601874,-1312.5,-621.25,1421.875
2601874,-1312.5,-621.25,1421.875
2601883,-818.125,-555.625,1618.75
2601883,-818.125,-555.625,1618.75
2601895,-126.875,-490.0,1868.125
2601895,-126.875,-490.0,1868.125
2601905,332.5,-354.375,1995.0
2601905,332.5,-354.375,1995.0
2601915,673.75,-166.25,2038.75
2601915,673.75,-166.25,2038.75
2601926,1036.875,-91.875,2183.125
2601926,1036.875,-91.875,2183.125
2601936,1176.875,-61.25,2546.25
2601936,1176.875,-61.25,2546.25
2601946,603.75,-179.375,2909.375
2601946,603.75,-179.375,2909.375
2601957,564.375,-258.125,2883.125
2601957,564.375,-258.125,2883.125
2601967,901.25,-284.375,2642.5
2601967,901.25,-284.375,2642.5
2601977,673.75,-525.0,2213.75
2601977,673.75,-525.0,2213.75
2601988,-43.75,-520.625,1736.875
2601988,-43.75,-520.625,1736.875
2601998,-218.75,-494.375,1413.125
2601998,-218.75,-494.375,1413.125
2602008,-380.625,-455.0,1570.625
2602008,-380.625,-455.0,1570.625
2602019,-83.125,-411.25,1929.375
2602019,-83.125,-411.25,1929.375
2602029,218.75,-468.125,2318.75
2602029,218.75,-468.125,2318.75
2602039,446.25,-350.0,2485.0
2602039,446.25,-350.0,2485.0
2602050,997.5,-166.25,2655.625
2602050,997.5,-166.25,2655.625
2602060,1242.5,-26.25,2874.375
2602060,1242.5,-26.25,2874.375
2602070,1251.25,100.625,2948.75
2602070,1251.25,100.625,2948.75
2602080,870.625,389.375,3145.625
2602080,870.625,389.375,3145.625
2602091,1023.75,695.625,3355.625
2602091,1023.75,695.625,3355.625
2602101,1767.5,993.125,3491.25
2602101,1767.5,993.125,3491.25
2602111,2480.625,1106.875,3836.875
2602111,2480.625,1106.875,3836.875
2602122,2493.75,1036.875,3635.625
2602122,2493.75,1036.875,3635.625
2602132,2800.0,1001.875,3364.375
2602132,2800.0,1001.875,3364.375
2602142,2988.125,1233.75,3255.0
2602142,2988.125,1233.75,3255.0
2602153,2703.75,1115.625,3373.125
2602153,2703.75,1115.625,3373.125
2602163,2550.625,831.25,3377.5
2602163,2550.625,831.25,3377.5
2602174,1653.75,936.25,3001.25
2602174,1653.75,936.25,3001.25
2602184,1614.375,673.75,2944.375
2602184,1614.375,673.75,2944.375
