2607151,-320.3125,171.875,929.6875,-85.9375,-765.625,679.6875,171.875,-859.375,515.625,500.0,-820.3125,304.6875,359.375,-835.9375,445.3125
2607151,-320.3125,171.875,929.6875,-85.9375,-765.625,679.6875,171.875,-859.375,515.625,500.0,-820.3125,304.6875,359.375,-835.9375,445.3125
2607159,-320.3125,171.875,929.6875,-101.5625,-765.625,671.875,164.0625,-859.375,515.625,500.0,-812.5,312.5,367.1875,-843.75,437.5
2607159,-320.3125,171.875,929.6875,-101.5625,-765.625,671.875,164.0625,-859.375,515.625,500.0,-812.5,312.5,367.1875,-843.75,437.5
2607159,-320.3125,171.875,921.875,-85.9375,-773.4375,671.875,171.875,-867.1875,515.625,500.0,-820.3125,296.875,359.375,-843.75,429.6875
2607159,-320.3125,171.875,921.875,-85.9375,-773.4375,671.875,171.875,-867.1875,515.625,500.0,-820.3125,296.875,359.375,-843.75,429.6875
2607167,-328.125,171.875,929.6875,-93.75,-765.625,671.875,164.0625,-859.375,515.625,507.8125,-820.3125,289.0625,359.375,-843.75,429.6875
2607167,-328.125,171.875,929.6875,-93.75,-765.625,671.875,164.0625,-859.375,515.625,507.8125,-820.3125,289.0625,359.375,-843.75,429.6875
2607175,-328.125,164.0625,929.6875,-93.75,-773.4375,671.875,164.0625,-859.375,515.625,500.0,-820.3125,304.6875,359.375,-843.75,437.5
2607175,-328.125,164.0625,929.6875,-93.75,-773.4375,671.875,164.0625,-859.375,515.625,500.0,-820.3125,304.6875,359.375,-843.75,437.5
2607175,-320.3125,171.875,929.6875,-101.5625,-773.4375,679.6875,171.875,-859.375,523.4375,500.0,-820.3125,296.875,351.5625,-828.125,437.5
2607175,-320.3125,171.875,929.6875,-101.5625,-773.4375,679.6875,171.875,-859.375,523.4375,500.0,-820.3125,296.875,351.5625,-828.125,437.5
2607183,-320.3125,171.875,929.6875,-85.9375,-773.4375,679.6875,171.875,-859.375,515.625,500.0,-812.5,296.875,359.375,-835.9375,437.5
2607183,-320.3125,171.875,929.6875,-85.9375,-773.4375,679.6875,171.875,-859.375,515.625,500.0,-812.5,296.875,359.375,-835.9375,437.5
2607191,-320.3125,171.875,929.6875,-93.75,-773.4375,679.6875,171.875,-859.375,515.625,500.0,-812.5,304.6875,359.375,-828.125,429.6875
2607191,-320.3125,171.875,929.6875,-93.75,-773.4375,679.6875,171.875,-859.375,515.625,500.0,-812.5,304.6875,359.375,-828.125,429.6875
2607192,-320.3125,171.875,929.6875,-93.75,-765.625,664.0625,164.0625,-859.375,515.625,492.1875,-820.3125,296.875,359.375,-835.9375,429.6875
2607192,-320.3125,171.875,929.6875,-93.75,-765.625,664.0625,164.0625,-859.375,515.625,492.1875,-820.3125,296.875,359.375,-835.9375,429.6875
2607199,-312.5,171.875,921.875,-85.9375,-757.8125,671.875,164.0625,-859.375,523.4375,500.0,-812.5,304.6875,359.375,-843.75,437.5
2607199,-312.5,171.875,921.875,-85.9375,-757.8125,671.875,164.0625,-859.375,523.4375,500.0,-812.5,304.6875,359.375,-843.75,437.5
2607199,-312.5,171.875,921.875,-85.9375,-765.625,664.0625,171.875,-851.5625,507.8125,500.0,-820.3125,304.6875,359.375,-828.125,429.6875
2607199,-312.5,171.875,921.875,-85.9375,-765.625,664.0625,171.875,-851.5625,507.8125,500.0,-820.3125,304.6875,359.375,-828.125,429.6875
2607207,-312.5,171.875,921.875,-93.75,-757.8125,671.875,171.875,-859.375,523.4375,500.0,-812.5,304.6875,359.375,-835.9375,429.6875
2607207,-312.5,171.875,921.875,-93.75,-757.8125,671.875,171.875,-859.375,523.4375,500.0,-812.5,304.6875,359.375,-835.9375,429.6875
2607216,-312.5,171.875,929.6875,-85.9375,-765.625,671.875,171.875,-851.5625,515.625,500.0,-812.5,304.6875,367.1875,-835.9375,437.5
2607216,-312.5,171.875,929.6875,-85.9375,-765.625,671.875,171.875,-851.5625,515.625,500.0,-812.5,304.6875,367.1875,-835.9375,437.5
2607216,-312.5,164.0625,921.875,-93.75,-765.625,679.6875,164.0625,-859.375,515.625,500.0,-812.5,304.6875,359.375,-843.75,429.6875
2607216,-312.5,164.0625,921.875,-93.75,-765.625,679.6875,164.0625,-859.375,515.625,500.0,-812.5,304.6875,359.375,-843.75,429.6875
2607223,-320.3125,179.6875,921.875,-85.9375,-765.625,671.875,171.875,-859.375,515.625,500.0,-812.5,304.6875,359.375,-828.125,429.6875
2607223,-320.3125,179.6875,921.875,-85.9375,-765.625,671.875,171.875,-859.375,515.625,500.0,-812.5,304.6875,359.375,-828.125,429.6875
2607232,-304.6875,187.5,929.6875,-85.9375,-765.625,671.875,164.0625,-851.5625,515.625,500.0,-812.5,296.875,359.375,-835.9375,429.6875
2607232,-304.6875,187.5,929.6875,-85.9375,-765.625,671.875,164.0625,-851.5625,515.625,500.0,-812.5,296.875,359.375,-835.9375,429.6875
2607377,-312.5,164.0625,921.875,-85.9375,-765.625,679.6875,179.6875,-859.375,507.8125,500.0,-820.3125,312.5,367.1875,-843.75,429.6875
2607377,-312.5,164.0625,921.875,-85.9375,-765.625,679.6875,179.6875,-859.375,507.8125,500.0,-820.3125,312.5,367.1875,-843.75,429.6875
2607377,-312.5,164.0625,929.6875,-93.75,-773.4375,679.6875,164.0625,-867.1875,515.625,500.0,-828.125,296.875,367.1875,-835.9375,437.5
2607377,-312.5,164.0625,929.6875,-93.75,-773.4375,679.6875,164.0625,-867.1875,515.625,500.0,-828.125,296.875,367.1875,-835.9375,437.5
2607385,-320.3125,164.0625,921.875,-93.75,-773.4375,671.875,164.0625,-859.375,507.8125,492.1875,-812.5,296.875,367.1875,-843.75,429.6875
2607385,-320.3125,164.0625,921.875,-93.75,-773.4375,671.875,164.0625,-859.375,507.8125,492.1875,-812.5,296.875,367.1875,-843.75,429.6875
2607393,-320.3125,164.0625,929.6875,-85.9375,-773.4375,679.6875,171.875,-859.375,507.8125,500.0,-820.3125,296.875,359.375,-843.75,437.5
2607393,-320.3125,164.0625,929.6875,-85.9375,-773.4375,679.6875,171.875,-859.375,507.8125,500.0,-820.3125,296.875,359.375,-843.75,437.5
2607538,-328.125,164.0625,929.6875,-93.75,-773.4375,671.875,164.0625,-867.1875,515.625,500.0,-820.3125,304.6875,359.375,-835.9375,429.6875
2607538,-328.125,164.0625,929.6875,-93.75,-773.4375,671.875,164.0625,-867.1875,515.625,500.0,-820.3125,304.6875,359.375,-835.9375,429.6875
2607538,-328.125,164.0625,921.875,-93.75,-781.25,671.875,164.0625,-867.1875,507.8125,500.0,-820.3125,296.875,351.5625,-835.9375,429.6875
2607538,-328.125,164.0625,921.875,-93.75,-781.25,671.875,164.0625,-867.1875,507.8125,500.0,-820.3125,296.875,351.5625,-835.9375,429.6875
2607546,-335.9375,164.0625,929.6875,-93.75,-773.4375,671.875,164.0625,-859.375,507.8125,500.0,-820.3125,289.0625,367.1875,-835.9375,429.6875
2607546,-335.9375,164.0625,929.6875,-93.75,-773.4375,671.875,164.0625,-859.375,507.8125,500.0,-820.3125,289.0625,367.1875,-835.9375,429.6875
2607554,-320.3125,164.0625,937.5,-85.9375,-773.4375,671.875,164.0625,-867.1875,515.625,500.0,-820.3125,296.875,367.1875,-835.9375,437.5
2607554,-320.3125,164.0625,937.5,-85.9375,-773.4375,671.875,164.0625,-867.1875,515.625,500.0,-820.3125,296.875,367.1875,-835.9375,437.5
2607715,-335.9375,164.0625,921.875,-85.9375,-773.4375,664.0625,171.875,-859.375,507.8125,500.0,-812.5,296.875,359.375,-835.9375,429.6875
2607715,-335.9375,164.0625,921.875,-85.9375,-773.4375,664.0625,171.875,-859.375,507.8125,500.0,-812.5,296.875,359.375,-835.9375,429.6875
2607715,-335.9375,171.875,921.875,-93.75,-765.625,664.0625,164.0625,-859.375,507.8125,484.375,-812.5,296.875,359.375,-828.125,421.875
2607715,-335.9375,171.875,921.875,-93.75,-765.625,664.0625,164.0625,-859.375,507.8125,484.375,-812.5,296.875,359.375,-828.125,421.875
2607723,-335.9375,164.0625,937.5,-93.75,-757.8125,671.875,171.875,-859.375,507.8125,492.1875,-820.3125,296.875,359.375,-843.75,429.6875
2607723,-335.9375,164.0625,937.5,-93.75,-757.8125,671.875,171.875,-859.375,507.8125,492.1875,-820.3125,296.875,359.375,-843.75,429.6875
2607723,-343.75,171.875,929.6875,-93.75,-765.625,671.875,164.0625,-851.5625,523.4375,492.1875,-820.3125,304.6875,351.5625,-835.9375,437.5
2607723,-343.75,171.875,929.6875,-93.75,-765.625,671.875,164.0625,-851.5625,523.4375,492.1875,-820.3125,304.6875,351.5625,-835.9375,437.5
2607755,-335.9375,156.25,937.5,-93.75,-757.8125,679.6875,171.875,-843.75,531.25,500.0,-812.5,320.3125,367.1875,-835.9375,437.5
2607755,-335.9375,156.25,937.5,-93.75,-757.8125,679.6875,171.875,-843.75,531.25,500.0,-812.5,320.3125,367.1875,-835.9375,437.5
2607756,-343.75,164.0625,937.5,-101.5625,-773.4375,687.5,171.875,-867.1875,523.4375,492.1875,-820.3125,304.6875,367.1875,-828.125,437.5
2607756,-343.75,164.0625,937.5,-101.5625,-773.4375,687.5,171.875,-867.1875,523.4375,492.1875,-820.3125,304.6875,367.1875,-828.125,437.5
2607764,-328.125,171.875,937.5,-93.75,-781.25,687.5,171.875,-867.1875,531.25,500.0,-820.3125,312.5,367.1875,-859.375,445.3125
2607764,-328.125,171.875,937.5,-93.75,-781.25,687.5,171.875,-867.1875,531.25,500.0,-820.3125,312.5,367.1875,-859.375,445.3125
2607764,-320.3125,164.0625,929.6875,-93.75,-773.4375,679.6875,164.0625,-867.1875,507.8125,500.0,-828.125,296.875,367.1875,-851.5625,445.3125
2607764,-320.3125,164.0625,929.6875,-93.75,-773.4375,679.6875,164.0625,-867.1875,507.8125,500.0,-828.125,296.875,367.1875,-851.5625,445.3125
2607917,-257.8125,437.5,1054.6875,-70.3125,-804.6875,664.0625,218.75,-890.625,515.625,570.3125,-835.9375,296.875,429.6875,-835.9375,414.0625
2607917,-257.8125,437.5,1054.6875,-70.3125,-804.6875,664.0625,218.75,-890.625,515.625,570.3125,-835.9375,296.875,429.6875,-835.9375,414.0625
2607917,-148.4375,382.8125,1007.8125,-46.875,-804.6875,703.125,195.3125,-898.4375,500.0,531.25,-843.75,281.25,390.625,-867.1875,437.5
2607917,-148.4375,382.8125,1007.8125,-46.875,-804.6875,703.125,195.3125,-898.4375,500.0,531.25,-843.75,281.25,390.625,-867.1875,437.5
2607925,-148.4375,351.5625,1007.8125,-46.875,-804.6875,703.125,226.5625,-875.0,523.4375,523.4375,-796.875,281.25,390.625,-851.5625,429.6875
2607925,-148.4375,351.5625,1007.8125,-46.875,-804.6875,703.125,226.5625,-875.0,523.4375,523.4375,-796.875,281.25,390.625,-851.5625,429.6875
2607925,-195.3125,320.3125,1007.8125,-62.5,-820.3125,695.3125,218.75,-882.8125,546.875,554.6875,-828.125,328.125,437.5,-843.75,437.5
2607925,-195.3125,320.3125,1007.8125,-62.5,-820.3125,695.3125,218.75,-882.8125,546.875,554.6875,-828.125,328.125,437.5,-843.75,437.5
2608078,-375.0,257.8125,1218.75,-39.0625,-1140.625,992.1875,312.5,-1296.875,671.875,796.875,-1156.25,312.5,609.375,-1140.625,609.375
2608078,-375.0,257.8125,1218.75,-39.0625,-1140.625,992.1875,312.5,-1296.875,671.875,796.875,-1156.25,312.5,609.375,-1140.625,609.375
2608079,-375.0,312.5,1210.9375,-46.875,-1117.1875,1000.0,265.625,-1273.4375,648.4375,804.6875,-1132.8125,343.75,585.9375,-1062.5,531.25
2608079,-375.0,312.5,1210.9375,-46.875,-1117.1875,1000.0,265.625,-1273.4375,648.4375,804.6875,-1132.8125,343.75,585.9375,-1062.5,531.25
2608086,-390.625,351.5625,1226.5625,-46.875,-1093.75,992.1875,257.8125,-1242.1875,632.8125,726.5625,-1101.5625,281.25,562.5,-1046.875,492.1875
2608086,-390.625,351.5625,1226.5625,-46.875,-1093.75,992.1875,257.8125,-1242.1875,632.8125,726.5625,-1101.5625,281.25,562.5,-1046.875,492.1875
2608087,-390.625,351.5625,1242.1875,-54.6875,-1062.5,968.75,265.625,-1171.875,625.0,718.75,-1078.125,234.375,531.25,-1093.75,468.75
2608087,-390.625,351.5625,1242.1875,-54.6875,-1062.5,968.75,265.625,-1171.875,625.0,718.75,-1078.125,234.375,531.25,-1093.75,468.75
2608176,-601.5625,-46.875,835.9375,-375.0,-1031.25,578.125,-132.8125,-1226.5625,359.375,429.6875,-1234.375,78.125,367.1875,-1242.1875,351.5625
2608176,-601.5625,-46.875,835.9375,-375.0,-1031.25,578.125,-132.8125,-1226.5625,359.375,429.6875,-1234.375,78.125,367.1875,-1242.1875,351.5625
2608183,-601.5625,-70.3125,859.375,-335.9375,-1078.125,570.3125,-109.375,-1257.8125,359.375,414.0625,-1250.0,70.3125,351.5625,-1265.625,312.5
2608183,-601.5625,-70.3125,859.375,-335.9375,-1078.125,570.3125,-109.375,-1257.8125,359.375,414.0625,-1250.0,70.3125,351.5625,-1265.625,312.5
2608183,-585.9375,-179.6875,867.1875,-351.5625,-1101.5625,570.3125,-132.8125,-1281.25,351.5625,406.25,-1281.25,39.0625,328.125,-1289.0625,312.5
2608183,-585.9375,-179.6875,867.1875,-351.5625,-1101.5625,570.3125,-132.8125,-1281.25,351.5625,406.25,-1281.25,39.0625,328.125,-1289.0625,312.5
2608191,-562.5,-171.875,820.3125,-359.375,-1078.125,585.9375,-140.625,-1281.25,343.75,398.4375,-1289.0625,46.875,320.3125,-1296.875,304.6875
2608191,-562.5,-171.875,820.3125,-359.375,-1078.125,585.9375,-140.625,-1281.25,343.75,398.4375,-1289.0625,46.875,320.3125,-1296.875,304.6875
2608280,-335.9375,695.3125,570.3125,-242.1875,-875.0,585.9375,-93.75,-1046.875,242.1875,359.375,-1015.625,62.5,257.8125,-1023.4375,195.3125
2608280,-335.9375,695.3125,570.3125,-242.1875,-875.0,585.9375,-93.75,-1046.875,242.1875,359.375,-1015.625,62.5,257.8125,-1023.4375,195.3125
2608280,-328.125,742.1875,554.6875,-234.375,-859.375,570.3125,-78.125,-1031.25,242.1875,382.8125,-1007.8125,62.5,250.0,-1031.25,210.9375
2608280,-328.125,742.1875,554.6875,-234.375,-859.375,570.3125,-78.125,-1031.25,242.1875,382.8125,-1007.8125,62.5,250.0,-1031.25,210.9375
2608288,-335.9375,750.0,515.625,-234.375,-804.6875,562.5,-39.0625,-992.1875,226.5625,375.0,-992.1875,54.6875,257.8125,-1054.6875,242.1875
2608288,-335.9375,750.0,515.625,-234.375,-804.6875,562.5,-39.0625,-992.1875,226.5625,375.0,-992.1875,54.6875,257.8125,-1054.6875,242.1875
2608288,-343.75,726.5625,468.75,-257.8125,-703.125,562.5,15.625,-921.875,234.375,359.375,-953.125,7.8125,273.4375,-1093.75,265.625
2608288,-343.75,726.5625,468.75,-257.8125,-703.125,562.5,15.625,-921.875,234.375,359.375,-953.125,7.8125,273.4375,-1093.75,265.625
2608361,-7.8125,890.625,62.5,-109.375,-179.6875,343.75,117.1875,-406.25,140.625,375.0,-609.375,-70.3125,242.1875,-656.25,156.25
2608361,-7.8125,890.625,62.5,-109.375,-179.6875,343.75,117.1875,-406.25,140.625,375.0,-609.375,-70.3125,242.1875,-656.25,156.25
2608361,23.4375,820.3125,-15.625,78.125,-132.8125,398.4375,312.5,-617.1875,-7.8125,515.625,-468.75,-125.0,226.5625,-546.875,-23.4375
2608361,23.4375,820.3125,-15.625,78.125,-132.8125,398.4375,312.5,-617.1875,-7.8125,515.625,-468.75,-125.0,226.5625,-546.875,-23.4375
2608369,54.6875,812.5,-70.3125,-15.625,-468.75,492.1875,304.6875,-625.0,-23.4375,515.625,-375.0,-101.5625,250.0,-453.125,-179.6875
2608369,54.6875,812.5,-70.3125,-15.625,-468.75,492.1875,304.6875,-625.0,-23.4375,515.625,-375.0,-101.5625,250.0,-453.125,-179.6875
2608369,7.8125,875.0,-109.375,31.25,-421.875,531.25,281.25,-453.125,-31.25,195.3125,-281.25,-15.625,148.4375,-335.9375,-226.5625
2608369,7.8125,875.0,-109.375,31.25,-421.875,531.25,281.25,-453.125,-31.25,195.3125,-281.25,-15.625,148.4375,-335.9375,-226.5625
2608522,15.625,625.0,-578.125,117.1875,242.1875,835.9375,742.1875,-7.8125,492.1875,765.625,0.0,437.5,742.1875,-101.5625,523.4375
2608522,15.625,625.0,-578.125,117.1875,242.1875,835.9375,742.1875,-7.8125,492.1875,765.625,0.0,437.5,742.1875,-101.5625,523.4375
2608522,-15.625,617.1875,-578.125,117.1875,273.4375,835.9375,750.0,7.8125,500.0,796.875,7.8125,453.125,773.4375,-78.125,539.0625
2608522,-15.625,617.1875,-578.125,117.1875,273.4375,835.9375,750.0,7.8125,500.0,796.875,7.8125,453.125,773.4375,-78.125,539.0625
2608530,-39.0625,648.4375,-609.375,148.4375,296.875,859.375,796.875,-7.8125,515.625,835.9375,0.0,460.9375,796.875,-93.75,570.3125
2608530,-39.0625,648.4375,-609.375,148.4375,296.875,859.375,796.875,-7.8125,515.625,835.9375,0.0,460.9375,796.875,-93.75,570.3125
2608530,-15.625,640.625,-593.75,195.3125,265.625,898.4375,828.125,-15.625,523.4375,867.1875,-7.8125,460.9375,804.6875,-117.1875,585.9375
2608530,-15.625,640.625,-593.75,195.3125,265.625,898.4375,828.125,-15.625,523.4375,867.1875,-7.8125,460.9375,804.6875,-117.1875,585.9375
2608602,-140.625,718.75,-679.6875,62.5,382.8125,914.0625,718.75,39.0625,593.75,726.5625,0.0,546.875,648.4375,-39.0625,625.0
2608602,-140.625,718.75,-679.6875,62.5,382.8125,914.0625,718.75,39.0625,593.75,726.5625,0.0,546.875,648.4375,-39.0625,625.0
2608603,-164.0625,703.125,-664.0625,54.6875,382.8125,929.6875,718.75,39.0625,625.0,734.375,-7.8125,570.3125,656.25,-62.5,640.625
2608603,-164.0625,703.125,-664.0625,54.6875,382.8125,929.6875,718.75,39.0625,625.0,734.375,-7.8125,570.3125,656.25,-62.5,640.625
2608611,-164.0625,765.625,-687.5,78.125,351.5625,960.9375,718.75,7.8125,640.625,734.375,-39.0625,585.9375,656.25,-101.5625,679.6875
2608611,-164.0625,765.625,-687.5,78.125,351.5625,960.9375,718.75,7.8125,640.625,734.375,-39.0625,585.9375,656.25,-101.5625,679.6875
2608611,-148.4375,718.75,-632.8125,78.125,328.125,960.9375,734.375,-31.25,640.625,757.8125,-62.5,578.125,648.4375,-125.0,695.3125
2608611,-148.4375,718.75,-632.8125,78.125,328.125,960.9375,734.375,-31.25,640.625,757.8125,-62.5,578.125,648.4375,-125.0,695.3125
2608764,-312.5,1007.8125,-320.3125,-15.625,-226.5625,1093.75,687.5,-609.375,648.4375,765.625,-640.625,523.4375,500.0,-656.25,781.25
2608764,-312.5,1007.8125,-320.3125,-15.625,-226.5625,1093.75,687.5,-609.375,648.4375,765.625,-640.625,523.4375,500.0,-656.25,781.25
2608764,-328.125,992.1875,-320.3125,-46.875,-234.375,1070.3125,664.0625,-609.375,648.4375,734.375,-640.625,515.625,476.5625,-656.25,773.4375
2608764,-328.125,992.1875,-320.3125,-46.875,-234.375,1070.3125,664.0625,-609.375,648.4375,734.375,-640.625,515.625,476.5625,-656.25,773.4375
2608772,-343.75,968.75,-320.3125,-70.3125,-218.75,1054.6875,632.8125,-601.5625,664.0625,710.9375,-632.8125,531.25,453.125,-640.625,773.4375
2608772,-343.75,968.75,-320.3125,-70.3125,-218.75,1054.6875,632.8125,-601.5625,664.0625,710.9375,-632.8125,531.25,453.125,-640.625,773.4375
2608772,-351.5625,945.3125,-312.5,-109.375,-203.125,1039.0625,609.375,-570.3125,671.875,687.5,-617.1875,539.0625,445.3125,-617.1875,781.25
2608772,-351.5625,945.3125,-312.5,-109.375,-203.125,1039.0625,609.375,-570.3125,671.875,687.5,-617.1875,539.0625,445.3125,-617.1875,781.25
2608925,-593.75,804.6875,-382.8125,-281.25,-70.3125,1015.625,437.5,-507.8125,843.75,492.1875,-617.1875,718.75,187.5,-539.0625,914.0625
2608925,-593.75,804.6875,-382.8125,-281.25,-70.3125,1015.625,437.5,-507.8125,843.75,492.1875,-617.1875,718.75,187.5,-539.0625,914.0625
2608925,-617.1875,781.25,-390.625,-312.5,-62.5,1000.0,421.875,-484.375,859.375,484.375,-609.375,750.0,187.5,-515.625,921.875
2608925,-617.1875,781.25,-390.625,-312.5,-62.5,1000.0,421.875,-484.375,859.375,484.375,-609.375,750.0,187.5,-515.625,921.875
2608933,-656.25,773.4375,-398.4375,-367.1875,-31.25,1007.8125,406.25,-460.9375,898.4375,468.75,-585.9375,773.4375,187.5,-507.8125,929.6875
2608933,-656.25,773.4375,-398.4375,-367.1875,-31.25,1007.8125,406.25,-460.9375,898.4375,468.75,-585.9375,773.4375,187.5,-507.8125,929.6875
2608933,-687.5,781.25,-398.4375,-398.4375,7.8125,1007.8125,375.0,-429.6875,898.4375,445.3125,-585.9375,773.4375,179.6875,-492.1875,929.6875
2608933,-687.5,781.25,-398.4375,-398.4375,7.8125,1007.8125,375.0,-429.6875,898.4375,445.3125,-585.9375,773.4375,179.6875,-492.1875,929.6875
2609086,-835.9375,453.125,-421.875,-718.75,203.125,781.25,-31.25,-257.8125,1031.25,-23.4375,-492.1875,968.75,-312.5,-257.8125,1007.8125
2609086,-835.9375,453.125,-421.875,-718.75,203.125,781.25,-31.25,-257.8125,1031.25,-23.4375,-492.1875,968.75,-312.5,-257.8125,1007.8125
2609086,-835.9375,453.125,-437.5,-718.75,218.75,789.0625,-39.0625,-250.0,1046.875,-15.625,-476.5625,984.375,-312.5,-234.375,1007.8125
2609086,-835.9375,453.125,-437.5,-718.75,218.75,789.0625,-39.0625,-250.0,1046.875,-15.625,-476.5625,984.375,-312.5,-234.375,1007.8125
2609094,-843.75,445.3125,-445.3125,-718.75,234.375,781.25,-31.25,-226.5625,1039.0625,-15.625,-468.75,984.375,-304.6875,-234.375,992.1875
2609094,-843.75,445.3125,-445.3125,-718.75,234.375,781.25,-31.25,-226.5625,1039.0625,-15.625,-468.75,984.375,-304.6875,-234.375,992.1875
2609094,-835.9375,460.9375,-437.5,-710.9375,234.375,781.25,-23.4375,-226.5625,1039.0625,0.0,-453.125,984.375,-265.625,-234.375,1015.625
2609094,-835.9375,460.9375,-437.5,-710.9375,234.375,781.25,-23.4375,-226.5625,1039.0625,0.0,-453.125,984.375,-265.625,-234.375,1015.625
2609247,-671.875,750.0,-460.9375,-390.625,54.6875,1031.25,351.5625,-421.875,953.125,406.25,-562.5,867.1875,101.5625,-429.6875,1023.4375
2609247,-671.875,750.0,-460.9375,-390.625,54.6875,1031.25,351.5625,-421.875,953.125,406.25,-562.5,867.1875,101.5625,-429.6875,1023.4375
2609247,-671.875,757.8125,-460.9375,-390.625,54.6875,1015.625,367.1875,-414.0625,953.125,414.0625,-554.6875,867.1875,93.75,-429.6875,1015.625
2609247,-671.875,757.8125,-460.9375,-390.625,54.6875,1015.625,367.1875,-414.0625,953.125,414.0625,-554.6875,867.1875,93.75,-429.6875,1015.625
2609255,-671.875,750.0,-460.9375,-390.625,62.5,1015.625,367.1875,-406.25,945.3125,398.4375,-546.875,867.1875,85.9375,-414.0625,1007.8125
2609255,-671.875,750.0,-460.9375,-390.625,62.5,1015.625,367.1875,-406.25,945.3125,398.4375,-546.875,867.1875,85.9375,-414.0625,1007.8125
2609255,-656.25,734.375,-460.9375,-398.4375,54.6875,1000.0,343.75,-398.4375,937.5,382.8125,-546.875,851.5625,85.9375,-406.25,992.1875
2609255,-656.25,734.375,-460.9375,-398.4375,54.6875,1000.0,343.75,-398.4375,937.5,382.8125,-546.875,851.5625,85.9375,-406.25,992.1875
2609409,-585.9375,640.625,-476.5625,-351.5625,117.1875,914.0625,359.375,-281.25,867.1875,398.4375,-429.6875,796.875,164.0625,-320.3125,914.0625
2609409,-585.9375,640.625,-476.5625,-351.5625,117.1875,914.0625,359.375,-281.25,867.1875,398.4375,-429.6875,796.875,164.0625,-320.3125,914.0625
2609409,-578.125,648.4375,-476.5625,-359.375,117.1875,914.0625,359.375,-289.0625,867.1875,398.4375,-421.875,781.25,164.0625,-328.125,914.0625
2609409,-578.125,648.4375,-476.5625,-359.375,117.1875,914.0625,359.375,-289.0625,867.1875,398.4375,-421.875,781.25,164.0625,-328.125,914.0625
2609417,-570.3125,648.4375,-476.5625,-351.5625,125.0,921.875,359.375,-289.0625,859.375,398.4375,-421.875,781.25,156.25,-320.3125,898.4375
2609417,-570.3125,648.4375,-476.5625,-351.5625,125.0,921.875,359.375,-289.0625,859.375,398.4375,-421.875,781.25,156.25,-320.3125,898.4375
2609417,-578.125,656.25,-476.5625,-351.5625,101.5625,921.875,367.1875,-281.25,859.375,398.4375,-429.6875,789.0625,148.4375,-328.125,906.25
2609417,-578.125,656.25,-476.5625,-351.5625,101.5625,921.875,367.1875,-281.25,859.375,398.4375,-429.6875,789.0625,148.4375,-328.125,906.25
2609562,-625.0,671.875,-460.9375,-398.4375,101.5625,929.6875,343.75,-320.3125,890.625,375.0,-453.125,828.125,132.8125,-351.5625,937.5
2609562,-625.0,671.875,-460.9375,-398.4375,101.5625,929.6875,343.75,-320.3125,890.625,375.0,-453.125,828.125,132.8125,-351.5625,937.5
2609570,-617.1875,648.4375,-468.75,-398.4375,101.5625,929.6875,335.9375,-312.5,898.4375,382.8125,-453.125,828.125,125.0,-343.75,945.3125
2609570,-617.1875,648.4375,-468.75,-398.4375,101.5625,929.6875,335.9375,-312.5,898.4375,382.8125,-453.125,828.125,125.0,-343.75,945.3125
2609570,-625.0,632.8125,-468.75,-398.4375,109.375,937.5,343.75,-304.6875,898.4375,382.8125,-460.9375,820.3125,117.1875,-335.9375,945.3125
2609570,-625.0,632.8125,-468.75,-398.4375,109.375,937.5,343.75,-304.6875,898.4375,382.8125,-460.9375,820.3125,117.1875,-335.9375,945.3125
2609578,-632.8125,640.625,-453.125,-406.25,101.5625,937.5,335.9375,-312.5,898.4375,382.8125,-460.9375,828.125,125.0,-343.75,945.3125
2609578,-632.8125,640.625,-453.125,-406.25,101.5625,937.5,335.9375,-312.5,898.4375,382.8125,-460.9375,828.125,125.0,-343.75,945.3125
2609722,-632.8125,671.875,-453.125,-398.4375,101.5625,937.5,335.9375,-320.3125,906.25,382.8125,-468.75,820.3125,109.375,-351.5625,937.5
2609722,-632.8125,671.875,-453.125,-398.4375,101.5625,937.5,335.9375,-320.3125,906.25,382.8125,-468.75,820.3125,109.375,-351.5625,937.5
2609732,-632.8125,671.875,-453.125,-390.625,109.375,929.6875,328.125,-320.3125,898.4375,359.375,-468.75,820.3125,101.5625,-359.375,929.6875
2609732,-632.8125,671.875,-453.125,-390.625,109.375,929.6875,328.125,-320.3125,898.4375,359.375,-468.75,820.3125,101.5625,-359.375,929.6875
2609732,-632.8125,664.0625,-445.3125,-390.625,101.5625,929.6875,320.3125,-320.3125,890.625,359.375,-468.75,812.5,93.75,-351.5625,937.5
2609732,-632.8125,664.0625,-445.3125,-390.625,101.5625,929.6875,320.3125,-320.3125,890.625,359.375,-468.75,812.5,93.75,-351.5625,937.5
2609740,-617.1875,664.0625,-453.125,-406.25,93.75,921.875,320.3125,-320.3125,890.625,359.375,-468.75,812.5,101.5625,-343.75,929.6875
2609740,-617.1875,664.0625,-453.125,-406.25,93.75,921.875,320.3125,-320.3125,890.625,359.375,-468.75,812.5,101.5625,-343.75,929.6875
2609885,-625.0,640.625,-460.9375,-390.625,101.5625,914.0625,343.75,-312.5,882.8125,390.625,-445.3125,804.6875,140.625,-343.75,929.6875
2609885,-625.0,640.625,-460.9375,-390.625,101.5625,914.0625,343.75,-312.5,882.8125,390.625,-445.3125,804.6875,140.625,-343.75,929.6875
2609893,-625.0,632.8125,-453.125,-382.8125,101.5625,929.6875,351.5625,-304.6875,890.625,390.625,-445.3125,820.3125,132.8125,-335.9375,929.6875
2609893,-625.0,632.8125,-453.125,-382.8125,101.5625,929.6875,351.5625,-304.6875,890.625,390.625,-445.3125,820.3125,132.8125,-335.9375,929.6875
2609893,-617.1875,656.25,-453.125,-390.625,109.375,921.875,343.75,-304.6875,890.625,390.625,-445.3125,820.3125,140.625,-335.9375,929.6875
2609893,-617.1875,656.25,-453.125,-390.625,109.375,921.875,343.75,-304.6875,890.625,390.625,-445.3125,820.3125,140.625,-335.9375,929.6875
2609901,-625.0,664.0625,-453.125,-382.8125,101.5625,929.6875,343.75,-304.6875,890.625,390.625,-445.3125,804.6875,132.8125,-335.9375,921.875
2609901,-625.0,664.0625,-453.125,-382.8125,101.5625,929.6875,343.75,-304.6875,890.625,390.625,-445.3125,804.6875,132.8125,-335.9375,921.875
