2615683,-406.25,226.5625,882.8125,31.25,-750.0,695.3125,265.625,-851.5625,484.375,609.375,-742.1875,265.625,500.0,-679.6875,539.0625
2615683,-406.25,226.5625,882.8125,31.25,-750.0,695.3125,265.625,-851.5625,484.375,609.375,-742.1875,265.625,500.0,-679.6875,539.0625
2615683,-406.25,226.5625,882.8125,39.0625,-757.8125,695.3125,265.625,-851.5625,492.1875,609.375,-734.375,273.4375,500.0,-679.6875,554.6875
2615683,-406.25,226.5625,882.8125,39.0625,-757.8125,695.3125,265.625,-851.5625,492.1875,609.375,-734.375,273.4375,500.0,-679.6875,554.6875
2615691,-414.0625,226.5625,882.8125,39.0625,-757.8125,687.5,265.625,-851.5625,484.375,617.1875,-742.1875,273.4375,500.0,-679.6875,546.875
2615691,-414.0625,226.5625,882.8125,39.0625,-757.8125,687.5,265.625,-851.5625,484.375,617.1875,-742.1875,273.4375,500.0,-679.6875,546.875
2615699,-406.25,226.5625,875.0,39.0625,-750.0,695.3125,265.625,-843.75,500.0,617.1875,-734.375,265.625,500.0,-679.6875,546.875
2615699,-406.25,226.5625,875.0,39.0625,-750.0,695.3125,265.625,-843.75,500.0,617.1875,-734.375,265.625,500.0,-679.6875,546.875
2615844,-398.4375,234.375,875.0,31.25,-742.1875,695.3125,265.625,-843.75,492.1875,609.375,-726.5625,273.4375,507.8125,-671.875,539.0625
2615844,-398.4375,234.375,875.0,31.25,-742.1875,695.3125,265.625,-843.75,492.1875,609.375,-726.5625,273.4375,507.8125,-671.875,539.0625
2615845,-398.4375,226.5625,882.8125,46.875,-742.1875,695.3125,265.625,-843.75,492.1875,617.1875,-734.375,265.625,500.0,-679.6875,546.875
2615845,-398.4375,226.5625,882.8125,46.875,-742.1875,695.3125,265.625,-843.75,492.1875,617.1875,-734.375,265.625,500.0,-679.6875,546.875
2615852,-414.0625,226.5625,875.0,39.0625,-750.0,695.3125,273.4375,-851.5625,492.1875,609.375,-734.375,273.4375,500.0,-671.875,546.875
2615852,-414.0625,226.5625,875.0,39.0625,-750.0,695.3125,273.4375,-851.5625,492.1875,609.375,-734.375,273.4375,500.0,-671.875,546.875
2615861,-406.25,226.5625,882.8125,39.0625,-750.0,695.3125,265.625,-843.75,500.0,609.375,-726.5625,273.4375,500.0,-671.875,546.875
2615861,-406.25,226.5625,882.8125,39.0625,-750.0,695.3125,265.625,-843.75,500.0,609.375,-726.5625,273.4375,500.0,-671.875,546.875
2616006,-406.25,226.5625,882.8125,39.0625,-750.0,695.3125,265.625,-851.5625,492.1875,609.375,-734.375,273.4375,507.8125,-679.6875,546.875
2616006,-406.25,226.5625,882.8125,39.0625,-750.0,695.3125,265.625,-851.5625,492.1875,609.375,-734.375,273.4375,507.8125,-679.6875,546.875
2616006,-414.0625,226.5625,890.625,39.0625,-750.0,695.3125,265.625,-843.75,484.375,617.1875,-734.375,273.4375,500.0,-671.875,554.6875
2616006,-414.0625,226.5625,890.625,39.0625,-750.0,695.3125,265.625,-843.75,484.375,617.1875,-734.375,273.4375,500.0,-671.875,554.6875
2616014,-406.25,226.5625,882.8125,39.0625,-750.0,703.125,265.625,-851.5625,500.0,617.1875,-734.375,273.4375,500.0,-679.6875,546.875
2616014,-406.25,226.5625,882.8125,39.0625,-750.0,703.125,265.625,-851.5625,500.0,617.1875,-734.375,273.4375,500.0,-679.6875,546.875
2616022,-406.25,226.5625,882.8125,39.0625,-742.1875,695.3125,273.4375,-851.5625,492.1875,609.375,-742.1875,265.625,507.8125,-671.875,546.875
2616022,-406.25,226.5625,882.8125,39.0625,-742.1875,695.3125,273.4375,-851.5625,492.1875,609.375,-742.1875,265.625,507.8125,-671.875,546.875
2616166,-406.25,218.75,882.8125,31.25,-757.8125,695.3125,273.4375,-851.5625,492.1875,617.1875,-742.1875,265.625,507.8125,-679.6875,539.0625
2616166,-406.25,218.75,882.8125,31.25,-757.8125,695.3125,273.4375,-851.5625,492.1875,617.1875,-742.1875,265.625,507.8125,-679.6875,539.0625
2616166,-406.25,210.9375,890.625,31.25,-750.0,687.5,273.4375,-851.5625,492.1875,617.1875,-742.1875,265.625,500.0,-679.6875,546.875
2616166,-406.25,210.9375,890.625,31.25,-750.0,687.5,273.4375,-851.5625,492.1875,617.1875,-742.1875,265.625,500.0,-679.6875,546.875
2616175,-406.25,218.75,882.8125,39.0625,-757.8125,695.3125,265.625,-851.5625,492.1875,625.0,-742.1875,257.8125,507.8125,-687.5,546.875
2616175,-406.25,218.75,882.8125,39.0625,-757.8125,695.3125,265.625,-851.5625,492.1875,625.0,-742.1875,257.8125,507.8125,-687.5,546.875
2616183,-406.25,218.75,890.625,31.25,-750.0,695.3125,273.4375,-851.5625,484.375,609.375,-742.1875,265.625,507.8125,-679.6875,546.875
2616183,-406.25,218.75,890.625,31.25,-750.0,695.3125,273.4375,-851.5625,484.375,609.375,-742.1875,265.625,507.8125,-679.6875,546.875
2616328,-414.0625,218.75,882.8125,31.25,-742.1875,703.125,265.625,-851.5625,492.1875,609.375,-742.1875,273.4375,500.0,-679.6875,546.875
2616328,-414.0625,218.75,882.8125,31.25,-742.1875,703.125,265.625,-851.5625,492.1875,609.375,-742.1875,273.4375,500.0,-679.6875,546.875
2616328,-406.25,234.375,890.625,39.0625,-742.1875,703.125,273.4375,-851.5625,492.1875,609.375,-742.1875,265.625,507.8125,-671.875,539.0625
2616328,-406.25,234.375,890.625,39.0625,-742.1875,703.125,273.4375,-851.5625,492.1875,609.375,-742.1875,265.625,507.8125,-671.875,539.0625
2616337,-398.4375,226.5625,882.8125,39.0625,-742.1875,695.3125,265.625,-851.5625,492.1875,609.375,-734.375,265.625,500.0,-679.6875,546.875
2616337,-398.4375,226.5625,882.8125,39.0625,-742.1875,695.3125,265.625,-851.5625,492.1875,609.375,-734.375,265.625,500.0,-679.6875,546.875
2616345,-406.25,218.75,890.625,39.0625,-750.0,695.3125,273.4375,-843.75,500.0,609.375,-742.1875,265.625,500.0,-671.875,546.875
2616345,-406.25,218.75,890.625,39.0625,-750.0,695.3125,273.4375,-843.75,500.0,609.375,-742.1875,265.625,500.0,-671.875,546.875
2616490,-398.4375,226.5625,882.8125,39.0625,-742.1875,695.3125,265.625,-851.5625,492.1875,617.1875,-734.375,265.625,507.8125,-664.0625,546.875
2616490,-398.4375,226.5625,882.8125,39.0625,-742.1875,695.3125,265.625,-851.5625,492.1875,617.1875,-734.375,265.625,507.8125,-664.0625,546.875
2616491,-406.25,218.75,882.8125,39.0625,-742.1875,703.125,265.625,-851.5625,492.1875,617.1875,-742.1875,265.625,507.8125,-679.6875,539.0625
2616491,-406.25,218.75,882.8125,39.0625,-742.1875,703.125,265.625,-851.5625,492.1875,617.1875,-742.1875,265.625,507.8125,-679.6875,539.0625
2616498,-406.25,218.75,882.8125,39.0625,-742.1875,687.5,265.625,-851.5625,500.0,609.375,-742.1875,257.8125,500.0,-679.6875,539.0625
2616498,-406.25,218.75,882.8125,39.0625,-742.1875,687.5,265.625,-851.5625,500.0,609.375,-742.1875,257.8125,500.0,-679.6875,539.0625
2616505,-406.25,218.75,890.625,39.0625,-750.0,695.3125,257.8125,-843.75,492.1875,617.1875,-742.1875,265.625,507.8125,-679.6875,546.875
2616505,-406.25,218.75,890.625,39.0625,-750.0,695.3125,257.8125,-843.75,492.1875,617.1875,-742.1875,265.625,507.8125,-679.6875,546.875
2616652,-398.4375,226.5625,882.8125,39.0625,-742.1875,695.3125,273.4375,-843.75,484.375,617.1875,-734.375,265.625,507.8125,-679.6875,539.0625
2616652,-398.4375,226.5625,882.8125,39.0625,-742.1875,695.3125,273.4375,-843.75,484.375,617.1875,-734.375,265.625,507.8125,-679.6875,539.0625
2616652,-398.4375,218.75,890.625,39.0625,-742.1875,703.125,265.625,-851.5625,492.1875,609.375,-734.375,257.8125,500.0,-679.6875,539.0625
2616652,-398.4375,218.75,890.625,39.0625,-742.1875,703.125,265.625,-851.5625,492.1875,609.375,-734.375,257.8125,500.0,-679.6875,539.0625
2616660,-398.4375,218.75,882.8125,39.0625,-742.1875,695.3125,265.625,-843.75,492.1875,609.375,-734.375,257.8125,507.8125,-671.875,539.0625
2616660,-398.4375,218.75,882.8125,39.0625,-742.1875,695.3125,265.625,-843.75,492.1875,609.375,-734.375,257.8125,507.8125,-671.875,539.0625
2616668,-398.4375,226.5625,875.0,31.25,-742.1875,703.125,265.625,-851.5625,492.1875,617.1875,-726.5625,265.625,515.625,-671.875,531.25
2616668,-398.4375,226.5625,875.0,31.25,-742.1875,703.125,265.625,-851.5625,492.1875,617.1875,-726.5625,265.625,515.625,-671.875,531.25
2616813,-406.25,218.75,890.625,31.25,-750.0,687.5,265.625,-859.375,492.1875,617.1875,-742.1875,265.625,507.8125,-671.875,546.875
2616813,-406.25,218.75,890.625,31.25,-750.0,687.5,265.625,-859.375,492.1875,617.1875,-742.1875,265.625,507.8125,-671.875,546.875
2616813,-406.25,226.5625,890.625,31.25,-750.0,695.3125,265.625,-851.5625,492.1875,617.1875,-742.1875,257.8125,507.8125,-679.6875,546.875
2616813,-406.25,226.5625,890.625,31.25,-750.0,695.3125,265.625,-851.5625,492.1875,617.1875,-742.1875,257.8125,507.8125,-679.6875,546.875
2616821,-414.0625,226.5625,898.4375,39.0625,-742.1875,710.9375,265.625,-851.5625,492.1875,609.375,-734.375,265.625,507.8125,-679.6875,546.875
2616821,-414.0625,226.5625,898.4375,39.0625,-742.1875,710.9375,265.625,-851.5625,492.1875,609.375,-734.375,265.625,507.8125,-679.6875,546.875
2616829,-406.25,218.75,890.625,39.0625,-750.0,710.9375,265.625,-843.75,492.1875,617.1875,-750.0,273.4375,507.8125,-671.875,539.0625
2616829,-406.25,218.75,890.625,39.0625,-750.0,710.9375,265.625,-843.75,492.1875,617.1875,-750.0,273.4375,507.8125,-671.875,539.0625
2616974,-406.25,218.75,890.625,31.25,-750.0,695.3125,257.8125,-851.5625,492.1875,609.375,-742.1875,257.8125,500.0,-679.6875,546.875
2616974,-406.25,218.75,890.625,31.25,-750.0,695.3125,257.8125,-851.5625,492.1875,609.375,-742.1875,257.8125,500.0,-679.6875,546.875
2616974,-406.25,218.75,882.8125,23.4375,-757.8125,695.3125,257.8125,-859.375,484.375,609.375,-742.1875,265.625,500.0,-687.5,539.0625
2616974,-406.25,218.75,882.8125,23.4375,-757.8125,695.3125,257.8125,-859.375,484.375,609.375,-742.1875,265.625,500.0,-687.5,539.0625
2616982,-414.0625,210.9375,890.625,31.25,-750.0,695.3125,265.625,-851.5625,484.375,601.5625,-750.0,265.625,507.8125,-687.5,539.0625
2616982,-414.0625,210.9375,890.625,31.25,-750.0,695.3125,265.625,-851.5625,484.375,601.5625,-750.0,265.625,507.8125,-687.5,539.0625
2616990,-414.0625,218.75,890.625,31.25,-750.0,695.3125,257.8125,-851.5625,484.375,617.1875,-734.375,257.8125,500.0,-679.6875,539.0625
2616990,-414.0625,218.75,890.625,31.25,-750.0,695.3125,257.8125,-851.5625,484.375,617.1875,-734.375,257.8125,500.0,-679.6875,539.0625
2617055,-437.5,234.375,898.4375,39.0625,-750.0,695.3125,265.625,-851.5625,492.1875,617.1875,-750.0,257.8125,492.1875,-679.6875,546.875
2617055,-437.5,234.375,898.4375,39.0625,-750.0,695.3125,265.625,-851.5625,492.1875,617.1875,-750.0,257.8125,492.1875,-679.6875,546.875
2617055,-398.4375,210.9375,882.8125,31.25,-750.0,695.3125,265.625,-851.5625,492.1875,617.1875,-742.1875,265.625,507.8125,-679.6875,539.0625
2617055,-398.4375,210.9375,882.8125,31.25,-750.0,695.3125,265.625,-851.5625,492.1875,617.1875,-742.1875,265.625,507.8125,-679.6875,539.0625
2617063,-390.625,203.125,882.8125,23.4375,-750.0,687.5,257.8125,-859.375,500.0,617.1875,-750.0,257.8125,515.625,-695.3125,546.875
2617063,-390.625,203.125,882.8125,23.4375,-750.0,687.5,257.8125,-859.375,500.0,617.1875,-750.0,257.8125,515.625,-695.3125,546.875
2617071,-414.0625,210.9375,890.625,31.25,-757.8125,695.3125,257.8125,-867.1875,492.1875,617.1875,-750.0,257.8125,507.8125,-679.6875,546.875
2617071,-414.0625,210.9375,890.625,31.25,-757.8125,695.3125,257.8125,-867.1875,492.1875,617.1875,-750.0,257.8125,507.8125,-679.6875,546.875
2617216,-437.5,242.1875,890.625,31.25,-734.375,710.9375,265.625,-843.75,515.625,625.0,-750.0,273.4375,515.625,-679.6875,554.6875
2617216,-437.5,242.1875,890.625,31.25,-734.375,710.9375,265.625,-843.75,515.625,625.0,-750.0,273.4375,515.625,-679.6875,554.6875
2617216,-429.6875,218.75,898.4375,15.625,-750.0,710.9375,257.8125,-851.5625,507.8125,609.375,-750.0,273.4375,515.625,-679.6875,570.3125
2617216,-429.6875,218.75,898.4375,15.625,-750.0,710.9375,257.8125,-851.5625,507.8125,609.375,-750.0,273.4375,515.625,-679.6875,570.3125
2617224,-414.0625,210.9375,898.4375,31.25,-750.0,718.75,257.8125,-851.5625,500.0,609.375,-750.0,265.625,515.625,-679.6875,562.5
2617224,-414.0625,210.9375,898.4375,31.25,-750.0,718.75,257.8125,-851.5625,500.0,609.375,-750.0,265.625,515.625,-679.6875,562.5
2617232,-414.0625,218.75,898.4375,31.25,-757.8125,718.75,265.625,-867.1875,507.8125,609.375,-757.8125,273.4375,507.8125,-679.6875,554.6875
2617232,-414.0625,218.75,898.4375,31.25,-757.8125,718.75,265.625,-867.1875,507.8125,609.375,-757.8125,273.4375,507.8125,-679.6875,554.6875
2617393,-484.375,515.625,1140.625,85.9375,-1187.5,1203.125,445.3125,-1148.4375,828.125,828.125,-1070.3125,421.875,632.8125,-1023.4375,890.625
2617393,-484.375,515.625,1140.625,85.9375,-1187.5,1203.125,445.3125,-1148.4375,828.125,828.125,-1070.3125,421.875,632.8125,-1023.4375,890.625
2617393,-375.0,484.375,1203.125,85.9375,-1078.125,1195.3125,390.625,-1273.4375,914.0625,820.3125,-1085.9375,492.1875,937.5,-968.75,1000.0
2617393,-375.0,484.375,1203.125,85.9375,-1078.125,1195.3125,390.625,-1273.4375,914.0625,820.3125,-1085.9375,492.1875,937.5,-968.75,1000.0
2617401,-335.9375,390.625,1250.0,78.125,-1007.8125,1218.75,515.625,-1757.8125,1109.375,890.625,-1187.5,656.25,875.0,-945.3125,875.0
2617401,-335.9375,390.625,1250.0,78.125,-1007.8125,1218.75,515.625,-1757.8125,1109.375,890.625,-1187.5,656.25,875.0,-945.3125,875.0
2617401,-367.1875,398.4375,1281.25,15.625,-1179.6875,1140.625,539.0625,-2226.5625,1015.625,1296.875,-1101.5625,1000.0,929.6875,-1445.3125,1234.375
2617401,-367.1875,398.4375,1281.25,15.625,-1179.6875,1140.625,539.0625,-2226.5625,1015.625,1296.875,-1101.5625,1000.0,929.6875,-1445.3125,1234.375
2617555,15.625,1742.1875,820.3125,-93.75,-796.875,726.5625,39.0625,-1234.375,39.0625,484.375,-1046.875,78.125,492.1875,-882.8125,351.5625
2617555,15.625,1742.1875,820.3125,-93.75,-796.875,726.5625,39.0625,-1234.375,39.0625,484.375,-1046.875,78.125,492.1875,-882.8125,351.5625
2617555,15.625,1671.875,867.1875,-171.875,-796.875,687.5,78.125,-1140.625,117.1875,492.1875,-1109.375,85.9375,414.0625,-640.625,226.5625
2617555,15.625,1671.875,867.1875,-171.875,-796.875,687.5,78.125,-1140.625,117.1875,492.1875,-1109.375,85.9375,414.0625,-640.625,226.5625
2617563,0.0,1664.0625,781.25,-70.3125,-757.8125,539.0625,-70.3125,-593.75,445.3125,398.4375,-890.625,70.3125,343.75,-578.125,93.75
2617563,0.0,1664.0625,781.25,-70.3125,-757.8125,539.0625,-70.3125,-593.75,445.3125,398.4375,-890.625,70.3125,343.75,-578.125,93.75
2617563,-39.0625,1570.3125,695.3125,-195.3125,-1000.0,578.125,343.75,-695.3125,398.4375,335.9375,-617.1875,-7.8125,351.5625,-828.125,93.75
2617563,-39.0625,1570.3125,695.3125,-195.3125,-1000.0,578.125,343.75,-695.3125,398.4375,335.9375,-617.1875,-7.8125,351.5625,-828.125,93.75
2617716,-203.125,359.375,-132.8125,-132.8125,-156.25,398.4375,320.3125,-273.4375,359.375,375.0,-312.5,203.125,335.9375,-351.5625,281.25
2617716,-203.125,359.375,-132.8125,-132.8125,-156.25,398.4375,320.3125,-273.4375,359.375,375.0,-312.5,203.125,335.9375,-351.5625,281.25
2617716,-195.3125,375.0,-171.875,-109.375,-148.4375,406.25,304.6875,-265.625,335.9375,375.0,-304.6875,203.125,312.5,-335.9375,281.25
2617716,-195.3125,375.0,-171.875,-109.375,-148.4375,406.25,304.6875,-265.625,335.9375,375.0,-304.6875,203.125,312.5,-335.9375,281.25
2617724,-164.0625,398.4375,-218.75,-78.125,-125.0,429.6875,289.0625,-273.4375,320.3125,359.375,-304.6875,226.5625,312.5,-328.125,304.6875
2617724,-164.0625,398.4375,-218.75,-78.125,-125.0,429.6875,289.0625,-273.4375,320.3125,359.375,-304.6875,226.5625,312.5,-328.125,304.6875
2617724,-109.375,437.5,-226.5625,-31.25,-78.125,484.375,312.5,-257.8125,320.3125,367.1875,-304.6875,203.125,320.3125,-328.125,320.3125
2617724,-109.375,437.5,-226.5625,-31.25,-78.125,484.375,312.5,-257.8125,320.3125,367.1875,-304.6875,203.125,320.3125,-328.125,320.3125
2617877,-140.625,757.8125,-570.3125,171.875,171.875,953.125,726.5625,-140.625,562.5,765.625,-210.9375,445.3125,695.3125,-242.1875,562.5
2617877,-140.625,757.8125,-570.3125,171.875,171.875,953.125,726.5625,-140.625,562.5,765.625,-210.9375,445.3125,695.3125,-242.1875,562.5
2617878,-164.0625,742.1875,-585.9375,140.625,148.4375,953.125,718.75,-148.4375,585.9375,773.4375,-210.9375,476.5625,695.3125,-242.1875,578.125
2617878,-164.0625,742.1875,-585.9375,140.625,148.4375,953.125,718.75,-148.4375,585.9375,773.4375,-210.9375,476.5625,695.3125,-242.1875,578.125
2617885,-179.6875,742.1875,-585.9375,117.1875,132.8125,929.6875,718.75,-148.4375,609.375,773.4375,-226.5625,484.375,703.125,-257.8125,601.5625
2617885,-179.6875,742.1875,-585.9375,117.1875,132.8125,929.6875,718.75,-148.4375,609.375,773.4375,-226.5625,484.375,703.125,-257.8125,601.5625
2617886,-210.9375,734.375,-601.5625,93.75,132.8125,945.3125,718.75,-171.875,632.8125,781.25,-250.0,507.8125,695.3125,-273.4375,632.8125
2617886,-210.9375,734.375,-601.5625,93.75,132.8125,945.3125,718.75,-171.875,632.8125,781.25,-250.0,507.8125,695.3125,-273.4375,632.8125
2618039,-523.4375,937.5,-328.125,-195.3125,-250.0,1054.6875,484.375,-609.375,765.625,570.3125,-718.75,570.3125,359.375,-664.0625,781.25
2618039,-523.4375,937.5,-328.125,-195.3125,-250.0,1054.6875,484.375,-609.375,765.625,570.3125,-718.75,570.3125,359.375,-664.0625,781.25
2618039,-531.25,898.4375,-312.5,-226.5625,-265.625,1031.25,484.375,-632.8125,773.4375,578.125,-742.1875,570.3125,351.5625,-679.6875,789.0625
2618039,-531.25,898.4375,-312.5,-226.5625,-265.625,1031.25,484.375,-632.8125,773.4375,578.125,-742.1875,570.3125,351.5625,-679.6875,789.0625
2618047,-531.25,867.1875,-296.875,-234.375,-296.875,1007.8125,468.75,-640.625,765.625,578.125,-765.625,578.125,375.0,-703.125,804.6875
2618047,-531.25,867.1875,-296.875,-234.375,-296.875,1007.8125,468.75,-640.625,765.625,578.125,-765.625,578.125,375.0,-703.125,804.6875
2618047,-539.0625,835.9375,-281.25,-242.1875,-304.6875,992.1875,453.125,-648.4375,757.8125,578.125,-757.8125,554.6875,375.0,-703.125,804.6875
2618047,-539.0625,835.9375,-281.25,-242.1875,-304.6875,992.1875,453.125,-648.4375,757.8125,578.125,-757.8125,554.6875,375.0,-703.125,804.6875
2618200,-664.0625,625.0,-398.4375,-445.3125,15.625,882.8125,187.5,-335.9375,882.8125,226.5625,-523.4375,757.8125,0.0,-382.8125,828.125
2618200,-664.0625,625.0,-398.4375,-445.3125,15.625,882.8125,187.5,-335.9375,882.8125,226.5625,-523.4375,757.8125,0.0,-382.8125,828.125
2618200,-671.875,617.1875,-398.4375,-453.125,15.625,875.0,195.3125,-328.125,859.375,218.75,-515.625,757.8125,0.0,-375.0,828.125
2618200,-671.875,617.1875,-398.4375,-453.125,15.625,875.0,195.3125,-328.125,859.375,218.75,-515.625,757.8125,0.0,-375.0,828.125
2618208,-695.3125,625.0,-414.0625,-460.9375,15.625,875.0,187.5,-335.9375,867.1875,218.75,-531.25,757.8125,0.0,-382.8125,859.375
2618208,-695.3125,625.0,-414.0625,-460.9375,15.625,875.0,187.5,-335.9375,867.1875,218.75,-531.25,757.8125,0.0,-382.8125,859.375
2618208,-710.9375,585.9375,-406.25,-468.75,0.0,867.1875,164.0625,-343.75,882.8125,210.9375,-531.25,757.8125,0.0,-382.8125,859.375
2618208,-710.9375,585.9375,-406.25,-468.75,0.0,867.1875,164.0625,-343.75,882.8125,210.9375,-531.25,757.8125,0.0,-382.8125,859.375
2618279,-796.875,484.375,-328.125,-640.625,7.8125,796.875,7.8125,-351.5625,937.5,62.5,-570.3125,835.9375,-164.0625,-382.8125,914.0625
2618279,-796.875,484.375,-328.125,-640.625,7.8125,796.875,7.8125,-351.5625,937.5,62.5,-570.3125,835.9375,-164.0625,-382.8125,914.0625
2618281,-812.5,484.375,-335.9375,-648.4375,15.625,796.875,0.0,-343.75,945.3125,54.6875,-578.125,843.75,-156.25,-382.8125,921.875
2618281,-812.5,484.375,-335.9375,-648.4375,15.625,796.875,0.0,-343.75,945.3125,54.6875,-578.125,843.75,-156.25,-382.8125,921.875
2618289,-812.5,484.375,-328.125,-664.0625,0.0,789.0625,-7.8125,-343.75,953.125,62.5,-585.9375,851.5625,-164.0625,-382.8125,937.5
2618289,-812.5,484.375,-328.125,-664.0625,0.0,789.0625,-7.8125,-343.75,953.125,62.5,-585.9375,851.5625,-164.0625,-382.8125,937.5
2618289,-820.3125,476.5625,-335.9375,-671.875,7.8125,789.0625,-7.8125,-351.5625,968.75,54.6875,-585.9375,851.5625,-187.5,-382.8125,921.875
2618289,-820.3125,476.5625,-335.9375,-671.875,7.8125,789.0625,-7.8125,-351.5625,968.75,54.6875,-585.9375,851.5625,-187.5,-382.8125,921.875
2618442,-796.875,531.25,-375.0,-617.1875,-7.8125,851.5625,78.125,-359.375,976.5625,132.8125,-570.3125,867.1875,-85.9375,-390.625,968.75
2618442,-796.875,531.25,-375.0,-617.1875,-7.8125,851.5625,78.125,-359.375,976.5625,132.8125,-570.3125,867.1875,-85.9375,-390.625,968.75
2618442,-796.875,531.25,-359.375,-609.375,-7.8125,851.5625,85.9375,-351.5625,968.75,156.25,-578.125,859.375,-85.9375,-398.4375,968.75
2618442,-796.875,531.25,-359.375,-609.375,-7.8125,851.5625,85.9375,-351.5625,968.75,156.25,-578.125,859.375,-85.9375,-398.4375,968.75
2618450,-781.25,531.25,-359.375,-609.375,-15.625,851.5625,93.75,-359.375,968.75,156.25,-578.125,859.375,-70.3125,-390.625,960.9375
2618450,-781.25,531.25,-359.375,-609.375,-15.625,851.5625,93.75,-359.375,968.75,156.25,-578.125,859.375,-70.3125,-390.625,960.9375
2618450,-781.25,539.0625,-351.5625,-601.5625,-31.25,851.5625,101.5625,-367.1875,960.9375,156.25,-585.9375,851.5625,-70.3125,-406.25,960.9375
2618450,-781.25,539.0625,-351.5625,-601.5625,-31.25,851.5625,101.5625,-367.1875,960.9375,156.25,-585.9375,851.5625,-70.3125,-406.25,960.9375
2618603,-671.875,656.25,-398.4375,-421.875,-31.25,921.875,273.4375,-375.0,882.8125,328.125,-546.875,765.625,101.5625,-414.0625,890.625
2618603,-671.875,656.25,-398.4375,-421.875,-31.25,921.875,273.4375,-375.0,882.8125,328.125,-546.875,765.625,101.5625,-414.0625,890.625
2618603,-671.875,656.25,-398.4375,-406.25,-39.0625,929.6875,273.4375,-375.0,882.8125,328.125,-531.25,773.4375,109.375,-414.0625,898.4375
2618603,-671.875,656.25,-398.4375,-406.25,-39.0625,929.6875,273.4375,-375.0,882.8125,328.125,-531.25,773.4375,109.375,-414.0625,898.4375
2618612,-664.0625,656.25,-406.25,-421.875,-39.0625,921.875,281.25,-375.0,890.625,335.9375,-546.875,773.4375,101.5625,-421.875,898.4375
2618612,-664.0625,656.25,-406.25,-421.875,-39.0625,921.875,281.25,-375.0,890.625,335.9375,-546.875,773.4375,101.5625,-421.875,898.4375
2618612,-664.0625,656.25,-398.4375,-421.875,-46.875,921.875,281.25,-375.0,890.625,328.125,-539.0625,773.4375,117.1875,-414.0625,906.25
2618612,-664.0625,656.25,-398.4375,-421.875,-46.875,921.875,281.25,-375.0,890.625,328.125,-539.0625,773.4375,117.1875,-414.0625,906.25
