2615684,61.25,13.125,35.0
2615684,61.25,13.125,35.0
2615693,43.75,4.375,35.0
2615693,43.75,4.375,35.0
2615845,-48.125,39.375,35.0
2615845,-48.125,39.375,35.0
2615855,-8.75,26.25,4.375
2615855,-8.75,26.25,4.375
2616006,8.75,-4.375,-43.75
2616006,8.75,-4.375,-43.75
2616016,4.375,-4.375,-52.5
2616016,4.375,-4.375,-52.5
2616167,0.0,-21.875,-39.375
2616167,0.0,-21.875,-39.375
2616178,-17.5,-13.125,-35.0
2616178,-17.5,-13.125,-35.0
2616328,-61.25,-17.5,-26.25
2616328,-61.25,-17.5,-26.25
2616339,-35.0,-17.5,-30.625
2616339,-35.0,-17.5,-30.625
2616491,35.0,13.125,21.875
2616491,35.0,13.125,21.875
2616501,56.875,4.375,8.75
2616501,56.875,4.375,8.75
2616652,-43.75,39.375,39.375
2616652,-43.75,39.375,39.375
2616662,-30.625,8.75,13.125
2616662,-30.625,8.75,13.125
2616814,-39.375,-17.5,-65.625
2616814,-39.375,-17.5,-65.625
2616824,-35.0,-35.0,-83.125
2616824,-35.0,-35.0,-83.125
2616975,-74.375,-30.625,-65.625
2616975,-74.375,-30.625,-65.625
2616985,-65.625,-21.875,-43.75
2616985,-65.625,-21.875,-43.75
2617056,21.875,118.125,-61.25
2617056,21.875,118.125,-61.25
2617066,96.25,131.25,-105.0
2617066,96.25,131.25,-105.0
2617217,4.375,350.0,446.25
2617217,4.375,350.0,446.25
2617227,-4.375,463.75,520.625
2617227,-4.375,463.75,520.625
2617389,-6641.25,4550.0,8890.0
2617389,-6641.25,4550.0,8890.0
2617399,-5446.875,3854.375,8540.0
2617399,-5446.875,3854.375,8540.0
2617550,-32405.625,8089.375,-6435.625
2617550,-32405.625,8089.375,-6435.625
2617560,-26446.875,6339.375,-8636.25
2617560,-26446.875,6339.375,-8636.25
2617712,-6676.25,-8649.375,-3513.125
2617712,-6676.25,-8649.375,-3513.125
2617722,-6868.75,-8137.5,-2524.375
2617722,-6868.75,-8137.5,-2524.375
2617873,-1977.5,459.375,-2712.5
2617873,-1977.5,459.375,-2712.5
2617883,-1758.75,949.375,-2218.125
2617883,-1758.75,949.375,-2218.125
2618035,-1229.375,4025.0,-892.5
2618035,-1229.375,4025.0,-892.5
2618045,-1260.0,4243.75,-997.5
2618045,-1260.0,4243.75,-997.5
2618196,-4812.5,5490.625,-853.125
2618196,-4812.5,5490.625,-853.125
2618206,-4436.25,5346.25,-975.625
2618206,-4436.25,5346.25,-975.625
2618277,-2743.125,4195.625,-603.75
2618277,-2743.125,4195.625,-603.75
2618287,-2625.0,3981.25,-450.625
2618287,-2625.0,3981.25,-450.625
2618438,-678.125,800.625,253.75
2618438,-678.125,800.625,253.75
2618449,-551.25,542.5,358.75
2618449,-551.25,542.5,358.75
2618600,358.75,-498.75,-161.875
2618600,358.75,-498.75,-161.875
2618609,463.75,-533.75,-170.625
2618609,463.75,-533.75,-170.625
