2617206,-2406.25,131.25,1614.375
2617206,-2406.25,131.25,1614.375
2617217,-2261.875,153.125,1500.625
2617217,-2261.875,153.125,1500.625
2617227,-1207.5,-175.0,1312.5
2617227,-1207.5,-175.0,1312.5
2617237,-984.375,87.5,1890.0
2617237,-984.375,87.5,1890.0
2617248,-1618.75,551.25,1365.0
2617248,-1618.75,551.25,1365.0
2617259,-2445.625,494.375,-201.25
2617259,-2445.625,494.375,-201.25
2617268,-2953.125,507.5,-433.125
2617268,-2953.125,507.5,-433.125
2617279,-2533.125,612.5,-538.125
2617279,-2533.125,612.5,-538.125
2617289,-1960.0,870.625,-704.375
2617289,-1960.0,870.625,-704.375
2617300,-2607.5,1400.0,350.0
2617300,-2607.5,1400.0,350.0
2617309,-2034.375,1181.25,686.875
2617309,-2034.375,1181.25,686.875
2617320,-2353.75,818.125,288.75
2617320,-2353.75,818.125,288.75
2617330,-4760.0,721.875,625.625
2617330,-4760.0,721.875,625.625
2617340,-6409.375,638.75,940.625
2617340,-6409.375,638.75,940.625
2617351,-6400.625,170.625,866.25
2617351,-6400.625,170.625,866.25
2617361,-5893.125,472.5,660.625
2617361,-5893.125,472.5,660.625
2617371,-7214.375,980.0,328.125
2617371,-7214.375,980.0,328.125
2617382,-9870.0,1356.25,253.75
2617382,-9870.0,1356.25,253.75
2617392,-13186.25,1723.75,743.75
2617392,-13186.25,1723.75,743.75
2617402,-18322.5,1855.0,1439.375
2617402,-18322.5,1855.0,1439.375
2617413,-23953.125,2069.375,-1404.375
2617413,-23953.125,2069.375,-1404.375
2617423,-23887.5,503.125,-210.0
2617423,-23887.5,503.125,-210.0
2617433,-25313.75,-498.75,2305.625
2617433,-25313.75,-498.75,2305.625
2617444,-23170.0,-1141.875,3290.0
2617444,-23170.0,-1141.875,3290.0
2617454,-16240.0,-105.0,-2498.125
2617454,-16240.0,-105.0,-2498.125
2617464,-3521.875,1098.125,-2769.375
2617464,-3521.875,1098.125,-2769.375
2617475,14835.625,7441.875,-13435.625
2617475,14835.625,7441.875,-13435.625
2617485,24220.0,-253.75,-23528.75
2617485,24220.0,-253.75,-23528.75
2617496,-1286.25,157.5,-3486.875
2617496,-1286.25,157.5,-3486.875
2617506,-10517.5,-529.375,-6190.625
2617506,-10517.5,-529.375,-6190.625
2617516,-8802.5,-1413.125,-7525.0
2617516,-8802.5,-1413.125,-7525.0
2617526,-6037.5,-870.625,-5451.25
2617526,-6037.5,-870.625,-5451.25
2617535,-2476.25,-13.125,-1658.125
2617535,-2476.25,-13.125,-1658.125
2617547,-2725.625,665.0,-1544.375
2617547,-2725.625,665.0,-1544.375
2617557,665.0,3097.5,1268.75
2617557,665.0,3097.5,1268.75
2617568,6973.75,4471.25,5788.125
2617568,6973.75,4471.25,5788.125
2617578,8841.875,5525.625,8417.5
2617578,8841.875,5525.625,8417.5
2617588,10346.875,4554.375,7424.375
2617588,10346.875,4554.375,7424.375
2617598,10373.125,3705.625,5608.75
2617598,10373.125,3705.625,5608.75
2617609,9113.125,3224.375,4042.5
2617609,9113.125,3224.375,4042.5
2617619,8885.625,2848.125,3841.25
2617619,8885.625,2848.125,3841.25
2617629,7988.75,2786.875,2384.375
2617629,7988.75,2786.875,2384.375
2617640,7551.25,2563.75,621.25
2617640,7551.25,2563.75,621.25
2617650,6908.125,2283.75,-433.125
2617650,6908.125,2283.75,-433.125
2617660,6260.625,2905.0,153.125
2617660,6260.625,2905.0,153.125
2617671,7035.0,2003.75,1207.5
2617671,7035.0,2003.75,1207.5
2617681,5932.5,2419.375,844.375
2617681,5932.5,2419.375,844.375
2617691,3058.125,3578.75,-459.375
2617691,3058.125,3578.75,-459.375
2617702,2401.875,3998.75,-1601.25
2617702,2401.875,3998.75,-1601.25
2617712,2410.625,2568.125,-5551.875
2617712,2410.625,2568.125,-5551.875
2617722,1798.125,1036.875,-8111.25
2617722,1798.125,1036.875,-8111.25
2617733,1098.125,-2703.75,-3526.25
2617733,1098.125,-2703.75,-3526.25
2617743,-993.125,-17198.125,-135.625
2617743,-993.125,-17198.125,-135.625
2617753,6755.0,-161.875,-3443.125
2617753,6755.0,-161.875,-3443.125
2617764,1150.625,3823.75,-4366.25
2617764,1150.625,3823.75,-4366.25
2617774,5740.0,743.75,-1596.875
2617774,5740.0,743.75,-1596.875
2617784,4930.625,70.0,-1124.375
2617784,4930.625,70.0,-1124.375
2617794,-10176.25,-7017.5,1133.125
2617794,-10176.25,-7017.5,1133.125
2617805,-1382.5,-17.5,-3408.125
2617805,-1382.5,-17.5,-3408.125
2617815,227.5,4563.125,-2537.5
2617815,227.5,4563.125,-2537.5
2617825,-2104.375,2940.0,-2043.125
2617825,-2104.375,2940.0,-2043.125
2617836,131.25,2738.75,-1920.625
2617836,131.25,2738.75,-1920.625
2617846,-2450.0,1933.75,-1815.625
2617846,-2450.0,1933.75,-1815.625
2617856,-7258.125,-888.125,21.875
2617856,-7258.125,-888.125,21.875
2617867,-4711.875,1728.125,-1820.0
2617867,-4711.875,1728.125,-1820.0
2617877,-5481.875,2226.875,-2546.25
2617877,-5481.875,2226.875,-2546.25
2617887,-6125.0,1220.625,-2480.625
2617887,-6125.0,1220.625,-2480.625
2617898,-5814.375,551.25,-3176.25
2617898,-5814.375,551.25,-3176.25
2617908,-4891.25,-262.5,-3661.875
2617908,-4891.25,-262.5,-3661.875
2617918,-4410.0,-507.5,-3246.25
2617918,-4410.0,-507.5,-3246.25
2617929,-4025.0,-428.75,-2314.375
2617929,-4025.0,-428.75,-2314.375
2617939,-3670.625,-573.125,-1881.25
2617939,-3670.625,-573.125,-1881.25
2617949,-3806.25,-813.75,-1763.125
2617949,-3806.25,-813.75,-1763.125
2617960,-3788.75,-1251.25,-1846.25
2617960,-3788.75,-1251.25,-1846.25
2617969,-3132.5,-1347.5,-1631.875
2617969,-3132.5,-1347.5,-1631.875
2617980,-2008.125,-1666.875,-1058.75
2617980,-2008.125,-1666.875,-1058.75
2617991,-765.625,-1666.875,-249.375
2617991,-765.625,-1666.875,-249.375
2618001,39.375,-1627.5,354.375
2618001,39.375,-1627.5,354.375
2618011,844.375,-1820.0,520.625
2618011,844.375,-1820.0,520.625
2618021,1758.75,-2200.625,533.75
2618021,1758.75,-2200.625,533.75
2618032,2231.25,-2480.625,568.75
2618032,2231.25,-2480.625,568.75
2618042,2261.875,-2861.25,118.125
2618042,2261.875,-2861.25,118.125
2618052,2616.25,-2996.875,8.75
2618052,2616.25,-2996.875,8.75
2618063,2926.875,-2673.125,809.375
2618063,2926.875,-2673.125,809.375
2618073,3587.5,-2625.0,1898.75
2618073,3587.5,-2625.0,1898.75
2618083,4751.25,-2730.0,2445.625
2618083,4751.25,-2730.0,2445.625
2618093,5687.5,-2756.25,2655.625
2618093,5687.5,-2756.25,2655.625
2618104,5578.125,-2778.125,3066.875
2618104,5578.125,-2778.125,3066.875
2618114,4790.625,-3058.125,3115.0
2618114,4790.625,-3058.125,3115.0
2618125,3898.125,-3276.875,2747.5
2618125,3898.125,-3276.875,2747.5
2618135,3574.375,-3386.25,2896.25
2618135,3574.375,-3386.25,2896.25
2618145,4186.875,-3101.875,3898.125
2618145,4186.875,-3101.875,3898.125
2618156,5000.625,-2660.0,5302.5
2618156,5000.625,-2660.0,5302.5
2618166,6444.375,-2506.875,6575.625
2618166,6444.375,-2506.875,6575.625
2618176,7052.5,-2489.375,7266.875
2618176,7052.5,-2489.375,7266.875
2618187,6540.625,-2598.75,7371.875
2618187,6540.625,-2598.75,7371.875
2618197,5678.75,-3128.125,6370.0
2618197,5678.75,-3128.125,6370.0
2618207,4738.125,-3565.625,4970.0
2618207,4738.125,-3565.625,4970.0
2618217,4418.75,-3710.0,3810.625
2618217,4418.75,-3710.0,3810.625
2618228,4305.0,-3705.625,2966.25
2618228,4305.0,-3705.625,2966.25
2618238,3871.875,-3635.625,2270.625
2618238,3871.875,-3635.625,2270.625
2618248,3587.5,-3963.75,1461.25
2618248,3587.5,-3963.75,1461.25
2618259,3093.125,-4186.875,739.375
2618259,3093.125,-4186.875,739.375
2618269,2979.375,-3928.75,704.375
2618269,2979.375,-3928.75,704.375
2618279,3618.125,-4068.75,564.375
2618279,3618.125,-4068.75,564.375
2618290,3399.375,-3762.5,402.5
2618290,3399.375,-3762.5,402.5
2618300,3167.5,-3640.0,301.875
2618300,3167.5,-3640.0,301.875
2618311,2651.25,-3570.0,-157.5
2618311,2651.25,-3570.0,-157.5
2618320,2747.5,-3753.75,-437.5
2618320,2747.5,-3753.75,-437.5
2618331,3500.0,-3885.0,-1220.625
2618331,3500.0,-3885.0,-1220.625
2618341,3513.125,-3775.625,-1798.125
2618341,3513.125,-3775.625,-1798.125
2618352,3806.25,-3574.375,-2275.0
2618352,3806.25,-3574.375,-2275.0
2618362,4943.75,-3972.5,-2773.75
2618362,4943.75,-3972.5,-2773.75
2618372,5670.0,-4029.375,-2572.5
2618372,5670.0,-4029.375,-2572.5
2618383,5464.375,-3469.375,-2143.75
2618383,5464.375,-3469.375,-2143.75
2618393,4593.75,-2716.875,-1754.375
2618393,4593.75,-2716.875,-1754.375
2618403,4843.125,-1596.875,-437.5
2618403,4843.125,-1596.875,-437.5
2618414,5884.375,-1238.125,1316.875
2618414,5884.375,-1238.125,1316.875
2618424,5070.625,-721.875,2384.375
2618424,5070.625,-721.875,2384.375
2618434,4764.375,17.5,3508.75
2618434,4764.375,17.5,3508.75
2618444,5110.0,-56.875,3740.625
2618444,5110.0,-56.875,3740.625
2618455,3863.125,227.5,2957.5
2618455,3863.125,227.5,2957.5
2618466,3570.0,455.0,3001.25
2618466,3570.0,455.0,3001.25
2618475,2016.875,100.625,1649.375
2618475,2016.875,100.625,1649.375
2618486,791.875,529.375,1185.625
2618486,791.875,529.375,1185.625
2618496,848.75,415.625,1662.5
2618496,848.75,415.625,1662.5
2618507,91.875,581.875,1903.125
2618507,91.875,581.875,1903.125
2618517,857.5,945.0,2541.875
2618517,857.5,945.0,2541.875
2618527,2384.375,997.5,3578.75
2618527,2384.375,997.5,3578.75
2618537,2471.875,669.375,3193.75
2618537,2471.875,669.375,3193.75
2618548,2292.5,568.75,2428.125
2618548,2292.5,568.75,2428.125
2618558,2030.0,555.625,2130.625
2618558,2030.0,555.625,2130.625
2618568,1701.875,240.625,1623.125
2618568,1701.875,240.625,1623.125
2618579,678.125,196.875,1185.625
2618579,678.125,196.875,1185.625
2618589,-319.375,245.0,1067.5
2618589,-319.375,245.0,1067.5
2618598,-822.5,288.75,1015.0
2618598,-822.5,288.75,1015.0
2618610,-1483.125,258.125,1093.75
2618610,-1483.125,258.125,1093.75
2618619,-1697.5,319.375,923.125
2618619,-1697.5,319.375,923.125
2618630,-1509.375,485.625,896.875
2618630,-1509.375,485.625,896.875
2618641,-918.75,481.25,1141.875
2618641,-918.75,481.25,1141.875
2618651,-463.75,485.625,1487.5
2618651,-463.75,485.625,1487.5
2618662,-568.75,546.875,1981.875
2618662,-568.75,546.875,1981.875
2618671,-1185.625,310.625,2340.625
2618671,-1185.625,310.625,2340.625
2618682,-1553.125,245.0,2454.375
2618682,-1553.125,245.0,2454.375
2618692,-1544.375,118.125,2533.125
2618692,-1544.375,118.125,2533.125
2618703,-1640.625,48.125,2489.375
2618703,-1640.625,48.125,2489.375
2618713,-2143.75,17.5,2318.75
2618713,-2143.75,17.5,2318.75
2618723,-2397.5,140.0,2279.375
2618723,-2397.5,140.0,2279.375
2618733,-1859.375,236.25,2493.75
2618733,-1859.375,236.25,2493.75
2618744,-1295.0,358.75,2594.375
2618744,-1295.0,358.75,2594.375
2618754,-1303.75,297.5,2664.375
2618754,-1303.75,297.5,2664.375
2618764,-1137.5,341.25,2568.125
2618764,-1137.5,341.25,2568.125
2618775,-1006.25,210.0,2288.125
2618775,-1006.25,210.0,2288.125
2618785,-962.5,144.375,1811.25
2618785,-962.5,144.375,1811.25
2618795,-468.125,74.375,1566.25
2618795,-468.125,74.375,1566.25
2618806,-17.5,-35.0,1662.5
2618806,-17.5,-35.0,1662.5
2618816,-166.25,-13.125,1780.625
2618816,-166.25,-13.125,1780.625
2618826,-358.75,70.0,1933.75
2618826,-358.75,70.0,1933.75
2618837,-175.0,13.125,1981.875
2618837,-175.0,13.125,1981.875
2618847,205.625,8.75,1981.875
2618847,205.625,8.75,1981.875
2618858,525.0,-13.125,2121.875
2618858,525.0,-13.125,2121.875
2618868,805.0,-70.0,2016.875
2618868,805.0,-70.0,2016.875
2618878,695.625,-170.625,1776.25
2618878,695.625,-170.625,1776.25
2618888,490.0,-231.875,1435.0
2618888,490.0,-231.875,1435.0
2618899,433.125,-306.25,1268.75
2618899,433.125,-306.25,1268.75
2618909,371.875,-336.875,1041.25
2618909,371.875,-336.875,1041.25
2618919,420.0,-398.125,778.75
2618919,420.0,-398.125,778.75
2618929,595.0,-503.125,612.5
2618929,595.0,-503.125,612.5
2618940,542.5,-625.625,393.75
2618940,542.5,-625.625,393.75
2618950,170.625,-625.625,21.875
2618950,170.625,-625.625,21.875
2618961,83.125,-695.625,-398.125
2618961,83.125,-695.625,-398.125
2618971,476.875,-765.625,-638.75
2618971,476.875,-765.625,-638.75
2618981,358.75,-660.625,-608.125
2618981,358.75,-660.625,-608.125
2618991,113.75,-573.125,-643.125
2618991,113.75,-573.125,-643.125
2619002,-96.25,-726.25,-879.375
2619002,-96.25,-726.25,-879.375
2619013,74.375,-721.875,-1163.75
2619013,74.375,-721.875,-1163.75
2619022,214.375,-818.125,-1190.0
2619022,214.375,-818.125,-1190.0
2619033,87.5,-879.375,-1028.125
2619033,87.5,-879.375,-1028.125
2619043,-284.375,-818.125,-1028.125
2619043,-284.375,-818.125,-1028.125
2619054,-428.75,-835.625,-1181.25
2619054,-428.75,-835.625,-1181.25
2619064,-223.125,-853.125,-1176.875
2619064,-223.125,-853.125,-1176.875
2619074,113.75,-910.0,-971.25
2619074,113.75,-910.0,-971.25
2619084,533.75,-791.875,-529.375
2619084,533.75,-791.875,-529.375
2619094,560.0,-848.75,-175.0
2619094,560.0,-848.75,-175.0
2619105,-713.125,-568.75,-65.625
2619105,-713.125,-568.75,-65.625
2619115,-1531.25,-625.625,-380.625
2619115,-1531.25,-625.625,-380.625
2619125,-896.875,-949.375,-577.5
2619125,-896.875,-949.375,-577.5
2619136,-599.375,-888.125,-455.0
2619136,-599.375,-888.125,-455.0
2619146,-608.125,-844.375,-148.75
2619146,-608.125,-844.375,-148.75
2619157,-30.625,-910.0,-96.25
2619157,-30.625,-910.0,-96.25
2619166,463.75,-708.75,157.5
2619166,463.75,-708.75,157.5
2619177,35.0,-625.625,367.5
2619177,35.0,-625.625,367.5
2619187,-1010.625,-625.625,-26.25
2619187,-1010.625,-625.625,-26.25
2619198,-1531.25,-901.25,-686.875
2619198,-1531.25,-901.25,-686.875
2619208,-1264.375,-1141.875,-914.375
2619208,-1264.375,-1141.875,-914.375
2619218,-603.75,-1233.75,-888.125
2619218,-603.75,-1233.75,-888.125
2619229,-328.125,-1264.375,-980.0
2619229,-328.125,-1264.375,-980.0
2619239,-739.375,-1255.625,-861.875
2619239,-739.375,-1255.625,-861.875
2619249,-1833.125,-1001.875,-450.625
2619249,-1833.125,-1001.875,-450.625
2619260,-2450.0,-700.0,-437.5
2619260,-2450.0,-700.0,-437.5
2619270,-1487.5,-586.25,-713.125
2619270,-1487.5,-586.25,-713.125
2619280,-266.875,-608.125,-682.5
2619280,-266.875,-608.125,-682.5
2619290,686.875,-634.375,-910.0
2619290,686.875,-634.375,-910.0
2619301,1220.625,-791.875,-1146.25
2619301,1220.625,-791.875,-1146.25
2619311,1102.5,-1085.0,-1365.0
2619311,1102.5,-1085.0,-1365.0
2619321,376.25,-1036.875,-1588.125
2619321,376.25,-1036.875,-1588.125
2619332,-367.5,-1032.5,-1701.875
2619332,-367.5,-1032.5,-1701.875
2619342,-686.875,-1128.75,-1938.125
2619342,-686.875,-1128.75,-1938.125
2619353,-844.375,-1141.875,-1898.75
2619353,-844.375,-1141.875,-1898.75
2619363,-761.25,-1211.875,-1623.125
2619363,-761.25,-1211.875,-1623.125
2619373,-914.375,-1098.125,-1316.875
2619373,-914.375,-1098.125,-1316.875
2619383,-1338.75,-1001.875,-1242.5
2619383,-1338.75,-1001.875,-1242.5
2619394,-1391.25,-791.875,-1216.25
2619394,-1391.25,-791.875,-1216.25
2619404,-1019.375,-796.25,-1360.625
2619404,-1019.375,-796.25,-1360.625
2619414,-332.5,-818.125,-1251.25
2619414,-332.5,-818.125,-1251.25
2619424,-385.0,-678.125,-1063.125
2619424,-385.0,-678.125,-1063.125
2619435,-214.375,-748.125,-726.25
2619435,-214.375,-748.125,-726.25
2619445,634.375,-708.75,-227.5
2619445,634.375,-708.75,-227.5
2619456,735.0,-437.5,266.875
2619456,735.0,-437.5,266.875
2619466,516.25,-437.5,-4.375
2619466,516.25,-437.5,-4.375
2619477,196.875,-669.375,-350.0
2619477,196.875,-669.375,-350.0
2619486,-249.375,-752.5,-245.0
2619486,-249.375,-752.5,-245.0
2619497,0.0,-695.625,-78.75
2619497,0.0,-695.625,-78.75
2619507,258.125,-665.0,109.375
2619507,258.125,-665.0,109.375
2619518,61.25,-638.75,109.375
2619518,61.25,-638.75,109.375
2619528,-393.75,-446.25,-17.5
2619528,-393.75,-446.25,-17.5
2619537,-21.875,-459.375,-240.625
2619537,-21.875,-459.375,-240.625
2619549,126.875,-507.5,-380.625
2619549,126.875,-507.5,-380.625
2619559,498.75,-564.375,-350.0
2619559,498.75,-564.375,-350.0
2619569,651.875,-546.875,-336.875
2619569,651.875,-546.875,-336.875
2619579,590.625,-406.875,-350.0
2619579,590.625,-406.875,-350.0
2619590,393.75,-415.625,-161.875
2619590,393.75,-415.625,-161.875
2619600,48.125,-433.125,-87.5
2619600,48.125,-433.125,-87.5
2619610,13.125,-402.5,-56.875
2619610,13.125,-402.5,-56.875
2619621,140.0,-380.625,-83.125
2619621,140.0,-380.625,-83.125
2619631,411.25,-363.125,-144.375
2619631,411.25,-363.125,-144.375
2619641,297.5,-380.625,-118.125
2619641,297.5,-380.625,-118.125
2619652,-96.25,-446.25,-253.75
2619652,-96.25,-446.25,-253.75
2619662,-48.125,-459.375,-363.125
2619662,-48.125,-459.375,-363.125
2619673,205.625,-476.875,-511.875
2619673,205.625,-476.875,-511.875
2619683,205.625,-520.625,-476.875
2619683,205.625,-520.625,-476.875
2619693,389.375,-581.875,-433.125
2619693,389.375,-581.875,-433.125
2619703,56.875,-498.75,-389.375
2619703,56.875,-498.75,-389.375
2619713,-65.625,-581.875,-389.375
2619713,-65.625,-581.875,-389.375
2619724,-48.125,-660.625,-336.875
2619724,-48.125,-660.625,-336.875
2619734,8.75,-669.375,-297.5
2619734,8.75,-669.375,-297.5
2619745,70.0,-651.875,-245.0
2619745,70.0,-651.875,-245.0
2619755,-56.875,-612.5,-293.125
2619755,-56.875,-612.5,-293.125
2619765,-78.75,-595.0,-350.0
2619765,-78.75,-595.0,-350.0
2619775,192.5,-651.875,-437.5
2619775,192.5,-651.875,-437.5
2619786,450.625,-511.875,-402.5
2619786,450.625,-511.875,-402.5
2619796,371.875,-577.5,-214.375
2619796,371.875,-577.5,-214.375
2619806,323.75,-621.25,-70.0
2619806,323.75,-621.25,-70.0
2619817,-48.125,-595.0,65.625
2619817,-48.125,-595.0,65.625
2619828,-126.875,-564.375,-227.5
2619828,-126.875,-564.375,-227.5
2619837,-157.5,-669.375,-214.375
2619837,-157.5,-669.375,-214.375
2619848,301.875,-595.0,-148.75
2619848,301.875,-595.0,-148.75
2619858,905.625,-533.75,-48.125
2619858,905.625,-533.75,-48.125
2619869,752.5,-511.875,74.375
2619869,752.5,-511.875,74.375
2619879,-367.5,-415.625,56.875
2619879,-367.5,-415.625,56.875
2619888,-577.5,-612.5,21.875
2619888,-577.5,-612.5,21.875
2619899,-240.625,-686.875,157.5
2619899,-240.625,-686.875,157.5
2619910,-476.875,-376.25,91.875
2619910,-476.875,-376.25,91.875
2619920,-266.875,-529.375,-231.875
2619920,-266.875,-529.375,-231.875
2619930,507.5,-739.375,-507.5
2619930,507.5,-739.375,-507.5
2619941,1111.25,-630.0,78.75
2619941,1111.25,-630.0,78.75
2619951,490.0,-406.875,621.25
2619951,490.0,-406.875,621.25
2619961,-170.625,-498.75,380.625
2619961,-170.625,-498.75,380.625
2619972,-393.75,-590.625,113.75
2619972,-393.75,-590.625,113.75
2619982,-376.25,-870.625,-297.5
2619982,-376.25,-870.625,-297.5
2619992,-643.125,-1036.875,-700.0
2619992,-643.125,-1036.875,-700.0
2620002,-1185.625,-1141.875,-988.75
2620002,-1185.625,-1141.875,-988.75
2620013,-1745.625,-1010.625,-853.125
2620013,-1745.625,-1010.625,-853.125
2620023,-1863.75,-678.125,-621.25
2620023,-1863.75,-678.125,-621.25
2620033,-1330.0,-555.625,-363.125
2620033,-1330.0,-555.625,-363.125
2620043,-656.25,-485.625,-332.5
2620043,-656.25,-485.625,-332.5
2620054,-315.0,-385.0,-665.0
2620054,-315.0,-385.0,-665.0
2620065,-205.625,-367.5,-940.625
2620065,-205.625,-367.5,-940.625
2620075,-166.25,-358.75,-1225.0
2620075,-166.25,-358.75,-1225.0
2620085,-21.875,-389.375,-1522.5
2620085,-21.875,-389.375,-1522.5
2620095,122.5,-568.75,-1443.75
2620095,122.5,-568.75,-1443.75
2620106,-354.375,-616.875,-1111.25
2620106,-354.375,-616.875,-1111.25
2620116,-704.375,-691.25,-765.625
2620116,-704.375,-691.25,-765.625
2620126,-1045.625,-542.5,-573.125
2620126,-1045.625,-542.5,-573.125
2620137,-1461.25,-503.125,-363.125
2620137,-1461.25,-503.125,-363.125
2620146,-1758.75,-455.0,-533.75
2620146,-1758.75,-455.0,-533.75
2620157,-1868.125,-437.5,-826.875
2620157,-1868.125,-437.5,-826.875
2620168,-1693.125,-472.5,-914.375
2620168,-1693.125,-472.5,-914.375
2620178,-1570.625,-262.5,-621.25
2620178,-1570.625,-262.5,-621.25
2620188,-1036.875,-61.25,-83.125
2620188,-1036.875,-61.25,-83.125
2620198,-643.125,166.25,494.375
2620198,-643.125,166.25,494.375
2620209,-1185.625,236.25,857.5
2620209,-1185.625,236.25,857.5
2620220,-1050.0,26.25,835.625
2620220,-1050.0,26.25,835.625
2620229,-1023.75,13.125,678.125
2620229,-1023.75,13.125,678.125
2620240,-1513.75,-135.625,105.0
2620240,-1513.75,-135.625,105.0
2620250,-2161.25,-420.0,-686.875
2620250,-2161.25,-420.0,-686.875
2620261,-2651.25,-533.75,-1036.875
2620261,-2651.25,-533.75,-1036.875
2620271,-2878.75,-643.125,-1010.625
2620271,-2878.75,-643.125,-1010.625
2620281,-3071.25,-748.125,-1264.375
2620281,-3071.25,-748.125,-1264.375
2620292,-3430.0,-805.0,-1255.625
2620292,-3430.0,-805.0,-1255.625
