2633383,105.0,-43.75,-35.0
2633383,105.0,-43.75,-35.0
2633394,4.375,-26.25,-21.875
2633394,4.375,-26.25,-21.875
2633546,-52.5,-8.75,-13.125
2633546,-52.5,-8.75,-13.125
2633556,-43.75,0.0,-8.75
2633556,-43.75,0.0,-8.75
2633708,-43.75,-8.75,-26.25
2633708,-43.75,-8.75,-26.25
2633717,-78.75,-4.375,-13.125
2633717,-78.75,-4.375,-13.125
2633869,0.0,-30.625,-30.625
2633869,0.0,-30.625,-30.625
2633879,4.375,-17.5,-30.625
2633879,4.375,-17.5,-30.625
2634030,-56.875,-35.0,-56.875
2634030,-56.875,-35.0,-56.875
2634040,-35.0,-35.0,-52.5
2634040,-35.0,-35.0,-52.5
2634192,-56.875,-21.875,-17.5
2634192,-56.875,-21.875,-17.5
2634201,-109.375,-17.5,-8.75
2634201,-109.375,-17.5,-8.75
2634353,-78.75,0.0,-13.125
2634353,-78.75,0.0,-13.125
2634363,-43.75,-13.125,-21.875
2634363,-43.75,-13.125,-21.875
2634515,4.375,-17.5,-13.125
2634515,4.375,-17.5,-13.125
2634525,-26.25,-8.75,-13.125
2634525,-26.25,-8.75,-13.125
2634675,-17.5,-17.5,-21.875
2634675,-17.5,-17.5,-21.875
2634686,-52.5,-17.5,-21.875
2634686,-52.5,-17.5,-21.875
2634696,-61.25,-8.75,-26.25
2634696,-61.25,-8.75,-26.25
2634706,-56.875,-4.375,-30.625
2634706,-56.875,-4.375,-30.625
2635353,-43.75,1356.25,1903.125
2635353,-43.75,1356.25,1903.125
2635362,-227.5,1605.625,2113.125
2635362,-227.5,1605.625,2113.125
2635554,-20658.75,-8141.875,2506.875
2635554,-20658.75,-8141.875,2506.875
2635564,-17539.375,-6676.25,1421.875
2635564,-17539.375,-6676.25,1421.875
2635715,-16113.125,1798.125,-7315.0
2635715,-16113.125,1798.125,-7315.0
2635725,-14341.25,-336.875,-7516.25
2635725,-14341.25,-336.875,-7516.25
2635877,-1461.25,-3508.75,-4366.25
2635877,-1461.25,-3508.75,-4366.25
2635887,-1456.875,-2393.125,-4182.5
2635887,-1456.875,-2393.125,-4182.5
2636038,-2318.75,3963.75,-1408.75
2636038,-2318.75,3963.75,-1408.75
2636048,-2069.375,4471.25,-1330.0
2636048,-2069.375,4471.25,-1330.0
2636200,-4991.875,5827.5,70.0
2636200,-4991.875,5827.5,70.0
2636210,-4983.125,5823.125,-153.125
2636210,-4983.125,5823.125,-153.125
2636301,-3145.625,3871.875,-140.0
2636301,-3145.625,3871.875,-140.0
2636311,-2616.25,3434.375,-122.5
2636311,-2616.25,3434.375,-122.5
2636462,-555.625,-148.75,1106.875
2636462,-555.625,-148.75,1106.875
2636472,-468.125,-56.875,962.5
2636472,-468.125,-56.875,962.5
2636634,122.5,135.625,-468.125
2636634,122.5,135.625,-468.125
2636644,153.125,126.875,-428.75
2636644,153.125,126.875,-428.75
