2626265,-5359.375,354.375,-2668.75
2626265,-5359.375,354.375,-2668.75
2626276,-5757.5,1347.5,-3171.875
2626276,-5757.5,1347.5,-3171.875
2626286,-2922.5,1990.625,-1859.375
2626286,-2922.5,1990.625,-1859.375
2626297,231.875,2358.125,-266.875
2626297,231.875,2358.125,-266.875
2626307,1925.0,2800.0,1732.5
2626307,1925.0,2800.0,1732.5
2626317,2463.125,2948.75,3508.75
2626317,2463.125,2948.75,3508.75
2626327,1911.875,2830.625,4221.875
2626327,1911.875,2830.625,4221.875
2626338,822.5,2205.0,3998.75
2626338,822.5,2205.0,3998.75
2626348,529.375,1715.0,3066.875
2626348,529.375,1715.0,3066.875
2626358,520.625,1715.0,2813.125
2626358,520.625,1715.0,2813.125
2626369,765.625,1911.875,2813.125
2626369,765.625,1911.875,2813.125
2626379,1356.25,2568.125,3010.0
2626379,1356.25,2568.125,3010.0
2626389,1903.125,3023.125,3434.375
2626389,1903.125,3023.125,3434.375
2626400,2708.125,3093.125,3430.0
2626400,2708.125,3093.125,3430.0
2626410,2887.5,3482.5,3154.375
2626410,2887.5,3482.5,3154.375
2626420,3920.0,4401.25,3058.125
2626420,3920.0,4401.25,3058.125
2626430,3736.25,5298.125,3097.5
2626430,3736.25,5298.125,3097.5
2626441,3088.75,4698.75,1500.625
2626441,3088.75,4698.75,1500.625
2626452,3080.0,3250.625,-1089.375
2626452,3080.0,3250.625,-1089.375
2626461,2336.25,2314.375,-4326.875
2626461,2336.25,2314.375,-4326.875
2626472,2318.75,4182.5,-4038.125
2626472,2318.75,4182.5,-4038.125
2626482,5228.125,4042.5,-1999.375
2626482,5228.125,4042.5,-1999.375
2626492,1833.125,4628.75,-1133.125
2626492,1833.125,4628.75,-1133.125
2626502,901.25,3780.0,-1684.375
2626502,901.25,3780.0,-1684.375
2626513,-625.625,4956.875,-1649.375
2626513,-625.625,4956.875,-1649.375
2626523,-2979.375,5215.0,-2401.875
2626523,-2979.375,5215.0,-2401.875
2626534,-2940.0,3775.625,-4068.75
2626534,-2940.0,3775.625,-4068.75
2626544,-2275.0,4506.25,-3596.25
2626544,-2275.0,4506.25,-3596.25
2626554,-389.375,4025.0,-1820.0
2626554,-389.375,4025.0,-1820.0
2626565,-411.25,4917.5,1312.5
2626565,-411.25,4917.5,1312.5
2626575,-271.25,6033.125,2738.75
2626575,-271.25,6033.125,2738.75
2626585,161.875,5442.5,2585.625
2626585,161.875,5442.5,2585.625
2626595,-1745.625,4361.875,1548.75
2626595,-1745.625,4361.875,1548.75
2626606,-3675.0,4051.25,1933.75
2626606,-3675.0,4051.25,1933.75
2626616,-3027.5,3898.125,3185.0
2626616,-3027.5,3898.125,3185.0
2626626,-2555.0,3749.375,2931.25
2626626,-2555.0,3749.375,2931.25
2626637,-4440.625,3255.0,1260.0
2626637,-4440.625,3255.0,1260.0
2626647,-5766.25,2935.625,-223.125
2626647,-5766.25,2935.625,-223.125
2626657,-6160.0,2445.625,-1557.5
2626657,-6160.0,2445.625,-1557.5
2626668,-6295.625,1710.625,-2340.625
2626668,-6295.625,1710.625,-2340.625
2626678,-5971.875,1080.625,-2095.625
2626678,-5971.875,1080.625,-2095.625
2626688,-5123.125,131.25,-1728.125
2626688,-5123.125,131.25,-1728.125
2626699,-4095.0,-665.0,-1605.625
2626699,-4095.0,-665.0,-1605.625
2626709,-3005.625,-1190.0,-1408.75
2626709,-3005.625,-1190.0,-1408.75
2626719,-1942.5,-1605.625,-730.625
2626719,-1942.5,-1605.625,-730.625
2626729,-2034.375,-1876.875,-253.75
2626729,-2034.375,-1876.875,-253.75
2626740,-2428.125,-1728.125,-511.875
2626740,-2428.125,-1728.125,-511.875
2626750,-2065.0,-1986.25,-450.625
2626750,-2065.0,-1986.25,-450.625
2626761,-1360.625,-1824.375,52.5
2626761,-1360.625,-1824.375,52.5
2626771,-542.5,-1461.25,608.125
2626771,-542.5,-1461.25,608.125
2626781,713.125,-1535.625,1172.5
2626781,713.125,-1535.625,1172.5
2626792,1045.625,-1828.75,1159.375
2626792,1045.625,-1828.75,1159.375
2626802,555.625,-2025.625,328.125
2626802,555.625,-2025.625,328.125
2626812,91.875,-2323.125,-376.25
2626812,91.875,-2323.125,-376.25
2626823,-319.375,-2638.125,-840.0
2626823,-319.375,-2638.125,-840.0
2626833,192.5,-3097.5,-826.875
2626833,192.5,-3097.5,-826.875
2626843,1553.125,-3010.0,109.375
2626843,1553.125,-3010.0,109.375
2626853,3386.25,-2865.625,1483.125
2626853,3386.25,-2865.625,1483.125
2626864,4182.5,-2730.0,2541.875
2626864,4182.5,-2730.0,2541.875
2626873,4908.75,-2769.375,3618.125
2626873,4908.75,-2769.375,3618.125
2626884,5223.75,-2843.75,4331.25
2626884,5223.75,-2843.75,4331.25
2626895,5556.25,-3228.75,4751.25
2626895,5556.25,-3228.75,4751.25
2626905,6623.75,-3736.25,5254.375
2626905,6623.75,-3736.25,5254.375
2626916,7376.25,-3946.25,4856.25
2626916,7376.25,-3946.25,4856.25
2626926,7713.125,-3911.25,3858.75
2626926,7713.125,-3911.25,3858.75
2626936,7275.625,-4178.125,2196.25
2626936,7275.625,-4178.125,2196.25
2626947,6531.875,-4055.625,415.625
2626947,6531.875,-4055.625,415.625
2626957,6413.75,-3386.25,-450.625
2626957,6413.75,-3386.25,-450.625
2626967,6558.125,-2423.75,-30.625
2626967,6558.125,-2423.75,-30.625
2626977,7389.375,-2047.5,953.75
2626977,7389.375,-2047.5,953.75
2626988,8745.625,-2065.0,2113.125
2626988,8745.625,-2065.0,2113.125
2626998,9301.25,-2336.25,2856.875
2626998,9301.25,-2336.25,2856.875
2627008,8592.5,-2896.25,2751.875
2627008,8592.5,-2896.25,2751.875
2627019,7441.875,-3180.625,2244.375
2627019,7441.875,-3180.625,2244.375
2627029,5166.875,-3438.75,1575.0
2627029,5166.875,-3438.75,1575.0
2627038,3123.75,-3666.25,218.75
2627038,3123.75,-3666.25,218.75
2627050,2301.25,-3574.375,-555.625
2627050,2301.25,-3574.375,-555.625
2627060,2130.625,-2721.25,-310.625
2627060,2130.625,-2721.25,-310.625
2627070,2550.625,-2043.125,-100.625
2627070,2550.625,-2043.125,-100.625
2627080,2590.0,-1076.25,358.75
2627080,2590.0,-1076.25,358.75
2627091,2940.0,-1736.875,70.0
2627091,2940.0,-1736.875,70.0
2627101,1653.75,-1754.375,-748.125
2627101,1653.75,-1754.375,-748.125
2627111,826.875,-1561.875,-621.25
2627111,826.875,-1561.875,-621.25
2627122,140.0,-1124.375,-227.5
2627122,140.0,-1124.375,-227.5
2627132,83.125,-1146.25,-468.125
2627132,83.125,-1146.25,-468.125
2627143,923.125,-805.0,-616.875
2627143,923.125,-805.0,-616.875
2627153,1833.125,-236.25,-113.75
2627153,1833.125,-236.25,-113.75
2627163,966.875,61.25,170.625
2627163,966.875,61.25,170.625
2627173,-157.5,8.75,-30.625
2627173,-157.5,8.75,-30.625
2627184,-573.125,-30.625,-113.75
2627184,-573.125,-30.625,-113.75
2627194,-853.125,-205.625,-332.5
2627194,-853.125,-205.625,-332.5
2627204,-1058.75,-621.25,-1080.625
2627204,-1058.75,-621.25,-1080.625
2627215,-1334.375,-980.0,-1763.125
2627215,-1334.375,-980.0,-1763.125
2627225,-1251.25,-1093.75,-2108.75
2627225,-1251.25,-1093.75,-2108.75
2627235,-1163.75,-1063.125,-2213.75
2627235,-1163.75,-1063.125,-2213.75
2627246,-708.75,-1001.875,-2170.0
2627246,-708.75,-1001.875,-2170.0
2627256,393.75,-853.125,-2148.125
2627256,393.75,-853.125,-2148.125
2627266,1435.0,-822.5,-1868.125
2627266,1435.0,-822.5,-1868.125
2627277,1662.5,-791.875,-1802.5
2627277,1662.5,-791.875,-1802.5
2627287,1281.875,-791.875,-2384.375
2627287,1281.875,-791.875,-2384.375
2627297,1185.625,-905.625,-3093.125
2627297,1185.625,-905.625,-3093.125
2627308,1098.125,-936.25,-3316.25
2627308,1098.125,-936.25,-3316.25
2627318,739.375,-910.0,-3167.5
2627318,739.375,-910.0,-3167.5
2627328,78.75,-879.375,-3010.0
2627328,78.75,-879.375,-3010.0
2627339,-1474.375,-595.0,-3167.5
2627339,-1474.375,-595.0,-3167.5
2627349,-2690.625,-498.75,-3495.625
2627349,-2690.625,-498.75,-3495.625
2627359,-3163.125,-551.25,-3552.5
2627359,-3163.125,-551.25,-3552.5
2627369,-3246.25,-459.375,-3145.625
2627369,-3246.25,-459.375,-3145.625
2627380,-3220.0,-376.25,-2541.875
2627380,-3220.0,-376.25,-2541.875
2627390,-3303.125,-245.0,-2069.375
2627390,-3303.125,-245.0,-2069.375
2627400,-3605.0,-113.75,-1964.375
2627400,-3605.0,-113.75,-1964.375
2627411,-3640.0,-109.375,-1951.25
2627411,-3640.0,-109.375,-1951.25
2627421,-3701.25,-245.0,-1789.375
2627421,-3701.25,-245.0,-1789.375
2627431,-3600.625,-568.75,-1500.625
2627431,-3600.625,-568.75,-1500.625
2627442,-2524.375,-844.375,-1010.625
2627442,-2524.375,-844.375,-1010.625
2627452,-1509.375,-835.625,-336.875
2627452,-1509.375,-835.625,-336.875
2627463,-1631.875,-879.375,-118.125
2627463,-1631.875,-879.375,-118.125
2627473,-2174.375,-861.875,-275.625
2627473,-2174.375,-861.875,-275.625
2627483,-2345.0,-953.75,-376.25
2627483,-2345.0,-953.75,-376.25
2627493,-2047.5,-1093.75,-315.0
2627493,-2047.5,-1093.75,-315.0
2627504,-1649.375,-1080.625,-157.5
2627504,-1649.375,-1080.625,-157.5
2627514,-1085.0,-984.375,161.875
2627514,-1085.0,-984.375,161.875
2627524,-857.5,-888.125,437.5
2627524,-857.5,-888.125,437.5
2627535,-1308.125,-713.125,616.875
2627535,-1308.125,-713.125,616.875
2627545,-888.125,-800.625,647.5
2627545,-888.125,-800.625,647.5
2627555,-700.0,-1351.875,-13.125
2627555,-700.0,-1351.875,-13.125
2627565,-546.875,-805.0,118.125
2627565,-546.875,-805.0,118.125
2627576,590.625,-577.5,695.625
2627576,590.625,-577.5,695.625
2627586,1159.375,-599.375,1185.625
2627586,1159.375,-599.375,1185.625
2627596,945.0,-525.0,1369.375
2627596,945.0,-525.0,1369.375
2627606,735.0,-481.25,1456.875
2627606,735.0,-481.25,1456.875
2627617,643.125,-555.625,1268.75
2627617,643.125,-555.625,1268.75
2627627,616.875,-621.25,1041.25
2627627,616.875,-621.25,1041.25
2627638,713.125,-704.375,630.0
2627638,713.125,-704.375,630.0
2627648,888.125,-739.375,266.875
2627648,888.125,-739.375,266.875
2627659,1019.375,-958.125,17.5
2627659,1019.375,-958.125,17.5
2627669,809.375,-945.0,-266.875
2627669,809.375,-945.0,-266.875
2627679,529.375,-844.375,-402.5
2627679,529.375,-844.375,-402.5
2627689,651.875,-743.75,-498.75
2627689,651.875,-743.75,-498.75
2627700,840.0,-800.625,-608.125
2627700,840.0,-800.625,-608.125
2627710,993.125,-809.375,-529.375
2627710,993.125,-809.375,-529.375
2627720,1093.75,-822.5,-560.0
2627720,1093.75,-822.5,-560.0
2627730,901.25,-800.625,-638.75
2627730,901.25,-800.625,-638.75
2627741,428.75,-761.25,-844.375
2627741,428.75,-761.25,-844.375
2627751,240.625,-774.375,-857.5
2627751,240.625,-774.375,-857.5
2627761,310.625,-708.75,-787.5
2627761,310.625,-708.75,-787.5
2627772,367.5,-704.375,-551.25
2627772,367.5,-704.375,-551.25
2627782,358.75,-634.375,-476.875
2627782,358.75,-634.375,-476.875
2627792,262.5,-700.0,-472.5
2627792,262.5,-700.0,-472.5
2627803,122.5,-831.25,-481.25
2627803,122.5,-831.25,-481.25
2627814,-144.375,-835.625,-525.0
2627814,-144.375,-835.625,-525.0
2627823,-118.125,-735.0,-551.25
2627823,-118.125,-735.0,-551.25
2627833,-105.0,-730.625,-608.125
2627833,-105.0,-730.625,-608.125
2627844,-157.5,-656.25,-367.5
2627844,-157.5,-656.25,-367.5
2627854,96.25,-695.625,-166.25
2627854,96.25,-695.625,-166.25
2627865,205.625,-542.5,-26.25
2627865,205.625,-542.5,-26.25
2627875,468.125,-459.375,236.25
2627875,468.125,-459.375,236.25
2627885,323.75,-520.625,275.625
2627885,323.75,-520.625,275.625
2627895,-52.5,-476.875,175.0
2627895,-52.5,-476.875,175.0
2627905,65.625,-503.125,105.0
2627905,65.625,-503.125,105.0
2627916,564.375,-463.75,205.625
2627916,564.375,-463.75,205.625
2627927,402.5,-319.375,393.75
2627927,402.5,-319.375,393.75
2627937,-126.875,-376.25,459.375
2627937,-126.875,-376.25,459.375
2627947,341.25,-669.375,538.125
2627947,341.25,-669.375,538.125
2627957,336.875,-599.375,612.5
2627957,336.875,-599.375,612.5
2627969,223.125,-643.125,113.75
2627969,223.125,-643.125,113.75
2627978,463.75,-739.375,-336.875
2627978,463.75,-739.375,-336.875
2627988,1050.0,-822.5,-231.875
2627988,1050.0,-822.5,-231.875
2627999,1452.5,-485.625,490.0
2627999,1452.5,-485.625,490.0
2628009,971.25,-380.625,1032.5
2628009,971.25,-380.625,1032.5
2628019,0.0,-437.5,713.125
2628019,0.0,-437.5,713.125
2628030,-210.0,-507.5,218.75
2628030,-210.0,-507.5,218.75
2628040,-328.125,-669.375,-332.5
2628040,-328.125,-669.375,-332.5
2628050,-783.125,-1036.875,-993.125
2628050,-783.125,-1036.875,-993.125
2628061,-1575.0,-1124.375,-1233.75
2628061,-1575.0,-1124.375,-1233.75
2628071,-1986.25,-975.625,-787.5
2628071,-1986.25,-975.625,-787.5
2628081,-1570.625,-682.5,-96.25
2628081,-1570.625,-682.5,-96.25
2628092,-665.0,-437.5,393.75
2628092,-665.0,-437.5,393.75
2628102,271.25,-450.625,551.25
2628102,271.25,-450.625,551.25
2628112,923.125,-520.625,157.5
2628112,923.125,-520.625,157.5
2628123,1067.5,-673.75,-262.5
2628123,1067.5,-673.75,-262.5
2628133,748.125,-791.875,-879.375
2628133,748.125,-791.875,-879.375
2628143,695.625,-949.375,-1181.25
2628143,695.625,-949.375,-1181.25
2628154,380.625,-975.625,-1098.125
2628154,380.625,-975.625,-1098.125
2628164,-39.375,-1176.875,-875.0
2628164,-39.375,-1176.875,-875.0
2628174,-371.875,-1159.375,-743.75
2628174,-371.875,-1159.375,-743.75
2628184,-800.625,-1128.75,-879.375
2628184,-800.625,-1128.75,-879.375
2628195,-844.375,-1185.625,-905.625
2628195,-844.375,-1185.625,-905.625
2628205,-853.125,-1015.0,-717.5
2628205,-853.125,-1015.0,-717.5
2628215,-848.75,-910.0,-542.5
2628215,-848.75,-910.0,-542.5
2628226,-735.0,-778.75,-363.125
2628226,-735.0,-778.75,-363.125
2628236,-385.0,-809.375,-275.625
2628236,-385.0,-809.375,-275.625
2628246,135.625,-761.25,-91.875
2628246,135.625,-761.25,-91.875
2628257,459.375,-542.5,70.0
2628257,459.375,-542.5,70.0
2628267,161.875,-599.375,8.75
2628267,161.875,-599.375,8.75
2628277,26.25,-643.125,13.125
2628277,26.25,-643.125,13.125
2628288,700.0,-538.125,249.375
2628288,700.0,-538.125,249.375
2628298,1015.0,-389.375,700.0
2628298,1015.0,-389.375,700.0
2628308,433.125,-529.375,420.0
2628308,433.125,-529.375,420.0
2628319,-695.625,-686.875,-459.375
2628319,-695.625,-686.875,-459.375
2628329,-984.375,-787.5,-708.75
2628329,-984.375,-787.5,-708.75
2628339,-704.375,-735.0,-402.5
2628339,-704.375,-735.0,-402.5
2628350,-371.875,-713.125,183.75
2628350,-371.875,-713.125,183.75
2628360,-345.625,-739.375,446.25
2628360,-345.625,-739.375,446.25
2628370,-682.5,-533.75,183.75
2628370,-682.5,-533.75,183.75
2628381,-805.0,-643.125,-345.625
2628381,-805.0,-643.125,-345.625
2628391,-577.5,-682.5,-673.75
2628391,-577.5,-682.5,-673.75
2628401,70.0,-656.25,-476.875
2628401,70.0,-656.25,-476.875
2628411,643.125,-678.125,-65.625
2628411,643.125,-678.125,-65.625
2628422,787.5,-551.25,323.75
2628422,787.5,-551.25,323.75
2628432,280.0,-446.25,406.875
2628432,280.0,-446.25,406.875
2628443,-30.625,-446.25,-56.875
2628443,-30.625,-446.25,-56.875
2628453,-192.5,-608.125,-323.75
2628453,-192.5,-608.125,-323.75
2628463,78.75,-643.125,-275.625
2628463,78.75,-643.125,-275.625
2628473,284.375,-726.25,-153.125
2628473,284.375,-726.25,-153.125
2628484,323.75,-770.0,-100.625
2628484,323.75,-770.0,-100.625
2628494,118.125,-634.375,126.875
2628494,118.125,-634.375,126.875
2628504,-30.625,-568.75,78.75
2628504,-30.625,-568.75,78.75
2628515,-520.625,-590.625,-13.125
2628515,-520.625,-590.625,-13.125
2628525,-205.625,-647.5,-223.125
2628525,-205.625,-647.5,-223.125
2628535,43.75,-634.375,-376.25
2628535,43.75,-634.375,-376.25
2628546,-56.875,-616.875,-363.125
2628546,-56.875,-616.875,-363.125
2628556,380.625,-621.25,-231.875
2628556,380.625,-621.25,-231.875
2628566,625.625,-673.75,131.25
2628566,625.625,-673.75,131.25
2628577,511.875,-542.5,83.125
2628577,511.875,-542.5,83.125
2628587,223.125,-551.25,-118.125
2628587,223.125,-551.25,-118.125
2628597,161.875,-503.125,-271.25
2628597,161.875,-503.125,-271.25
2628607,319.375,-673.75,-258.125
2628607,319.375,-673.75,-258.125
2628618,332.5,-735.0,-218.75
2628618,332.5,-735.0,-218.75
2628628,498.75,-735.0,43.75
2628628,498.75,-735.0,43.75
2628638,704.375,-726.25,148.75
2628638,704.375,-726.25,148.75
2628649,485.625,-638.75,201.25
2628649,485.625,-638.75,201.25
2628659,271.25,-686.875,218.75
2628659,271.25,-686.875,218.75
2628670,52.5,-616.875,17.5
2628670,52.5,-616.875,17.5
2628680,39.375,-726.25,-170.625
2628680,39.375,-726.25,-170.625
2628690,245.0,-651.875,-105.0
2628690,245.0,-651.875,-105.0
2628700,463.75,-612.5,161.875
2628700,463.75,-612.5,161.875
2628711,638.75,-625.625,507.5
2628711,638.75,-625.625,507.5
2628721,586.25,-568.75,433.125
2628721,586.25,-568.75,433.125
2628731,520.625,-586.25,301.875
2628731,520.625,-586.25,301.875
2628742,380.625,-581.875,210.0
2628742,380.625,-581.875,210.0
2628752,310.625,-643.125,214.375
2628752,310.625,-643.125,214.375
2628762,805.0,-573.125,389.375
2628762,805.0,-573.125,389.375
2628773,774.375,-428.75,691.25
2628773,774.375,-428.75,691.25
2628783,122.5,-328.125,678.125
2628783,122.5,-328.125,678.125
2628793,-236.25,-546.875,485.625
2628793,-236.25,-546.875,485.625
2628803,-140.0,-700.0,660.625
2628803,-140.0,-700.0,660.625
2628814,-48.125,-564.375,494.375
2628814,-48.125,-564.375,494.375
2628824,-288.75,-621.25,43.75
2628824,-288.75,-621.25,43.75
2628834,-126.875,-800.625,-266.875
2628834,-126.875,-800.625,-266.875
2628845,634.375,-791.875,-13.125
2628845,634.375,-791.875,-13.125
2628855,1233.75,-638.75,910.0
2628855,1233.75,-638.75,910.0
2628866,752.5,-472.5,1260.0
2628866,752.5,-472.5,1260.0
2628876,284.375,-485.625,1203.125
2628876,284.375,-485.625,1203.125
2628886,249.375,-551.25,1238.125
2628886,249.375,-551.25,1238.125
2628896,-214.375,-730.625,910.0
2628896,-214.375,-730.625,910.0
2628907,-1050.0,-896.875,511.875
2628907,-1050.0,-896.875,511.875
2628917,-1780.625,-962.5,288.75
2628917,-1780.625,-962.5,288.75
2628927,-1977.5,-761.25,673.75
2628927,-1977.5,-761.25,673.75
2628938,-1610.0,-354.375,1518.125
2628938,-1610.0,-354.375,1518.125
2628948,-809.375,-83.125,2038.75
2628948,-809.375,-83.125,2038.75
2628958,223.125,91.875,2253.125
2628958,223.125,91.875,2253.125
2628969,853.125,-153.125,1863.75
2628969,853.125,-153.125,1863.75
2628979,721.875,-336.875,1382.5
2628979,721.875,-336.875,1382.5
2628989,455.0,-507.5,997.5
2628989,455.0,-507.5,997.5
2629000,336.875,-599.375,966.875
2629000,336.875,-599.375,966.875
2629010,56.875,-735.0,1115.625
2629010,56.875,-735.0,1115.625
2629021,-297.5,-735.0,1207.5
2629021,-297.5,-735.0,1207.5
2629031,-818.125,-796.25,1347.5
2629031,-818.125,-796.25,1347.5
2629041,-1190.0,-673.75,1540.0
2629041,-1190.0,-673.75,1540.0
2629051,-1155.0,-638.75,1688.75
2629051,-1155.0,-638.75,1688.75
2629062,-1045.625,-516.25,1715.0
2629062,-1045.625,-516.25,1715.0
2629072,-1172.5,-293.125,1890.0
2629072,-1172.5,-293.125,1890.0
2629082,-1120.0,-161.875,2104.375
2629082,-1120.0,-161.875,2104.375
2629093,-879.375,-166.25,2174.375
2629093,-879.375,-166.25,2174.375
2629103,-406.875,-144.375,2205.0
2629103,-406.875,-144.375,2205.0
2629113,70.0,0.0,2100.0
2629113,70.0,0.0,2100.0
2629123,105.0,65.625,2270.625
2629123,105.0,65.625,2270.625
2629134,-83.125,-35.0,2226.875
2629134,-83.125,-35.0,2226.875
2629144,481.25,-78.75,2043.125
2629144,481.25,-78.75,2043.125
2629154,940.625,-26.25,2191.875
2629154,940.625,-26.25,2191.875
2629164,739.375,-284.375,2104.375
2629164,739.375,-284.375,2104.375
2629175,61.25,-245.0,2056.25
2629175,61.25,-245.0,2056.25
2629185,-498.75,-144.375,2108.75
2629185,-498.75,-144.375,2108.75
2629196,-927.5,-70.0,2235.625
2629196,-927.5,-70.0,2235.625
2629206,-940.625,-126.875,2174.375
2629206,-940.625,-126.875,2174.375
2629216,-599.375,-201.25,2135.0
2629216,-599.375,-201.25,2135.0
2629226,-188.125,-166.25,2301.25
2629226,-188.125,-166.25,2301.25
2629237,231.875,-166.25,2310.0
2629237,231.875,-166.25,2310.0
2629247,761.25,-52.5,2336.25
2629247,761.25,-52.5,2336.25
2629257,892.5,61.25,2458.75
2629257,892.5,61.25,2458.75
2629268,844.375,188.125,2533.125
2629268,844.375,188.125,2533.125
2629278,726.25,65.625,2323.125
2629278,726.25,65.625,2323.125
2629289,577.5,0.0,2152.5
2629289,577.5,0.0,2152.5
2629299,437.5,56.875,2100.0
2629299,437.5,56.875,2100.0
2629309,345.625,96.25,2156.875
2629309,345.625,96.25,2156.875
2629319,223.125,-35.0,2143.75
2629319,223.125,-35.0,2143.75
2629330,83.125,-43.75,2191.875
2629330,83.125,-43.75,2191.875
