2607156,-4.375,-17.5,-48.125
2607156,-4.375,-17.5,-48.125
2607166,-13.125,-17.5,-35.0
2607166,-13.125,-17.5,-35.0
2607176,-48.125,4.375,-4.375
2607176,-48.125,4.375,-4.375
2607186,-96.25,13.125,17.5
2607186,-96.25,13.125,17.5
2607196,-87.5,13.125,4.375
2607196,-87.5,13.125,4.375
2607207,-48.125,0.0,-26.25
2607207,-48.125,0.0,-26.25
2607216,-21.875,-13.125,-35.0
2607216,-21.875,-13.125,-35.0
2607226,-8.75,-21.875,-48.125
2607226,-8.75,-21.875,-48.125
2607378,-39.375,-43.75,-144.375
2607378,-39.375,-43.75,-144.375
2607388,-48.125,-39.375,-135.625
2607388,-48.125,-39.375,-135.625
2607539,0.0,-52.5,-214.375
2607539,0.0,-52.5,-214.375
2607549,4.375,-61.25,-253.75
2607549,4.375,-61.25,-253.75
2607711,113.75,188.125,183.75
2607711,113.75,188.125,183.75
2607721,170.625,258.125,332.5
2607721,170.625,258.125,332.5
2607751,354.375,529.375,875.0
2607751,354.375,529.375,875.0
2607762,245.0,564.375,1023.75
2607762,245.0,564.375,1023.75
2607913,-844.375,4042.5,3793.125
2607913,-844.375,4042.5,3793.125
2607923,1343.125,4003.125,4532.5
2607923,1343.125,4003.125,4532.5
2608074,-3981.25,-4116.875,253.75
2608074,-3981.25,-4116.875,253.75
2608085,-5508.125,-4204.375,-65.625
2608085,-5508.125,-4204.375,-65.625
2608176,-13247.5,-4423.125,3460.625
2608176,-13247.5,-4423.125,3460.625
2608185,-14678.125,-3911.25,5582.5
2608185,-14678.125,-3911.25,5582.5
2608276,-25856.25,-6619.375,6698.125
2608276,-25856.25,-6619.375,6698.125
2608286,-25182.5,-7245.0,5267.5
2608286,-25182.5,-7245.0,5267.5
2608357,-28258.125,-3115.0,288.75
2608357,-28258.125,-3115.0,288.75
2608367,-27518.75,-2786.875,494.375
2608367,-27518.75,-2786.875,494.375
2608518,-1999.375,-2559.375,-5057.5
2608518,-1999.375,-2559.375,-5057.5
2608529,-2318.75,-2310.0,-3972.5
2608529,-2318.75,-2310.0,-3972.5
2608599,-2913.75,1973.125,-2450.0
2608599,-2913.75,1973.125,-2450.0
2608609,-2454.375,2804.375,-1557.5
2608609,-2454.375,2804.375,-1557.5
2608761,-2563.75,6658.75,437.5
2608761,-2563.75,6658.75,437.5
2608771,-2782.5,6650.0,65.625
2608771,-2782.5,6650.0,65.625
2608922,-4729.375,6549.375,2909.375
2608922,-4729.375,6549.375,2909.375
2608932,-5066.25,6658.75,2345.0
2608932,-5066.25,6658.75,2345.0
2609083,-2454.375,3640.0,245.0
2609083,-2454.375,3640.0,245.0
2609094,-2139.375,3211.25,358.75
2609094,-2139.375,3211.25,358.75
2609245,-918.75,-8.75,717.5
2609245,-918.75,-8.75,717.5
2609254,-1023.75,-100.625,341.25
2609254,-1023.75,-100.625,341.25
2609407,450.625,-494.375,245.0
2609407,450.625,-494.375,245.0
2609417,437.5,-385.0,253.75
2609417,437.5,-385.0,253.75
2609568,490.0,315.0,-393.75
2609568,490.0,315.0,-393.75
2609719,315.0,-118.125,-161.875
2609719,315.0,-118.125,-161.875
2609729,385.0,-140.0,-288.75
2609729,385.0,-140.0,-288.75
2609881,188.125,-39.375,-118.125
2609881,188.125,-39.375,-118.125
2609891,43.75,17.5,-8.75
2609891,43.75,17.5,-8.75
