172845,-113.75,-26.25,65.625
172845,-113.75,-26.25,65.625
172855,-78.75,-13.125,26.25
172855,-78.75,-13.125,26.25
173007,-35.0,30.625,-13.125
173007,-35.0,30.625,-13.125
173017,-70.0,17.5,4.375
173017,-70.0,17.5,4.375
173168,-61.25,17.5,-30.625
173168,-61.25,17.5,-30.625
173178,-83.125,13.125,-17.5
173178,-83.125,13.125,-17.5
173330,-8.75,-21.875,-30.625
173330,-8.75,-21.875,-30.625
173340,26.25,-13.125,-78.75
173340,26.25,-13.125,-78.75
173501,-65.625,26.25,-78.75
173501,-65.625,26.25,-78.75
173511,-48.125,30.625,-78.75
173511,-48.125,30.625,-78.75
173521,-74.375,21.875,-61.25
173521,-74.375,21.875,-61.25
173632,-87.5,48.125,-166.25
173632,-87.5,48.125,-166.25
173643,-74.375,56.875,-179.375
173643,-74.375,56.875,-179.375
173794,-507.5,406.875,-717.5
173794,-507.5,406.875,-717.5
173805,-529.375,406.875,-748.125
173805,-529.375,406.875,-748.125
173955,-1233.75,892.5,-739.375
173955,-1233.75,892.5,-739.375
173966,-1233.75,896.875,-743.75
173966,-1233.75,896.875,-743.75
174117,-402.5,245.0,-336.875
174117,-402.5,245.0,-336.875
174127,-463.75,253.75,-253.75
174127,-463.75,253.75,-253.75
174278,245.0,-266.875,621.25
174278,245.0,-266.875,621.25
174289,236.25,-345.625,695.625
174289,236.25,-345.625,695.625
174540,-1553.125,3486.875,6553.75
174540,-1553.125,3486.875,6553.75
174551,-1890.0,4856.25,6125.0
174551,-1890.0,4856.25,6125.0
174843,-8522.5,11003.125,-19232.5
174843,-8522.5,11003.125,-19232.5
174854,-7135.625,11042.5,-19040.0
174854,-7135.625,11042.5,-19040.0
175812,-109.375,-424.375,148.75
175812,-109.375,-424.375,148.75
175822,8.75,-367.5,175.0
175822,8.75,-367.5,175.0
