192594,-91498.75,-5985.0,72043.125
192594,-91498.75,-5985.0,72043.125
192603,-99260.0,5473.125,68783.75
192603,-99260.0,5473.125,68783.75
192613,-105153.125,14560.0,64828.75
192613,-105153.125,14560.0,64828.75
192624,-128318.75,24543.75,83536.25
192624,-128318.75,24543.75,83536.25
192635,-136648.75,48164.375,110276.25
192635,-136648.75,48164.375,110276.25
192645,-109641.875,63371.875,130585.0
192645,-109641.875,63371.875,130585.0
192655,-119638.75,70743.75,119831.25
192655,-119638.75,70743.75,119831.25
192665,-143360.0,84118.125,110993.75
192665,-143360.0,84118.125,110993.75
192675,-143360.0,100786.875,108088.75
192675,-143360.0,100786.875,108088.75
192685,-142870.0,111601.875,112739.375
192685,-142870.0,111601.875,112739.375
192696,-143360.0,123471.25,127085.0
192696,-143360.0,123471.25,127085.0
192707,-143360.0,135782.5,-143360.0
192707,-143360.0,135782.5,-143360.0
192717,-143351.25,141071.875,-143360.0
192717,-143351.25,141071.875,-143360.0
192727,-143360.0,-143360.0,143080.0
192727,-143360.0,-143360.0,143080.0
192737,-143360.0,-143360.0,143338.125
192737,-143360.0,-143360.0,143338.125
192748,-143360.0,143307.5,-143360.0
192748,-143360.0,143307.5,-143360.0
192758,-143360.0,-143360.0,143355.625
192758,-143360.0,-143360.0,143355.625
192768,-143360.0,-143360.0,-143360.0
192768,-143360.0,-143360.0,-143360.0
192779,-143360.0,-143360.0,-143360.0
192779,-143360.0,-143360.0,-143360.0
192790,-143360.0,-143360.0,-143360.0
192790,-143360.0,-143360.0,-143360.0
192799,-143360.0,143128.125,-143360.0
192799,-143360.0,143128.125,-143360.0
192810,-143360.0,124337.5,-143360.0
192810,-143360.0,124337.5,-143360.0
192820,-143360.0,101696.875,-143360.0
192820,-143360.0,101696.875,-143360.0
192830,-143360.0,98901.25,-143360.0
192830,-143360.0,98901.25,-143360.0
192841,-143360.0,46886.875,-143360.0
192841,-143360.0,46886.875,-143360.0
192851,-143360.0,24526.25,-143360.0
192851,-143360.0,24526.25,-143360.0
192861,-143360.0,85815.625,-143360.0
192861,-143360.0,85815.625,-143360.0
192872,-143360.0,115517.5,-143360.0
192872,-143360.0,115517.5,-143360.0
192882,-140520.625,125768.125,-143360.0
192882,-140520.625,125768.125,-143360.0
192892,-123641.875,112205.625,-143360.0
192892,-123641.875,112205.625,-143360.0
192903,-113872.5,58953.125,-143360.0
192903,-113872.5,58953.125,-143360.0
192913,-122294.375,25580.625,-143360.0
192913,-122294.375,25580.625,-143360.0
192923,-143360.0,59736.25,-143360.0
192923,-143360.0,59736.25,-143360.0
192934,-143360.0,98616.875,-143360.0
192934,-143360.0,98616.875,-143360.0
192944,-142935.625,31128.125,-143360.0
192944,-142935.625,31128.125,-143360.0
192954,-141645.0,-95195.625,-143360.0
192954,-141645.0,-95195.625,-143360.0
192964,-66451.875,-143355.625,142520.0
192964,-66451.875,-143355.625,142520.0
192975,-11760.0,-142030.0,120443.75
192975,-11760.0,-142030.0,120443.75
192986,-35796.25,-134645.0,92465.625
192986,-35796.25,-134645.0,92465.625
192995,-42997.5,-115526.25,61775.0
192995,-42997.5,-115526.25,61775.0
193006,-47674.375,-99745.625,47394.375
193006,-47674.375,-99745.625,47394.375
193016,-54026.875,-96381.25,48978.125
193016,-54026.875,-96381.25,48978.125
193026,-58305.625,-89044.375,42520.625
193026,-58305.625,-89044.375,42520.625
193037,-57859.375,-73758.125,28625.625
193037,-57859.375,-73758.125,28625.625
193047,-48763.75,-53773.125,18659.375
193047,-48763.75,-53773.125,18659.375
193057,-40897.5,-33705.0,10377.5
193057,-40897.5,-33705.0,10377.5
193068,-37279.375,-19131.875,1710.625
193068,-37279.375,-19131.875,1710.625
193078,-32681.25,-13365.625,-5560.625
193078,-32681.25,-13365.625,-5560.625
193088,-25226.25,-10889.375,-11952.5
193088,-25226.25,-10889.375,-11952.5
193099,-20982.5,-7100.625,-17101.875
193099,-20982.5,-7100.625,-17101.875
193109,-18869.375,-2721.25,-19446.875
193109,-18869.375,-2721.25,-19446.875
193119,-16104.375,3333.75,-20755.0
193119,-16104.375,3333.75,-20755.0
193130,-13825.0,9349.375,-21210.0
193130,-13825.0,9349.375,-21210.0
193140,-13177.5,12433.75,-19495.0
193140,-13177.5,12433.75,-19495.0
193150,-16380.0,11733.75,-15806.875
193150,-16380.0,11733.75,-15806.875
193160,-19481.875,8098.125,-11169.375
193160,-19481.875,8098.125,-11169.375
193171,-20531.875,2983.75,-6216.875
193171,-20531.875,2983.75,-6216.875
193181,-24080.0,-4571.875,-1509.375
193181,-24080.0,-4571.875,-1509.375
193191,-30353.75,-13676.25,485.625
193191,-30353.75,-13676.25,485.625
193202,-39795.0,-23428.125,1290.625
193202,-39795.0,-23428.125,1290.625
193212,-47245.625,-29470.0,1820.0
193212,-47245.625,-29470.0,1820.0
193222,-52272.5,-29032.5,1798.125
193222,-52272.5,-29032.5,1798.125
193233,-53095.0,-24880.625,231.875
193233,-53095.0,-24880.625,231.875
193243,-47219.375,-22023.75,-2375.625
193243,-47219.375,-22023.75,-2375.625
193253,-39598.125,-20037.5,-4729.375
193253,-39598.125,-20037.5,-4729.375
193264,-36487.5,-15645.0,-3823.75
193264,-36487.5,-15645.0,-3823.75
193273,-33954.375,-7555.625,1408.75
193273,-33954.375,-7555.625,1408.75
193284,51970.625,-70363.125,-80937.5
193284,51970.625,-70363.125,-80937.5
193294,133870.625,-143355.625,-143355.625
193294,133870.625,-143355.625,-143355.625
193305,-124578.125,-143355.625,2603.125
193305,-124578.125,-143355.625,2603.125
193315,-143360.0,-128419.375,-5512.5
193315,-143360.0,-128419.375,-5512.5
193326,-16366.875,-9743.125,56910.0
193326,-16366.875,-9743.125,56910.0
193337,54118.75,121353.75,108408.125
193337,54118.75,121353.75,108408.125
193346,62400.625,-143360.0,54368.125
193346,62400.625,-143360.0,54368.125
193357,-35.0,43583.75,31679.375
193357,-35.0,43583.75,31679.375
193367,13457.5,-21800.625,13365.625
193367,13457.5,-21800.625,13365.625
193378,43211.875,-7555.625,-29701.875
193378,43211.875,-7555.625,-29701.875
193387,26293.75,-7853.125,-24675.0
193387,26293.75,-7853.125,-24675.0
193398,5324.375,-17053.75,1531.25
193398,5324.375,-17053.75,1531.25
193408,5569.375,-18029.375,11532.5
193408,5569.375,-18029.375,11532.5
193418,18051.25,-4309.375,1089.375
193418,18051.25,-4309.375,1089.375
193429,23065.0,8868.125,-9143.75
193429,23065.0,8868.125,-9143.75
193439,19582.5,12075.0,-10447.5
193439,19582.5,12075.0,-10447.5
193450,14686.875,11506.25,-5635.0
193450,14686.875,11506.25,-5635.0
193460,12088.125,14113.75,249.375
193460,12088.125,14113.75,249.375
193470,11025.0,16826.25,4865.0
193470,11025.0,16826.25,4865.0
193480,10049.375,16143.75,6619.375
193480,10049.375,16143.75,6619.375
193491,8855.0,13510.0,6011.25
193491,8855.0,13510.0,6011.25
193501,8968.75,11484.375,4681.25
193501,8968.75,11484.375,4681.25
193511,9585.625,11305.0,3845.625
193511,9585.625,11305.0,3845.625
193522,9095.625,10561.25,3661.875
193522,9095.625,10561.25,3661.875
193532,9218.125,8767.5,2345.0
193532,9218.125,8767.5,2345.0
193542,9563.75,8417.5,100.625
193542,9563.75,8417.5,100.625
193553,8894.375,10018.75,-1176.875
193553,8894.375,10018.75,-1176.875
193563,9690.625,11515.0,-1881.25
193563,9690.625,11515.0,-1881.25
193574,9493.75,10535.0,-1023.75
193574,9493.75,10535.0,-1023.75
193582,5678.75,7778.75,1417.5
193582,5678.75,7778.75,1417.5
193594,1347.5,4716.25,3552.5
193594,1347.5,4716.25,3552.5
193604,-1281.875,2065.0,3325.0
193604,-1281.875,2065.0,3325.0
193614,-2695.0,437.5,1246.875
193614,-2695.0,437.5,1246.875
193625,-2152.5,-621.25,-638.75
193625,-2152.5,-621.25,-638.75
193635,-1141.875,-1295.0,-1601.25
193635,-1141.875,-1295.0,-1601.25
193645,17.5,-1754.375,-2292.5
193645,17.5,-1754.375,-2292.5
193656,1404.375,-1876.875,-3075.625
193656,1404.375,-1876.875,-3075.625
193666,1911.875,-1741.25,-3517.5
193666,1911.875,-1741.25,-3517.5
193676,2865.625,-1246.875,-3635.625
193676,2865.625,-1246.875,-3635.625
193687,4270.0,157.5,-3727.5
193687,4270.0,157.5,-3727.5
193697,4795.0,2178.75,-2970.625
193697,4795.0,2178.75,-2970.625
193707,4978.75,3863.125,-647.5
193707,4978.75,3863.125,-647.5
193718,4856.25,5438.125,2292.5
193718,4856.25,5438.125,2292.5
193728,5761.875,6978.125,2992.5
193728,5761.875,6978.125,2992.5
193738,7813.75,8308.125,1767.5
193738,7813.75,8308.125,1767.5
193749,8067.5,7463.75,1592.5
193749,8067.5,7463.75,1592.5
193759,6851.25,4068.75,2349.375
193759,6851.25,4068.75,2349.375
193769,5285.0,2222.5,2699.375
193769,5285.0,2222.5,2699.375
193779,5691.875,2406.25,2336.25
193779,5691.875,2406.25,2336.25
193790,6514.375,3683.75,1491.875
193790,6514.375,3683.75,1491.875
193800,6785.625,5228.125,490.0
193800,6785.625,5228.125,490.0
193810,6046.25,5127.5,411.25
193810,6046.25,5127.5,411.25
193821,4278.75,2323.125,2038.75
193821,4278.75,2323.125,2038.75
193831,1500.625,-630.0,3675.0
193831,1500.625,-630.0,3675.0
193842,227.5,-2266.25,3815.0
193842,227.5,-2266.25,3815.0
193852,975.625,-2231.25,2607.5
193852,975.625,-2231.25,2607.5
193862,2191.875,-1063.125,490.0
193862,2191.875,-1063.125,490.0
193873,2450.0,476.875,-555.625
193873,2450.0,476.875,-555.625
193883,2121.875,1303.75,-48.125
193883,2121.875,1303.75,-48.125
193893,1596.875,1146.25,665.0
193893,1596.875,1146.25,665.0
193903,1067.5,669.375,472.5
193903,1067.5,669.375,472.5
193914,1347.5,275.625,-791.875
193914,1347.5,275.625,-791.875
193924,2209.375,-35.0,-2743.125
193924,2209.375,-35.0,-2743.125
193934,2056.25,-280.0,-4423.125
193934,2056.25,-280.0,-4423.125
193945,2130.625,-621.25,-5153.75
193945,2130.625,-621.25,-5153.75
193955,2611.875,-901.25,-4799.375
193955,2611.875,-901.25,-4799.375
193965,2891.875,-940.625,-4410.0
193965,2891.875,-940.625,-4410.0
193976,2874.375,-1207.5,-4471.25
193976,2874.375,-1207.5,-4471.25
193986,2835.0,-1478.75,-5263.125
193986,2835.0,-1478.75,-5263.125
193996,2143.75,-1771.875,-5350.625
193996,2143.75,-1771.875,-5350.625
194006,2170.0,-1583.75,-4838.75
194006,2170.0,-1583.75,-4838.75
194017,1789.375,-1509.375,-3867.5
194017,1789.375,-1509.375,-3867.5
194027,875.0,-1505.0,-2546.25
194027,875.0,-1505.0,-2546.25
194038,625.625,-1841.875,-1286.25
194038,625.625,-1841.875,-1286.25
194048,975.625,-2638.125,-962.5
194048,975.625,-2638.125,-962.5
194058,1693.125,-3482.5,-1605.625
194058,1693.125,-3482.5,-1605.625
194069,2100.0,-4396.875,-2533.125
194069,2100.0,-4396.875,-2533.125
194079,2183.125,-4676.875,-3333.75
194079,2183.125,-4676.875,-3333.75
194089,2152.5,-4300.625,-3360.0
194089,2152.5,-4300.625,-3360.0
194099,1995.0,-3259.375,-3115.0
194099,1995.0,-3259.375,-3115.0
194110,1540.0,-1981.875,-2835.0
194110,1540.0,-1981.875,-2835.0
194120,883.75,-1264.375,-2016.875
194120,883.75,-1264.375,-2016.875
194130,778.75,-1128.75,-1544.375
194130,778.75,-1128.75,-1544.375
194141,1058.75,-1194.375,-1150.625
194141,1058.75,-1194.375,-1150.625
194151,774.375,-1623.125,-555.625
194151,774.375,-1623.125,-555.625
194161,481.25,-2248.75,179.375
194161,481.25,-2248.75,179.375
194172,-91.875,-2301.25,183.75
194172,-91.875,-2301.25,183.75
194182,253.75,-2288.125,-962.5
194182,253.75,-2288.125,-962.5
194191,774.375,-1351.875,-1828.75
194191,774.375,-1351.875,-1828.75
194203,1211.875,-78.75,-1750.0
194203,1211.875,-78.75,-1750.0
194213,1246.875,739.375,-1146.25
194213,1246.875,739.375,-1146.25
194223,1618.75,748.125,-625.625
194223,1618.75,748.125,-625.625
194234,1662.5,284.375,-153.125
194234,1662.5,284.375,-153.125
194244,743.75,-288.75,586.25
194244,743.75,-288.75,586.25
194254,402.5,-13.125,866.25
194254,402.5,-13.125,866.25
194265,634.375,665.0,236.25
194265,634.375,665.0,236.25
194274,498.75,1137.5,-328.125
194274,498.75,1137.5,-328.125
194285,770.0,1286.25,-30.625
194285,770.0,1286.25,-30.625
194295,-205.625,945.0,896.875
194295,-205.625,945.0,896.875
194305,-927.5,131.25,1780.625
194305,-927.5,131.25,1780.625
194316,-52.5,-293.125,1373.75
194316,-52.5,-293.125,1373.75
194326,590.625,-765.625,398.125
194326,590.625,-765.625,398.125
194337,896.875,-875.0,-214.375
194337,896.875,-875.0,-214.375
194347,726.25,-682.5,-65.625
194347,726.25,-682.5,-65.625
194357,-573.125,-223.125,1198.75
194357,-573.125,-223.125,1198.75
194368,-1544.375,472.5,2275.0
194368,-1544.375,472.5,2275.0
194378,-1680.0,1146.25,2463.125
194378,-1680.0,1146.25,2463.125
194389,-892.5,1500.625,1496.25
194389,-892.5,1500.625,1496.25
194399,406.875,1951.25,74.375
194399,406.875,1951.25,74.375
194409,774.375,2191.875,-533.75
194409,774.375,2191.875,-533.75
194419,-240.625,1933.75,350.0
194419,-240.625,1933.75,350.0
194430,-1505.0,1583.75,1522.5
194430,-1505.0,1583.75,1522.5
194440,-2021.25,1365.0,1907.5
194440,-2021.25,1365.0,1907.5
194450,-1951.25,914.375,1890.0
194450,-1951.25,914.375,1890.0
194461,-1268.75,704.375,1649.375
194461,-1268.75,704.375,1649.375
194471,-507.5,853.125,993.125
194471,-507.5,853.125,993.125
194481,-13.125,1452.5,520.625
194481,-13.125,1452.5,520.625
194491,30.625,2047.5,551.25
194491,30.625,2047.5,551.25
194502,-420.0,2126.25,945.0
194502,-420.0,2126.25,945.0
194512,-682.5,1706.25,1159.375
194512,-682.5,1706.25,1159.375
194522,-796.25,936.25,1141.875
194522,-796.25,936.25,1141.875
194532,-310.625,280.0,463.75
194532,-310.625,280.0,463.75
194542,726.25,-188.125,-625.625
194542,726.25,-188.125,-625.625
194553,1653.75,-297.5,-1159.375
194553,1653.75,-297.5,-1159.375
194564,1312.5,-52.5,-1255.625
194564,1312.5,-52.5,-1255.625
194574,1128.75,148.75,-1063.125
194574,1128.75,148.75,-1063.125
194584,949.375,-297.5,-634.375
194584,949.375,-297.5,-634.375
194595,358.75,-660.625,-131.25
194595,358.75,-660.625,-131.25
194605,-595.0,-100.625,533.75
194605,-595.0,-100.625,533.75
194615,-406.875,621.25,1089.375
194615,-406.875,621.25,1089.375
194626,-236.25,861.875,1491.875
194626,-236.25,861.875,1491.875
194636,-560.0,363.125,2047.5
194636,-560.0,363.125,2047.5
194646,-966.875,-424.375,2415.0
194646,-966.875,-424.375,2415.0
194657,-918.75,-756.875,2082.5
194657,-918.75,-756.875,2082.5
194667,-402.5,-529.375,1688.75
194667,-402.5,-529.375,1688.75
194677,-39.375,433.125,1483.125
194677,-39.375,433.125,1483.125
194687,-100.625,700.0,1596.875
194687,-100.625,700.0,1596.875
194698,-953.75,-765.625,1649.375
194698,-953.75,-765.625,1649.375
194708,-1268.75,-1951.25,835.625
194708,-1268.75,-1951.25,835.625
194718,-870.625,-2450.0,52.5
194718,-870.625,-2450.0,52.5
194729,-455.0,-2292.5,-700.0
194729,-455.0,-2292.5,-700.0
194739,433.125,-1951.25,-971.25
194739,433.125,-1951.25,-971.25
194749,205.625,-1216.25,17.5
194749,205.625,-1216.25,17.5
194760,-1806.875,-1120.0,2065.0
194760,-1806.875,-1120.0,2065.0
194770,-2830.625,-1207.5,3985.625
194770,-2830.625,-1207.5,3985.625
194781,-1951.25,-48.125,3491.25
194781,-1951.25,-48.125,3491.25
194791,-1194.375,568.75,1640.625
194791,-1194.375,568.75,1640.625
194801,262.5,940.625,-450.625
194801,262.5,940.625,-450.625
194811,997.5,1413.125,-1540.0
194811,997.5,1413.125,-1540.0
194822,975.625,2476.25,-1264.375
194822,975.625,2476.25,-1264.375
194832,656.25,3841.25,-227.5
194832,656.25,3841.25,-227.5
194842,-284.375,4042.5,1076.25
194842,-284.375,4042.5,1076.25
194853,-1238.125,3080.0,1876.875
194853,-1238.125,3080.0,1876.875
194863,-2607.5,1771.875,1951.25
194863,-2607.5,1771.875,1951.25
194873,-3066.875,1137.5,1338.75
194873,-3066.875,1137.5,1338.75
194883,-1610.0,1395.625,398.125
194883,-1610.0,1395.625,398.125
194894,-901.25,2428.125,-1080.625
194894,-901.25,2428.125,-1080.625
194904,-599.375,3272.5,-1618.75
194904,-599.375,3272.5,-1618.75
194914,-350.0,4681.25,-914.375
194914,-350.0,4681.25,-914.375
194925,-336.875,7870.625,511.875
194925,-336.875,7870.625,511.875
194935,599.375,12376.875,1478.75
194935,599.375,12376.875,1478.75
194945,2358.125,16257.5,1850.625
194945,2358.125,16257.5,1850.625
194956,3749.375,19184.375,1155.0
194956,3749.375,19184.375,1155.0
194966,2524.375,19661.25,196.875
194966,2524.375,19661.25,196.875
194977,1916.25,17198.125,-1111.25
194977,1916.25,17198.125,-1111.25
194987,2983.75,16559.375,-3517.5
194987,2983.75,16559.375,-3517.5
194997,3863.125,17613.75,-6339.375
194997,3863.125,17613.75,-6339.375
195007,5718.125,18287.5,-8120.0
195007,5718.125,18287.5,-8120.0
195018,8155.0,19661.25,-10268.125
195018,8155.0,19661.25,-10268.125
195028,10727.5,20566.875,-13278.125
195028,10727.5,20566.875,-13278.125
195038,9708.125,20636.875,-15216.25
195038,9708.125,20636.875,-15216.25
195049,5600.0,17902.5,-16331.875
195049,5600.0,17902.5,-16331.875
195058,2327.5,13947.5,-18803.75
195058,2327.5,13947.5,-18803.75
195069,315.0,10793.125,-24416.875
195069,315.0,10793.125,-24416.875
195079,-2231.25,8050.0,-33293.75
195079,-2231.25,8050.0,-33293.75
195090,-6138.125,6343.75,-45123.75
195090,-6138.125,6343.75,-45123.75
195100,-8220.625,5831.875,-58821.875
195100,-8220.625,5831.875,-58821.875
195110,-7608.125,6518.75,-75153.75
195110,-7608.125,6518.75,-75153.75
195121,-3950.625,8872.5,-91542.5
195121,-3950.625,8872.5,-91542.5
195131,516.25,10465.0,-107826.25
195131,516.25,10465.0,-107826.25
195141,4764.375,14564.375,-125304.375
195141,4764.375,14564.375,-125304.375
195152,11746.875,23279.375,-142450.0
195152,11746.875,23279.375,-142450.0
195162,19088.125,29833.125,-143355.625
195162,19088.125,29833.125,-143355.625
195173,25055.625,15312.5,-143128.125
195173,25055.625,15312.5,-143128.125
195183,17828.125,-66526.25,-143307.5
195183,17828.125,-66526.25,-143307.5
195193,32550.0,-36938.125,-143355.625
195193,32550.0,-36938.125,-143355.625
195203,44747.5,-23091.25,-143355.625
195203,44747.5,-23091.25,-143355.625
195214,64351.875,-21630.0,-143355.625
195214,64351.875,-21630.0,-143355.625
195224,110508.125,-23625.0,-143355.625
195224,110508.125,-23625.0,-143355.625
195234,115093.125,-14752.5,-143355.625
195234,115093.125,-14752.5,-143355.625
195245,118002.5,-39156.25,-143355.625
195245,118002.5,-39156.25,-143355.625
195254,143355.625,-91682.5,-143355.625
195254,143355.625,-91682.5,-143355.625
195265,143355.625,-9909.375,-143355.625
195265,143355.625,-9909.375,-143355.625
195276,123908.75,-48737.5,-143355.625
195276,123908.75,-48737.5,-143355.625
195286,98345.625,-84643.125,-143355.625
195286,98345.625,-84643.125,-143355.625
195295,118308.75,-81261.25,-143355.625
195295,118308.75,-81261.25,-143355.625
195306,143355.625,-77087.5,-143355.625
195306,143355.625,-77087.5,-143355.625
195317,134163.75,-76151.25,-143355.625
195317,134163.75,-76151.25,-143355.625
195328,105310.625,-68241.25,-143355.625
195328,105310.625,-68241.25,-143355.625
195337,95821.25,-27698.125,-143355.625
195337,95821.25,-27698.125,-143355.625
195348,117893.125,-18738.125,-143355.625
195348,117893.125,-18738.125,-143355.625
195358,142165.625,-51384.375,-143355.625
195358,142165.625,-51384.375,-143355.625
195369,143355.625,-56026.25,-143355.625
195369,143355.625,-56026.25,-143355.625
195379,143075.625,-52648.75,-143355.625
195379,143075.625,-52648.75,-143355.625
195389,143294.375,-44699.375,-143355.625
195389,143294.375,-44699.375,-143355.625
195399,143355.625,-40573.75,-143355.625
195399,143355.625,-40573.75,-143355.625
195410,143355.625,-36929.375,-143355.625
195410,143355.625,-36929.375,-143355.625
195420,143355.625,-37113.125,-143355.625
195420,143355.625,-37113.125,-143355.625
195430,143355.625,-46843.125,-143355.625
195430,143355.625,-46843.125,-143355.625
195441,143355.625,-55405.0,-143355.625
195441,143355.625,-55405.0,-143355.625
195450,143355.625,-62759.375,-143355.625
195450,143355.625,-62759.375,-143355.625
195461,143355.625,-77450.625,-143355.625
195461,143355.625,-77450.625,-143355.625
195472,143355.625,-80666.25,-143355.625
195472,143355.625,-80666.25,-143355.625
195481,143355.625,-74213.125,-143355.625
195481,143355.625,-74213.125,-143355.625
195492,143355.625,-61705.0,-143355.625
195492,143355.625,-61705.0,-143355.625
195502,143355.625,-47180.0,-143355.625
195502,143355.625,-47180.0,-143355.625
195513,143355.625,-36863.75,-143355.625
195513,143355.625,-36863.75,-143355.625
195524,143355.625,-20470.625,-143355.625
195524,143355.625,-20470.625,-143355.625
195533,143355.625,-2108.75,-143355.625
195533,143355.625,-2108.75,-143355.625
195543,140791.875,2773.75,-143355.625
195543,140791.875,2773.75,-143355.625
195554,115408.125,-6361.25,-140748.125
195554,115408.125,-6361.25,-140748.125
195564,86992.5,-17132.5,-117359.375
195564,86992.5,-17132.5,-117359.375
195575,74046.875,-20151.25,-88812.5
195575,74046.875,-20151.25,-88812.5
195585,68451.25,-14328.125,-71281.875
195585,68451.25,-14328.125,-71281.875
195596,71456.875,-5635.0,-66084.375
195596,71456.875,-5635.0,-66084.375
195605,93782.5,-3933.125,-77354.375
195605,93782.5,-3933.125,-77354.375
195616,109935.0,6483.75,-78229.375
195616,109935.0,6483.75,-78229.375
195626,100056.25,13838.125,-67878.125
195626,100056.25,13838.125,-67878.125
195637,109620.0,-4103.75,-76846.875
195637,109620.0,-4103.75,-76846.875
195647,119468.125,-7336.875,-72721.25
195647,119468.125,-7336.875,-72721.25
195657,116620.0,-10710.0,-51506.875
195657,116620.0,-10710.0,-51506.875
195668,132041.875,-6916.875,-29316.875
195668,132041.875,-6916.875,-29316.875
