198917,101.5625,750.0,664.0625,-46.875,-820.3125,609.375,218.75,-953.125,265.625,523.4375,-851.5625,-39.0625,531.25,-796.875,296.875
198917,101.5625,750.0,664.0625,-46.875,-820.3125,609.375,218.75,-953.125,265.625,523.4375,-851.5625,-39.0625,531.25,-796.875,296.875
198925,109.375,742.1875,671.875,-39.0625,-820.3125,601.5625,226.5625,-953.125,273.4375,523.4375,-851.5625,-23.4375,539.0625,-789.0625,289.0625
198925,109.375,742.1875,671.875,-39.0625,-820.3125,601.5625,226.5625,-953.125,273.4375,523.4375,-851.5625,-23.4375,539.0625,-789.0625,289.0625
198933,101.5625,742.1875,671.875,-54.6875,-828.125,609.375,234.375,-953.125,273.4375,523.4375,-851.5625,-39.0625,539.0625,-796.875,289.0625
198933,101.5625,742.1875,671.875,-54.6875,-828.125,609.375,234.375,-953.125,273.4375,523.4375,-851.5625,-39.0625,539.0625,-796.875,289.0625
198933,109.375,742.1875,671.875,-54.6875,-820.3125,617.1875,242.1875,-945.3125,273.4375,515.625,-851.5625,-39.0625,539.0625,-789.0625,289.0625
198933,109.375,742.1875,671.875,-54.6875,-820.3125,617.1875,242.1875,-945.3125,273.4375,515.625,-851.5625,-39.0625,539.0625,-789.0625,289.0625
199078,93.75,742.1875,671.875,-54.6875,-835.9375,609.375,226.5625,-945.3125,265.625,515.625,-851.5625,-31.25,531.25,-804.6875,289.0625
199078,93.75,742.1875,671.875,-54.6875,-835.9375,609.375,226.5625,-945.3125,265.625,515.625,-851.5625,-31.25,531.25,-804.6875,289.0625
199086,93.75,742.1875,671.875,-54.6875,-828.125,601.5625,234.375,-960.9375,265.625,523.4375,-859.375,-39.0625,539.0625,-796.875,281.25
199086,93.75,742.1875,671.875,-54.6875,-828.125,601.5625,234.375,-960.9375,265.625,523.4375,-859.375,-39.0625,539.0625,-796.875,281.25
199094,109.375,734.375,679.6875,-62.5,-828.125,617.1875,234.375,-953.125,265.625,523.4375,-851.5625,-39.0625,546.875,-796.875,289.0625
199094,109.375,734.375,679.6875,-62.5,-828.125,617.1875,234.375,-953.125,265.625,523.4375,-851.5625,-39.0625,546.875,-796.875,289.0625
199094,101.5625,742.1875,671.875,-54.6875,-828.125,601.5625,234.375,-960.9375,257.8125,523.4375,-851.5625,-31.25,546.875,-796.875,289.0625
199094,101.5625,742.1875,671.875,-54.6875,-828.125,601.5625,234.375,-960.9375,257.8125,523.4375,-851.5625,-31.25,546.875,-796.875,289.0625
199159,101.5625,742.1875,664.0625,-54.6875,-820.3125,617.1875,226.5625,-953.125,257.8125,515.625,-843.75,-31.25,539.0625,-796.875,289.0625
199159,101.5625,742.1875,664.0625,-54.6875,-820.3125,617.1875,226.5625,-953.125,257.8125,515.625,-843.75,-31.25,539.0625,-796.875,289.0625
199167,109.375,750.0,671.875,-46.875,-820.3125,609.375,226.5625,-945.3125,265.625,515.625,-851.5625,-39.0625,539.0625,-796.875,281.25
199167,109.375,750.0,671.875,-46.875,-820.3125,609.375,226.5625,-945.3125,265.625,515.625,-851.5625,-39.0625,539.0625,-796.875,281.25
199175,109.375,742.1875,664.0625,-46.875,-828.125,601.5625,234.375,-945.3125,265.625,515.625,-851.5625,-31.25,546.875,-796.875,289.0625
199175,109.375,742.1875,664.0625,-46.875,-828.125,601.5625,234.375,-945.3125,265.625,515.625,-851.5625,-31.25,546.875,-796.875,289.0625
199175,101.5625,742.1875,664.0625,-46.875,-828.125,601.5625,234.375,-945.3125,265.625,523.4375,-851.5625,-23.4375,539.0625,-796.875,289.0625
199175,101.5625,742.1875,664.0625,-46.875,-828.125,601.5625,234.375,-945.3125,265.625,523.4375,-851.5625,-23.4375,539.0625,-796.875,289.0625
199320,109.375,750.0,664.0625,-46.875,-820.3125,609.375,226.5625,-953.125,273.4375,515.625,-843.75,-23.4375,539.0625,-789.0625,281.25
199320,109.375,750.0,664.0625,-46.875,-820.3125,609.375,226.5625,-953.125,273.4375,515.625,-843.75,-23.4375,539.0625,-789.0625,281.25
199328,101.5625,750.0,664.0625,-62.5,-820.3125,601.5625,226.5625,-953.125,265.625,515.625,-843.75,-23.4375,539.0625,-796.875,289.0625
199328,101.5625,750.0,664.0625,-62.5,-820.3125,601.5625,226.5625,-953.125,265.625,515.625,-843.75,-23.4375,539.0625,-796.875,289.0625
199336,93.75,726.5625,671.875,-54.6875,-820.3125,609.375,218.75,-945.3125,257.8125,523.4375,-851.5625,-31.25,531.25,-796.875,289.0625
199336,93.75,726.5625,671.875,-54.6875,-820.3125,609.375,218.75,-945.3125,257.8125,523.4375,-851.5625,-31.25,531.25,-796.875,289.0625
199336,101.5625,726.5625,679.6875,-54.6875,-812.5,609.375,226.5625,-953.125,265.625,523.4375,-851.5625,-39.0625,539.0625,-796.875,289.0625
199336,101.5625,726.5625,679.6875,-54.6875,-812.5,609.375,226.5625,-953.125,265.625,523.4375,-851.5625,-39.0625,539.0625,-796.875,289.0625
199481,101.5625,734.375,679.6875,-54.6875,-835.9375,601.5625,226.5625,-960.9375,265.625,523.4375,-851.5625,-39.0625,539.0625,-804.6875,289.0625
199481,101.5625,734.375,679.6875,-54.6875,-835.9375,601.5625,226.5625,-960.9375,265.625,523.4375,-851.5625,-39.0625,539.0625,-804.6875,289.0625
199489,93.75,734.375,671.875,-54.6875,-835.9375,609.375,234.375,-960.9375,265.625,523.4375,-851.5625,-31.25,539.0625,-796.875,296.875
199489,93.75,734.375,671.875,-54.6875,-835.9375,609.375,234.375,-960.9375,265.625,523.4375,-851.5625,-31.25,539.0625,-796.875,296.875
199497,101.5625,734.375,679.6875,-54.6875,-828.125,601.5625,234.375,-953.125,265.625,515.625,-859.375,-23.4375,523.4375,-796.875,289.0625
199497,101.5625,734.375,679.6875,-54.6875,-828.125,601.5625,234.375,-953.125,265.625,515.625,-859.375,-23.4375,523.4375,-796.875,289.0625
199497,101.5625,742.1875,671.875,-54.6875,-828.125,609.375,226.5625,-953.125,265.625,523.4375,-851.5625,-39.0625,531.25,-789.0625,296.875
199497,101.5625,742.1875,671.875,-54.6875,-828.125,609.375,226.5625,-953.125,265.625,523.4375,-851.5625,-39.0625,531.25,-789.0625,296.875
199643,101.5625,726.5625,679.6875,-54.6875,-835.9375,609.375,226.5625,-953.125,265.625,523.4375,-851.5625,-39.0625,539.0625,-804.6875,296.875
199643,101.5625,726.5625,679.6875,-54.6875,-835.9375,609.375,226.5625,-953.125,265.625,523.4375,-851.5625,-39.0625,539.0625,-804.6875,296.875
199650,101.5625,742.1875,679.6875,-54.6875,-828.125,609.375,226.5625,-968.75,257.8125,515.625,-851.5625,-39.0625,546.875,-796.875,289.0625
199650,101.5625,742.1875,679.6875,-54.6875,-828.125,609.375,226.5625,-968.75,257.8125,515.625,-851.5625,-39.0625,546.875,-796.875,289.0625
199659,101.5625,734.375,679.6875,-46.875,-828.125,601.5625,234.375,-960.9375,257.8125,523.4375,-851.5625,-39.0625,546.875,-804.6875,289.0625
199659,101.5625,734.375,679.6875,-46.875,-828.125,601.5625,234.375,-960.9375,257.8125,523.4375,-851.5625,-39.0625,546.875,-804.6875,289.0625
199659,101.5625,726.5625,679.6875,-54.6875,-828.125,609.375,226.5625,-960.9375,265.625,515.625,-851.5625,-31.25,539.0625,-804.6875,296.875
199659,101.5625,726.5625,679.6875,-54.6875,-828.125,609.375,226.5625,-960.9375,265.625,515.625,-851.5625,-31.25,539.0625,-804.6875,296.875
199805,93.75,734.375,687.5,-62.5,-828.125,601.5625,226.5625,-953.125,265.625,523.4375,-859.375,-39.0625,546.875,-804.6875,289.0625
199805,93.75,734.375,687.5,-62.5,-828.125,601.5625,226.5625,-953.125,265.625,523.4375,-859.375,-39.0625,546.875,-804.6875,289.0625
199812,93.75,742.1875,687.5,-62.5,-828.125,601.5625,226.5625,-960.9375,265.625,515.625,-867.1875,-31.25,539.0625,-789.0625,289.0625
199812,93.75,742.1875,687.5,-62.5,-828.125,601.5625,226.5625,-960.9375,265.625,515.625,-867.1875,-31.25,539.0625,-789.0625,289.0625
199820,101.5625,726.5625,671.875,-54.6875,-835.9375,593.75,226.5625,-960.9375,265.625,515.625,-851.5625,-39.0625,539.0625,-804.6875,289.0625
199820,101.5625,726.5625,671.875,-54.6875,-835.9375,593.75,226.5625,-960.9375,265.625,515.625,-851.5625,-39.0625,539.0625,-804.6875,289.0625
199821,93.75,742.1875,679.6875,-62.5,-835.9375,609.375,218.75,-960.9375,265.625,515.625,-859.375,-46.875,531.25,-812.5,289.0625
199821,93.75,742.1875,679.6875,-62.5,-835.9375,609.375,218.75,-960.9375,265.625,515.625,-859.375,-46.875,531.25,-812.5,289.0625
200288,85.9375,726.5625,679.6875,-62.5,-835.9375,593.75,226.5625,-960.9375,257.8125,515.625,-851.5625,-39.0625,531.25,-796.875,289.0625
200288,85.9375,726.5625,679.6875,-62.5,-835.9375,593.75,226.5625,-960.9375,257.8125,515.625,-851.5625,-39.0625,531.25,-796.875,289.0625
200296,85.9375,726.5625,679.6875,-54.6875,-835.9375,593.75,218.75,-953.125,265.625,515.625,-859.375,-39.0625,531.25,-804.6875,281.25
200296,85.9375,726.5625,679.6875,-54.6875,-835.9375,593.75,218.75,-953.125,265.625,515.625,-859.375,-39.0625,531.25,-804.6875,281.25
200304,85.9375,734.375,671.875,-62.5,-820.3125,593.75,218.75,-960.9375,265.625,507.8125,-851.5625,-31.25,531.25,-804.6875,289.0625
200304,85.9375,734.375,671.875,-62.5,-820.3125,593.75,218.75,-960.9375,265.625,507.8125,-851.5625,-31.25,531.25,-804.6875,289.0625
200304,93.75,734.375,679.6875,-62.5,-828.125,601.5625,218.75,-960.9375,257.8125,507.8125,-851.5625,-39.0625,531.25,-796.875,289.0625
200304,93.75,734.375,679.6875,-62.5,-828.125,601.5625,218.75,-960.9375,257.8125,507.8125,-851.5625,-39.0625,531.25,-796.875,289.0625
200611,257.8125,867.1875,734.375,-125.0,-968.75,773.4375,289.0625,-1171.875,414.0625,695.3125,-992.1875,15.625,687.5,-945.3125,312.5
200611,257.8125,867.1875,734.375,-125.0,-968.75,773.4375,289.0625,-1171.875,414.0625,695.3125,-992.1875,15.625,687.5,-945.3125,312.5
200619,273.4375,882.8125,726.5625,-132.8125,-1007.8125,812.5,328.125,-1195.3125,445.3125,734.375,-953.125,-7.8125,796.875,-882.8125,289.0625
200619,273.4375,882.8125,726.5625,-132.8125,-1007.8125,812.5,328.125,-1195.3125,445.3125,734.375,-953.125,-7.8125,796.875,-882.8125,289.0625
200627,281.25,882.8125,710.9375,-109.375,-1023.4375,843.75,343.75,-1203.125,414.0625,906.25,-953.125,-54.6875,1023.4375,195.3125,648.4375
200627,281.25,882.8125,710.9375,-109.375,-1023.4375,843.75,343.75,-1203.125,414.0625,906.25,-953.125,-54.6875,1023.4375,195.3125,648.4375
200627,320.3125,906.25,726.5625,-46.875,-1062.5,875.0,335.9375,-1234.375,437.5,648.4375,-796.875,78.125,968.75,-226.5625,375.0
200627,320.3125,906.25,726.5625,-46.875,-1062.5,875.0,335.9375,-1234.375,437.5,648.4375,-796.875,78.125,968.75,-226.5625,375.0
201015,-257.8125,-445.3125,-187.5,-351.5625,-7.8125,-140.625,-328.125,-39.0625,23.4375,-281.25,-179.6875,164.0625,-265.625,-31.25,210.9375
201015,-257.8125,-445.3125,-187.5,-351.5625,-7.8125,-140.625,-328.125,-39.0625,23.4375,-281.25,-179.6875,164.0625,-265.625,-31.25,210.9375
201022,-328.125,-515.625,-265.625,-390.625,62.5,-156.25,-367.1875,0.0,46.875,-312.5,-109.375,195.3125,-296.875,-7.8125,195.3125
201022,-328.125,-515.625,-265.625,-390.625,62.5,-156.25,-367.1875,0.0,46.875,-312.5,-109.375,195.3125,-296.875,-7.8125,195.3125
201030,-414.0625,-523.4375,-328.125,-421.875,156.25,-171.875,-390.625,78.125,54.6875,-343.75,-70.3125,226.5625,-296.875,7.8125,242.1875
201030,-414.0625,-523.4375,-328.125,-421.875,156.25,-171.875,-390.625,78.125,54.6875,-343.75,-70.3125,226.5625,-296.875,7.8125,242.1875
201031,-515.625,-468.75,-390.625,-460.9375,242.1875,-179.6875,-429.6875,156.25,70.3125,-351.5625,0.0,250.0,-343.75,70.3125,226.5625
201031,-515.625,-468.75,-390.625,-460.9375,242.1875,-179.6875,-429.6875,156.25,70.3125,-351.5625,0.0,250.0,-343.75,70.3125,226.5625
202273,257.8125,882.8125,-429.6875,-23.4375,-390.625,945.3125,757.8125,-539.0625,406.25,789.0625,-593.75,-46.875,617.1875,-765.625,-156.25
202273,257.8125,882.8125,-429.6875,-23.4375,-390.625,945.3125,757.8125,-539.0625,406.25,789.0625,-593.75,-46.875,617.1875,-765.625,-156.25
202281,257.8125,882.8125,-429.6875,-15.625,-390.625,937.5,757.8125,-531.25,414.0625,796.875,-593.75,-54.6875,625.0,-773.4375,-164.0625
202281,257.8125,882.8125,-429.6875,-15.625,-390.625,937.5,757.8125,-531.25,414.0625,796.875,-593.75,-54.6875,625.0,-773.4375,-164.0625
202281,250.0,875.0,-421.875,-23.4375,-398.4375,953.125,757.8125,-531.25,398.4375,796.875,-585.9375,-46.875,625.0,-765.625,-164.0625
202281,250.0,875.0,-421.875,-23.4375,-398.4375,953.125,757.8125,-531.25,398.4375,796.875,-585.9375,-46.875,625.0,-765.625,-164.0625
202289,257.8125,882.8125,-421.875,-23.4375,-398.4375,937.5,757.8125,-523.4375,414.0625,796.875,-585.9375,-54.6875,625.0,-765.625,-156.25
202289,257.8125,882.8125,-421.875,-23.4375,-398.4375,937.5,757.8125,-523.4375,414.0625,796.875,-585.9375,-54.6875,625.0,-765.625,-156.25
202370,257.8125,882.8125,-421.875,-31.25,-382.8125,953.125,750.0,-515.625,414.0625,789.0625,-585.9375,-54.6875,609.375,-757.8125,-164.0625
202370,257.8125,882.8125,-421.875,-31.25,-382.8125,953.125,750.0,-515.625,414.0625,789.0625,-585.9375,-54.6875,609.375,-757.8125,-164.0625
202378,257.8125,882.8125,-421.875,-23.4375,-382.8125,945.3125,750.0,-523.4375,414.0625,773.4375,-585.9375,-54.6875,625.0,-765.625,-156.25
202378,257.8125,882.8125,-421.875,-23.4375,-382.8125,945.3125,750.0,-523.4375,414.0625,773.4375,-585.9375,-54.6875,625.0,-765.625,-156.25
202386,250.0,890.625,-421.875,-23.4375,-390.625,929.6875,750.0,-515.625,414.0625,789.0625,-593.75,-46.875,617.1875,-757.8125,-156.25
202386,250.0,890.625,-421.875,-23.4375,-390.625,929.6875,750.0,-515.625,414.0625,789.0625,-593.75,-46.875,617.1875,-757.8125,-156.25
202386,257.8125,890.625,-421.875,-15.625,-398.4375,945.3125,750.0,-523.4375,414.0625,796.875,-585.9375,-46.875,617.1875,-765.625,-156.25
202386,257.8125,890.625,-421.875,-15.625,-398.4375,945.3125,750.0,-523.4375,414.0625,796.875,-585.9375,-46.875,617.1875,-765.625,-156.25
202531,265.625,890.625,-421.875,-23.4375,-398.4375,937.5,750.0,-523.4375,414.0625,789.0625,-578.125,-46.875,609.375,-757.8125,-164.0625
202531,265.625,890.625,-421.875,-23.4375,-398.4375,937.5,750.0,-523.4375,414.0625,789.0625,-578.125,-46.875,609.375,-757.8125,-164.0625
202539,265.625,875.0,-421.875,-15.625,-390.625,929.6875,757.8125,-531.25,398.4375,781.25,-578.125,-54.6875,617.1875,-757.8125,-164.0625
202539,265.625,875.0,-421.875,-15.625,-390.625,929.6875,757.8125,-531.25,398.4375,781.25,-578.125,-54.6875,617.1875,-757.8125,-164.0625
202547,257.8125,882.8125,-421.875,-15.625,-398.4375,937.5,757.8125,-523.4375,398.4375,789.0625,-578.125,-54.6875,617.1875,-757.8125,-156.25
202547,257.8125,882.8125,-421.875,-15.625,-398.4375,937.5,757.8125,-523.4375,398.4375,789.0625,-578.125,-54.6875,617.1875,-757.8125,-156.25
202547,257.8125,882.8125,-414.0625,-7.8125,-398.4375,945.3125,757.8125,-523.4375,406.25,789.0625,-585.9375,-54.6875,625.0,-757.8125,-148.4375
202547,257.8125,882.8125,-414.0625,-7.8125,-398.4375,945.3125,757.8125,-523.4375,406.25,789.0625,-585.9375,-54.6875,625.0,-757.8125,-148.4375
202692,242.1875,890.625,-421.875,-7.8125,-398.4375,968.75,781.25,-523.4375,421.875,812.5,-593.75,-62.5,640.625,-773.4375,-156.25
202692,242.1875,890.625,-421.875,-7.8125,-398.4375,968.75,781.25,-523.4375,421.875,812.5,-593.75,-62.5,640.625,-773.4375,-156.25
202699,250.0,906.25,-421.875,-7.8125,-414.0625,960.9375,781.25,-539.0625,421.875,812.5,-593.75,-39.0625,632.8125,-773.4375,-164.0625
202699,250.0,906.25,-421.875,-7.8125,-414.0625,960.9375,781.25,-539.0625,421.875,812.5,-593.75,-39.0625,632.8125,-773.4375,-164.0625
202708,265.625,906.25,-421.875,-7.8125,-406.25,953.125,765.625,-546.875,414.0625,804.6875,-601.5625,-46.875,632.8125,-773.4375,-156.25
202708,265.625,906.25,-421.875,-7.8125,-406.25,953.125,765.625,-546.875,414.0625,804.6875,-601.5625,-46.875,632.8125,-773.4375,-156.25
202708,273.4375,898.4375,-406.25,-15.625,-406.25,945.3125,765.625,-539.0625,406.25,804.6875,-601.5625,-70.3125,625.0,-781.25,-164.0625
202708,273.4375,898.4375,-406.25,-15.625,-406.25,945.3125,765.625,-539.0625,406.25,804.6875,-601.5625,-70.3125,625.0,-781.25,-164.0625
202854,335.9375,976.5625,-437.5,54.6875,-468.75,1062.5,875.0,-609.375,421.875,898.4375,-664.0625,-85.9375,695.3125,-851.5625,-203.125
202854,335.9375,976.5625,-437.5,54.6875,-468.75,1062.5,875.0,-609.375,421.875,898.4375,-664.0625,-85.9375,695.3125,-851.5625,-203.125
202861,335.9375,953.125,-429.6875,39.0625,-453.125,1046.875,882.8125,-585.9375,421.875,890.625,-664.0625,-85.9375,695.3125,-835.9375,-195.3125
202861,335.9375,953.125,-429.6875,39.0625,-453.125,1046.875,882.8125,-585.9375,421.875,890.625,-664.0625,-85.9375,695.3125,-835.9375,-195.3125
202868,328.125,929.6875,-421.875,39.0625,-453.125,1023.4375,859.375,-593.75,429.6875,890.625,-656.25,-85.9375,710.9375,-828.125,-203.125
202868,328.125,929.6875,-421.875,39.0625,-453.125,1023.4375,859.375,-593.75,429.6875,890.625,-656.25,-85.9375,710.9375,-828.125,-203.125
202870,328.125,929.6875,-414.0625,23.4375,-453.125,1015.625,843.75,-585.9375,414.0625,875.0,-664.0625,-93.75,718.75,-851.5625,-179.6875
202870,328.125,929.6875,-414.0625,23.4375,-453.125,1015.625,843.75,-585.9375,414.0625,875.0,-664.0625,-93.75,718.75,-851.5625,-179.6875
203015,117.1875,992.1875,-304.6875,-125.0,-460.9375,953.125,679.6875,-679.6875,523.4375,710.9375,-828.125,46.875,578.125,-921.875,93.75
203015,117.1875,992.1875,-304.6875,-125.0,-460.9375,953.125,679.6875,-679.6875,523.4375,710.9375,-828.125,46.875,578.125,-921.875,93.75
203023,148.4375,992.1875,-320.3125,-148.4375,-445.3125,921.875,632.8125,-648.4375,515.625,679.6875,-796.875,54.6875,570.3125,-882.8125,93.75
203023,148.4375,992.1875,-320.3125,-148.4375,-445.3125,921.875,632.8125,-648.4375,515.625,679.6875,-796.875,54.6875,570.3125,-882.8125,93.75
203031,164.0625,992.1875,-304.6875,-156.25,-414.0625,890.625,609.375,-625.0,507.8125,664.0625,-773.4375,54.6875,554.6875,-859.375,78.125
203031,164.0625,992.1875,-304.6875,-156.25,-414.0625,890.625,609.375,-625.0,507.8125,664.0625,-773.4375,54.6875,554.6875,-859.375,78.125
203031,140.625,1015.625,-250.0,-171.875,-398.4375,867.1875,601.5625,-609.375,492.1875,656.25,-765.625,39.0625,546.875,-867.1875,70.3125
203031,140.625,1015.625,-250.0,-171.875,-398.4375,867.1875,601.5625,-609.375,492.1875,656.25,-765.625,39.0625,546.875,-867.1875,70.3125
203176,-140.625,703.125,-70.3125,-562.5,-179.6875,406.25,-101.5625,-390.625,500.0,0.0,-609.375,257.8125,23.4375,-570.3125,304.6875
203176,-140.625,703.125,-70.3125,-562.5,-179.6875,406.25,-101.5625,-390.625,500.0,0.0,-609.375,257.8125,23.4375,-570.3125,304.6875
203184,-156.25,742.1875,-85.9375,-554.6875,-179.6875,398.4375,-117.1875,-398.4375,500.0,0.0,-585.9375,265.625,15.625,-554.6875,296.875
203184,-156.25,742.1875,-85.9375,-554.6875,-179.6875,398.4375,-117.1875,-398.4375,500.0,0.0,-585.9375,265.625,15.625,-554.6875,296.875
203191,-171.875,750.0,-70.3125,-562.5,-187.5,382.8125,-117.1875,-359.375,500.0,0.0,-562.5,273.4375,15.625,-531.25,289.0625
203191,-171.875,750.0,-70.3125,-562.5,-187.5,382.8125,-117.1875,-359.375,500.0,0.0,-562.5,273.4375,15.625,-531.25,289.0625
203191,-179.6875,750.0,-78.125,-570.3125,-187.5,367.1875,-101.5625,-367.1875,507.8125,23.4375,-562.5,281.25,31.25,-531.25,289.0625
203191,-179.6875,750.0,-78.125,-570.3125,-187.5,367.1875,-101.5625,-367.1875,507.8125,23.4375,-562.5,281.25,31.25,-531.25,289.0625
203338,-125.0,914.0625,187.5,-250.0,-382.8125,773.4375,125.0,-500.0,593.75,210.9375,-656.25,234.375,117.1875,-757.8125,125.0
203338,-125.0,914.0625,187.5,-250.0,-382.8125,773.4375,125.0,-500.0,593.75,210.9375,-656.25,234.375,117.1875,-757.8125,125.0
203346,-164.0625,960.9375,164.0625,-242.1875,-343.75,789.0625,171.875,-492.1875,617.1875,234.375,-664.0625,234.375,132.8125,-742.1875,125.0
203346,-164.0625,960.9375,164.0625,-242.1875,-343.75,789.0625,171.875,-492.1875,617.1875,234.375,-664.0625,234.375,132.8125,-742.1875,125.0
203354,-203.125,1007.8125,156.25,-250.0,-359.375,812.5,171.875,-492.1875,656.25,234.375,-679.6875,257.8125,132.8125,-742.1875,140.625
203354,-203.125,1007.8125,156.25,-250.0,-359.375,812.5,171.875,-492.1875,656.25,234.375,-679.6875,257.8125,132.8125,-742.1875,140.625
203354,-226.5625,1023.4375,148.4375,-242.1875,-343.75,804.6875,195.3125,-484.375,687.5,242.1875,-671.875,296.875,171.875,-718.75,187.5
203354,-226.5625,1023.4375,148.4375,-242.1875,-343.75,804.6875,195.3125,-484.375,687.5,242.1875,-671.875,296.875,171.875,-718.75,187.5
203499,187.5,1000.0,289.0625,-101.5625,-453.125,890.625,148.4375,-718.75,632.8125,382.8125,-804.6875,398.4375,351.5625,-789.0625,406.25
203499,187.5,1000.0,289.0625,-101.5625,-453.125,890.625,148.4375,-718.75,632.8125,382.8125,-804.6875,398.4375,351.5625,-789.0625,406.25
203507,203.125,1007.8125,289.0625,-93.75,-476.5625,906.25,156.25,-742.1875,632.8125,375.0,-820.3125,375.0,351.5625,-820.3125,398.4375
203507,203.125,1007.8125,289.0625,-93.75,-476.5625,906.25,156.25,-742.1875,632.8125,375.0,-820.3125,375.0,351.5625,-820.3125,398.4375
203515,187.5,1046.875,265.625,-78.125,-484.375,929.6875,140.625,-773.4375,632.8125,375.0,-835.9375,359.375,335.9375,-835.9375,382.8125
203515,187.5,1046.875,265.625,-78.125,-484.375,929.6875,140.625,-773.4375,632.8125,375.0,-835.9375,359.375,335.9375,-835.9375,382.8125
203515,195.3125,1054.6875,250.0,-78.125,-507.8125,937.5,156.25,-789.0625,640.625,367.1875,-859.375,375.0,328.125,-851.5625,359.375
203515,195.3125,1054.6875,250.0,-78.125,-507.8125,937.5,156.25,-789.0625,640.625,367.1875,-859.375,375.0,328.125,-851.5625,359.375
