174425,-2043.125,-11335.625,-21813.75
174425,-2043.125,-11335.625,-21813.75
174435,11125.625,-30218.125,-27986.875
174435,11125.625,-30218.125,-27986.875
174445,26390.0,18865.0,-27011.25
174445,26390.0,18865.0,-27011.25
174456,42962.5,27356.875,-29251.25
174456,42962.5,27356.875,-29251.25
174466,39182.5,18974.375,-29181.25
174466,39182.5,18974.375,-29181.25
174476,34632.5,27308.75,-23143.75
174476,34632.5,27308.75,-23143.75
174486,30887.5,37769.375,-7857.5
174486,30887.5,37769.375,-7857.5
174497,21787.5,42385.0,5643.75
174497,21787.5,42385.0,5643.75
174507,16791.25,39519.375,12022.5
174507,16791.25,39519.375,12022.5
174517,14288.75,28923.125,11598.125
174517,14288.75,28923.125,11598.125
174528,12915.0,17635.625,6448.75
174528,12915.0,17635.625,6448.75
174539,14538.125,11248.125,-568.75
174539,14538.125,11248.125,-568.75
174548,17110.625,7691.25,-6610.625
174548,17110.625,7691.25,-6610.625
174559,17040.625,4169.375,-10880.625
174559,17040.625,4169.375,-10880.625
174569,13107.5,752.5,-10513.125
174569,13107.5,752.5,-10513.125
174579,7888.125,-1631.875,-5814.375
174579,7888.125,-1631.875,-5814.375
174589,4445.0,-2598.75,236.25
174589,4445.0,-2598.75,236.25
174600,2944.375,-2235.625,4501.875
174600,2944.375,-2235.625,4501.875
174610,1378.125,-1925.0,5551.875
174610,1378.125,-1925.0,5551.875
174620,630.0,-2419.375,3351.25
174620,630.0,-2419.375,3351.25
174631,586.25,-341.25,398.125
174631,586.25,-341.25,398.125
174641,551.25,1811.25,-848.75
174641,551.25,1811.25,-848.75
174652,-1233.75,2773.75,-2021.25
174652,-1233.75,2773.75,-2021.25
174662,-1986.25,2323.125,-4313.75
174662,-1986.25,2323.125,-4313.75
174672,-30.625,931.875,-7310.625
174672,-30.625,931.875,-7310.625
174682,997.5,-997.5,-9961.875
174682,997.5,-997.5,-9961.875
174693,0.0,-4287.5,-9891.875
174693,0.0,-4287.5,-9891.875
174703,-2638.125,-8382.5,-7170.625
174703,-2638.125,-8382.5,-7170.625
174713,-3583.125,-9926.875,-5350.625
174713,-3583.125,-9926.875,-5350.625
174724,-1089.375,-8995.0,-5836.25
174724,-1089.375,-8995.0,-5836.25
174734,1728.125,-7813.75,-6387.5
174734,1728.125,-7813.75,-6387.5
174744,2270.625,-8649.375,-4265.625
174744,2270.625,-8649.375,-4265.625
174755,1513.75,-12035.625,74.375
174755,1513.75,-12035.625,74.375
174765,1111.25,-13746.25,2213.75
174765,1111.25,-13746.25,2213.75
174775,2655.625,-12127.5,1649.375
174775,2655.625,-12127.5,1649.375
174786,6278.125,-7971.25,-205.625
174786,6278.125,-7971.25,-205.625
174796,9318.75,-3368.75,-1780.625
174796,9318.75,-3368.75,-1780.625
174806,10583.125,131.25,-2467.5
174806,10583.125,131.25,-2467.5
174816,10491.25,1330.0,-1575.0
174816,10491.25,1330.0,-1575.0
174827,9305.625,192.5,-743.75
174827,9305.625,192.5,-743.75
174837,9410.625,-555.625,-1321.25
174837,9410.625,-555.625,-1321.25
174848,10272.5,533.75,-2983.75
174848,10272.5,533.75,-2983.75
174858,11025.0,2148.125,-4383.75
174858,11025.0,2148.125,-4383.75
174868,10622.5,1360.625,-4060.0
174868,10622.5,1360.625,-4060.0
174878,8850.625,-800.625,-3491.25
174878,8850.625,-800.625,-3491.25
174889,7288.75,-2765.0,-3167.5
174889,7288.75,-2765.0,-3167.5
174899,6645.625,-4235.0,-4208.75
174899,6645.625,-4235.0,-4208.75
174909,6041.875,-5083.75,-5512.5
174909,6041.875,-5083.75,-5512.5
174920,4733.75,-4515.0,-5858.125
174920,4733.75,-4515.0,-5858.125
174930,4011.875,-3346.875,-5280.625
174930,4011.875,-3346.875,-5280.625
174940,3342.5,-2493.75,-3443.125
174940,3342.5,-2493.75,-3443.125
174951,1553.125,-1916.25,-708.75
174951,1553.125,-1916.25,-708.75
174961,-170.625,-1785.0,1645.0
174961,-170.625,-1785.0,1645.0
174971,-577.5,-1929.375,2336.25
174971,-577.5,-1929.375,2336.25
174982,-503.125,-2012.5,1780.625
174982,-503.125,-2012.5,1780.625
174992,148.75,-1938.125,192.5
174992,148.75,-1938.125,192.5
175002,1036.875,-1583.75,-1365.0
175002,1036.875,-1583.75,-1365.0
175013,1601.25,-1645.0,-2703.75
175013,1601.25,-1645.0,-2703.75
175023,2349.375,-3088.75,-3268.125
175023,2349.375,-3088.75,-3268.125
175033,2371.25,-4646.25,-3530.625
175033,2371.25,-4646.25,-3530.625
175044,1557.5,-5967.5,-2603.125
175044,1557.5,-5967.5,-2603.125
175054,144.375,-7542.5,-1421.875
175054,144.375,-7542.5,-1421.875
175064,-805.0,-8732.5,-1430.625
175064,-805.0,-8732.5,-1430.625
175075,-1190.0,-9025.625,-2384.375
175075,-1190.0,-9025.625,-2384.375
175085,-1382.5,-9572.5,-3596.25
175085,-1382.5,-9572.5,-3596.25
175095,-857.5,-10045.0,-5018.125
175095,-857.5,-10045.0,-5018.125
175105,770.0,-9992.5,-6663.125
175105,770.0,-9992.5,-6663.125
175116,1610.0,-9331.875,-8006.25
175116,1610.0,-9331.875,-8006.25
175126,1841.875,-7328.125,-9130.625
175126,1841.875,-7328.125,-9130.625
175136,2152.5,-6055.0,-9231.25
175136,2152.5,-6055.0,-9231.25
175147,2712.5,-5875.625,-8334.375
175147,2712.5,-5875.625,-8334.375
175157,2506.875,-5670.0,-6527.5
175157,2506.875,-5670.0,-6527.5
175167,2445.625,-5499.375,-3898.125
175167,2445.625,-5499.375,-3898.125
175178,2078.125,-4725.0,-1872.5
175178,2078.125,-4725.0,-1872.5
175188,1540.0,-2961.875,-1006.25
175188,1540.0,-2961.875,-1006.25
175198,2060.625,-1019.375,-931.875
175198,2060.625,-1019.375,-931.875
175209,2345.0,678.125,-1036.875
175209,2345.0,678.125,-1036.875
175219,2730.0,1798.125,-1102.5
175219,2730.0,1798.125,-1102.5
175229,2983.75,2130.625,-958.125
175229,2983.75,2130.625,-958.125
175240,2301.25,1793.75,-765.625
175240,2301.25,1793.75,-765.625
175250,1356.25,1557.5,-748.125
175250,1356.25,1557.5,-748.125
175260,1916.25,1736.875,-1085.0
175260,1916.25,1736.875,-1085.0
175270,2305.625,1706.25,-875.0
175270,2305.625,1706.25,-875.0
175280,1273.125,1168.125,-113.75
175280,1273.125,1168.125,-113.75
175291,805.0,660.625,140.0
175291,805.0,660.625,140.0
175301,424.375,-118.125,113.75
175301,424.375,-118.125,113.75
175312,223.125,-901.25,-144.375
175312,223.125,-901.25,-144.375
175322,140.0,-1098.125,-595.0
175322,140.0,-1098.125,-595.0
175332,1085.0,-166.25,-936.25
175332,1085.0,-166.25,-936.25
175342,415.625,616.875,-179.375
175342,415.625,616.875,-179.375
175353,-586.25,700.0,656.25
175353,-586.25,700.0,656.25
175363,-1176.875,870.625,971.25
175363,-1176.875,870.625,971.25
175374,-1325.625,678.125,1246.875
175374,-1325.625,678.125,1246.875
175384,-1614.375,148.75,1793.75
175384,-1614.375,148.75,1793.75
175394,-1859.375,-494.375,2073.75
175394,-1859.375,-494.375,2073.75
175405,-1995.0,-1575.0,2323.125
175405,-1995.0,-1575.0,2323.125
175415,-2082.5,-2944.375,2292.5
175415,-2082.5,-2944.375,2292.5
175425,-3307.5,-3325.0,2314.375
175425,-3307.5,-3325.0,2314.375
175436,-4655.0,-2100.0,2489.375
175436,-4655.0,-2100.0,2489.375
175446,-4038.125,-669.375,2708.125
175446,-4038.125,-669.375,2708.125
175456,-3097.5,-385.0,2056.25
175456,-3097.5,-385.0,2056.25
175467,-1828.75,-61.25,800.625
175467,-1828.75,-61.25,800.625
175477,245.0,686.875,-1001.875
175477,245.0,686.875,-1001.875
175487,1881.25,1163.75,-2765.0
175487,1881.25,1163.75,-2765.0
175497,2366.875,1518.125,-3395.0
175497,2366.875,1518.125,-3395.0
175508,2524.375,1811.25,-3202.5
175508,2524.375,1811.25,-3202.5
175518,2703.75,1938.125,-2174.375
175518,2703.75,1938.125,-2174.375
175528,2091.25,1653.75,-1176.875
175528,2091.25,1653.75,-1176.875
175539,1715.0,1010.625,-415.625
175539,1715.0,1010.625,-415.625
175549,1509.375,175.0,-634.375
175549,1509.375,175.0,-634.375
175559,1566.25,-275.625,-901.25
175559,1566.25,-275.625,-901.25
175570,726.25,-271.25,-931.875
175570,726.25,-271.25,-931.875
175580,441.875,-26.25,-1448.125
175580,441.875,-26.25,-1448.125
175590,805.0,179.375,-2743.125
175590,805.0,179.375,-2743.125
175600,1395.625,376.25,-3386.25
175600,1395.625,376.25,-3386.25
175611,1583.75,844.375,-3001.25
175611,1583.75,844.375,-3001.25
175621,678.125,1185.625,-1776.25
175621,678.125,1185.625,-1776.25
175632,-52.5,1435.0,-1255.625
175632,-52.5,1435.0,-1255.625
175642,166.25,1894.375,-1758.75
175642,166.25,1894.375,-1758.75
175652,96.25,1601.25,-2253.125
175652,96.25,1601.25,-2253.125
175663,-240.625,450.625,-1977.5
175663,-240.625,450.625,-1977.5
175673,-940.625,-223.125,-1470.0
175673,-940.625,-223.125,-1470.0
175683,-896.875,-691.25,-1194.375
175683,-896.875,-691.25,-1194.375
175694,-669.375,-564.375,-1093.75
175694,-669.375,-564.375,-1093.75
175704,-1544.375,56.875,-691.25
175704,-1544.375,56.875,-691.25
175714,-2060.625,879.375,0.0
175714,-2060.625,879.375,0.0
175723,-2546.25,1697.5,498.75
175723,-2546.25,1697.5,498.75
175735,-2668.75,1430.625,564.375
175735,-2668.75,1430.625,564.375
175745,-2961.875,608.125,643.125
175745,-2961.875,608.125,643.125
175755,-3644.375,468.125,538.125
175755,-3644.375,468.125,538.125
175765,-3482.5,507.5,310.625
175765,-3482.5,507.5,310.625
175776,-2878.75,634.375,-551.25
175776,-2878.75,634.375,-551.25
175786,-1771.875,1006.25,-1785.0
175786,-1771.875,1006.25,-1785.0
175797,-428.75,1662.5,-2804.375
175797,-428.75,1662.5,-2804.375
175807,315.0,1741.25,-3731.875
175807,315.0,1741.25,-3731.875
175817,262.5,1439.375,-4935.0
175817,262.5,1439.375,-4935.0
175828,783.125,1758.75,-5801.25
175828,783.125,1758.75,-5801.25
175838,446.25,1951.25,-5963.125
175838,446.25,1951.25,-5963.125
175848,476.875,2467.5,-6518.75
175848,476.875,2467.5,-6518.75
175859,306.25,3185.0,-8299.375
175859,306.25,3185.0,-8299.375
175869,1347.5,4541.25,-10933.125
175869,1347.5,4541.25,-10933.125
175879,3123.75,6317.5,-14538.125
175879,3123.75,6317.5,-14538.125
175890,5678.75,8907.5,-18515.0
175890,5678.75,8907.5,-18515.0
175900,8286.25,11803.75,-23371.25
175900,8286.25,11803.75,-23371.25
175909,10355.625,14175.0,-28896.875
175909,10355.625,14175.0,-28896.875
175920,9629.375,20203.75,-34461.875
175920,9629.375,20203.75,-34461.875
175931,11051.25,27943.125,-42236.25
175931,11051.25,27943.125,-42236.25
175941,14218.75,35669.375,-50960.0
175941,14218.75,35669.375,-50960.0
175951,19888.75,47022.5,-64085.0
175951,19888.75,47022.5,-64085.0
175962,25130.0,59705.625,-80705.625
175962,25130.0,59705.625,-80705.625
175972,23161.25,71579.375,-97230.0
175972,23161.25,71579.375,-97230.0
175983,24053.75,82263.125,-119525.0
175983,24053.75,82263.125,-119525.0
175993,25309.375,85540.0,-141273.125
175993,25309.375,85540.0,-141273.125
176003,25335.625,82407.5,-143355.625
176003,25335.625,82407.5,-143355.625
176013,-9126.25,30091.25,-125470.625
176013,-9126.25,30091.25,-125470.625
176024,-34221.25,3876.25,-120575.0
176024,-34221.25,3876.25,-120575.0
176033,12228.125,5845.0,-143355.625
176033,12228.125,5845.0,-143355.625
176044,43054.375,428.75,-143355.625
176044,43054.375,428.75,-143355.625
176055,63485.625,-1483.125,-142821.875
176055,63485.625,-1483.125,-142821.875
176065,74685.625,-4606.875,-143355.625
176065,74685.625,-4606.875,-143355.625
176075,87250.625,-5823.125,-143355.625
176075,87250.625,-5823.125,-143355.625
176085,79721.25,-16467.5,-143346.875
176085,79721.25,-16467.5,-143346.875
176096,102558.75,-49564.375,-143355.625
176096,102558.75,-49564.375,-143355.625
176106,143355.625,-98498.75,-143355.625
176106,143355.625,-98498.75,-143355.625
176116,141846.25,-93821.875,-143355.625
176116,141846.25,-93821.875,-143355.625
176127,114366.875,-90706.875,-143355.625
176127,114366.875,-90706.875,-143355.625
176137,128485.0,-63949.375,-143355.625
176137,128485.0,-63949.375,-143355.625
176147,143355.625,-56503.125,-143355.625
176147,143355.625,-56503.125,-143355.625
176158,143355.625,-57986.25,-143355.625
176158,143355.625,-57986.25,-143355.625
176168,142992.5,-50365.0,-143355.625
176168,142992.5,-50365.0,-143355.625
176179,143355.625,-42691.25,-143355.625
176179,143355.625,-42691.25,-143355.625
176188,143355.625,-44095.625,-143355.625
176188,143355.625,-44095.625,-143355.625
176199,143351.25,-45088.75,-143355.625
176199,143351.25,-45088.75,-143355.625
176209,143355.625,-56310.625,-143355.625
176209,143355.625,-56310.625,-143355.625
176220,143355.625,-76518.75,-143355.625
176220,143355.625,-76518.75,-143355.625
176230,143355.625,-90702.5,-143355.625
176230,143355.625,-90702.5,-143355.625
176240,143355.625,-90216.875,-143355.625
176240,143355.625,-90216.875,-143355.625
176251,143355.625,-76483.75,-143355.625
176251,143355.625,-76483.75,-143355.625
176261,143355.625,-54661.25,-143355.625
176261,143355.625,-54661.25,-143355.625
176271,143355.625,-51843.75,-143355.625
176271,143355.625,-51843.75,-143355.625
176282,143355.625,-60847.5,-143355.625
176282,143355.625,-60847.5,-143355.625
176292,143355.625,-69247.5,-143355.625
176292,143355.625,-69247.5,-143355.625
176302,143355.625,-74917.5,-143355.625
176302,143355.625,-74917.5,-143355.625
176312,143355.625,-69860.0,-143355.625
176312,143355.625,-69860.0,-143355.625
176323,143355.625,-64548.75,-143355.625
176323,143355.625,-64548.75,-143355.625
176333,143355.625,-50461.25,-143355.625
176333,143355.625,-50461.25,-143355.625
176343,143355.625,-30528.75,-139313.125
176343,143355.625,-30528.75,-139313.125
176354,143355.625,-15015.0,-107126.25
176354,143355.625,-15015.0,-107126.25
176364,141312.5,-5337.5,-76304.375
176364,141312.5,-5337.5,-76304.375
176375,121279.375,-3316.25,-56157.5
176375,121279.375,-3316.25,-56157.5
176385,99028.125,-735.0,-39191.25
176385,99028.125,-735.0,-39191.25
176395,91315.0,7765.625,-26866.875
176395,91315.0,7765.625,-26866.875
176405,91494.375,16060.625,-9108.75
176405,91494.375,16060.625,-9108.75
176416,93572.5,18755.625,5206.25
176416,93572.5,18755.625,5206.25
176426,89661.25,17981.25,12473.125
176426,89661.25,17981.25,12473.125
176436,87430.0,14748.125,18860.625
176436,87430.0,14748.125,18860.625
176447,93625.0,8824.375,21083.125
176447,93625.0,8824.375,21083.125
176457,102725.0,2756.25,15461.25
176457,102725.0,2756.25,15461.25
176467,106850.625,822.5,4086.25
176467,106850.625,822.5,4086.25
176478,105424.375,2419.375,-3815.0
176478,105424.375,2419.375,-3815.0
176488,105546.875,4064.375,-2100.0
176488,105546.875,4064.375,-2100.0
176498,108023.125,-253.75,8837.5
176498,108023.125,-253.75,8837.5
176508,109169.375,-13855.625,27291.25
176508,109169.375,-13855.625,27291.25
176519,109917.5,-23712.5,48956.25
176519,109917.5,-23712.5,48956.25
176529,103009.375,-21879.375,55851.25
176529,103009.375,-21879.375,55851.25
176539,88213.125,-17626.875,50588.125
176539,88213.125,-17626.875,50588.125
176550,76304.375,-10806.25,36448.125
176550,76304.375,-10806.25,36448.125
176560,73408.125,-12096.875,18755.625
176560,73408.125,-12096.875,18755.625
176571,68573.75,-15828.75,-1793.75
176571,68573.75,-15828.75,-1793.75
176581,56581.875,-8159.375,-170.625
176581,56581.875,-8159.375,-170.625
176591,62973.75,-11200.0,19145.0
176591,62973.75,-11200.0,19145.0
176601,59285.625,-19866.875,1413.125
176601,59285.625,-19866.875,1413.125
176612,33503.75,-13855.625,-23550.625
176612,33503.75,-13855.625,-23550.625
176622,16520.0,-4672.5,-22233.75
176622,16520.0,-4672.5,-22233.75
176632,2944.375,1036.875,-9988.125
176632,2944.375,1036.875,-9988.125
176643,7472.5,7179.375,-2550.625
176643,7472.5,7179.375,-2550.625
176653,10657.5,6807.5,2266.25
176653,10657.5,6807.5,2266.25
176663,16835.0,-4462.5,2537.5
176663,16835.0,-4462.5,2537.5
176674,18081.875,-546.875,-13378.75
176674,18081.875,-546.875,-13378.75
176684,-9690.625,47250.0,-51218.125
176684,-9690.625,47250.0,-51218.125
176694,-23161.25,88606.875,-69606.25
176694,-23161.25,88606.875,-69606.25
176705,-11961.25,87635.625,-65161.25
176705,-11961.25,87635.625,-65161.25
176715,-9747.5,84109.375,-63616.875
176715,-9747.5,84109.375,-63616.875
176725,-14065.625,89503.75,-68031.25
176725,-14065.625,89503.75,-68031.25
176735,-15181.25,84826.875,-69265.0
176735,-15181.25,84826.875,-69265.0
176746,-17482.5,71771.875,-54468.75
176746,-17482.5,71771.875,-54468.75
176756,-22435.0,60624.375,-31486.875
176756,-22435.0,60624.375,-31486.875
176767,-21516.25,50124.375,-4458.125
176767,-21516.25,50124.375,-4458.125
176776,-17434.375,36907.5,22207.5
176776,-17434.375,36907.5,22207.5
176787,-14953.75,27916.875,38294.375
176787,-14953.75,27916.875,38294.375
176798,-20798.75,20426.875,43684.375
176798,-20798.75,20426.875,43684.375
176808,-29378.125,10132.5,45670.625
176808,-29378.125,10132.5,45670.625
176818,-32445.0,752.5,48146.875
176818,-32445.0,752.5,48146.875
176828,-26363.75,-3539.375,45333.75
176828,-26363.75,-3539.375,45333.75
176839,-24333.75,-5897.5,36194.375
176839,-24333.75,-5897.5,36194.375
176849,-23086.875,-7870.625,23830.625
176849,-23086.875,-7870.625,23830.625
176859,-10976.875,-595.0,6768.125
176859,-10976.875,-595.0,6768.125
176870,-2384.375,18051.25,-14621.25
176870,-2384.375,18051.25,-14621.25
176880,4615.625,33709.375,-27715.625
176880,4615.625,33709.375,-27715.625
176890,7805.0,39803.75,-33131.875
176890,7805.0,39803.75,-33131.875
176901,7043.75,37970.625,-30607.5
176901,7043.75,37970.625,-30607.5
176911,7958.125,32650.625,-21735.0
176911,7958.125,32650.625,-21735.0
176922,8627.5,27090.0,-11335.625
176922,8627.5,27090.0,-11335.625
176932,2966.25,20667.5,-1470.0
176932,2966.25,20667.5,-1470.0
176942,-2870.0,12394.375,6868.75
176942,-2870.0,12394.375,6868.75
176952,844.375,5643.75,16025.625
176952,844.375,5643.75,16025.625
176963,-1855.0,2078.125,23559.375
176963,-1855.0,2078.125,23559.375
176973,-9725.625,-2747.5,29487.5
176973,-9725.625,-2747.5,29487.5
176983,-13689.375,-8185.625,34304.375
176983,-13689.375,-8185.625,34304.375
176994,-16948.75,-13772.5,41619.375
176994,-16948.75,-13772.5,41619.375
177004,-10215.625,-14708.75,44187.5
177004,-10215.625,-14708.75,44187.5
177014,-5088.125,-14459.375,44244.375
177014,-5088.125,-14459.375,44244.375
177024,-5648.125,-14621.25,38950.625
177024,-5648.125,-14621.25,38950.625
177035,-4130.0,-13881.875,32970.0
177035,-4130.0,-13881.875,32970.0
177045,-3351.25,-13763.75,26683.125
177045,-3351.25,-13763.75,26683.125
177055,-2502.5,-14437.5,19464.375
177055,-2502.5,-14437.5,19464.375
177066,-2725.625,-14643.125,14161.875
177066,-2725.625,-14643.125,14161.875
177076,-1824.375,-11650.625,12661.25
177076,-1824.375,-11650.625,12661.25
177086,984.375,-8925.0,12355.0
177086,984.375,-8925.0,12355.0
177097,4326.875,-8120.0,12573.75
177097,4326.875,-8120.0,12573.75
177107,3233.125,-7406.875,10587.5
177107,3233.125,-7406.875,10587.5
177118,3307.5,-6321.875,8583.75
177118,3307.5,-6321.875,8583.75
177128,4200.0,-4869.375,7529.375
177128,4200.0,-4869.375,7529.375
177138,4681.25,-3430.0,5341.875
177138,4681.25,-3430.0,5341.875
177148,2428.125,-1938.125,1369.375
177148,2428.125,-1938.125,1369.375
177158,1461.25,520.625,-1478.75
177158,1461.25,520.625,-1478.75
177169,2209.375,2918.125,-2944.375
177169,2209.375,2918.125,-2944.375
177179,2436.875,4256.875,-3863.125
177179,2436.875,4256.875,-3863.125
177190,1124.375,5788.125,-3928.75
177190,1124.375,5788.125,-3928.75
177200,-560.0,5573.75,-2791.25
177200,-560.0,5573.75,-2791.25
177210,-6457.5,3552.5,65.625
177210,-6457.5,3552.5,65.625
177220,-721.875,5538.75,-1649.375
177220,-721.875,5538.75,-1649.375
177231,5276.25,9891.875,-4143.125
177231,5276.25,9891.875,-4143.125
177241,-4690.0,7840.0,-3106.25
177241,-4690.0,7840.0,-3106.25
177251,-6028.75,6046.25,-3075.625
177251,-6028.75,6046.25,-3075.625
177261,2804.375,9817.5,-3320.625
177261,2804.375,9817.5,-3320.625
177273,1750.0,10780.0,-2218.125
177273,1750.0,10780.0,-2218.125
177282,-2673.125,8260.0,-1054.375
177282,-2673.125,8260.0,-1054.375
177293,-4147.5,6466.25,-376.25
177293,-4147.5,6466.25,-376.25
177303,1255.625,7599.375,-809.375
177303,1255.625,7599.375,-809.375
177314,2445.625,8185.625,-1155.0
177314,2445.625,8185.625,-1155.0
177324,-660.625,6724.375,-1942.5
177324,-660.625,6724.375,-1942.5
177334,-2607.5,5801.25,-2541.875
177334,-2607.5,5801.25,-2541.875
177344,-1207.5,5473.125,-1850.625
177344,-1207.5,5473.125,-1850.625
177355,1465.625,6107.5,-1439.375
177355,1465.625,6107.5,-1439.375
177365,2030.0,6020.0,-1806.875
177365,2030.0,6020.0,-1806.875
177375,1456.875,5547.5,-2100.0
177375,1456.875,5547.5,-2100.0
177386,1561.875,5149.375,-2349.375
177386,1561.875,5149.375,-2349.375
177396,1929.375,5359.375,-2091.25
177396,1929.375,5359.375,-2091.25
177406,367.5,4663.75,-1430.625
177406,367.5,4663.75,-1430.625
177416,-345.625,3994.375,-1701.875
177416,-345.625,3994.375,-1701.875
177427,511.875,4388.125,-2646.875
177427,511.875,4388.125,-2646.875
177437,-148.75,3871.875,-2660.0
177437,-148.75,3871.875,-2660.0
177447,-538.125,2270.625,-1548.75
177447,-538.125,2270.625,-1548.75
177458,140.0,1688.75,-1168.125
177458,140.0,1688.75,-1168.125
177469,205.625,1430.625,-503.125
177469,205.625,1430.625,-503.125
177478,-691.25,166.25,-26.25
177478,-691.25,166.25,-26.25
177489,-1356.25,-389.375,13.125
177489,-1356.25,-389.375,13.125
177499,-1553.125,-166.25,328.125
177499,-1553.125,-166.25,328.125
177509,-1653.75,-310.625,376.25
177509,-1653.75,-310.625,376.25
177520,-1487.5,-616.875,586.25
177520,-1487.5,-616.875,586.25
177530,-940.625,-958.125,743.75
177530,-940.625,-958.125,743.75
177540,-695.625,-971.25,240.625
177540,-695.625,-971.25,240.625
177551,8.75,-415.625,-481.25
177551,8.75,-415.625,-481.25
