198920,-65.625,4.375,-8.75
198920,-65.625,4.375,-8.75
198930,-35.0,-4.375,-13.125
198930,-35.0,-4.375,-13.125
199082,-13.125,-13.125,-13.125
199082,-13.125,-13.125,-13.125
199092,-43.75,-4.375,-4.375
199092,-43.75,-4.375,-4.375
199163,-13.125,0.0,-87.5
199163,-13.125,0.0,-87.5
199173,26.25,-8.75,-109.375
199173,26.25,-8.75,-109.375
199324,87.5,-48.125,-135.625
199324,87.5,-48.125,-135.625
199334,223.125,-109.375,-157.5
199334,223.125,-109.375,-157.5
199485,-96.25,21.875,-17.5
199485,-96.25,21.875,-17.5
199496,-100.625,26.25,-17.5
199496,-100.625,26.25,-17.5
199647,83.125,-35.0,-118.125
199647,83.125,-35.0,-118.125
199657,52.5,-26.25,-118.125
199657,52.5,-26.25,-118.125
199808,48.125,-30.625,-131.25
199808,48.125,-30.625,-131.25
199818,39.375,-30.625,-126.875
199818,39.375,-30.625,-126.875
200293,4.375,-43.75,65.625
200293,4.375,-43.75,65.625
200303,8.75,-35.0,70.0
200303,8.75,-35.0,70.0
200615,-4427.5,1929.375,5722.5
200615,-4427.5,1929.375,5722.5
200626,-4567.5,1824.375,6903.75
200626,-4567.5,1824.375,6903.75
201019,-3018.75,9555.0,-20448.75
201019,-3018.75,9555.0,-20448.75
201029,-7625.625,8780.625,-19250.0
201029,-7625.625,8780.625,-19250.0
202271,74.375,-170.625,43.75
202271,74.375,-170.625,43.75
202281,96.25,-170.625,0.0
202281,96.25,-170.625,0.0
202371,-30.625,26.25,-17.5
202371,-30.625,26.25,-17.5
202381,-30.625,0.0,-65.625
202381,-30.625,0.0,-65.625
202533,-61.25,-8.75,0.0
202533,-61.25,-8.75,0.0
202543,-70.0,-35.0,-21.875
202543,-70.0,-35.0,-21.875
202694,350.0,-266.875,-144.375
202694,350.0,-266.875,-144.375
202704,148.75,-113.75,-249.375
202704,148.75,-113.75,-249.375
202855,2113.125,-1220.625,-3294.375
202855,2113.125,-1220.625,-3294.375
202866,2003.75,-905.625,-3438.75
202866,2003.75,-905.625,-3438.75
203017,4099.375,-3517.5,-11112.5
203017,4099.375,-3517.5,-11112.5
203027,4025.0,-3478.125,-11440.625
203027,4025.0,-3478.125,-11440.625
203179,10434.375,-13772.5,-284.375
203179,10434.375,-13772.5,-284.375
203188,10661.875,-15085.0,647.5
203188,10661.875,-15085.0,647.5
203340,2016.875,-14306.25,13033.125
203340,2016.875,-14306.25,13033.125
203350,1785.0,-14406.875,13356.875
203350,1785.0,-14406.875,13356.875
203501,1820.0,-927.5,6409.375
203501,1820.0,-927.5,6409.375
203511,1828.75,-1693.125,5538.75
203511,1828.75,-1693.125,5538.75
