172844,304.6875,812.5,515.625,0.0,-679.6875,765.625,320.3125,-890.625,367.1875,593.75,-789.0625,85.9375,656.25,-710.9375,234.375
172844,304.6875,812.5,515.625,0.0,-679.6875,765.625,320.3125,-890.625,367.1875,593.75,-789.0625,85.9375,656.25,-710.9375,234.375
172845,312.5,820.3125,507.8125,0.0,-671.875,757.8125,320.3125,-882.8125,375.0,593.75,-796.875,93.75,656.25,-710.9375,234.375
172845,312.5,820.3125,507.8125,0.0,-671.875,757.8125,320.3125,-882.8125,375.0,593.75,-796.875,93.75,656.25,-710.9375,234.375
172852,304.6875,812.5,507.8125,0.0,-671.875,757.8125,312.5,-882.8125,367.1875,593.75,-789.0625,85.9375,664.0625,-710.9375,234.375
172852,304.6875,812.5,507.8125,0.0,-671.875,757.8125,312.5,-882.8125,367.1875,593.75,-789.0625,85.9375,664.0625,-710.9375,234.375
172861,304.6875,820.3125,507.8125,-7.8125,-671.875,765.625,312.5,-882.8125,375.0,585.9375,-796.875,93.75,648.4375,-710.9375,234.375
172861,304.6875,820.3125,507.8125,-7.8125,-671.875,765.625,312.5,-882.8125,375.0,585.9375,-796.875,93.75,648.4375,-710.9375,234.375
173006,304.6875,796.875,507.8125,-7.8125,-695.3125,757.8125,320.3125,-898.4375,367.1875,593.75,-796.875,85.9375,664.0625,-718.75,242.1875
173006,304.6875,796.875,507.8125,-7.8125,-695.3125,757.8125,320.3125,-898.4375,367.1875,593.75,-796.875,85.9375,664.0625,-718.75,242.1875
173006,304.6875,804.6875,507.8125,7.8125,-679.6875,757.8125,320.3125,-898.4375,359.375,593.75,-796.875,101.5625,664.0625,-718.75,242.1875
173006,304.6875,804.6875,507.8125,7.8125,-679.6875,757.8125,320.3125,-898.4375,359.375,593.75,-796.875,101.5625,664.0625,-718.75,242.1875
173014,304.6875,804.6875,515.625,0.0,-679.6875,765.625,328.125,-890.625,367.1875,593.75,-804.6875,93.75,664.0625,-718.75,242.1875
173014,304.6875,804.6875,515.625,0.0,-679.6875,765.625,328.125,-890.625,367.1875,593.75,-804.6875,93.75,664.0625,-718.75,242.1875
173022,312.5,804.6875,507.8125,0.0,-679.6875,765.625,328.125,-890.625,367.1875,593.75,-804.6875,85.9375,656.25,-718.75,242.1875
173022,312.5,804.6875,507.8125,0.0,-679.6875,765.625,328.125,-890.625,367.1875,593.75,-804.6875,85.9375,656.25,-718.75,242.1875
173167,304.6875,804.6875,507.8125,0.0,-679.6875,765.625,320.3125,-890.625,367.1875,593.75,-804.6875,85.9375,656.25,-718.75,242.1875
173167,304.6875,804.6875,507.8125,0.0,-679.6875,765.625,320.3125,-890.625,367.1875,593.75,-804.6875,85.9375,656.25,-718.75,242.1875
173167,312.5,804.6875,507.8125,-7.8125,-679.6875,765.625,312.5,-890.625,367.1875,593.75,-796.875,85.9375,656.25,-718.75,234.375
173167,312.5,804.6875,507.8125,-7.8125,-679.6875,765.625,312.5,-890.625,367.1875,593.75,-796.875,85.9375,656.25,-718.75,234.375
173175,312.5,812.5,515.625,-7.8125,-679.6875,765.625,328.125,-882.8125,367.1875,585.9375,-789.0625,85.9375,664.0625,-718.75,242.1875
173175,312.5,812.5,515.625,-7.8125,-679.6875,765.625,328.125,-882.8125,367.1875,585.9375,-789.0625,85.9375,664.0625,-718.75,242.1875
173183,304.6875,812.5,507.8125,-7.8125,-679.6875,757.8125,328.125,-882.8125,367.1875,593.75,-796.875,85.9375,648.4375,-710.9375,234.375
173183,304.6875,812.5,507.8125,-7.8125,-679.6875,757.8125,328.125,-882.8125,367.1875,593.75,-796.875,85.9375,648.4375,-710.9375,234.375
173328,304.6875,812.5,507.8125,-7.8125,-679.6875,781.25,328.125,-882.8125,367.1875,593.75,-796.875,93.75,656.25,-718.75,234.375
173328,304.6875,812.5,507.8125,-7.8125,-679.6875,781.25,328.125,-882.8125,367.1875,593.75,-796.875,93.75,656.25,-718.75,234.375
173328,312.5,812.5,523.4375,0.0,-679.6875,781.25,320.3125,-890.625,375.0,601.5625,-796.875,85.9375,656.25,-718.75,226.5625
173328,312.5,812.5,523.4375,0.0,-679.6875,781.25,320.3125,-890.625,375.0,601.5625,-796.875,85.9375,656.25,-718.75,226.5625
173336,304.6875,812.5,507.8125,0.0,-679.6875,765.625,320.3125,-890.625,367.1875,585.9375,-796.875,93.75,664.0625,-718.75,242.1875
173336,304.6875,812.5,507.8125,0.0,-679.6875,765.625,320.3125,-890.625,367.1875,585.9375,-796.875,93.75,664.0625,-718.75,242.1875
173344,304.6875,804.6875,507.8125,-7.8125,-687.5,765.625,328.125,-906.25,359.375,601.5625,-804.6875,93.75,664.0625,-718.75,242.1875
173344,304.6875,804.6875,507.8125,-7.8125,-687.5,765.625,328.125,-906.25,359.375,601.5625,-804.6875,93.75,664.0625,-718.75,242.1875
173506,304.6875,812.5,500.0,0.0,-679.6875,757.8125,320.3125,-882.8125,359.375,593.75,-796.875,85.9375,656.25,-710.9375,234.375
173506,304.6875,812.5,500.0,0.0,-679.6875,757.8125,320.3125,-882.8125,359.375,593.75,-796.875,85.9375,656.25,-710.9375,234.375
173506,304.6875,804.6875,515.625,-7.8125,-687.5,757.8125,320.3125,-890.625,367.1875,593.75,-796.875,93.75,656.25,-710.9375,242.1875
173506,304.6875,804.6875,515.625,-7.8125,-687.5,757.8125,320.3125,-890.625,367.1875,593.75,-796.875,93.75,656.25,-710.9375,242.1875
173514,312.5,804.6875,515.625,0.0,-679.6875,773.4375,320.3125,-890.625,367.1875,585.9375,-796.875,85.9375,664.0625,-718.75,242.1875
173514,312.5,804.6875,515.625,0.0,-679.6875,773.4375,320.3125,-890.625,367.1875,585.9375,-796.875,85.9375,664.0625,-718.75,242.1875
173635,304.6875,820.3125,515.625,-7.8125,-687.5,773.4375,328.125,-898.4375,382.8125,593.75,-812.5,93.75,664.0625,-734.375,257.8125
173635,304.6875,820.3125,515.625,-7.8125,-687.5,773.4375,328.125,-898.4375,382.8125,593.75,-812.5,93.75,664.0625,-734.375,257.8125
173643,304.6875,812.5,515.625,-7.8125,-679.6875,773.4375,320.3125,-898.4375,375.0,601.5625,-804.6875,101.5625,656.25,-726.5625,242.1875
173643,304.6875,812.5,515.625,-7.8125,-679.6875,773.4375,320.3125,-898.4375,375.0,601.5625,-804.6875,101.5625,656.25,-726.5625,242.1875
173643,296.875,812.5,515.625,-15.625,-687.5,773.4375,320.3125,-898.4375,382.8125,601.5625,-812.5,101.5625,664.0625,-734.375,257.8125
173643,296.875,812.5,515.625,-15.625,-687.5,773.4375,320.3125,-898.4375,382.8125,601.5625,-812.5,101.5625,664.0625,-734.375,257.8125
173651,296.875,804.6875,507.8125,-7.8125,-695.3125,773.4375,320.3125,-898.4375,382.8125,601.5625,-812.5,101.5625,656.25,-734.375,257.8125
173651,296.875,804.6875,507.8125,-7.8125,-695.3125,773.4375,320.3125,-898.4375,382.8125,601.5625,-812.5,101.5625,656.25,-734.375,257.8125
173796,296.875,843.75,492.1875,-7.8125,-679.6875,812.5,320.3125,-914.0625,421.875,601.5625,-843.75,132.8125,664.0625,-750.0,289.0625
173796,296.875,843.75,492.1875,-7.8125,-679.6875,812.5,320.3125,-914.0625,421.875,601.5625,-843.75,132.8125,664.0625,-750.0,289.0625
173805,296.875,843.75,500.0,-15.625,-679.6875,804.6875,320.3125,-921.875,429.6875,593.75,-843.75,140.625,656.25,-757.8125,289.0625
173805,296.875,843.75,500.0,-15.625,-679.6875,804.6875,320.3125,-921.875,429.6875,593.75,-843.75,140.625,656.25,-757.8125,289.0625
173805,304.6875,851.5625,500.0,-23.4375,-679.6875,812.5,328.125,-921.875,429.6875,601.5625,-851.5625,132.8125,664.0625,-757.8125,289.0625
173805,304.6875,851.5625,500.0,-23.4375,-679.6875,812.5,328.125,-921.875,429.6875,601.5625,-851.5625,132.8125,664.0625,-757.8125,289.0625
173812,304.6875,843.75,484.375,-23.4375,-679.6875,820.3125,320.3125,-914.0625,421.875,601.5625,-851.5625,125.0,656.25,-757.8125,296.875
173812,304.6875,843.75,484.375,-23.4375,-679.6875,820.3125,320.3125,-914.0625,421.875,601.5625,-851.5625,125.0,656.25,-757.8125,296.875
173958,296.875,867.1875,468.75,-39.0625,-640.625,820.3125,289.0625,-898.4375,429.6875,562.5,-843.75,125.0,632.8125,-757.8125,304.6875
173958,296.875,867.1875,468.75,-39.0625,-640.625,820.3125,289.0625,-898.4375,429.6875,562.5,-843.75,125.0,632.8125,-757.8125,304.6875
173966,289.0625,859.375,460.9375,-46.875,-640.625,812.5,281.25,-898.4375,421.875,554.6875,-843.75,117.1875,617.1875,-757.8125,257.8125
173966,289.0625,859.375,460.9375,-46.875,-640.625,812.5,281.25,-898.4375,421.875,554.6875,-843.75,117.1875,617.1875,-757.8125,257.8125
173966,289.0625,867.1875,460.9375,-46.875,-640.625,812.5,273.4375,-898.4375,421.875,554.6875,-843.75,117.1875,632.8125,-750.0,289.0625
173966,289.0625,867.1875,460.9375,-46.875,-640.625,812.5,273.4375,-898.4375,421.875,554.6875,-843.75,117.1875,632.8125,-750.0,289.0625
173974,289.0625,859.375,460.9375,-54.6875,-640.625,796.875,289.0625,-898.4375,421.875,546.875,-843.75,125.0,617.1875,-742.1875,273.4375
173974,289.0625,859.375,460.9375,-54.6875,-640.625,796.875,289.0625,-898.4375,421.875,546.875,-843.75,125.0,617.1875,-742.1875,273.4375
174119,257.8125,796.875,421.875,-62.5,-593.75,757.8125,242.1875,-835.9375,398.4375,500.0,-804.6875,109.375,570.3125,-718.75,250.0
174119,257.8125,796.875,421.875,-62.5,-593.75,757.8125,242.1875,-835.9375,398.4375,500.0,-804.6875,109.375,570.3125,-718.75,250.0
174127,250.0,804.6875,429.6875,-70.3125,-593.75,757.8125,242.1875,-835.9375,398.4375,492.1875,-796.875,109.375,570.3125,-710.9375,250.0
174127,250.0,804.6875,429.6875,-70.3125,-593.75,757.8125,242.1875,-835.9375,398.4375,492.1875,-796.875,109.375,570.3125,-710.9375,250.0
174127,257.8125,812.5,421.875,-62.5,-585.9375,757.8125,242.1875,-828.125,398.4375,507.8125,-796.875,109.375,562.5,-718.75,250.0
174127,257.8125,812.5,421.875,-62.5,-585.9375,757.8125,242.1875,-828.125,398.4375,507.8125,-796.875,109.375,562.5,-718.75,250.0
174135,257.8125,820.3125,429.6875,-62.5,-593.75,757.8125,234.375,-835.9375,398.4375,492.1875,-796.875,109.375,562.5,-718.75,250.0
174135,257.8125,820.3125,429.6875,-62.5,-593.75,757.8125,234.375,-835.9375,398.4375,492.1875,-796.875,109.375,562.5,-718.75,250.0
174279,281.25,851.5625,421.875,-70.3125,-593.75,804.6875,250.0,-867.1875,437.5,515.625,-828.125,148.4375,570.3125,-734.375,265.625
174279,281.25,851.5625,421.875,-70.3125,-593.75,804.6875,250.0,-867.1875,437.5,515.625,-828.125,148.4375,570.3125,-734.375,265.625
174289,289.0625,851.5625,414.0625,-70.3125,-593.75,812.5,257.8125,-859.375,437.5,507.8125,-820.3125,140.625,585.9375,-742.1875,273.4375
174289,289.0625,851.5625,414.0625,-70.3125,-593.75,812.5,257.8125,-859.375,437.5,507.8125,-820.3125,140.625,585.9375,-742.1875,273.4375
174289,289.0625,859.375,421.875,-62.5,-585.9375,812.5,257.8125,-859.375,437.5,515.625,-835.9375,148.4375,585.9375,-734.375,281.25
174289,289.0625,859.375,421.875,-62.5,-585.9375,812.5,257.8125,-859.375,437.5,515.625,-835.9375,148.4375,585.9375,-734.375,281.25
174296,281.25,867.1875,414.0625,-78.125,-585.9375,812.5,250.0,-859.375,445.3125,515.625,-828.125,148.4375,585.9375,-742.1875,281.25
174296,281.25,867.1875,414.0625,-78.125,-585.9375,812.5,250.0,-859.375,445.3125,515.625,-828.125,148.4375,585.9375,-742.1875,281.25
174538,648.4375,1093.75,320.3125,210.9375,-742.1875,1414.0625,765.625,-1031.25,976.5625,1187.5,-867.1875,656.25,1218.75,-710.9375,804.6875
174538,648.4375,1093.75,320.3125,210.9375,-742.1875,1414.0625,765.625,-1031.25,976.5625,1187.5,-867.1875,656.25,1218.75,-710.9375,804.6875
174546,656.25,1085.9375,328.125,226.5625,-789.0625,1445.3125,789.0625,-1187.5,1000.0,1195.3125,-906.25,640.625,1210.9375,-765.625,796.875
174546,656.25,1085.9375,328.125,226.5625,-789.0625,1445.3125,789.0625,-1187.5,1000.0,1195.3125,-906.25,640.625,1210.9375,-765.625,796.875
174554,656.25,1062.5,335.9375,273.4375,-773.4375,1460.9375,796.875,-1406.25,1046.875,1203.125,-945.3125,632.8125,1203.125,-812.5,781.25
174554,656.25,1062.5,335.9375,273.4375,-773.4375,1460.9375,796.875,-1406.25,1046.875,1203.125,-945.3125,632.8125,1203.125,-812.5,781.25
174554,656.25,1054.6875,343.75,250.0,-843.75,1460.9375,812.5,-1312.5,1046.875,1226.5625,-984.375,625.0,1218.75,-859.375,765.625
174554,656.25,1054.6875,343.75,250.0,-843.75,1460.9375,812.5,-1312.5,1046.875,1226.5625,-984.375,625.0,1218.75,-859.375,765.625
174846,0.0,585.9375,0.0,-101.5625,-203.125,226.5625,-39.0625,-273.4375,101.5625,-15.625,-281.25,-39.0625,0.0,-320.3125,0.0
174846,0.0,585.9375,0.0,-101.5625,-203.125,226.5625,-39.0625,-273.4375,101.5625,-15.625,-281.25,-39.0625,0.0,-320.3125,0.0
174854,-23.4375,531.25,23.4375,-125.0,-148.4375,218.75,-62.5,-226.5625,117.1875,-78.125,-250.0,-23.4375,-78.125,-296.875,-15.625
174854,-23.4375,531.25,23.4375,-125.0,-148.4375,218.75,-62.5,-226.5625,117.1875,-78.125,-250.0,-23.4375,-78.125,-296.875,-15.625
174854,-31.25,476.5625,31.25,-156.25,-93.75,218.75,-101.5625,-179.6875,125.0,-117.1875,-210.9375,0.0,-132.8125,-257.8125,-23.4375
174854,-31.25,476.5625,31.25,-156.25,-93.75,218.75,-101.5625,-179.6875,125.0,-117.1875,-210.9375,0.0,-132.8125,-257.8125,-23.4375
174862,-54.6875,437.5,31.25,-187.5,-62.5,187.5,-148.4375,-125.0,125.0,-164.0625,-179.6875,15.625,-187.5,-226.5625,-31.25
174862,-54.6875,437.5,31.25,-187.5,-62.5,187.5,-148.4375,-125.0,125.0,-164.0625,-179.6875,15.625,-187.5,-226.5625,-31.25
175813,257.8125,867.1875,-453.125,-7.8125,-406.25,929.6875,750.0,-546.875,367.1875,773.4375,-593.75,23.4375,617.1875,-757.8125,-93.75
175813,257.8125,867.1875,-453.125,-7.8125,-406.25,929.6875,750.0,-546.875,367.1875,773.4375,-593.75,23.4375,617.1875,-757.8125,-93.75
175821,250.0,867.1875,-453.125,0.0,-390.625,929.6875,757.8125,-546.875,367.1875,781.25,-585.9375,15.625,625.0,-757.8125,-101.5625
175821,250.0,867.1875,-453.125,0.0,-390.625,929.6875,757.8125,-546.875,367.1875,781.25,-585.9375,15.625,625.0,-757.8125,-101.5625
175821,257.8125,867.1875,-460.9375,-7.8125,-406.25,937.5,765.625,-539.0625,375.0,796.875,-593.75,15.625,632.8125,-750.0,-93.75
175821,257.8125,867.1875,-460.9375,-7.8125,-406.25,937.5,765.625,-539.0625,375.0,796.875,-593.75,15.625,632.8125,-750.0,-93.75
175829,257.8125,875.0,-460.9375,-7.8125,-398.4375,937.5,765.625,-546.875,367.1875,796.875,-593.75,15.625,640.625,-757.8125,-93.75
175829,257.8125,875.0,-460.9375,-7.8125,-398.4375,937.5,765.625,-546.875,367.1875,796.875,-593.75,15.625,640.625,-757.8125,-93.75
