191100,91.875,-48.125,-166.25
191100,91.875,-48.125,-166.25
191110,131.25,-70.0,-166.25
191110,131.25,-70.0,-166.25
191221,21.875,-78.75,-205.625
191221,21.875,-78.75,-205.625
191231,8.75,-61.25,-201.25
191231,8.75,-61.25,-201.25
191301,-4.375,-13.125,-140.0
191301,-4.375,-13.125,-140.0
191312,52.5,-26.25,-157.5
191312,52.5,-26.25,-157.5
191463,157.5,-157.5,-83.125
191463,157.5,-157.5,-83.125
191473,153.125,-148.75,-105.0
191473,153.125,-148.75,-105.0
191624,-1579.375,568.75,1216.25
191624,-1579.375,568.75,1216.25
191635,-1745.625,791.875,1627.5
191635,-1745.625,791.875,1627.5
191786,-8408.75,5547.5,-5696.25
191786,-8408.75,5547.5,-5696.25
191796,-8894.375,5748.75,-6956.25
191796,-8894.375,5748.75,-6956.25
191947,-14087.5,15465.625,-15128.75
191947,-14087.5,15465.625,-15128.75
191957,-12801.25,14717.5,-16769.375
191957,-12801.25,14717.5,-16769.375
192109,-19928.125,12306.875,-15986.25
192109,-19928.125,12306.875,-15986.25
192119,-17416.875,12648.125,-15658.125
192119,-17416.875,12648.125,-15658.125
192269,1089.375,15286.25,51003.75
192269,1089.375,15286.25,51003.75
192280,-511.875,10775.625,55549.375
192280,-511.875,10775.625,55549.375
192432,-8566.25,1085.0,1833.125
192432,-8566.25,1085.0,1833.125
192442,-10863.125,4396.875,-3281.25
192442,-10863.125,4396.875,-3281.25
192593,74.375,-293.125,-1693.125
192593,74.375,-293.125,-1693.125
192603,393.75,100.625,-1610.0
192603,393.75,100.625,-1610.0
192755,433.125,-306.25,-428.75
192755,433.125,-306.25,-428.75
192765,275.625,-319.375,-472.5
192765,275.625,-319.375,-472.5
192916,65.625,-218.75,30.625
192916,65.625,-218.75,30.625
192926,52.5,-179.375,56.875
192926,52.5,-179.375,56.875
193088,214.375,-70.0,262.5
193088,214.375,-70.0,262.5
193098,113.75,-26.25,306.25
193098,113.75,-26.25,306.25
193249,-96.25,-157.5,-35.0
193249,-96.25,-157.5,-35.0
193259,-100.625,-126.875,4.375
193259,-100.625,-126.875,4.375
193411,293.125,70.0,-140.0
193411,293.125,70.0,-140.0
193421,210.0,109.375,-96.25
193421,210.0,109.375,-96.25
193572,-166.25,-153.125,48.125
193572,-166.25,-153.125,48.125
193582,-70.0,-100.625,52.5
193582,-70.0,-100.625,52.5
193733,170.625,-258.125,-490.0
193733,170.625,-258.125,-490.0
193744,503.125,-363.125,-498.75
193744,503.125,-363.125,-498.75
193855,1347.5,74.375,-472.5
193855,1347.5,74.375,-472.5
193865,1343.125,-245.0,-647.5
193865,1343.125,-245.0,-647.5
