182219,281.25,726.5625,640.625,78.125,-820.3125,617.1875,382.8125,-914.0625,234.375,640.625,-757.8125,-31.25,671.875,-718.75,187.5
182219,281.25,726.5625,640.625,78.125,-820.3125,617.1875,382.8125,-914.0625,234.375,640.625,-757.8125,-31.25,671.875,-718.75,187.5
182227,281.25,718.75,625.0,70.3125,-812.5,617.1875,375.0,-921.875,226.5625,648.4375,-765.625,-31.25,664.0625,-726.5625,187.5
182227,281.25,718.75,625.0,70.3125,-812.5,617.1875,375.0,-921.875,226.5625,648.4375,-765.625,-31.25,664.0625,-726.5625,187.5
182234,281.25,718.75,625.0,70.3125,-820.3125,609.375,375.0,-914.0625,218.75,640.625,-757.8125,-31.25,664.0625,-726.5625,187.5
182234,281.25,718.75,625.0,70.3125,-820.3125,609.375,375.0,-914.0625,218.75,640.625,-757.8125,-31.25,664.0625,-726.5625,187.5
182235,281.25,726.5625,632.8125,70.3125,-820.3125,609.375,367.1875,-921.875,226.5625,648.4375,-757.8125,-39.0625,664.0625,-726.5625,187.5
182235,281.25,726.5625,632.8125,70.3125,-820.3125,609.375,367.1875,-921.875,226.5625,648.4375,-757.8125,-39.0625,664.0625,-726.5625,187.5
182380,281.25,718.75,640.625,70.3125,-820.3125,609.375,375.0,-921.875,210.9375,640.625,-757.8125,-54.6875,664.0625,-718.75,164.0625
182380,281.25,718.75,640.625,70.3125,-820.3125,609.375,375.0,-921.875,210.9375,640.625,-757.8125,-54.6875,664.0625,-718.75,164.0625
182388,281.25,710.9375,632.8125,62.5,-820.3125,609.375,375.0,-929.6875,218.75,632.8125,-750.0,-46.875,664.0625,-726.5625,171.875
182388,281.25,710.9375,632.8125,62.5,-820.3125,609.375,375.0,-929.6875,218.75,632.8125,-750.0,-46.875,664.0625,-726.5625,171.875
182396,281.25,718.75,640.625,62.5,-820.3125,601.5625,375.0,-921.875,218.75,632.8125,-757.8125,-54.6875,664.0625,-718.75,171.875
182396,281.25,718.75,640.625,62.5,-820.3125,601.5625,375.0,-921.875,218.75,632.8125,-757.8125,-54.6875,664.0625,-718.75,171.875
182396,281.25,718.75,632.8125,70.3125,-820.3125,617.1875,367.1875,-914.0625,210.9375,640.625,-757.8125,-39.0625,664.0625,-718.75,171.875
182396,281.25,718.75,632.8125,70.3125,-820.3125,617.1875,367.1875,-914.0625,210.9375,640.625,-757.8125,-39.0625,664.0625,-718.75,171.875
182461,250.0,726.5625,648.4375,31.25,-843.75,625.0,343.75,-953.125,226.5625,625.0,-789.0625,-54.6875,648.4375,-765.625,171.875
182461,250.0,726.5625,648.4375,31.25,-843.75,625.0,343.75,-953.125,226.5625,625.0,-789.0625,-54.6875,648.4375,-765.625,171.875
182469,265.625,726.5625,648.4375,39.0625,-843.75,625.0,343.75,-953.125,218.75,632.8125,-789.0625,-62.5,656.25,-757.8125,179.6875
182469,265.625,726.5625,648.4375,39.0625,-843.75,625.0,343.75,-953.125,218.75,632.8125,-789.0625,-62.5,656.25,-757.8125,179.6875
182476,257.8125,726.5625,640.625,46.875,-851.5625,640.625,351.5625,-953.125,234.375,640.625,-796.875,-54.6875,656.25,-757.8125,179.6875
182476,257.8125,726.5625,640.625,46.875,-851.5625,640.625,351.5625,-953.125,234.375,640.625,-796.875,-54.6875,656.25,-757.8125,179.6875
182476,257.8125,726.5625,640.625,54.6875,-851.5625,640.625,367.1875,-960.9375,242.1875,648.4375,-789.0625,-39.0625,664.0625,-750.0,187.5
182476,257.8125,726.5625,640.625,54.6875,-851.5625,640.625,367.1875,-960.9375,242.1875,648.4375,-789.0625,-39.0625,664.0625,-750.0,187.5
182525,320.3125,820.3125,625.0,85.9375,-835.9375,734.375,414.0625,-984.375,281.25,718.75,-820.3125,-15.625,710.9375,-765.625,187.5
182525,320.3125,820.3125,625.0,85.9375,-835.9375,734.375,414.0625,-984.375,281.25,718.75,-820.3125,-15.625,710.9375,-765.625,187.5
182525,343.75,804.6875,632.8125,62.5,-875.0,703.125,429.6875,-984.375,289.0625,726.5625,-820.3125,-23.4375,734.375,-789.0625,187.5
182525,343.75,804.6875,632.8125,62.5,-875.0,703.125,429.6875,-984.375,289.0625,726.5625,-820.3125,-23.4375,734.375,-789.0625,187.5
182533,367.1875,804.6875,640.625,70.3125,-882.8125,687.5,445.3125,-1007.8125,281.25,750.0,-828.125,-31.25,765.625,-812.5,226.5625
182533,367.1875,804.6875,640.625,70.3125,-882.8125,687.5,445.3125,-1007.8125,281.25,750.0,-828.125,-31.25,765.625,-812.5,226.5625
182541,406.25,789.0625,640.625,101.5625,-890.625,710.9375,460.9375,-1015.625,281.25,750.0,-843.75,-39.0625,804.6875,-812.5,250.0
182541,406.25,789.0625,640.625,101.5625,-890.625,710.9375,460.9375,-1015.625,281.25,750.0,-843.75,-39.0625,804.6875,-812.5,250.0
182646,664.0625,1195.3125,617.1875,140.625,-937.5,1085.9375,679.6875,-1367.1875,710.9375,1195.3125,-1093.75,242.1875,1164.0625,-1015.625,625.0
182646,664.0625,1195.3125,617.1875,140.625,-937.5,1085.9375,679.6875,-1367.1875,710.9375,1195.3125,-1093.75,242.1875,1164.0625,-1015.625,625.0
182646,671.875,1265.625,632.8125,218.75,-1078.125,1203.125,640.625,-1281.25,640.625,1179.6875,-1109.375,257.8125,1171.875,-960.9375,570.3125
182646,671.875,1265.625,632.8125,218.75,-1078.125,1203.125,640.625,-1281.25,640.625,1179.6875,-1109.375,257.8125,1171.875,-960.9375,570.3125
182654,671.875,1328.125,632.8125,171.875,-1023.4375,1187.5,671.875,-1312.5,632.8125,1164.0625,-1101.5625,265.625,1140.625,-914.0625,546.875
182654,671.875,1328.125,632.8125,171.875,-1023.4375,1187.5,671.875,-1312.5,632.8125,1164.0625,-1101.5625,265.625,1140.625,-914.0625,546.875
182662,671.875,1343.75,656.25,203.125,-976.5625,1179.6875,664.0625,-1304.6875,617.1875,1148.4375,-1054.6875,250.0,1109.375,-914.0625,500.0
182662,671.875,1343.75,656.25,203.125,-976.5625,1179.6875,664.0625,-1304.6875,617.1875,1148.4375,-1054.6875,250.0,1109.375,-914.0625,500.0
182807,-109.375,1242.1875,351.5625,-31.25,-984.375,1132.8125,445.3125,-1351.5625,593.75,906.25,-1242.1875,195.3125,929.6875,-1273.4375,367.1875
182807,-109.375,1242.1875,351.5625,-31.25,-984.375,1132.8125,445.3125,-1351.5625,593.75,906.25,-1242.1875,195.3125,929.6875,-1273.4375,367.1875
182807,-54.6875,1289.0625,312.5,0.0,-960.9375,1109.375,468.75,-1367.1875,593.75,914.0625,-1250.0,156.25,937.5,-1234.375,375.0
182807,-54.6875,1289.0625,312.5,0.0,-960.9375,1109.375,468.75,-1367.1875,593.75,914.0625,-1250.0,156.25,937.5,-1234.375,375.0
182815,31.25,1351.5625,335.9375,-7.8125,-968.75,1062.5,500.0,-1359.375,578.125,921.875,-1234.375,148.4375,929.6875,-1171.875,351.5625
182815,31.25,1351.5625,335.9375,-7.8125,-968.75,1062.5,500.0,-1359.375,578.125,921.875,-1234.375,148.4375,929.6875,-1171.875,351.5625
182823,85.9375,1437.5,382.8125,39.0625,-1015.625,1039.0625,500.0,-1359.375,562.5,929.6875,-1210.9375,132.8125,929.6875,-1109.375,312.5
182823,85.9375,1437.5,382.8125,39.0625,-1015.625,1039.0625,500.0,-1359.375,562.5,929.6875,-1210.9375,132.8125,929.6875,-1109.375,312.5
182944,585.9375,234.375,625.0,23.4375,-960.9375,-109.375,-78.125,-1007.8125,-265.625,132.8125,-867.1875,-406.25,101.5625,-890.625,-78.125
182944,585.9375,234.375,625.0,23.4375,-960.9375,-109.375,-78.125,-1007.8125,-265.625,132.8125,-867.1875,-406.25,101.5625,-890.625,-78.125
182952,492.1875,257.8125,609.375,-23.4375,-992.1875,-93.75,-62.5,-1000.0,-257.8125,140.625,-828.125,-406.25,117.1875,-828.125,-109.375
182952,492.1875,257.8125,609.375,-23.4375,-992.1875,-93.75,-62.5,-1000.0,-257.8125,140.625,-828.125,-406.25,117.1875,-828.125,-109.375
182960,382.8125,281.25,562.5,-31.25,-921.875,-46.875,-54.6875,-929.6875,-234.375,101.5625,-781.25,-414.0625,101.5625,-765.625,-125.0
182960,382.8125,281.25,562.5,-31.25,-921.875,-46.875,-54.6875,-929.6875,-234.375,101.5625,-781.25,-414.0625,101.5625,-765.625,-125.0
182960,281.25,312.5,492.1875,-7.8125,-828.125,-54.6875,-54.6875,-828.125,-226.5625,54.6875,-656.25,-421.875,54.6875,-703.125,-164.0625
182960,281.25,312.5,492.1875,-7.8125,-828.125,-54.6875,-54.6875,-828.125,-226.5625,54.6875,-656.25,-421.875,54.6875,-703.125,-164.0625
183106,-984.375,-859.375,-703.125,-875.0,906.25,93.75,-500.0,804.6875,726.5625,-320.3125,343.75,968.75,-171.875,476.5625,851.5625
183106,-984.375,-859.375,-703.125,-875.0,906.25,93.75,-500.0,804.6875,726.5625,-320.3125,343.75,968.75,-171.875,476.5625,851.5625
183114,-1000.0,-828.125,-671.875,-976.5625,960.9375,70.3125,-695.3125,867.1875,671.875,-453.125,445.3125,992.1875,-195.3125,601.5625,835.9375
183114,-1000.0,-828.125,-671.875,-976.5625,960.9375,70.3125,-695.3125,867.1875,671.875,-453.125,445.3125,992.1875,-195.3125,601.5625,835.9375
183122,-968.75,-726.5625,-617.1875,-1046.875,1039.0625,46.875,-765.625,921.875,664.0625,-539.0625,539.0625,1000.0,-265.625,703.125,828.125
183122,-968.75,-726.5625,-617.1875,-1046.875,1039.0625,46.875,-765.625,921.875,664.0625,-539.0625,539.0625,1000.0,-265.625,703.125,828.125
183122,-976.5625,-632.8125,-585.9375,-1140.625,1093.75,7.8125,-921.875,1015.625,671.875,-671.875,625.0,1007.8125,-359.375,781.25,828.125
183122,-976.5625,-632.8125,-585.9375,-1140.625,1093.75,7.8125,-921.875,1015.625,671.875,-671.875,625.0,1007.8125,-359.375,781.25,828.125
183266,429.6875,500.0,-382.8125,-23.4375,31.25,23.4375,164.0625,-156.25,85.9375,257.8125,-226.5625,-7.8125,125.0,-429.6875,-39.0625
183266,429.6875,500.0,-382.8125,-23.4375,31.25,23.4375,164.0625,-156.25,85.9375,257.8125,-226.5625,-7.8125,125.0,-429.6875,-39.0625
183275,515.625,804.6875,-406.25,171.875,70.3125,203.125,421.875,-156.25,-101.5625,382.8125,-179.6875,-132.8125,312.5,-320.3125,-78.125
183275,515.625,804.6875,-406.25,171.875,70.3125,203.125,421.875,-156.25,-101.5625,382.8125,-179.6875,-132.8125,312.5,-320.3125,-78.125
183283,1007.8125,976.5625,-359.375,414.0625,-31.25,445.3125,617.1875,-226.5625,-234.375,484.375,-171.875,-296.875,460.9375,-328.125,-250.0
183283,1007.8125,976.5625,-359.375,414.0625,-31.25,445.3125,617.1875,-226.5625,-234.375,484.375,-171.875,-296.875,460.9375,-328.125,-250.0
183283,1304.6875,1125.0,-390.625,632.8125,0.0,578.125,843.75,-210.9375,-257.8125,679.6875,-132.8125,-343.75,625.0,-328.125,-414.0625
183283,1304.6875,1125.0,-390.625,632.8125,0.0,578.125,843.75,-210.9375,-257.8125,679.6875,-132.8125,-343.75,625.0,-328.125,-414.0625
183348,-117.1875,1421.875,-875.0,515.625,500.0,656.25,492.1875,-1914.0625,351.5625,3757.8125,-3062.5,-1460.9375,4000.0,-3992.1875,-1781.25
183348,-117.1875,1421.875,-875.0,515.625,500.0,656.25,492.1875,-1914.0625,351.5625,3757.8125,-3062.5,-1460.9375,4000.0,-3992.1875,-1781.25
183356,-132.8125,-3687.5,-656.25,1875.0,-2781.25,1031.25,3406.25,-1101.5625,453.125,4000.0,-382.8125,-195.3125,2000.0,-1726.5625,-1398.4375
183356,-132.8125,-3687.5,-656.25,1875.0,-2781.25,1031.25,3406.25,-1101.5625,453.125,4000.0,-382.8125,-195.3125,2000.0,-1726.5625,-1398.4375
183364,726.5625,-4000.0,117.1875,632.8125,-2882.8125,789.0625,2984.375,-1531.25,187.5,1953.125,945.3125,601.5625,585.9375,1453.125,-2000.0
183364,726.5625,-4000.0,117.1875,632.8125,-2882.8125,789.0625,2984.375,-1531.25,187.5,1953.125,945.3125,601.5625,585.9375,1453.125,-2000.0
183364,1625.0,-1695.3125,-726.5625,-726.5625,-1445.3125,-140.625,945.3125,-703.125,93.75,1304.6875,-203.125,-367.1875,750.0,-687.5,-1875.0
183364,1625.0,-1695.3125,-726.5625,-726.5625,-1445.3125,-140.625,945.3125,-703.125,93.75,1304.6875,-203.125,-367.1875,750.0,-687.5,-1875.0
183509,367.1875,1085.9375,-492.1875,210.9375,-453.125,1187.5,1031.25,-648.4375,351.5625,1085.9375,-484.375,-62.5,843.75,-781.25,-210.9375
183509,367.1875,1085.9375,-492.1875,210.9375,-453.125,1187.5,1031.25,-648.4375,351.5625,1085.9375,-484.375,-62.5,843.75,-781.25,-210.9375
183517,359.375,1070.3125,-476.5625,203.125,-437.5,1195.3125,1031.25,-625.0,343.75,1093.75,-453.125,-70.3125,851.5625,-750.0,-218.75
183517,359.375,1070.3125,-476.5625,203.125,-437.5,1195.3125,1031.25,-625.0,343.75,1093.75,-453.125,-70.3125,851.5625,-750.0,-218.75
183525,343.75,1023.4375,-468.75,195.3125,-437.5,1148.4375,1046.875,-593.75,328.125,1125.0,-421.875,-78.125,906.25,-734.375,-242.1875
183525,343.75,1023.4375,-468.75,195.3125,-437.5,1148.4375,1046.875,-593.75,328.125,1125.0,-421.875,-78.125,906.25,-734.375,-242.1875
183525,312.5,1015.625,-468.75,226.5625,-414.0625,1132.8125,1062.5,-578.125,335.9375,1164.0625,-398.4375,-85.9375,945.3125,-718.75,-273.4375
183525,312.5,1015.625,-468.75,226.5625,-414.0625,1132.8125,1062.5,-578.125,335.9375,1164.0625,-398.4375,-85.9375,945.3125,-718.75,-273.4375
183670,203.125,828.125,-328.125,-15.625,-328.125,820.3125,656.25,-460.9375,296.875,757.8125,-382.8125,7.8125,625.0,-593.75,-125.0
183670,203.125,828.125,-328.125,-15.625,-328.125,820.3125,656.25,-460.9375,296.875,757.8125,-382.8125,7.8125,625.0,-593.75,-125.0
183679,195.3125,828.125,-328.125,-15.625,-328.125,828.125,656.25,-468.75,304.6875,765.625,-382.8125,7.8125,632.8125,-593.75,-125.0
183679,195.3125,828.125,-328.125,-15.625,-328.125,828.125,656.25,-468.75,304.6875,765.625,-382.8125,7.8125,632.8125,-593.75,-125.0
183686,195.3125,835.9375,-335.9375,-23.4375,-343.75,835.9375,671.875,-484.375,296.875,757.8125,-398.4375,7.8125,632.8125,-617.1875,-117.1875
183686,195.3125,835.9375,-335.9375,-23.4375,-343.75,835.9375,671.875,-484.375,296.875,757.8125,-398.4375,7.8125,632.8125,-617.1875,-117.1875
183686,187.5,843.75,-335.9375,-23.4375,-343.75,835.9375,671.875,-476.5625,312.5,773.4375,-390.625,15.625,625.0,-617.1875,-125.0
183686,187.5,843.75,-335.9375,-23.4375,-343.75,835.9375,671.875,-476.5625,312.5,773.4375,-390.625,15.625,625.0,-617.1875,-125.0
183832,289.0625,914.0625,-367.1875,78.125,-437.5,929.6875,781.25,-570.3125,281.25,875.0,-445.3125,-54.6875,687.5,-695.3125,-179.6875
183832,289.0625,914.0625,-367.1875,78.125,-437.5,929.6875,781.25,-570.3125,281.25,875.0,-445.3125,-54.6875,687.5,-695.3125,-179.6875
183840,296.875,921.875,-359.375,78.125,-429.6875,929.6875,789.0625,-562.5,281.25,875.0,-437.5,-54.6875,695.3125,-687.5,-171.875
183840,296.875,921.875,-359.375,78.125,-429.6875,929.6875,789.0625,-562.5,281.25,875.0,-437.5,-54.6875,695.3125,-687.5,-171.875
183847,281.25,921.875,-359.375,62.5,-421.875,929.6875,781.25,-570.3125,281.25,882.8125,-437.5,-46.875,703.125,-687.5,-179.6875
183847,281.25,921.875,-359.375,62.5,-421.875,929.6875,781.25,-570.3125,281.25,882.8125,-437.5,-46.875,703.125,-687.5,-179.6875
183848,289.0625,914.0625,-359.375,70.3125,-421.875,937.5,796.875,-554.6875,296.875,875.0,-437.5,-46.875,703.125,-687.5,-179.6875
183848,289.0625,914.0625,-359.375,70.3125,-421.875,937.5,796.875,-554.6875,296.875,875.0,-437.5,-46.875,703.125,-687.5,-179.6875
183993,273.4375,929.6875,-351.5625,54.6875,-421.875,929.6875,781.25,-554.6875,289.0625,859.375,-429.6875,-46.875,679.6875,-687.5,-164.0625
183993,273.4375,929.6875,-351.5625,54.6875,-421.875,929.6875,781.25,-554.6875,289.0625,859.375,-429.6875,-46.875,679.6875,-687.5,-164.0625
184001,265.625,929.6875,-359.375,54.6875,-421.875,929.6875,773.4375,-554.6875,289.0625,867.1875,-437.5,-46.875,695.3125,-679.6875,-171.875
184001,265.625,929.6875,-359.375,54.6875,-421.875,929.6875,773.4375,-554.6875,289.0625,867.1875,-437.5,-46.875,695.3125,-679.6875,-171.875
184009,250.0,921.875,-343.75,54.6875,-414.0625,914.0625,773.4375,-554.6875,289.0625,859.375,-437.5,-46.875,679.6875,-679.6875,-156.25
184009,250.0,921.875,-343.75,54.6875,-414.0625,914.0625,773.4375,-554.6875,289.0625,859.375,-437.5,-46.875,679.6875,-679.6875,-156.25
184009,265.625,914.0625,-351.5625,46.875,-406.25,914.0625,765.625,-546.875,296.875,867.1875,-429.6875,-39.0625,687.5,-679.6875,-171.875
184009,265.625,914.0625,-351.5625,46.875,-406.25,914.0625,765.625,-546.875,296.875,867.1875,-429.6875,-39.0625,687.5,-679.6875,-171.875
184154,250.0,906.25,-328.125,70.3125,-429.6875,921.875,773.4375,-562.5,281.25,867.1875,-445.3125,-62.5,679.6875,-687.5,-179.6875
184154,250.0,906.25,-328.125,70.3125,-429.6875,921.875,773.4375,-562.5,281.25,867.1875,-445.3125,-62.5,679.6875,-687.5,-179.6875
184162,250.0,898.4375,-335.9375,54.6875,-429.6875,921.875,781.25,-554.6875,281.25,867.1875,-437.5,-62.5,687.5,-687.5,-179.6875
184162,250.0,898.4375,-335.9375,54.6875,-429.6875,921.875,781.25,-554.6875,281.25,867.1875,-437.5,-62.5,687.5,-687.5,-179.6875
184169,265.625,898.4375,-343.75,54.6875,-429.6875,898.4375,781.25,-562.5,296.875,867.1875,-445.3125,-54.6875,687.5,-687.5,-171.875
184169,265.625,898.4375,-343.75,54.6875,-429.6875,898.4375,781.25,-562.5,296.875,867.1875,-445.3125,-54.6875,687.5,-687.5,-171.875
184169,257.8125,906.25,-335.9375,62.5,-437.5,914.0625,781.25,-562.5,281.25,875.0,-445.3125,-54.6875,695.3125,-687.5,-171.875
184169,257.8125,906.25,-335.9375,62.5,-437.5,914.0625,781.25,-562.5,281.25,875.0,-445.3125,-54.6875,695.3125,-687.5,-171.875
184316,257.8125,929.6875,-343.75,70.3125,-429.6875,929.6875,789.0625,-562.5,289.0625,882.8125,-437.5,-62.5,695.3125,-695.3125,-171.875
184316,257.8125,929.6875,-343.75,70.3125,-429.6875,929.6875,789.0625,-562.5,289.0625,882.8125,-437.5,-62.5,695.3125,-695.3125,-171.875
184324,257.8125,921.875,-343.75,70.3125,-421.875,914.0625,789.0625,-554.6875,281.25,882.8125,-445.3125,-54.6875,703.125,-695.3125,-171.875
184324,257.8125,921.875,-343.75,70.3125,-421.875,914.0625,789.0625,-554.6875,281.25,882.8125,-445.3125,-54.6875,703.125,-695.3125,-171.875
184332,257.8125,914.0625,-335.9375,70.3125,-429.6875,921.875,781.25,-562.5,289.0625,875.0,-445.3125,-54.6875,703.125,-687.5,-171.875
184332,257.8125,914.0625,-335.9375,70.3125,-429.6875,921.875,781.25,-562.5,289.0625,875.0,-445.3125,-54.6875,703.125,-687.5,-171.875
184332,257.8125,921.875,-335.9375,70.3125,-429.6875,921.875,781.25,-562.5,289.0625,875.0,-445.3125,-54.6875,703.125,-703.125,-179.6875
184332,257.8125,921.875,-335.9375,70.3125,-429.6875,921.875,781.25,-562.5,289.0625,875.0,-445.3125,-54.6875,703.125,-703.125,-179.6875
184397,265.625,929.6875,-335.9375,70.3125,-437.5,921.875,781.25,-562.5,281.25,875.0,-445.3125,-54.6875,687.5,-703.125,-179.6875
184397,265.625,929.6875,-335.9375,70.3125,-437.5,921.875,781.25,-562.5,281.25,875.0,-445.3125,-54.6875,687.5,-703.125,-179.6875
184403,265.625,921.875,-328.125,70.3125,-421.875,921.875,789.0625,-562.5,273.4375,875.0,-453.125,-70.3125,687.5,-695.3125,-179.6875
184403,265.625,921.875,-328.125,70.3125,-421.875,921.875,789.0625,-562.5,273.4375,875.0,-453.125,-70.3125,687.5,-695.3125,-179.6875
184412,257.8125,921.875,-328.125,78.125,-429.6875,921.875,781.25,-562.5,281.25,867.1875,-453.125,-62.5,687.5,-695.3125,-187.5
184412,257.8125,921.875,-328.125,78.125,-429.6875,921.875,781.25,-562.5,281.25,867.1875,-453.125,-62.5,687.5,-695.3125,-187.5
184413,265.625,921.875,-328.125,70.3125,-445.3125,914.0625,781.25,-570.3125,281.25,867.1875,-453.125,-62.5,695.3125,-695.3125,-171.875
184413,265.625,921.875,-328.125,70.3125,-445.3125,914.0625,781.25,-570.3125,281.25,867.1875,-453.125,-62.5,695.3125,-695.3125,-171.875
184558,250.0,929.6875,-320.3125,54.6875,-429.6875,914.0625,765.625,-562.5,281.25,859.375,-453.125,-46.875,671.875,-695.3125,-171.875
184558,250.0,929.6875,-320.3125,54.6875,-429.6875,914.0625,765.625,-562.5,281.25,859.375,-453.125,-46.875,671.875,-695.3125,-171.875
184566,250.0,929.6875,-320.3125,62.5,-429.6875,906.25,765.625,-554.6875,289.0625,851.5625,-453.125,-54.6875,664.0625,-687.5,-171.875
184566,250.0,929.6875,-320.3125,62.5,-429.6875,906.25,765.625,-554.6875,289.0625,851.5625,-453.125,-54.6875,664.0625,-687.5,-171.875
184574,250.0,921.875,-320.3125,62.5,-429.6875,906.25,757.8125,-562.5,289.0625,851.5625,-453.125,-54.6875,679.6875,-703.125,-171.875
184574,250.0,921.875,-320.3125,62.5,-429.6875,906.25,757.8125,-562.5,289.0625,851.5625,-453.125,-54.6875,679.6875,-703.125,-171.875
184574,257.8125,921.875,-320.3125,62.5,-429.6875,906.25,765.625,-570.3125,289.0625,859.375,-460.9375,-62.5,679.6875,-695.3125,-179.6875
184574,257.8125,921.875,-320.3125,62.5,-429.6875,906.25,765.625,-570.3125,289.0625,859.375,-460.9375,-62.5,679.6875,-695.3125,-179.6875
184719,250.0,921.875,-335.9375,70.3125,-421.875,921.875,781.25,-562.5,289.0625,867.1875,-445.3125,-54.6875,679.6875,-695.3125,-171.875
184719,250.0,921.875,-335.9375,70.3125,-421.875,921.875,781.25,-562.5,289.0625,867.1875,-445.3125,-54.6875,679.6875,-695.3125,-171.875
184727,250.0,929.6875,-328.125,70.3125,-429.6875,929.6875,781.25,-562.5,281.25,867.1875,-453.125,-54.6875,687.5,-695.3125,-179.6875
184727,250.0,929.6875,-328.125,70.3125,-429.6875,929.6875,781.25,-562.5,281.25,867.1875,-453.125,-54.6875,687.5,-695.3125,-179.6875
184735,250.0,937.5,-328.125,70.3125,-421.875,929.6875,789.0625,-554.6875,289.0625,867.1875,-453.125,-62.5,695.3125,-695.3125,-171.875
184735,250.0,937.5,-328.125,70.3125,-421.875,929.6875,789.0625,-554.6875,289.0625,867.1875,-453.125,-62.5,695.3125,-695.3125,-171.875
184735,250.0,929.6875,-343.75,62.5,-429.6875,929.6875,789.0625,-554.6875,296.875,882.8125,-445.3125,-70.3125,687.5,-687.5,-179.6875
184735,250.0,929.6875,-343.75,62.5,-429.6875,929.6875,789.0625,-554.6875,296.875,882.8125,-445.3125,-70.3125,687.5,-687.5,-179.6875
184880,257.8125,929.6875,-320.3125,62.5,-437.5,914.0625,781.25,-562.5,289.0625,867.1875,-453.125,-54.6875,679.6875,-695.3125,-164.0625
184880,257.8125,929.6875,-320.3125,62.5,-437.5,914.0625,781.25,-562.5,289.0625,867.1875,-453.125,-54.6875,679.6875,-695.3125,-164.0625
184888,242.1875,929.6875,-320.3125,62.5,-429.6875,914.0625,781.25,-570.3125,289.0625,859.375,-460.9375,-54.6875,679.6875,-695.3125,-164.0625
184888,242.1875,929.6875,-320.3125,62.5,-429.6875,914.0625,781.25,-570.3125,289.0625,859.375,-460.9375,-54.6875,679.6875,-695.3125,-164.0625
184896,242.1875,937.5,-328.125,70.3125,-414.0625,921.875,773.4375,-562.5,289.0625,867.1875,-460.9375,-54.6875,687.5,-695.3125,-164.0625
184896,242.1875,937.5,-328.125,70.3125,-414.0625,921.875,773.4375,-562.5,289.0625,867.1875,-460.9375,-54.6875,687.5,-695.3125,-164.0625
184896,250.0,929.6875,-328.125,54.6875,-421.875,921.875,781.25,-554.6875,281.25,867.1875,-453.125,-62.5,679.6875,-695.3125,-164.0625
184896,250.0,929.6875,-328.125,54.6875,-421.875,921.875,781.25,-554.6875,281.25,867.1875,-453.125,-62.5,679.6875,-695.3125,-164.0625
