156349,-10670.625,-26276.25,16502.5
156349,-10670.625,-26276.25,16502.5
156359,-1960.0,-26158.125,16353.75
156359,-1960.0,-26158.125,16353.75
156369,2038.75,-25506.25,10508.75
156369,2038.75,-25506.25,10508.75
156380,-1951.25,-27422.5,1855.0
156380,-1951.25,-27422.5,1855.0
156390,-14262.5,-39414.375,-2708.125
156390,-14262.5,-39414.375,-2708.125
156400,-35717.5,-59714.375,5153.75
156400,-35717.5,-59714.375,5153.75
156411,-62728.75,-82740.0,26766.25
156411,-62728.75,-82740.0,26766.25
156421,-85710.625,-109690.0,43015.0
156421,-85710.625,-109690.0,43015.0
156431,-102305.0,-132728.75,56555.625
156431,-102305.0,-132728.75,56555.625
156442,-93086.875,-140595.0,75565.0
156442,-93086.875,-140595.0,75565.0
156452,-67427.5,-131061.875,104951.875
156452,-67427.5,-131061.875,104951.875
156462,-44843.75,-115355.625,122640.0
156462,-44843.75,-115355.625,122640.0
156473,-36811.25,-103040.0,116151.875
156473,-36811.25,-103040.0,116151.875
156483,-34803.125,-93340.625,105494.375
156483,-34803.125,-93340.625,105494.375
156493,-38206.875,-78531.25,103241.25
156493,-38206.875,-78531.25,103241.25
156504,-22067.5,-58174.375,99942.5
156504,-22067.5,-58174.375,99942.5
156514,-18663.75,-45075.625,111335.0
156514,-18663.75,-45075.625,111335.0
156524,-35056.875,-36833.125,133988.75
156524,-35056.875,-36833.125,133988.75
156534,-38311.875,-27549.375,-143360.0
156534,-38311.875,-27549.375,-143360.0
156545,-30738.75,-16922.5,-143360.0
156545,-30738.75,-16922.5,-143360.0
156555,-37800.0,-2878.75,143180.625
156555,-37800.0,-2878.75,143180.625
156565,-50216.25,21293.125,-143360.0
156565,-50216.25,21293.125,-143360.0
156576,-60226.25,59670.625,-143360.0
156576,-60226.25,59670.625,-143360.0
156586,-74602.5,90269.375,143355.625
156586,-74602.5,90269.375,143355.625
156597,-93703.75,116536.875,-143360.0
156597,-93703.75,116536.875,-143360.0
156607,-114922.5,136311.875,-143360.0
156607,-114922.5,136311.875,-143360.0
156617,-143360.0,-143360.0,-143360.0
156617,-143360.0,-143360.0,-143360.0
156627,-143360.0,143237.5,-143360.0
156627,-143360.0,143237.5,-143360.0
156637,-142878.75,-143360.0,-143360.0
156637,-142878.75,-143360.0,-143360.0
156648,-143307.5,-143360.0,-143360.0
156648,-143307.5,-143360.0,-143360.0
156658,-103127.5,143355.625,-143360.0
156658,-103127.5,143355.625,-143360.0
156669,-46011.875,-143360.0,-143360.0
156669,-46011.875,-143360.0,-143360.0
156679,-39204.375,-143360.0,-143360.0
156679,-39204.375,-143360.0,-143360.0
156689,-21656.25,-143360.0,-143360.0
156689,-21656.25,-143360.0,-143360.0
156700,7879.375,-143360.0,-143360.0
156700,7879.375,-143360.0,-143360.0
156710,16371.25,-143360.0,-143360.0
156710,16371.25,-143360.0,-143360.0
156720,-5950.0,-143360.0,-143360.0
156720,-5950.0,-143360.0,-143360.0
156731,-37279.375,-143360.0,-143360.0
156731,-37279.375,-143360.0,-143360.0
156741,-41230.0,-143360.0,-143360.0
156741,-41230.0,-143360.0,-143360.0
156751,-31850.0,-143360.0,-143360.0
156751,-31850.0,-143360.0,-143360.0
156761,-84870.625,-143360.0,-143360.0
156761,-84870.625,-143360.0,-143360.0
156772,-143360.0,-143360.0,-143360.0
156772,-143360.0,-143360.0,-143360.0
156782,-143360.0,-143360.0,-143360.0
156782,-143360.0,-143360.0,-143360.0
156792,-142152.5,66110.625,-143360.0
156792,-142152.5,66110.625,-143360.0
156803,-116243.75,-110600.0,-143360.0
156803,-116243.75,-110600.0,-143360.0
156813,-24373.125,-32746.875,134102.5
156813,-24373.125,-32746.875,134102.5
156824,-42945.0,-24473.75,123125.625
156824,-42945.0,-24473.75,123125.625
156834,-74904.375,-58821.875,134465.625
156834,-74904.375,-58821.875,134465.625
156844,-92216.25,-73766.875,131950.0
156844,-92216.25,-73766.875,131950.0
156854,-103608.75,-82473.125,130016.25
156854,-103608.75,-82473.125,130016.25
156865,-103031.25,-83615.0,125689.375
156865,-103031.25,-83615.0,125689.375
156875,-98428.75,-71925.0,109711.875
156875,-98428.75,-71925.0,109711.875
156885,-84538.125,-56455.0,89687.5
156885,-84538.125,-56455.0,89687.5
156896,-63945.0,-46480.0,71268.75
156896,-63945.0,-46480.0,71268.75
156906,-44117.5,-44152.5,58870.0
156906,-44117.5,-44152.5,58870.0
156916,-38040.625,-42560.0,52027.5
156916,-38040.625,-42560.0,52027.5
156926,-42437.5,-37743.125,48881.875
156926,-42437.5,-37743.125,48881.875
156937,-46335.625,-32869.375,48308.75
156937,-46335.625,-32869.375,48308.75
156947,-45815.0,-26989.375,46361.875
156947,-45815.0,-26989.375,46361.875
156957,-41593.125,-21686.875,40936.875
156957,-41593.125,-21686.875,40936.875
156968,-33538.75,-16310.0,32020.625
156968,-33538.75,-16310.0,32020.625
156978,-24154.375,-8483.125,20763.75
156978,-24154.375,-8483.125,20763.75
156989,-14188.125,2038.75,9183.125
156989,-14188.125,2038.75,9183.125
156999,-3832.5,14647.5,-1268.75
156999,-3832.5,14647.5,-1268.75
157009,1443.75,25978.75,-7831.25
157009,1443.75,25978.75,-7831.25
157019,1911.875,32178.125,-8067.5
157019,1911.875,32178.125,-8067.5
157030,-441.875,34580.0,-3097.5
157030,-441.875,34580.0,-3097.5
157040,-5757.5,35328.125,4650.625
157040,-5757.5,35328.125,4650.625
157050,-10666.25,36264.375,10696.875
157050,-10666.25,36264.375,10696.875
157061,-11335.625,33779.375,13685.0
157061,-11335.625,33779.375,13685.0
157071,-9358.125,26954.375,12796.875
157071,-9358.125,26954.375,12796.875
157081,-5206.25,18410.0,7735.0
157081,-5206.25,18410.0,7735.0
157092,1623.125,11191.25,2060.625
157092,1623.125,11191.25,2060.625
157102,7135.625,3906.875,756.875
157102,7135.625,3906.875,756.875
157112,7148.75,-2686.25,3618.125
157112,7148.75,-2686.25,3618.125
157123,-2235.625,-6575.625,11160.625
157123,-2235.625,-6575.625,11160.625
157133,-14800.625,-6846.875,21691.25
157133,-14800.625,-6846.875,21691.25
157143,-26328.75,-6855.625,29981.875
157143,-26328.75,-6855.625,29981.875
157154,-34068.125,-8850.625,30664.375
157154,-34068.125,-8850.625,30664.375
157164,-33945.625,-9375.625,23703.75
157164,-33945.625,-9375.625,23703.75
157174,-22596.875,-6833.75,15299.375
157174,-22596.875,-6833.75,15299.375
157184,-11471.25,1531.25,9314.375
157184,-11471.25,1531.25,9314.375
157195,-4445.0,12022.5,5853.75
157195,-4445.0,12022.5,5853.75
157205,4388.125,18580.625,4606.875
157205,4388.125,18580.625,4606.875
157216,63533.75,-14717.5,-49511.875
157216,63533.75,-14717.5,-49511.875
157226,143355.625,-141710.625,-143355.625
157226,143355.625,-141710.625,-143355.625
157236,-98678.125,-143355.625,65760.625
157236,-98678.125,-143355.625,65760.625
157246,-143360.0,-81865.0,111501.25
157246,-143360.0,-81865.0,111501.25
157257,-73513.125,66364.375,120461.25
157257,-73513.125,66364.375,120461.25
157268,69895.0,120408.75,34527.5
157268,69895.0,120408.75,34527.5
157277,95628.75,94381.875,-77433.125
157277,95628.75,94381.875,-77433.125
157288,105651.875,-9511.25,-108871.875
157288,105651.875,-9511.25,-108871.875
157298,71732.5,-71286.25,-85334.375
157298,71732.5,-71286.25,-85334.375
157308,16305.625,-50828.75,-42590.625
157308,16305.625,-50828.75,-42590.625
157319,10390.625,-15942.5,2240.0
157319,10390.625,-15942.5,2240.0
157329,15365.0,2117.5,4956.875
157329,15365.0,2117.5,4956.875
157339,22719.375,-3368.75,-10272.5
157339,22719.375,-3368.75,-10272.5
157350,22373.75,-9257.5,-14511.875
157350,22373.75,-9257.5,-14511.875
157360,14520.625,-5823.125,-7962.5
157360,14520.625,-5823.125,-7962.5
157370,6619.375,-1627.5,-5031.25
157370,6619.375,-1627.5,-5031.25
157381,2135.0,-3889.375,-7818.125
157381,2135.0,-3889.375,-7818.125
157391,-673.75,-8601.25,-10661.875
157391,-673.75,-8601.25,-10661.875
157401,-170.625,-10285.625,-12241.25
157401,-170.625,-10285.625,-12241.25
157412,529.375,-8570.625,-13510.0
157412,529.375,-8570.625,-13510.0
157422,1863.75,-6628.125,-13886.25
157422,1863.75,-6628.125,-13886.25
157432,4099.375,-5455.625,-12779.375
157432,4099.375,-5455.625,-12779.375
157442,161.875,-3552.5,-7630.0
157442,161.875,-3552.5,-7630.0
157453,-3377.5,-577.5,-1715.0
157453,-3377.5,-577.5,-1715.0
157462,-2747.5,3893.75,-201.25
157462,-2747.5,3893.75,-201.25
157473,-901.25,6470.625,-1063.125
157473,-901.25,6470.625,-1063.125
157483,-875.0,6881.875,-678.125
157483,-875.0,6881.875,-678.125
157494,-1693.125,6540.625,651.875
157494,-1693.125,6540.625,651.875
157504,-3045.0,5954.375,1347.5
157504,-3045.0,5954.375,1347.5
157515,-3714.375,5849.375,1115.625
157515,-3714.375,5849.375,1115.625
157525,-4322.5,5683.125,621.25
157525,-4322.5,5683.125,621.25
157535,-5897.5,5180.0,870.625
157535,-5897.5,5180.0,870.625
157545,-5713.75,4213.125,1487.5
157545,-5713.75,4213.125,1487.5
157556,-4151.875,3688.125,542.5
157556,-4151.875,3688.125,542.5
157566,-1522.5,2485.0,-791.875
157566,-1522.5,2485.0,-791.875
157577,1876.875,1876.875,-1859.375
157577,1876.875,1876.875,-1859.375
157587,3832.5,2909.375,-2235.625
157587,3832.5,2909.375,-2235.625
157597,5035.625,4598.125,-2030.0
157597,5035.625,4598.125,-2030.0
157608,5324.375,6396.25,-1535.625
157608,5324.375,6396.25,-1535.625
157618,6020.0,8435.0,-949.375
157618,6020.0,8435.0,-949.375
157628,6335.0,10605.0,-376.25
157628,6335.0,10605.0,-376.25
157638,7043.75,12683.125,83.125
157638,7043.75,12683.125,83.125
157649,8531.25,14743.75,-166.25
157649,8531.25,14743.75,-166.25
157659,8211.875,15671.25,1146.25
157659,8211.875,15671.25,1146.25
157669,5866.875,13895.0,5096.875
157669,5866.875,13895.0,5096.875
157680,4755.625,11147.5,7656.25
157680,4755.625,11147.5,7656.25
157690,4020.625,9550.625,7936.25
157690,4020.625,9550.625,7936.25
157700,3613.75,9541.875,6365.625
157700,3613.75,9541.875,6365.625
157711,3552.5,9524.375,3710.0
157711,3552.5,9524.375,3710.0
157721,4484.375,7840.0,1400.0
157721,4484.375,7840.0,1400.0
157731,6540.625,6308.75,-358.75
157731,6540.625,6308.75,-358.75
157742,7529.375,6615.0,-1487.5
157742,7529.375,6615.0,-1487.5
157752,8023.75,6842.5,-1850.625
157752,8023.75,6842.5,-1850.625
157762,8303.75,6177.5,-1640.625
157762,8303.75,6177.5,-1640.625
157773,9454.375,5289.375,-2165.625
157773,9454.375,5289.375,-2165.625
157783,10596.25,4165.0,-3710.0
157783,10596.25,4165.0,-3710.0
157793,11226.25,2559.375,-4996.25
157793,11226.25,2559.375,-4996.25
157804,11624.375,1561.875,-6216.875
157804,11624.375,1561.875,-6216.875
157814,12035.625,1281.875,-6374.375
157814,12035.625,1281.875,-6374.375
157824,12490.625,2480.625,-5543.125
157824,12490.625,2480.625,-5543.125
157834,12464.375,4738.125,-5031.25
157834,12464.375,4738.125,-5031.25
157845,14013.125,6868.75,-5547.5
157845,14013.125,6868.75,-5547.5
157855,15653.75,8496.25,-6470.625
157855,15653.75,8496.25,-6470.625
157865,18414.375,10648.75,-7770.0
157865,18414.375,10648.75,-7770.0
157876,20317.5,11803.75,-9576.875
157876,20317.5,11803.75,-9576.875
157886,21341.25,11405.625,-11755.625
157886,21341.25,11405.625,-11755.625
157896,22159.375,10854.375,-13120.625
157896,22159.375,10854.375,-13120.625
157906,21227.5,9725.625,-11996.25
157906,21227.5,9725.625,-11996.25
157917,20650.0,8723.75,-9782.5
157917,20650.0,8723.75,-9782.5
157927,16966.25,7223.125,-6514.375
157927,16966.25,7223.125,-6514.375
157938,9913.75,4637.5,-2642.5
157938,9913.75,4637.5,-2642.5
157948,6308.75,2563.75,-39.375
157948,6308.75,2563.75,-39.375
157958,4466.875,962.5,1837.5
157958,4466.875,962.5,1837.5
157969,2918.125,-153.125,3101.875
157969,2918.125,-153.125,3101.875
157979,980.0,-682.5,3661.875
157979,980.0,-682.5,3661.875
157989,43.75,-621.25,3001.25
157989,43.75,-621.25,3001.25
158000,148.75,-319.375,1251.25
158000,148.75,-319.375,1251.25
158010,-87.5,166.25,-463.75
158010,-87.5,166.25,-463.75
158020,533.75,376.25,-1605.625
158020,533.75,376.25,-1605.625
158030,1741.25,48.125,-1771.875
158030,1741.25,48.125,-1771.875
158041,2830.625,-914.375,-1233.75
158041,2830.625,-914.375,-1233.75
158051,1942.5,-1526.875,52.5
158051,1942.5,-1526.875,52.5
158061,988.75,-1439.375,1225.0
158061,988.75,-1439.375,1225.0
158072,389.375,-984.375,1640.625
158072,389.375,-984.375,1640.625
158082,354.375,-695.625,1216.25
158082,354.375,-695.625,1216.25
158092,-100.625,-953.75,765.625
158092,-100.625,-953.75,765.625
158103,-730.625,-1780.625,511.875
158103,-730.625,-1780.625,511.875
158113,-1544.375,-2559.375,-223.125
158113,-1544.375,-2559.375,-223.125
158124,-1365.0,-2931.25,-997.5
158124,-1365.0,-2931.25,-997.5
158134,-472.5,-2677.5,-1308.125
158134,-472.5,-2677.5,-1308.125
158144,-363.125,-2454.375,-1710.625
158144,-363.125,-2454.375,-1710.625
158155,-809.375,-2909.375,-1968.75
158155,-809.375,-2909.375,-1968.75
158165,-805.0,-2813.125,-1876.875
158165,-805.0,-2813.125,-1876.875
158175,350.0,-2056.25,-1995.0
158175,350.0,-2056.25,-1995.0
158185,1023.75,-783.125,-1496.25
158185,1023.75,-783.125,-1496.25
158196,1596.875,761.25,-1203.125
158196,1596.875,761.25,-1203.125
158206,2318.75,2121.875,-1981.875
158206,2318.75,2121.875,-1981.875
158216,3985.625,2703.75,-3062.5
158216,3985.625,2703.75,-3062.5
158226,5700.625,2826.25,-4112.5
158226,5700.625,2826.25,-4112.5
158237,6304.375,2826.25,-5346.25
158237,6304.375,2826.25,-5346.25
158247,6908.125,1955.625,-5980.625
158247,6908.125,1955.625,-5980.625
158256,7227.5,1120.0,-5429.375
158256,7227.5,1120.0,-5429.375
158268,7008.75,310.625,-3342.5
158268,7008.75,310.625,-3342.5
158277,6864.375,74.375,-1456.875
158277,6864.375,74.375,-1456.875
158288,5709.375,-402.5,-65.625
158288,5709.375,-402.5,-65.625
158299,3841.25,-1592.5,980.0
158299,3841.25,-1592.5,980.0
158309,1233.75,-2865.625,1750.0
158309,1233.75,-2865.625,1750.0
158320,166.25,-3968.125,2270.625
158320,166.25,-3968.125,2270.625
158329,253.75,-3766.875,1977.5
158329,253.75,-3766.875,1977.5
158340,761.25,-2813.125,1509.375
158340,761.25,-2813.125,1509.375
158351,1093.75,-1697.5,1421.875
158351,1093.75,-1697.5,1421.875
158361,656.25,-1089.375,2161.25
158361,656.25,-1089.375,2161.25
158371,328.125,-840.0,2773.75
158371,328.125,-840.0,2773.75
158381,-468.125,-1452.5,2948.75
158381,-468.125,-1452.5,2948.75
158392,109.375,-1321.25,2156.875
158392,109.375,-1321.25,2156.875
158402,975.625,-752.5,1019.375
158402,975.625,-752.5,1019.375
158412,1452.5,-310.625,258.125
158412,1452.5,-310.625,258.125
158423,498.75,83.125,-70.0
158423,498.75,83.125,-70.0
158433,507.5,249.375,-87.5
158433,507.5,249.375,-87.5
158443,1146.25,398.125,-437.5
158443,1146.25,398.125,-437.5
158453,245.0,1636.25,-43.75
158453,245.0,1636.25,-43.75
158464,284.375,3539.375,717.5
158464,284.375,3539.375,717.5
158474,1251.25,5013.75,1058.75
158474,1251.25,5013.75,1058.75
158484,1938.125,5503.75,940.625
158484,1938.125,5503.75,940.625
158495,2323.125,5591.25,411.25
158495,2323.125,5591.25,411.25
158505,2476.25,6041.875,218.75
158505,2476.25,6041.875,218.75
158516,3084.375,5744.375,-70.0
158516,3084.375,5744.375,-70.0
158526,2091.25,4571.875,437.5
158526,2091.25,4571.875,437.5
158536,1378.125,3758.125,700.0
158536,1378.125,3758.125,700.0
158546,2034.375,3110.625,179.375
158546,2034.375,3110.625,179.375
158557,2253.125,3255.0,-393.75
158557,2253.125,3255.0,-393.75
158567,2861.25,3320.625,78.75
158567,2861.25,3320.625,78.75
158577,2091.25,2576.875,800.625
158577,2091.25,2576.875,800.625
158588,1806.875,1802.5,673.75
158588,1806.875,1802.5,673.75
158598,1885.625,1522.5,-271.25
158598,1885.625,1522.5,-271.25
158608,1561.875,1172.5,-651.875
158608,1561.875,1172.5,-651.875
158619,1824.375,616.875,-1211.875
158619,1824.375,616.875,-1211.875
158629,2073.75,437.5,-1159.375
158629,2073.75,437.5,-1159.375
158639,1666.875,354.375,-358.75
158639,1666.875,354.375,-358.75
158649,765.625,157.5,673.75
158649,765.625,157.5,673.75
158660,262.5,74.375,1540.0
158660,262.5,74.375,1540.0
158670,-708.75,-223.125,1964.375
158670,-708.75,-223.125,1964.375
158680,-1417.5,-1085.0,2323.125
158680,-1417.5,-1085.0,2323.125
158691,-1093.75,-1662.5,1903.125
158691,-1093.75,-1662.5,1903.125
158701,-1085.0,-2047.5,1435.0
158701,-1085.0,-2047.5,1435.0
158712,-560.0,-2393.125,800.625
158712,-560.0,-2393.125,800.625
158722,126.875,-1911.875,183.75
158722,126.875,-1911.875,183.75
158732,30.625,-918.75,201.25
158732,30.625,-918.75,201.25
158742,-1246.875,140.0,936.25
158742,-1246.875,140.0,936.25
158752,-1666.875,1723.75,1238.125
158752,-1666.875,1723.75,1238.125
158763,-888.125,2721.25,931.875
158763,-888.125,2721.25,931.875
158773,-371.875,2362.5,857.5
158773,-371.875,2362.5,857.5
158784,-297.5,599.375,1076.25
158784,-297.5,599.375,1076.25
158794,-813.75,-1010.625,1010.625
158794,-813.75,-1010.625,1010.625
158804,-735.0,-1846.25,564.375
158804,-735.0,-1846.25,564.375
158814,-227.5,-1911.875,236.25
158814,-227.5,-1911.875,236.25
158825,-490.0,-1553.125,96.25
158825,-490.0,-1553.125,96.25
158835,-1015.0,-896.875,218.75
158835,-1015.0,-896.875,218.75
158846,-1325.625,-157.5,-157.5
158846,-1325.625,-157.5,-157.5
158856,-1509.375,905.625,-1281.875
158856,-1509.375,905.625,-1281.875
158867,538.125,2244.375,-2524.375
158867,538.125,2244.375,-2524.375
158876,1312.5,3268.125,-4243.75
158876,1312.5,3268.125,-4243.75
158887,2358.125,4423.125,-5919.375
158887,2358.125,4423.125,-5919.375
158897,2948.75,5372.5,-7078.75
158897,2948.75,5372.5,-7078.75
158908,2975.0,6461.875,-8938.125
158908,2975.0,6461.875,-8938.125
158918,3679.375,7634.375,-10885.0
158918,3679.375,7634.375,-10885.0
158928,4672.5,9541.875,-12236.875
158928,4672.5,9541.875,-12236.875
158939,5285.0,11764.375,-12280.625
158939,5285.0,11764.375,-12280.625
158949,4357.5,14065.625,-9139.375
158949,4357.5,14065.625,-9139.375
158959,1343.125,16139.375,-5670.0
158959,1343.125,16139.375,-5670.0
158969,-984.375,17053.75,-4707.5
158969,-984.375,17053.75,-4707.5
158980,-870.625,16471.875,-7249.375
158980,-870.625,16471.875,-7249.375
158990,2375.625,13833.75,-12193.125
158990,2375.625,13833.75,-12193.125
159000,4873.75,10740.625,-16786.875
159000,4873.75,10740.625,-16786.875
159011,4856.25,6234.375,-16786.875
159011,4856.25,6234.375,-16786.875
159021,5709.375,3806.25,-15080.625
159021,5709.375,3806.25,-15080.625
159031,4436.25,3920.0,-13615.0
159031,4436.25,3920.0,-13615.0
159042,4655.0,3850.0,-13776.875
159042,4655.0,3850.0,-13776.875
159052,175.0,2331.875,-11506.25
159052,175.0,2331.875,-11506.25
159063,-4628.75,1286.25,-10093.125
159063,-4628.75,1286.25,-10093.125
159072,-4716.25,1474.375,-10128.125
159072,-4716.25,1474.375,-10128.125
159083,-2450.0,2887.5,-12840.625
159083,-2450.0,2887.5,-12840.625
159092,39.375,5123.125,-16730.0
159092,39.375,5123.125,-16730.0
159104,2778.125,7905.625,-19232.5
159104,2778.125,7905.625,-19232.5
159114,5910.625,8925.0,-17976.875
159114,5910.625,8925.0,-17976.875
159124,8168.125,9397.5,-16826.25
159124,8168.125,9397.5,-16826.25
159134,3648.75,9253.125,-14472.5
159134,3648.75,9253.125,-14472.5
159145,2695.0,10250.625,-13855.625
159145,2695.0,10250.625,-13855.625
159154,2668.75,11335.625,-15614.375
159154,2668.75,11335.625,-15614.375
159165,3591.875,11742.5,-19381.25
159165,3591.875,11742.5,-19381.25
159174,4484.375,11900.0,-23401.875
159174,4484.375,11900.0,-23401.875
159186,8382.5,11637.5,-26346.25
159186,8382.5,11637.5,-26346.25
159196,11405.625,11707.5,-29736.875
159196,11405.625,11707.5,-29736.875
159207,11606.875,11086.25,-34566.875
159207,11606.875,11086.25,-34566.875
159217,10998.75,9646.875,-41860.0
159217,10998.75,9646.875,-41860.0
159227,11147.5,7918.75,-51944.375
159227,11147.5,7918.75,-51944.375
159238,11287.5,7056.875,-65625.0
159238,11287.5,7056.875,-65625.0
159247,10976.875,7525.0,-81501.875
159247,10976.875,7525.0,-81501.875
159258,10237.5,7778.75,-100800.0
159258,10237.5,7778.75,-100800.0
159269,4641.875,3618.125,-116099.375
159269,4641.875,3618.125,-116099.375
159279,-7507.5,336.875,-127141.875
159279,-7507.5,336.875,-127141.875
159289,-17915.625,1159.375,-143355.625
159289,-17915.625,1159.375,-143355.625
159299,-23961.875,-5070.625,-143355.625
159299,-23961.875,-5070.625,-143355.625
159310,-25558.75,-14336.875,-143053.75
159310,-25558.75,-14336.875,-143053.75
159320,-23480.625,-30388.75,-143351.25
159320,-23480.625,-30388.75,-143351.25
159331,-13391.875,-42122.5,-143355.625
159331,-13391.875,-42122.5,-143355.625
159341,2008.125,-48111.875,-143355.625
159341,2008.125,-48111.875,-143355.625
159351,19390.0,-50251.25,-143355.625
159351,19390.0,-50251.25,-143355.625
159361,35800.625,-46690.0,-143355.625
159361,35800.625,-46690.0,-143355.625
159372,60466.875,-45071.25,-143355.625
159372,60466.875,-45071.25,-143355.625
159382,102344.375,-40180.0,-143355.625
159382,102344.375,-40180.0,-143355.625
159392,143355.625,-93174.375,-143355.625
159392,143355.625,-93174.375,-143355.625
159403,143355.625,-143355.625,-143355.625
159403,143355.625,-143355.625,-143355.625
159413,117070.625,-139658.75,-143355.625
159413,117070.625,-139658.75,-143355.625
159423,69632.5,-109204.375,-143355.625
159423,69632.5,-109204.375,-143355.625
159434,67541.25,-117061.875,-143355.625
159434,67541.25,-117061.875,-143355.625
159444,79213.75,-143355.625,-143355.625
159444,79213.75,-143355.625,-143355.625
