209106,-54.6875,695.3125,718.75,-218.75,-820.3125,593.75,39.0625,-960.9375,351.5625,390.625,-921.875,-31.25,632.8125,-765.625,85.9375
209106,-54.6875,695.3125,718.75,-218.75,-820.3125,593.75,39.0625,-960.9375,351.5625,390.625,-921.875,-31.25,632.8125,-765.625,85.9375
209106,-54.6875,703.125,726.5625,-226.5625,-820.3125,585.9375,39.0625,-960.9375,351.5625,390.625,-921.875,-23.4375,640.625,-773.4375,85.9375
209106,-54.6875,703.125,726.5625,-226.5625,-820.3125,585.9375,39.0625,-960.9375,351.5625,390.625,-921.875,-23.4375,640.625,-773.4375,85.9375
209114,-54.6875,695.3125,718.75,-226.5625,-820.3125,593.75,46.875,-960.9375,343.75,390.625,-929.6875,-23.4375,632.8125,-765.625,85.9375
209114,-54.6875,695.3125,718.75,-226.5625,-820.3125,593.75,46.875,-960.9375,343.75,390.625,-929.6875,-23.4375,632.8125,-765.625,85.9375
209122,-54.6875,703.125,718.75,-226.5625,-812.5,593.75,39.0625,-968.75,351.5625,390.625,-929.6875,-31.25,632.8125,-765.625,93.75
209122,-54.6875,703.125,718.75,-226.5625,-812.5,593.75,39.0625,-968.75,351.5625,390.625,-929.6875,-31.25,632.8125,-765.625,93.75
209268,-54.6875,710.9375,710.9375,-226.5625,-812.5,585.9375,39.0625,-953.125,351.5625,390.625,-929.6875,-15.625,632.8125,-765.625,85.9375
209268,-54.6875,710.9375,710.9375,-226.5625,-812.5,585.9375,39.0625,-953.125,351.5625,390.625,-929.6875,-15.625,632.8125,-765.625,85.9375
209268,-54.6875,710.9375,710.9375,-226.5625,-812.5,593.75,39.0625,-953.125,343.75,390.625,-921.875,-31.25,625.0,-765.625,93.75
209268,-54.6875,710.9375,710.9375,-226.5625,-812.5,593.75,39.0625,-953.125,343.75,390.625,-921.875,-31.25,625.0,-765.625,93.75
209276,-54.6875,703.125,718.75,-226.5625,-812.5,593.75,31.25,-953.125,351.5625,390.625,-921.875,-31.25,632.8125,-773.4375,85.9375
209276,-54.6875,703.125,718.75,-226.5625,-812.5,593.75,31.25,-953.125,351.5625,390.625,-921.875,-31.25,632.8125,-773.4375,85.9375
209284,-54.6875,703.125,718.75,-226.5625,-812.5,601.5625,39.0625,-960.9375,359.375,382.8125,-914.0625,-23.4375,632.8125,-765.625,93.75
209284,-54.6875,703.125,718.75,-226.5625,-812.5,601.5625,39.0625,-960.9375,359.375,382.8125,-914.0625,-23.4375,632.8125,-765.625,93.75
209429,-54.6875,703.125,710.9375,-226.5625,-812.5,593.75,39.0625,-953.125,351.5625,390.625,-914.0625,-23.4375,632.8125,-757.8125,93.75
209429,-54.6875,703.125,710.9375,-226.5625,-812.5,593.75,39.0625,-953.125,351.5625,390.625,-914.0625,-23.4375,632.8125,-757.8125,93.75
209429,-54.6875,710.9375,718.75,-218.75,-804.6875,593.75,39.0625,-953.125,351.5625,382.8125,-914.0625,-23.4375,632.8125,-765.625,93.75
209429,-54.6875,710.9375,718.75,-218.75,-804.6875,593.75,39.0625,-953.125,351.5625,382.8125,-914.0625,-23.4375,632.8125,-765.625,93.75
209437,-54.6875,695.3125,718.75,-226.5625,-812.5,609.375,39.0625,-953.125,351.5625,390.625,-929.6875,-23.4375,625.0,-765.625,78.125
209437,-54.6875,695.3125,718.75,-226.5625,-812.5,609.375,39.0625,-953.125,351.5625,390.625,-929.6875,-23.4375,625.0,-765.625,78.125
209445,-54.6875,703.125,718.75,-218.75,-804.6875,601.5625,39.0625,-953.125,351.5625,382.8125,-921.875,-23.4375,632.8125,-757.8125,93.75
209445,-54.6875,703.125,718.75,-218.75,-804.6875,601.5625,39.0625,-953.125,351.5625,382.8125,-921.875,-23.4375,632.8125,-757.8125,93.75
209590,-46.875,703.125,710.9375,-226.5625,-812.5,593.75,46.875,-953.125,351.5625,390.625,-929.6875,-31.25,640.625,-765.625,93.75
209590,-46.875,703.125,710.9375,-226.5625,-812.5,593.75,46.875,-953.125,351.5625,390.625,-929.6875,-31.25,640.625,-765.625,93.75
209590,-54.6875,703.125,710.9375,-226.5625,-804.6875,593.75,39.0625,-960.9375,351.5625,390.625,-914.0625,-31.25,632.8125,-765.625,85.9375
209590,-54.6875,703.125,710.9375,-226.5625,-804.6875,593.75,39.0625,-960.9375,351.5625,390.625,-914.0625,-31.25,632.8125,-765.625,85.9375
209598,-54.6875,710.9375,718.75,-226.5625,-812.5,593.75,46.875,-960.9375,351.5625,398.4375,-929.6875,-23.4375,632.8125,-765.625,85.9375
209598,-54.6875,710.9375,718.75,-226.5625,-812.5,593.75,46.875,-960.9375,351.5625,398.4375,-929.6875,-23.4375,632.8125,-765.625,85.9375
209606,-46.875,710.9375,710.9375,-218.75,-804.6875,593.75,39.0625,-960.9375,351.5625,390.625,-921.875,-31.25,632.8125,-773.4375,85.9375
209606,-46.875,710.9375,710.9375,-218.75,-804.6875,593.75,39.0625,-960.9375,351.5625,390.625,-921.875,-31.25,632.8125,-773.4375,85.9375
209751,-54.6875,703.125,718.75,-226.5625,-812.5,593.75,39.0625,-960.9375,351.5625,390.625,-929.6875,-31.25,640.625,-765.625,85.9375
209751,-54.6875,703.125,718.75,-226.5625,-812.5,593.75,39.0625,-960.9375,351.5625,390.625,-929.6875,-31.25,640.625,-765.625,85.9375
209752,-54.6875,703.125,718.75,-226.5625,-820.3125,585.9375,46.875,-960.9375,351.5625,390.625,-921.875,-31.25,632.8125,-765.625,85.9375
209752,-54.6875,703.125,718.75,-226.5625,-820.3125,585.9375,46.875,-960.9375,351.5625,390.625,-921.875,-31.25,632.8125,-765.625,85.9375
209760,-54.6875,695.3125,703.125,-226.5625,-812.5,593.75,46.875,-953.125,359.375,398.4375,-921.875,-31.25,625.0,-773.4375,85.9375
209760,-54.6875,695.3125,703.125,-226.5625,-812.5,593.75,46.875,-953.125,359.375,398.4375,-921.875,-31.25,625.0,-773.4375,85.9375
209768,-54.6875,695.3125,710.9375,-218.75,-812.5,593.75,39.0625,-953.125,343.75,398.4375,-914.0625,-31.25,625.0,-765.625,85.9375
209768,-54.6875,695.3125,710.9375,-218.75,-812.5,593.75,39.0625,-953.125,343.75,398.4375,-914.0625,-31.25,625.0,-765.625,85.9375
209913,-54.6875,703.125,718.75,-226.5625,-812.5,601.5625,46.875,-953.125,359.375,375.0,-921.875,-31.25,632.8125,-765.625,85.9375
209913,-54.6875,703.125,718.75,-226.5625,-812.5,601.5625,46.875,-953.125,359.375,375.0,-921.875,-31.25,632.8125,-765.625,85.9375
209913,-54.6875,695.3125,710.9375,-226.5625,-812.5,585.9375,39.0625,-960.9375,351.5625,390.625,-929.6875,-31.25,632.8125,-765.625,85.9375
209913,-54.6875,695.3125,710.9375,-226.5625,-812.5,585.9375,39.0625,-960.9375,351.5625,390.625,-929.6875,-31.25,632.8125,-765.625,85.9375
209921,-54.6875,703.125,718.75,-226.5625,-820.3125,585.9375,31.25,-968.75,343.75,398.4375,-929.6875,-31.25,640.625,-773.4375,85.9375
209921,-54.6875,703.125,718.75,-226.5625,-820.3125,585.9375,31.25,-968.75,343.75,398.4375,-929.6875,-31.25,640.625,-773.4375,85.9375
209929,-54.6875,695.3125,718.75,-218.75,-812.5,593.75,39.0625,-960.9375,343.75,398.4375,-929.6875,-23.4375,640.625,-773.4375,93.75
209929,-54.6875,695.3125,718.75,-218.75,-812.5,593.75,39.0625,-960.9375,343.75,398.4375,-929.6875,-23.4375,640.625,-773.4375,93.75
210074,-54.6875,703.125,710.9375,-234.375,-804.6875,593.75,39.0625,-953.125,343.75,390.625,-929.6875,-23.4375,625.0,-765.625,85.9375
210074,-54.6875,703.125,710.9375,-234.375,-804.6875,593.75,39.0625,-953.125,343.75,390.625,-929.6875,-23.4375,625.0,-765.625,85.9375
210074,-54.6875,703.125,718.75,-226.5625,-804.6875,593.75,31.25,-945.3125,351.5625,390.625,-921.875,-31.25,632.8125,-765.625,85.9375
210074,-54.6875,703.125,718.75,-226.5625,-804.6875,593.75,31.25,-945.3125,351.5625,390.625,-921.875,-31.25,632.8125,-765.625,85.9375
210082,-54.6875,695.3125,710.9375,-226.5625,-812.5,593.75,39.0625,-953.125,351.5625,382.8125,-921.875,-23.4375,632.8125,-765.625,85.9375
210082,-54.6875,695.3125,710.9375,-226.5625,-812.5,593.75,39.0625,-953.125,351.5625,382.8125,-921.875,-23.4375,632.8125,-765.625,85.9375
210090,-54.6875,710.9375,710.9375,-226.5625,-812.5,593.75,46.875,-960.9375,351.5625,390.625,-921.875,-31.25,625.0,-765.625,93.75
210090,-54.6875,710.9375,710.9375,-226.5625,-812.5,593.75,46.875,-960.9375,351.5625,390.625,-921.875,-31.25,625.0,-765.625,93.75
210235,-54.6875,703.125,703.125,-226.5625,-804.6875,593.75,46.875,-953.125,359.375,382.8125,-921.875,-23.4375,625.0,-757.8125,93.75
210235,-54.6875,703.125,703.125,-226.5625,-804.6875,593.75,46.875,-953.125,359.375,382.8125,-921.875,-23.4375,625.0,-757.8125,93.75
210236,-54.6875,703.125,718.75,-218.75,-804.6875,601.5625,46.875,-945.3125,359.375,390.625,-921.875,-23.4375,625.0,-765.625,93.75
210236,-54.6875,703.125,718.75,-218.75,-804.6875,601.5625,46.875,-945.3125,359.375,390.625,-921.875,-23.4375,625.0,-765.625,93.75
210243,-54.6875,710.9375,710.9375,-226.5625,-804.6875,609.375,39.0625,-953.125,351.5625,390.625,-921.875,-23.4375,632.8125,-765.625,93.75
210243,-54.6875,710.9375,710.9375,-226.5625,-804.6875,609.375,39.0625,-953.125,351.5625,390.625,-921.875,-23.4375,632.8125,-765.625,93.75
210251,-54.6875,710.9375,718.75,-218.75,-796.875,601.5625,46.875,-953.125,351.5625,398.4375,-914.0625,-23.4375,640.625,-757.8125,85.9375
210251,-54.6875,710.9375,718.75,-218.75,-796.875,601.5625,46.875,-953.125,351.5625,398.4375,-914.0625,-23.4375,640.625,-757.8125,85.9375
210397,-54.6875,742.1875,710.9375,-234.375,-812.5,617.1875,39.0625,-953.125,375.0,375.0,-929.6875,-23.4375,617.1875,-781.25,93.75
210397,-54.6875,742.1875,710.9375,-234.375,-812.5,617.1875,39.0625,-953.125,375.0,375.0,-929.6875,-23.4375,617.1875,-781.25,93.75
210397,-46.875,726.5625,703.125,-234.375,-812.5,632.8125,39.0625,-953.125,390.625,382.8125,-929.6875,-15.625,632.8125,-781.25,93.75
210397,-46.875,726.5625,703.125,-234.375,-812.5,632.8125,39.0625,-953.125,390.625,382.8125,-929.6875,-15.625,632.8125,-781.25,93.75
210405,-46.875,726.5625,703.125,-226.5625,-796.875,609.375,46.875,-968.75,367.1875,390.625,-937.5,-15.625,625.0,-765.625,85.9375
210405,-46.875,726.5625,703.125,-226.5625,-796.875,609.375,46.875,-968.75,367.1875,390.625,-937.5,-15.625,625.0,-765.625,85.9375
210413,-39.0625,734.375,695.3125,-242.1875,-812.5,609.375,46.875,-960.9375,367.1875,398.4375,-937.5,-15.625,632.8125,-781.25,93.75
210413,-39.0625,734.375,695.3125,-242.1875,-812.5,609.375,46.875,-960.9375,367.1875,398.4375,-937.5,-15.625,632.8125,-781.25,93.75
210558,78.125,1125.0,781.25,-320.3125,-992.1875,1015.625,15.625,-1367.1875,664.0625,703.125,-1390.625,281.25,1156.25,-1851.5625,335.9375
210558,78.125,1125.0,781.25,-320.3125,-992.1875,1015.625,15.625,-1367.1875,664.0625,703.125,-1390.625,281.25,1156.25,-1851.5625,335.9375
210559,93.75,1132.8125,812.5,-343.75,-1007.8125,1023.4375,62.5,-1375.0,648.4375,757.8125,-1429.6875,296.875,1210.9375,-1640.625,367.1875
210559,93.75,1132.8125,812.5,-343.75,-1007.8125,1023.4375,62.5,-1375.0,648.4375,757.8125,-1429.6875,296.875,1210.9375,-1640.625,367.1875
210567,140.625,1140.625,804.6875,-382.8125,-1078.125,1046.875,39.0625,-1390.625,710.9375,781.25,-1468.75,328.125,1148.4375,-1445.3125,398.4375
210567,140.625,1140.625,804.6875,-382.8125,-1078.125,1046.875,39.0625,-1390.625,710.9375,781.25,-1468.75,328.125,1148.4375,-1445.3125,398.4375
210574,171.875,1156.25,812.5,-289.0625,-1062.5,1109.375,46.875,-1437.5,718.75,742.1875,-1515.625,328.125,1078.125,-1328.125,460.9375
210574,171.875,1156.25,812.5,-289.0625,-1062.5,1109.375,46.875,-1437.5,718.75,742.1875,-1515.625,328.125,1078.125,-1328.125,460.9375
210720,46.875,1335.9375,414.0625,23.4375,-867.1875,1226.5625,421.875,-1234.375,742.1875,914.0625,-1125.0,367.1875,1062.5,-914.0625,546.875
210720,46.875,1335.9375,414.0625,23.4375,-867.1875,1226.5625,421.875,-1234.375,742.1875,914.0625,-1125.0,367.1875,1062.5,-914.0625,546.875
210720,85.9375,1304.6875,390.625,-15.625,-882.8125,1148.4375,406.25,-1210.9375,695.3125,890.625,-1101.5625,312.5,1039.0625,-906.25,460.9375
210720,85.9375,1304.6875,390.625,-15.625,-882.8125,1148.4375,406.25,-1210.9375,695.3125,890.625,-1101.5625,312.5,1039.0625,-906.25,460.9375
210728,85.9375,1312.5,406.25,-23.4375,-875.0,1093.75,382.8125,-1218.75,640.625,875.0,-1078.125,250.0,1000.0,-937.5,359.375
210728,85.9375,1312.5,406.25,-23.4375,-875.0,1093.75,382.8125,-1218.75,640.625,875.0,-1078.125,250.0,1000.0,-937.5,359.375
210736,85.9375,1296.875,437.5,-31.25,-906.25,1046.875,375.0,-1218.75,585.9375,851.5625,-1070.3125,210.9375,992.1875,-929.6875,328.125
210736,85.9375,1296.875,437.5,-31.25,-906.25,1046.875,375.0,-1218.75,585.9375,851.5625,-1070.3125,210.9375,992.1875,-929.6875,328.125
210881,0.0,445.3125,335.9375,-132.8125,-640.625,273.4375,-15.625,-718.75,70.3125,179.6875,-664.0625,-148.4375,257.8125,-632.8125,7.8125
210881,0.0,445.3125,335.9375,-132.8125,-640.625,273.4375,-15.625,-718.75,70.3125,179.6875,-664.0625,-148.4375,257.8125,-632.8125,7.8125
210881,-46.875,437.5,328.125,-148.4375,-562.5,273.4375,-39.0625,-671.875,70.3125,148.4375,-625.0,-148.4375,234.375,-593.75,-7.8125
210881,-46.875,437.5,328.125,-148.4375,-562.5,273.4375,-39.0625,-671.875,70.3125,148.4375,-625.0,-148.4375,234.375,-593.75,-7.8125
210888,-62.5,406.25,312.5,-164.0625,-578.125,265.625,-46.875,-648.4375,78.125,125.0,-601.5625,-125.0,203.125,-578.125,-15.625
210888,-62.5,406.25,312.5,-164.0625,-578.125,265.625,-46.875,-648.4375,78.125,125.0,-601.5625,-125.0,203.125,-578.125,-15.625
210897,-78.125,414.0625,273.4375,-195.3125,-546.875,257.8125,-62.5,-617.1875,93.75,93.75,-585.9375,-101.5625,148.4375,-578.125,-7.8125
210897,-78.125,414.0625,273.4375,-195.3125,-546.875,257.8125,-62.5,-617.1875,93.75,93.75,-585.9375,-101.5625,148.4375,-578.125,-7.8125
211042,-726.5625,-187.5,-523.4375,-640.625,585.9375,-210.9375,-765.625,609.375,-23.4375,-820.3125,351.5625,296.875,-789.0625,296.875,54.6875
211042,-726.5625,-187.5,-523.4375,-640.625,585.9375,-210.9375,-765.625,609.375,-23.4375,-820.3125,351.5625,296.875,-789.0625,296.875,54.6875
211042,-757.8125,-234.375,-500.0,-640.625,679.6875,-164.0625,-765.625,656.25,15.625,-843.75,359.375,289.0625,-804.6875,335.9375,93.75
211042,-757.8125,-234.375,-500.0,-640.625,679.6875,-164.0625,-765.625,656.25,15.625,-843.75,359.375,289.0625,-804.6875,335.9375,93.75
211050,-750.0,-328.125,-476.5625,-703.125,726.5625,-148.4375,-765.625,718.75,70.3125,-882.8125,390.625,304.6875,-812.5,335.9375,117.1875
211050,-750.0,-328.125,-476.5625,-703.125,726.5625,-148.4375,-765.625,718.75,70.3125,-882.8125,390.625,304.6875,-812.5,335.9375,117.1875
211057,-734.375,-523.4375,-460.9375,-679.6875,812.5,-164.0625,-757.8125,726.5625,78.125,-914.0625,398.4375,320.3125,-867.1875,554.6875,195.3125
211057,-734.375,-523.4375,-460.9375,-679.6875,812.5,-164.0625,-757.8125,726.5625,78.125,-914.0625,398.4375,320.3125,-867.1875,554.6875,195.3125
211204,906.25,-351.5625,101.5625,140.625,312.5,-484.375,46.875,-54.6875,-210.9375,132.8125,-289.0625,70.3125,132.8125,-570.3125,382.8125
211204,906.25,-351.5625,101.5625,140.625,312.5,-484.375,46.875,-54.6875,-210.9375,132.8125,-289.0625,70.3125,132.8125,-570.3125,382.8125
211204,585.9375,367.1875,-101.5625,281.25,15.625,-265.625,234.375,-351.5625,-406.25,156.25,-421.875,-195.3125,218.75,-671.875,164.0625
211204,585.9375,367.1875,-101.5625,281.25,15.625,-265.625,234.375,-351.5625,-406.25,156.25,-421.875,-195.3125,218.75,-671.875,164.0625
211212,476.5625,906.25,-250.0,335.9375,-132.8125,-70.3125,343.75,-382.8125,-320.3125,289.0625,-437.5,-265.625,343.75,-664.0625,0.0
211212,476.5625,906.25,-250.0,335.9375,-132.8125,-70.3125,343.75,-382.8125,-320.3125,289.0625,-437.5,-265.625,343.75,-664.0625,0.0
211220,507.8125,1273.4375,-343.75,453.125,-382.8125,234.375,648.4375,-500.0,-250.0,562.5,-468.75,-312.5,468.75,-742.1875,-31.25
211220,507.8125,1273.4375,-343.75,453.125,-382.8125,234.375,648.4375,-500.0,-250.0,562.5,-468.75,-312.5,468.75,-742.1875,-31.25
211365,210.9375,1570.3125,-7.8125,-414.0625,-234.375,421.875,109.375,-726.5625,289.0625,437.5,-757.8125,-62.5,429.6875,-976.5625,7.8125
211365,210.9375,1570.3125,-7.8125,-414.0625,-234.375,421.875,109.375,-726.5625,289.0625,437.5,-757.8125,-62.5,429.6875,-976.5625,7.8125
211365,328.125,1320.3125,-195.3125,-507.8125,-117.1875,500.0,148.4375,-765.625,351.5625,437.5,-843.75,-15.625,398.4375,-1000.0,23.4375
211365,328.125,1320.3125,-195.3125,-507.8125,-117.1875,500.0,148.4375,-765.625,351.5625,437.5,-843.75,-15.625,398.4375,-1000.0,23.4375
211373,351.5625,1109.375,-429.6875,-375.0,-210.9375,781.25,453.125,-812.5,429.6875,742.1875,-882.8125,-23.4375,656.25,-1062.5,23.4375
211373,351.5625,1109.375,-429.6875,-375.0,-210.9375,781.25,453.125,-812.5,429.6875,742.1875,-882.8125,-23.4375,656.25,-1062.5,23.4375
211381,109.375,1101.5625,-523.4375,-242.1875,-390.625,1093.75,820.3125,-804.6875,570.3125,992.1875,-867.1875,-7.8125,882.8125,-968.75,-46.875
211381,109.375,1101.5625,-523.4375,-242.1875,-390.625,1093.75,820.3125,-804.6875,570.3125,992.1875,-867.1875,-7.8125,882.8125,-968.75,-46.875
211526,312.5,882.8125,-296.875,-15.625,-460.9375,859.375,671.875,-617.1875,234.375,664.0625,-593.75,-250.0,507.8125,-726.5625,-296.875
211526,312.5,882.8125,-296.875,-15.625,-460.9375,859.375,671.875,-617.1875,234.375,664.0625,-593.75,-250.0,507.8125,-726.5625,-296.875
211526,312.5,875.0,-289.0625,-15.625,-445.3125,867.1875,664.0625,-609.375,242.1875,671.875,-593.75,-226.5625,515.625,-726.5625,-289.0625
211526,312.5,875.0,-289.0625,-15.625,-445.3125,867.1875,664.0625,-609.375,242.1875,671.875,-593.75,-226.5625,515.625,-726.5625,-289.0625
211535,296.875,867.1875,-296.875,-31.25,-429.6875,867.1875,679.6875,-609.375,265.625,664.0625,-593.75,-218.75,515.625,-734.375,-281.25
211535,296.875,867.1875,-296.875,-31.25,-429.6875,867.1875,679.6875,-609.375,265.625,664.0625,-593.75,-218.75,515.625,-734.375,-281.25
211542,289.0625,867.1875,-304.6875,-46.875,-445.3125,875.0,671.875,-609.375,265.625,679.6875,-593.75,-203.125,539.0625,-726.5625,-265.625
211542,289.0625,867.1875,-304.6875,-46.875,-445.3125,875.0,671.875,-609.375,265.625,679.6875,-593.75,-203.125,539.0625,-726.5625,-265.625
211688,296.875,937.5,-335.9375,-62.5,-500.0,921.875,718.75,-687.5,312.5,734.375,-679.6875,-195.3125,578.125,-812.5,-250.0
211688,296.875,937.5,-335.9375,-62.5,-500.0,921.875,718.75,-687.5,312.5,734.375,-679.6875,-195.3125,578.125,-812.5,-250.0
211688,289.0625,921.875,-328.125,-62.5,-492.1875,929.6875,718.75,-695.3125,304.6875,726.5625,-679.6875,-195.3125,570.3125,-812.5,-250.0
211688,289.0625,921.875,-328.125,-62.5,-492.1875,929.6875,718.75,-695.3125,304.6875,726.5625,-679.6875,-195.3125,570.3125,-812.5,-250.0
211696,296.875,937.5,-320.3125,-54.6875,-492.1875,929.6875,726.5625,-687.5,304.6875,734.375,-679.6875,-210.9375,578.125,-812.5,-257.8125
211696,296.875,937.5,-320.3125,-54.6875,-492.1875,929.6875,726.5625,-687.5,304.6875,734.375,-679.6875,-210.9375,578.125,-812.5,-257.8125
211704,304.6875,937.5,-328.125,-54.6875,-500.0,914.0625,718.75,-679.6875,289.0625,726.5625,-671.875,-210.9375,570.3125,-804.6875,-273.4375
211704,304.6875,937.5,-328.125,-54.6875,-500.0,914.0625,718.75,-679.6875,289.0625,726.5625,-671.875,-210.9375,570.3125,-804.6875,-273.4375
211849,281.25,906.25,-351.5625,-54.6875,-445.3125,906.25,703.125,-625.0,320.3125,726.5625,-617.1875,-164.0625,570.3125,-757.8125,-242.1875
211849,281.25,906.25,-351.5625,-54.6875,-445.3125,906.25,703.125,-625.0,320.3125,726.5625,-617.1875,-164.0625,570.3125,-757.8125,-242.1875
211849,281.25,890.625,-343.75,-54.6875,-445.3125,906.25,703.125,-625.0,312.5,718.75,-625.0,-171.875,570.3125,-757.8125,-234.375
211849,281.25,890.625,-343.75,-54.6875,-445.3125,906.25,703.125,-625.0,312.5,718.75,-625.0,-171.875,570.3125,-757.8125,-234.375
211857,281.25,898.4375,-351.5625,-46.875,-445.3125,906.25,703.125,-625.0,312.5,718.75,-625.0,-179.6875,570.3125,-757.8125,-250.0
211857,281.25,898.4375,-351.5625,-46.875,-445.3125,906.25,703.125,-625.0,312.5,718.75,-625.0,-179.6875,570.3125,-757.8125,-250.0
211865,289.0625,898.4375,-343.75,-39.0625,-445.3125,906.25,710.9375,-625.0,296.875,718.75,-632.8125,-187.5,570.3125,-765.625,-250.0
211865,289.0625,898.4375,-343.75,-39.0625,-445.3125,906.25,710.9375,-625.0,296.875,718.75,-632.8125,-187.5,570.3125,-765.625,-250.0
211889,289.0625,906.25,-335.9375,-31.25,-460.9375,898.4375,703.125,-617.1875,289.0625,710.9375,-617.1875,-195.3125,570.3125,-750.0,-257.8125
211889,289.0625,906.25,-335.9375,-31.25,-460.9375,898.4375,703.125,-617.1875,289.0625,710.9375,-617.1875,-195.3125,570.3125,-750.0,-257.8125
211890,289.0625,882.8125,-328.125,-39.0625,-453.125,882.8125,710.9375,-625.0,289.0625,710.9375,-625.0,-187.5,570.3125,-757.8125,-257.8125
211890,289.0625,882.8125,-328.125,-39.0625,-453.125,882.8125,710.9375,-625.0,289.0625,710.9375,-625.0,-187.5,570.3125,-757.8125,-257.8125
211898,273.4375,906.25,-343.75,-31.25,-460.9375,882.8125,695.3125,-625.0,296.875,718.75,-617.1875,-195.3125,570.3125,-750.0,-257.8125
211898,273.4375,906.25,-343.75,-31.25,-460.9375,882.8125,695.3125,-625.0,296.875,718.75,-617.1875,-195.3125,570.3125,-750.0,-257.8125
211906,281.25,875.0,-335.9375,-39.0625,-445.3125,898.4375,695.3125,-625.0,289.0625,710.9375,-625.0,-187.5,562.5,-757.8125,-257.8125
211906,281.25,875.0,-335.9375,-39.0625,-445.3125,898.4375,695.3125,-625.0,289.0625,710.9375,-625.0,-187.5,562.5,-757.8125,-257.8125
211970,281.25,898.4375,-335.9375,-62.5,-460.9375,882.8125,687.5,-632.8125,296.875,703.125,-640.625,-171.875,570.3125,-757.8125,-250.0
211970,281.25,898.4375,-335.9375,-62.5,-460.9375,882.8125,687.5,-632.8125,296.875,703.125,-640.625,-171.875,570.3125,-757.8125,-250.0
211970,281.25,890.625,-328.125,-54.6875,-476.5625,882.8125,695.3125,-625.0,289.0625,710.9375,-632.8125,-179.6875,554.6875,-765.625,-250.0
211970,281.25,890.625,-328.125,-54.6875,-476.5625,882.8125,695.3125,-625.0,289.0625,710.9375,-632.8125,-179.6875,554.6875,-765.625,-250.0
211977,281.25,890.625,-328.125,-54.6875,-460.9375,882.8125,695.3125,-625.0,304.6875,703.125,-625.0,-187.5,554.6875,-757.8125,-250.0
211977,281.25,890.625,-328.125,-54.6875,-460.9375,882.8125,695.3125,-625.0,304.6875,703.125,-625.0,-187.5,554.6875,-757.8125,-250.0
211986,289.0625,890.625,-328.125,-46.875,-468.75,890.625,695.3125,-632.8125,304.6875,710.9375,-632.8125,-187.5,554.6875,-757.8125,-257.8125
211986,289.0625,890.625,-328.125,-46.875,-468.75,890.625,695.3125,-632.8125,304.6875,710.9375,-632.8125,-187.5,554.6875,-757.8125,-257.8125
212051,289.0625,921.875,-328.125,-46.875,-476.5625,906.25,703.125,-648.4375,296.875,718.75,-640.625,-195.3125,562.5,-773.4375,-257.8125
212051,289.0625,921.875,-328.125,-46.875,-476.5625,906.25,703.125,-648.4375,296.875,718.75,-640.625,-195.3125,562.5,-773.4375,-257.8125
212051,289.0625,921.875,-328.125,-39.0625,-468.75,890.625,710.9375,-640.625,296.875,710.9375,-640.625,-195.3125,562.5,-757.8125,-257.8125
212051,289.0625,921.875,-328.125,-39.0625,-468.75,890.625,710.9375,-640.625,296.875,710.9375,-640.625,-195.3125,562.5,-757.8125,-257.8125
212059,289.0625,921.875,-328.125,-46.875,-460.9375,906.25,710.9375,-632.8125,296.875,710.9375,-640.625,-187.5,570.3125,-773.4375,-265.625
212059,289.0625,921.875,-328.125,-46.875,-460.9375,906.25,710.9375,-632.8125,296.875,710.9375,-640.625,-187.5,570.3125,-773.4375,-265.625
212067,289.0625,914.0625,-328.125,-46.875,-453.125,906.25,710.9375,-632.8125,304.6875,726.5625,-640.625,-187.5,570.3125,-765.625,-265.625
212067,289.0625,914.0625,-328.125,-46.875,-453.125,906.25,710.9375,-632.8125,304.6875,726.5625,-640.625,-187.5,570.3125,-765.625,-265.625
212131,296.875,921.875,-320.3125,-23.4375,-492.1875,914.0625,718.75,-656.25,296.875,734.375,-648.4375,-210.9375,570.3125,-781.25,-273.4375
212131,296.875,921.875,-320.3125,-23.4375,-492.1875,914.0625,718.75,-656.25,296.875,734.375,-648.4375,-210.9375,570.3125,-781.25,-273.4375
212131,289.0625,921.875,-328.125,-31.25,-492.1875,914.0625,718.75,-656.25,304.6875,726.5625,-656.25,-210.9375,578.125,-781.25,-273.4375
212131,289.0625,921.875,-328.125,-31.25,-492.1875,914.0625,718.75,-656.25,304.6875,726.5625,-656.25,-210.9375,578.125,-781.25,-273.4375
212140,289.0625,929.6875,-328.125,-39.0625,-476.5625,906.25,726.5625,-648.4375,289.0625,726.5625,-648.4375,-203.125,570.3125,-773.4375,-265.625
212140,289.0625,929.6875,-328.125,-39.0625,-476.5625,906.25,726.5625,-648.4375,289.0625,726.5625,-648.4375,-203.125,570.3125,-773.4375,-265.625
212147,289.0625,921.875,-328.125,-31.25,-468.75,906.25,718.75,-648.4375,304.6875,726.5625,-640.625,-203.125,562.5,-781.25,-265.625
212147,289.0625,921.875,-328.125,-31.25,-468.75,906.25,718.75,-648.4375,304.6875,726.5625,-640.625,-203.125,562.5,-781.25,-265.625
212212,312.5,937.5,-312.5,-39.0625,-500.0,906.25,718.75,-664.0625,289.0625,718.75,-648.4375,-218.75,562.5,-789.0625,-281.25
212212,312.5,937.5,-312.5,-39.0625,-500.0,906.25,718.75,-664.0625,289.0625,718.75,-648.4375,-218.75,562.5,-789.0625,-281.25
212212,335.9375,945.3125,-312.5,-31.25,-500.0,906.25,726.5625,-656.25,281.25,734.375,-648.4375,-210.9375,570.3125,-789.0625,-273.4375
212212,335.9375,945.3125,-312.5,-31.25,-500.0,906.25,726.5625,-656.25,281.25,734.375,-648.4375,-210.9375,570.3125,-789.0625,-273.4375
212220,281.25,921.875,-304.6875,-31.25,-492.1875,906.25,718.75,-656.25,281.25,718.75,-648.4375,-210.9375,562.5,-765.625,-289.0625
212220,281.25,921.875,-304.6875,-31.25,-492.1875,906.25,718.75,-656.25,281.25,718.75,-648.4375,-210.9375,562.5,-765.625,-289.0625
212228,304.6875,921.875,-328.125,-39.0625,-484.375,914.0625,726.5625,-648.4375,289.0625,726.5625,-640.625,-210.9375,578.125,-781.25,-281.25
212228,304.6875,921.875,-328.125,-39.0625,-484.375,914.0625,726.5625,-648.4375,289.0625,726.5625,-640.625,-210.9375,578.125,-781.25,-281.25
