165407,79200.625,38058.125,-33289.375
165407,79200.625,38058.125,-33289.375
165418,23091.25,-35844.375,-20431.25
165418,23091.25,-35844.375,-20431.25
165428,-2878.75,-59478.125,6816.25
165428,-2878.75,-59478.125,6816.25
165438,-949.375,-20636.875,2196.25
165438,-949.375,-20636.875,2196.25
165448,22452.5,13.125,-11646.25
165448,22452.5,13.125,-11646.25
165459,44970.625,-6400.625,-22312.5
165459,44970.625,-6400.625,-22312.5
165470,45981.25,-8058.75,-33145.0
165470,45981.25,-8058.75,-33145.0
165479,37839.375,-5735.625,-26013.75
165479,37839.375,-5735.625,-26013.75
165490,27956.25,-3644.375,-10937.5
165490,27956.25,-3644.375,-10937.5
165500,15106.875,-3727.5,2537.5
165500,15106.875,-3727.5,2537.5
165510,7100.625,-3526.25,10377.5
165510,7100.625,-3526.25,10377.5
165521,5551.875,-70.0,12416.25
165521,5551.875,-70.0,12416.25
165531,4620.0,4458.125,12840.625
165531,4620.0,4458.125,12840.625
165542,4003.125,6995.625,13046.25
165542,4003.125,6995.625,13046.25
165551,6037.5,9065.0,11698.75
165551,6037.5,9065.0,11698.75
165562,7240.625,10548.125,9874.375
165562,7240.625,10548.125,9874.375
165572,6260.625,9200.625,10285.625
165572,6260.625,9200.625,10285.625
165583,6024.375,7678.125,10731.875
165583,6024.375,7678.125,10731.875
165593,3749.375,8614.375,10950.625
165593,3749.375,8614.375,10950.625
165602,3049.375,12521.25,11003.125
165602,3049.375,12521.25,11003.125
165613,3351.25,16708.125,11493.125
165613,3351.25,16708.125,11493.125
165624,-271.25,21866.25,12753.125
165624,-271.25,21866.25,12753.125
165634,-4379.375,25768.75,14371.875
165634,-4379.375,25768.75,14371.875
165645,-7595.0,25773.125,14796.25
165645,-7595.0,25773.125,14796.25
165655,-8680.0,23900.625,13435.625
165655,-8680.0,23900.625,13435.625
165665,-6636.875,20750.625,10981.25
165665,-6636.875,20750.625,10981.25
165675,-5853.75,15544.375,7940.625
165675,-5853.75,15544.375,7940.625
165686,-5516.875,8986.25,4773.125
165686,-5516.875,8986.25,4773.125
165696,-3876.25,3758.125,1911.875
165696,-3876.25,3758.125,1911.875
165706,-2135.0,1063.125,192.5
165706,-2135.0,1063.125,192.5
165717,-2038.75,-958.125,-258.125
165717,-2038.75,-958.125,-258.125
165727,-2143.75,-2139.375,691.25
165727,-2143.75,-2139.375,691.25
165738,-1815.625,-1802.5,2625.0
165738,-1815.625,-1802.5,2625.0
165748,-1846.25,-354.375,4790.625
165748,-1846.25,-354.375,4790.625
165758,-984.375,507.5,6050.625
165758,-984.375,507.5,6050.625
165768,-17.5,411.25,6523.125
165768,-17.5,411.25,6523.125
165779,1172.5,-380.625,6111.875
165779,1172.5,-380.625,6111.875
165789,2104.375,-1146.25,4956.875
165789,2104.375,-1146.25,4956.875
165799,2813.125,-1023.75,3080.0
165799,2813.125,-1023.75,3080.0
165810,3906.875,-490.0,673.75
165810,3906.875,-490.0,673.75
165819,4655.0,-192.5,-1063.125
165819,4655.0,-192.5,-1063.125
165830,5206.25,-354.375,-1999.375
165830,5206.25,-354.375,-1999.375
165841,4742.5,-870.625,-2716.875
165841,4742.5,-870.625,-2716.875
165851,4331.25,-1255.625,-3959.375
165851,4331.25,-1255.625,-3959.375
165861,4086.25,-980.0,-5836.25
165861,4086.25,-980.0,-5836.25
165870,3906.875,-861.875,-7008.75
165870,3906.875,-861.875,-7008.75
165882,3259.375,56.875,-5687.5
165882,3259.375,56.875,-5687.5
165892,1785.0,1701.875,-1789.375
165892,1785.0,1701.875,-1789.375
165903,-74.375,2940.0,1671.25
165903,-74.375,2940.0,1671.25
165913,-1981.875,2205.0,4716.25
165913,-1981.875,2205.0,4716.25
165923,-4068.75,603.75,6965.0
165923,-4068.75,603.75,6965.0
165934,-3653.125,-638.75,7494.375
165934,-3653.125,-638.75,7494.375
165944,-1881.25,-538.125,5573.75
165944,-1881.25,-538.125,5573.75
165954,-621.25,175.0,2979.375
165954,-621.25,175.0,2979.375
165964,-271.25,888.125,1181.25
165964,-271.25,888.125,1181.25
165974,1058.75,2257.5,-26.25
165974,1058.75,2257.5,-26.25
165985,2270.625,3815.0,-673.75
165985,2270.625,3815.0,-673.75
165995,2139.375,4558.75,-96.25
165995,2139.375,4558.75,-96.25
166006,520.625,3250.625,2261.875
166006,520.625,3250.625,2261.875
166016,-2318.75,1745.625,4401.25
166016,-2318.75,1745.625,4401.25
166026,-3377.5,787.5,4580.625
166026,-3377.5,787.5,4580.625
166037,-2191.875,581.875,3018.75
166037,-2191.875,581.875,3018.75
166047,-1500.625,481.25,1518.125
166047,-1500.625,481.25,1518.125
166057,-1662.5,293.125,879.375
166057,-1662.5,293.125,879.375
166067,-1194.375,581.875,638.75
166067,-1194.375,581.875,638.75
166078,-428.75,481.25,35.0
166078,-428.75,481.25,35.0
166088,-494.375,-341.25,205.625
166088,-494.375,-341.25,205.625
166099,-573.125,-958.125,1303.75
166099,-573.125,-958.125,1303.75
166109,-813.75,-380.625,2091.25
166109,-813.75,-380.625,2091.25
166119,-879.375,161.875,2546.25
166119,-879.375,161.875,2546.25
166130,-363.125,131.25,2572.5
166130,-363.125,131.25,2572.5
166140,581.875,-210.0,2021.25
166140,581.875,-210.0,2021.25
166150,1260.0,-494.375,1666.875
166150,1260.0,-494.375,1666.875
166160,1413.125,-284.375,1071.875
166160,1413.125,-284.375,1071.875
166171,1916.25,-39.375,437.5
166171,1916.25,-39.375,437.5
166181,1758.75,-61.25,-332.5
166181,1758.75,-61.25,-332.5
166190,2091.25,-406.875,-1023.75
166190,2091.25,-406.875,-1023.75
166202,2668.75,-1513.75,-1303.75
166202,2668.75,-1513.75,-1303.75
166212,1614.375,-2611.875,-595.0
166212,1614.375,-2611.875,-595.0
166222,507.5,-2975.0,310.625
166222,507.5,-2975.0,310.625
166233,660.625,-2340.625,0.0
166233,660.625,-2340.625,0.0
166243,1185.625,-1102.5,-958.125
166243,1185.625,-1102.5,-958.125
166254,1881.25,-525.0,-927.5
166254,1881.25,-525.0,-927.5
166264,1710.625,-743.75,153.125
166264,1710.625,-743.75,153.125
166274,1181.25,-896.875,625.625
166274,1181.25,-896.875,625.625
166284,2152.5,-656.25,-30.625
166284,2152.5,-656.25,-30.625
166295,3088.75,-70.0,-455.0
166295,3088.75,-70.0,-455.0
166305,1898.75,-328.125,708.75
166305,1898.75,-328.125,708.75
166315,4.375,-1098.125,2104.375
166315,4.375,-1098.125,2104.375
166326,-415.625,-984.375,1846.25
166326,-415.625,-984.375,1846.25
166336,796.25,-43.75,529.375
166336,796.25,-43.75,529.375
166346,1946.875,634.375,-1023.75
166346,1946.875,634.375,-1023.75
166356,2038.75,621.25,-1754.375
166356,2038.75,621.25,-1754.375
166367,1378.125,-148.75,-914.375
166367,1378.125,-148.75,-914.375
166377,358.75,-1067.5,-83.125
166377,358.75,-1067.5,-83.125
166387,415.625,-1036.875,-319.375
166387,415.625,-1036.875,-319.375
166398,1019.375,-284.375,-1001.875
166398,1019.375,-284.375,-1001.875
166408,1067.5,791.875,-1216.25
166408,1067.5,791.875,-1216.25
166418,870.625,1592.5,-743.75
166418,870.625,1592.5,-743.75
166429,861.875,1925.0,-564.375
166429,861.875,1925.0,-564.375
166439,1102.5,1811.25,-603.75
166439,1102.5,1811.25,-603.75
166450,1286.25,1452.5,-266.875
166450,1286.25,1452.5,-266.875
166460,520.625,1133.125,341.25
166460,520.625,1133.125,341.25
166470,-105.0,905.625,205.625
166470,-105.0,905.625,205.625
166480,778.75,984.375,-1071.875
166480,778.75,984.375,-1071.875
166491,1596.875,1548.75,-1942.5
166491,1596.875,1548.75,-1942.5
166501,1308.125,2213.75,-1386.875
166501,1308.125,2213.75,-1386.875
166511,-153.125,3128.125,428.75
166511,-153.125,3128.125,428.75
166522,-888.125,4256.875,1522.5
166522,-888.125,4256.875,1522.5
166532,-2051.875,5385.625,3066.875
166532,-2051.875,5385.625,3066.875
166542,-787.5,6129.375,2699.375
166542,-787.5,6129.375,2699.375
166552,-166.25,5468.75,1522.5
166552,-166.25,5468.75,1522.5
166563,529.375,4099.375,962.5
166563,529.375,4099.375,962.5
166573,65.625,2664.375,1023.75
166573,65.625,2664.375,1023.75
166583,-363.125,1338.75,765.625
166583,-363.125,1338.75,765.625
166594,415.625,783.125,-651.875
166594,415.625,783.125,-651.875
166605,1483.125,625.625,-2240.0
166605,1483.125,625.625,-2240.0
166614,2791.25,297.5,-3101.875
166614,2791.25,297.5,-3101.875
166625,2918.125,393.75,-3018.75
166625,2918.125,393.75,-3018.75
166635,2660.0,748.125,-2393.125
166635,2660.0,748.125,-2393.125
166645,2130.625,1045.625,-1106.875
166645,2130.625,1045.625,-1106.875
166656,586.25,669.375,371.875
166656,586.25,669.375,371.875
166666,1316.875,765.625,48.125
166666,1316.875,765.625,48.125
166676,2021.25,700.0,-87.5
166676,2021.25,700.0,-87.5
166687,2082.5,118.125,210.0
166687,2082.5,118.125,210.0
166697,1732.5,-630.0,411.25
166697,1732.5,-630.0,411.25
166707,1544.375,-1238.125,109.375
166707,1544.375,-1238.125,109.375
166718,2187.5,-1540.0,-1036.875
166718,2187.5,-1540.0,-1036.875
166728,2830.625,-1478.75,-2135.0
166728,2830.625,-1478.75,-2135.0
166738,2821.875,-1054.375,-2156.875
166738,2821.875,-1054.375,-2156.875
166748,1938.125,-341.25,-1019.375
166748,1938.125,-341.25,-1019.375
166759,1181.25,-26.25,109.375
166759,1181.25,-26.25,109.375
166769,1098.125,0.0,564.375
166769,1098.125,0.0,564.375
166779,1535.625,-43.75,332.5
166779,1535.625,-43.75,332.5
166790,2091.25,-122.5,-301.875
166790,2091.25,-122.5,-301.875
166800,2480.625,-271.25,-1233.75
166800,2480.625,-271.25,-1233.75
166810,2695.0,-214.375,-1920.625
166810,2695.0,-214.375,-1920.625
166821,2664.375,398.125,-2345.0
166821,2664.375,398.125,-2345.0
166831,2835.0,1443.75,-2406.25
166831,2835.0,1443.75,-2406.25
166842,2550.625,2467.5,-1999.375
166842,2550.625,2467.5,-1999.375
166852,2030.0,3272.5,-1338.75
166852,2030.0,3272.5,-1338.75
166862,2016.875,3784.375,-433.125
166862,2016.875,3784.375,-433.125
166872,1719.375,3517.5,485.625
166872,1719.375,3517.5,485.625
166883,2161.25,2708.125,411.25
166883,2161.25,2708.125,411.25
166893,3084.375,2152.5,-218.75
166893,3084.375,2152.5,-218.75
166903,3626.875,1181.25,-4.375
166903,3626.875,1181.25,-4.375
166914,3447.5,647.5,-240.625
166914,3447.5,647.5,-240.625
166923,3806.25,1010.625,-1281.875
166923,3806.25,1010.625,-1281.875
166934,4239.375,1120.0,-2196.25
166934,4239.375,1120.0,-2196.25
166944,4239.375,1382.5,-2555.0
166944,4239.375,1382.5,-2555.0
166955,4186.875,2463.125,-2436.875
166955,4186.875,2463.125,-2436.875
166965,3556.875,4357.5,-1684.375
166965,3556.875,4357.5,-1684.375
166975,2327.5,6448.75,157.5
166975,2327.5,6448.75,157.5
166986,227.5,7651.875,1955.625
166986,227.5,7651.875,1955.625
166996,-319.375,7245.0,3141.25
166996,-319.375,7245.0,3141.25
167006,-1168.125,6370.0,2922.5
167006,-1168.125,6370.0,2922.5
167017,-389.375,5158.125,498.75
167017,-389.375,5158.125,498.75
167027,1203.125,4020.625,-1925.0
167027,1203.125,4020.625,-1925.0
167038,2970.625,4423.125,-2725.625
167038,2970.625,4423.125,-2725.625
167048,1163.75,6216.875,-1465.625
167048,1163.75,6216.875,-1465.625
167058,669.375,7485.625,-1155.0
167058,669.375,7485.625,-1155.0
167068,1575.0,8054.375,-1592.5
167068,1575.0,8054.375,-1592.5
167079,2358.125,7424.375,-3071.25
167079,2358.125,7424.375,-3071.25
167088,4348.75,6208.125,-6409.375
167088,4348.75,6208.125,-6409.375
167099,7205.625,6046.25,-10010.0
167099,7205.625,6046.25,-10010.0
167109,7971.25,4637.5,-11611.25
167109,7971.25,4637.5,-11611.25
167120,8631.875,5320.0,-14323.75
167120,8631.875,5320.0,-14323.75
167130,9257.5,5254.375,-16743.125
167130,9257.5,5254.375,-16743.125
167141,7813.75,5166.875,-17408.125
167141,7813.75,5166.875,-17408.125
167150,6540.625,7240.625,-17215.625
167150,6540.625,7240.625,-17215.625
167161,4637.5,8229.375,-14791.875
167161,4637.5,8229.375,-14791.875
167171,2038.75,8671.25,-12915.0
167171,2038.75,8671.25,-12915.0
167182,826.875,8557.5,-11672.5
167182,826.875,8557.5,-11672.5
167193,1076.25,7328.125,-11138.75
167193,1076.25,7328.125,-11138.75
167202,2121.875,5490.625,-11821.25
167202,2121.875,5490.625,-11821.25
167213,4182.5,4869.375,-12490.625
167213,4182.5,4869.375,-12490.625
167223,4226.25,5105.625,-9695.0
167223,4226.25,5105.625,-9695.0
167233,2301.25,5468.75,-5363.75
167233,2301.25,5468.75,-5363.75
167244,-748.125,5735.625,-1505.0
167244,-748.125,5735.625,-1505.0
167254,-3211.25,5740.0,1526.875
167254,-3211.25,5740.0,1526.875
167264,-4055.625,5643.75,2353.75
167264,-4055.625,5643.75,2353.75
167275,-3666.25,5267.5,2025.625
167275,-3666.25,5267.5,2025.625
167285,-2043.125,5026.875,848.75
167285,-2043.125,5026.875,848.75
167295,-236.25,4401.25,-822.5
167295,-236.25,4401.25,-822.5
167306,765.625,3088.75,-2165.625
167306,765.625,3088.75,-2165.625
167316,1360.625,1653.75,-3145.625
167316,1360.625,1653.75,-3145.625
167326,2152.5,1360.625,-3591.875
167326,2152.5,1360.625,-3591.875
167337,1706.25,2100.0,-3010.0
167337,1706.25,2100.0,-3010.0
167347,-564.375,2515.625,-669.375
167347,-564.375,2515.625,-669.375
167357,-2865.625,2655.625,1837.5
167357,-2865.625,2655.625,1837.5
167367,-3880.625,3351.25,2734.375
167367,-3880.625,3351.25,2734.375
167377,-3255.0,3644.375,2073.75
167377,-3255.0,3644.375,2073.75
167388,-1588.125,3556.875,472.5
167388,-1588.125,3556.875,472.5
167398,-940.625,3364.375,-1176.875
167398,-940.625,3364.375,-1176.875
167409,-183.75,3106.25,-2327.5
167409,-183.75,3106.25,-2327.5
167419,665.0,2944.375,-3788.75
167419,665.0,2944.375,-3788.75
167429,625.625,2940.0,-5390.0
167429,625.625,2940.0,-5390.0
167440,1246.875,3215.625,-7157.5
167440,1246.875,3215.625,-7157.5
167450,1649.375,3482.5,-8408.75
167450,1649.375,3482.5,-8408.75
167460,2051.875,3972.5,-8242.5
167460,2051.875,3972.5,-8242.5
167470,1548.75,5700.625,-7245.0
167470,1548.75,5700.625,-7245.0
167481,761.25,7463.75,-6908.125
167481,761.25,7463.75,-6908.125
167491,2113.125,8911.875,-8176.875
167491,2113.125,8911.875,-8176.875
167502,4943.75,10386.25,-11274.375
167502,4943.75,10386.25,-11274.375
167512,6291.25,12534.375,-15500.625
167512,6291.25,12534.375,-15500.625
167522,8408.75,17110.625,-22124.375
167522,8408.75,17110.625,-22124.375
167533,13037.5,22815.625,-30791.25
167533,13037.5,22815.625,-30791.25
167543,21035.0,30187.5,-39991.875
167543,21035.0,30187.5,-39991.875
167553,30428.125,39593.75,-48776.875
167553,30428.125,39593.75,-48776.875
167564,37476.25,49520.625,-59010.0
167564,37476.25,49520.625,-59010.0
167574,50478.75,54123.125,-68044.375
167574,50478.75,54123.125,-68044.375
167584,44524.375,36373.75,-56625.625
167584,44524.375,36373.75,-56625.625
167594,26005.0,29085.0,-57351.875
167594,26005.0,29085.0,-57351.875
167605,50898.75,52609.375,-84433.125
167605,50898.75,52609.375,-84433.125
167616,73368.75,56555.625,-102375.0
167616,73368.75,56555.625,-102375.0
167625,84686.875,55890.625,-111833.75
167625,84686.875,55890.625,-111833.75
167636,100563.75,61131.875,-131490.625
167636,100563.75,61131.875,-131490.625
167646,111545.0,65913.75,-143355.625
167646,111545.0,65913.75,-143355.625
167656,103967.5,64815.625,-143355.625
167656,103967.5,64815.625,-143355.625
167667,88274.375,55273.75,-143115.0
167667,88274.375,55273.75,-143115.0
167677,76973.75,38766.875,-143355.625
167677,76973.75,38766.875,-143355.625
167687,71124.375,28148.75,-143355.625
167687,71124.375,28148.75,-143355.625
167698,73609.375,14288.75,-143355.625
167698,73609.375,14288.75,-143355.625
167708,80303.125,9673.125,-143355.625
167708,80303.125,9673.125,-143355.625
167718,116606.875,-10618.125,-143355.625
167718,116606.875,-10618.125,-143355.625
167729,143355.625,-50019.375,-143355.625
167729,143355.625,-50019.375,-143355.625
167739,143355.625,-80215.625,-143355.625
167739,143355.625,-80215.625,-143355.625
167749,134006.25,-104160.0,-143355.625
167749,134006.25,-104160.0,-143355.625
167760,124836.25,-107240.0,-143355.625
167760,124836.25,-107240.0,-143355.625
167770,138595.625,-104938.75,-143355.625
167770,138595.625,-104938.75,-143355.625
167780,136635.625,-111702.5,-143355.625
167780,136635.625,-111702.5,-143355.625
167790,126004.375,-119691.25,-143355.625
167790,126004.375,-119691.25,-143355.625
167801,133940.625,-120470.0,-143355.625
167801,133940.625,-120470.0,-143355.625
167812,140774.375,-136635.625,-143355.625
167812,140774.375,-136635.625,-143355.625
167821,136106.25,-143355.625,-143355.625
167821,136106.25,-143355.625,-143355.625
167832,130103.75,-143329.375,-143355.625
167832,130103.75,-143329.375,-143355.625
167842,132291.25,-143167.5,-143355.625
167842,132291.25,-143167.5,-143355.625
167853,135362.5,-143355.625,-143355.625
167853,135362.5,-143355.625,-143355.625
167863,139645.625,-143355.625,-143355.625
167863,139645.625,-143355.625,-143355.625
167873,143355.625,-142397.5,-143355.625
167873,143355.625,-142397.5,-143355.625
167884,143355.625,-114594.375,-143355.625
167884,143355.625,-114594.375,-143355.625
167893,143272.5,-62304.375,-143355.625
167893,143272.5,-62304.375,-143355.625
167904,143355.625,-24552.5,-143355.625
167904,143355.625,-24552.5,-143355.625
167914,143355.625,-13291.25,-143355.625
167914,143355.625,-13291.25,-143355.625
167925,125838.125,-26048.75,-143355.625
167925,125838.125,-26048.75,-143355.625
167935,66346.875,-45062.5,-143355.625
167935,66346.875,-45062.5,-143355.625
167945,30318.75,-50308.125,-143355.625
167945,30318.75,-50308.125,-143355.625
167956,39410.0,-27278.125,-143355.625
167956,39410.0,-27278.125,-143355.625
167966,58887.5,1662.5,-143355.625
167966,58887.5,1662.5,-143355.625
167977,58296.875,12976.25,-134820.0
167977,58296.875,12976.25,-134820.0
167986,52189.375,18528.125,-116633.125
167986,52189.375,18528.125,-116633.125
167997,55230.0,31171.875,-108828.125
167997,55230.0,31171.875,-108828.125
168007,63770.0,10045.0,-91656.25
168007,63770.0,10045.0,-91656.25
168017,63888.125,-29505.0,-45058.125
168017,63888.125,-29505.0,-45058.125
168028,72699.375,-34597.5,-21345.625
168028,72699.375,-34597.5,-21345.625
168038,95322.5,-33328.75,-17565.625
168038,95322.5,-33328.75,-17565.625
168049,108976.875,-47621.875,-8491.875
168049,108976.875,-47621.875,-8491.875
168059,116305.0,-46309.375,-1758.75
168059,116305.0,-46309.375,-1758.75
168069,124061.875,-32725.0,-6133.75
168069,124061.875,-32725.0,-6133.75
168079,118536.25,-22290.625,-10683.75
168079,118536.25,-22290.625,-10683.75
168090,96713.75,-19398.75,-7551.25
168090,96713.75,-19398.75,-7551.25
168100,84949.375,-14669.375,1400.0
168100,84949.375,-14669.375,1400.0
168110,90566.875,-7529.375,11843.125
168110,90566.875,-7529.375,11843.125
168121,97413.75,-9629.375,14542.5
168121,97413.75,-9629.375,14542.5
168131,107756.25,-10023.125,8176.875
168131,107756.25,-10023.125,8176.875
168141,116694.375,-6938.75,7848.75
168141,116694.375,-6938.75,7848.75
168151,114900.625,-12136.25,11051.25
168151,114900.625,-12136.25,11051.25
168162,109707.5,-11440.625,13636.875
168162,109707.5,-11440.625,13636.875
168172,106911.875,-6330.625,27208.125
168172,106911.875,-6330.625,27208.125
168183,106513.75,-4016.25,41391.875
168183,106513.75,-4016.25,41391.875
168193,99098.125,-2524.375,45600.625
168193,99098.125,-2524.375,45600.625
168203,91205.625,2340.625,46410.0
168203,91205.625,2340.625,46410.0
168213,90746.25,9428.125,42463.75
168213,90746.25,9428.125,42463.75
168224,90693.75,20356.875,26740.0
168224,90693.75,20356.875,26740.0
168234,81274.375,33700.625,8579.375
168234,81274.375,33700.625,8579.375
168245,65235.625,34951.875,-5241.25
168245,65235.625,34951.875,-5241.25
168255,70770.0,27571.25,1111.25
168255,70770.0,27571.25,1111.25
168265,81318.125,32414.375,-4510.625
168265,81318.125,32414.375,-4510.625
168275,85089.375,40967.5,-24438.75
168275,85089.375,40967.5,-24438.75
168285,87530.625,59574.375,-48330.625
168285,87530.625,59574.375,-48330.625
168296,103005.0,82363.75,-62667.5
168296,103005.0,82363.75,-62667.5
168306,116392.5,84551.25,-70581.875
168306,116392.5,84551.25,-70581.875
168317,133577.5,72909.375,-80456.25
168317,133577.5,72909.375,-80456.25
168327,143355.625,59018.75,-80228.75
168327,143355.625,59018.75,-80228.75
168337,132405.0,41475.0,-79900.625
168337,132405.0,41475.0,-79900.625
168348,92627.5,35284.375,-91831.25
168348,92627.5,35284.375,-91831.25
168358,51953.125,34435.625,-94880.625
168358,51953.125,34435.625,-94880.625
168368,40363.75,20426.875,-70542.5
168368,40363.75,20426.875,-70542.5
168378,40530.0,11668.125,-37760.625
168378,40530.0,11668.125,-37760.625
168389,27864.375,11348.75,-10386.25
168389,27864.375,11348.75,-10386.25
168399,8579.375,9887.5,6116.25
168399,8579.375,9887.5,6116.25
168410,-6851.25,13247.5,15596.875
168410,-6851.25,13247.5,15596.875
168420,-16069.375,17329.375,19499.375
168420,-16069.375,17329.375,19499.375
168430,-23034.375,18536.875,15697.5
168430,-23034.375,18536.875,15697.5
168440,-30362.5,20807.5,7896.875
168440,-30362.5,20807.5,7896.875
168451,-33722.5,23489.375,2957.5
168451,-33722.5,23489.375,2957.5
168461,-35236.25,17451.875,5516.875
168461,-35236.25,17451.875,5516.875
168472,-35161.875,6724.375,12026.875
168472,-35161.875,6724.375,12026.875
168482,-40963.125,-5792.5,21035.0
168482,-40963.125,-5792.5,21035.0
168492,-42918.75,-15277.5,29483.125
168492,-42918.75,-15277.5,29483.125
168503,-35393.75,-18510.625,34776.875
168503,-35393.75,-18510.625,34776.875
