191100,140.625,734.375,679.6875,-46.875,-828.125,609.375,242.1875,-929.6875,312.5,507.8125,-867.1875,15.625,570.3125,-796.875,179.6875
191100,140.625,734.375,679.6875,-46.875,-828.125,609.375,242.1875,-929.6875,312.5,507.8125,-867.1875,15.625,570.3125,-796.875,179.6875
191108,148.4375,742.1875,671.875,-39.0625,-828.125,601.5625,234.375,-945.3125,320.3125,507.8125,-859.375,15.625,578.125,-789.0625,179.6875
191108,148.4375,742.1875,671.875,-39.0625,-828.125,601.5625,234.375,-945.3125,320.3125,507.8125,-859.375,15.625,578.125,-789.0625,179.6875
191108,140.625,734.375,679.6875,-39.0625,-828.125,601.5625,242.1875,-929.6875,320.3125,507.8125,-859.375,23.4375,570.3125,-796.875,187.5
191108,140.625,734.375,679.6875,-39.0625,-828.125,601.5625,242.1875,-929.6875,320.3125,507.8125,-859.375,23.4375,570.3125,-796.875,187.5
191116,140.625,726.5625,671.875,-46.875,-828.125,601.5625,234.375,-937.5,312.5,507.8125,-859.375,15.625,578.125,-796.875,179.6875
191116,140.625,726.5625,671.875,-46.875,-828.125,601.5625,234.375,-937.5,312.5,507.8125,-859.375,15.625,578.125,-796.875,179.6875
191221,132.8125,726.5625,687.5,-46.875,-835.9375,593.75,234.375,-929.6875,312.5,500.0,-859.375,7.8125,570.3125,-789.0625,187.5
191221,132.8125,726.5625,687.5,-46.875,-835.9375,593.75,234.375,-929.6875,312.5,500.0,-859.375,7.8125,570.3125,-789.0625,187.5
191227,125.0,726.5625,679.6875,-46.875,-828.125,593.75,234.375,-937.5,320.3125,500.0,-859.375,15.625,578.125,-796.875,187.5
191227,125.0,726.5625,679.6875,-46.875,-828.125,593.75,234.375,-937.5,320.3125,500.0,-859.375,15.625,578.125,-796.875,187.5
191229,132.8125,734.375,679.6875,-39.0625,-828.125,609.375,234.375,-937.5,312.5,507.8125,-859.375,23.4375,585.9375,-804.6875,171.875
191229,132.8125,734.375,679.6875,-39.0625,-828.125,609.375,234.375,-937.5,312.5,507.8125,-859.375,23.4375,585.9375,-804.6875,171.875
191237,140.625,726.5625,687.5,-46.875,-828.125,601.5625,234.375,-937.5,312.5,500.0,-859.375,15.625,578.125,-796.875,171.875
191237,140.625,726.5625,687.5,-46.875,-828.125,601.5625,234.375,-937.5,312.5,500.0,-859.375,15.625,578.125,-796.875,171.875
191301,132.8125,726.5625,671.875,-46.875,-828.125,601.5625,242.1875,-953.125,312.5,507.8125,-867.1875,23.4375,578.125,-796.875,179.6875
191301,132.8125,726.5625,671.875,-46.875,-828.125,601.5625,242.1875,-953.125,312.5,507.8125,-867.1875,23.4375,578.125,-796.875,179.6875
191309,140.625,726.5625,671.875,-39.0625,-835.9375,601.5625,234.375,-945.3125,304.6875,507.8125,-859.375,15.625,578.125,-789.0625,179.6875
191309,140.625,726.5625,671.875,-39.0625,-835.9375,601.5625,234.375,-945.3125,304.6875,507.8125,-859.375,15.625,578.125,-789.0625,179.6875
191309,140.625,734.375,671.875,-46.875,-828.125,601.5625,242.1875,-937.5,304.6875,507.8125,-859.375,23.4375,570.3125,-789.0625,179.6875
191309,140.625,734.375,671.875,-46.875,-828.125,601.5625,242.1875,-937.5,304.6875,507.8125,-859.375,23.4375,570.3125,-789.0625,179.6875
191317,132.8125,734.375,671.875,-39.0625,-828.125,601.5625,234.375,-937.5,312.5,507.8125,-851.5625,15.625,578.125,-796.875,179.6875
191317,132.8125,734.375,671.875,-39.0625,-828.125,601.5625,234.375,-937.5,312.5,507.8125,-851.5625,15.625,578.125,-796.875,179.6875
191463,125.0,718.75,664.0625,-46.875,-835.9375,593.75,226.5625,-937.5,304.6875,500.0,-859.375,0.0,570.3125,-796.875,171.875
191463,125.0,718.75,664.0625,-46.875,-835.9375,593.75,226.5625,-937.5,304.6875,500.0,-859.375,0.0,570.3125,-796.875,171.875
191471,125.0,718.75,679.6875,-54.6875,-828.125,585.9375,242.1875,-929.6875,312.5,500.0,-851.5625,15.625,562.5,-796.875,179.6875
191471,125.0,718.75,679.6875,-54.6875,-828.125,585.9375,242.1875,-929.6875,312.5,500.0,-851.5625,15.625,562.5,-796.875,179.6875
191471,125.0,710.9375,679.6875,-54.6875,-828.125,593.75,218.75,-937.5,296.875,500.0,-859.375,15.625,562.5,-789.0625,171.875
191471,125.0,710.9375,679.6875,-54.6875,-828.125,593.75,218.75,-937.5,296.875,500.0,-859.375,15.625,562.5,-789.0625,171.875
191479,132.8125,710.9375,679.6875,-54.6875,-820.3125,593.75,218.75,-945.3125,296.875,500.0,-867.1875,7.8125,578.125,-796.875,171.875
191479,132.8125,710.9375,679.6875,-54.6875,-820.3125,593.75,218.75,-945.3125,296.875,500.0,-867.1875,7.8125,578.125,-796.875,171.875
191624,171.875,796.875,703.125,-31.25,-921.875,718.75,304.6875,-1023.4375,398.4375,609.375,-960.9375,70.3125,703.125,-859.375,234.375
191624,171.875,796.875,703.125,-31.25,-921.875,718.75,304.6875,-1023.4375,398.4375,609.375,-960.9375,70.3125,703.125,-859.375,234.375
191632,195.3125,781.25,726.5625,-39.0625,-921.875,718.75,335.9375,-1039.0625,390.625,640.625,-945.3125,62.5,726.5625,-890.625,242.1875
191632,195.3125,781.25,726.5625,-39.0625,-921.875,718.75,335.9375,-1039.0625,390.625,640.625,-945.3125,62.5,726.5625,-890.625,242.1875
191632,234.375,781.25,718.75,-15.625,-937.5,750.0,312.5,-1031.25,390.625,617.1875,-968.75,62.5,734.375,-898.4375,242.1875
191632,234.375,781.25,718.75,-15.625,-937.5,750.0,312.5,-1031.25,390.625,617.1875,-968.75,62.5,734.375,-898.4375,242.1875
191640,250.0,789.0625,742.1875,-23.4375,-945.3125,742.1875,359.375,-1062.5,406.25,679.6875,-992.1875,70.3125,750.0,-898.4375,250.0
191640,250.0,789.0625,742.1875,-23.4375,-945.3125,742.1875,359.375,-1062.5,406.25,679.6875,-992.1875,70.3125,750.0,-898.4375,250.0
191785,390.625,1375.0,625.0,179.6875,-1101.5625,1382.8125,632.8125,-1390.625,773.4375,1109.375,-1218.75,429.6875,1062.5,-1132.8125,640.625
191785,390.625,1375.0,625.0,179.6875,-1101.5625,1382.8125,632.8125,-1390.625,773.4375,1109.375,-1218.75,429.6875,1062.5,-1132.8125,640.625
191793,390.625,1335.9375,640.625,140.625,-1093.75,1304.6875,617.1875,-1382.8125,742.1875,1093.75,-1210.9375,390.625,1078.125,-1117.1875,640.625
191793,390.625,1335.9375,640.625,140.625,-1093.75,1304.6875,617.1875,-1382.8125,742.1875,1093.75,-1210.9375,390.625,1078.125,-1117.1875,640.625
191793,351.5625,1304.6875,648.4375,101.5625,-1101.5625,1226.5625,578.125,-1390.625,687.5,1062.5,-1210.9375,359.375,1070.3125,-1078.125,632.8125
191793,351.5625,1304.6875,648.4375,101.5625,-1101.5625,1226.5625,578.125,-1390.625,687.5,1062.5,-1210.9375,359.375,1070.3125,-1078.125,632.8125
191801,304.6875,1304.6875,640.625,70.3125,-1015.625,1171.875,539.0625,-1390.625,617.1875,984.375,-1234.375,281.25,1062.5,-1078.125,593.75
191801,304.6875,1304.6875,640.625,70.3125,-1015.625,1171.875,539.0625,-1390.625,617.1875,984.375,-1234.375,281.25,1062.5,-1078.125,593.75
191947,15.625,1132.8125,335.9375,-85.9375,-546.875,640.625,85.9375,-695.3125,234.375,289.0625,-656.25,-93.75,296.875,-695.3125,-54.6875
191947,15.625,1132.8125,335.9375,-85.9375,-546.875,640.625,85.9375,-695.3125,234.375,289.0625,-656.25,-93.75,296.875,-695.3125,-54.6875
191955,54.6875,1125.0,335.9375,-78.125,-523.4375,593.75,85.9375,-671.875,203.125,218.75,-617.1875,-101.5625,265.625,-671.875,-54.6875
191955,54.6875,1125.0,335.9375,-78.125,-523.4375,593.75,85.9375,-671.875,203.125,218.75,-617.1875,-101.5625,265.625,-671.875,-54.6875
191955,85.9375,1109.375,359.375,-70.3125,-492.1875,554.6875,62.5,-625.0,195.3125,210.9375,-585.9375,-109.375,242.1875,-648.4375,-54.6875
191955,85.9375,1109.375,359.375,-70.3125,-492.1875,554.6875,62.5,-625.0,195.3125,210.9375,-585.9375,-109.375,242.1875,-648.4375,-54.6875
191963,101.5625,1101.5625,335.9375,-62.5,-484.375,492.1875,31.25,-539.0625,234.375,171.875,-546.875,-101.5625,210.9375,-617.1875,-46.875
191963,101.5625,1101.5625,335.9375,-62.5,-484.375,492.1875,31.25,-539.0625,234.375,171.875,-546.875,-101.5625,210.9375,-617.1875,-46.875
192108,-398.4375,359.375,-226.5625,-296.875,343.75,250.0,-351.5625,234.375,195.3125,-531.25,46.875,132.8125,-562.5,46.875,-101.5625
192108,-398.4375,359.375,-226.5625,-296.875,343.75,250.0,-351.5625,234.375,195.3125,-531.25,46.875,132.8125,-562.5,46.875,-101.5625
192116,-359.375,289.0625,-242.1875,-343.75,421.875,195.3125,-335.9375,320.3125,195.3125,-578.125,179.6875,164.0625,-734.375,179.6875,-203.125
192116,-359.375,289.0625,-242.1875,-343.75,421.875,195.3125,-335.9375,320.3125,195.3125,-578.125,179.6875,164.0625,-734.375,179.6875,-203.125
192116,-382.8125,171.875,-257.8125,-414.0625,476.5625,117.1875,-382.8125,421.875,187.5,-632.8125,273.4375,226.5625,-890.625,257.8125,-281.25
192116,-382.8125,171.875,-257.8125,-414.0625,476.5625,117.1875,-382.8125,421.875,187.5,-632.8125,273.4375,226.5625,-890.625,257.8125,-281.25
192124,-453.125,78.125,-257.8125,-515.625,531.25,70.3125,-468.75,531.25,187.5,-671.875,335.9375,257.8125,-945.3125,289.0625,-281.25
192124,-453.125,78.125,-257.8125,-515.625,531.25,70.3125,-468.75,531.25,187.5,-671.875,335.9375,257.8125,-945.3125,289.0625,-281.25
192268,-562.5,-921.875,7.8125,-937.5,757.8125,-1070.3125,-226.5625,1656.25,-109.375,-226.5625,1046.875,367.1875,132.8125,671.875,-101.5625
192268,-562.5,-921.875,7.8125,-937.5,757.8125,-1070.3125,-226.5625,1656.25,-109.375,-226.5625,1046.875,367.1875,132.8125,671.875,-101.5625
192277,617.1875,-1476.5625,54.6875,-257.8125,1187.5,-671.875,351.5625,1718.75,23.4375,273.4375,1601.5625,351.5625,156.25,937.5,-328.125
192277,617.1875,-1476.5625,54.6875,-257.8125,1187.5,-671.875,351.5625,1718.75,23.4375,273.4375,1601.5625,351.5625,156.25,937.5,-328.125
192277,1210.9375,-1148.4375,-125.0,-359.375,1429.6875,-906.25,484.375,1453.125,-70.3125,93.75,1078.125,117.1875,343.75,585.9375,-335.9375
192277,1210.9375,-1148.4375,-125.0,-359.375,1429.6875,-906.25,484.375,1453.125,-70.3125,93.75,1078.125,117.1875,343.75,585.9375,-335.9375
192284,1078.125,-343.75,-328.125,109.375,1226.5625,-718.75,914.0625,1195.3125,-234.375,445.3125,890.625,15.625,523.4375,312.5,-312.5
192284,1078.125,-343.75,-328.125,109.375,1226.5625,-718.75,914.0625,1195.3125,-234.375,445.3125,890.625,15.625,523.4375,312.5,-312.5
192431,31.25,1023.4375,-414.0625,-421.875,-335.9375,671.875,460.9375,-632.8125,429.6875,968.75,-632.8125,70.3125,632.8125,-890.625,-164.0625
192431,31.25,1023.4375,-414.0625,-421.875,-335.9375,671.875,460.9375,-632.8125,429.6875,968.75,-632.8125,70.3125,632.8125,-890.625,-164.0625
192438,23.4375,1203.125,-578.125,-445.3125,-250.0,812.5,601.5625,-570.3125,507.8125,773.4375,-382.8125,164.0625,734.375,-843.75,-109.375
192438,23.4375,1203.125,-578.125,-445.3125,-250.0,812.5,601.5625,-570.3125,507.8125,773.4375,-382.8125,164.0625,734.375,-843.75,-109.375
192438,171.875,1257.8125,-710.9375,-351.5625,-351.5625,1117.1875,914.0625,-578.125,765.625,1156.25,-625.0,296.875,734.375,-929.6875,-62.5
192438,171.875,1257.8125,-710.9375,-351.5625,-351.5625,1117.1875,914.0625,-578.125,765.625,1156.25,-625.0,296.875,734.375,-929.6875,-62.5
192445,101.5625,1445.3125,-687.5,-132.8125,-414.0625,1500.0,1187.5,-718.75,773.4375,1210.9375,-585.9375,242.1875,843.75,-929.6875,46.875
192445,101.5625,1445.3125,-687.5,-132.8125,-414.0625,1500.0,1187.5,-718.75,773.4375,1210.9375,-585.9375,242.1875,843.75,-929.6875,46.875
192592,218.75,859.375,-359.375,117.1875,-468.75,890.625,726.5625,-609.375,179.6875,781.25,-515.625,-156.25,578.125,-757.8125,-218.75
192592,218.75,859.375,-359.375,117.1875,-468.75,890.625,726.5625,-609.375,179.6875,781.25,-515.625,-156.25,578.125,-757.8125,-218.75
192600,304.6875,867.1875,-343.75,70.3125,-476.5625,851.5625,726.5625,-593.75,203.125,789.0625,-484.375,-117.1875,609.375,-703.125,-210.9375
192600,304.6875,867.1875,-343.75,70.3125,-476.5625,851.5625,726.5625,-593.75,203.125,789.0625,-484.375,-117.1875,609.375,-703.125,-210.9375
192600,335.9375,867.1875,-328.125,39.0625,-484.375,835.9375,726.5625,-554.6875,250.0,812.5,-460.9375,-85.9375,609.375,-687.5,-187.5
192600,335.9375,867.1875,-328.125,39.0625,-484.375,835.9375,726.5625,-554.6875,250.0,812.5,-460.9375,-85.9375,609.375,-687.5,-187.5
192608,304.6875,828.125,-304.6875,31.25,-453.125,820.3125,695.3125,-539.0625,242.1875,789.0625,-445.3125,-78.125,601.5625,-671.875,-187.5
192608,304.6875,828.125,-304.6875,31.25,-453.125,820.3125,695.3125,-539.0625,242.1875,789.0625,-445.3125,-78.125,601.5625,-671.875,-187.5
192753,257.8125,914.0625,-328.125,7.8125,-476.5625,906.25,750.0,-593.75,312.5,843.75,-523.4375,-54.6875,640.625,-765.625,-148.4375
192753,257.8125,914.0625,-328.125,7.8125,-476.5625,906.25,750.0,-593.75,312.5,843.75,-523.4375,-54.6875,640.625,-765.625,-148.4375
192761,250.0,929.6875,-343.75,0.0,-484.375,898.4375,742.1875,-609.375,312.5,851.5625,-539.0625,-54.6875,648.4375,-765.625,-148.4375
192761,250.0,929.6875,-343.75,0.0,-484.375,898.4375,742.1875,-609.375,312.5,851.5625,-539.0625,-54.6875,648.4375,-765.625,-148.4375
192762,257.8125,921.875,-335.9375,0.0,-492.1875,906.25,757.8125,-601.5625,312.5,843.75,-531.25,-54.6875,656.25,-765.625,-148.4375
192762,257.8125,921.875,-335.9375,0.0,-492.1875,906.25,757.8125,-601.5625,312.5,843.75,-531.25,-54.6875,656.25,-765.625,-148.4375
192770,265.625,921.875,-351.5625,0.0,-500.0,906.25,757.8125,-609.375,304.6875,859.375,-531.25,-62.5,664.0625,-773.4375,-148.4375
192770,265.625,921.875,-351.5625,0.0,-500.0,906.25,757.8125,-609.375,304.6875,859.375,-531.25,-62.5,664.0625,-773.4375,-148.4375
192915,250.0,914.0625,-343.75,7.8125,-445.3125,914.0625,765.625,-570.3125,328.125,843.75,-500.0,-39.0625,656.25,-742.1875,-140.625
192915,250.0,914.0625,-343.75,7.8125,-445.3125,914.0625,765.625,-570.3125,328.125,843.75,-500.0,-39.0625,656.25,-742.1875,-140.625
192923,242.1875,921.875,-343.75,0.0,-453.125,914.0625,757.8125,-578.125,312.5,835.9375,-500.0,-46.875,656.25,-742.1875,-148.4375
192923,242.1875,921.875,-343.75,0.0,-453.125,914.0625,757.8125,-578.125,312.5,835.9375,-500.0,-46.875,656.25,-742.1875,-148.4375
192923,242.1875,921.875,-335.9375,15.625,-460.9375,914.0625,750.0,-578.125,320.3125,843.75,-507.8125,-46.875,656.25,-742.1875,-148.4375
192923,242.1875,921.875,-335.9375,15.625,-460.9375,914.0625,750.0,-578.125,320.3125,843.75,-507.8125,-46.875,656.25,-742.1875,-148.4375
192931,257.8125,921.875,-335.9375,7.8125,-453.125,914.0625,750.0,-570.3125,312.5,835.9375,-500.0,-54.6875,648.4375,-734.375,-156.25
192931,257.8125,921.875,-335.9375,7.8125,-453.125,914.0625,750.0,-570.3125,312.5,835.9375,-500.0,-54.6875,648.4375,-734.375,-156.25
193092,250.0,890.625,-343.75,15.625,-445.3125,890.625,750.0,-570.3125,304.6875,828.125,-492.1875,-46.875,656.25,-718.75,-156.25
193092,250.0,890.625,-343.75,15.625,-445.3125,890.625,750.0,-570.3125,304.6875,828.125,-492.1875,-46.875,656.25,-718.75,-156.25
193092,257.8125,898.4375,-328.125,15.625,-445.3125,898.4375,757.8125,-570.3125,304.6875,843.75,-492.1875,-46.875,656.25,-726.5625,-164.0625
193092,257.8125,898.4375,-328.125,15.625,-445.3125,898.4375,757.8125,-570.3125,304.6875,843.75,-492.1875,-46.875,656.25,-726.5625,-164.0625
193100,273.4375,898.4375,-351.5625,31.25,-453.125,898.4375,765.625,-562.5,304.6875,835.9375,-492.1875,-62.5,656.25,-726.5625,-171.875
193100,273.4375,898.4375,-351.5625,31.25,-453.125,898.4375,765.625,-562.5,304.6875,835.9375,-492.1875,-62.5,656.25,-726.5625,-171.875
193108,265.625,898.4375,-343.75,31.25,-453.125,914.0625,757.8125,-570.3125,296.875,843.75,-500.0,-54.6875,664.0625,-734.375,-171.875
193108,265.625,898.4375,-343.75,31.25,-453.125,914.0625,757.8125,-570.3125,296.875,843.75,-500.0,-54.6875,664.0625,-734.375,-171.875
193253,273.4375,937.5,-335.9375,46.875,-468.75,937.5,789.0625,-585.9375,304.6875,859.375,-500.0,-70.3125,664.0625,-742.1875,-171.875
193253,273.4375,937.5,-335.9375,46.875,-468.75,937.5,789.0625,-585.9375,304.6875,859.375,-500.0,-70.3125,664.0625,-742.1875,-171.875
193253,281.25,929.6875,-335.9375,46.875,-468.75,929.6875,789.0625,-585.9375,296.875,859.375,-507.8125,-70.3125,671.875,-742.1875,-179.6875
193253,281.25,929.6875,-335.9375,46.875,-468.75,929.6875,789.0625,-585.9375,296.875,859.375,-507.8125,-70.3125,671.875,-742.1875,-179.6875
193261,273.4375,929.6875,-351.5625,54.6875,-476.5625,929.6875,789.0625,-585.9375,296.875,867.1875,-500.0,-62.5,664.0625,-742.1875,-179.6875
193261,273.4375,929.6875,-351.5625,54.6875,-476.5625,929.6875,789.0625,-585.9375,296.875,867.1875,-500.0,-62.5,664.0625,-742.1875,-179.6875
193269,273.4375,937.5,-351.5625,54.6875,-468.75,929.6875,796.875,-585.9375,304.6875,867.1875,-492.1875,-70.3125,656.25,-742.1875,-179.6875
193269,273.4375,937.5,-351.5625,54.6875,-468.75,929.6875,796.875,-585.9375,304.6875,867.1875,-492.1875,-70.3125,656.25,-742.1875,-179.6875
193415,257.8125,890.625,-343.75,31.25,-437.5,906.25,750.0,-554.6875,296.875,828.125,-500.0,-62.5,648.4375,-710.9375,-164.0625
193415,257.8125,890.625,-343.75,31.25,-437.5,906.25,750.0,-554.6875,296.875,828.125,-500.0,-62.5,648.4375,-710.9375,-164.0625
193415,242.1875,921.875,-328.125,39.0625,-453.125,906.25,765.625,-554.6875,296.875,843.75,-484.375,-46.875,664.0625,-710.9375,-164.0625
193415,242.1875,921.875,-328.125,39.0625,-453.125,906.25,765.625,-554.6875,296.875,843.75,-484.375,-46.875,664.0625,-710.9375,-164.0625
193423,265.625,914.0625,-343.75,39.0625,-437.5,898.4375,773.4375,-546.875,296.875,851.5625,-484.375,-54.6875,648.4375,-718.75,-171.875
193423,265.625,914.0625,-343.75,39.0625,-437.5,898.4375,773.4375,-546.875,296.875,851.5625,-484.375,-54.6875,648.4375,-718.75,-171.875
193431,257.8125,914.0625,-343.75,46.875,-429.6875,914.0625,781.25,-546.875,304.6875,851.5625,-484.375,-62.5,656.25,-718.75,-171.875
193431,257.8125,914.0625,-343.75,46.875,-429.6875,914.0625,781.25,-546.875,304.6875,851.5625,-484.375,-62.5,656.25,-718.75,-171.875
193576,257.8125,921.875,-335.9375,54.6875,-453.125,914.0625,789.0625,-562.5,296.875,859.375,-500.0,-70.3125,664.0625,-726.5625,-171.875
193576,257.8125,921.875,-335.9375,54.6875,-453.125,914.0625,789.0625,-562.5,296.875,859.375,-500.0,-70.3125,664.0625,-726.5625,-171.875
193576,265.625,921.875,-343.75,54.6875,-453.125,921.875,789.0625,-570.3125,296.875,859.375,-500.0,-70.3125,664.0625,-726.5625,-179.6875
193576,265.625,921.875,-343.75,54.6875,-453.125,921.875,789.0625,-570.3125,296.875,859.375,-500.0,-70.3125,664.0625,-726.5625,-179.6875
193584,273.4375,914.0625,-335.9375,46.875,-453.125,914.0625,789.0625,-562.5,281.25,851.5625,-500.0,-70.3125,664.0625,-734.375,-171.875
193584,273.4375,914.0625,-335.9375,46.875,-453.125,914.0625,789.0625,-562.5,281.25,851.5625,-500.0,-70.3125,664.0625,-734.375,-171.875
193592,281.25,921.875,-335.9375,46.875,-460.9375,914.0625,773.4375,-578.125,281.25,851.5625,-500.0,-70.3125,656.25,-734.375,-171.875
193592,281.25,921.875,-335.9375,46.875,-460.9375,914.0625,773.4375,-578.125,281.25,851.5625,-500.0,-70.3125,656.25,-734.375,-171.875
193738,265.625,937.5,-328.125,46.875,-460.9375,914.0625,781.25,-570.3125,289.0625,851.5625,-500.0,-70.3125,648.4375,-734.375,-171.875
193738,265.625,937.5,-328.125,46.875,-460.9375,914.0625,781.25,-570.3125,289.0625,851.5625,-500.0,-70.3125,648.4375,-734.375,-171.875
193738,289.0625,1117.1875,-281.25,39.0625,-468.75,906.25,773.4375,-570.3125,296.875,851.5625,-492.1875,-78.125,671.875,-734.375,-171.875
193738,289.0625,1117.1875,-281.25,39.0625,-468.75,906.25,773.4375,-570.3125,296.875,851.5625,-492.1875,-78.125,671.875,-734.375,-171.875
193746,242.1875,890.625,-320.3125,23.4375,-453.125,898.4375,750.0,-570.3125,281.25,835.9375,-507.8125,-78.125,640.625,-726.5625,-179.6875
193746,242.1875,890.625,-320.3125,23.4375,-453.125,898.4375,750.0,-570.3125,281.25,835.9375,-507.8125,-78.125,640.625,-726.5625,-179.6875
193754,250.0,812.5,-312.5,46.875,-460.9375,921.875,781.25,-585.9375,296.875,851.5625,-515.625,-78.125,656.25,-734.375,-164.0625
193754,250.0,812.5,-312.5,46.875,-460.9375,921.875,781.25,-585.9375,296.875,851.5625,-515.625,-78.125,656.25,-734.375,-164.0625
193858,289.0625,960.9375,-296.875,54.6875,-468.75,929.6875,796.875,-585.9375,312.5,859.375,-515.625,-70.3125,656.25,-742.1875,-164.0625
193858,289.0625,960.9375,-296.875,54.6875,-468.75,929.6875,796.875,-585.9375,312.5,859.375,-515.625,-70.3125,656.25,-742.1875,-164.0625
193859,281.25,953.125,-312.5,46.875,-468.75,937.5,796.875,-593.75,289.0625,859.375,-523.4375,-78.125,664.0625,-750.0,-164.0625
193859,281.25,953.125,-312.5,46.875,-468.75,937.5,796.875,-593.75,289.0625,859.375,-523.4375,-78.125,664.0625,-750.0,-164.0625
193867,296.875,968.75,-304.6875,62.5,-476.5625,953.125,796.875,-585.9375,289.0625,859.375,-531.25,-78.125,656.25,-750.0,-156.25
193867,296.875,968.75,-304.6875,62.5,-476.5625,953.125,796.875,-585.9375,289.0625,859.375,-531.25,-78.125,656.25,-750.0,-156.25
193875,304.6875,992.1875,-296.875,39.0625,-492.1875,953.125,812.5,-593.75,304.6875,859.375,-523.4375,-62.5,664.0625,-757.8125,-164.0625
193875,304.6875,992.1875,-296.875,39.0625,-492.1875,953.125,812.5,-593.75,304.6875,859.375,-523.4375,-62.5,664.0625,-757.8125,-164.0625
