182220,-65.625,-35.0,-39.375
182220,-65.625,-35.0,-39.375
182230,-70.0,-13.125,-43.75
182230,-70.0,-13.125,-43.75
182381,113.75,-192.5,-192.5
182381,113.75,-192.5,-192.5
182391,175.0,-179.375,-157.5
182391,175.0,-179.375,-157.5
182462,-52.5,-135.625,26.25
182462,-52.5,-135.625,26.25
182472,-113.75,-126.875,56.875
182472,-113.75,-126.875,56.875
182523,-1330.0,363.125,463.75
182523,-1330.0,363.125,463.75
182533,-1268.75,441.875,463.75
182533,-1268.75,441.875,463.75
182644,-7043.75,2060.625,2502.5
182644,-7043.75,2060.625,2502.5
182654,-7516.25,2511.25,1706.25
182654,-7516.25,2511.25,1706.25
182805,-11681.25,15579.375,-6094.375
182805,-11681.25,15579.375,-6094.375
182815,-12696.25,17788.75,-7739.375
182815,-12696.25,17788.75,-7739.375
182946,-4418.75,11891.25,-24635.625
182946,-4418.75,11891.25,-24635.625
182956,-6803.125,7459.375,-23130.625
182956,-6803.125,7459.375,-23130.625
183108,-16839.375,7192.5,-11545.625
183108,-16839.375,7192.5,-11545.625
183118,-18160.625,7634.375,-9244.375
183118,-18160.625,7634.375,-9244.375
183268,-20199.375,4095.0,39029.375
183268,-20199.375,4095.0,39029.375
183279,-19993.75,4900.0,38670.625
183279,-19993.75,4900.0,38670.625
183350,27776.875,-3088.75,-20575.625
183350,27776.875,-3088.75,-20575.625
183360,60681.25,-12070.625,-2428.125
183360,60681.25,-12070.625,-2428.125
183511,1666.875,-1868.125,-363.125
183511,1666.875,-1868.125,-363.125
183521,1968.75,-1675.625,-1382.5
183521,1968.75,-1675.625,-1382.5
183673,791.875,319.375,-1373.75
183673,791.875,319.375,-1373.75
183683,752.5,371.875,-1032.5
183683,752.5,371.875,-1032.5
183834,-293.125,-271.25,-288.75
183834,-293.125,-271.25,-288.75
183844,-306.25,-350.0,-428.75
183844,-306.25,-350.0,-428.75
183996,-463.75,-122.5,-140.0
183996,-463.75,-122.5,-140.0
184006,-332.5,-175.0,-157.5
184006,-332.5,-175.0,-157.5
184157,35.0,-183.75,-183.75
184157,35.0,-183.75,-183.75
184167,-56.875,-166.25,-122.5
184167,-56.875,-166.25,-122.5
184319,4.375,-201.25,-371.875
184319,4.375,-201.25,-371.875
184329,26.25,-135.625,-332.5
184329,26.25,-135.625,-332.5
184399,122.5,-105.0,-170.625
184399,122.5,-105.0,-170.625
184409,70.0,-131.25,-153.125
184409,70.0,-131.25,-153.125
184561,87.5,-96.25,-227.5
184561,87.5,-96.25,-227.5
184571,65.625,-113.75,-179.375
184571,65.625,-113.75,-179.375
184722,-140.0,-26.25,-118.125
184722,-140.0,-26.25,-118.125
184732,-100.625,-8.75,-100.625
184732,-100.625,-8.75,-100.625
184884,170.625,43.75,-122.5
184884,170.625,43.75,-122.5
184894,175.0,17.5,-126.875
184894,175.0,17.5,-126.875
