209102,17.5,-48.125,0.0
209102,17.5,-48.125,0.0
209112,-17.5,-39.375,-4.375
209112,-17.5,-39.375,-4.375
209263,-52.5,-30.625,-8.75
209263,-52.5,-30.625,-8.75
209274,-70.0,-13.125,-13.125
209274,-70.0,-13.125,-13.125
209425,-48.125,-4.375,-26.25
209425,-48.125,-4.375,-26.25
209435,-39.375,0.0,-21.875
209435,-39.375,0.0,-21.875
209586,-21.875,-13.125,-13.125
209586,-21.875,-13.125,-13.125
209597,-43.75,-8.75,-21.875
209597,-43.75,-8.75,-21.875
209748,30.625,-26.25,-65.625
209748,30.625,-26.25,-65.625
209758,-8.75,0.0,-74.375
209758,-8.75,0.0,-74.375
209909,-21.875,-43.75,-4.375
209909,-21.875,-43.75,-4.375
209920,-35.0,-35.0,-17.5
209920,-35.0,-35.0,-17.5
210071,-43.75,-39.375,-30.625
210071,-43.75,-39.375,-30.625
210081,-17.5,-17.5,-35.0
210081,-17.5,-17.5,-35.0
210232,-13.125,-26.25,-17.5
210232,-13.125,-26.25,-17.5
210242,-8.75,-35.0,4.375
210242,-8.75,-35.0,4.375
210394,-463.75,65.625,157.5
210394,-463.75,65.625,157.5
210404,-297.5,122.5,258.125
210404,-297.5,122.5,258.125
210555,-4733.75,2533.125,2918.125
210555,-4733.75,2533.125,2918.125
210565,-5420.625,3014.375,3053.75
210565,-5420.625,3014.375,3053.75
210717,-13860.0,12923.75,-6352.5
210717,-13860.0,12923.75,-6352.5
210727,-13934.375,14918.75,-7424.375
210727,-13934.375,14918.75,-7424.375
210878,-6435.625,8658.125,-18256.875
210878,-6435.625,8658.125,-18256.875
210888,-7450.625,8050.0,-17360.0
210888,-7450.625,8050.0,-17360.0
211039,-6772.5,4016.25,-11322.5
211039,-6772.5,4016.25,-11322.5
211050,-5950.0,5092.5,-10268.125
211050,-5950.0,5092.5,-10268.125
211201,-7700.0,4186.875,47810.0
211201,-7700.0,4186.875,47810.0
211211,-16926.875,-10766.875,44467.5
211211,-16926.875,-10766.875,44467.5
211363,-17.5,2576.875,1041.25
211363,-17.5,2576.875,1041.25
211373,3513.125,1955.625,-616.875
211373,3513.125,1955.625,-616.875
211524,-616.875,-21.875,-1233.75
211524,-616.875,-21.875,-1233.75
211534,-603.75,-218.75,-1054.375
211534,-603.75,-218.75,-1054.375
211685,-83.125,201.25,179.375
211685,-83.125,201.25,179.375
211694,-236.25,140.0,188.125
211694,-236.25,140.0,188.125
211847,56.875,-118.125,-161.875
211847,56.875,-118.125,-161.875
211857,105.0,-113.75,-153.125
211857,105.0,-113.75,-153.125
211887,0.0,-236.25,-179.375
211887,0.0,-236.25,-179.375
211898,-13.125,-210.0,-170.625
211898,-13.125,-210.0,-170.625
211968,109.375,-74.375,100.625
211968,109.375,-74.375,100.625
211977,126.875,-91.875,135.625
211977,126.875,-91.875,135.625
212049,131.25,-170.625,56.875
212049,131.25,-170.625,56.875
212059,144.375,-214.375,96.25
212059,144.375,-214.375,96.25
212129,26.25,-100.625,-166.25
212129,26.25,-100.625,-166.25
212140,35.0,-74.375,-210.0
212140,35.0,-74.375,-210.0
212210,83.125,-148.75,-240.625
212210,83.125,-148.75,-240.625
212220,231.875,-546.875,-175.0
212220,231.875,-546.875,-175.0
