1894368,7.8125,554.6875,828.125,-23.4375,-804.6875,640.625,296.875,-960.9375,148.4375,570.3125,-812.5,-39.0625,492.1875,-828.125,281.25
1894368,7.8125,554.6875,828.125,-23.4375,-804.6875,640.625,296.875,-960.9375,148.4375,570.3125,-812.5,-39.0625,492.1875,-828.125,281.25
1894368,15.625,546.875,835.9375,-23.4375,-804.6875,632.8125,289.0625,-960.9375,148.4375,562.5,-820.3125,-31.25,500.0,-835.9375,281.25
1894368,15.625,546.875,835.9375,-23.4375,-804.6875,632.8125,289.0625,-960.9375,148.4375,562.5,-820.3125,-31.25,500.0,-835.9375,281.25
1894375,15.625,546.875,835.9375,-31.25,-796.875,640.625,289.0625,-953.125,148.4375,570.3125,-820.3125,-31.25,492.1875,-828.125,281.25
1894375,15.625,546.875,835.9375,-31.25,-796.875,640.625,289.0625,-953.125,148.4375,570.3125,-820.3125,-31.25,492.1875,-828.125,281.25
1894384,7.8125,554.6875,835.9375,-23.4375,-804.6875,640.625,296.875,-953.125,132.8125,562.5,-820.3125,-46.875,492.1875,-828.125,281.25
1894384,7.8125,554.6875,835.9375,-23.4375,-804.6875,640.625,296.875,-953.125,132.8125,562.5,-820.3125,-46.875,492.1875,-828.125,281.25
1894529,15.625,554.6875,828.125,-15.625,-804.6875,640.625,304.6875,-960.9375,140.625,570.3125,-820.3125,-39.0625,492.1875,-835.9375,281.25
1894529,15.625,554.6875,828.125,-15.625,-804.6875,640.625,304.6875,-960.9375,140.625,570.3125,-820.3125,-39.0625,492.1875,-835.9375,281.25
1894529,15.625,562.5,835.9375,-23.4375,-796.875,648.4375,289.0625,-960.9375,140.625,570.3125,-812.5,-31.25,484.375,-828.125,289.0625
1894529,15.625,562.5,835.9375,-23.4375,-796.875,648.4375,289.0625,-960.9375,140.625,570.3125,-812.5,-31.25,484.375,-828.125,289.0625
1894537,15.625,562.5,828.125,-23.4375,-804.6875,632.8125,296.875,-960.9375,148.4375,562.5,-820.3125,-31.25,500.0,-820.3125,289.0625
1894537,15.625,562.5,828.125,-23.4375,-804.6875,632.8125,296.875,-960.9375,148.4375,562.5,-820.3125,-31.25,500.0,-820.3125,289.0625
1894545,15.625,562.5,828.125,-23.4375,-796.875,640.625,296.875,-968.75,148.4375,570.3125,-820.3125,-46.875,484.375,-828.125,281.25
1894545,15.625,562.5,828.125,-23.4375,-796.875,640.625,296.875,-968.75,148.4375,570.3125,-820.3125,-46.875,484.375,-828.125,281.25
1894691,7.8125,546.875,835.9375,-31.25,-796.875,632.8125,289.0625,-960.9375,140.625,570.3125,-820.3125,-31.25,500.0,-828.125,281.25
1894691,7.8125,546.875,835.9375,-31.25,-796.875,632.8125,289.0625,-960.9375,140.625,570.3125,-820.3125,-31.25,500.0,-828.125,281.25
1894691,7.8125,554.6875,835.9375,-31.25,-796.875,632.8125,296.875,-960.9375,148.4375,570.3125,-812.5,-31.25,484.375,-828.125,273.4375
1894691,7.8125,554.6875,835.9375,-31.25,-796.875,632.8125,296.875,-960.9375,148.4375,570.3125,-812.5,-31.25,484.375,-828.125,273.4375
1894699,7.8125,554.6875,835.9375,-15.625,-804.6875,640.625,304.6875,-953.125,132.8125,562.5,-820.3125,-31.25,500.0,-828.125,273.4375
1894699,7.8125,554.6875,835.9375,-15.625,-804.6875,640.625,304.6875,-953.125,132.8125,562.5,-820.3125,-31.25,500.0,-828.125,273.4375
1894707,15.625,546.875,835.9375,-23.4375,-812.5,640.625,296.875,-960.9375,132.8125,570.3125,-812.5,-31.25,492.1875,-828.125,281.25
1894707,15.625,546.875,835.9375,-23.4375,-812.5,640.625,296.875,-960.9375,132.8125,570.3125,-812.5,-31.25,492.1875,-828.125,281.25
1894851,15.625,554.6875,828.125,-31.25,-804.6875,640.625,289.0625,-960.9375,140.625,562.5,-812.5,-31.25,492.1875,-835.9375,281.25
1894851,15.625,554.6875,828.125,-31.25,-804.6875,640.625,289.0625,-960.9375,140.625,562.5,-812.5,-31.25,492.1875,-835.9375,281.25
1894851,7.8125,554.6875,820.3125,-31.25,-796.875,640.625,296.875,-953.125,132.8125,570.3125,-812.5,-23.4375,492.1875,-828.125,289.0625
1894851,7.8125,554.6875,820.3125,-31.25,-796.875,640.625,296.875,-953.125,132.8125,570.3125,-812.5,-23.4375,492.1875,-828.125,289.0625
1894860,15.625,554.6875,835.9375,-23.4375,-804.6875,632.8125,296.875,-960.9375,140.625,562.5,-820.3125,-31.25,492.1875,-828.125,281.25
1894860,15.625,554.6875,835.9375,-23.4375,-804.6875,632.8125,296.875,-960.9375,140.625,562.5,-820.3125,-31.25,492.1875,-828.125,281.25
1894868,7.8125,562.5,828.125,-23.4375,-796.875,632.8125,296.875,-960.9375,140.625,570.3125,-820.3125,-31.25,492.1875,-828.125,289.0625
1894868,7.8125,562.5,828.125,-23.4375,-796.875,632.8125,296.875,-960.9375,140.625,570.3125,-820.3125,-31.25,492.1875,-828.125,289.0625
1895013,15.625,562.5,828.125,-31.25,-789.0625,640.625,296.875,-953.125,140.625,570.3125,-812.5,-39.0625,484.375,-828.125,273.4375
1895013,15.625,562.5,828.125,-31.25,-789.0625,640.625,296.875,-953.125,140.625,570.3125,-812.5,-39.0625,484.375,-828.125,273.4375
1895013,23.4375,562.5,828.125,-23.4375,-804.6875,640.625,296.875,-953.125,140.625,562.5,-812.5,-31.25,500.0,-828.125,281.25
1895013,23.4375,562.5,828.125,-23.4375,-804.6875,640.625,296.875,-953.125,140.625,562.5,-812.5,-31.25,500.0,-828.125,281.25
1895021,15.625,562.5,835.9375,-31.25,-796.875,640.625,289.0625,-953.125,148.4375,562.5,-820.3125,-31.25,492.1875,-828.125,281.25
1895021,15.625,562.5,835.9375,-31.25,-796.875,640.625,289.0625,-953.125,148.4375,562.5,-820.3125,-31.25,492.1875,-828.125,281.25
1895028,7.8125,554.6875,835.9375,-31.25,-804.6875,648.4375,296.875,-968.75,140.625,562.5,-820.3125,-39.0625,492.1875,-828.125,273.4375
1895028,7.8125,554.6875,835.9375,-31.25,-804.6875,648.4375,296.875,-968.75,140.625,562.5,-820.3125,-39.0625,492.1875,-828.125,273.4375
1895174,23.4375,570.3125,820.3125,-15.625,-804.6875,648.4375,304.6875,-968.75,156.25,578.125,-804.6875,-31.25,492.1875,-835.9375,281.25
1895174,23.4375,570.3125,820.3125,-15.625,-804.6875,648.4375,304.6875,-968.75,156.25,578.125,-804.6875,-31.25,492.1875,-835.9375,281.25
1895175,15.625,562.5,835.9375,-23.4375,-796.875,648.4375,296.875,-960.9375,148.4375,578.125,-812.5,-31.25,492.1875,-820.3125,281.25
1895175,15.625,562.5,835.9375,-23.4375,-796.875,648.4375,296.875,-960.9375,148.4375,578.125,-812.5,-31.25,492.1875,-820.3125,281.25
1895183,23.4375,570.3125,828.125,-15.625,-796.875,640.625,304.6875,-960.9375,148.4375,570.3125,-812.5,-31.25,500.0,-828.125,281.25
1895183,23.4375,570.3125,828.125,-15.625,-796.875,640.625,304.6875,-960.9375,148.4375,570.3125,-812.5,-31.25,500.0,-828.125,281.25
1895191,31.25,570.3125,820.3125,-7.8125,-804.6875,640.625,312.5,-960.9375,140.625,578.125,-812.5,-23.4375,507.8125,-828.125,289.0625
1895191,31.25,570.3125,820.3125,-7.8125,-804.6875,640.625,312.5,-960.9375,140.625,578.125,-812.5,-23.4375,507.8125,-828.125,289.0625
1895336,125.0,953.125,828.125,179.6875,-757.8125,1125.0,601.5625,-1054.6875,578.125,914.0625,-945.3125,328.125,765.625,-820.3125,710.9375
1895336,125.0,953.125,828.125,179.6875,-757.8125,1125.0,601.5625,-1054.6875,578.125,914.0625,-945.3125,328.125,765.625,-820.3125,710.9375
1895336,171.875,976.5625,812.5,156.25,-742.1875,1109.375,593.75,-1062.5,554.6875,914.0625,-960.9375,335.9375,781.25,-851.5625,781.25
1895336,171.875,976.5625,812.5,156.25,-742.1875,1109.375,593.75,-1062.5,554.6875,914.0625,-960.9375,335.9375,781.25,-851.5625,781.25
1895344,171.875,976.5625,843.75,210.9375,-718.75,1156.25,578.125,-1046.875,570.3125,914.0625,-953.125,351.5625,781.25,-812.5,781.25
1895344,171.875,976.5625,843.75,210.9375,-718.75,1156.25,578.125,-1046.875,570.3125,914.0625,-953.125,351.5625,781.25,-812.5,781.25
1895352,171.875,1000.0,851.5625,179.6875,-718.75,1125.0,554.6875,-1046.875,554.6875,898.4375,-929.6875,382.8125,757.8125,-742.1875,742.1875
1895352,171.875,1000.0,851.5625,179.6875,-718.75,1125.0,554.6875,-1046.875,554.6875,898.4375,-929.6875,382.8125,757.8125,-742.1875,742.1875
1895497,117.1875,820.3125,750.0,78.125,-742.1875,648.4375,398.4375,-984.375,93.75,585.9375,-750.0,-70.3125,492.1875,-710.9375,39.0625
1895497,117.1875,820.3125,750.0,78.125,-742.1875,648.4375,398.4375,-984.375,93.75,585.9375,-750.0,-70.3125,492.1875,-710.9375,39.0625
1895497,171.875,773.4375,789.0625,46.875,-773.4375,562.5,359.375,-937.5,31.25,531.25,-750.0,-156.25,445.3125,-718.75,31.25
1895497,171.875,773.4375,789.0625,46.875,-773.4375,562.5,359.375,-937.5,31.25,531.25,-750.0,-156.25,445.3125,-718.75,31.25
1895505,187.5,734.375,828.125,0.0,-820.3125,507.8125,335.9375,-945.3125,0.0,500.0,-773.4375,-210.9375,429.6875,-710.9375,7.8125
1895505,187.5,734.375,828.125,0.0,-820.3125,507.8125,335.9375,-945.3125,0.0,500.0,-773.4375,-210.9375,429.6875,-710.9375,7.8125
1895513,210.9375,710.9375,882.8125,-23.4375,-835.9375,468.75,304.6875,-945.3125,-15.625,476.5625,-796.875,-203.125,406.25,-765.625,-15.625
1895513,210.9375,710.9375,882.8125,-23.4375,-835.9375,468.75,304.6875,-945.3125,-15.625,476.5625,-796.875,-203.125,406.25,-765.625,-15.625
1895657,-328.125,-656.25,781.25,-562.5,-1039.0625,-140.625,-382.8125,-976.5625,-460.9375,-265.625,-734.375,-773.4375,-187.5,-750.0,-625.0
1895657,-328.125,-656.25,781.25,-562.5,-1039.0625,-140.625,-382.8125,-976.5625,-460.9375,-265.625,-734.375,-773.4375,-187.5,-750.0,-625.0
1895657,-351.5625,-468.75,882.8125,-562.5,-968.75,-125.0,-437.5,-914.0625,-445.3125,-296.875,-703.125,-765.625,-234.375,-773.4375,-625.0
1895657,-351.5625,-468.75,882.8125,-562.5,-968.75,-125.0,-437.5,-914.0625,-445.3125,-296.875,-703.125,-765.625,-234.375,-773.4375,-625.0
1895666,-351.5625,-375.0,906.25,-562.5,-906.25,-140.625,-445.3125,-867.1875,-492.1875,-351.5625,-601.5625,-640.625,-273.4375,-703.125,-570.3125
1895666,-351.5625,-375.0,906.25,-562.5,-906.25,-140.625,-445.3125,-867.1875,-492.1875,-351.5625,-601.5625,-640.625,-273.4375,-703.125,-570.3125
1895673,-328.125,-343.75,945.3125,-515.625,-859.375,-78.125,-437.5,-804.6875,-437.5,-328.125,-609.375,-695.3125,-257.8125,-625.0,-554.6875
1895673,-328.125,-343.75,945.3125,-515.625,-859.375,-78.125,-437.5,-804.6875,-437.5,-328.125,-609.375,-695.3125,-257.8125,-625.0,-554.6875
1895836,-203.125,-617.1875,781.25,-648.4375,-835.9375,-398.4375,-578.125,-640.625,-648.4375,-375.0,-476.5625,-781.25,-281.25,-531.25,-687.5
1895836,-203.125,-617.1875,781.25,-648.4375,-835.9375,-398.4375,-578.125,-640.625,-648.4375,-375.0,-476.5625,-781.25,-281.25,-531.25,-687.5
1895836,-195.3125,-593.75,789.0625,-625.0,-851.5625,-390.625,-523.4375,-656.25,-632.8125,-359.375,-484.375,-765.625,-273.4375,-562.5,-687.5
1895836,-195.3125,-593.75,789.0625,-625.0,-851.5625,-390.625,-523.4375,-656.25,-632.8125,-359.375,-484.375,-765.625,-273.4375,-562.5,-687.5
1895844,-210.9375,-609.375,789.0625,-609.375,-859.375,-359.375,-507.8125,-679.6875,-617.1875,-328.125,-500.0,-765.625,-242.1875,-585.9375,-687.5
1895844,-210.9375,-609.375,789.0625,-609.375,-859.375,-359.375,-507.8125,-679.6875,-617.1875,-328.125,-500.0,-765.625,-242.1875,-585.9375,-687.5
1895844,-210.9375,-593.75,812.5,-562.5,-882.8125,-328.125,-476.5625,-695.3125,-601.5625,-281.25,-515.625,-757.8125,-234.375,-593.75,-695.3125
1895844,-210.9375,-593.75,812.5,-562.5,-882.8125,-328.125,-476.5625,-695.3125,-601.5625,-281.25,-515.625,-757.8125,-234.375,-593.75,-695.3125
1895997,-2359.375,3093.75,921.875,304.6875,242.1875,2343.75,484.375,-601.5625,1695.3125,578.125,-1015.625,929.6875,179.6875,-1101.5625,882.8125
1895997,-2359.375,3093.75,921.875,304.6875,242.1875,2343.75,484.375,-601.5625,1695.3125,578.125,-1015.625,929.6875,179.6875,-1101.5625,882.8125
1895997,-1750.0,3578.125,726.5625,500.0,351.5625,2281.25,679.6875,-367.1875,1718.75,781.25,-906.25,992.1875,296.875,-953.125,1171.875
1895997,-1750.0,3578.125,726.5625,500.0,351.5625,2281.25,679.6875,-367.1875,1718.75,781.25,-906.25,992.1875,296.875,-953.125,1171.875
1896005,-1031.25,2179.6875,226.5625,429.6875,257.8125,2117.1875,859.375,-523.4375,1656.25,1335.9375,-968.75,1234.375,437.5,-906.25,1414.0625
1896005,-1031.25,2179.6875,226.5625,429.6875,257.8125,2117.1875,859.375,-523.4375,1656.25,1335.9375,-968.75,1234.375,437.5,-906.25,1414.0625
1896005,-906.25,1265.625,-31.25,281.25,-132.8125,1945.3125,1093.75,-1257.8125,1906.25,1234.375,-1125.0,1320.3125,250.0,-1093.75,1085.9375
1896005,-906.25,1265.625,-31.25,281.25,-132.8125,1945.3125,1093.75,-1257.8125,1906.25,1234.375,-1125.0,1320.3125,250.0,-1093.75,1085.9375
1896158,-62.5,-281.25,937.5,-187.5,-1078.125,54.6875,-31.25,-984.375,-445.3125,125.0,-750.0,-710.9375,46.875,-882.8125,-492.1875
1896158,-62.5,-281.25,937.5,-187.5,-1078.125,54.6875,-31.25,-984.375,-445.3125,125.0,-750.0,-710.9375,46.875,-882.8125,-492.1875
1896159,-78.125,-304.6875,937.5,-250.0,-1070.3125,-15.625,-101.5625,-960.9375,-500.0,70.3125,-726.5625,-750.0,23.4375,-859.375,-539.0625
1896159,-78.125,-304.6875,937.5,-250.0,-1070.3125,-15.625,-101.5625,-960.9375,-500.0,70.3125,-726.5625,-750.0,23.4375,-859.375,-539.0625
1896167,-85.9375,-304.6875,937.5,-304.6875,-1054.6875,-62.5,-164.0625,-929.6875,-546.875,15.625,-687.5,-796.875,0.0,-820.3125,-617.1875
1896167,-85.9375,-304.6875,937.5,-304.6875,-1054.6875,-62.5,-164.0625,-929.6875,-546.875,15.625,-687.5,-796.875,0.0,-820.3125,-617.1875
1896167,-117.1875,-304.6875,937.5,-335.9375,-1039.0625,-101.5625,-210.9375,-890.625,-585.9375,-46.875,-648.4375,-828.125,-31.25,-789.0625,-679.6875
1896167,-117.1875,-304.6875,937.5,-335.9375,-1039.0625,-101.5625,-210.9375,-890.625,-585.9375,-46.875,-648.4375,-828.125,-31.25,-789.0625,-679.6875
1896320,-414.0625,-804.6875,617.1875,-875.0,-664.0625,-359.375,-859.375,-515.625,-585.9375,-726.5625,-453.125,-734.375,-617.1875,-429.6875,-773.4375
1896320,-414.0625,-804.6875,617.1875,-875.0,-664.0625,-359.375,-859.375,-515.625,-585.9375,-726.5625,-453.125,-734.375,-617.1875,-429.6875,-773.4375
1896320,-445.3125,-781.25,593.75,-875.0,-648.4375,-328.125,-843.75,-531.25,-531.25,-710.9375,-476.5625,-695.3125,-609.375,-453.125,-718.75
1896320,-445.3125,-781.25,593.75,-875.0,-648.4375,-328.125,-843.75,-531.25,-531.25,-710.9375,-476.5625,-695.3125,-609.375,-453.125,-718.75
1896328,-468.75,-750.0,585.9375,-875.0,-640.625,-281.25,-835.9375,-531.25,-492.1875,-687.5,-500.0,-640.625,-625.0,-468.75,-671.875
1896328,-468.75,-750.0,585.9375,-875.0,-640.625,-281.25,-835.9375,-531.25,-492.1875,-687.5,-500.0,-640.625,-625.0,-468.75,-671.875
1896328,-492.1875,-695.3125,585.9375,-859.375,-617.1875,-234.375,-812.5,-539.0625,-429.6875,-687.5,-507.8125,-601.5625,-625.0,-468.75,-648.4375
1896328,-492.1875,-695.3125,585.9375,-859.375,-617.1875,-234.375,-812.5,-539.0625,-429.6875,-687.5,-507.8125,-601.5625,-625.0,-468.75,-648.4375
1896481,-531.25,-320.3125,796.875,-703.125,-773.4375,164.0625,-593.75,-851.5625,-179.6875,-390.625,-835.9375,-468.75,-484.375,-804.6875,-398.4375
1896481,-531.25,-320.3125,796.875,-703.125,-773.4375,164.0625,-593.75,-851.5625,-179.6875,-390.625,-835.9375,-468.75,-484.375,-804.6875,-398.4375
1896481,-539.0625,-312.5,781.25,-710.9375,-773.4375,171.875,-585.9375,-851.5625,-179.6875,-382.8125,-843.75,-453.125,-476.5625,-820.3125,-390.625
1896481,-539.0625,-312.5,781.25,-710.9375,-773.4375,171.875,-585.9375,-851.5625,-179.6875,-382.8125,-843.75,-453.125,-476.5625,-820.3125,-390.625
1896489,-554.6875,-296.875,781.25,-695.3125,-773.4375,179.6875,-593.75,-859.375,-164.0625,-390.625,-843.75,-460.9375,-476.5625,-812.5,-382.8125
1896489,-554.6875,-296.875,781.25,-695.3125,-773.4375,179.6875,-593.75,-859.375,-164.0625,-390.625,-843.75,-460.9375,-476.5625,-812.5,-382.8125
1896489,-570.3125,-281.25,781.25,-703.125,-757.8125,179.6875,-585.9375,-851.5625,-164.0625,-390.625,-851.5625,-445.3125,-484.375,-820.3125,-367.1875
1896489,-570.3125,-281.25,781.25,-703.125,-757.8125,179.6875,-585.9375,-851.5625,-164.0625,-390.625,-851.5625,-445.3125,-484.375,-820.3125,-367.1875
1896642,-601.5625,-156.25,812.5,-640.625,-781.25,359.375,-476.5625,-945.3125,0.0,-273.4375,-968.75,-328.125,-445.3125,-921.875,-226.5625
1896642,-601.5625,-156.25,812.5,-640.625,-781.25,359.375,-476.5625,-945.3125,0.0,-273.4375,-968.75,-328.125,-445.3125,-921.875,-226.5625
1896642,-601.5625,-148.4375,812.5,-648.4375,-781.25,351.5625,-484.375,-945.3125,-7.8125,-273.4375,-960.9375,-328.125,-453.125,-921.875,-234.375
1896642,-601.5625,-148.4375,812.5,-648.4375,-781.25,351.5625,-484.375,-945.3125,-7.8125,-273.4375,-960.9375,-328.125,-453.125,-921.875,-234.375
1896649,-601.5625,-148.4375,812.5,-640.625,-781.25,351.5625,-492.1875,-937.5,-15.625,-281.25,-953.125,-335.9375,-453.125,-921.875,-234.375
1896649,-601.5625,-148.4375,812.5,-640.625,-781.25,351.5625,-492.1875,-937.5,-15.625,-281.25,-953.125,-335.9375,-453.125,-921.875,-234.375
1896649,-593.75,-132.8125,804.6875,-648.4375,-773.4375,343.75,-500.0,-929.6875,-31.25,-281.25,-945.3125,-343.75,-460.9375,-906.25,-242.1875
1896649,-593.75,-132.8125,804.6875,-648.4375,-773.4375,343.75,-500.0,-929.6875,-31.25,-281.25,-945.3125,-343.75,-460.9375,-906.25,-242.1875
1896803,-593.75,-195.3125,765.625,-656.25,-718.75,281.25,-523.4375,-859.375,-62.5,-320.3125,-875.0,-343.75,-453.125,-843.75,-273.4375
1896803,-593.75,-195.3125,765.625,-656.25,-718.75,281.25,-523.4375,-859.375,-62.5,-320.3125,-875.0,-343.75,-453.125,-843.75,-273.4375
1896804,-585.9375,-195.3125,765.625,-664.0625,-726.5625,281.25,-507.8125,-875.0,-46.875,-320.3125,-882.8125,-343.75,-460.9375,-843.75,-257.8125
1896804,-585.9375,-195.3125,765.625,-664.0625,-726.5625,281.25,-507.8125,-875.0,-46.875,-320.3125,-882.8125,-343.75,-460.9375,-843.75,-257.8125
1896811,-593.75,-187.5,757.8125,-664.0625,-726.5625,296.875,-515.625,-867.1875,-46.875,-312.5,-890.625,-335.9375,-460.9375,-851.5625,-265.625
1896811,-593.75,-187.5,757.8125,-664.0625,-726.5625,296.875,-515.625,-867.1875,-46.875,-312.5,-890.625,-335.9375,-460.9375,-851.5625,-265.625
1896812,-593.75,-187.5,765.625,-656.25,-726.5625,289.0625,-515.625,-867.1875,-46.875,-320.3125,-882.8125,-343.75,-460.9375,-843.75,-273.4375
1896812,-593.75,-187.5,765.625,-656.25,-726.5625,289.0625,-515.625,-867.1875,-46.875,-320.3125,-882.8125,-343.75,-460.9375,-843.75,-273.4375
1896843,-585.9375,-164.0625,773.4375,-656.25,-726.5625,304.6875,-515.625,-867.1875,-46.875,-320.3125,-890.625,-343.75,-468.75,-851.5625,-281.25
1896843,-585.9375,-164.0625,773.4375,-656.25,-726.5625,304.6875,-515.625,-867.1875,-46.875,-320.3125,-890.625,-343.75,-468.75,-851.5625,-281.25
1896844,-585.9375,-171.875,765.625,-648.4375,-726.5625,296.875,-515.625,-875.0,-46.875,-320.3125,-882.8125,-343.75,-460.9375,-843.75,-273.4375
1896844,-585.9375,-171.875,765.625,-648.4375,-726.5625,296.875,-515.625,-875.0,-46.875,-320.3125,-882.8125,-343.75,-460.9375,-843.75,-273.4375
1896852,-585.9375,-171.875,773.4375,-664.0625,-734.375,281.25,-515.625,-875.0,-46.875,-312.5,-890.625,-343.75,-460.9375,-851.5625,-265.625
1896852,-585.9375,-171.875,773.4375,-664.0625,-734.375,281.25,-515.625,-875.0,-46.875,-312.5,-890.625,-343.75,-460.9375,-851.5625,-265.625
1896852,-585.9375,-187.5,773.4375,-664.0625,-734.375,289.0625,-515.625,-875.0,-62.5,-320.3125,-890.625,-335.9375,-460.9375,-851.5625,-265.625
1896852,-585.9375,-187.5,773.4375,-664.0625,-734.375,289.0625,-515.625,-875.0,-62.5,-320.3125,-890.625,-335.9375,-460.9375,-851.5625,-265.625
1897005,-578.125,-171.875,781.25,-656.25,-734.375,312.5,-507.8125,-882.8125,-39.0625,-304.6875,-898.4375,-335.9375,-453.125,-867.1875,-273.4375
1897005,-578.125,-171.875,781.25,-656.25,-734.375,312.5,-507.8125,-882.8125,-39.0625,-304.6875,-898.4375,-335.9375,-453.125,-867.1875,-273.4375
1897005,-593.75,-164.0625,781.25,-656.25,-726.5625,304.6875,-515.625,-882.8125,-54.6875,-304.6875,-906.25,-343.75,-453.125,-867.1875,-273.4375
1897005,-593.75,-164.0625,781.25,-656.25,-726.5625,304.6875,-515.625,-882.8125,-54.6875,-304.6875,-906.25,-343.75,-453.125,-867.1875,-273.4375
1897013,-593.75,-164.0625,781.25,-656.25,-742.1875,304.6875,-500.0,-882.8125,-46.875,-304.6875,-898.4375,-359.375,-445.3125,-867.1875,-273.4375
1897013,-593.75,-164.0625,781.25,-656.25,-742.1875,304.6875,-500.0,-882.8125,-46.875,-304.6875,-898.4375,-359.375,-445.3125,-867.1875,-273.4375
1897013,-593.75,-171.875,789.0625,-656.25,-742.1875,312.5,-500.0,-882.8125,-39.0625,-304.6875,-898.4375,-351.5625,-445.3125,-867.1875,-265.625
1897013,-593.75,-171.875,789.0625,-656.25,-742.1875,312.5,-500.0,-882.8125,-39.0625,-304.6875,-898.4375,-351.5625,-445.3125,-867.1875,-265.625
1897166,-601.5625,-156.25,789.0625,-648.4375,-742.1875,320.3125,-492.1875,-890.625,-31.25,-289.0625,-921.875,-335.9375,-445.3125,-875.0,-250.0
1897166,-601.5625,-156.25,789.0625,-648.4375,-742.1875,320.3125,-492.1875,-890.625,-31.25,-289.0625,-921.875,-335.9375,-445.3125,-875.0,-250.0
1897167,-585.9375,-156.25,789.0625,-640.625,-734.375,328.125,-492.1875,-890.625,-31.25,-281.25,-914.0625,-335.9375,-453.125,-882.8125,-257.8125
1897167,-585.9375,-156.25,789.0625,-640.625,-734.375,328.125,-492.1875,-890.625,-31.25,-281.25,-914.0625,-335.9375,-453.125,-882.8125,-257.8125
1897175,-585.9375,-164.0625,789.0625,-640.625,-734.375,328.125,-484.375,-898.4375,-23.4375,-289.0625,-914.0625,-335.9375,-445.3125,-890.625,-257.8125
1897175,-585.9375,-164.0625,789.0625,-640.625,-734.375,328.125,-484.375,-898.4375,-23.4375,-289.0625,-914.0625,-335.9375,-445.3125,-890.625,-257.8125
1897175,-585.9375,-148.4375,796.875,-625.0,-742.1875,343.75,-492.1875,-906.25,-23.4375,-289.0625,-914.0625,-335.9375,-437.5,-882.8125,-257.8125
1897175,-585.9375,-148.4375,796.875,-625.0,-742.1875,343.75,-492.1875,-906.25,-23.4375,-289.0625,-914.0625,-335.9375,-437.5,-882.8125,-257.8125
1897328,-570.3125,-171.875,781.25,-656.25,-734.375,289.0625,-500.0,-875.0,-62.5,-304.6875,-890.625,-359.375,-445.3125,-851.5625,-281.25
1897328,-570.3125,-171.875,781.25,-656.25,-734.375,289.0625,-500.0,-875.0,-62.5,-304.6875,-890.625,-359.375,-445.3125,-851.5625,-281.25
1897328,-578.125,-171.875,789.0625,-648.4375,-742.1875,296.875,-500.0,-875.0,-62.5,-312.5,-890.625,-359.375,-445.3125,-851.5625,-289.0625
1897328,-578.125,-171.875,789.0625,-648.4375,-742.1875,296.875,-500.0,-875.0,-62.5,-312.5,-890.625,-359.375,-445.3125,-851.5625,-289.0625
1897336,-562.5,-179.6875,781.25,-656.25,-742.1875,281.25,-515.625,-875.0,-62.5,-304.6875,-890.625,-367.1875,-445.3125,-851.5625,-281.25
1897336,-562.5,-179.6875,781.25,-656.25,-742.1875,281.25,-515.625,-875.0,-62.5,-304.6875,-890.625,-367.1875,-445.3125,-851.5625,-281.25
1897336,-570.3125,-171.875,781.25,-656.25,-734.375,281.25,-507.8125,-875.0,-62.5,-312.5,-898.4375,-367.1875,-445.3125,-851.5625,-281.25
1897336,-570.3125,-171.875,781.25,-656.25,-734.375,281.25,-507.8125,-875.0,-62.5,-312.5,-898.4375,-367.1875,-445.3125,-851.5625,-281.25
1897489,-578.125,-164.0625,796.875,-648.4375,-757.8125,296.875,-492.1875,-898.4375,-54.6875,-289.0625,-906.25,-367.1875,-437.5,-875.0,-281.25
1897489,-578.125,-164.0625,796.875,-648.4375,-757.8125,296.875,-492.1875,-898.4375,-54.6875,-289.0625,-906.25,-367.1875,-437.5,-875.0,-281.25
1897489,-578.125,-164.0625,796.875,-648.4375,-757.8125,304.6875,-500.0,-898.4375,-54.6875,-289.0625,-906.25,-359.375,-429.6875,-875.0,-265.625
1897489,-578.125,-164.0625,796.875,-648.4375,-757.8125,304.6875,-500.0,-898.4375,-54.6875,-289.0625,-906.25,-359.375,-429.6875,-875.0,-265.625
1897496,-570.3125,-171.875,796.875,-648.4375,-757.8125,304.6875,-492.1875,-898.4375,-54.6875,-289.0625,-906.25,-367.1875,-429.6875,-882.8125,-257.8125
1897496,-570.3125,-171.875,796.875,-648.4375,-757.8125,304.6875,-492.1875,-898.4375,-54.6875,-289.0625,-906.25,-367.1875,-429.6875,-882.8125,-257.8125
1897496,-578.125,-164.0625,804.6875,-648.4375,-757.8125,304.6875,-492.1875,-898.4375,-54.6875,-281.25,-906.25,-359.375,-437.5,-882.8125,-273.4375
1897496,-578.125,-164.0625,804.6875,-648.4375,-757.8125,304.6875,-492.1875,-898.4375,-54.6875,-281.25,-906.25,-359.375,-437.5,-882.8125,-273.4375
1897642,-585.9375,-148.4375,789.0625,-640.625,-734.375,312.5,-492.1875,-882.8125,-46.875,-281.25,-898.4375,-343.75,-429.6875,-867.1875,-257.8125
1897642,-585.9375,-148.4375,789.0625,-640.625,-734.375,312.5,-492.1875,-882.8125,-46.875,-281.25,-898.4375,-343.75,-429.6875,-867.1875,-257.8125
1897650,-585.9375,-156.25,781.25,-648.4375,-726.5625,304.6875,-500.0,-890.625,-39.0625,-289.0625,-898.4375,-343.75,-437.5,-875.0,-265.625
1897650,-585.9375,-156.25,781.25,-648.4375,-726.5625,304.6875,-500.0,-890.625,-39.0625,-289.0625,-898.4375,-343.75,-437.5,-875.0,-265.625
1897650,-585.9375,-164.0625,781.25,-648.4375,-734.375,312.5,-500.0,-890.625,-46.875,-289.0625,-906.25,-351.5625,-437.5,-851.5625,-257.8125
1897650,-585.9375,-164.0625,781.25,-648.4375,-734.375,312.5,-500.0,-890.625,-46.875,-289.0625,-906.25,-351.5625,-437.5,-851.5625,-257.8125
1897658,-585.9375,-164.0625,781.25,-648.4375,-734.375,312.5,-492.1875,-882.8125,-39.0625,-289.0625,-898.4375,-343.75,-437.5,-859.375,-257.8125
1897658,-585.9375,-164.0625,781.25,-648.4375,-734.375,312.5,-492.1875,-882.8125,-39.0625,-289.0625,-898.4375,-343.75,-437.5,-859.375,-257.8125
