1867432,-31.25,773.4375,640.625,0.0,-828.125,601.5625,390.625,-867.1875,343.75,546.875,-835.9375,-7.8125,492.1875,-843.75,203.125
1867432,-31.25,773.4375,640.625,0.0,-828.125,601.5625,390.625,-867.1875,343.75,546.875,-835.9375,-7.8125,492.1875,-843.75,203.125
1867440,-23.4375,773.4375,640.625,0.0,-828.125,601.5625,398.4375,-867.1875,343.75,554.6875,-828.125,-7.8125,492.1875,-851.5625,210.9375
1867440,-23.4375,773.4375,640.625,0.0,-828.125,601.5625,398.4375,-867.1875,343.75,554.6875,-828.125,-7.8125,492.1875,-851.5625,210.9375
1867448,-23.4375,773.4375,640.625,0.0,-820.3125,601.5625,398.4375,-867.1875,343.75,546.875,-828.125,0.0,500.0,-851.5625,203.125
1867448,-23.4375,773.4375,640.625,0.0,-820.3125,601.5625,398.4375,-867.1875,343.75,546.875,-828.125,0.0,500.0,-851.5625,203.125
1867448,-23.4375,781.25,648.4375,0.0,-828.125,601.5625,390.625,-867.1875,335.9375,554.6875,-828.125,0.0,492.1875,-835.9375,203.125
1867448,-23.4375,781.25,648.4375,0.0,-828.125,601.5625,390.625,-867.1875,335.9375,554.6875,-828.125,0.0,492.1875,-835.9375,203.125
1867593,-23.4375,773.4375,640.625,0.0,-820.3125,609.375,398.4375,-867.1875,343.75,546.875,-835.9375,7.8125,484.375,-851.5625,210.9375
1867593,-23.4375,773.4375,640.625,0.0,-820.3125,609.375,398.4375,-867.1875,343.75,546.875,-835.9375,7.8125,484.375,-851.5625,210.9375
1867600,-31.25,781.25,632.8125,0.0,-812.5,609.375,398.4375,-875.0,335.9375,554.6875,-828.125,0.0,492.1875,-851.5625,210.9375
1867600,-31.25,781.25,632.8125,0.0,-812.5,609.375,398.4375,-875.0,335.9375,554.6875,-828.125,0.0,492.1875,-851.5625,210.9375
1867609,-23.4375,781.25,648.4375,0.0,-820.3125,601.5625,398.4375,-875.0,343.75,546.875,-828.125,-7.8125,492.1875,-859.375,210.9375
1867609,-23.4375,781.25,648.4375,0.0,-820.3125,601.5625,398.4375,-875.0,343.75,546.875,-828.125,-7.8125,492.1875,-859.375,210.9375
1867609,-31.25,781.25,648.4375,0.0,-820.3125,609.375,398.4375,-867.1875,335.9375,539.0625,-828.125,0.0,492.1875,-843.75,203.125
1867609,-31.25,781.25,648.4375,0.0,-820.3125,609.375,398.4375,-867.1875,335.9375,539.0625,-828.125,0.0,492.1875,-843.75,203.125
1867754,-31.25,781.25,640.625,0.0,-828.125,601.5625,406.25,-875.0,335.9375,554.6875,-835.9375,0.0,500.0,-851.5625,210.9375
1867754,-31.25,781.25,640.625,0.0,-828.125,601.5625,406.25,-875.0,335.9375,554.6875,-835.9375,0.0,500.0,-851.5625,210.9375
1867762,-23.4375,773.4375,640.625,0.0,-835.9375,601.5625,398.4375,-867.1875,343.75,554.6875,-843.75,0.0,492.1875,-851.5625,203.125
1867762,-23.4375,773.4375,640.625,0.0,-835.9375,601.5625,398.4375,-867.1875,343.75,554.6875,-843.75,0.0,492.1875,-851.5625,203.125
1867770,-31.25,781.25,640.625,0.0,-828.125,609.375,398.4375,-875.0,335.9375,546.875,-835.9375,0.0,500.0,-851.5625,218.75
1867770,-31.25,781.25,640.625,0.0,-828.125,609.375,398.4375,-875.0,335.9375,546.875,-835.9375,0.0,500.0,-851.5625,218.75
1867770,-23.4375,773.4375,640.625,-7.8125,-828.125,609.375,390.625,-875.0,343.75,546.875,-828.125,-7.8125,492.1875,-851.5625,210.9375
1867770,-23.4375,773.4375,640.625,-7.8125,-828.125,609.375,390.625,-875.0,343.75,546.875,-828.125,-7.8125,492.1875,-851.5625,210.9375
1867916,-31.25,773.4375,648.4375,0.0,-835.9375,601.5625,398.4375,-867.1875,343.75,554.6875,-843.75,-7.8125,492.1875,-859.375,203.125
1867916,-31.25,773.4375,648.4375,0.0,-835.9375,601.5625,398.4375,-867.1875,343.75,554.6875,-843.75,-7.8125,492.1875,-859.375,203.125
1867923,-31.25,773.4375,656.25,0.0,-835.9375,601.5625,398.4375,-875.0,343.75,554.6875,-843.75,-7.8125,492.1875,-859.375,195.3125
1867923,-31.25,773.4375,656.25,0.0,-835.9375,601.5625,398.4375,-875.0,343.75,554.6875,-843.75,-7.8125,492.1875,-859.375,195.3125
1867932,-31.25,773.4375,648.4375,0.0,-835.9375,609.375,398.4375,-875.0,335.9375,554.6875,-843.75,0.0,484.375,-859.375,203.125
1867932,-31.25,773.4375,648.4375,0.0,-835.9375,609.375,398.4375,-875.0,335.9375,554.6875,-843.75,0.0,484.375,-859.375,203.125
1867932,-31.25,773.4375,656.25,-7.8125,-828.125,601.5625,406.25,-867.1875,343.75,546.875,-828.125,-7.8125,492.1875,-851.5625,203.125
1867932,-31.25,773.4375,656.25,-7.8125,-828.125,601.5625,406.25,-867.1875,343.75,546.875,-828.125,-7.8125,492.1875,-851.5625,203.125
1868077,-15.625,781.25,640.625,0.0,-820.3125,609.375,398.4375,-867.1875,343.75,546.875,-835.9375,0.0,492.1875,-851.5625,203.125
1868077,-15.625,781.25,640.625,0.0,-820.3125,609.375,398.4375,-867.1875,343.75,546.875,-835.9375,0.0,492.1875,-851.5625,203.125
1868085,-23.4375,781.25,632.8125,7.8125,-820.3125,609.375,390.625,-867.1875,343.75,554.6875,-828.125,0.0,492.1875,-843.75,203.125
1868085,-23.4375,781.25,632.8125,7.8125,-820.3125,609.375,390.625,-867.1875,343.75,554.6875,-828.125,0.0,492.1875,-843.75,203.125
1868093,-23.4375,789.0625,648.4375,0.0,-828.125,601.5625,398.4375,-867.1875,343.75,554.6875,-820.3125,7.8125,500.0,-851.5625,203.125
1868093,-23.4375,789.0625,648.4375,0.0,-828.125,601.5625,398.4375,-867.1875,343.75,554.6875,-820.3125,7.8125,500.0,-851.5625,203.125
1868093,-23.4375,789.0625,640.625,7.8125,-835.9375,609.375,398.4375,-859.375,343.75,554.6875,-828.125,0.0,484.375,-843.75,210.9375
1868093,-23.4375,789.0625,640.625,7.8125,-835.9375,609.375,398.4375,-859.375,343.75,554.6875,-828.125,0.0,484.375,-843.75,210.9375
1868158,-23.4375,773.4375,632.8125,0.0,-828.125,609.375,390.625,-867.1875,335.9375,546.875,-835.9375,0.0,484.375,-851.5625,210.9375
1868158,-23.4375,773.4375,632.8125,0.0,-828.125,609.375,390.625,-867.1875,335.9375,546.875,-835.9375,0.0,484.375,-851.5625,210.9375
1868165,-23.4375,773.4375,640.625,0.0,-828.125,601.5625,398.4375,-867.1875,343.75,546.875,-828.125,-7.8125,484.375,-851.5625,218.75
1868165,-23.4375,773.4375,640.625,0.0,-828.125,601.5625,398.4375,-867.1875,343.75,546.875,-828.125,-7.8125,484.375,-851.5625,218.75
1868172,-31.25,773.4375,640.625,7.8125,-828.125,601.5625,390.625,-867.1875,335.9375,546.875,-835.9375,0.0,492.1875,-851.5625,210.9375
1868172,-31.25,773.4375,640.625,7.8125,-828.125,601.5625,390.625,-867.1875,335.9375,546.875,-835.9375,0.0,492.1875,-851.5625,210.9375
1868172,-31.25,781.25,632.8125,-7.8125,-820.3125,601.5625,398.4375,-867.1875,343.75,546.875,-828.125,0.0,492.1875,-843.75,203.125
1868172,-31.25,781.25,632.8125,-7.8125,-820.3125,601.5625,398.4375,-867.1875,343.75,546.875,-828.125,0.0,492.1875,-843.75,203.125
1868238,-15.625,781.25,640.625,7.8125,-835.9375,601.5625,398.4375,-867.1875,335.9375,554.6875,-828.125,-7.8125,500.0,-859.375,203.125
1868238,-15.625,781.25,640.625,7.8125,-835.9375,601.5625,398.4375,-867.1875,335.9375,554.6875,-828.125,-7.8125,500.0,-859.375,203.125
1868246,-23.4375,773.4375,640.625,0.0,-835.9375,601.5625,398.4375,-875.0,343.75,546.875,-835.9375,-7.8125,500.0,-851.5625,203.125
1868246,-23.4375,773.4375,640.625,0.0,-835.9375,601.5625,398.4375,-875.0,343.75,546.875,-835.9375,-7.8125,500.0,-851.5625,203.125
1868254,-23.4375,781.25,640.625,0.0,-835.9375,609.375,398.4375,-875.0,335.9375,554.6875,-835.9375,0.0,492.1875,-851.5625,203.125
1868254,-23.4375,781.25,640.625,0.0,-835.9375,609.375,398.4375,-875.0,335.9375,554.6875,-835.9375,0.0,492.1875,-851.5625,203.125
1868254,-23.4375,773.4375,648.4375,-7.8125,-828.125,601.5625,398.4375,-867.1875,343.75,546.875,-828.125,0.0,500.0,-851.5625,203.125
1868254,-23.4375,773.4375,648.4375,-7.8125,-828.125,601.5625,398.4375,-867.1875,343.75,546.875,-828.125,0.0,500.0,-851.5625,203.125
1868399,-23.4375,773.4375,640.625,7.8125,-820.3125,609.375,406.25,-867.1875,335.9375,546.875,-828.125,0.0,500.0,-851.5625,210.9375
1868399,-23.4375,773.4375,640.625,7.8125,-820.3125,609.375,406.25,-867.1875,335.9375,546.875,-828.125,0.0,500.0,-851.5625,210.9375
1868407,-23.4375,773.4375,632.8125,7.8125,-820.3125,601.5625,398.4375,-867.1875,343.75,546.875,-828.125,0.0,484.375,-843.75,203.125
1868407,-23.4375,773.4375,632.8125,7.8125,-820.3125,601.5625,398.4375,-867.1875,343.75,546.875,-828.125,0.0,484.375,-843.75,203.125
1868415,-23.4375,773.4375,640.625,0.0,-828.125,601.5625,398.4375,-867.1875,343.75,546.875,-828.125,0.0,492.1875,-851.5625,210.9375
1868415,-23.4375,773.4375,640.625,0.0,-828.125,601.5625,398.4375,-867.1875,343.75,546.875,-828.125,0.0,492.1875,-851.5625,210.9375
1868415,-31.25,773.4375,632.8125,0.0,-820.3125,601.5625,406.25,-867.1875,343.75,546.875,-828.125,-7.8125,492.1875,-851.5625,203.125
1868415,-31.25,773.4375,632.8125,0.0,-820.3125,601.5625,406.25,-867.1875,343.75,546.875,-828.125,-7.8125,492.1875,-851.5625,203.125
1868561,-15.625,773.4375,648.4375,0.0,-828.125,601.5625,406.25,-859.375,343.75,554.6875,-828.125,0.0,492.1875,-843.75,210.9375
1868561,-15.625,773.4375,648.4375,0.0,-828.125,601.5625,406.25,-859.375,343.75,554.6875,-828.125,0.0,492.1875,-843.75,210.9375
1868569,-23.4375,804.6875,648.4375,7.8125,-828.125,609.375,398.4375,-867.1875,343.75,554.6875,-828.125,0.0,507.8125,-851.5625,210.9375
1868569,-23.4375,804.6875,648.4375,7.8125,-828.125,609.375,398.4375,-867.1875,343.75,554.6875,-828.125,0.0,507.8125,-851.5625,210.9375
1868577,-31.25,710.9375,640.625,-7.8125,-828.125,601.5625,398.4375,-867.1875,335.9375,546.875,-835.9375,-7.8125,492.1875,-851.5625,210.9375
1868577,-31.25,710.9375,640.625,-7.8125,-828.125,601.5625,398.4375,-867.1875,335.9375,546.875,-835.9375,-7.8125,492.1875,-851.5625,210.9375
1868577,-31.25,789.0625,632.8125,15.625,-820.3125,609.375,398.4375,-867.1875,343.75,554.6875,-835.9375,0.0,492.1875,-843.75,203.125
1868577,-31.25,789.0625,632.8125,15.625,-820.3125,609.375,398.4375,-867.1875,343.75,554.6875,-835.9375,0.0,492.1875,-843.75,203.125
1868722,-31.25,773.4375,648.4375,0.0,-843.75,609.375,398.4375,-882.8125,335.9375,546.875,-835.9375,0.0,500.0,-851.5625,203.125
1868722,-31.25,773.4375,648.4375,0.0,-843.75,609.375,398.4375,-882.8125,335.9375,546.875,-835.9375,0.0,500.0,-851.5625,203.125
1868730,-23.4375,773.4375,648.4375,0.0,-828.125,609.375,406.25,-867.1875,343.75,554.6875,-828.125,0.0,500.0,-851.5625,203.125
1868730,-23.4375,773.4375,648.4375,0.0,-828.125,609.375,406.25,-867.1875,343.75,554.6875,-828.125,0.0,500.0,-851.5625,203.125
1868738,-23.4375,773.4375,640.625,7.8125,-820.3125,617.1875,398.4375,-867.1875,335.9375,554.6875,-835.9375,-7.8125,492.1875,-843.75,203.125
1868738,-23.4375,773.4375,640.625,7.8125,-820.3125,617.1875,398.4375,-867.1875,335.9375,554.6875,-835.9375,-7.8125,492.1875,-843.75,203.125
1868738,-15.625,773.4375,632.8125,7.8125,-820.3125,609.375,398.4375,-867.1875,343.75,554.6875,-828.125,-7.8125,484.375,-851.5625,203.125
1868738,-15.625,773.4375,632.8125,7.8125,-820.3125,609.375,398.4375,-867.1875,343.75,554.6875,-828.125,-7.8125,484.375,-851.5625,203.125
1868883,-31.25,773.4375,640.625,7.8125,-828.125,609.375,406.25,-867.1875,343.75,554.6875,-828.125,-7.8125,500.0,-843.75,210.9375
1868883,-31.25,773.4375,640.625,7.8125,-828.125,609.375,406.25,-867.1875,343.75,554.6875,-828.125,-7.8125,500.0,-843.75,210.9375
1868891,-31.25,781.25,640.625,0.0,-828.125,601.5625,406.25,-875.0,351.5625,546.875,-835.9375,7.8125,492.1875,-851.5625,210.9375
1868891,-31.25,781.25,640.625,0.0,-828.125,601.5625,406.25,-875.0,351.5625,546.875,-835.9375,7.8125,492.1875,-851.5625,210.9375
1868899,-31.25,773.4375,648.4375,7.8125,-835.9375,601.5625,398.4375,-875.0,335.9375,554.6875,-835.9375,7.8125,500.0,-851.5625,203.125
1868899,-31.25,773.4375,648.4375,7.8125,-835.9375,601.5625,398.4375,-875.0,335.9375,554.6875,-835.9375,7.8125,500.0,-851.5625,203.125
1868899,-31.25,773.4375,640.625,0.0,-828.125,609.375,398.4375,-867.1875,335.9375,546.875,-835.9375,7.8125,492.1875,-851.5625,203.125
1868899,-31.25,773.4375,640.625,0.0,-828.125,609.375,398.4375,-867.1875,335.9375,546.875,-835.9375,7.8125,492.1875,-851.5625,203.125
1869045,-23.4375,781.25,648.4375,15.625,-851.5625,617.1875,421.875,-882.8125,343.75,570.3125,-835.9375,0.0,507.8125,-859.375,218.75
1869045,-23.4375,781.25,648.4375,15.625,-851.5625,617.1875,421.875,-882.8125,343.75,570.3125,-835.9375,0.0,507.8125,-859.375,218.75
1869052,-23.4375,773.4375,656.25,0.0,-820.3125,625.0,398.4375,-867.1875,351.5625,554.6875,-835.9375,0.0,500.0,-859.375,210.9375
1869052,-23.4375,773.4375,656.25,0.0,-820.3125,625.0,398.4375,-867.1875,351.5625,554.6875,-835.9375,0.0,500.0,-859.375,210.9375
1869060,-39.0625,882.8125,679.6875,0.0,-828.125,617.1875,406.25,-867.1875,359.375,554.6875,-835.9375,0.0,500.0,-851.5625,210.9375
1869060,-39.0625,882.8125,679.6875,0.0,-828.125,617.1875,406.25,-867.1875,359.375,554.6875,-835.9375,0.0,500.0,-851.5625,210.9375
1869061,-15.625,734.375,632.8125,-15.625,-843.75,601.5625,398.4375,-875.0,359.375,554.6875,-835.9375,0.0,492.1875,-859.375,210.9375
1869061,-15.625,734.375,632.8125,-15.625,-843.75,601.5625,398.4375,-875.0,359.375,554.6875,-835.9375,0.0,492.1875,-859.375,210.9375
1869206,7.8125,1562.5,507.8125,179.6875,-750.0,1375.0,656.25,-1359.375,773.4375,906.25,-1015.625,679.6875,781.25,-945.3125,843.75
1869206,7.8125,1562.5,507.8125,179.6875,-750.0,1375.0,656.25,-1359.375,773.4375,906.25,-1015.625,679.6875,781.25,-945.3125,843.75
1869214,46.875,1554.6875,523.4375,156.25,-789.0625,1304.6875,609.375,-1265.625,843.75,976.5625,-1062.5,687.5,679.6875,-898.4375,734.375
1869214,46.875,1554.6875,523.4375,156.25,-789.0625,1304.6875,609.375,-1265.625,843.75,976.5625,-1062.5,687.5,679.6875,-898.4375,734.375
1869222,85.9375,1507.8125,539.0625,164.0625,-765.625,1234.375,640.625,-1078.125,906.25,968.75,-1023.4375,617.1875,695.3125,-906.25,695.3125
1869222,85.9375,1507.8125,539.0625,164.0625,-765.625,1234.375,640.625,-1078.125,906.25,968.75,-1023.4375,617.1875,695.3125,-906.25,695.3125
1869222,101.5625,1414.0625,554.6875,140.625,-781.25,1179.6875,664.0625,-1000.0,929.6875,898.4375,-992.1875,531.25,710.9375,-945.3125,640.625
1869222,101.5625,1414.0625,554.6875,140.625,-781.25,1179.6875,664.0625,-1000.0,929.6875,898.4375,-992.1875,531.25,710.9375,-945.3125,640.625
1869367,-476.5625,390.625,648.4375,70.3125,-781.25,187.5,468.75,-632.8125,-140.625,531.25,-429.6875,-406.25,414.0625,-679.6875,-343.75
1869367,-476.5625,390.625,648.4375,70.3125,-781.25,187.5,468.75,-632.8125,-140.625,531.25,-429.6875,-406.25,414.0625,-679.6875,-343.75
1869375,-382.8125,523.4375,695.3125,23.4375,-476.5625,148.4375,390.625,-484.375,-93.75,421.875,-304.6875,-484.375,320.3125,-468.75,-343.75
1869375,-382.8125,523.4375,695.3125,23.4375,-476.5625,148.4375,390.625,-484.375,-93.75,421.875,-304.6875,-484.375,320.3125,-468.75,-343.75
1869383,-507.8125,734.375,507.8125,-46.875,-367.1875,304.6875,398.4375,-218.75,-54.6875,93.75,-156.25,-531.25,234.375,-398.4375,-429.6875
1869383,-507.8125,734.375,507.8125,-46.875,-367.1875,304.6875,398.4375,-218.75,-54.6875,93.75,-156.25,-531.25,234.375,-398.4375,-429.6875
1869383,-367.1875,921.875,578.125,85.9375,-179.6875,429.6875,218.75,-203.125,-85.9375,39.0625,-140.625,-500.0,70.3125,-281.25,-546.875
1869383,-367.1875,921.875,578.125,85.9375,-179.6875,429.6875,218.75,-203.125,-85.9375,39.0625,-140.625,-500.0,70.3125,-281.25,-546.875
1869528,-335.9375,-132.8125,976.5625,-828.125,-710.9375,-210.9375,-804.6875,-421.875,-515.625,-765.625,-273.4375,-687.5,-570.3125,-328.125,-835.9375
1869528,-335.9375,-132.8125,976.5625,-828.125,-710.9375,-210.9375,-804.6875,-421.875,-515.625,-765.625,-273.4375,-687.5,-570.3125,-328.125,-835.9375
1869536,-351.5625,-171.875,953.125,-796.875,-671.875,-195.3125,-781.25,-414.0625,-500.0,-757.8125,-289.0625,-656.25,-570.3125,-328.125,-781.25
1869536,-351.5625,-171.875,953.125,-796.875,-671.875,-195.3125,-781.25,-414.0625,-500.0,-757.8125,-289.0625,-656.25,-570.3125,-328.125,-781.25
1869544,-351.5625,-148.4375,937.5,-789.0625,-648.4375,-195.3125,-750.0,-398.4375,-492.1875,-734.375,-281.25,-632.8125,-562.5,-304.6875,-742.1875
1869544,-351.5625,-148.4375,937.5,-789.0625,-648.4375,-195.3125,-750.0,-398.4375,-492.1875,-734.375,-281.25,-632.8125,-562.5,-304.6875,-742.1875
1869544,-335.9375,-93.75,906.25,-796.875,-625.0,-195.3125,-820.3125,-421.875,-500.0,-726.5625,-296.875,-601.5625,-562.5,-304.6875,-718.75
1869544,-335.9375,-93.75,906.25,-796.875,-625.0,-195.3125,-820.3125,-421.875,-500.0,-726.5625,-296.875,-601.5625,-562.5,-304.6875,-718.75
1869690,-734.375,3992.1875,3992.1875,820.3125,-593.75,1835.9375,1414.0625,-2265.625,-109.375,1382.8125,-1570.3125,312.5,656.25,-2007.8125,601.5625
1869690,-734.375,3992.1875,3992.1875,820.3125,-593.75,1835.9375,1414.0625,-2265.625,-109.375,1382.8125,-1570.3125,312.5,656.25,-2007.8125,601.5625
1869697,2742.1875,3992.1875,3570.3125,4000.0,-3015.625,3992.1875,4000.0,-3992.1875,3992.1875,4000.0,-3203.125,3992.1875,4000.0,4000.0,-4000.0
1869697,2742.1875,3992.1875,3570.3125,4000.0,-3015.625,3992.1875,4000.0,-3992.1875,3992.1875,4000.0,-3203.125,3992.1875,4000.0,4000.0,-4000.0
1869706,-3992.1875,-4000.0,-4000.0,-3992.1875,3242.1875,-3132.8125,-656.25,-3992.1875,-289.0625,3671.875,-3992.1875,3703.125,-3992.1875,-3992.1875,-1421.875
1869706,-3992.1875,-4000.0,-4000.0,-3992.1875,3242.1875,-3132.8125,-656.25,-3992.1875,-289.0625,3671.875,-3992.1875,3703.125,-3992.1875,-3992.1875,-1421.875
1869706,-3992.1875,-3000.0,3992.1875,1953.125,1343.75,3992.1875,-796.875,-3992.1875,3992.1875,-2203.125,-3781.25,2687.5,-2101.5625,-2296.875,3406.25
1869706,-3992.1875,-3000.0,3992.1875,1953.125,1343.75,3992.1875,-796.875,-3992.1875,3992.1875,-2203.125,-3781.25,2687.5,-2101.5625,-2296.875,3406.25
1869771,-875.0,929.6875,546.875,-132.8125,-718.75,1296.875,320.3125,-1406.25,796.875,812.5,-1539.0625,609.375,234.375,-1468.75,1148.4375
1869771,-875.0,929.6875,546.875,-132.8125,-718.75,1296.875,320.3125,-1406.25,796.875,812.5,-1539.0625,609.375,234.375,-1468.75,1148.4375
1869778,-945.3125,882.8125,679.6875,93.75,-835.9375,1406.25,523.4375,-1476.5625,812.5,765.625,-1492.1875,476.5625,171.875,-1492.1875,843.75
1869778,-945.3125,882.8125,679.6875,93.75,-835.9375,1406.25,523.4375,-1476.5625,812.5,765.625,-1492.1875,476.5625,171.875,-1492.1875,843.75
1869787,-703.125,1218.75,742.1875,218.75,-960.9375,1414.0625,578.125,-1539.0625,757.8125,710.9375,-1484.375,359.375,125.0,-1507.8125,679.6875
1869787,-703.125,1218.75,742.1875,218.75,-960.9375,1414.0625,578.125,-1539.0625,757.8125,710.9375,-1484.375,359.375,125.0,-1507.8125,679.6875
1869787,-335.9375,1328.125,718.75,226.5625,-1039.0625,1359.375,531.25,-1609.375,648.4375,710.9375,-1562.5,289.0625,132.8125,-1562.5,718.75
1869787,-335.9375,1328.125,718.75,226.5625,-1039.0625,1359.375,531.25,-1609.375,648.4375,710.9375,-1562.5,289.0625,132.8125,-1562.5,718.75
1869851,-54.6875,-164.0625,968.75,-250.0,-1046.875,-125.0,-93.75,-875.0,-585.9375,70.3125,-664.0625,-773.4375,109.375,-796.875,-593.75
1869851,-54.6875,-164.0625,968.75,-250.0,-1046.875,-125.0,-93.75,-875.0,-585.9375,70.3125,-664.0625,-773.4375,109.375,-796.875,-593.75
1869859,-62.5,-382.8125,1015.625,-296.875,-1101.5625,-171.875,-109.375,-898.4375,-625.0,31.25,-664.0625,-820.3125,93.75,-796.875,-648.4375
1869859,-62.5,-382.8125,1015.625,-296.875,-1101.5625,-171.875,-109.375,-898.4375,-625.0,31.25,-664.0625,-820.3125,93.75,-796.875,-648.4375
1869867,-54.6875,-390.625,1023.4375,-328.125,-1132.8125,-195.3125,-187.5,-890.625,-656.25,-39.0625,-664.0625,-882.8125,54.6875,-796.875,-703.125
1869867,-54.6875,-390.625,1023.4375,-328.125,-1132.8125,-195.3125,-187.5,-890.625,-656.25,-39.0625,-664.0625,-882.8125,54.6875,-796.875,-703.125
1869867,7.8125,-367.1875,984.375,-304.6875,-1117.1875,-179.6875,-210.9375,-898.4375,-695.3125,-85.9375,-664.0625,-929.6875,0.0,-796.875,-789.0625
1869867,7.8125,-367.1875,984.375,-304.6875,-1117.1875,-179.6875,-210.9375,-898.4375,-695.3125,-85.9375,-664.0625,-929.6875,0.0,-796.875,-789.0625
1870012,-414.0625,-609.375,687.5,-750.0,-703.125,-226.5625,-726.5625,-593.75,-523.4375,-632.8125,-507.8125,-726.5625,-492.1875,-500.0,-828.125
1870012,-414.0625,-609.375,687.5,-750.0,-703.125,-226.5625,-726.5625,-593.75,-523.4375,-632.8125,-507.8125,-726.5625,-492.1875,-500.0,-828.125
1870020,-421.875,-648.4375,703.125,-765.625,-718.75,-234.375,-742.1875,-609.375,-515.625,-656.25,-515.625,-726.5625,-507.8125,-507.8125,-828.125
1870020,-421.875,-648.4375,703.125,-765.625,-718.75,-234.375,-742.1875,-609.375,-515.625,-656.25,-515.625,-726.5625,-507.8125,-507.8125,-828.125
1870028,-414.0625,-640.625,734.375,-789.0625,-734.375,-242.1875,-765.625,-617.1875,-531.25,-664.0625,-546.875,-726.5625,-531.25,-531.25,-812.5
1870028,-414.0625,-640.625,734.375,-789.0625,-734.375,-242.1875,-765.625,-617.1875,-531.25,-664.0625,-546.875,-726.5625,-531.25,-531.25,-812.5
1870028,-382.8125,-617.1875,742.1875,-812.5,-757.8125,-257.8125,-789.0625,-656.25,-546.875,-687.5,-570.3125,-726.5625,-539.0625,-554.6875,-804.6875
1870028,-382.8125,-617.1875,742.1875,-812.5,-757.8125,-257.8125,-789.0625,-656.25,-546.875,-687.5,-570.3125,-726.5625,-539.0625,-554.6875,-804.6875
1870174,-718.75,-78.125,742.1875,-710.9375,-671.875,406.25,-554.6875,-882.8125,70.3125,-398.4375,-929.6875,-242.1875,-539.0625,-851.5625,-234.375
1870174,-718.75,-78.125,742.1875,-710.9375,-671.875,406.25,-554.6875,-882.8125,70.3125,-398.4375,-929.6875,-242.1875,-539.0625,-851.5625,-234.375
1870181,-710.9375,-78.125,742.1875,-710.9375,-664.0625,390.625,-546.875,-882.8125,46.875,-398.4375,-937.5,-257.8125,-539.0625,-867.1875,-250.0
1870181,-710.9375,-78.125,742.1875,-710.9375,-664.0625,390.625,-546.875,-882.8125,46.875,-398.4375,-937.5,-257.8125,-539.0625,-867.1875,-250.0
1870189,-710.9375,-70.3125,750.0,-710.9375,-671.875,398.4375,-539.0625,-882.8125,46.875,-398.4375,-937.5,-250.0,-539.0625,-859.375,-250.0
1870189,-710.9375,-70.3125,750.0,-710.9375,-671.875,398.4375,-539.0625,-882.8125,46.875,-398.4375,-937.5,-250.0,-539.0625,-859.375,-250.0
1870190,-703.125,-70.3125,765.625,-710.9375,-679.6875,398.4375,-539.0625,-898.4375,46.875,-390.625,-945.3125,-250.0,-531.25,-882.8125,-234.375
1870190,-703.125,-70.3125,765.625,-710.9375,-679.6875,398.4375,-539.0625,-898.4375,46.875,-390.625,-945.3125,-250.0,-531.25,-882.8125,-234.375
1870335,-617.1875,-101.5625,765.625,-656.25,-703.125,351.5625,-492.1875,-882.8125,7.8125,-343.75,-906.25,-289.0625,-460.9375,-859.375,-257.8125
1870335,-617.1875,-101.5625,765.625,-656.25,-703.125,351.5625,-492.1875,-882.8125,7.8125,-343.75,-906.25,-289.0625,-460.9375,-859.375,-257.8125
1870343,-617.1875,-93.75,750.0,-656.25,-703.125,343.75,-492.1875,-882.8125,-7.8125,-343.75,-906.25,-296.875,-468.75,-851.5625,-281.25
1870343,-617.1875,-93.75,750.0,-656.25,-703.125,343.75,-492.1875,-882.8125,-7.8125,-343.75,-906.25,-296.875,-468.75,-851.5625,-281.25
1870351,-617.1875,-78.125,757.8125,-664.0625,-695.3125,351.5625,-515.625,-882.8125,-23.4375,-359.375,-898.4375,-312.5,-468.75,-835.9375,-281.25
1870351,-617.1875,-78.125,757.8125,-664.0625,-695.3125,351.5625,-515.625,-882.8125,-23.4375,-359.375,-898.4375,-312.5,-468.75,-835.9375,-281.25
1870351,-617.1875,-78.125,757.8125,-664.0625,-695.3125,335.9375,-515.625,-867.1875,-7.8125,-359.375,-890.625,-296.875,-468.75,-828.125,-265.625
1870351,-617.1875,-78.125,757.8125,-664.0625,-695.3125,335.9375,-515.625,-867.1875,-7.8125,-359.375,-890.625,-296.875,-468.75,-828.125,-265.625
1870496,-671.875,-93.75,773.4375,-695.3125,-710.9375,367.1875,-531.25,-914.0625,31.25,-367.1875,-945.3125,-289.0625,-500.0,-882.8125,-265.625
1870496,-671.875,-93.75,773.4375,-695.3125,-710.9375,367.1875,-531.25,-914.0625,31.25,-367.1875,-945.3125,-289.0625,-500.0,-882.8125,-265.625
1870504,-664.0625,-101.5625,781.25,-710.9375,-718.75,375.0,-523.4375,-921.875,31.25,-359.375,-945.3125,-289.0625,-507.8125,-882.8125,-242.1875
1870504,-664.0625,-101.5625,781.25,-710.9375,-718.75,375.0,-523.4375,-921.875,31.25,-359.375,-945.3125,-289.0625,-507.8125,-882.8125,-242.1875
1870512,-664.0625,-109.375,781.25,-703.125,-726.5625,367.1875,-523.4375,-921.875,23.4375,-359.375,-953.125,-281.25,-500.0,-890.625,-242.1875
1870512,-664.0625,-109.375,781.25,-703.125,-726.5625,367.1875,-523.4375,-921.875,23.4375,-359.375,-953.125,-281.25,-500.0,-890.625,-242.1875
1870512,-648.4375,-109.375,781.25,-695.3125,-726.5625,375.0,-523.4375,-929.6875,23.4375,-359.375,-960.9375,-273.4375,-492.1875,-890.625,-234.375
1870512,-648.4375,-109.375,781.25,-695.3125,-726.5625,375.0,-523.4375,-929.6875,23.4375,-359.375,-960.9375,-273.4375,-492.1875,-890.625,-234.375
1870657,-640.625,-101.5625,726.5625,-671.875,-664.0625,343.75,-507.8125,-851.5625,23.4375,-351.5625,-875.0,-281.25,-468.75,-812.5,-257.8125
1870657,-640.625,-101.5625,726.5625,-671.875,-664.0625,343.75,-507.8125,-851.5625,23.4375,-351.5625,-875.0,-281.25,-468.75,-812.5,-257.8125
1870665,-640.625,-93.75,734.375,-664.0625,-664.0625,351.5625,-500.0,-851.5625,15.625,-351.5625,-875.0,-281.25,-460.9375,-828.125,-257.8125
1870665,-640.625,-93.75,734.375,-664.0625,-664.0625,351.5625,-500.0,-851.5625,15.625,-351.5625,-875.0,-281.25,-460.9375,-828.125,-257.8125
1870673,-640.625,-109.375,726.5625,-664.0625,-664.0625,343.75,-500.0,-859.375,23.4375,-335.9375,-882.8125,-273.4375,-468.75,-835.9375,-257.8125
1870673,-640.625,-109.375,726.5625,-664.0625,-664.0625,343.75,-500.0,-859.375,23.4375,-335.9375,-882.8125,-273.4375,-468.75,-835.9375,-257.8125
1870673,-640.625,-117.1875,726.5625,-664.0625,-664.0625,351.5625,-484.375,-851.5625,31.25,-343.75,-882.8125,-273.4375,-468.75,-828.125,-250.0
1870673,-640.625,-117.1875,726.5625,-664.0625,-664.0625,351.5625,-484.375,-851.5625,31.25,-343.75,-882.8125,-273.4375,-468.75,-828.125,-250.0
