1859807,599.375,-1334.375,-660.625
1859807,599.375,-1334.375,-660.625
1859817,61.25,-1146.25,-813.75
1859817,61.25,-1146.25,-813.75
1859828,-577.5,-1041.25,-529.375
1859828,-577.5,-1041.25,-529.375
1859838,-914.375,-962.5,-249.375
1859838,-914.375,-962.5,-249.375
1859848,-800.625,-1032.5,-91.875
1859848,-800.625,-1032.5,-91.875
1859859,-236.25,-936.25,262.5
1859859,-236.25,-936.25,262.5
1859870,-4.375,-542.5,511.875
1859870,-4.375,-542.5,511.875
1859879,332.5,-415.625,498.75
1859879,332.5,-415.625,498.75
1859890,958.125,-424.375,533.75
1859890,958.125,-424.375,533.75
1859900,1500.625,-468.125,288.75
1859900,1500.625,-468.125,288.75
1859910,1378.125,-735.0,-74.375
1859910,1378.125,-735.0,-74.375
1859921,1137.5,-818.125,-468.125
1859921,1137.5,-818.125,-468.125
1859931,673.75,-962.5,-665.0
1859931,673.75,-962.5,-665.0
1859941,455.0,-1076.25,-665.0
1859941,455.0,-1076.25,-665.0
1859952,551.25,-945.0,-424.375
1859952,551.25,-945.0,-424.375
1859962,481.25,-901.25,-315.0
1859962,481.25,-901.25,-315.0
1859972,568.75,-756.875,-87.5
1859972,568.75,-756.875,-87.5
1859983,791.875,-634.375,83.125
1859983,791.875,-634.375,83.125
1859993,818.125,-848.75,175.0
1859993,818.125,-848.75,175.0
1860003,805.0,-896.875,122.5
1860003,805.0,-896.875,122.5
1860014,765.625,-914.375,-17.5
1860014,765.625,-914.375,-17.5
1860024,634.375,-936.25,-275.625
1860024,634.375,-936.25,-275.625
1860034,730.625,-1058.75,-993.125
1860034,730.625,-1058.75,-993.125
1860044,472.5,-1172.5,-2126.25
1860044,472.5,-1172.5,-2126.25
1860055,-822.5,-1155.0,-2261.875
1860055,-822.5,-1155.0,-2261.875
1860065,-2323.125,-1023.75,-1404.375
1860065,-2323.125,-1023.75,-1404.375
1860075,-3451.875,-1133.125,-529.375
1860075,-3451.875,-1133.125,-529.375
1860086,-5280.625,-3631.25,1023.75
1860086,-5280.625,-3631.25,1023.75
1860096,-7511.875,-14953.75,857.5
1860096,-7511.875,-14953.75,857.5
1860106,-14144.375,-22045.625,3355.625
1860106,-14144.375,-22045.625,3355.625
1860117,-32978.75,-29461.25,14914.375
1860117,-32978.75,-29461.25,14914.375
1860127,-53186.875,-35660.625,23428.125
1860127,-53186.875,-35660.625,23428.125
1860137,-77735.0,-31574.375,-50067.5
1860137,-77735.0,-31574.375,-50067.5
1860148,-98923.125,-10928.75,-63446.25
1860148,-98923.125,-10928.75,-63446.25
1860158,-94198.125,-42078.75,-48741.875
1860158,-94198.125,-42078.75,-48741.875
1860168,-96013.75,-55129.375,-43225.0
1860168,-96013.75,-55129.375,-43225.0
1860179,-104759.375,-46007.5,-42599.375
1860179,-104759.375,-46007.5,-42599.375
1860189,-123077.5,-56052.5,-29548.75
1860189,-123077.5,-56052.5,-29548.75
1860199,-143360.0,-80377.5,1850.625
1860199,-143360.0,-80377.5,1850.625
1860210,-143360.0,-91140.0,44616.25
1860210,-143360.0,-91140.0,44616.25
1860220,-143023.125,-101465.0,107235.625
1860220,-143023.125,-101465.0,107235.625
1860230,-142126.25,-117425.0,-143360.0
1860230,-142126.25,-117425.0,-143360.0
1860241,-119056.875,-122841.25,-143360.0
1860241,-119056.875,-122841.25,-143360.0
1860251,-102042.5,-130335.625,142541.875
1860251,-102042.5,-130335.625,142541.875
1860261,-88108.125,-120601.25,-143360.0
1860261,-88108.125,-120601.25,-143360.0
1860271,-55265.0,-68722.5,-143360.0
1860271,-55265.0,-68722.5,-143360.0
1860282,-16038.75,-12031.25,143342.5
1860282,-16038.75,-12031.25,143342.5
1860292,-15881.25,17885.0,-143360.0
1860292,-15881.25,17885.0,-143360.0
1860302,-52465.0,10692.5,-143360.0
1860302,-52465.0,10692.5,-143360.0
1860313,-70835.625,-39200.0,-143360.0
1860313,-70835.625,-39200.0,-143360.0
1860323,-55221.25,-61823.125,-143360.0
1860323,-55221.25,-61823.125,-143360.0
1860333,-15155.0,-21647.5,-143360.0
1860333,-15155.0,-21647.5,-143360.0
1860344,37191.875,38180.625,-143360.0
1860344,37191.875,38180.625,-143360.0
1860354,78106.875,132234.375,-143360.0
1860354,78106.875,132234.375,-143360.0
1860364,110035.625,-143360.0,-143360.0
1860364,110035.625,-143360.0,-143360.0
1860375,123690.0,123318.125,-143360.0
1860375,123690.0,123318.125,-143360.0
1860384,91818.125,108513.125,-143360.0
1860384,91818.125,108513.125,-143360.0
1860395,68871.25,97422.5,-143360.0
1860395,68871.25,97422.5,-143360.0
1860406,83041.875,101272.5,-143360.0
1860406,83041.875,101272.5,-143360.0
1860416,82534.375,123287.5,-143360.0
1860416,82534.375,123287.5,-143360.0
1860427,60405.625,122766.875,-143360.0
1860427,60405.625,122766.875,-143360.0
1860437,34181.875,103525.625,-143360.0
1860437,34181.875,103525.625,-143360.0
1860446,13580.0,76409.375,139453.125
1860446,13580.0,76409.375,139453.125
1860456,29225.0,79257.5,90330.625
1860456,29225.0,79257.5,90330.625
1860468,52718.75,99133.125,51358.125
1860468,52718.75,99133.125,51358.125
1860478,60427.5,113649.375,55396.25
1860478,60427.5,113649.375,55396.25
1860488,54271.875,105122.5,59167.5
1860488,54271.875,105122.5,59167.5
1860499,28564.375,77021.875,56770.0
1860499,28564.375,77021.875,56770.0
1860509,5005.0,65537.5,45985.625
1860509,5005.0,65537.5,45985.625
1860519,5070.625,65226.875,21765.625
1860519,5070.625,65226.875,21765.625
1860529,31351.25,61595.625,-2891.875
1860529,31351.25,61595.625,-2891.875
1860540,55256.25,61101.25,-14848.75
1860540,55256.25,61101.25,-14848.75
1860550,52268.125,42188.125,-18816.875
1860550,52268.125,42188.125,-18816.875
1860560,47919.375,22973.125,-23664.375
1860560,47919.375,22973.125,-23664.375
1860570,46716.25,8316.875,-38745.0
1860570,46716.25,8316.875,-38745.0
1860581,47731.25,-13833.75,-64999.375
1860581,47731.25,-13833.75,-64999.375
1860591,52675.0,-34689.375,-96407.5
1860591,52675.0,-34689.375,-96407.5
1860602,53847.5,-53554.375,-122622.5
1860602,53847.5,-53554.375,-122622.5
1860612,49166.25,-73093.125,-138683.125
1860612,49166.25,-73093.125,-138683.125
1860621,37476.25,-93463.125,-143355.625
1860621,37476.25,-93463.125,-143355.625
1860633,41772.5,-109961.25,-143355.625
1860633,41772.5,-109961.25,-143355.625
1860643,64181.25,-110801.25,-143237.5
1860643,64181.25,-110801.25,-143237.5
1860653,74768.75,-101465.0,-143355.625
1860653,74768.75,-101465.0,-143355.625
1860664,30038.75,-43251.25,-62514.375
1860664,30038.75,-43251.25,-62514.375
1860674,39698.75,-143360.0,140612.5
1860674,39698.75,-143360.0,140612.5
1860684,-90055.0,-143360.0,-73915.625
1860684,-90055.0,-143360.0,-73915.625
1860695,96722.5,62475.0,13435.625
1860695,96722.5,62475.0,13435.625
1860705,-68149.375,-103705.0,-65528.75
1860705,-68149.375,-103705.0,-65528.75
1860715,-11878.125,-48794.375,-25567.5
1860715,-11878.125,-48794.375,-25567.5
1860725,143355.625,45845.625,-143360.0
1860725,143355.625,45845.625,-143360.0
1860736,90348.125,66058.125,-143360.0
1860736,90348.125,66058.125,-143360.0
1860746,65327.5,65143.75,140293.125
1860746,65327.5,65143.75,140293.125
1860756,5153.75,73154.375,141728.125
1860756,5153.75,73154.375,141728.125
1860767,-41623.75,86830.625,138565.0
1860767,-41623.75,86830.625,138565.0
1860777,-57986.25,102121.25,143176.25
1860777,-57986.25,102121.25,143176.25
1860787,-64544.375,106176.875,-143360.0
1860787,-64544.375,106176.875,-143360.0
1860797,-52290.0,102248.125,143276.875
1860797,-52290.0,102248.125,143276.875
1860808,-32011.875,92890.0,143346.875
1860808,-32011.875,92890.0,143346.875
1860818,-19149.375,78448.125,-143360.0
1860818,-19149.375,78448.125,-143360.0
1860829,-11550.0,69597.5,-143360.0
1860829,-11550.0,69597.5,-143360.0
1860839,-11318.125,69746.25,-143360.0
1860839,-11318.125,69746.25,-143360.0
1860849,-20321.875,75530.0,-143360.0
1860849,-20321.875,75530.0,-143360.0
1860859,-32777.5,85579.375,-143360.0
1860859,-32777.5,85579.375,-143360.0
1860870,-45430.0,97518.75,-143360.0
1860870,-45430.0,97518.75,-143360.0
1860880,-54162.5,107156.875,-143360.0
1860880,-54162.5,107156.875,-143360.0
1860891,-58191.875,112367.5,-143360.0
1860891,-58191.875,112367.5,-143360.0
1860901,-60033.75,111461.875,141920.625
1860901,-60033.75,111461.875,141920.625
1860911,-53169.375,105875.0,134487.5
1860911,-53169.375,105875.0,134487.5
1860921,-44874.375,93130.625,123983.125
1860921,-44874.375,93130.625,123983.125
1860932,-38854.375,77590.625,110967.5
1860932,-38854.375,77590.625,110967.5
1860942,-35805.0,62855.625,98367.5
1860942,-35805.0,62855.625,98367.5
1860953,-32886.875,54328.75,87797.5
1860953,-32886.875,54328.75,87797.5
1860963,-30218.125,49030.625,78032.5
1860963,-30218.125,49030.625,78032.5
1860974,-30362.5,45867.5,69772.5
1860974,-30362.5,45867.5,69772.5
1860983,-34829.375,45193.75,62282.5
1860983,-34829.375,45193.75,62282.5
1860994,-41055.0,44283.75,56363.125
1860994,-41055.0,44283.75,56363.125
1861004,-39270.0,43198.75,50802.5
1861004,-39270.0,43198.75,50802.5
1861015,-31815.0,39755.625,46602.5
1861015,-31815.0,39755.625,46602.5
1861025,-28100.625,32729.375,41221.25
1861025,-28100.625,32729.375,41221.25
1861035,-26053.125,24688.125,36474.375
1861035,-26053.125,24688.125,36474.375
1861045,-21796.25,19368.125,33385.625
1861045,-21796.25,19368.125,33385.625
1861056,-18637.5,16161.25,30515.625
1861056,-18637.5,16161.25,30515.625
1861066,-17005.625,12276.25,27899.375
1861066,-17005.625,12276.25,27899.375
1861076,-15824.375,10443.125,26665.625
1861076,-15824.375,10443.125,26665.625
1861087,-14818.125,10272.5,25834.375
1861087,-14818.125,10272.5,25834.375
1861097,-15933.75,8793.75,23874.375
1861097,-15933.75,8793.75,23874.375
1861107,-15841.875,6553.75,21905.625
1861107,-15841.875,6553.75,21905.625
1861118,-12936.875,4878.125,21691.25
1861118,-12936.875,4878.125,21691.25
1861128,-10832.5,2296.875,22478.75
1861128,-10832.5,2296.875,22478.75
1861138,-8776.25,1583.75,22032.5
1861138,-8776.25,1583.75,22032.5
1861149,-8233.75,52.5,19197.5
1861149,-8233.75,52.5,19197.5
1861159,-8229.375,-1745.625,16401.875
1861159,-8229.375,-1745.625,16401.875
1861169,-6098.75,-192.5,14678.125
1861169,-6098.75,-192.5,14678.125
1861179,-4410.0,2178.75,13046.25
1861179,-4410.0,2178.75,13046.25
1861190,-5131.875,3801.875,11716.25
1861190,-5131.875,3801.875,11716.25
1861200,-7853.125,6396.25,9209.375
1861200,-7853.125,6396.25,9209.375
1861210,-9922.5,8938.125,6055.0
1861210,-9922.5,8938.125,6055.0
1861221,-10189.375,10933.125,3224.375
1861221,-10189.375,10933.125,3224.375
1861231,-8802.5,11545.625,1255.625
1861231,-8802.5,11545.625,1255.625
1861241,-6059.375,11300.625,551.25
1861241,-6059.375,11300.625,551.25
1861252,-3793.125,11598.125,778.75
1861252,-3793.125,11598.125,778.75
1861262,-2493.75,10644.375,1071.875
1861262,-2493.75,10644.375,1071.875
1861272,-3001.25,9725.625,61.25
1861272,-3001.25,9725.625,61.25
1861283,-2961.875,9130.625,-1417.5
1861283,-2961.875,9130.625,-1417.5
1861293,-4064.375,7358.75,-3889.375
1861293,-4064.375,7358.75,-3889.375
1861303,-5180.0,4493.125,-6978.125
1861303,-5180.0,4493.125,-6978.125
1861314,-4095.0,2034.375,-8601.25
1861314,-4095.0,2034.375,-8601.25
1861324,-2108.75,-791.875,-8811.25
1861324,-2108.75,-791.875,-8811.25
1861334,-1229.375,-4270.0,-8290.625
1861334,-1229.375,-4270.0,-8290.625
1861344,-988.75,-5910.625,-7096.25
1861344,-988.75,-5910.625,-7096.25
1861355,813.75,-4694.375,-4830.0
1861355,813.75,-4694.375,-4830.0
1861365,323.75,-5040.0,-3675.0
1861365,323.75,-5040.0,-3675.0
1861375,-2270.625,-6956.25,-3403.75
1861375,-2270.625,-6956.25,-3403.75
1861386,-2467.5,-7800.625,-3097.5
1861386,-2467.5,-7800.625,-3097.5
1861396,-468.125,-7826.875,-1675.625
1861396,-468.125,-7826.875,-1675.625
1861406,805.0,-7997.5,-280.0
1861406,805.0,-7997.5,-280.0
1861417,1491.875,-8806.875,-13.125
1861417,1491.875,-8806.875,-13.125
1861427,1417.5,-8273.125,61.25
1861427,1417.5,-8273.125,61.25
1861438,56.875,-6142.5,717.5
1861438,56.875,-6142.5,717.5
1861448,-2310.0,-5101.25,1330.0
1861448,-2310.0,-5101.25,1330.0
1861458,-3898.125,-5232.5,1207.5
1861458,-3898.125,-5232.5,1207.5
1861468,-2878.75,-5779.375,1421.875
1861468,-2878.75,-5779.375,1421.875
1861479,161.875,-6510.0,1360.625
1861479,161.875,-6510.0,1360.625
1861489,332.5,-6772.5,1238.125
1861489,332.5,-6772.5,1238.125
1861499,-669.375,-5818.75,1303.75
1861499,-669.375,-5818.75,1303.75
1861509,192.5,-4646.25,822.5
1861509,192.5,-4646.25,822.5
1861520,354.375,-4186.875,-420.0
1861520,354.375,-4186.875,-420.0
1861530,-301.875,-5005.0,-1400.0
1861530,-301.875,-5005.0,-1400.0
1861541,783.125,-5775.0,-826.875
1861541,783.125,-5775.0,-826.875
1861551,2043.125,-4891.25,-625.625
1861551,2043.125,-4891.25,-625.625
1861560,2498.125,-3898.125,-1233.75
1861560,2498.125,-3898.125,-1233.75
1861571,1706.25,-4130.0,-2581.25
1861571,1706.25,-4130.0,-2581.25
1861582,2235.625,-3600.625,-3994.375
1861582,2235.625,-3600.625,-3994.375
1861592,2738.75,-3718.75,-4777.5
1861592,2738.75,-3718.75,-4777.5
1861602,3360.0,-3876.25,-4926.25
1861602,3360.0,-3876.25,-4926.25
1861613,2555.0,-5814.375,-4908.75
1861613,2555.0,-5814.375,-4908.75
1861623,1868.125,-7962.5,-4672.5
1861623,1868.125,-7962.5,-4672.5
1861633,4121.25,-7385.0,-4580.625
1861633,4121.25,-7385.0,-4580.625
1861644,3084.375,-8811.25,-4340.0
1861644,3084.375,-8811.25,-4340.0
1861654,2686.25,-8675.625,-3451.875
1861654,2686.25,-8675.625,-3451.875
1861664,2511.25,-7231.875,-2695.0
1861664,2511.25,-7231.875,-2695.0
1861675,1343.125,-6873.125,-2235.625
1861675,1343.125,-6873.125,-2235.625
1861685,1715.0,-6453.125,-2651.25
1861685,1715.0,-6453.125,-2651.25
1861695,2196.25,-5919.375,-3206.875
1861695,2196.25,-5919.375,-3206.875
1861706,1933.75,-5928.125,-2563.75
1861706,1933.75,-5928.125,-2563.75
1861716,625.625,-6405.0,-1483.125
1861716,625.625,-6405.0,-1483.125
1861726,857.5,-5556.25,-1417.5
1861726,857.5,-5556.25,-1417.5
1861736,1159.375,-5171.25,-1553.125
1861736,1159.375,-5171.25,-1553.125
1861747,1592.5,-4637.5,-1255.625
1861747,1592.5,-4637.5,-1255.625
1861757,1863.75,-4029.375,-1163.75
1861757,1863.75,-4029.375,-1163.75
1861768,1544.375,-3342.5,-1198.75
1861768,1544.375,-3342.5,-1198.75
1861778,910.0,-2292.5,-1907.5
1861778,910.0,-2292.5,-1907.5
1861788,210.0,-2222.5,-2611.875
1861788,210.0,-2222.5,-2611.875
1861798,-791.875,-2616.25,-2681.875
1861798,-791.875,-2616.25,-2681.875
1861809,-2611.875,-3045.0,-2734.375
1861809,-2611.875,-3045.0,-2734.375
1861819,-3075.625,-3058.125,-2331.875
1861819,-3075.625,-3058.125,-2331.875
1861830,-2922.5,-2498.125,-2205.0
1861830,-2922.5,-2498.125,-2205.0
1861840,-3031.875,-2983.75,-1666.875
1861840,-3031.875,-2983.75,-1666.875
1861850,-3570.0,-4287.5,-656.25
1861850,-3570.0,-4287.5,-656.25
1861861,-3158.75,-4335.625,83.125
1861861,-3158.75,-4335.625,83.125
1861871,-2139.375,-3832.5,100.625
1861871,-2139.375,-3832.5,100.625
1861881,-2135.0,-3828.125,-39.375
1861881,-2135.0,-3828.125,-39.375
1861891,-1929.375,-3141.25,-166.25
1861891,-1929.375,-3141.25,-166.25
1861902,-2782.5,-3294.375,350.0
1861902,-2782.5,-3294.375,350.0
1861912,-3115.0,-1881.25,196.875
1861912,-3115.0,-1881.25,196.875
1861922,-2047.5,-1395.625,166.25
1861922,-2047.5,-1395.625,166.25
1861933,332.5,-1614.375,476.875
1861933,332.5,-1614.375,476.875
1861943,1732.5,-682.5,984.375
1861943,1732.5,-682.5,984.375
1861953,1356.25,1400.0,1544.375
1861953,1356.25,1400.0,1544.375
1861964,555.625,3867.5,1859.375
1861964,555.625,3867.5,1859.375
1861974,-450.625,4287.5,1645.0
1861974,-450.625,4287.5,1645.0
1861985,-857.5,3106.25,1750.0
1861985,-857.5,3106.25,1750.0
1861995,-831.25,1828.75,1548.75
1861995,-831.25,1828.75,1548.75
1862005,118.125,1067.5,1242.5
1862005,118.125,1067.5,1242.5
1862015,-433.125,-83.125,1666.875
1862015,-433.125,-83.125,1666.875
1862026,-1216.25,-284.375,2913.75
1862026,-1216.25,-284.375,2913.75
1862036,144.375,1439.375,3377.5
1862036,144.375,1439.375,3377.5
1862046,371.875,2065.0,2992.5
1862046,371.875,2065.0,2992.5
1862057,-1470.0,1168.125,2156.875
1862057,-1470.0,1168.125,2156.875
1862066,-1758.75,787.5,1548.75
1862066,-1758.75,787.5,1548.75
1862077,39.375,844.375,1706.25
1862077,39.375,844.375,1706.25
1862087,634.375,538.125,1855.0
1862087,634.375,538.125,1855.0
1862097,809.375,17.5,1881.25
1862097,809.375,17.5,1881.25
1862108,1763.125,231.875,1758.75
1862108,1763.125,231.875,1758.75
1862118,1666.875,822.5,1793.75
1862118,1666.875,822.5,1793.75
1862129,459.375,682.5,2231.25
1862129,459.375,682.5,2231.25
1862139,713.125,494.375,3259.375
1862139,713.125,494.375,3259.375
1862149,1343.125,1452.5,4138.75
1862149,1343.125,1452.5,4138.75
1862160,1693.125,2034.375,4624.375
1862160,1693.125,2034.375,4624.375
1862170,1203.125,1330.0,4742.5
1862170,1203.125,1330.0,4742.5
1862180,2371.25,-218.75,3657.5
1862180,2371.25,-218.75,3657.5
1862191,5022.5,-1662.5,2366.875
1862191,5022.5,-1662.5,2366.875
1862201,5556.25,-2651.25,1198.75
1862201,5556.25,-2651.25,1198.75
1862211,5355.0,-3876.25,463.75
1862211,5355.0,-3876.25,463.75
1862222,6663.125,-2909.375,-30.625
1862222,6663.125,-2909.375,-30.625
1862232,5521.25,-1653.75,-748.125
1862232,5521.25,-1653.75,-748.125
1862242,3469.375,-2511.25,-599.375
1862242,3469.375,-2511.25,-599.375
1862253,1281.875,-3167.5,-450.625
1862253,1281.875,-3167.5,-450.625
1862263,1456.875,-2393.125,-319.375
1862263,1456.875,-2393.125,-319.375
1862273,2996.875,-831.25,564.375
1862273,2996.875,-831.25,564.375
1862283,4296.25,240.625,1610.0
1862283,4296.25,240.625,1610.0
1862294,5398.75,284.375,1995.0
1862294,5398.75,284.375,1995.0
1862304,5385.625,336.875,1369.375
1862304,5385.625,336.875,1369.375
1862314,4375.0,192.5,599.375
1862314,4375.0,192.5,599.375
1862325,3163.125,-74.375,-341.25
1862325,3163.125,-74.375,-341.25
1862335,1662.5,-1190.0,-949.375
1862335,1662.5,-1190.0,-949.375
1862345,686.875,-1907.5,-441.875
1862345,686.875,-1907.5,-441.875
1862356,555.625,-1500.625,511.875
1862356,555.625,-1500.625,511.875
1862366,1146.25,-1010.625,1233.75
1862366,1146.25,-1010.625,1233.75
1862377,2130.625,-1474.375,1080.625
1862377,2130.625,-1474.375,1080.625
1862387,3211.25,-1006.25,332.5
1862387,3211.25,-1006.25,332.5
1862397,2826.25,-1365.0,-380.625
1862397,2826.25,-1365.0,-380.625
1862407,2161.25,-1526.875,-1163.75
1862407,2161.25,-1526.875,-1163.75
1862418,1907.5,-1211.875,-1050.0
1862418,1907.5,-1211.875,-1050.0
1862428,100.625,-879.375,-218.75
1862428,100.625,-879.375,-218.75
1862438,-533.75,-275.625,883.75
1862438,-533.75,-275.625,883.75
1862449,-577.5,-122.5,1286.25
1862449,-577.5,-122.5,1286.25
1862459,-573.125,-231.875,1382.5
1862459,-573.125,-231.875,1382.5
1862469,1960.0,608.125,1391.25
1862469,1960.0,608.125,1391.25
1862479,2708.125,756.875,866.25
1862479,2708.125,756.875,866.25
1862490,1706.25,118.125,367.5
1862490,1706.25,118.125,367.5
1862500,2283.75,253.75,800.625
1862500,2283.75,253.75,800.625
1862510,1872.5,367.5,1561.875
1862510,1872.5,367.5,1561.875
1862521,1312.5,761.25,1885.625
1862521,1312.5,761.25,1885.625
1862531,385.0,1063.125,1128.75
1862531,385.0,1063.125,1128.75
1862541,-446.25,971.25,78.75
1862541,-446.25,971.25,78.75
1862551,96.25,730.625,-301.875
1862551,96.25,730.625,-301.875
1862562,70.0,463.75,-402.5
1862562,70.0,463.75,-402.5
1862573,857.5,301.875,-240.625
1862573,857.5,301.875,-240.625
1862583,1846.25,-455.0,113.75
1862583,1846.25,-455.0,113.75
1862593,1693.125,-1198.75,595.0
1862593,1693.125,-1198.75,595.0
1862602,783.125,-1500.625,1190.0
1862602,783.125,-1500.625,1190.0
1862614,354.375,-700.0,1233.75
1862614,354.375,-700.0,1233.75
1862624,-70.0,-1194.375,923.125
1862624,-70.0,-1194.375,923.125
1862634,608.125,-1636.25,415.625
1862634,608.125,-1636.25,415.625
1862645,459.375,-2025.625,367.5
1862645,459.375,-2025.625,367.5
1862655,275.625,-1771.875,743.75
1862655,275.625,-1771.875,743.75
1862665,660.625,-1106.875,1408.75
1862665,660.625,-1106.875,1408.75
1862675,993.125,-1185.625,1588.125
1862675,993.125,-1185.625,1588.125
1862686,1325.625,-1675.625,1470.0
1862686,1325.625,-1675.625,1470.0
1862696,2786.875,-1645.0,1776.25
1862696,2786.875,-1645.0,1776.25
1862706,3154.375,-949.375,1675.625
1862706,3154.375,-949.375,1675.625
1862717,1281.875,-441.875,1798.125
1862717,1281.875,-441.875,1798.125
1862728,586.25,245.0,2288.125
1862728,586.25,245.0,2288.125
1862737,691.25,100.625,3141.25
1862737,691.25,100.625,3141.25
1862748,1623.125,-800.625,3753.75
1862748,1623.125,-800.625,3753.75
1862758,1185.625,-2266.25,3731.875
1862758,1185.625,-2266.25,3731.875
1862768,-2428.125,-4545.625,3517.5
1862768,-2428.125,-4545.625,3517.5
1862779,-8666.875,-8850.625,3325.0
1862779,-8666.875,-8850.625,3325.0
1862789,-11195.625,-9524.375,2450.0
1862789,-11195.625,-9524.375,2450.0
1862799,-8680.0,-6842.5,2751.875
1862799,-8680.0,-6842.5,2751.875
1862810,-9625.0,-6413.75,3784.375
1862810,-9625.0,-6413.75,3784.375
1862820,-15395.625,-8369.375,5656.875
1862820,-15395.625,-8369.375,5656.875
1862830,-19092.5,-7551.25,7739.375
1862830,-19092.5,-7551.25,7739.375
1862841,-18729.375,-3670.625,9441.25
1862841,-18729.375,-3670.625,9441.25
1862851,-13593.125,-1535.625,9751.875
1862851,-13593.125,-1535.625,9751.875
1862861,-8894.375,-476.875,8548.75
1862861,-8894.375,-476.875,8548.75
