1886932,-53401.25,-53287.5,27820.625
1886932,-53401.25,-53287.5,27820.625
1886943,-69448.75,-76698.125,37537.5
1886943,-69448.75,-76698.125,37537.5
1886953,-66106.25,-72467.5,-12311.25
1886953,-66106.25,-72467.5,-12311.25
1886963,-63144.375,-29391.25,-20938.75
1886963,-63144.375,-29391.25,-20938.75
1886974,-77730.625,-4471.25,-5967.5
1886974,-77730.625,-4471.25,-5967.5
1886984,-85211.875,-8920.625,14551.25
1886984,-85211.875,-8920.625,14551.25
1886994,-77704.375,-20475.0,43833.125
1886994,-77704.375,-20475.0,43833.125
1887005,-74051.25,-17469.375,69164.375
1887005,-74051.25,-17469.375,69164.375
1887015,-90457.5,-5236.875,93773.75
1887015,-90457.5,-5236.875,93773.75
1887026,-116326.875,4248.125,120640.625
1887026,-116326.875,4248.125,120640.625
1887035,-124359.375,13523.125,-143360.0
1887035,-124359.375,13523.125,-143360.0
1887046,-115876.25,25777.5,-143360.0
1887046,-115876.25,25777.5,-143360.0
1887056,-116230.625,35695.625,142948.75
1887056,-116230.625,35695.625,142948.75
1887067,-125575.625,45294.375,143342.5
1887067,-125575.625,45294.375,143342.5
1887077,-139256.25,50732.5,-143360.0
1887077,-139256.25,50732.5,-143360.0
1887087,-139724.375,43666.875,143351.25
1887087,-139724.375,43666.875,143351.25
1887097,-138302.5,16716.875,-143360.0
1887097,-138302.5,16716.875,-143360.0
1887108,-143360.0,-36242.5,-143360.0
1887108,-143360.0,-36242.5,-143360.0
1887118,-143360.0,-66543.75,-143360.0
1887118,-143360.0,-66543.75,-143360.0
1887128,-143259.375,-29758.75,-143360.0
1887128,-143259.375,-29758.75,-143360.0
1887139,-143355.625,11961.25,-143360.0
1887139,-143355.625,11961.25,-143360.0
1887149,-143360.0,28840.0,-143360.0
1887149,-143360.0,28840.0,-143360.0
1887159,-143360.0,56070.0,-143360.0
1887159,-143360.0,56070.0,-143360.0
1887170,-142725.625,69015.625,-143360.0
1887170,-142725.625,69015.625,-143360.0
1887180,-120841.875,27925.625,-143360.0
1887180,-120841.875,27925.625,-143360.0
1887190,-89473.125,-249.375,-143360.0
1887190,-89473.125,-249.375,-143360.0
1887201,-74869.375,-9458.75,-143360.0
1887201,-74869.375,-9458.75,-143360.0
1887211,-91358.75,-18624.375,-143360.0
1887211,-91358.75,-18624.375,-143360.0
1887222,-89993.75,15662.5,-143360.0
1887222,-89993.75,15662.5,-143360.0
1887232,-29531.25,108150.0,-143360.0
1887232,-29531.25,108150.0,-143360.0
1887242,-43334.375,83886.25,-143360.0
1887242,-43334.375,83886.25,-143360.0
1887252,-134811.25,-29225.0,-143360.0
1887252,-134811.25,-29225.0,-143360.0
1887263,-143360.0,-63026.25,-143360.0
1887263,-143360.0,-63026.25,-143360.0
1887273,-117792.5,-42822.5,-143360.0
1887273,-117792.5,-42822.5,-143360.0
1887283,-27978.125,-3049.375,-143360.0
1887283,-27978.125,-3049.375,-143360.0
1887294,33341.875,52924.375,-143360.0
1887294,33341.875,52924.375,-143360.0
1887304,17898.125,76903.75,-143360.0
1887304,17898.125,76903.75,-143360.0
1887314,-37436.875,51813.125,103696.25
1887314,-37436.875,51813.125,103696.25
1887324,-89324.375,6370.0,9690.625
1887324,-89324.375,6370.0,9690.625
1887335,-115071.25,-9205.0,-34597.5
1887335,-115071.25,-9205.0,-34597.5
1887345,-98918.75,6763.75,-39646.25
1887345,-98918.75,6763.75,-39646.25
1887355,-66206.875,28275.625,-33985.0
1887355,-66206.875,28275.625,-33985.0
1887365,-34807.5,43063.125,-34965.0
1887365,-34807.5,43063.125,-34965.0
1887376,-26040.0,40495.0,-44856.875
1887376,-26040.0,40495.0,-44856.875
1887386,-24001.25,30065.0,-63520.625
1887386,-24001.25,30065.0,-63520.625
1887397,-14888.125,24128.125,-88571.875
1887397,-14888.125,24128.125,-88571.875
1887407,-19460.0,11086.25,-113001.875
1887407,-19460.0,11086.25,-113001.875
1887418,-29890.0,-6759.375,-134448.125
1887418,-29890.0,-6759.375,-134448.125
1887427,-27230.0,-20295.625,-143355.625
1887427,-27230.0,-20295.625,-143355.625
1887438,-16843.75,-30340.625,-143355.625
1887438,-16843.75,-30340.625,-143355.625
1887448,-6304.375,-41838.125,-143136.875
1887448,-6304.375,-41838.125,-143136.875
1887459,-336.875,-55435.625,-143355.625
1887459,-336.875,-55435.625,-143355.625
1887469,17600.625,-54705.0,-143355.625
1887469,17600.625,-54705.0,-143355.625
1887479,28835.625,-61709.375,-143355.625
1887479,28835.625,-61709.375,-143355.625
1887489,39930.625,-75954.375,-143355.625
1887489,39930.625,-75954.375,-143355.625
1887500,50811.25,-87950.625,-143355.625
1887500,50811.25,-87950.625,-143355.625
1887510,52657.5,-98245.0,-143355.625
1887510,52657.5,-98245.0,-143355.625
1887521,49078.75,-103245.625,-143355.625
1887521,49078.75,-103245.625,-143355.625
1887531,47775.0,-109703.125,-143355.625
1887531,47775.0,-109703.125,-143355.625
1887541,122876.25,70612.5,14035.0
1887541,122876.25,70612.5,14035.0
1887551,-88436.25,66723.125,-143360.0
1887551,-88436.25,66723.125,-143360.0
1887562,-143360.0,66014.375,-32475.625
1887562,-143360.0,66014.375,-32475.625
1887572,-140962.5,73683.75,-143355.625
1887572,-140962.5,73683.75,-143355.625
1887582,-61495.0,-10644.375,-87408.125
1887582,-61495.0,-10644.375,-87408.125
1887593,60427.5,6020.0,84573.125
1887593,60427.5,6020.0,84573.125
1887603,71085.0,-45132.5,-143360.0
1887603,71085.0,-45132.5,-143360.0
1887614,117713.75,-33022.5,-143360.0
1887614,117713.75,-33022.5,-143360.0
1887624,135673.125,-840.0,141837.5
1887624,135673.125,-840.0,141837.5
1887634,99286.25,-8050.0,-143360.0
1887634,99286.25,-8050.0,-143360.0
1887644,91870.625,12884.375,-143360.0
1887644,91870.625,12884.375,-143360.0
1887655,108075.625,51883.125,143325.0
1887655,108075.625,51883.125,143325.0
1887665,113526.875,79318.75,-143360.0
1887665,113526.875,79318.75,-143360.0
1887675,101587.5,89411.875,-143360.0
1887675,101587.5,89411.875,-143360.0
1887686,86594.375,95987.5,-143360.0
1887686,86594.375,95987.5,-143360.0
1887696,66373.125,101364.375,-143360.0
1887696,66373.125,101364.375,-143360.0
1887706,35105.0,98249.375,-143360.0
1887706,35105.0,98249.375,-143360.0
1887717,6921.25,99190.0,-143360.0
1887717,6921.25,99190.0,-143360.0
1887727,-15719.375,105853.125,-143360.0
1887727,-15719.375,105853.125,-143360.0
1887737,-31766.875,107340.625,-143360.0
1887737,-31766.875,107340.625,-143360.0
1887747,-45679.375,101434.375,-143360.0
1887747,-45679.375,101434.375,-143360.0
1887758,-46742.5,94657.5,-143360.0
1887758,-46742.5,94657.5,-143360.0
1887768,-42647.5,86148.125,-143360.0
1887768,-42647.5,86148.125,-143360.0
1887778,-40600.0,76877.5,-143360.0
1887778,-40600.0,76877.5,-143360.0
1887789,-39812.5,71067.5,-143360.0
1887789,-39812.5,71067.5,-143360.0
1887799,-42945.0,66110.625,-143360.0
1887799,-42945.0,66110.625,-143360.0
1887810,-50583.75,61880.0,142585.625
1887810,-50583.75,61880.0,142585.625
1887820,-55908.125,61608.75,132921.25
1887820,-55908.125,61608.75,132921.25
1887830,-60493.125,62146.875,118409.375
1887830,-60493.125,62146.875,118409.375
1887839,-63590.625,61880.0,106662.5
1887839,-63590.625,61880.0,106662.5
1887851,-60873.75,64098.125,99977.5
1887851,-60873.75,64098.125,99977.5
1887861,-57491.875,63385.0,95519.375
1887861,-57491.875,63385.0,95519.375
1887871,-53121.25,56231.875,91148.75
1887871,-53121.25,56231.875,91148.75
1887882,-46598.125,49083.125,85343.125
1887882,-46598.125,49083.125,85343.125
1887892,-39637.5,43605.625,78841.875
1887892,-39637.5,43605.625,78841.875
1887902,-34746.25,39151.875,71754.375
1887902,-34746.25,39151.875,71754.375
1887912,-30585.625,36903.125,66303.125
1887912,-30585.625,36903.125,66303.125
1887923,-27365.625,36522.5,61731.25
1887923,-27365.625,36522.5,61731.25
1887933,-26840.625,33849.375,56555.625
1887933,-26840.625,33849.375,56555.625
1887943,-24976.875,32593.75,51034.375
1887943,-24976.875,32593.75,51034.375
1887954,-22413.125,32208.75,46068.75
1887954,-22413.125,32208.75,46068.75
1887965,-21376.25,31683.75,42700.0
1887965,-21376.25,31683.75,42700.0
1887974,-20632.5,30148.125,40302.5
1887974,-20632.5,30148.125,40302.5
1887985,-17771.25,27405.0,36505.0
1887985,-17771.25,27405.0,36505.0
1887995,-12810.0,24403.75,31994.375
1887995,-12810.0,24403.75,31994.375
1888005,-9253.125,20737.5,28131.25
1888005,-9253.125,20737.5,28131.25
1888016,-8168.125,16839.375,25532.5
1888016,-8168.125,16839.375,25532.5
1888026,-6059.375,14402.5,22960.0
1888026,-6059.375,14402.5,22960.0
1888036,-3543.75,13899.375,20846.875
1888036,-3543.75,13899.375,20846.875
1888047,-2489.375,13636.875,18585.0
1888047,-2489.375,13636.875,18585.0
1888057,-1890.0,13335.0,14962.5
1888057,-1890.0,13335.0,14962.5
1888067,-2371.25,11116.875,11344.375
1888067,-2371.25,11116.875,11344.375
1888077,-2563.75,8172.5,8080.625
1888077,-2563.75,8172.5,8080.625
1888088,-1583.75,6540.625,6020.0
1888088,-1583.75,6540.625,6020.0
1888098,-1334.375,5740.0,5092.5
1888098,-1334.375,5740.0,5092.5
1888108,-43.75,6619.375,5280.625
1888108,-43.75,6619.375,5280.625
1888120,118.125,8553.125,6033.125
1888120,118.125,8553.125,6033.125
1888129,-1312.5,9695.0,6308.75
1888129,-1312.5,9695.0,6308.75
1888139,-1754.375,10211.25,5718.125
1888139,-1754.375,10211.25,5718.125
1888150,-752.5,10355.625,4554.375
1888150,-752.5,10355.625,4554.375
1888160,-752.5,9288.125,4077.5
1888160,-752.5,9288.125,4077.5
1888170,520.625,9743.125,3679.375
1888170,520.625,9743.125,3679.375
1888181,2786.875,9900.625,3049.375
1888181,2786.875,9900.625,3049.375
1888190,4878.125,8658.125,4195.625
1888190,4878.125,8658.125,4195.625
1888201,6991.25,8780.625,6488.125
1888201,6991.25,8780.625,6488.125
1888212,7997.5,9511.25,8356.25
1888212,7997.5,9511.25,8356.25
1888222,6895.0,8666.875,8290.625
1888222,6895.0,8666.875,8290.625
1888233,6781.25,7818.125,6186.25
1888233,6781.25,7818.125,6186.25
1888243,5140.625,5306.875,2935.625
1888243,5140.625,5306.875,2935.625
1888253,2611.875,2948.75,-542.5
1888253,2611.875,2948.75,-542.5
1888263,1225.0,2231.25,-4672.5
1888263,1225.0,2231.25,-4672.5
1888274,-1513.75,1518.125,-7122.5
1888274,-1513.75,1518.125,-7122.5
1888284,-2743.125,-21.875,-9016.875
1888284,-2743.125,-21.875,-9016.875
1888294,-1942.5,266.875,-12941.25
1888294,-1942.5,266.875,-12941.25
1888305,-5057.5,-2056.25,-16345.0
1888305,-5057.5,-2056.25,-16345.0
1888315,-6055.0,-6076.875,-18392.5
1888315,-6055.0,-6076.875,-18392.5
1888325,-3661.875,-8863.75,-18707.5
1888325,-3661.875,-8863.75,-18707.5
1888335,1798.125,-8299.375,-15268.75
1888335,1798.125,-8299.375,-15268.75
1888346,7008.75,-6440.0,-13076.875
1888346,7008.75,-6440.0,-13076.875
1888356,5263.125,-8063.125,-12976.25
1888356,5263.125,-8063.125,-12976.25
1888365,1128.75,-9900.625,-13689.375
1888365,1128.75,-9900.625,-13689.375
1888377,761.25,-8400.0,-13820.625
1888377,761.25,-8400.0,-13820.625
1888387,573.125,-6562.5,-12040.0
1888387,573.125,-6562.5,-12040.0
1888397,-1080.625,-6138.125,-9318.75
1888397,-1080.625,-6138.125,-9318.75
1888408,-1456.875,-5363.75,-6356.875
1888408,-1456.875,-5363.75,-6356.875
1888418,-975.625,-5070.625,-4571.875
1888418,-975.625,-5070.625,-4571.875
1888429,546.875,-4952.5,-4663.75
1888429,546.875,-4952.5,-4663.75
1888439,1973.125,-4186.875,-4611.25
1888439,1973.125,-4186.875,-4611.25
1888449,2708.125,-3285.625,-4322.5
1888449,2708.125,-3285.625,-4322.5
1888459,3093.125,-2944.375,-4239.375
1888459,3093.125,-2944.375,-4239.375
1888470,4156.25,-2275.0,-4987.5
1888470,4156.25,-2275.0,-4987.5
1888480,3990.0,-2253.125,-6002.5
1888480,3990.0,-2253.125,-6002.5
1888490,3548.125,-1999.375,-6671.875
1888490,3548.125,-1999.375,-6671.875
1888501,3136.875,-1163.75,-6881.875
1888501,3136.875,-1163.75,-6881.875
1888511,1701.875,-511.875,-6181.875
1888511,1701.875,-511.875,-6181.875
1888521,61.25,-945.0,-5674.375
1888521,61.25,-945.0,-5674.375
1888532,157.5,-997.5,-6986.875
1888532,157.5,-997.5,-6986.875
1888542,485.625,-2152.5,-8903.125
1888542,485.625,-2152.5,-8903.125
1888552,1028.125,-2983.75,-10080.0
1888552,1028.125,-2983.75,-10080.0
1888562,1876.875,-2953.125,-10626.875
1888562,1876.875,-2953.125,-10626.875
1888573,2358.125,-3176.25,-11270.0
1888573,2358.125,-3176.25,-11270.0
1888582,2576.875,-3290.0,-11816.875
1888582,2576.875,-3290.0,-11816.875
1888593,2616.25,-3736.25,-11545.625
1888593,2616.25,-3736.25,-11545.625
1888604,3412.5,-4033.75,-11025.0
1888604,3412.5,-4033.75,-11025.0
1888614,4375.0,-4230.625,-10998.75
1888614,4375.0,-4230.625,-10998.75
1888625,4812.5,-4506.25,-10941.875
1888625,4812.5,-4506.25,-10941.875
1888635,5582.5,-5635.0,-9598.75
1888635,5582.5,-5635.0,-9598.75
1888645,8041.25,-5538.75,-7100.625
1888645,8041.25,-5538.75,-7100.625
1888655,8102.5,-5503.75,-4515.0
1888655,8102.5,-5503.75,-4515.0
1888666,4659.375,-5893.125,-3841.25
1888666,4659.375,-5893.125,-3841.25
1888676,1767.5,-6190.625,-3823.75
1888676,1767.5,-6190.625,-3823.75
1888686,1806.875,-4606.875,-3766.875
1888686,1806.875,-4606.875,-3766.875
1888697,1045.625,-3141.25,-2804.375
1888697,1045.625,-3141.25,-2804.375
1888708,818.125,-1850.625,-2358.125
1888708,818.125,-1850.625,-2358.125
1888717,1636.25,-494.375,-2642.5
1888717,1636.25,-494.375,-2642.5
1888727,2450.0,-363.125,-2563.75
1888727,2450.0,-363.125,-2563.75
1888738,2874.375,-363.125,-2135.0
1888738,2874.375,-363.125,-2135.0
1888748,2568.125,-1076.25,-735.0
1888748,2568.125,-1076.25,-735.0
1888759,3246.25,-568.75,144.375
1888759,3246.25,-568.75,144.375
1888769,3500.0,192.5,-196.875
1888769,3500.0,192.5,-196.875
1888779,2156.875,546.875,-490.0
1888779,2156.875,546.875,-490.0
1888789,1356.25,1325.625,-826.875
1888789,1356.25,1325.625,-826.875
1888800,848.75,1365.0,-1111.25
1888800,848.75,1365.0,-1111.25
1888810,608.125,1316.875,-1421.875
1888810,608.125,1316.875,-1421.875
1888821,319.375,507.5,-1089.375
1888821,319.375,507.5,-1089.375
1888831,1855.0,875.0,-595.0
1888831,1855.0,875.0,-595.0
1888841,2673.125,931.875,-625.625
1888841,2673.125,931.875,-625.625
1888851,2056.25,131.25,-905.625
1888851,2056.25,131.25,-905.625
1888862,1041.25,-621.25,-700.0
1888862,1041.25,-621.25,-700.0
1888872,83.125,-1085.0,-494.375
1888872,83.125,-1085.0,-494.375
1888882,-726.25,-2161.25,-805.0
1888882,-726.25,-2161.25,-805.0
1888893,354.375,-2143.75,-844.375
1888893,354.375,-2143.75,-844.375
1888903,459.375,-1518.125,-74.375
1888903,459.375,-1518.125,-74.375
1888913,-350.0,-315.0,341.25
1888913,-350.0,-315.0,341.25
1888924,-910.0,573.125,494.375
1888924,-910.0,573.125,494.375
1888934,525.0,1798.125,87.5
1888934,525.0,1798.125,87.5
1888944,809.375,1115.625,-529.375
1888944,809.375,1115.625,-529.375
1888955,686.875,-1378.125,-787.5
1888955,686.875,-1378.125,-787.5
1888965,2686.25,-2296.875,-1513.75
1888965,2686.25,-2296.875,-1513.75
1888974,2760.625,-3513.125,-2445.625
1888974,2760.625,-3513.125,-2445.625
1888986,2905.0,-3583.125,-2953.125
1888986,2905.0,-3583.125,-2953.125
1888996,1666.875,-2568.125,-2743.125
1888996,1666.875,-2568.125,-2743.125
1889006,-2515.625,-3635.625,-341.25
1889006,-2515.625,-3635.625,-341.25
1889017,-6619.375,-3683.75,4160.625
1889017,-6619.375,-3683.75,4160.625
1889027,-4256.875,-3198.125,8150.625
1889027,-4256.875,-3198.125,8150.625
1889037,2528.75,-1640.625,8146.25
1889037,2528.75,-1640.625,8146.25
1889048,6960.625,-2686.25,5849.375
1889048,6960.625,-2686.25,5849.375
1889058,7870.625,-1995.0,3736.25
1889058,7870.625,-1995.0,3736.25
1889068,7503.125,-118.125,4221.875
1889068,7503.125,-118.125,4221.875
1889078,6523.125,2559.375,7468.125
1889078,6523.125,2559.375,7468.125
1889089,8190.0,6107.5,7673.75
1889089,8190.0,6107.5,7673.75
1889099,6055.0,6072.5,5136.25
1889099,6055.0,6072.5,5136.25
1889109,441.875,2454.375,3390.625
1889109,441.875,2454.375,3390.625
1889119,-3053.75,1080.625,3683.75
1889119,-3053.75,1080.625,3683.75
1889130,-2161.25,2065.0,5998.125
1889130,-2161.25,2065.0,5998.125
1889140,2493.75,4589.375,8732.5
1889140,2493.75,4589.375,8732.5
1889151,6562.5,6593.125,9082.5
1889151,6562.5,6593.125,9082.5
1889161,7301.875,5538.75,7507.5
1889161,7301.875,5538.75,7507.5
1889171,6348.125,4326.875,6199.375
1889171,6348.125,4326.875,6199.375
1889181,4379.375,3132.5,6243.125
1889181,4379.375,3132.5,6243.125
1889192,4563.125,4458.125,7665.0
1889192,4563.125,4458.125,7665.0
1889202,1684.375,5031.25,10071.25
1889202,1684.375,5031.25,10071.25
1889213,319.375,4178.125,12070.625
1889213,319.375,4178.125,12070.625
1889223,2611.875,4379.375,10871.875
1889223,2611.875,4379.375,10871.875
1889233,3456.25,2747.5,8006.25
1889233,3456.25,2747.5,8006.25
1889244,6286.875,927.5,5236.875
1889244,6286.875,927.5,5236.875
1889254,8028.125,2555.0,4760.0
1889254,8028.125,2555.0,4760.0
1889264,5858.125,1518.125,4851.875
1889264,5858.125,1518.125,4851.875
1889274,2843.75,2362.5,7192.5
1889274,2843.75,2362.5,7192.5
1889285,-245.0,2883.125,10543.75
1889285,-245.0,2883.125,10543.75
1889295,-3237.5,682.5,11274.375
1889295,-3237.5,682.5,11274.375
1889305,-10141.25,-2397.5,11431.875
1889305,-10141.25,-2397.5,11431.875
1889316,-15264.375,-5770.625,13798.75
1889316,-15264.375,-5770.625,13798.75
1889325,-17959.375,-8483.125,14669.375
1889325,-17959.375,-8483.125,14669.375
1889336,-18274.375,-8999.375,14533.75
1889336,-18274.375,-8999.375,14533.75
1889347,-24556.875,-11725.0,15824.375
1889347,-24556.875,-11725.0,15824.375
1889357,-26525.625,-16056.25,14393.75
1889357,-26525.625,-16056.25,14393.75
1889368,-21113.75,-11344.375,10018.75
1889368,-21113.75,-11344.375,10018.75
1889378,-15561.875,-10399.375,7074.375
1889378,-15561.875,-10399.375,7074.375
1889388,-7463.75,-6864.375,6505.625
1889388,-7463.75,-6864.375,6505.625
1889398,-3565.625,-2213.75,4466.875
1889398,-3565.625,-2213.75,4466.875
1889409,-3998.75,-170.625,3224.375
1889409,-3998.75,-170.625,3224.375
1889419,-3176.25,2983.75,3955.0
1889419,-3176.25,2983.75,3955.0
1889429,-3176.25,5083.75,5201.875
1889429,-3176.25,5083.75,5201.875
1889440,-4064.375,6702.5,8404.375
1889440,-4064.375,6702.5,8404.375
1889450,-6321.875,10255.0,9170.0
1889450,-6321.875,10255.0,9170.0
1889460,-4948.125,9826.25,10062.5
1889460,-4948.125,9826.25,10062.5
1889470,-1260.0,5919.375,9174.375
1889470,-1260.0,5919.375,9174.375
1889481,-2660.0,2016.875,3675.0
1889481,-2660.0,2016.875,3675.0
1889491,-1640.625,-275.625,-713.125
1889491,-1640.625,-275.625,-713.125
1889501,1277.5,-717.5,-3237.5
1889501,1277.5,-717.5,-3237.5
1889512,3259.375,1758.75,-4099.375
1889512,3259.375,1758.75,-4099.375
1889522,5525.625,3311.875,-3447.5
1889522,5525.625,3311.875,-3447.5
1889532,7455.0,4913.125,-1535.625
1889532,7455.0,4913.125,-1535.625
1889543,10469.375,7288.75,354.375
1889543,10469.375,7288.75,354.375
1889553,8662.5,6212.5,2559.375
1889553,8662.5,6212.5,2559.375
1889564,8155.0,3902.5,1925.0
1889564,8155.0,3902.5,1925.0
1889574,10403.75,4799.375,398.125
1889574,10403.75,4799.375,398.125
1889584,9935.625,3329.375,323.75
1889584,9935.625,3329.375,323.75
1889594,9835.0,2751.875,441.875
1889594,9835.0,2751.875,441.875
1889605,10714.375,4112.5,389.375
1889605,10714.375,4112.5,389.375
1889615,9301.25,4007.5,708.75
1889615,9301.25,4007.5,708.75
1889625,6645.625,3443.125,796.25
1889625,6645.625,3443.125,796.25
1889636,5967.5,3176.25,739.375
1889636,5967.5,3176.25,739.375
1889646,4869.375,2655.625,1067.5
1889646,4869.375,2655.625,1067.5
1889656,2607.5,1881.25,2541.875
1889656,2607.5,1881.25,2541.875
1889666,-993.125,752.5,3351.25
1889666,-993.125,752.5,3351.25
1889677,-3447.5,-411.25,2975.0
1889677,-3447.5,-411.25,2975.0
1889687,-6518.75,-2441.25,2887.5
1889687,-6518.75,-2441.25,2887.5
1889697,-10220.0,-3215.625,3360.0
1889697,-10220.0,-3215.625,3360.0
1889708,-14752.5,-4270.0,3679.375
1889708,-14752.5,-4270.0,3679.375
1889719,-17469.375,-6300.0,2261.875
1889719,-17469.375,-6300.0,2261.875
1889728,-16712.5,-8050.0,-131.25
1889728,-16712.5,-8050.0,-131.25
1889739,-15063.125,-9126.25,-1277.5
1889739,-15063.125,-9126.25,-1277.5
1889749,-14455.0,-10395.0,-2183.125
1889749,-14455.0,-10395.0,-2183.125
1889759,-12897.5,-10346.875,-2353.75
1889759,-12897.5,-10346.875,-2353.75
1889770,-11331.25,-9511.25,-1649.375
1889770,-11331.25,-9511.25,-1649.375
1889780,-10801.875,-7013.125,-131.25
1889780,-10801.875,-7013.125,-131.25
1889790,-12919.375,-6146.875,-43.75
1889790,-12919.375,-6146.875,-43.75
1889801,-12985.0,-5289.375,-542.5
1889801,-12985.0,-5289.375,-542.5
1889811,-10622.5,-4493.125,-1907.5
1889811,-10622.5,-4493.125,-1907.5
1889821,-6947.5,-3793.125,-2791.25
1889821,-6947.5,-3793.125,-2791.25
1889832,-7455.0,-4182.5,-3220.0
1889832,-7455.0,-4182.5,-3220.0
1889842,-5950.0,-4033.75,-3670.625
1889842,-5950.0,-4033.75,-3670.625
1889852,-2156.875,-1535.625,-5066.25
1889852,-2156.875,-1535.625,-5066.25
1889863,-1303.75,-26.25,-5534.375
1889863,-1303.75,-26.25,-5534.375
1889873,-2051.875,411.25,-5245.625
1889873,-2051.875,411.25,-5245.625
1889883,-1190.0,166.25,-6829.375
1889883,-1190.0,166.25,-6829.375
1889893,1443.75,-398.125,-8540.0
1889893,1443.75,-398.125,-8540.0
1889904,3031.875,-1286.25,-9375.625
1889904,3031.875,-1286.25,-9375.625
1889915,1268.75,-3898.125,-10237.5
1889915,1268.75,-3898.125,-10237.5
1889924,345.625,-5438.125,-9318.75
1889924,345.625,-5438.125,-9318.75
1889935,1456.875,-4970.0,-9524.375
1889935,1456.875,-4970.0,-9524.375
1889945,1487.5,-4672.5,-11042.5
1889945,1487.5,-4672.5,-11042.5
1889956,1168.125,-4821.25,-12783.75
1889956,1168.125,-4821.25,-12783.75
1889966,1802.5,-4676.875,-14363.125
1889966,1802.5,-4676.875,-14363.125
1889976,1728.125,-5661.25,-15076.25
1889976,1728.125,-5661.25,-15076.25
1889986,3237.5,-6177.5,-15330.0
1889986,3237.5,-6177.5,-15330.0
1889997,5206.25,-6426.875,-15636.25
1889997,5206.25,-6426.875,-15636.25
1890007,6755.0,-6518.75,-15767.5
1890007,6755.0,-6518.75,-15767.5
