1876546,-8.75,-39.375,-26.25
1876546,-8.75,-39.375,-26.25
1876556,4.375,-48.125,-35.0
1876556,4.375,-48.125,-35.0
1876707,-8.75,-8.75,-48.125
1876707,-8.75,-8.75,-48.125
1876717,17.5,-26.25,-74.375
1876717,17.5,-26.25,-74.375
1876869,4.375,-35.0,-48.125
1876869,4.375,-35.0,-48.125
1876879,8.75,-56.875,-48.125
1876879,8.75,-56.875,-48.125
1877030,-4.375,-56.875,-105.0
1877030,-4.375,-56.875,-105.0
1877040,-35.0,-74.375,-96.25
1877040,-35.0,-74.375,-96.25
1877192,21.875,-35.0,-109.375
1877192,21.875,-35.0,-109.375
1877202,17.5,-30.625,-109.375
1877202,17.5,-30.625,-109.375
1877272,-35.0,-13.125,-70.0
1877272,-35.0,-13.125,-70.0
1877282,-13.125,-17.5,-74.375
1877282,-13.125,-17.5,-74.375
1877353,21.875,-56.875,-118.125
1877353,21.875,-56.875,-118.125
1877363,56.875,-56.875,-135.625
1877363,56.875,-56.875,-135.625
1877434,30.625,-21.875,-113.75
1877434,30.625,-21.875,-113.75
1877444,87.5,-26.25,-148.75
1877444,87.5,-26.25,-148.75
1877515,65.625,-13.125,-113.75
1877515,65.625,-13.125,-113.75
1877525,43.75,0.0,-113.75
1877525,43.75,0.0,-113.75
1877676,-13.125,-26.25,21.875
1877676,-13.125,-26.25,21.875
1877686,-35.0,4.375,13.125
1877686,-35.0,4.375,13.125
1877838,-4.375,-30.625,-8.75
1877838,-4.375,-30.625,-8.75
1877848,-65.625,-17.5,13.125
1877848,-65.625,-17.5,13.125
1877999,-39.375,17.5,-13.125
1877999,-39.375,17.5,-13.125
1878009,-43.75,21.875,-4.375
1878009,-43.75,21.875,-4.375
1878161,-2156.875,-3167.5,-5153.75
1878161,-2156.875,-3167.5,-5153.75
1878171,-1540.0,-2323.125,-7568.75
1878171,-1540.0,-2323.125,-7568.75
1878282,-402.5,4733.75,-39545.625
1878282,-402.5,4733.75,-39545.625
1878292,4847.5,3119.375,-43058.75
1878292,4847.5,3119.375,-43058.75
1878322,-9240.0,8067.5,-37060.625
1878322,-9240.0,8067.5,-37060.625
1878332,-13440.0,11221.875,-32694.375
1878332,-13440.0,11221.875,-32694.375
1878403,-2581.25,-3403.75,-17915.625
1878403,-2581.25,-3403.75,-17915.625
1878413,708.75,-5691.875,-15785.0
1878413,708.75,-5691.875,-15785.0
1878483,5285.0,-3898.125,-179.375
1878483,5285.0,-3898.125,-179.375
1878494,5516.875,-3163.125,1894.375
1878494,5516.875,-3163.125,1894.375
1878645,984.375,-345.625,13300.0
1878645,984.375,-345.625,13300.0
1878655,651.875,-704.375,13470.625
1878655,651.875,-704.375,13470.625
1878806,-6549.375,-1754.375,-14984.375
1878806,-6549.375,-1754.375,-14984.375
1878817,-5897.5,-551.25,-14971.25
1878817,-5897.5,-551.25,-14971.25
