1903410,-39.375,-4.375,-8.75
1903410,-39.375,-4.375,-8.75
1903420,-17.5,-8.75,-17.5
1903420,-17.5,-8.75,-17.5
1903530,4.375,-8.75,-35.0
1903530,4.375,-8.75,-35.0
1903542,-4.375,-8.75,-4.375
1903542,-4.375,-8.75,-4.375
1903804,-83.125,17.5,21.875
1903804,-83.125,17.5,21.875
1903814,-87.5,35.0,21.875
1903814,-87.5,35.0,21.875
1903965,-78.75,8.75,-26.25
1903965,-78.75,8.75,-26.25
1903975,-61.25,-13.125,-35.0
1903975,-61.25,-13.125,-35.0
1904187,-96.25,-52.5,-35.0
1904187,-96.25,-52.5,-35.0
1904197,-39.375,-48.125,-39.375
1904197,-39.375,-48.125,-39.375
1904208,-8.75,-56.875,-48.125
1904208,-8.75,-56.875,-48.125
1904217,0.0,-65.625,-52.5
1904217,0.0,-65.625,-52.5
1904349,8.75,-39.375,-35.0
1904349,8.75,-39.375,-35.0
1904358,0.0,-35.0,-70.0
1904358,0.0,-35.0,-70.0
1904510,43.75,-87.5,-39.375
1904510,43.75,-87.5,-39.375
1904520,78.75,-74.375,-39.375
1904520,78.75,-74.375,-39.375
1904833,-236.25,-100.625,-118.125
1904833,-236.25,-100.625,-118.125
1904844,-336.875,-201.25,-218.75
1904844,-336.875,-201.25,-218.75
1904914,-1448.125,1181.25,437.5
1904914,-1448.125,1181.25,437.5
1904924,-2528.75,406.875,-1290.625
1904924,-2528.75,406.875,-1290.625
1905075,-4624.375,166.25,-20405.0
1905075,-4624.375,166.25,-20405.0
1905086,-3556.875,-905.625,-23734.375
1905086,-3556.875,-905.625,-23734.375
1905237,-20085.625,7135.625,-21048.125
1905237,-20085.625,7135.625,-21048.125
1905247,-18751.25,4895.625,-20107.5
1905247,-18751.25,4895.625,-20107.5
1905398,1535.625,-3220.0,4637.5
1905398,1535.625,-3220.0,4637.5
1905408,2572.5,-2979.375,5639.375
1905408,2572.5,-2979.375,5639.375
1905560,-13588.75,2275.0,783.125
1905560,-13588.75,2275.0,783.125
1905570,-19880.0,-980.0,5731.25
1905570,-19880.0,-980.0,5731.25
1905721,-3246.25,3828.125,-14831.25
1905721,-3246.25,3828.125,-14831.25
1905731,-5232.5,2576.875,-15618.75
1905731,-5232.5,2576.875,-15618.75
1905883,-2664.375,-1071.875,-5761.875
1905883,-2664.375,-1071.875,-5761.875
1905893,-2913.75,-1540.0,-5359.375
1905893,-2913.75,-1540.0,-5359.375
1906044,113.75,336.875,-380.625
1906044,113.75,336.875,-380.625
1906055,105.0,358.75,-140.0
1906055,105.0,358.75,-140.0
