1868856,2681.875,-813.75,-166.25
1868856,2681.875,-813.75,-166.25
1868866,2559.375,-730.625,-398.125
1868866,2559.375,-730.625,-398.125
1868876,2528.75,-800.625,-437.5
1868876,2528.75,-800.625,-437.5
1868887,2922.5,-791.875,-109.375
1868887,2922.5,-791.875,-109.375
1868897,4143.125,-931.875,402.5
1868897,4143.125,-931.875,402.5
1868907,6321.875,-1671.25,1561.875
1868907,6321.875,-1671.25,1561.875
1868918,6566.875,-2856.875,3268.125
1868918,6566.875,-2856.875,3268.125
1868927,5381.25,-3889.375,4786.25
1868927,5381.25,-3889.375,4786.25
1868938,7070.0,-10670.625,3403.75
1868938,7070.0,-10670.625,3403.75
1868949,8754.375,-16690.625,1653.75
1868949,8754.375,-16690.625,1653.75
1868959,4991.875,-25589.375,1526.875
1868959,4991.875,-25589.375,1526.875
1868969,-28262.5,-23410.625,-16839.375
1868969,-28262.5,-23410.625,-16839.375
1868980,-33705.0,-11641.875,-13418.125
1868980,-33705.0,-11641.875,-13418.125
1868990,-25121.25,-23305.625,-13383.125
1868990,-25121.25,-23305.625,-13383.125
1869000,-41265.0,-28100.625,-8041.25
1869000,-41265.0,-28100.625,-8041.25
1869010,-45469.375,-28498.75,-9086.875
1869010,-45469.375,-28498.75,-9086.875
1869021,-44703.75,-37791.25,-9047.5
1869021,-44703.75,-37791.25,-9047.5
1869031,-46659.375,-43513.75,-10430.0
1869031,-46659.375,-43513.75,-10430.0
1869042,-48934.375,-43443.75,-14240.625
1869042,-48934.375,-43443.75,-14240.625
1869052,-53983.125,-44034.375,-12582.5
1869052,-53983.125,-44034.375,-12582.5
1869062,-61696.25,-46488.75,367.5
1869062,-61696.25,-46488.75,367.5
1869073,-67987.5,-43645.0,9856.875
1869073,-67987.5,-43645.0,9856.875
1869083,-61875.625,-34632.5,28043.75
1869083,-61875.625,-34632.5,28043.75
1869093,-50859.375,-27273.75,45613.75
1869093,-50859.375,-27273.75,45613.75
1869103,-48426.875,-9003.75,60401.25
1869103,-48426.875,-9003.75,60401.25
1869114,-62431.25,14634.375,79948.75
1869114,-62431.25,14634.375,79948.75
1869124,-90431.25,21376.25,104063.75
1869124,-90431.25,21376.25,104063.75
1869134,-115723.125,31521.875,130348.75
1869134,-115723.125,31521.875,130348.75
1869144,-130799.375,52766.875,-143360.0
1869144,-130799.375,52766.875,-143360.0
1869154,-142970.625,66591.875,-143360.0
1869154,-142970.625,66591.875,-143360.0
1869165,-143360.0,65620.625,143049.375
1869165,-143360.0,65620.625,143049.375
1869176,-143180.625,52071.25,-143360.0
1869176,-143180.625,52071.25,-143360.0
1869186,-143329.375,39383.75,-143360.0
1869186,-143329.375,39383.75,-143360.0
1869196,-143360.0,55216.875,143351.25
1869196,-143360.0,55216.875,143351.25
1869207,-143355.625,95497.5,-143360.0
1869207,-143355.625,95497.5,-143360.0
1869217,-143360.0,107913.75,-143360.0
1869217,-143360.0,107913.75,-143360.0
1869227,-129386.25,76593.125,-143360.0
1869227,-129386.25,76593.125,-143360.0
1869238,-85793.75,40967.5,-143360.0
1869238,-85793.75,40967.5,-143360.0
1869248,-29964.375,39523.75,-143360.0
1869248,-29964.375,39523.75,-143360.0
1869258,-9957.5,68766.25,-143360.0
1869258,-9957.5,68766.25,-143360.0
1869269,-38928.75,78203.125,-143360.0
1869269,-38928.75,78203.125,-143360.0
1869279,-67134.375,67051.25,-143360.0
1869279,-67134.375,67051.25,-143360.0
1869289,-95073.125,40381.25,-143360.0
1869289,-95073.125,40381.25,-143360.0
1869299,-134373.75,6728.75,-143360.0
1869299,-134373.75,6728.75,-143360.0
1869310,-134868.125,2253.125,-143360.0
1869310,-134868.125,2253.125,-143360.0
1869320,-70612.5,83440.0,-143360.0
1869320,-70612.5,83440.0,-143360.0
1869330,-60816.875,91131.25,-143360.0
1869330,-60816.875,91131.25,-143360.0
1869341,-109781.875,-9240.0,-143360.0
1869341,-109781.875,-9240.0,-143360.0
1869351,-96320.0,-44095.625,-143360.0
1869351,-96320.0,-44095.625,-143360.0
1869361,-11480.0,-7301.875,-143360.0
1869361,-11480.0,-7301.875,-143360.0
1869371,69868.75,37769.375,-143360.0
1869371,69868.75,37769.375,-143360.0
1869382,91227.5,77778.75,-143360.0
1869382,91227.5,77778.75,-143360.0
1869392,47184.375,88891.25,-143360.0
1869392,47184.375,88891.25,-143360.0
1869403,-24290.0,65887.5,117271.875
1869403,-24290.0,65887.5,117271.875
1869413,-66854.375,44353.75,49039.375
1869413,-66854.375,44353.75,49039.375
1869423,-68101.25,43750.0,-7809.375
1869423,-68101.25,43750.0,-7809.375
1869434,-40311.25,57128.75,-46108.125
1869434,-40311.25,57128.75,-46108.125
1869444,-9830.625,68810.0,-74095.0
1869444,-9830.625,68810.0,-74095.0
1869454,-1255.625,60878.125,-97492.5
1869454,-1255.625,60878.125,-97492.5
1869465,-1614.375,45307.5,-115045.0
1869465,-1614.375,45307.5,-115045.0
1869475,2428.125,30870.0,-129871.875
1869475,2428.125,30870.0,-129871.875
1869485,9113.125,14271.25,-143355.625
1869485,9113.125,14271.25,-143355.625
1869495,19306.875,-2747.5,-143355.625
1869495,19306.875,-2747.5,-143355.625
1869506,25908.75,-16988.125,-143119.375
1869506,25908.75,-16988.125,-143119.375
1869516,31911.25,-34842.5,-143342.5
1869516,31911.25,-34842.5,-143342.5
1869525,47320.0,-50076.25,-143355.625
1869525,47320.0,-50076.25,-143355.625
1869537,61923.75,-59486.875,-143355.625
1869537,61923.75,-59486.875,-143355.625
1869547,67204.375,-65550.625,-143355.625
1869547,67204.375,-65550.625,-143355.625
1869557,57855.0,-62142.5,-143355.625
1869557,57855.0,-62142.5,-143355.625
1869568,35441.875,-48842.5,-143355.625
1869568,35441.875,-48842.5,-143355.625
1869578,3889.375,-33687.5,-143355.625
1869578,3889.375,-33687.5,-143355.625
1869589,-54998.125,-11160.625,-131385.625
1869589,-54998.125,-11160.625,-131385.625
1869599,-49196.875,-143360.0,104160.0
1869599,-49196.875,-143360.0,104160.0
1869609,-24666.25,-143360.0,100524.375
1869609,-24666.25,-143360.0,100524.375
1869619,-143360.0,43710.625,-113645.0
1869619,-143360.0,43710.625,-113645.0
1869630,-69606.25,-51603.125,-67659.375
1869630,-69606.25,-51603.125,-67659.375
1869640,106456.875,-1570.625,117341.875
1869640,106456.875,-1570.625,117341.875
1869650,45836.875,-26770.625,-143360.0
1869650,45836.875,-26770.625,-143360.0
1869661,31801.875,-59311.875,141798.125
1869661,31801.875,-59311.875,141798.125
1869671,81816.875,-2625.0,142454.375
1869671,81816.875,-2625.0,142454.375
1869681,27811.875,4865.0,-143360.0
1869681,27811.875,4865.0,-143360.0
1869692,-20282.5,-7691.25,143355.625
1869692,-20282.5,-7691.25,143355.625
1869702,-23616.25,22085.0,143333.75
1869702,-23616.25,22085.0,143333.75
1869712,-23983.75,38788.75,-143360.0
1869712,-23983.75,38788.75,-143360.0
1869722,-23926.875,41619.375,-143360.0
1869722,-23926.875,41619.375,-143360.0
1869733,-20925.625,44270.625,-143360.0
1869733,-20925.625,44270.625,-143360.0
1869743,-17329.375,44485.0,-143360.0
1869743,-17329.375,44485.0,-143360.0
1869753,-14459.375,45871.875,-143360.0
1869753,-14459.375,45871.875,-143360.0
1869764,-19000.625,50942.5,-143360.0
1869764,-19000.625,50942.5,-143360.0
1869774,-30069.375,59810.625,-143360.0
1869774,-30069.375,59810.625,-143360.0
1869785,-47158.125,69107.5,-143360.0
1869785,-47158.125,69107.5,-143360.0
1869795,-62466.25,78120.0,-143360.0
1869795,-62466.25,78120.0,-143360.0
1869805,-70953.75,84800.625,-143360.0
1869805,-70953.75,84800.625,-143360.0
1869815,-71680.0,84713.125,-143360.0
1869815,-71680.0,84713.125,-143360.0
1869826,-65620.625,79117.5,-143360.0
1869826,-65620.625,79117.5,-143360.0
1869836,-55965.0,71120.0,-143360.0
1869836,-55965.0,71120.0,-143360.0
1869846,-47884.375,62422.5,-143360.0
1869846,-47884.375,62422.5,-143360.0
1869857,-39812.5,53195.625,135393.125
1869857,-39812.5,53195.625,135393.125
1869867,-35096.25,47967.5,115123.75
1869867,-35096.25,47967.5,115123.75
1869877,-38311.875,46515.0,93940.0
1869877,-38311.875,46515.0,93940.0
1869888,-44515.625,45885.0,73731.875
1869888,-44515.625,45885.0,73731.875
1869898,-51953.125,45924.375,54915.0
1869898,-51953.125,45924.375,54915.0
1869908,-55763.75,46475.625,37817.5
1869908,-55763.75,46475.625,37817.5
1869918,-54381.25,44073.75,24084.375
1869918,-54381.25,44073.75,24084.375
1869929,-51765.0,37760.625,15137.5
1869929,-51765.0,37760.625,15137.5
1869940,-47390.0,31329.375,8246.875
1869940,-47390.0,31329.375,8246.875
1869949,-41041.875,25930.625,2646.875
1869949,-41041.875,25930.625,2646.875
1869960,-34951.875,18869.375,-621.25
1869960,-34951.875,18869.375,-621.25
1869970,-28218.75,13243.125,-358.75
1869970,-28218.75,13243.125,-358.75
1869981,-22207.5,10088.75,2935.625
1869981,-22207.5,10088.75,2935.625
1869991,-18134.375,7218.75,7468.125
1869991,-18134.375,7218.75,7468.125
1870001,-15378.125,5866.875,10233.125
1870001,-15378.125,5866.875,10233.125
1870011,-11095.0,5621.875,12674.375
1870011,-11095.0,5621.875,12674.375
1870022,-6636.875,4685.625,14293.125
1870022,-6636.875,4685.625,14293.125
1870032,-3758.125,2506.875,15658.125
1870032,-3758.125,2506.875,15658.125
1870042,1273.125,568.75,17854.375
1870042,1273.125,568.75,17854.375
1870053,5788.125,-183.75,21026.25
1870053,5788.125,-183.75,21026.25
1870063,8391.25,271.25,24053.75
1870063,8391.25,271.25,24053.75
1870073,9410.625,1273.125,24946.25
1870073,9410.625,1273.125,24946.25
1870084,10679.375,1557.5,24106.25
1870084,10679.375,1557.5,24106.25
1870094,11108.125,1181.25,22863.75
1870094,11108.125,1181.25,22863.75
1870104,8557.5,1330.0,20593.125
1870104,8557.5,1330.0,20593.125
1870114,7459.375,1666.875,16568.125
1870114,7459.375,1666.875,16568.125
1870125,7739.375,2515.625,10780.0
1870125,7739.375,2515.625,10780.0
1870136,7481.25,3010.0,5639.375
1870136,7481.25,3010.0,5639.375
1870145,3670.625,3600.625,2380.0
1870145,3670.625,3600.625,2380.0
1870156,-1382.5,3469.375,8.75
1870156,-1382.5,3469.375,8.75
1870166,-3570.0,4440.625,-3438.75
1870166,-3570.0,4440.625,-3438.75
1870177,-6689.375,4261.25,-7770.0
1870177,-6689.375,4261.25,-7770.0
1870187,-7586.25,4073.125,-10876.25
1870187,-7586.25,4073.125,-10876.25
1870197,-5000.625,5381.25,-12433.75
1870197,-5000.625,5381.25,-12433.75
1870208,-3215.625,4676.875,-12980.625
1870208,-3215.625,4676.875,-12980.625
1870218,-2769.375,1365.0,-12836.25
1870218,-2769.375,1365.0,-12836.25
1870228,-3062.5,-669.375,-12359.375
1870228,-3062.5,-669.375,-12359.375
1870238,-2870.0,-2327.5,-12394.375
1870238,-2870.0,-2327.5,-12394.375
1870249,-1701.875,-3395.0,-12875.625
1870249,-1701.875,-3395.0,-12875.625
1870259,-1325.625,-3220.0,-12490.625
1870259,-1325.625,-3220.0,-12490.625
1870269,-1723.75,-2135.0,-11086.25
1870269,-1723.75,-2135.0,-11086.25
1870280,-1719.375,-1019.375,-10062.5
1870280,-1719.375,-1019.375,-10062.5
1870290,-385.0,-1872.5,-7953.75
1870290,-385.0,-1872.5,-7953.75
1870300,2161.25,-2852.5,-3635.625
1870300,2161.25,-2852.5,-3635.625
1870310,3828.125,-2310.0,-83.125
1870310,3828.125,-2310.0,-83.125
1870321,2913.75,-2703.75,1330.0
1870321,2913.75,-2703.75,1330.0
1870332,2970.625,-3482.5,665.0
1870332,2970.625,-3482.5,665.0
1870342,3775.625,-3946.25,-713.125
1870342,3775.625,-3946.25,-713.125
1870352,4523.75,-5075.0,-1146.25
1870352,4523.75,-5075.0,-1146.25
1870362,4536.875,-5783.75,-1028.125
1870362,4536.875,-5783.75,-1028.125
1870372,2541.875,-5971.875,-1763.125
1870372,2541.875,-5971.875,-1763.125
1870383,2161.25,-6282.5,-2874.375
1870383,2161.25,-6282.5,-2874.375
1870393,3294.375,-6024.375,-4436.25
1870393,3294.375,-6024.375,-4436.25
1870404,4086.25,-6676.25,-5486.25
1870404,4086.25,-6676.25,-5486.25
1870414,5066.25,-6938.75,-5993.75
1870414,5066.25,-6938.75,-5993.75
1870424,4773.125,-7581.875,-4917.5
1870424,4773.125,-7581.875,-4917.5
1870435,1693.125,-7070.0,-3180.625
1870435,1693.125,-7070.0,-3180.625
1870444,-3276.875,-7118.125,-2537.5
1870444,-3276.875,-7118.125,-2537.5
1870455,-4235.0,-6934.375,-3215.625
1870455,-4235.0,-6934.375,-3215.625
1870465,-2953.125,-5210.625,-4383.75
1870465,-2953.125,-5210.625,-4383.75
1870476,-2130.625,-4650.625,-4891.25
1870476,-2130.625,-4650.625,-4891.25
1870487,-1001.875,-3972.5,-5215.0
1870487,-1001.875,-3972.5,-5215.0
1870496,-70.0,-3167.5,-5433.75
1870496,-70.0,-3167.5,-5433.75
1870507,-153.125,-3762.5,-5971.875
1870507,-153.125,-3762.5,-5971.875
1870517,-774.375,-4440.625,-6335.0
1870517,-774.375,-4440.625,-6335.0
1870528,-861.875,-4191.25,-7065.625
1870528,-861.875,-4191.25,-7065.625
1870538,437.5,-4178.125,-7988.75
1870538,437.5,-4178.125,-7988.75
1870548,1286.25,-4095.0,-8303.75
1870548,1286.25,-4095.0,-8303.75
1870558,2751.875,-3023.125,-8023.75
1870558,2751.875,-3023.125,-8023.75
1870569,4016.25,-2205.0,-7371.875
1870569,4016.25,-2205.0,-7371.875
1870579,5096.875,-1583.75,-6615.0
1870579,5096.875,-1583.75,-6615.0
1870589,6216.875,-1089.375,-6085.625
1870589,6216.875,-1089.375,-6085.625
1870600,6545.0,-1098.125,-5547.5
1870600,6545.0,-1098.125,-5547.5
1870610,5840.625,-1036.875,-5285.0
1870610,5840.625,-1036.875,-5285.0
1870620,4768.75,-1303.75,-4983.125
1870620,4768.75,-1303.75,-4983.125
1870630,4436.25,-1303.75,-4431.875
1870630,4436.25,-1303.75,-4431.875
1870641,4821.25,-949.375,-3482.5
1870641,4821.25,-949.375,-3482.5
1870651,4501.875,-376.25,-2668.75
1870651,4501.875,-376.25,-2668.75
1870661,3465.0,380.625,-1920.625
1870661,3465.0,380.625,-1920.625
1870672,2975.0,1185.625,-1509.375
1870672,2975.0,1185.625,-1509.375
1870682,1837.5,599.375,-1207.5
1870682,1837.5,599.375,-1207.5
1870692,2100.0,-166.25,-638.75
1870692,2100.0,-166.25,-638.75
1870703,1045.625,-446.25,-109.375
1870703,1045.625,-446.25,-109.375
1870713,148.75,-962.5,721.875
1870713,148.75,-962.5,721.875
1870724,-581.875,-402.5,765.625
1870724,-581.875,-402.5,765.625
1870734,-1330.0,-1741.25,1150.625
1870734,-1330.0,-1741.25,1150.625
1870744,-1925.0,-2922.5,2056.25
1870744,-1925.0,-2922.5,2056.25
1870754,-1155.0,-3101.875,2388.75
1870754,-1155.0,-3101.875,2388.75
1870765,-336.875,-4112.5,2156.875
1870765,-336.875,-4112.5,2156.875
1870775,1487.5,-4033.75,1583.75
1870775,1487.5,-4033.75,1583.75
1870785,3189.375,-3351.25,1111.25
1870785,3189.375,-3351.25,1111.25
1870796,2760.625,-3373.125,1168.125
1870796,2760.625,-3373.125,1168.125
1870806,2489.375,-1509.375,1610.0
1870806,2489.375,-1509.375,1610.0
1870816,3605.0,341.25,2060.625
1870816,3605.0,341.25,2060.625
1870827,3688.125,997.5,1890.0
1870827,3688.125,997.5,1890.0
1870837,2502.5,953.75,730.625
1870837,2502.5,953.75,730.625
1870847,1588.125,-78.75,-809.375
1870847,1588.125,-78.75,-809.375
1870857,866.25,-1321.25,-1207.5
1870857,866.25,-1321.25,-1207.5
1870868,494.375,-1426.25,-1400.0
1870868,494.375,-1426.25,-1400.0
1870879,630.0,-1391.25,-1137.5
1870879,630.0,-1391.25,-1137.5
1870888,1251.25,-1019.375,-901.25
1870888,1251.25,-1019.375,-901.25
1870899,2288.125,-336.875,-826.875
1870899,2288.125,-336.875,-826.875
1870909,2773.75,-441.875,-1526.875
1870909,2773.75,-441.875,-1526.875
1870918,1946.875,-2388.75,-2625.0
1870918,1946.875,-2388.75,-2625.0
1870930,1111.25,-4011.875,-3333.75
1870930,1111.25,-4011.875,-3333.75
1870940,1229.375,-3731.875,-3508.75
1870940,1229.375,-3731.875,-3508.75
1870950,577.5,-3596.25,-4405.625
1870950,577.5,-3596.25,-4405.625
1870961,-100.625,-3412.5,-5573.75
1870961,-100.625,-3412.5,-5573.75
1870971,-170.625,-2878.75,-5932.5
1870971,-170.625,-2878.75,-5932.5
1870981,1225.0,-2948.75,-6033.125
1870981,1225.0,-2948.75,-6033.125
1870992,3027.5,-3640.0,-6418.125
1870992,3027.5,-3640.0,-6418.125
1871002,4116.875,-4659.375,-6015.625
1871002,4116.875,-4659.375,-6015.625
1871012,4375.0,-4786.25,-5040.0
1871012,4375.0,-4786.25,-5040.0
1871022,3368.75,-4278.75,-4086.25
1871022,3368.75,-4278.75,-4086.25
1871034,2082.5,-4038.125,-3255.0
1871034,2082.5,-4038.125,-3255.0
1871043,1929.375,-3408.125,-2935.625
1871043,1929.375,-3408.125,-2935.625
1871053,2108.75,-2940.0,-2786.875
1871053,2108.75,-2940.0,-2786.875
1871064,2436.875,-2948.75,-2375.625
1871064,2436.875,-2948.75,-2375.625
1871074,2870.0,-3176.25,-2410.625
1871074,2870.0,-3176.25,-2410.625
1871084,4191.25,-3486.875,-2953.125
1871084,4191.25,-3486.875,-2953.125
1871095,4921.875,-3666.25,-3924.375
1871095,4921.875,-3666.25,-3924.375
1871105,4353.125,-3683.75,-4440.625
1871105,4353.125,-3683.75,-4440.625
1871115,4235.0,-2563.75,-4930.625
1871115,4235.0,-2563.75,-4930.625
1871125,2870.0,-1776.25,-4173.75
1871125,2870.0,-1776.25,-4173.75
1871136,1588.125,-826.875,-3110.625
1871136,1588.125,-826.875,-3110.625
1871146,1544.375,-350.0,-3364.375
1871146,1544.375,-350.0,-3364.375
1871157,2450.0,-765.625,-4475.625
1871157,2450.0,-765.625,-4475.625
1871167,3539.375,-1382.5,-5683.125
1871167,3539.375,-1382.5,-5683.125
1871177,4256.875,-2222.5,-6991.25
1871177,4256.875,-2222.5,-6991.25
1871188,4099.375,-3158.75,-7507.5
1871188,4099.375,-3158.75,-7507.5
1871198,3998.75,-3215.625,-6746.25
1871198,3998.75,-3215.625,-6746.25
1871208,3705.625,-2323.125,-5766.25
1871208,3705.625,-2323.125,-5766.25
1871219,376.25,-1299.375,-4711.875
1871219,376.25,-1299.375,-4711.875
1871229,-1360.625,122.5,-4038.125
1871229,-1360.625,122.5,-4038.125
1871239,-345.625,1723.75,-2725.625
1871239,-345.625,1723.75,-2725.625
1871249,-3950.625,2913.75,-2480.625
1871249,-3950.625,2913.75,-2480.625
1871259,-6549.375,3141.25,-2410.625
1871259,-6549.375,3141.25,-2410.625
1871270,-5188.75,1763.125,-1802.5
1871270,-5188.75,1763.125,-1802.5
1871280,-3115.0,126.875,-1093.75
1871280,-3115.0,126.875,-1093.75
1871290,-266.875,-1522.5,-48.125
1871290,-266.875,-1522.5,-48.125
1871301,2817.5,-2572.5,660.625
1871301,2817.5,-2572.5,660.625
1871311,3158.75,-4003.125,1561.875
1871311,3158.75,-4003.125,1561.875
1871322,3421.25,-3976.875,1544.375
1871322,3421.25,-3976.875,1544.375
1871332,3075.625,-3014.375,-91.875
1871332,3075.625,-3014.375,-91.875
1871342,3316.25,-2165.625,-1163.75
1871342,3316.25,-2165.625,-1163.75
1871353,3119.375,-2240.0,-1544.375
1871353,3119.375,-2240.0,-1544.375
1871363,3504.375,-1863.75,-2283.75
1871363,3504.375,-1863.75,-2283.75
1871373,2165.625,-1653.75,-3150.0
1871373,2165.625,-1653.75,-3150.0
1871384,2331.875,-2760.625,-3456.25
1871384,2331.875,-2760.625,-3456.25
1871394,2808.75,-2213.75,-4204.375
1871394,2808.75,-2213.75,-4204.375
1871404,1181.25,-4103.75,-4370.625
1871404,1181.25,-4103.75,-4370.625
1871415,940.625,-4571.875,-4213.125
1871415,940.625,-4571.875,-4213.125
1871425,-481.25,-4379.375,-4751.25
1871425,-481.25,-4379.375,-4751.25
1871435,-1246.875,-4550.0,-5263.125
1871435,-1246.875,-4550.0,-5263.125
1871446,-945.0,-3784.375,-5836.25
1871446,-945.0,-3784.375,-5836.25
1871456,-616.875,-3653.125,-6689.375
1871456,-616.875,-3653.125,-6689.375
1871466,-1036.875,-4978.75,-7503.125
1871466,-1036.875,-4978.75,-7503.125
1871476,-931.875,-5696.25,-9100.0
1871476,-931.875,-5696.25,-9100.0
1871487,1859.375,-4383.75,-11672.5
1871487,1859.375,-4383.75,-11672.5
1871497,4353.125,-3635.625,-14446.25
1871497,4353.125,-3635.625,-14446.25
1871507,5700.625,-3714.375,-17416.875
1871507,5700.625,-3714.375,-17416.875
1871518,7122.5,-4090.625,-20566.875
1871518,7122.5,-4090.625,-20566.875
1871528,7966.875,-4585.0,-24018.75
1871528,7966.875,-4585.0,-24018.75
1871539,9878.75,-4830.0,-28835.625
1871539,9878.75,-4830.0,-28835.625
1871549,13566.875,-4939.375,-34903.75
1871549,13566.875,-4939.375,-34903.75
1871559,19761.875,-5801.25,-41916.875
1871559,19761.875,-5801.25,-41916.875
1871569,25646.25,-6553.75,-50938.125
1871569,25646.25,-6553.75,-50938.125
1871580,29719.375,-7511.875,-61796.875
1871580,29719.375,-7511.875,-61796.875
1871590,31946.25,-8505.0,-73189.375
1871590,31946.25,-8505.0,-73189.375
1871600,30944.375,-9660.0,-85246.875
1871600,30944.375,-9660.0,-85246.875
1871611,28026.25,-14371.875,-96166.875
1871611,28026.25,-14371.875,-96166.875
1871621,21140.0,-19691.875,-107318.75
1871621,21140.0,-19691.875,-107318.75
1871631,13781.25,-21695.625,-118282.5
1871631,13781.25,-21695.625,-118282.5
1871642,9655.625,-23397.5,-126157.5
1871642,9655.625,-23397.5,-126157.5
1871652,12643.75,-24618.125,-133170.625
1871652,12643.75,-24618.125,-133170.625
1871662,18799.375,-24115.0,-140953.75
1871662,18799.375,-24115.0,-140953.75
1871672,22750.0,-24889.375,-143355.625
1871672,22750.0,-24889.375,-143355.625
1871683,22553.125,-27006.875,-143355.625
1871683,22553.125,-27006.875,-143355.625
1871693,21376.25,-28551.25,-143294.375
1871693,21376.25,-28551.25,-143294.375
1871703,20225.625,-30139.375,-143355.625
1871703,20225.625,-30139.375,-143355.625
1871714,19674.375,-31823.75,-143355.625
1871714,19674.375,-31823.75,-143355.625
1871724,19735.625,-35822.5,-143355.625
1871724,19735.625,-35822.5,-143355.625
1871735,20444.375,-41877.5,-143355.625
1871735,20444.375,-41877.5,-143355.625
1871745,20321.875,-49345.625,-143355.625
1871745,20321.875,-49345.625,-143355.625
1871755,21984.375,-57483.125,-143355.625
1871755,21984.375,-57483.125,-143355.625
1871765,25633.125,-68696.25,-143355.625
1871765,25633.125,-68696.25,-143355.625
1871776,29321.25,-78281.875,-143355.625
1871776,29321.25,-78281.875,-143355.625
1871786,36815.625,-86961.875,-143355.625
1871786,36815.625,-86961.875,-143355.625
1871796,43382.5,-95388.125,-143355.625
1871796,43382.5,-95388.125,-143355.625
1871807,44992.5,-101521.875,-143355.625
1871807,44992.5,-101521.875,-143355.625
1871818,40057.5,-104706.875,-143355.625
1871818,40057.5,-104706.875,-143355.625
1871827,33810.0,-104160.0,-143355.625
1871827,33810.0,-104160.0,-143355.625
1871838,30966.25,-101666.25,-143355.625
1871838,30966.25,-101666.25,-143355.625
1871848,21126.875,-100213.75,-143355.625
1871848,21126.875,-100213.75,-143355.625
1871858,10189.375,-105070.0,-143355.625
1871858,10189.375,-105070.0,-143355.625
1871869,10508.75,-112625.625,-143355.625
1871869,10508.75,-112625.625,-143355.625
1871879,24066.875,-116593.75,-143355.625
1871879,24066.875,-116593.75,-143355.625
1871889,51358.125,-113321.25,-143355.625
1871889,51358.125,-113321.25,-143355.625
