1885658,-62.5,585.9375,804.6875,-93.75,-867.1875,554.6875,328.125,-937.5,195.3125,523.4375,-843.75,46.875,562.5,-781.25,304.6875
1885658,-62.5,585.9375,804.6875,-93.75,-867.1875,554.6875,328.125,-937.5,195.3125,523.4375,-843.75,46.875,562.5,-781.25,304.6875
1885658,-70.3125,585.9375,812.5,-93.75,-851.5625,554.6875,328.125,-929.6875,195.3125,531.25,-843.75,39.0625,546.875,-781.25,312.5
1885658,-70.3125,585.9375,812.5,-93.75,-851.5625,554.6875,328.125,-929.6875,195.3125,531.25,-843.75,39.0625,546.875,-781.25,312.5
1885666,-70.3125,570.3125,804.6875,-101.5625,-859.375,554.6875,328.125,-945.3125,187.5,523.4375,-843.75,31.25,546.875,-773.4375,312.5
1885666,-70.3125,570.3125,804.6875,-101.5625,-859.375,554.6875,328.125,-945.3125,187.5,523.4375,-843.75,31.25,546.875,-773.4375,312.5
1885674,-70.3125,578.125,804.6875,-93.75,-859.375,554.6875,328.125,-945.3125,195.3125,523.4375,-851.5625,31.25,562.5,-781.25,312.5
1885674,-70.3125,578.125,804.6875,-93.75,-859.375,554.6875,328.125,-945.3125,195.3125,523.4375,-851.5625,31.25,562.5,-781.25,312.5
1885819,-62.5,601.5625,804.6875,-85.9375,-851.5625,554.6875,320.3125,-937.5,195.3125,531.25,-843.75,39.0625,562.5,-773.4375,312.5
1885819,-62.5,601.5625,804.6875,-85.9375,-851.5625,554.6875,320.3125,-937.5,195.3125,531.25,-843.75,39.0625,562.5,-773.4375,312.5
1885819,-62.5,585.9375,804.6875,-93.75,-859.375,554.6875,328.125,-937.5,203.125,539.0625,-843.75,39.0625,554.6875,-781.25,312.5
1885819,-62.5,585.9375,804.6875,-93.75,-859.375,554.6875,328.125,-937.5,203.125,539.0625,-843.75,39.0625,554.6875,-781.25,312.5
1885827,-70.3125,578.125,820.3125,-93.75,-859.375,546.875,328.125,-937.5,203.125,531.25,-843.75,39.0625,546.875,-773.4375,312.5
1885827,-70.3125,578.125,820.3125,-93.75,-859.375,546.875,328.125,-937.5,203.125,531.25,-843.75,39.0625,546.875,-773.4375,312.5
1885835,-70.3125,578.125,812.5,-101.5625,-859.375,554.6875,328.125,-945.3125,195.3125,531.25,-851.5625,46.875,546.875,-781.25,320.3125
1885835,-70.3125,578.125,812.5,-101.5625,-859.375,554.6875,328.125,-945.3125,195.3125,531.25,-851.5625,46.875,546.875,-781.25,320.3125
1885980,-70.3125,585.9375,812.5,-109.375,-859.375,546.875,328.125,-937.5,179.6875,523.4375,-843.75,39.0625,554.6875,-773.4375,312.5
1885980,-70.3125,585.9375,812.5,-109.375,-859.375,546.875,328.125,-937.5,179.6875,523.4375,-843.75,39.0625,554.6875,-773.4375,312.5
1885981,-70.3125,578.125,812.5,-101.5625,-851.5625,546.875,328.125,-937.5,187.5,531.25,-843.75,39.0625,554.6875,-773.4375,312.5
1885981,-70.3125,578.125,812.5,-101.5625,-851.5625,546.875,328.125,-937.5,187.5,531.25,-843.75,39.0625,554.6875,-773.4375,312.5
1885988,-70.3125,585.9375,812.5,-93.75,-859.375,546.875,328.125,-937.5,187.5,523.4375,-843.75,39.0625,554.6875,-773.4375,312.5
1885988,-70.3125,585.9375,812.5,-93.75,-859.375,546.875,328.125,-937.5,187.5,523.4375,-843.75,39.0625,554.6875,-773.4375,312.5
1885997,-70.3125,570.3125,812.5,-101.5625,-867.1875,539.0625,335.9375,-945.3125,187.5,523.4375,-843.75,39.0625,546.875,-773.4375,320.3125
1885997,-70.3125,570.3125,812.5,-101.5625,-867.1875,539.0625,335.9375,-945.3125,187.5,523.4375,-843.75,39.0625,546.875,-773.4375,320.3125
1886142,-70.3125,578.125,812.5,-101.5625,-859.375,546.875,328.125,-937.5,203.125,531.25,-835.9375,31.25,562.5,-773.4375,304.6875
1886142,-70.3125,578.125,812.5,-101.5625,-859.375,546.875,328.125,-937.5,203.125,531.25,-835.9375,31.25,562.5,-773.4375,304.6875
1886142,-70.3125,578.125,812.5,-93.75,-859.375,539.0625,320.3125,-937.5,195.3125,531.25,-843.75,31.25,554.6875,-781.25,312.5
1886142,-70.3125,578.125,812.5,-93.75,-859.375,539.0625,320.3125,-937.5,195.3125,531.25,-843.75,31.25,554.6875,-781.25,312.5
1886150,-70.3125,578.125,812.5,-101.5625,-859.375,546.875,328.125,-937.5,195.3125,523.4375,-843.75,31.25,554.6875,-773.4375,304.6875
1886150,-70.3125,578.125,812.5,-101.5625,-859.375,546.875,328.125,-937.5,195.3125,523.4375,-843.75,31.25,554.6875,-773.4375,304.6875
1886158,-78.125,578.125,812.5,-85.9375,-859.375,546.875,328.125,-945.3125,195.3125,523.4375,-843.75,23.4375,546.875,-773.4375,312.5
1886158,-78.125,578.125,812.5,-85.9375,-859.375,546.875,328.125,-945.3125,195.3125,523.4375,-843.75,23.4375,546.875,-773.4375,312.5
1886319,-78.125,570.3125,820.3125,-101.5625,-859.375,554.6875,328.125,-937.5,187.5,531.25,-843.75,31.25,554.6875,-781.25,312.5
1886319,-78.125,570.3125,820.3125,-101.5625,-859.375,554.6875,328.125,-937.5,187.5,531.25,-843.75,31.25,554.6875,-781.25,312.5
1886319,-70.3125,578.125,812.5,-93.75,-859.375,546.875,335.9375,-945.3125,195.3125,523.4375,-843.75,39.0625,546.875,-773.4375,312.5
1886319,-70.3125,578.125,812.5,-93.75,-859.375,546.875,335.9375,-945.3125,195.3125,523.4375,-843.75,39.0625,546.875,-773.4375,312.5
1886327,-70.3125,578.125,820.3125,-101.5625,-867.1875,554.6875,328.125,-945.3125,195.3125,523.4375,-843.75,31.25,554.6875,-773.4375,312.5
1886327,-70.3125,578.125,820.3125,-101.5625,-867.1875,554.6875,328.125,-945.3125,195.3125,523.4375,-843.75,31.25,554.6875,-773.4375,312.5
1886327,-70.3125,578.125,820.3125,-101.5625,-867.1875,554.6875,328.125,-937.5,195.3125,523.4375,-851.5625,39.0625,554.6875,-765.625,312.5
1886327,-70.3125,578.125,820.3125,-101.5625,-867.1875,554.6875,328.125,-937.5,195.3125,523.4375,-851.5625,39.0625,554.6875,-765.625,312.5
1886400,-78.125,578.125,812.5,-109.375,-867.1875,554.6875,328.125,-937.5,179.6875,515.625,-843.75,31.25,562.5,-781.25,312.5
1886400,-78.125,578.125,812.5,-109.375,-867.1875,554.6875,328.125,-937.5,179.6875,515.625,-843.75,31.25,562.5,-781.25,312.5
1886400,-70.3125,570.3125,812.5,-101.5625,-867.1875,546.875,320.3125,-937.5,187.5,523.4375,-843.75,31.25,562.5,-781.25,312.5
1886400,-70.3125,570.3125,812.5,-101.5625,-867.1875,546.875,320.3125,-937.5,187.5,523.4375,-843.75,31.25,562.5,-781.25,312.5
1886408,-78.125,578.125,812.5,-101.5625,-867.1875,554.6875,335.9375,-937.5,187.5,523.4375,-835.9375,39.0625,554.6875,-781.25,304.6875
1886408,-78.125,578.125,812.5,-101.5625,-867.1875,554.6875,335.9375,-937.5,187.5,523.4375,-835.9375,39.0625,554.6875,-781.25,304.6875
1886408,-70.3125,578.125,812.5,-101.5625,-851.5625,546.875,320.3125,-937.5,195.3125,531.25,-843.75,31.25,554.6875,-781.25,312.5
1886408,-70.3125,578.125,812.5,-101.5625,-851.5625,546.875,320.3125,-937.5,195.3125,531.25,-843.75,31.25,554.6875,-781.25,312.5
1886561,-70.3125,585.9375,812.5,-101.5625,-867.1875,546.875,328.125,-945.3125,195.3125,531.25,-851.5625,39.0625,554.6875,-781.25,312.5
1886561,-70.3125,585.9375,812.5,-101.5625,-867.1875,546.875,328.125,-945.3125,195.3125,531.25,-851.5625,39.0625,554.6875,-781.25,312.5
1886561,-62.5,578.125,828.125,-101.5625,-867.1875,554.6875,328.125,-945.3125,195.3125,531.25,-843.75,39.0625,562.5,-781.25,312.5
1886561,-62.5,578.125,828.125,-101.5625,-867.1875,554.6875,328.125,-945.3125,195.3125,531.25,-843.75,39.0625,562.5,-781.25,312.5
1886569,-62.5,578.125,812.5,-101.5625,-875.0,546.875,328.125,-945.3125,187.5,531.25,-859.375,31.25,562.5,-781.25,312.5
1886569,-62.5,578.125,812.5,-101.5625,-875.0,546.875,328.125,-945.3125,187.5,531.25,-859.375,31.25,562.5,-781.25,312.5
1886570,-70.3125,570.3125,812.5,-101.5625,-875.0,546.875,335.9375,-945.3125,187.5,531.25,-851.5625,31.25,554.6875,-781.25,312.5
1886570,-70.3125,570.3125,812.5,-101.5625,-875.0,546.875,335.9375,-945.3125,187.5,531.25,-851.5625,31.25,554.6875,-781.25,312.5
1886578,-70.3125,562.5,820.3125,-101.5625,-867.1875,546.875,335.9375,-945.3125,187.5,531.25,-851.5625,39.0625,554.6875,-789.0625,328.125
1886578,-70.3125,562.5,820.3125,-101.5625,-867.1875,546.875,335.9375,-945.3125,187.5,531.25,-851.5625,39.0625,554.6875,-789.0625,328.125
1886585,-62.5,570.3125,820.3125,-93.75,-867.1875,554.6875,328.125,-937.5,195.3125,531.25,-859.375,39.0625,554.6875,-781.25,312.5
1886585,-62.5,570.3125,820.3125,-93.75,-867.1875,554.6875,328.125,-937.5,195.3125,531.25,-859.375,39.0625,554.6875,-781.25,312.5
1886586,-70.3125,578.125,812.5,-93.75,-867.1875,539.0625,328.125,-937.5,195.3125,531.25,-851.5625,39.0625,546.875,-781.25,320.3125
1886586,-70.3125,578.125,812.5,-93.75,-867.1875,539.0625,328.125,-937.5,195.3125,531.25,-851.5625,39.0625,546.875,-781.25,320.3125
1886594,-70.3125,578.125,812.5,-101.5625,-859.375,562.5,328.125,-937.5,203.125,531.25,-843.75,39.0625,554.6875,-773.4375,312.5
1886594,-70.3125,578.125,812.5,-101.5625,-859.375,562.5,328.125,-937.5,203.125,531.25,-843.75,39.0625,554.6875,-773.4375,312.5
1886642,-70.3125,570.3125,812.5,-101.5625,-859.375,546.875,328.125,-937.5,187.5,531.25,-851.5625,46.875,554.6875,-773.4375,304.6875
1886642,-70.3125,570.3125,812.5,-101.5625,-859.375,546.875,328.125,-937.5,187.5,531.25,-851.5625,46.875,554.6875,-773.4375,304.6875
1886642,-70.3125,570.3125,804.6875,-93.75,-859.375,554.6875,328.125,-945.3125,187.5,531.25,-843.75,31.25,562.5,-773.4375,320.3125
1886642,-70.3125,570.3125,804.6875,-93.75,-859.375,554.6875,328.125,-945.3125,187.5,531.25,-843.75,31.25,562.5,-773.4375,320.3125
1886649,-70.3125,570.3125,812.5,-109.375,-859.375,546.875,335.9375,-937.5,195.3125,539.0625,-843.75,39.0625,562.5,-781.25,312.5
1886649,-70.3125,570.3125,812.5,-109.375,-859.375,546.875,335.9375,-937.5,195.3125,539.0625,-843.75,39.0625,562.5,-781.25,312.5
1886649,-70.3125,578.125,828.125,-93.75,-851.5625,546.875,328.125,-929.6875,195.3125,531.25,-851.5625,39.0625,554.6875,-773.4375,312.5
1886649,-70.3125,578.125,828.125,-93.75,-851.5625,546.875,328.125,-929.6875,195.3125,531.25,-851.5625,39.0625,554.6875,-773.4375,312.5
1886803,-62.5,585.9375,812.5,-101.5625,-859.375,562.5,335.9375,-929.6875,195.3125,531.25,-843.75,39.0625,546.875,-765.625,312.5
1886803,-62.5,585.9375,812.5,-101.5625,-859.375,562.5,335.9375,-929.6875,195.3125,531.25,-843.75,39.0625,546.875,-765.625,312.5
1886803,-62.5,585.9375,804.6875,-85.9375,-851.5625,554.6875,335.9375,-937.5,195.3125,523.4375,-835.9375,39.0625,554.6875,-773.4375,304.6875
1886803,-62.5,585.9375,804.6875,-85.9375,-851.5625,554.6875,335.9375,-937.5,195.3125,523.4375,-835.9375,39.0625,554.6875,-773.4375,304.6875
1886811,-62.5,570.3125,812.5,-85.9375,-859.375,546.875,335.9375,-929.6875,195.3125,531.25,-843.75,39.0625,554.6875,-773.4375,304.6875
1886811,-62.5,570.3125,812.5,-85.9375,-859.375,546.875,335.9375,-929.6875,195.3125,531.25,-843.75,39.0625,554.6875,-773.4375,304.6875
1886811,-62.5,585.9375,812.5,-93.75,-851.5625,554.6875,328.125,-929.6875,195.3125,531.25,-843.75,31.25,554.6875,-765.625,320.3125
1886811,-62.5,585.9375,812.5,-93.75,-851.5625,554.6875,328.125,-929.6875,195.3125,531.25,-843.75,31.25,554.6875,-765.625,320.3125
1886964,-62.5,593.75,812.5,-78.125,-843.75,570.3125,312.5,-1000.0,218.75,492.1875,-835.9375,109.375,335.9375,-828.125,257.8125
1886964,-62.5,593.75,812.5,-78.125,-843.75,570.3125,312.5,-1000.0,218.75,492.1875,-835.9375,109.375,335.9375,-828.125,257.8125
1886965,-78.125,593.75,796.875,-109.375,-859.375,578.125,335.9375,-960.9375,203.125,531.25,-789.0625,7.8125,679.6875,-742.1875,335.9375
1886965,-78.125,593.75,796.875,-109.375,-859.375,578.125,335.9375,-960.9375,203.125,531.25,-789.0625,7.8125,679.6875,-742.1875,335.9375
1886972,-85.9375,601.5625,828.125,-109.375,-843.75,585.9375,-156.25,-859.375,-39.0625,640.625,-914.0625,46.875,539.0625,-640.625,304.6875
1886972,-85.9375,601.5625,828.125,-109.375,-843.75,585.9375,-156.25,-859.375,-39.0625,640.625,-914.0625,46.875,539.0625,-640.625,304.6875
1886973,-78.125,585.9375,812.5,-46.875,-843.75,578.125,507.8125,-1007.8125,265.625,453.125,-820.3125,93.75,484.375,-734.375,234.375
1886973,-78.125,585.9375,812.5,-46.875,-843.75,578.125,507.8125,-1007.8125,265.625,453.125,-820.3125,93.75,484.375,-734.375,234.375
1887126,242.1875,1398.4375,742.1875,218.75,-726.5625,1328.125,851.5625,-1210.9375,875.0,1101.5625,-867.1875,632.8125,906.25,-585.9375,796.875
1887126,242.1875,1398.4375,742.1875,218.75,-726.5625,1328.125,851.5625,-1210.9375,875.0,1101.5625,-867.1875,632.8125,906.25,-585.9375,796.875
1887126,296.875,1382.8125,804.6875,164.0625,-718.75,1296.875,828.125,-1140.625,828.125,1070.3125,-835.9375,601.5625,898.4375,-710.9375,750.0
1887126,296.875,1382.8125,804.6875,164.0625,-718.75,1296.875,828.125,-1140.625,828.125,1070.3125,-835.9375,601.5625,898.4375,-710.9375,750.0
1887133,351.5625,1484.375,726.5625,117.1875,-710.9375,1273.4375,804.6875,-1109.375,789.0625,1046.875,-804.6875,554.6875,898.4375,-843.75,695.3125
1887133,351.5625,1484.375,726.5625,117.1875,-710.9375,1273.4375,804.6875,-1109.375,789.0625,1046.875,-804.6875,554.6875,898.4375,-843.75,695.3125
1887134,265.625,1585.9375,679.6875,296.875,-859.375,1265.625,765.625,-1070.3125,765.625,992.1875,-812.5,500.0,875.0,-929.6875,695.3125
1887134,265.625,1585.9375,679.6875,296.875,-859.375,1265.625,765.625,-1070.3125,765.625,992.1875,-812.5,500.0,875.0,-929.6875,695.3125
1887287,0.0,-476.5625,804.6875,-414.0625,-1156.25,-375.0,-437.5,-953.125,-828.125,-570.3125,-710.9375,-1023.4375,-351.5625,-937.5,-492.1875
1887287,0.0,-476.5625,804.6875,-414.0625,-1156.25,-375.0,-437.5,-953.125,-828.125,-570.3125,-710.9375,-1023.4375,-351.5625,-937.5,-492.1875
1887287,242.1875,-718.75,1117.1875,-421.875,-1296.875,-507.8125,-578.125,-1015.625,-859.375,-632.8125,-734.375,-1070.3125,-406.25,-906.25,-476.5625
1887287,242.1875,-718.75,1117.1875,-421.875,-1296.875,-507.8125,-578.125,-1015.625,-859.375,-632.8125,-734.375,-1070.3125,-406.25,-906.25,-476.5625
1887295,375.0,-757.8125,1125.0,-554.6875,-1445.3125,-507.8125,-554.6875,-1093.75,-1007.8125,-664.0625,-781.25,-1125.0,-570.3125,-835.9375,-609.375
1887295,375.0,-757.8125,1125.0,-554.6875,-1445.3125,-507.8125,-554.6875,-1093.75,-1007.8125,-664.0625,-781.25,-1125.0,-570.3125,-835.9375,-609.375
1887295,367.1875,-671.875,1101.5625,-625.0,-1539.0625,-734.375,-750.0,-1218.75,-1125.0,-734.375,-781.25,-1164.0625,-601.5625,-875.0,-757.8125
1887295,367.1875,-671.875,1101.5625,-625.0,-1539.0625,-734.375,-750.0,-1218.75,-1125.0,-734.375,-781.25,-1164.0625,-601.5625,-875.0,-757.8125
1887448,-289.0625,-445.3125,679.6875,-734.375,-531.25,-437.5,-687.5,-250.0,-625.0,-632.8125,-125.0,-695.3125,-406.25,-171.875,-835.9375
1887448,-289.0625,-445.3125,679.6875,-734.375,-531.25,-437.5,-687.5,-250.0,-625.0,-632.8125,-125.0,-695.3125,-406.25,-171.875,-835.9375
1887448,-304.6875,-460.9375,687.5,-695.3125,-492.1875,-421.875,-664.0625,-242.1875,-625.0,-617.1875,-117.1875,-695.3125,-390.625,-171.875,-828.125
1887448,-304.6875,-460.9375,687.5,-695.3125,-492.1875,-421.875,-664.0625,-242.1875,-625.0,-617.1875,-117.1875,-695.3125,-390.625,-171.875,-828.125
1887456,-289.0625,-437.5,687.5,-679.6875,-531.25,-421.875,-640.625,-257.8125,-617.1875,-601.5625,-132.8125,-695.3125,-390.625,-195.3125,-812.5
1887456,-289.0625,-437.5,687.5,-679.6875,-531.25,-421.875,-640.625,-257.8125,-617.1875,-601.5625,-132.8125,-695.3125,-390.625,-195.3125,-812.5
1887456,-273.4375,-429.6875,687.5,-679.6875,-531.25,-406.25,-640.625,-281.25,-640.625,-578.125,-156.25,-703.125,-375.0,-210.9375,-804.6875
1887456,-273.4375,-429.6875,687.5,-679.6875,-531.25,-406.25,-640.625,-281.25,-640.625,-578.125,-156.25,-703.125,-375.0,-210.9375,-804.6875
1887609,-3132.8125,1390.625,2093.75,-2757.8125,-1195.3125,843.75,-1703.125,-2132.8125,1281.25,-804.6875,-2515.625,921.875,-1312.5,-2031.25,859.375
1887609,-3132.8125,1390.625,2093.75,-2757.8125,-1195.3125,843.75,-1703.125,-2132.8125,1281.25,-804.6875,-2515.625,921.875,-1312.5,-2031.25,859.375
1887609,-2367.1875,1953.125,1554.6875,-2312.5,-1343.75,1031.25,-1250.0,-1757.8125,1101.5625,-171.875,-2250.0,1078.125,-562.5,-1750.0,1859.375
1887609,-2367.1875,1953.125,1554.6875,-2312.5,-1343.75,1031.25,-1250.0,-1757.8125,1101.5625,-171.875,-2250.0,1078.125,-562.5,-1750.0,1859.375
1887618,-1156.25,984.375,-54.6875,-1093.75,-648.4375,1781.25,-421.875,-1859.375,1289.0625,281.25,-2195.3125,953.125,-492.1875,-1890.625,1468.75
1887618,-1156.25,984.375,-54.6875,-1093.75,-648.4375,1781.25,-421.875,-1859.375,1289.0625,281.25,-2195.3125,953.125,-492.1875,-1890.625,1468.75
1887618,-1289.0625,1257.8125,-242.1875,-148.4375,-78.125,2453.125,343.75,-1546.875,1757.8125,507.8125,-1835.9375,1054.6875,-468.75,-1726.5625,1062.5
1887618,-1289.0625,1257.8125,-242.1875,-148.4375,-78.125,2453.125,343.75,-1546.875,1757.8125,507.8125,-1835.9375,1054.6875,-468.75,-1726.5625,1062.5
1887771,-226.5625,-179.6875,890.625,-335.9375,-976.5625,109.375,-140.625,-914.0625,-398.4375,54.6875,-750.0,-648.4375,7.8125,-882.8125,-460.9375
1887771,-226.5625,-179.6875,890.625,-335.9375,-976.5625,109.375,-140.625,-914.0625,-398.4375,54.6875,-750.0,-648.4375,7.8125,-882.8125,-460.9375
1887771,-210.9375,-187.5,937.5,-390.625,-976.5625,46.875,-203.125,-906.25,-453.125,-7.8125,-718.75,-695.3125,0.0,-851.5625,-523.4375
1887771,-210.9375,-187.5,937.5,-390.625,-976.5625,46.875,-203.125,-906.25,-453.125,-7.8125,-718.75,-695.3125,0.0,-851.5625,-523.4375
1887779,-187.5,-164.0625,960.9375,-421.875,-984.375,-7.8125,-250.0,-898.4375,-500.0,-31.25,-710.9375,-734.375,-7.8125,-843.75,-578.125
1887779,-187.5,-164.0625,960.9375,-421.875,-984.375,-7.8125,-250.0,-898.4375,-500.0,-31.25,-710.9375,-734.375,-7.8125,-843.75,-578.125
1887779,-171.875,-179.6875,992.1875,-437.5,-1000.0,-23.4375,-265.625,-906.25,-539.0625,-62.5,-687.5,-773.4375,-31.25,-828.125,-640.625
1887779,-171.875,-179.6875,992.1875,-437.5,-1000.0,-23.4375,-265.625,-906.25,-539.0625,-62.5,-687.5,-773.4375,-31.25,-828.125,-640.625
1888069,-601.5625,-125.0,804.6875,-734.375,-703.125,281.25,-593.75,-835.9375,-78.125,-414.0625,-867.1875,-359.375,-523.4375,-804.6875,-320.3125
1888069,-601.5625,-125.0,804.6875,-734.375,-703.125,281.25,-593.75,-835.9375,-78.125,-414.0625,-867.1875,-359.375,-523.4375,-804.6875,-320.3125
1888076,-617.1875,-109.375,804.6875,-734.375,-687.5,281.25,-609.375,-835.9375,-78.125,-421.875,-867.1875,-359.375,-531.25,-812.5,-312.5
1888076,-617.1875,-109.375,804.6875,-734.375,-687.5,281.25,-609.375,-835.9375,-78.125,-421.875,-867.1875,-359.375,-531.25,-812.5,-312.5
1888076,-617.1875,-85.9375,812.5,-734.375,-679.6875,296.875,-593.75,-843.75,-62.5,-414.0625,-875.0,-351.5625,-531.25,-820.3125,-304.6875
1888076,-617.1875,-85.9375,812.5,-734.375,-679.6875,296.875,-593.75,-843.75,-62.5,-414.0625,-875.0,-351.5625,-531.25,-820.3125,-304.6875
1888085,-617.1875,-70.3125,804.6875,-726.5625,-679.6875,320.3125,-585.9375,-851.5625,-46.875,-398.4375,-875.0,-328.125,-531.25,-828.125,-281.25
1888085,-617.1875,-70.3125,804.6875,-726.5625,-679.6875,320.3125,-585.9375,-851.5625,-46.875,-398.4375,-875.0,-328.125,-531.25,-828.125,-281.25
1888223,-617.1875,-23.4375,789.0625,-687.5,-687.5,382.8125,-515.625,-898.4375,31.25,-343.75,-937.5,-273.4375,-515.625,-875.0,-218.75
1888223,-617.1875,-23.4375,789.0625,-687.5,-687.5,382.8125,-515.625,-898.4375,31.25,-343.75,-937.5,-273.4375,-515.625,-875.0,-218.75
1888230,-617.1875,-31.25,796.875,-679.6875,-687.5,390.625,-531.25,-890.625,23.4375,-343.75,-937.5,-281.25,-515.625,-882.8125,-218.75
1888230,-617.1875,-31.25,796.875,-679.6875,-687.5,390.625,-531.25,-890.625,23.4375,-343.75,-937.5,-281.25,-515.625,-882.8125,-218.75
1888238,-617.1875,-23.4375,804.6875,-671.875,-687.5,390.625,-523.4375,-882.8125,15.625,-343.75,-929.6875,-265.625,-507.8125,-859.375,-210.9375
1888238,-617.1875,-23.4375,804.6875,-671.875,-687.5,390.625,-523.4375,-882.8125,15.625,-343.75,-929.6875,-265.625,-507.8125,-859.375,-210.9375
1888238,-617.1875,-23.4375,796.875,-679.6875,-687.5,390.625,-523.4375,-882.8125,15.625,-343.75,-921.875,-273.4375,-492.1875,-859.375,-210.9375
1888238,-617.1875,-23.4375,796.875,-679.6875,-687.5,390.625,-523.4375,-882.8125,15.625,-343.75,-921.875,-273.4375,-492.1875,-859.375,-210.9375
