1885659,43.75,-56.875,-100.625
1885659,43.75,-56.875,-100.625
1885669,61.25,-65.625,-83.125
1885669,61.25,-65.625,-83.125
1885820,87.5,-39.375,-126.875
1885820,87.5,-39.375,-126.875
1885830,78.75,-39.375,-118.125
1885830,78.75,-39.375,-118.125
1885982,21.875,-30.625,-100.625
1885982,21.875,-30.625,-100.625
1885992,65.625,-39.375,-105.0
1885992,65.625,-39.375,-105.0
1886143,-52.5,-26.25,-65.625
1886143,-52.5,-26.25,-65.625
1886153,0.0,-30.625,-61.25
1886153,0.0,-30.625,-61.25
1886315,-30.625,-4.375,-52.5
1886315,-30.625,-4.375,-52.5
1886325,-96.25,0.0,-17.5
1886325,-96.25,0.0,-17.5
1886395,-100.625,26.25,83.125
1886395,-100.625,26.25,83.125
1886406,-122.5,43.75,96.25
1886406,-122.5,43.75,96.25
1886557,-13.125,-8.75,0.0
1886557,-13.125,-8.75,0.0
1886567,8.75,0.0,-4.375
1886567,8.75,0.0,-4.375
1886578,-30.625,17.5,21.875
1886578,-30.625,17.5,21.875
1886587,-148.75,30.625,56.875
1886587,-148.75,30.625,56.875
1886638,-70.0,-4.375,30.625
1886638,-70.0,-4.375,30.625
1886648,-83.125,0.0,39.375
1886648,-83.125,0.0,39.375
1886799,-83.125,30.625,26.25
1886799,-83.125,30.625,26.25
1886809,-26.25,13.125,8.75
1886809,-26.25,13.125,8.75
1886961,-65.625,8.75,4.375
1886961,-65.625,8.75,4.375
1886971,-245.0,-122.5,573.125
1886971,-245.0,-122.5,573.125
1887122,-7393.75,3145.625,-12188.75
1887122,-7393.75,3145.625,-12188.75
1887132,-6912.5,2130.625,-16511.25
1887132,-6912.5,2130.625,-16511.25
1887284,-1811.25,17530.625,-36146.25
1887284,-1811.25,17530.625,-36146.25
1887294,-3084.375,18309.375,-30327.5
1887294,-3084.375,18309.375,-30327.5
1887445,3320.625,-5083.75,3316.25
1887445,3320.625,-5083.75,3316.25
1887455,4655.0,-4720.625,4733.75
1887455,4655.0,-4720.625,4733.75
1887606,-835.625,-10119.375,-13203.75
1887606,-835.625,-10119.375,-13203.75
1887617,-6177.5,1045.625,-4501.875
1887617,-6177.5,1045.625,-4501.875
1887768,-3233.125,1850.625,-14822.5
1887768,-3233.125,1850.625,-14822.5
1887778,-4948.125,1789.375,-14599.375
1887778,-4948.125,1789.375,-14599.375
1888070,-91.875,748.125,818.125
1888070,-91.875,748.125,818.125
1888081,-35.0,840.0,1028.125
1888081,-35.0,840.0,1028.125
1888223,-78.75,-166.25,100.625
1888223,-78.75,-166.25,100.625
1888232,-161.875,-183.75,26.25
1888232,-161.875,-183.75,26.25
