1894368,-39.375,-4.375,26.25
1894368,-39.375,-4.375,26.25
1894377,-35.0,-8.75,17.5
1894377,-35.0,-8.75,17.5
1894529,-122.5,30.625,8.75
1894529,-122.5,30.625,8.75
1894539,-109.375,21.875,0.0
1894539,-109.375,21.875,0.0
1894691,-35.0,-4.375,-4.375
1894691,-35.0,-4.375,-4.375
1894701,-13.125,-4.375,0.0
1894701,-13.125,-4.375,0.0
1894851,17.5,-17.5,-48.125
1894851,17.5,-17.5,-48.125
1894862,30.625,-26.25,-48.125
1894862,30.625,-26.25,-48.125
1895014,-56.875,35.0,4.375
1895014,-56.875,35.0,4.375
1895024,-21.875,26.25,4.375
1895024,-21.875,26.25,4.375
1895175,-148.75,-35.0,0.0
1895175,-148.75,-35.0,0.0
1895185,-140.0,-70.0,-21.875
1895185,-140.0,-70.0,-21.875
1895337,-3836.875,227.5,-4213.125
1895337,-3836.875,227.5,-4213.125
1895347,-3924.375,511.875,-5884.375
1895347,-3924.375,511.875,-5884.375
1895498,140.0,15286.25,-28214.375
1895498,140.0,15286.25,-28214.375
1895508,713.125,14175.0,-27724.375
1895508,713.125,14175.0,-27724.375
1895659,-8981.875,-5140.625,-14284.375
1895659,-8981.875,-5140.625,-14284.375
1895670,-8859.375,-4773.125,-13641.25
1895670,-8859.375,-4773.125,-13641.25
1895831,6216.875,-293.125,7013.125
1895831,6216.875,-293.125,7013.125
1895841,5757.5,-280.0,8435.0
1895841,5757.5,-280.0,8435.0
1895993,5713.75,-2576.875,4103.75
1895993,5713.75,-2576.875,4103.75
1896003,-5468.75,-389.375,-1172.5
1896003,-5468.75,-389.375,-1172.5
1896154,-3867.5,-936.25,-14927.5
1896154,-3867.5,-936.25,-14927.5
1896164,-5140.625,-1855.0,-15325.625
1896164,-5140.625,-1855.0,-15325.625
1896316,-2524.375,-2156.875,-2104.375
1896316,-2524.375,-2156.875,-2104.375
1896326,-2603.125,-2104.375,-1448.125
1896326,-2603.125,-2104.375,-1448.125
1896477,-297.5,380.625,358.75
1896477,-297.5,380.625,358.75
1896487,-341.25,280.0,542.5
1896487,-341.25,280.0,542.5
1896639,-297.5,293.125,306.25
1896639,-297.5,293.125,306.25
1896648,-507.5,157.5,170.625
1896648,-507.5,157.5,170.625
1896800,-236.25,113.75,192.5
1896800,-236.25,113.75,192.5
1896810,-227.5,140.0,175.0
1896810,-227.5,140.0,175.0
1896840,-240.625,231.875,52.5
1896840,-240.625,231.875,52.5
1896851,-196.875,249.375,-13.125
1896851,-196.875,249.375,-13.125
1897002,-131.25,301.875,231.875
1897002,-131.25,301.875,231.875
1897012,-105.0,293.125,210.0
1897012,-105.0,293.125,210.0
1897163,56.875,17.5,223.125
1897163,56.875,17.5,223.125
1897174,-13.125,52.5,183.75
1897174,-13.125,52.5,183.75
1897325,-39.375,100.625,13.125
1897325,-39.375,100.625,13.125
1897335,-30.625,74.375,35.0
1897335,-30.625,74.375,35.0
1897486,96.25,100.625,240.625
1897486,96.25,100.625,240.625
1897496,43.75,135.625,293.125
1897496,43.75,135.625,293.125
1897648,-30.625,157.5,96.25
1897648,-30.625,157.5,96.25
1897658,-13.125,183.75,91.875
1897658,-13.125,183.75,91.875
