1877894,50491.875,-79222.5,-143355.625
1877894,50491.875,-79222.5,-143355.625
1877904,67007.5,-89044.375,-143355.625
1877904,67007.5,-89044.375,-143355.625
1877915,75683.125,-91949.375,-143355.625
1877915,75683.125,-91949.375,-143355.625
1877925,65572.5,-87841.25,-143355.625
1877925,65572.5,-87841.25,-143355.625
1877935,40280.625,-71229.375,-143355.625
1877935,40280.625,-71229.375,-143355.625
1877946,11943.75,-67340.0,-143355.625
1877946,11943.75,-67340.0,-143355.625
1877956,-113036.875,-2887.5,-117171.25
1877956,-113036.875,-2887.5,-117171.25
1877966,-141973.125,84931.875,115482.5
1877966,-141973.125,84931.875,115482.5
1877977,-119511.875,-52482.5,105586.25
1877977,-119511.875,-52482.5,105586.25
1877987,-88265.625,127653.75,-56743.75
1877987,-88265.625,127653.75,-56743.75
1877997,-64859.375,2257.5,-96748.75
1877997,-64859.375,2257.5,-96748.75
1878008,67506.25,-67786.25,76094.375
1878008,67506.25,-67786.25,76094.375
1878018,71505.0,-66889.375,138910.625
1878018,71505.0,-66889.375,138910.625
1878028,23891.875,-103477.5,-143360.0
1878028,23891.875,-103477.5,-143360.0
1878039,100454.375,-72240.0,143154.375
1878039,100454.375,-72240.0,143154.375
1878049,74112.5,-26368.125,143211.25
1878049,74112.5,-26368.125,143211.25
1878059,24478.125,-38508.75,-143360.0
1878059,24478.125,-38508.75,-143360.0
1878069,15750.0,-16891.875,-143360.0
1878069,15750.0,-16891.875,-143360.0
1878080,15929.375,12858.125,143355.625
1878080,15929.375,12858.125,143355.625
1878090,10530.625,19901.875,-143360.0
1878090,10530.625,19901.875,-143360.0
1878100,11646.25,23415.0,-143360.0
1878100,11646.25,23415.0,-143360.0
1878111,20479.375,25720.625,-143360.0
1878111,20479.375,25720.625,-143360.0
1878121,27636.875,26845.0,-143360.0
1878121,27636.875,26845.0,-143360.0
1878131,29351.875,30782.5,-143360.0
1878131,29351.875,30782.5,-143360.0
1878142,22728.125,40061.875,-143360.0
1878142,22728.125,40061.875,-143360.0
1878152,12088.125,54862.5,-143360.0
1878152,12088.125,54862.5,-143360.0
1878162,-1255.625,71198.75,-143360.0
1878162,-1255.625,71198.75,-143360.0
1878173,-14678.125,82486.25,-143360.0
1878173,-14678.125,82486.25,-143360.0
1878183,-23541.875,85141.875,-143360.0
1878183,-23541.875,85141.875,-143360.0
1878193,-24998.75,79266.25,-143360.0
1878193,-24998.75,79266.25,-143360.0
1878203,-26901.875,69090.0,-143360.0
1878203,-26901.875,69090.0,-143360.0
1878214,-30362.5,54560.625,-143360.0
1878214,-30362.5,54560.625,-143360.0
1878224,-26621.875,42441.875,-143360.0
1878224,-26621.875,42441.875,-143360.0
1878235,-21529.375,33635.0,140809.375
1878235,-21529.375,33635.0,140809.375
1878245,-23498.125,28026.25,129005.625
1878245,-23498.125,28026.25,129005.625
1878255,-30537.5,25974.375,119026.25
1878255,-30537.5,25974.375,119026.25
1878264,-37878.75,27921.25,112013.125
1878264,-37878.75,27921.25,112013.125
1878276,-44130.625,31810.625,102970.0
1878276,-44130.625,31810.625,102970.0
1878286,-47516.875,33700.625,92942.5
1878286,-47516.875,33700.625,92942.5
1878296,-47656.875,35468.125,82923.75
1878296,-47656.875,35468.125,82923.75
1878307,-47403.125,35446.25,73815.0
1878307,-47403.125,35446.25,73815.0
1878317,-47516.875,32335.625,68289.375
1878317,-47516.875,32335.625,68289.375
1878328,-44493.75,30590.0,65716.875
1878328,-44493.75,30590.0,65716.875
1878338,-37865.625,27960.625,63669.375
1878338,-37865.625,27960.625,63669.375
1878348,-31766.875,25672.5,59578.75
1878348,-31766.875,25672.5,59578.75
1878359,-28052.5,23419.375,54355.0
1878359,-28052.5,23419.375,54355.0
1878369,-24408.125,22605.625,50312.5
1878369,-24408.125,22605.625,50312.5
1878379,-22106.875,23493.75,46519.375
1878379,-22106.875,23493.75,46519.375
1878389,-21586.25,22890.0,44428.125
1878389,-21586.25,22890.0,44428.125
1878400,-20116.25,21258.125,42866.25
1878400,-20116.25,21258.125,42866.25
1878410,-18440.625,18130.0,41610.625
1878410,-18440.625,18130.0,41610.625
1878420,-15938.125,14931.875,40293.75
1878420,-15938.125,14931.875,40293.75
1878431,-12341.875,14350.0,37712.5
1878431,-12341.875,14350.0,37712.5
1878441,-10635.625,13291.25,33495.0
1878441,-10635.625,13291.25,33495.0
1878451,-9467.5,12096.875,27851.25
1878451,-9467.5,12096.875,27851.25
1878462,-9690.625,10885.0,22050.0
1878462,-9690.625,10885.0,22050.0
1878472,-9340.625,9432.5,17801.875
1878472,-9340.625,9432.5,17801.875
1878483,-7927.5,9629.375,14643.125
1878483,-7927.5,9629.375,14643.125
1878492,-7100.625,11147.5,13002.5
1878492,-7100.625,11147.5,13002.5
1878503,-9861.25,11983.125,12639.375
1878503,-9861.25,11983.125,12639.375
1878513,-11563.125,14135.625,12801.25
1878513,-11563.125,14135.625,12801.25
1878524,-12123.125,16961.875,11151.875
1878524,-12123.125,16961.875,11151.875
1878534,-13448.75,18392.5,8373.75
1878534,-13448.75,18392.5,8373.75
1878544,-13811.875,18073.125,5691.875
1878544,-13811.875,18073.125,5691.875
1878555,-13028.75,17176.25,2130.625
1878555,-13028.75,17176.25,2130.625
1878565,-10981.25,15487.5,-958.125
1878565,-10981.25,15487.5,-958.125
1878575,-7765.625,13383.125,-2568.125
1878575,-7765.625,13383.125,-2568.125
1878585,-4484.375,11335.625,-2191.875
1878585,-4484.375,11335.625,-2191.875
1878596,-2940.0,9839.375,-424.375
1878596,-2940.0,9839.375,-424.375
1878606,-2476.25,9432.5,472.5
1878606,-2476.25,9432.5,472.5
1878616,-2349.375,8085.0,262.5
1878616,-2349.375,8085.0,262.5
1878627,-1089.375,7148.75,-791.875
1878627,-1089.375,7148.75,-791.875
1878637,301.875,6391.875,-1330.0
1878637,301.875,6391.875,-1330.0
1878647,-608.125,3276.875,-1728.125
1878647,-608.125,3276.875,-1728.125
1878658,363.125,-301.875,-1946.875
1878658,363.125,-301.875,-1946.875
1878668,2366.875,-2030.0,-2751.875
1878668,2366.875,-2030.0,-2751.875
1878679,3377.5,-3548.125,-3211.25
1878679,3377.5,-3548.125,-3211.25
1878689,2305.625,-4090.625,-3661.875
1878689,2305.625,-4090.625,-3661.875
1878699,-105.0,-4961.25,-3714.375
1878699,-105.0,-4961.25,-3714.375
1878709,-1146.25,-6448.75,-2568.125
1878709,-1146.25,-6448.75,-2568.125
1878720,450.625,-7315.0,-1933.75
1878720,450.625,-7315.0,-1933.75
1878730,1321.25,-8115.625,-1995.0
1878730,1321.25,-8115.625,-1995.0
1878740,1828.75,-8837.5,-1741.25
1878740,1828.75,-8837.5,-1741.25
1878751,1260.0,-8981.875,-1456.875
1878751,1260.0,-8981.875,-1456.875
1878761,306.25,-9585.625,-621.25
1878761,306.25,-9585.625,-621.25
1878771,730.625,-9524.375,0.0
1878771,730.625,-9524.375,0.0
1878781,958.125,-8347.5,-35.0
1878781,958.125,-8347.5,-35.0
1878792,393.75,-8238.125,249.375
1878792,393.75,-8238.125,249.375
1878802,-560.0,-8618.75,1386.875
1878802,-560.0,-8618.75,1386.875
1878811,-901.25,-8286.25,3101.875
1878811,-901.25,-8286.25,3101.875
1878823,-275.625,-7061.25,3771.25
1878823,-275.625,-7061.25,3771.25
1878834,345.625,-5766.25,2948.75
1878834,345.625,-5766.25,2948.75
1878843,774.375,-5092.5,1820.0
1878843,774.375,-5092.5,1820.0
1878854,-1141.875,-4978.75,765.625
1878854,-1141.875,-4978.75,765.625
1878864,-2638.125,-4983.125,-293.125
1878864,-2638.125,-4983.125,-293.125
1878874,-3346.875,-4270.0,-1448.125
1878874,-3346.875,-4270.0,-1448.125
1878885,-2848.125,-3661.875,-2296.875
1878885,-2848.125,-3661.875,-2296.875
1878895,-1461.25,-2765.0,-3202.5
1878895,-1461.25,-2765.0,-3202.5
1878905,-516.25,-2476.25,-3338.125
1878905,-516.25,-2476.25,-3338.125
1878915,-516.25,-1890.0,-2616.25
1878915,-516.25,-1890.0,-2616.25
1878926,-1080.625,-1172.5,-1610.0
1878926,-1080.625,-1172.5,-1610.0
1878936,-1198.75,-485.625,-1264.375
1878936,-1198.75,-485.625,-1264.375
1878946,87.5,-157.5,-1557.5
1878946,87.5,-157.5,-1557.5
1878957,1211.875,-70.0,-1321.25
1878957,1211.875,-70.0,-1321.25
1878967,1316.875,26.25,-958.125
1878967,1316.875,26.25,-958.125
1878977,516.25,-52.5,-1316.875
1878977,516.25,-52.5,-1316.875
1878987,-455.0,-297.5,-2253.125
1878987,-455.0,-297.5,-2253.125
1878998,-634.375,-389.375,-2051.875
1878998,-634.375,-389.375,-2051.875
1879008,-1233.75,78.75,-1544.375
1879008,-1233.75,78.75,-1544.375
1879019,-1456.875,656.25,-1085.0
1879019,-1456.875,656.25,-1085.0
1879028,-905.625,997.5,-520.625
1879028,-905.625,997.5,-520.625
1879039,205.625,993.125,-179.375
1879039,205.625,993.125,-179.375
1879050,643.125,1076.25,-17.5
1879050,643.125,1076.25,-17.5
1879060,1010.625,1063.125,-96.25
1879060,1010.625,1063.125,-96.25
1879070,1684.375,1470.0,-546.875
1879070,1684.375,1470.0,-546.875
1879081,1036.875,1246.875,-1106.875
1879081,1036.875,1246.875,-1106.875
1879091,-126.875,227.5,-1579.375
1879091,-126.875,227.5,-1579.375
1879101,393.75,-411.25,-1575.0
1879101,393.75,-411.25,-1575.0
1879112,774.375,-446.25,-1557.5
1879112,774.375,-446.25,-1557.5
1879122,415.625,-682.5,-770.0
1879122,415.625,-682.5,-770.0
1879132,96.25,-494.375,-131.25
1879132,96.25,-494.375,-131.25
1879143,350.0,-196.875,-135.625
1879143,350.0,-196.875,-135.625
1879153,717.5,126.875,-761.25
1879153,717.5,126.875,-761.25
1879163,494.375,-26.25,-857.5
1879163,494.375,-26.25,-857.5
1879173,-17.5,-275.625,-87.5
1879173,-17.5,-275.625,-87.5
1879184,332.5,266.875,253.75
1879184,332.5,266.875,253.75
1879194,293.125,-323.75,218.75
1879194,293.125,-323.75,218.75
1879204,1277.5,-905.625,157.5
1879204,1277.5,-905.625,157.5
1879215,765.625,-879.375,385.0
1879215,765.625,-879.375,385.0
1879226,-1531.25,-1881.25,564.375
1879226,-1531.25,-1881.25,564.375
1879235,-1859.375,-1855.0,-157.5
1879235,-1859.375,-1855.0,-157.5
1879245,-1071.875,-756.875,-936.25
1879245,-1071.875,-756.875,-936.25
1879256,-791.875,70.0,-1063.125
1879256,-791.875,70.0,-1063.125
1879266,-1671.25,459.375,-883.75
1879266,-1671.25,459.375,-883.75
1879277,-1850.625,131.25,-148.75
1879277,-1850.625,131.25,-148.75
1879287,-1281.875,91.875,227.5
1879287,-1281.875,91.875,227.5
1879297,-857.5,-778.75,-490.0
1879297,-857.5,-778.75,-490.0
1879308,551.25,-1085.0,-1159.375
1879308,551.25,-1085.0,-1159.375
1879318,945.0,-647.5,-1706.25
1879318,945.0,-647.5,-1706.25
1879328,441.875,-726.25,-2187.5
1879328,441.875,-726.25,-2187.5
1879339,341.25,-914.375,-2266.25
1879339,341.25,-914.375,-2266.25
1879349,363.125,-752.5,-2209.375
1879349,363.125,-752.5,-2209.375
1879359,770.0,-993.125,-2533.125
1879359,770.0,-993.125,-2533.125
1879369,1343.125,-1662.5,-2651.25
1879369,1343.125,-1662.5,-2651.25
1879381,713.125,-2008.125,-2441.25
1879381,713.125,-2008.125,-2441.25
1879390,70.0,-2471.875,-2541.875
1879390,70.0,-2471.875,-2541.875
1879400,-48.125,-2506.875,-2721.25
1879400,-48.125,-2506.875,-2721.25
1879411,144.375,-2646.875,-2629.375
1879411,144.375,-2646.875,-2629.375
1879422,319.375,-1601.25,-2183.125
1879422,319.375,-1601.25,-2183.125
1879431,-476.875,-1286.25,-1955.625
1879431,-476.875,-1286.25,-1955.625
1879442,-140.0,-918.75,-2178.75
1879442,-140.0,-918.75,-2178.75
1879452,336.875,-879.375,-2782.5
1879452,336.875,-879.375,-2782.5
1879462,161.875,-1478.75,-2673.125
1879462,161.875,-1478.75,-2673.125
1879472,-336.875,-1780.625,-2489.375
1879472,-336.875,-1780.625,-2489.375
1879483,-43.75,-1540.0,-2362.5
1879483,-43.75,-1540.0,-2362.5
1879493,-468.125,-1216.25,-2681.875
1879493,-468.125,-1216.25,-2681.875
1879503,-918.75,-1789.375,-3443.125
1879503,-918.75,-1789.375,-3443.125
1879514,166.25,-1964.375,-3373.125
1879514,166.25,-1964.375,-3373.125
1879524,1146.25,-1588.125,-2988.125
1879524,1146.25,-1588.125,-2988.125
1879535,949.375,-1544.375,-2240.0
1879535,949.375,-1544.375,-2240.0
1879545,958.125,-1216.25,-2082.5
1879545,958.125,-1216.25,-2082.5
1879555,848.75,-971.25,-2104.375
1879555,848.75,-971.25,-2104.375
1879566,1159.375,-778.75,-2065.0
1879566,1159.375,-778.75,-2065.0
1879576,1732.5,-809.375,-2248.75
1879576,1732.5,-809.375,-2248.75
1879586,1894.375,-1019.375,-1946.875
1879586,1894.375,-1019.375,-1946.875
1879596,2187.5,-756.875,-1496.25
1879596,2187.5,-756.875,-1496.25
1879607,1111.25,-739.375,-1491.875
1879607,1111.25,-739.375,-1491.875
1879617,730.625,-1443.75,-1627.5
1879617,730.625,-1443.75,-1627.5
1879627,1802.5,-1395.625,-1833.125
1879627,1802.5,-1395.625,-1833.125
1879638,1903.125,-1535.625,-1990.625
1879638,1903.125,-1535.625,-1990.625
1879648,1885.625,-1540.0,-2226.875
1879648,1885.625,-1540.0,-2226.875
1879658,2520.0,-1155.0,-2244.375
1879658,2520.0,-1155.0,-2244.375
1879669,2576.875,-980.0,-2240.0
1879669,2576.875,-980.0,-2240.0
1879679,2183.125,-888.125,-2279.375
1879679,2183.125,-888.125,-2279.375
1879689,1295.0,-848.75,-2152.5
1879689,1295.0,-848.75,-2152.5
1879700,227.5,-1260.0,-1951.25
1879700,227.5,-1260.0,-1951.25
1879710,13.125,-1610.0,-1876.875
1879710,13.125,-1610.0,-1876.875
1879721,-126.875,-2170.0,-2270.625
1879721,-126.875,-2170.0,-2270.625
1879731,704.375,-2677.5,-2537.5
1879731,704.375,-2677.5,-2537.5
1879741,1627.5,-2782.5,-2603.125
1879741,1627.5,-2782.5,-2603.125
1879751,1876.875,-2699.375,-2677.5
1879751,1876.875,-2699.375,-2677.5
1879762,1496.25,-2454.375,-2533.125
1879762,1496.25,-2454.375,-2533.125
1879772,568.75,-1588.125,-2143.75
1879772,568.75,-1588.125,-2143.75
1879782,-1185.625,-1312.5,-2576.875
1879782,-1185.625,-1312.5,-2576.875
1879793,-1273.125,-1277.5,-2817.5
1879793,-1273.125,-1277.5,-2817.5
1879803,-721.875,-1238.125,-3154.375
1879803,-721.875,-1238.125,-3154.375
1879813,-166.25,-1767.5,-3272.5
1879813,-166.25,-1767.5,-3272.5
1879823,809.375,-2445.625,-3193.75
1879823,809.375,-2445.625,-3193.75
1879834,1448.125,-2716.875,-2900.625
1879834,1448.125,-2716.875,-2900.625
1879844,1548.75,-2327.5,-2677.5
1879844,1548.75,-2327.5,-2677.5
1879854,551.25,-1806.875,-2996.875
1879854,551.25,-1806.875,-2996.875
1879865,-231.875,-2533.125,-3276.875
1879865,-231.875,-2533.125,-3276.875
1879875,1220.625,-2454.375,-2664.375
1879875,1220.625,-2454.375,-2664.375
1879886,1745.625,-1973.125,-1575.0
1879886,1745.625,-1973.125,-1575.0
1879896,358.75,-2467.5,-993.125
1879896,358.75,-2467.5,-993.125
1879905,96.25,-3014.375,-1071.875
1879905,96.25,-3014.375,-1071.875
1879915,665.0,-3123.75,-1465.625
1879915,665.0,-3123.75,-1465.625
1879927,822.5,-3517.5,-2078.125
1879927,822.5,-3517.5,-2078.125
1879937,546.875,-4173.75,-3088.75
1879937,546.875,-4173.75,-3088.75
1879947,148.75,-5118.75,-3937.5
1879947,148.75,-5118.75,-3937.5
1879958,813.75,-5359.375,-4029.375
1879958,813.75,-5359.375,-4029.375
1879968,1430.625,-5088.125,-4423.125
1879968,1430.625,-5088.125,-4423.125
1879978,1579.375,-4882.5,-5096.875
1879978,1579.375,-4882.5,-5096.875
1879989,1102.5,-4453.75,-5355.0
1879989,1102.5,-4453.75,-5355.0
1879999,984.375,-3775.625,-5416.25
1879999,984.375,-3775.625,-5416.25
1880009,551.25,-3381.875,-5499.375
1880009,551.25,-3381.875,-5499.375
1880019,-498.75,-2966.25,-4637.5
1880019,-498.75,-2966.25,-4637.5
1880030,-1325.625,-3001.25,-4151.875
1880030,-1325.625,-3001.25,-4151.875
1880039,-717.5,-3465.0,-4414.375
1880039,-717.5,-3465.0,-4414.375
1880050,-78.75,-4046.875,-4965.625
1880050,-78.75,-4046.875,-4965.625
1880061,428.75,-4458.125,-5385.625
1880061,428.75,-4458.125,-5385.625
1880071,695.625,-4908.75,-6133.75
1880071,695.625,-4908.75,-6133.75
1880082,2257.5,-4458.125,-6094.375
1880082,2257.5,-4458.125,-6094.375
1880092,2121.875,-3338.125,-5626.25
1880092,2121.875,-3338.125,-5626.25
1880102,433.125,-3115.0,-4908.75
1880102,433.125,-3115.0,-4908.75
1880113,188.125,-2231.25,-3648.75
1880113,188.125,-2231.25,-3648.75
1880123,389.375,-805.0,-3045.0
1880123,389.375,-805.0,-3045.0
1880133,153.125,-822.5,-2629.375
1880133,153.125,-822.5,-2629.375
1880143,813.75,-503.125,-2511.25
1880143,813.75,-503.125,-2511.25
1880154,1653.75,-39.375,-2541.875
1880154,1653.75,-39.375,-2541.875
1880164,1964.375,1006.25,-2030.0
1880164,1964.375,1006.25,-2030.0
1880174,1023.75,1990.625,-1561.875
1880174,1023.75,1990.625,-1561.875
1880185,818.125,2401.875,-918.75
1880185,818.125,2401.875,-918.75
1880195,1417.5,2878.75,-551.25
1880195,1417.5,2878.75,-551.25
1880205,1855.0,2270.625,-560.0
1880205,1855.0,2270.625,-560.0
1880215,1155.0,1067.5,-65.625
1880215,1155.0,1067.5,-65.625
1880226,988.75,245.0,625.625
1880226,988.75,245.0,625.625
1880236,1155.0,284.375,1089.375
1880236,1155.0,284.375,1089.375
1880246,533.75,87.5,1085.0
1880246,533.75,87.5,1085.0
1880257,686.875,26.25,529.375
1880257,686.875,26.25,529.375
1880267,1273.125,-371.875,-533.75
1880267,1273.125,-371.875,-533.75
1880278,1496.25,-1452.5,-2139.375
1880278,1496.25,-1452.5,-2139.375
1880287,1413.125,-2143.75,-3088.75
1880287,1413.125,-2143.75,-3088.75
1880298,1334.375,-2721.25,-2957.5
1880298,1334.375,-2721.25,-2957.5
1880309,2283.75,-2716.875,-2104.375
1880309,2283.75,-2716.875,-2104.375
1880319,2835.0,-3123.75,-1325.625
1880319,2835.0,-3123.75,-1325.625
1880329,3701.25,-3723.125,-1098.125
1880329,3701.25,-3723.125,-1098.125
1880339,4383.75,-3836.875,-1938.125
1880339,4383.75,-3836.875,-1938.125
1880349,5188.75,-3661.875,-3609.375
1880349,5188.75,-3661.875,-3609.375
1880360,6286.875,-3701.25,-5394.375
1880360,6286.875,-3701.25,-5394.375
1880370,7236.25,-3797.5,-7000.0
1880370,7236.25,-3797.5,-7000.0
1880381,8802.5,-3946.25,-7704.375
1880381,8802.5,-3946.25,-7704.375
1880391,11598.125,-3465.0,-8334.375
1880391,11598.125,-3465.0,-8334.375
1880401,14691.25,-2546.25,-9113.125
1880401,14691.25,-2546.25,-9113.125
1880412,16498.125,-1553.125,-9603.125
1880412,16498.125,-1553.125,-9603.125
1880422,18414.375,-131.25,-11716.25
1880422,18414.375,-131.25,-11716.25
1880432,17762.5,-756.875,-13488.125
1880432,17762.5,-756.875,-13488.125
1880443,18991.875,-1207.5,-12923.75
1880443,18991.875,-1207.5,-12923.75
1880453,20006.875,61.25,-13737.5
1880453,20006.875,61.25,-13737.5
1880463,21713.125,1155.0,-15478.75
1880463,21713.125,1155.0,-15478.75
1880474,23156.875,1771.875,-16970.625
1880474,23156.875,1771.875,-16970.625
1880484,24950.625,2905.0,-18108.125
1880484,24950.625,2905.0,-18108.125
1880494,25659.375,3333.75,-19127.5
1880494,25659.375,3333.75,-19127.5
1880505,24565.625,2388.75,-20160.0
1880505,24565.625,2388.75,-20160.0
1880515,23804.375,1684.375,-21126.875
1880515,23804.375,1684.375,-21126.875
1880525,25138.75,2559.375,-23135.0
1880525,25138.75,2559.375,-23135.0
1880535,29133.125,3198.125,-27033.125
1880535,29133.125,3198.125,-27033.125
1880546,35463.75,3661.875,-32523.75
1880546,35463.75,3661.875,-32523.75
1880556,42503.125,7157.5,-37244.375
1880556,42503.125,7157.5,-37244.375
1880566,43863.75,11256.875,-42004.375
1880566,43863.75,11256.875,-42004.375
1880577,37708.125,9909.375,-47420.625
1880577,37708.125,9909.375,-47420.625
1880587,20168.75,3591.875,-47005.0
1880587,20168.75,3591.875,-47005.0
1880597,5241.25,-4436.25,-45832.5
1880597,5241.25,-4436.25,-45832.5
1880608,8019.375,-4781.875,-44865.625
1880608,8019.375,-4781.875,-44865.625
1880618,13238.75,-4493.125,-45285.625
1880618,13238.75,-4493.125,-45285.625
1880629,14411.25,-8343.125,-46965.625
1880629,14411.25,-8343.125,-46965.625
1880639,15911.875,-10928.75,-48969.375
1880639,15911.875,-10928.75,-48969.375
1880649,18283.125,-10915.625,-51108.75
1880649,18283.125,-10915.625,-51108.75
1880659,20361.25,-10613.75,-54945.625
1880659,20361.25,-10613.75,-54945.625
1880670,20208.125,-11335.625,-61643.75
1880670,20208.125,-11335.625,-61643.75
1880680,19066.25,-11536.875,-68551.875
1880680,19066.25,-11536.875,-68551.875
1880690,14266.875,-13221.25,-76479.375
1880690,14266.875,-13221.25,-76479.375
1880701,11541.25,-15675.625,-85268.75
1880701,11541.25,-15675.625,-85268.75
1880711,13103.125,-16594.375,-94158.75
1880711,13103.125,-16594.375,-94158.75
1880721,16091.25,-16651.25,-105498.75
1880721,16091.25,-16651.25,-105498.75
1880731,17959.375,-19831.875,-120999.375
1880731,17959.375,-19831.875,-120999.375
1880742,20650.0,-24062.5,-137270.0
1880742,20650.0,-24062.5,-137270.0
1880752,23786.875,-27142.5,-143355.625
1880752,23786.875,-27142.5,-143355.625
1880762,29548.75,-29330.0,-143355.625
1880762,29548.75,-29330.0,-143355.625
1880773,31714.375,-28800.625,-143206.875
1880773,31714.375,-28800.625,-143206.875
1880783,25830.0,-31202.5,-143355.625
1880783,25830.0,-31202.5,-143355.625
1880793,22596.875,-34737.5,-143355.625
1880793,22596.875,-34737.5,-143355.625
1880804,22890.0,-37086.875,-143355.625
1880804,22890.0,-37086.875,-143355.625
1880814,26661.25,-41903.75,-143355.625
1880814,26661.25,-41903.75,-143355.625
1880824,39414.375,-44891.875,-143355.625
1880824,39414.375,-44891.875,-143355.625
1880835,55295.625,-47398.75,-143355.625
1880835,55295.625,-47398.75,-143355.625
1880845,65791.25,-51931.25,-143355.625
1880845,65791.25,-51931.25,-143355.625
1880855,69724.375,-53970.0,-143355.625
1880855,69724.375,-53970.0,-143355.625
1880866,70354.375,-55995.625,-143355.625
1880866,70354.375,-55995.625,-143355.625
1880876,65056.25,-64019.375,-143355.625
1880876,65056.25,-64019.375,-143355.625
1880886,57820.0,-75048.75,-143355.625
1880886,57820.0,-75048.75,-143355.625
1880896,57653.75,-83265.0,-143355.625
1880896,57653.75,-83265.0,-143355.625
1880907,64255.625,-88707.5,-143355.625
1880907,64255.625,-88707.5,-143355.625
1880917,67620.0,-97278.125,-143355.625
1880917,67620.0,-97278.125,-143355.625
1880927,65467.5,-106701.875,-143355.625
1880927,65467.5,-106701.875,-143355.625
1880938,62378.75,-105918.75,-143355.625
1880938,62378.75,-105918.75,-143355.625
1880948,56017.5,-100187.5,-143355.625
1880948,56017.5,-100187.5,-143355.625
