1867433,-83.125,-8.75,4.375
1867433,-83.125,-8.75,4.375
1867443,-87.5,-8.75,21.875
1867443,-87.5,-8.75,21.875
1867594,-48.125,-8.75,-13.125
1867594,-48.125,-8.75,-13.125
1867604,-56.875,-8.75,0.0
1867604,-56.875,-8.75,0.0
1867756,4.375,-13.125,-61.25
1867756,4.375,-13.125,-61.25
1867766,-8.75,0.0,-61.25
1867766,-8.75,0.0,-61.25
1867917,-4.375,-56.875,-13.125
1867917,-4.375,-56.875,-13.125
1867927,-39.375,-48.125,21.875
1867927,-39.375,-48.125,21.875
1868079,-30.625,-4.375,8.75
1868079,-30.625,-4.375,8.75
1868089,-21.875,0.0,-17.5
1868089,-21.875,0.0,-17.5
1868160,-52.5,-8.75,-56.875
1868160,-52.5,-8.75,-56.875
1868170,-52.5,-13.125,-39.375
1868170,-52.5,-13.125,-39.375
1868240,52.5,-4.375,-109.375
1868240,52.5,-4.375,-109.375
1868250,35.0,-13.125,-126.875
1868250,35.0,-13.125,-126.875
1868402,-61.25,-39.375,105.0
1868402,-61.25,-39.375,105.0
1868412,-74.375,-48.125,96.25
1868412,-74.375,-48.125,96.25
1868563,131.25,-13.125,-135.625
1868563,131.25,-13.125,-135.625
1868573,441.875,8.75,-126.875
1868573,441.875,8.75,-126.875
1868725,-87.5,4.375,26.25
1868725,-87.5,4.375,26.25
1868735,-113.75,26.25,39.375
1868735,-113.75,26.25,39.375
1868886,4.375,17.5,-78.75
1868886,4.375,17.5,-78.75
1868896,4.375,17.5,-78.75
1868896,4.375,17.5,-78.75
1869048,-8.75,371.875,-113.75
1869048,-8.75,371.875,-113.75
1869058,21.875,564.375,-122.5
1869058,21.875,564.375,-122.5
1869209,-7350.0,-2935.625,-5906.25
1869209,-7350.0,-2935.625,-5906.25
1869220,-4318.125,-673.75,-9773.75
1869220,-4318.125,-673.75,-9773.75
1869371,-21043.75,20475.0,-32038.125
1869371,-21043.75,20475.0,-32038.125
1869381,-25401.25,24351.25,-29382.5
1869381,-25401.25,24351.25,-29382.5
1869532,-1176.875,-2012.5,-7065.625
1869532,-1176.875,-2012.5,-7065.625
1869542,-406.875,-2310.0,-6072.5
1869542,-406.875,-2310.0,-6072.5
1869694,-1535.625,-2248.75,10220.0
1869694,-1535.625,-2248.75,10220.0
1869704,20203.75,1470.0,-8106.875
1869704,20203.75,1470.0,-8106.875
1869774,-2633.75,5490.625,-11602.5
1869774,-2633.75,5490.625,-11602.5
1869784,-1526.875,4300.625,-11545.625
1869784,-1526.875,4300.625,-11545.625
1869855,2918.125,861.875,-14573.125
1869855,2918.125,861.875,-14573.125
1869865,1618.75,1010.625,-13142.5
1869865,1618.75,1010.625,-13142.5
1870016,-1736.875,643.125,-2226.875
1870016,-1736.875,643.125,-2226.875
1870027,-1811.25,822.5,-2148.125
1870027,-1811.25,822.5,-2148.125
1870178,4.375,625.625,949.375
1870178,4.375,625.625,949.375
1870188,35.0,660.625,813.75
1870188,35.0,660.625,813.75
1870339,144.375,113.75,21.875
1870339,144.375,113.75,21.875
1870349,166.25,78.75,21.875
1870349,166.25,78.75,21.875
1870501,-437.5,214.375,48.125
1870501,-437.5,214.375,48.125
1870511,-371.875,153.125,39.375
1870511,-371.875,153.125,39.375
1870662,170.625,-56.875,-17.5
1870662,170.625,-56.875,-17.5
1870673,210.0,39.375,21.875
1870673,210.0,39.375,21.875
