1876545,-117.1875,507.8125,851.5625,15.625,-835.9375,585.9375,335.9375,-914.0625,265.625,492.1875,-859.375,-93.75,382.8125,-914.0625,132.8125
1876545,-117.1875,507.8125,851.5625,15.625,-835.9375,585.9375,335.9375,-914.0625,265.625,492.1875,-859.375,-93.75,382.8125,-914.0625,132.8125
1876553,-125.0,507.8125,851.5625,15.625,-835.9375,585.9375,335.9375,-914.0625,257.8125,492.1875,-859.375,-78.125,382.8125,-921.875,132.8125
1876553,-125.0,507.8125,851.5625,15.625,-835.9375,585.9375,335.9375,-914.0625,257.8125,492.1875,-859.375,-78.125,382.8125,-921.875,132.8125
1876561,-117.1875,507.8125,851.5625,0.0,-835.9375,585.9375,335.9375,-914.0625,257.8125,492.1875,-867.1875,-85.9375,390.625,-914.0625,140.625
1876561,-117.1875,507.8125,851.5625,0.0,-835.9375,585.9375,335.9375,-914.0625,257.8125,492.1875,-867.1875,-85.9375,390.625,-914.0625,140.625
1876561,-125.0,507.8125,859.375,23.4375,-828.125,593.75,335.9375,-921.875,257.8125,484.375,-867.1875,-85.9375,382.8125,-914.0625,132.8125
1876561,-125.0,507.8125,859.375,23.4375,-828.125,593.75,335.9375,-921.875,257.8125,484.375,-867.1875,-85.9375,382.8125,-914.0625,132.8125
1876706,-117.1875,515.625,851.5625,7.8125,-843.75,593.75,335.9375,-921.875,265.625,492.1875,-859.375,-93.75,382.8125,-914.0625,132.8125
1876706,-117.1875,515.625,851.5625,7.8125,-843.75,593.75,335.9375,-921.875,265.625,492.1875,-859.375,-93.75,382.8125,-914.0625,132.8125
1876714,-117.1875,515.625,859.375,7.8125,-828.125,593.75,343.75,-921.875,257.8125,492.1875,-867.1875,-85.9375,382.8125,-914.0625,140.625
1876714,-117.1875,515.625,859.375,7.8125,-828.125,593.75,343.75,-921.875,257.8125,492.1875,-867.1875,-85.9375,382.8125,-914.0625,140.625
1876722,-125.0,507.8125,843.75,7.8125,-828.125,593.75,343.75,-921.875,265.625,492.1875,-867.1875,-93.75,382.8125,-921.875,140.625
1876722,-125.0,507.8125,843.75,7.8125,-828.125,593.75,343.75,-921.875,265.625,492.1875,-867.1875,-93.75,382.8125,-921.875,140.625
1876722,-125.0,507.8125,859.375,7.8125,-843.75,578.125,351.5625,-921.875,265.625,500.0,-867.1875,-93.75,390.625,-921.875,140.625
1876722,-125.0,507.8125,859.375,7.8125,-843.75,578.125,351.5625,-921.875,265.625,500.0,-867.1875,-93.75,390.625,-921.875,140.625
1876868,-109.375,507.8125,851.5625,7.8125,-835.9375,585.9375,343.75,-921.875,242.1875,484.375,-867.1875,-78.125,382.8125,-921.875,132.8125
1876868,-109.375,507.8125,851.5625,7.8125,-835.9375,585.9375,343.75,-921.875,242.1875,484.375,-867.1875,-78.125,382.8125,-921.875,132.8125
1876876,-117.1875,507.8125,851.5625,7.8125,-843.75,585.9375,335.9375,-914.0625,257.8125,492.1875,-867.1875,-101.5625,382.8125,-921.875,132.8125
1876876,-117.1875,507.8125,851.5625,7.8125,-843.75,585.9375,335.9375,-914.0625,257.8125,492.1875,-867.1875,-101.5625,382.8125,-921.875,132.8125
1876884,-125.0,500.0,851.5625,7.8125,-835.9375,578.125,343.75,-914.0625,257.8125,492.1875,-859.375,-93.75,382.8125,-921.875,132.8125
1876884,-125.0,500.0,851.5625,7.8125,-835.9375,578.125,343.75,-914.0625,257.8125,492.1875,-859.375,-93.75,382.8125,-921.875,132.8125
1876884,-125.0,507.8125,843.75,7.8125,-835.9375,585.9375,351.5625,-921.875,250.0,492.1875,-859.375,-93.75,382.8125,-921.875,132.8125
1876884,-125.0,507.8125,843.75,7.8125,-835.9375,585.9375,351.5625,-921.875,250.0,492.1875,-859.375,-93.75,382.8125,-921.875,132.8125
1877029,-117.1875,507.8125,843.75,7.8125,-835.9375,593.75,351.5625,-921.875,257.8125,484.375,-859.375,-85.9375,382.8125,-921.875,132.8125
1877029,-117.1875,507.8125,843.75,7.8125,-835.9375,593.75,351.5625,-921.875,257.8125,484.375,-859.375,-85.9375,382.8125,-921.875,132.8125
1877037,-125.0,500.0,851.5625,7.8125,-835.9375,593.75,335.9375,-921.875,257.8125,492.1875,-859.375,-93.75,382.8125,-914.0625,140.625
1877037,-125.0,500.0,851.5625,7.8125,-835.9375,593.75,335.9375,-921.875,257.8125,492.1875,-859.375,-93.75,382.8125,-914.0625,140.625
1877045,-117.1875,507.8125,859.375,0.0,-828.125,593.75,351.5625,-906.25,257.8125,492.1875,-867.1875,-85.9375,382.8125,-914.0625,132.8125
1877045,-117.1875,507.8125,859.375,0.0,-828.125,593.75,351.5625,-906.25,257.8125,492.1875,-867.1875,-85.9375,382.8125,-914.0625,132.8125
1877045,-125.0,507.8125,851.5625,0.0,-835.9375,585.9375,335.9375,-914.0625,257.8125,484.375,-867.1875,-93.75,382.8125,-914.0625,132.8125
1877045,-125.0,507.8125,851.5625,0.0,-835.9375,585.9375,335.9375,-914.0625,257.8125,484.375,-867.1875,-93.75,382.8125,-914.0625,132.8125
1877189,-125.0,500.0,859.375,7.8125,-843.75,585.9375,343.75,-921.875,257.8125,492.1875,-859.375,-93.75,382.8125,-929.6875,132.8125
1877189,-125.0,500.0,859.375,7.8125,-843.75,585.9375,343.75,-921.875,257.8125,492.1875,-859.375,-93.75,382.8125,-929.6875,132.8125
1877198,-125.0,500.0,851.5625,0.0,-835.9375,585.9375,343.75,-921.875,265.625,484.375,-859.375,-85.9375,382.8125,-921.875,125.0
1877198,-125.0,500.0,851.5625,0.0,-835.9375,585.9375,343.75,-921.875,265.625,484.375,-859.375,-85.9375,382.8125,-921.875,125.0
1877206,-125.0,507.8125,851.5625,7.8125,-843.75,578.125,343.75,-921.875,250.0,500.0,-859.375,-101.5625,390.625,-914.0625,117.1875
1877206,-125.0,507.8125,851.5625,7.8125,-843.75,578.125,343.75,-921.875,250.0,500.0,-859.375,-101.5625,390.625,-914.0625,117.1875
1877206,-125.0,507.8125,851.5625,7.8125,-835.9375,578.125,335.9375,-914.0625,250.0,492.1875,-859.375,-101.5625,375.0,-921.875,132.8125
1877206,-125.0,507.8125,851.5625,7.8125,-835.9375,578.125,335.9375,-914.0625,250.0,492.1875,-859.375,-101.5625,375.0,-921.875,132.8125
1877271,-117.1875,500.0,851.5625,7.8125,-835.9375,585.9375,335.9375,-914.0625,250.0,492.1875,-867.1875,-93.75,382.8125,-914.0625,132.8125
1877271,-117.1875,500.0,851.5625,7.8125,-835.9375,585.9375,335.9375,-914.0625,250.0,492.1875,-867.1875,-93.75,382.8125,-914.0625,132.8125
1877279,-125.0,507.8125,859.375,15.625,-835.9375,585.9375,335.9375,-921.875,250.0,484.375,-859.375,-93.75,382.8125,-921.875,132.8125
1877279,-125.0,507.8125,859.375,15.625,-835.9375,585.9375,335.9375,-921.875,250.0,484.375,-859.375,-93.75,382.8125,-921.875,132.8125
1877287,-117.1875,507.8125,851.5625,7.8125,-843.75,578.125,343.75,-921.875,250.0,492.1875,-859.375,-101.5625,382.8125,-921.875,125.0
1877287,-117.1875,507.8125,851.5625,7.8125,-843.75,578.125,343.75,-921.875,250.0,492.1875,-859.375,-101.5625,382.8125,-921.875,125.0
1877287,-125.0,507.8125,851.5625,7.8125,-843.75,585.9375,335.9375,-929.6875,257.8125,492.1875,-859.375,-93.75,382.8125,-921.875,125.0
1877287,-125.0,507.8125,851.5625,7.8125,-843.75,585.9375,335.9375,-929.6875,257.8125,492.1875,-859.375,-93.75,382.8125,-921.875,125.0
1877352,-125.0,515.625,843.75,15.625,-835.9375,585.9375,335.9375,-921.875,257.8125,492.1875,-859.375,-93.75,390.625,-921.875,125.0
1877352,-125.0,515.625,843.75,15.625,-835.9375,585.9375,335.9375,-921.875,257.8125,492.1875,-859.375,-93.75,390.625,-921.875,125.0
1877359,-125.0,507.8125,843.75,7.8125,-835.9375,585.9375,343.75,-914.0625,257.8125,484.375,-851.5625,-93.75,382.8125,-914.0625,132.8125
1877359,-125.0,507.8125,843.75,7.8125,-835.9375,585.9375,343.75,-914.0625,257.8125,484.375,-851.5625,-93.75,382.8125,-914.0625,132.8125
1877367,-117.1875,507.8125,843.75,7.8125,-835.9375,593.75,335.9375,-914.0625,250.0,484.375,-859.375,-93.75,382.8125,-914.0625,140.625
1877367,-117.1875,507.8125,843.75,7.8125,-835.9375,593.75,335.9375,-914.0625,250.0,484.375,-859.375,-93.75,382.8125,-914.0625,140.625
1877368,-125.0,507.8125,851.5625,7.8125,-835.9375,578.125,343.75,-921.875,257.8125,492.1875,-867.1875,-93.75,382.8125,-921.875,125.0
1877368,-125.0,507.8125,851.5625,7.8125,-835.9375,578.125,343.75,-921.875,257.8125,492.1875,-867.1875,-93.75,382.8125,-921.875,125.0
1877432,-117.1875,507.8125,851.5625,0.0,-843.75,578.125,335.9375,-929.6875,257.8125,492.1875,-867.1875,-101.5625,382.8125,-921.875,117.1875
1877432,-117.1875,507.8125,851.5625,0.0,-843.75,578.125,335.9375,-929.6875,257.8125,492.1875,-867.1875,-101.5625,382.8125,-921.875,117.1875
1877440,-125.0,507.8125,851.5625,0.0,-835.9375,578.125,343.75,-921.875,257.8125,492.1875,-867.1875,-85.9375,382.8125,-914.0625,117.1875
1877440,-125.0,507.8125,851.5625,0.0,-835.9375,578.125,343.75,-921.875,257.8125,492.1875,-867.1875,-85.9375,382.8125,-914.0625,117.1875
1877448,-125.0,500.0,851.5625,23.4375,-843.75,578.125,335.9375,-921.875,257.8125,484.375,-859.375,-93.75,382.8125,-921.875,125.0
1877448,-125.0,500.0,851.5625,23.4375,-843.75,578.125,335.9375,-921.875,257.8125,484.375,-859.375,-93.75,382.8125,-921.875,125.0
1877448,-132.8125,500.0,851.5625,15.625,-835.9375,578.125,335.9375,-921.875,265.625,484.375,-859.375,-93.75,375.0,-914.0625,117.1875
1877448,-132.8125,500.0,851.5625,15.625,-835.9375,578.125,335.9375,-921.875,265.625,484.375,-859.375,-93.75,375.0,-914.0625,117.1875
1877513,-125.0,492.1875,859.375,7.8125,-851.5625,578.125,343.75,-921.875,242.1875,492.1875,-867.1875,-101.5625,390.625,-929.6875,117.1875
1877513,-125.0,492.1875,859.375,7.8125,-851.5625,578.125,343.75,-921.875,242.1875,492.1875,-867.1875,-101.5625,390.625,-929.6875,117.1875
1877521,-125.0,492.1875,859.375,0.0,-851.5625,578.125,335.9375,-929.6875,250.0,492.1875,-867.1875,-93.75,382.8125,-921.875,117.1875
1877521,-125.0,492.1875,859.375,0.0,-851.5625,578.125,335.9375,-929.6875,250.0,492.1875,-867.1875,-93.75,382.8125,-921.875,117.1875
1877529,-125.0,484.375,859.375,7.8125,-851.5625,578.125,335.9375,-921.875,250.0,484.375,-867.1875,-101.5625,382.8125,-929.6875,125.0
1877529,-125.0,484.375,859.375,7.8125,-851.5625,578.125,335.9375,-921.875,250.0,484.375,-867.1875,-101.5625,382.8125,-929.6875,125.0
1877529,-132.8125,500.0,859.375,0.0,-843.75,578.125,335.9375,-921.875,250.0,492.1875,-859.375,-109.375,382.8125,-921.875,125.0
1877529,-132.8125,500.0,859.375,0.0,-843.75,578.125,335.9375,-921.875,250.0,492.1875,-859.375,-109.375,382.8125,-921.875,125.0
1877674,-132.8125,492.1875,851.5625,0.0,-843.75,585.9375,335.9375,-929.6875,242.1875,484.375,-867.1875,-85.9375,382.8125,-921.875,125.0
1877674,-132.8125,492.1875,851.5625,0.0,-843.75,585.9375,335.9375,-929.6875,242.1875,484.375,-867.1875,-85.9375,382.8125,-921.875,125.0
1877682,-132.8125,500.0,859.375,0.0,-843.75,578.125,335.9375,-929.6875,250.0,484.375,-867.1875,-93.75,382.8125,-921.875,125.0
1877682,-132.8125,500.0,859.375,0.0,-843.75,578.125,335.9375,-929.6875,250.0,484.375,-867.1875,-93.75,382.8125,-921.875,125.0
1877690,-125.0,492.1875,867.1875,7.8125,-851.5625,585.9375,335.9375,-929.6875,250.0,484.375,-859.375,-109.375,375.0,-921.875,125.0
1877690,-125.0,492.1875,867.1875,7.8125,-851.5625,585.9375,335.9375,-929.6875,250.0,484.375,-859.375,-109.375,375.0,-921.875,125.0
1877690,-125.0,500.0,859.375,7.8125,-843.75,570.3125,343.75,-921.875,250.0,484.375,-859.375,-101.5625,382.8125,-921.875,117.1875
1877690,-125.0,500.0,859.375,7.8125,-843.75,570.3125,343.75,-921.875,250.0,484.375,-859.375,-101.5625,382.8125,-921.875,117.1875
1877835,-125.0,500.0,851.5625,7.8125,-835.9375,578.125,343.75,-914.0625,257.8125,484.375,-859.375,-93.75,390.625,-921.875,125.0
1877835,-125.0,500.0,851.5625,7.8125,-835.9375,578.125,343.75,-914.0625,257.8125,484.375,-859.375,-93.75,390.625,-921.875,125.0
1877843,-132.8125,500.0,851.5625,7.8125,-835.9375,578.125,335.9375,-921.875,250.0,484.375,-859.375,-101.5625,382.8125,-914.0625,117.1875
1877843,-132.8125,500.0,851.5625,7.8125,-835.9375,578.125,335.9375,-921.875,250.0,484.375,-859.375,-101.5625,382.8125,-914.0625,117.1875
1877851,-125.0,500.0,851.5625,0.0,-835.9375,585.9375,328.125,-914.0625,250.0,484.375,-867.1875,-101.5625,382.8125,-921.875,132.8125
1877851,-125.0,500.0,851.5625,0.0,-835.9375,585.9375,328.125,-914.0625,250.0,484.375,-867.1875,-101.5625,382.8125,-921.875,132.8125
1877851,-125.0,507.8125,851.5625,0.0,-835.9375,585.9375,335.9375,-921.875,250.0,484.375,-867.1875,-101.5625,390.625,-921.875,125.0
1877851,-125.0,507.8125,851.5625,0.0,-835.9375,585.9375,335.9375,-921.875,250.0,484.375,-867.1875,-101.5625,390.625,-921.875,125.0
1877997,-125.0,500.0,851.5625,15.625,-843.75,585.9375,343.75,-921.875,250.0,484.375,-867.1875,-93.75,382.8125,-929.6875,109.375
1877997,-125.0,500.0,851.5625,15.625,-843.75,585.9375,343.75,-921.875,250.0,484.375,-867.1875,-93.75,382.8125,-929.6875,109.375
1878004,-125.0,507.8125,859.375,15.625,-843.75,585.9375,343.75,-929.6875,250.0,492.1875,-867.1875,-101.5625,382.8125,-914.0625,117.1875
1878004,-125.0,507.8125,859.375,15.625,-843.75,585.9375,343.75,-929.6875,250.0,492.1875,-867.1875,-101.5625,382.8125,-914.0625,117.1875
1878012,-117.1875,500.0,867.1875,15.625,-843.75,593.75,343.75,-921.875,250.0,492.1875,-859.375,-101.5625,390.625,-929.6875,117.1875
1878012,-117.1875,500.0,867.1875,15.625,-843.75,593.75,343.75,-921.875,250.0,492.1875,-859.375,-101.5625,390.625,-929.6875,117.1875
1878013,-117.1875,500.0,851.5625,7.8125,-843.75,578.125,343.75,-929.6875,257.8125,484.375,-859.375,-109.375,382.8125,-921.875,117.1875
1878013,-117.1875,500.0,851.5625,7.8125,-843.75,578.125,343.75,-929.6875,257.8125,484.375,-859.375,-109.375,382.8125,-921.875,117.1875
1878159,-46.875,1101.5625,945.3125,289.0625,-921.875,1187.5,757.8125,-1148.4375,710.9375,937.5,-1304.6875,250.0,703.125,-1257.8125,710.9375
1878159,-46.875,1101.5625,945.3125,289.0625,-921.875,1187.5,757.8125,-1148.4375,710.9375,937.5,-1304.6875,250.0,703.125,-1257.8125,710.9375
1878166,-78.125,1101.5625,898.4375,273.4375,-945.3125,1187.5,789.0625,-1257.8125,757.8125,1078.125,-1273.4375,382.8125,750.0,-1265.625,789.0625
1878166,-78.125,1101.5625,898.4375,273.4375,-945.3125,1187.5,789.0625,-1257.8125,757.8125,1078.125,-1273.4375,382.8125,750.0,-1265.625,789.0625
1878174,-54.6875,1101.5625,945.3125,257.8125,-968.75,1187.5,765.625,-1242.1875,796.875,1070.3125,-1320.3125,382.8125,773.4375,-1242.1875,851.5625
1878174,-54.6875,1101.5625,945.3125,257.8125,-968.75,1187.5,765.625,-1242.1875,796.875,1070.3125,-1320.3125,382.8125,773.4375,-1242.1875,851.5625
1878174,-7.8125,1093.75,937.5,250.0,-945.3125,1195.3125,750.0,-1226.5625,734.375,1117.1875,-1343.75,328.125,820.3125,-1250.0,859.375
1878174,-7.8125,1093.75,937.5,250.0,-945.3125,1195.3125,750.0,-1226.5625,734.375,1117.1875,-1343.75,328.125,820.3125,-1250.0,859.375
1878279,171.875,1296.875,804.6875,445.3125,-679.6875,593.75,625.0,-734.375,125.0,632.8125,-617.1875,-187.5,484.375,-828.125,70.3125
1878279,171.875,1296.875,804.6875,445.3125,-679.6875,593.75,625.0,-734.375,125.0,632.8125,-617.1875,-187.5,484.375,-828.125,70.3125
1878287,187.5,1382.8125,789.0625,382.8125,-679.6875,562.5,578.125,-671.875,109.375,578.125,-585.9375,-265.625,453.125,-789.0625,0.0
1878287,187.5,1382.8125,789.0625,382.8125,-679.6875,562.5,578.125,-671.875,109.375,578.125,-585.9375,-265.625,453.125,-789.0625,0.0
1878295,187.5,1234.375,804.6875,312.5,-609.375,585.9375,515.625,-664.0625,70.3125,507.8125,-554.6875,-281.25,421.875,-773.4375,-93.75
1878295,187.5,1234.375,804.6875,312.5,-609.375,585.9375,515.625,-664.0625,70.3125,507.8125,-554.6875,-281.25,421.875,-773.4375,-93.75
1878295,101.5625,1007.8125,710.9375,406.25,-593.75,640.625,523.4375,-671.875,-7.8125,500.0,-546.875,-312.5,281.25,-898.4375,-265.625
1878295,101.5625,1007.8125,710.9375,406.25,-593.75,640.625,523.4375,-671.875,-7.8125,500.0,-546.875,-312.5,281.25,-898.4375,-265.625
1878320,-226.5625,-62.5,828.125,-23.4375,-937.5,125.0,171.875,-742.1875,-226.5625,179.6875,-679.6875,-492.1875,203.125,-867.1875,-62.5
1878320,-226.5625,-62.5,828.125,-23.4375,-937.5,125.0,171.875,-742.1875,-226.5625,179.6875,-679.6875,-492.1875,203.125,-867.1875,-62.5
1878327,-78.125,31.25,898.4375,-132.8125,-906.25,7.8125,140.625,-835.9375,-273.4375,203.125,-765.625,-468.75,179.6875,-898.4375,46.875
1878327,-78.125,31.25,898.4375,-132.8125,-906.25,7.8125,140.625,-835.9375,-273.4375,203.125,-765.625,-468.75,179.6875,-898.4375,46.875
1878335,23.4375,85.9375,898.4375,-226.5625,-875.0,-140.625,-23.4375,-828.125,-289.0625,109.375,-781.25,-460.9375,117.1875,-875.0,-39.0625
1878335,23.4375,85.9375,898.4375,-226.5625,-875.0,-140.625,-23.4375,-828.125,-289.0625,109.375,-781.25,-460.9375,117.1875,-875.0,-39.0625
1878335,109.375,140.625,921.875,-304.6875,-882.8125,-164.0625,-109.375,-929.6875,-390.625,31.25,-750.0,-531.25,-70.3125,-867.1875,-250.0
1878335,109.375,140.625,921.875,-304.6875,-882.8125,-164.0625,-109.375,-929.6875,-390.625,31.25,-750.0,-531.25,-70.3125,-867.1875,-250.0
1878400,0.0,-492.1875,1132.8125,-898.4375,-1070.3125,-609.375,-937.5,-835.9375,-1070.3125,-710.9375,-507.8125,-1195.3125,-406.25,-585.9375,-1062.5
1878400,0.0,-492.1875,1132.8125,-898.4375,-1070.3125,-609.375,-937.5,-835.9375,-1070.3125,-710.9375,-507.8125,-1195.3125,-406.25,-585.9375,-1062.5
1878408,-39.0625,-617.1875,1078.125,-921.875,-1046.875,-609.375,-960.9375,-773.4375,-1039.0625,-734.375,-468.75,-1187.5,-406.25,-546.875,-1078.125
1878408,-39.0625,-617.1875,1078.125,-921.875,-1046.875,-609.375,-960.9375,-773.4375,-1039.0625,-734.375,-468.75,-1187.5,-406.25,-546.875,-1078.125
1878416,-54.6875,-742.1875,1007.8125,-960.9375,-1007.8125,-585.9375,-921.875,-718.75,-968.75,-734.375,-398.4375,-1156.25,-398.4375,-468.75,-1132.8125
1878416,-54.6875,-742.1875,1007.8125,-960.9375,-1007.8125,-585.9375,-921.875,-718.75,-968.75,-734.375,-398.4375,-1156.25,-398.4375,-468.75,-1132.8125
1878416,-109.375,-851.5625,968.75,-976.5625,-968.75,-578.125,-898.4375,-671.875,-914.0625,-726.5625,-343.75,-1101.5625,-406.25,-429.6875,-1117.1875
1878416,-109.375,-851.5625,968.75,-976.5625,-968.75,-578.125,-898.4375,-671.875,-914.0625,-726.5625,-343.75,-1101.5625,-406.25,-429.6875,-1117.1875
1878481,-289.0625,-781.25,617.1875,-835.9375,-562.5,-531.25,-765.625,-390.625,-679.6875,-625.0,-226.5625,-765.625,-421.875,-242.1875,-859.375
1878481,-289.0625,-781.25,617.1875,-835.9375,-562.5,-531.25,-765.625,-390.625,-679.6875,-625.0,-226.5625,-765.625,-421.875,-242.1875,-859.375
1878488,-304.6875,-781.25,601.5625,-828.125,-570.3125,-507.8125,-734.375,-367.1875,-648.4375,-609.375,-234.375,-742.1875,-406.25,-257.8125,-828.125
1878488,-304.6875,-781.25,601.5625,-828.125,-570.3125,-507.8125,-734.375,-367.1875,-648.4375,-609.375,-234.375,-742.1875,-406.25,-257.8125,-828.125
1878497,-304.6875,-773.4375,578.125,-773.4375,-570.3125,-476.5625,-710.9375,-375.0,-625.0,-609.375,-242.1875,-734.375,-429.6875,-273.4375,-820.3125
1878497,-304.6875,-773.4375,578.125,-773.4375,-570.3125,-476.5625,-710.9375,-375.0,-625.0,-609.375,-242.1875,-734.375,-429.6875,-273.4375,-820.3125
1878497,-312.5,-773.4375,570.3125,-781.25,-546.875,-437.5,-703.125,-367.1875,-585.9375,-609.375,-265.625,-710.9375,-437.5,-257.8125,-820.3125
1878497,-312.5,-773.4375,570.3125,-781.25,-546.875,-437.5,-703.125,-367.1875,-585.9375,-609.375,-265.625,-710.9375,-437.5,-257.8125,-820.3125
1878642,-367.1875,593.75,1039.0625,-117.1875,-921.875,921.875,203.125,-1226.5625,335.9375,484.375,-1234.375,0.0,156.25,-1289.0625,359.375
1878642,-367.1875,593.75,1039.0625,-117.1875,-921.875,921.875,203.125,-1226.5625,335.9375,484.375,-1234.375,0.0,156.25,-1289.0625,359.375
1878650,-531.25,765.625,1039.0625,-164.0625,-843.75,1132.8125,226.5625,-1257.8125,554.6875,546.875,-1320.3125,203.125,171.875,-1351.5625,593.75
1878650,-531.25,765.625,1039.0625,-164.0625,-843.75,1132.8125,226.5625,-1257.8125,554.6875,546.875,-1320.3125,203.125,171.875,-1351.5625,593.75
1878658,-718.75,1007.8125,1039.0625,-156.25,-773.4375,1367.1875,281.25,-1328.125,804.6875,656.25,-1445.3125,468.75,195.3125,-1460.9375,867.1875
1878658,-718.75,1007.8125,1039.0625,-156.25,-773.4375,1367.1875,281.25,-1328.125,804.6875,656.25,-1445.3125,468.75,195.3125,-1460.9375,867.1875
1878658,-875.0,1343.75,1031.25,-203.125,250.0,937.5,1671.875,601.5625,875.0,2726.5625,-2601.5625,382.8125,-523.4375,-3039.0625,414.0625
1878658,-875.0,1343.75,1031.25,-203.125,250.0,937.5,1671.875,601.5625,875.0,2726.5625,-2601.5625,382.8125,-523.4375,-3039.0625,414.0625
1878803,-367.1875,234.375,1015.625,-203.125,-875.0,390.625,39.0625,-929.6875,-203.125,250.0,-789.0625,-492.1875,179.6875,-945.3125,-335.9375
1878803,-367.1875,234.375,1015.625,-203.125,-875.0,390.625,39.0625,-929.6875,-203.125,250.0,-789.0625,-492.1875,179.6875,-945.3125,-335.9375
1878811,-328.125,210.9375,1007.8125,-179.6875,-914.0625,359.375,39.0625,-945.3125,-234.375,234.375,-796.875,-531.25,171.875,-960.9375,-375.0
1878811,-328.125,210.9375,1007.8125,-179.6875,-914.0625,359.375,39.0625,-945.3125,-234.375,234.375,-796.875,-531.25,171.875,-960.9375,-375.0
1878819,-257.8125,179.6875,1046.875,-156.25,-937.5,320.3125,39.0625,-976.5625,-289.0625,250.0,-812.5,-585.9375,171.875,-968.75,-390.625
1878819,-257.8125,179.6875,1046.875,-156.25,-937.5,320.3125,39.0625,-976.5625,-289.0625,250.0,-812.5,-585.9375,171.875,-968.75,-390.625
1878819,-164.0625,156.25,1070.3125,-125.0,-1007.8125,273.4375,46.875,-1000.0,-351.5625,250.0,-812.5,-625.0,171.875,-976.5625,-398.4375
1878819,-164.0625,156.25,1070.3125,-125.0,-1007.8125,273.4375,46.875,-1000.0,-351.5625,250.0,-812.5,-625.0,171.875,-976.5625,-398.4375
