1919052,-35.0,-35.0,-30.625
1919052,-35.0,-35.0,-30.625
1919063,-52.5,-17.5,-17.5
1919063,-52.5,-17.5,-17.5
1919204,-48.125,-17.5,-30.625
1919204,-48.125,-17.5,-30.625
1919214,-39.375,-13.125,-26.25
1919214,-39.375,-13.125,-26.25
1919365,-21.875,-8.75,-21.875
1919365,-21.875,-8.75,-21.875
1919375,-52.5,-13.125,-8.75
1919375,-52.5,-13.125,-8.75
1919446,-35.0,-17.5,-21.875
1919446,-35.0,-17.5,-21.875
1919456,-35.0,-21.875,-26.25
1919456,-35.0,-21.875,-26.25
1919607,39.375,-43.75,-26.25
1919607,39.375,-43.75,-26.25
1919618,-8.75,-26.25,-13.125
1919618,-8.75,-26.25,-13.125
1919688,43.75,-13.125,8.75
1919688,43.75,-13.125,8.75
1919698,65.625,-35.0,-13.125
1919698,65.625,-35.0,-13.125
1919850,-61.25,-30.625,-26.25
1919850,-61.25,-30.625,-26.25
1919860,-48.125,-21.875,-26.25
1919860,-48.125,-21.875,-26.25
1919930,-35.0,-8.75,-39.375
1919930,-35.0,-8.75,-39.375
1919940,-30.625,-17.5,-39.375
1919940,-30.625,-17.5,-39.375
1920092,-8.75,4.375,-30.625
1920092,-8.75,4.375,-30.625
1920102,74.375,-39.375,-61.25
1920102,74.375,-39.375,-61.25
1920253,192.5,-161.875,-74.375
1920253,192.5,-161.875,-74.375
1920263,-78.75,-192.5,-30.625
1920263,-78.75,-192.5,-30.625
1920415,-3010.0,-3088.75,-5766.25
1920415,-3010.0,-3088.75,-5766.25
1920425,-3338.125,-3373.125,-6860.0
1920425,-3338.125,-3373.125,-6860.0
1920576,-9003.75,-17036.25,-11738.125
1920576,-9003.75,-17036.25,-11738.125
1920586,-10701.25,-15246.875,-9231.25
1920586,-10701.25,-15246.875,-9231.25
1920738,-21021.875,-3220.0,-8566.25
1920738,-21021.875,-3220.0,-8566.25
1920748,-17906.875,-2572.5,-7735.0
1920748,-17906.875,-2572.5,-7735.0
1920899,2668.75,1111.25,-4764.375
1920899,2668.75,1111.25,-4764.375
1920909,4742.5,940.625,-3801.875
1920909,4742.5,940.625,-3801.875
1921061,14424.375,3154.375,4716.25
1921061,14424.375,3154.375,4716.25
1921071,14306.25,3718.75,5551.875
1921071,14306.25,3718.75,5551.875
1921222,-11637.5,-271.25,-9393.125
1921222,-11637.5,-271.25,-9393.125
1921233,-13282.5,-179.375,-9664.375
1921233,-13282.5,-179.375,-9664.375
1921303,-16393.125,-1032.5,-10373.125
1921303,-16393.125,-1032.5,-10373.125
1921313,-16489.375,-1299.375,-9843.75
1921313,-16489.375,-1299.375,-9843.75
1921464,-5543.125,-931.875,-1006.25
1921464,-5543.125,-931.875,-1006.25
1921474,-4746.875,-546.875,-673.75
1921474,-4746.875,-546.875,-673.75
1921626,-599.375,319.375,-573.125
1921626,-599.375,319.375,-573.125
1921636,-446.25,288.75,-468.125
1921636,-446.25,288.75,-468.125
1921787,8.75,196.875,446.25
1921787,8.75,196.875,446.25
1921797,-43.75,144.375,315.0
1921797,-43.75,144.375,315.0
1921949,83.125,236.25,315.0
1921949,83.125,236.25,315.0
1921958,17.5,214.375,336.875
1921958,17.5,214.375,336.875
1922110,157.5,-83.125,568.75
1922110,157.5,-83.125,568.75
1922120,258.125,555.625,800.625
1922120,258.125,555.625,800.625
1922191,490.0,236.25,258.125
1922191,490.0,236.25,258.125
1922201,511.875,284.375,236.25
1922201,511.875,284.375,236.25
