1920311,-114961.875,13728.75,58410.625
1920311,-114961.875,13728.75,58410.625
1920320,-143360.0,9358.125,89853.75
1920320,-143360.0,9358.125,89853.75
1920330,-143360.0,13475.0,89971.875
1920330,-143360.0,13475.0,89971.875
1920341,-142743.125,10933.125,100082.5
1920341,-142743.125,10933.125,100082.5
1920351,-143360.0,-345.625,94093.125
1920351,-143360.0,-345.625,94093.125
1920361,-143360.0,-1815.625,86030.0
1920361,-143360.0,-1815.625,86030.0
1920372,-143346.875,-14227.5,101045.0
1920372,-143346.875,-14227.5,101045.0
1920382,-143360.0,-13763.75,107673.125
1920382,-143360.0,-13763.75,107673.125
1920392,-126686.875,-9130.625,140332.5
1920392,-126686.875,-9130.625,140332.5
1920403,-73316.25,7441.875,-143360.0
1920403,-73316.25,7441.875,-143360.0
1920413,-55238.75,24801.875,142922.5
1920413,-55238.75,24801.875,142922.5
1920424,-56700.0,30436.875,143224.375
1920424,-56700.0,30436.875,143224.375
1920434,-46851.875,35231.875,-143360.0
1920434,-46851.875,35231.875,-143360.0
1920444,-29229.375,49052.5,143355.625
1920444,-29229.375,49052.5,143355.625
1920454,2047.5,62908.125,143355.625
1920454,2047.5,62908.125,143355.625
1920465,32147.5,64999.375,-143360.0
1920465,32147.5,64999.375,-143360.0
1920474,37288.125,72708.125,-143360.0
1920474,37288.125,72708.125,-143360.0
1920485,21966.875,88624.375,-143360.0
1920485,21966.875,88624.375,-143360.0
1920495,13230.0,115683.75,-143360.0
1920495,13230.0,115683.75,-143360.0
1920506,18077.5,-143360.0,-143360.0
1920506,18077.5,-143360.0,-143360.0
1920516,28140.0,-143360.0,-143360.0
1920516,28140.0,-143360.0,-143360.0
1920526,13186.25,142865.625,-143360.0
1920526,13186.25,142865.625,-143360.0
1920537,-53016.25,143333.75,-143360.0
1920537,-53016.25,143333.75,-143360.0
1920547,-116628.75,-143360.0,-143360.0
1920547,-116628.75,-143360.0,-143360.0
1920557,-111470.625,143351.25,-143360.0
1920557,-111470.625,143351.25,-143360.0
1920568,-70923.125,137217.5,-143360.0
1920568,-70923.125,137217.5,-143360.0
1920577,-89862.5,139011.25,-143360.0
1920577,-89862.5,139011.25,-143360.0
1920588,-135082.5,-143360.0,-143360.0
1920588,-135082.5,-143360.0,-143360.0
1920599,-143360.0,-143360.0,-143360.0
1920599,-143360.0,-143360.0,-143360.0
1920609,-143062.5,143250.625,-143360.0
1920609,-143062.5,143250.625,-143360.0
1920620,-143097.5,-143360.0,138306.875
1920620,-143097.5,-143360.0,138306.875
1920630,-143360.0,-143360.0,101600.625
1920630,-143360.0,-143360.0,101600.625
1920640,-143360.0,143355.625,58025.625
1920640,-143360.0,143355.625,58025.625
1920650,-143351.25,-143360.0,26705.0
1920650,-143351.25,-143360.0,26705.0
1920661,-143360.0,-143360.0,21118.125
1920661,-143360.0,-143360.0,21118.125
1920671,-143360.0,-143360.0,43277.5
1920671,-143360.0,-143360.0,43277.5
1920681,-143360.0,-143360.0,32799.375
1920681,-143360.0,-143360.0,32799.375
1920692,-143360.0,-143360.0,10101.875
1920692,-143360.0,-143360.0,10101.875
1920702,-143360.0,143071.25,-22308.125
1920702,-143360.0,143071.25,-22308.125
1920712,-143360.0,132737.5,-32733.75
1920712,-143360.0,132737.5,-32733.75
1920722,-143360.0,118973.75,-36246.875
1920722,-143360.0,118973.75,-36246.875
1920733,-131770.625,116751.25,-26691.875
1920733,-131770.625,116751.25,-26691.875
1920743,-103613.125,101486.875,-4882.5
1920743,-103613.125,101486.875,-4882.5
1920753,-97418.125,80771.25,-6855.625
1920753,-97418.125,80771.25,-6855.625
1920764,-90361.25,72734.375,-14078.75
1920764,-90361.25,72734.375,-14078.75
1920774,-66906.875,70319.375,-15938.125
1920774,-66906.875,70319.375,-15938.125
1920784,-51559.375,67685.625,-22334.375
1920784,-51559.375,67685.625,-22334.375
1920795,-33976.25,62212.5,-30161.25
1920795,-33976.25,62212.5,-30161.25
1920805,-18563.125,47031.25,-41028.75
1920805,-18563.125,47031.25,-41028.75
1920816,-1163.75,38583.125,-38867.5
1920816,-1163.75,38583.125,-38867.5
1920826,13938.75,32466.875,-42503.125
1920826,13938.75,32466.875,-42503.125
1920836,33858.125,37467.5,-47022.5
1920836,33858.125,37467.5,-47022.5
1920846,56695.625,40792.5,-49936.25
1920846,56695.625,40792.5,-49936.25
1920856,71995.0,37165.625,-63958.125
1920856,71995.0,37165.625,-63958.125
1920867,90378.75,36544.375,-63542.5
1920867,90378.75,36544.375,-63542.5
1920877,120299.375,44817.5,-53283.125
1920877,120299.375,44817.5,-53283.125
1920888,143355.625,51808.75,-43522.5
1920888,143355.625,51808.75,-43522.5
1920898,143355.625,53585.0,-47875.625
1920898,143355.625,53585.0,-47875.625
1920908,142926.875,51463.125,-63643.125
1920908,142926.875,51463.125,-63643.125
1920919,143355.625,54683.125,-61871.25
1920919,143355.625,54683.125,-61871.25
1920929,143355.625,55387.5,-69028.75
1920929,143355.625,55387.5,-69028.75
1920939,143351.25,54044.375,-90361.25
1920939,143351.25,54044.375,-90361.25
1920949,143355.625,57343.125,-100266.25
1920949,143355.625,57343.125,-100266.25
1920960,143355.625,59176.25,-101508.75
1920960,143355.625,59176.25,-101508.75
1920970,143355.625,59915.625,-101793.125
1920970,143355.625,59915.625,-101793.125
1920980,143355.625,57553.125,-101622.5
1920980,143355.625,57553.125,-101622.5
1920991,143355.625,57785.0,-98988.75
1920991,143355.625,57785.0,-98988.75
1921001,143355.625,60453.75,-88515.0
1921001,143355.625,60453.75,-88515.0
1921012,140332.5,56936.25,-73915.625
1921012,140332.5,56936.25,-73915.625
1921022,113351.875,51266.25,-54866.875
1921022,113351.875,51266.25,-54866.875
1921032,68954.375,44432.5,-29168.125
1921032,68954.375,44432.5,-29168.125
1921042,15487.5,27720.0,1417.5
1921042,15487.5,27720.0,1417.5
1921053,-47687.5,7481.25,28958.125
1921053,-47687.5,7481.25,28958.125
1921063,-101023.125,2143.75,49800.625
1921063,-101023.125,2143.75,49800.625
1921073,-106933.75,-10622.5,110600.0
1921073,-106933.75,-10622.5,110600.0
1921084,-121314.375,-20343.75,136605.0
1921084,-121314.375,-20343.75,136605.0
1921094,-128043.125,-21380.625,-143360.0
1921094,-128043.125,-21380.625,-143360.0
1921104,-130536.875,-25291.875,143298.75
1921104,-130536.875,-25291.875,143298.75
1921114,-142073.75,-35153.125,143167.5
1921114,-142073.75,-35153.125,143167.5
1921125,-143360.0,-47311.25,-143360.0
1921125,-143360.0,-47311.25,-143360.0
1921135,-143206.875,-54783.75,-143360.0
1921135,-143206.875,-54783.75,-143360.0
1921146,-143307.5,-60541.25,142743.125
1921146,-143307.5,-60541.25,142743.125
1921156,-143360.0,-67235.0,134080.625
1921156,-143360.0,-67235.0,134080.625
1921166,-143360.0,-72156.875,125851.25
1921166,-143360.0,-72156.875,125851.25
1921176,-143360.0,-74221.875,123151.875
1921176,-143360.0,-74221.875,123151.875
1921187,-143360.0,-70809.375,131766.25
1921187,-143360.0,-70809.375,131766.25
1921198,-143360.0,-64960.0,137851.875
1921198,-143360.0,-64960.0,137851.875
1921208,-143360.0,-57824.375,140888.125
1921208,-143360.0,-57824.375,140888.125
1921218,-143360.0,-51003.75,140586.25
1921218,-143360.0,-51003.75,140586.25
1921228,-143360.0,-45762.5,125133.75
1921228,-143360.0,-45762.5,125133.75
1921239,-143360.0,-40044.375,101920.0
1921239,-143360.0,-40044.375,101920.0
1921249,-143360.0,-33232.5,78076.25
1921249,-143360.0,-33232.5,78076.25
1921259,-143360.0,-25760.0,62842.5
1921259,-143360.0,-25760.0,62842.5
1921269,-143360.0,-18130.0,59696.875
1921269,-143360.0,-18130.0,59696.875
1921280,-143360.0,-12206.25,56542.5
1921280,-143360.0,-12206.25,56542.5
1921289,-143360.0,-7196.875,53681.25
1921289,-143360.0,-7196.875,53681.25
1921300,-143360.0,-1925.0,49507.5
1921300,-143360.0,-1925.0,49507.5
1921311,-143360.0,1045.625,45290.0
1921311,-143360.0,1045.625,45290.0
1921321,-143360.0,2646.875,42074.375
1921321,-143360.0,2646.875,42074.375
1921331,-143360.0,5228.125,39755.625
1921331,-143360.0,5228.125,39755.625
1921342,-143132.5,3810.625,34435.625
1921342,-143132.5,3810.625,34435.625
1921352,-136045.0,1715.0,27811.875
1921352,-136045.0,1715.0,27811.875
1921363,-118606.25,271.25,25108.125
1921363,-118606.25,271.25,25108.125
1921373,-94854.375,323.75,30305.625
1921373,-94854.375,323.75,30305.625
1921383,-69895.0,-1172.5,34580.0
1921383,-69895.0,-1172.5,34580.0
1921394,-49008.75,-6094.375,32847.5
1921394,-49008.75,-6094.375,32847.5
1921404,-33254.375,-10434.375,28323.75
1921404,-33254.375,-10434.375,28323.75
1921414,-21901.25,-13562.5,21643.125
1921414,-21901.25,-13562.5,21643.125
1921424,-12333.125,-14301.875,15820.0
1921424,-12333.125,-14301.875,15820.0
1921435,-1960.0,-15211.875,11847.5
1921435,-1960.0,-15211.875,11847.5
1921445,9848.125,-15881.25,12201.875
1921445,9848.125,-15881.25,12201.875
1921455,18615.625,-13339.375,10101.875
1921455,18615.625,-13339.375,10101.875
1921465,25116.875,-13068.125,1815.625
1921465,25116.875,-13068.125,1815.625
1921476,33180.0,-14096.25,-4191.25
1921476,33180.0,-14096.25,-4191.25
1921486,40096.875,-14831.25,-7638.75
1921486,40096.875,-14831.25,-7638.75
1921496,45421.25,-13960.625,-10106.25
1921496,45421.25,-13960.625,-10106.25
1921507,48588.75,-12954.375,-11278.75
1921507,48588.75,-12954.375,-11278.75
1921517,49888.125,-11077.5,-11217.5
1921517,49888.125,-11077.5,-11217.5
1921527,49581.875,-4628.75,-10675.0
1921527,49581.875,-4628.75,-10675.0
1921537,47166.875,1124.375,-10845.625
1921537,47166.875,1124.375,-10845.625
1921548,41230.0,1680.0,-17093.125
1921548,41230.0,1680.0,-17093.125
1921559,37870.0,2878.75,-18410.0
1921559,37870.0,2878.75,-18410.0
1921569,36015.0,3762.5,-18427.5
1921569,36015.0,3762.5,-18427.5
1921579,34562.5,2913.75,-19547.5
1921579,34562.5,2913.75,-19547.5
1921589,33438.125,1308.125,-18248.125
1921589,33438.125,1308.125,-18248.125
1921599,31578.75,-2935.625,-16865.625
1921599,31578.75,-2935.625,-16865.625
1921610,29273.125,-5215.0,-17451.875
1921610,29273.125,-5215.0,-17451.875
1921620,27448.75,-2060.625,-17753.75
1921620,27448.75,-2060.625,-17753.75
1921631,26871.25,2043.125,-11891.25
1921631,26871.25,2043.125,-11891.25
1921641,26586.875,4370.625,-8054.375
1921641,26586.875,4370.625,-8054.375
1921651,22299.375,4825.625,-9760.625
1921651,22299.375,4825.625,-9760.625
1921661,19709.375,5079.375,-9331.875
1921661,19709.375,5079.375,-9331.875
1921672,16773.75,4816.875,-8806.875
1921672,16773.75,4816.875,-8806.875
1921682,13138.125,4108.125,-9668.75
1921682,13138.125,4108.125,-9668.75
1921692,10631.25,319.375,-12280.625
1921692,10631.25,319.375,-12280.625
1921702,8911.875,-494.375,-12035.625
1921702,8911.875,-494.375,-12035.625
1921714,5608.75,-3495.625,-12048.75
1921714,5608.75,-3495.625,-12048.75
1921723,2450.0,-5915.0,-9323.125
1921723,2450.0,-5915.0,-9323.125
1921734,240.625,-6601.875,-2690.625
1921734,240.625,-6601.875,-2690.625
1921744,-2375.625,-3399.375,2712.5
1921744,-2375.625,-3399.375,2712.5
1921754,-2397.5,-1268.75,7310.625
1921754,-2397.5,-1268.75,7310.625
1921765,-2804.375,-2301.25,6475.0
1921765,-2804.375,-2301.25,6475.0
1921775,-2590.0,-2292.5,5490.625
1921775,-2590.0,-2292.5,5490.625
1921785,1351.875,-2086.875,8058.75
1921785,1351.875,-2086.875,8058.75
1921795,6435.625,-638.75,11480.0
1921795,6435.625,-638.75,11480.0
1921806,10618.125,-1176.875,10346.875
1921806,10618.125,-1176.875,10346.875
1921816,14656.25,-1911.875,8881.25
1921816,14656.25,-1911.875,8881.25
1921827,18208.75,-2257.5,8264.375
1921827,18208.75,-2257.5,8264.375
1921837,20072.5,-2480.625,5096.875
1921837,20072.5,-2480.625,5096.875
1921847,20418.125,-1671.25,2213.75
1921847,20418.125,-1671.25,2213.75
1921857,19901.875,-1491.875,-1916.25
1921857,19901.875,-1491.875,-1916.25
1921868,21625.625,-1006.25,-3880.625
1921868,21625.625,-1006.25,-3880.625
1921878,23533.125,-2283.75,-6142.5
1921878,23533.125,-2283.75,-6142.5
1921889,25239.375,-4077.5,-9008.125
1921889,25239.375,-4077.5,-9008.125
1921899,26923.75,-3185.0,-9480.625
1921899,26923.75,-3185.0,-9480.625
1921909,27076.875,-1736.875,-12075.0
1921909,27076.875,-1736.875,-12075.0
1921919,26210.625,-879.375,-14984.375
1921919,26210.625,-879.375,-14984.375
1921929,24845.625,-949.375,-19652.5
1921929,24845.625,-949.375,-19652.5
1921940,24539.375,-476.875,-20300.0
1921940,24539.375,-476.875,-20300.0
1921950,25620.0,-560.0,-17408.125
1921950,25620.0,-560.0,-17408.125
1921961,26950.0,-1531.25,-16502.5
1921961,26950.0,-1531.25,-16502.5
1921971,28669.375,-3486.875,-16104.375
1921971,28669.375,-3486.875,-16104.375
1921981,30183.125,-5547.5,-17473.75
1921981,30183.125,-5547.5,-17473.75
1921992,32781.875,-3338.125,-18414.375
1921992,32781.875,-3338.125,-18414.375
1922002,37187.5,402.5,-16240.0
1922002,37187.5,402.5,-16240.0
1922012,42140.0,3788.75,-15190.0
1922012,42140.0,3788.75,-15190.0
1922023,48444.375,7310.625,-12726.875
1922023,48444.375,7310.625,-12726.875
1922033,56153.125,8522.5,-9782.5
1922033,56153.125,8522.5,-9782.5
1922043,65918.125,9677.5,-6584.375
1922043,65918.125,9677.5,-6584.375
1922054,76628.125,9393.125,-5162.5
1922054,76628.125,9393.125,-5162.5
1922064,85885.625,7555.625,-8496.25
1922064,85885.625,7555.625,-8496.25
1922074,91756.875,3062.5,-17014.375
1922074,91756.875,3062.5,-17014.375
1922085,93235.625,-3351.25,-27238.75
1922085,93235.625,-3351.25,-27238.75
1922095,93699.375,3902.5,-30366.875
1922095,93699.375,3902.5,-30366.875
1922105,94377.5,9384.375,-33635.0
1922105,94377.5,9384.375,-33635.0
1922115,96958.75,8640.625,-42030.625
1922115,96958.75,8640.625,-42030.625
1922126,103149.375,3906.875,-52443.125
1922126,103149.375,3906.875,-52443.125
1922136,111566.875,-5250.0,-67405.625
1922136,111566.875,-5250.0,-67405.625
1922146,117250.0,-12293.75,-76916.875
1922146,117250.0,-12293.75,-76916.875
1922157,122272.5,-9165.625,-74585.0
1922157,122272.5,-9165.625,-74585.0
1922167,125969.375,5516.875,-67213.125
1922167,125969.375,5516.875,-67213.125
1922177,130068.75,11655.0,-66246.25
1922177,130068.75,11655.0,-66246.25
1922188,131565.0,-288.75,-75766.25
1922188,131565.0,-288.75,-75766.25
1922198,140393.75,-17320.625,-87959.375
1922198,140393.75,-17320.625,-87959.375
1922208,143355.625,-45355.625,-101950.625
1922208,143355.625,-45355.625,-101950.625
1922219,143320.625,-64316.875,-117311.25
1922219,143320.625,-64316.875,-117311.25
1922229,143272.5,-82398.75,-127859.375
1922229,143272.5,-82398.75,-127859.375
1922239,143355.625,-111339.375,-137843.125
1922239,143355.625,-111339.375,-137843.125
1922250,143355.625,-123291.875,-143355.625
1922250,143355.625,-123291.875,-143355.625
1922261,143355.625,-135152.5,-143355.625
1922261,143355.625,-135152.5,-143355.625
1922270,143355.625,-143355.625,-143250.625
1922270,143355.625,-143355.625,-143250.625
1922280,143355.625,-143355.625,-143355.625
1922280,143355.625,-143355.625,-143355.625
1922291,143355.625,-143171.875,-143355.625
1922291,143355.625,-143171.875,-143355.625
1922301,143355.625,-132606.25,-143355.625
1922301,143355.625,-132606.25,-143355.625
1922311,143355.625,-53038.125,-143355.625
1922311,143355.625,-53038.125,-143355.625
1922322,143355.625,14061.25,-143355.625
1922322,143355.625,14061.25,-143355.625
1922332,143355.625,4440.625,-143355.625
1922332,143355.625,4440.625,-143355.625
1922342,143355.625,-9493.75,-143355.625
1922342,143355.625,-9493.75,-143355.625
1922353,143355.625,-7415.625,-143355.625
1922353,143355.625,-7415.625,-143355.625
1922363,143355.625,-12355.0,-143355.625
1922363,143355.625,-12355.0,-143355.625
1922373,143355.625,-14354.375,-143355.625
1922373,143355.625,-14354.375,-143355.625
1922384,143355.625,-20256.25,-143355.625
1922384,143355.625,-20256.25,-143355.625
1922394,143355.625,-30288.125,-143355.625
1922394,143355.625,-30288.125,-143355.625
1922404,143355.625,-39541.25,-143355.625
1922404,143355.625,-39541.25,-143355.625
1922415,143355.625,-44537.5,-143355.625
1922415,143355.625,-44537.5,-143355.625
1922425,143355.625,-46716.25,-143355.625
1922425,143355.625,-46716.25,-143355.625
1922435,143355.625,-39532.5,-143355.625
1922435,143355.625,-39532.5,-143355.625
1922446,139501.25,-33582.5,-143355.625
1922446,139501.25,-33582.5,-143355.625
1922456,120986.25,-33801.25,-143355.625
1922456,120986.25,-33801.25,-143355.625
1922466,105297.5,-38828.125,-143355.625
1922466,105297.5,-38828.125,-143355.625
1922476,89718.125,-42196.875,-143355.625
1922476,89718.125,-42196.875,-143355.625
1922487,63966.875,-49796.25,-143355.625
1922487,63966.875,-49796.25,-143355.625
1922497,34776.875,-63962.5,-143355.625
1922497,34776.875,-63962.5,-143355.625
1922507,13081.25,-72436.875,-143355.625
1922507,13081.25,-72436.875,-143355.625
1922518,13527.5,-74510.625,-143355.625
1922518,13527.5,-74510.625,-143355.625
1922528,32711.875,-72454.375,-143355.625
1922528,32711.875,-72454.375,-143355.625
1922538,38596.25,-69698.125,-143355.625
1922538,38596.25,-69698.125,-143355.625
1922549,25672.5,-77988.75,-143355.625
1922549,25672.5,-77988.75,-143355.625
1922559,-11834.375,-101241.875,-143355.625
1922559,-11834.375,-101241.875,-143355.625
1922570,-71378.125,-136408.125,-143355.625
1922570,-71378.125,-136408.125,-143355.625
1922580,-127365.0,-143355.625,-143355.625
1922580,-127365.0,-143355.625,-143355.625
1922590,-143360.0,-143128.125,-143355.625
1922590,-143360.0,-143128.125,-143355.625
1922601,-143360.0,-143141.25,-143355.625
1922601,-143360.0,-143141.25,-143355.625
1922611,-142926.875,-143355.625,-143355.625
1922611,-142926.875,-143355.625,-143355.625
1922621,-142891.875,-143355.625,-142196.25
1922621,-142891.875,-143355.625,-142196.25
1922631,-111453.125,-113754.375,-115911.25
1922631,-111453.125,-113754.375,-115911.25
1922642,-41072.5,-41689.375,-72576.875
1922642,-41072.5,-41689.375,-72576.875
1922652,17285.625,-1413.125,-34164.375
1922652,17285.625,-1413.125,-34164.375
1922662,64828.75,14721.875,-5538.75
1922662,64828.75,14721.875,-5538.75
1922673,103355.0,24237.5,17495.625
1922673,103355.0,24237.5,17495.625
1922683,129508.75,27606.25,32816.875
1922683,129508.75,27606.25,32816.875
1922693,143355.625,24298.75,38775.625
1922693,143355.625,24298.75,38775.625
1922703,143355.625,16625.0,39138.75
1922703,143355.625,16625.0,39138.75
1922714,140096.25,16218.125,25173.75
1922714,140096.25,16218.125,25173.75
1922724,124267.5,37450.0,-8268.75
1922724,124267.5,37450.0,-8268.75
1922734,95274.375,56590.625,-36636.25
1922734,95274.375,56590.625,-36636.25
1922745,74917.5,52399.375,-52583.125
1922745,74917.5,52399.375,-52583.125
1922755,30686.25,37550.625,-76912.5
1922755,30686.25,37550.625,-76912.5
1922765,20103.125,21052.5,-65095.625
1922765,20103.125,21052.5,-65095.625
1922776,49778.75,47070.625,-2708.125
1922776,49778.75,47070.625,-2708.125
1922786,47276.25,128288.125,102366.25
1922786,47276.25,128288.125,102366.25
1922796,83085.625,75753.125,108154.375
1922796,83085.625,75753.125,108154.375
1922807,135883.125,-48470.625,96403.125
1922807,135883.125,-48470.625,96403.125
1922817,135078.125,-12718.125,55584.375
1922817,135078.125,-12718.125,55584.375
1922827,116519.375,-11650.625,33110.0
1922827,116519.375,-11650.625,33110.0
1922837,133748.125,-35975.625,25921.875
1922837,133748.125,-35975.625,25921.875
1922848,143355.625,-57172.5,25742.5
1922848,143355.625,-57172.5,25742.5
1922858,143355.625,-57347.5,31578.75
1922858,143355.625,-57347.5,31578.75
1922869,143106.25,-43833.125,36780.625
1922869,143106.25,-43833.125,36780.625
1922879,143355.625,-34991.25,39620.0
1922879,143355.625,-34991.25,39620.0
1922889,143355.625,-29334.375,42118.125
1922889,143355.625,-29334.375,42118.125
1922899,143351.25,-14682.5,41531.875
1922899,143351.25,-14682.5,41531.875
1922910,143355.625,-1089.375,40245.625
1922910,143355.625,-1089.375,40245.625
1922920,142940.0,9060.625,34370.0
1922920,142940.0,9060.625,34370.0
1922930,131888.75,11545.625,37905.0
1922930,131888.75,11545.625,37905.0
1922941,115806.25,17771.25,49406.875
1922941,115806.25,17771.25,49406.875
1922951,103188.75,22745.625,56013.125
1922951,103188.75,22745.625,56013.125
1922962,89363.75,28096.25,61906.25
1922962,89363.75,28096.25,61906.25
1922972,73950.625,27969.375,57141.875
1922972,73950.625,27969.375,57141.875
1922982,62190.625,27361.25,50732.5
1922982,62190.625,27361.25,50732.5
1922993,52937.5,24399.375,48138.125
1922993,52937.5,24399.375,48138.125
1923003,44646.875,17854.375,42638.75
1923003,44646.875,17854.375,42638.75
1923013,34903.75,14717.5,42350.0
1923013,34903.75,14717.5,42350.0
1923023,26433.75,17504.375,42030.625
1923023,26433.75,17504.375,42030.625
1923034,18869.375,14004.375,36176.875
1923034,18869.375,14004.375,36176.875
1923044,7498.75,9498.125,32707.5
1923044,7498.75,9498.125,32707.5
1923054,2030.0,7490.0,30401.875
1923054,2030.0,7490.0,30401.875
1923065,-1566.25,4348.75,26140.625
1923065,-1566.25,4348.75,26140.625
1923076,-2756.25,2012.5,24941.875
1923076,-2756.25,2012.5,24941.875
1923085,-3018.75,726.25,25108.125
1923085,-3018.75,726.25,25108.125
1923096,-2625.0,-310.625,24023.125
1923096,-2625.0,-310.625,24023.125
1923106,-2117.5,-1382.5,22474.375
1923106,-2117.5,-1382.5,22474.375
1923117,-892.5,-1754.375,21091.875
1923117,-892.5,-1754.375,21091.875
1923126,13.125,-2283.75,19381.25
1923126,13.125,-2283.75,19381.25
1923137,-196.875,-2848.125,18130.0
1923137,-196.875,-2848.125,18130.0
1923147,-393.75,-2095.625,16358.125
1923147,-393.75,-2095.625,16358.125
1923158,-315.0,-1356.25,14993.125
1923158,-315.0,-1356.25,14993.125
1923168,-818.125,-665.0,14039.375
1923168,-818.125,-665.0,14039.375
1923178,-1837.5,380.625,13453.125
1923178,-1837.5,380.625,13453.125
1923189,-2253.125,1588.125,13680.625
1923189,-2253.125,1588.125,13680.625
1923199,-1986.25,1890.0,14074.375
1923199,-1986.25,1890.0,14074.375
1923209,-1365.0,1697.5,13860.0
1923209,-1365.0,1697.5,13860.0
1923219,-1933.75,1133.125,12565.0
1923219,-1933.75,1133.125,12565.0
1923230,-2463.125,879.375,10570.0
1923230,-2463.125,879.375,10570.0
1923240,-1220.625,363.125,7835.625
1923240,-1220.625,363.125,7835.625
1923250,1780.625,-1141.875,4335.625
1923250,1780.625,-1141.875,4335.625
1923261,761.25,-1522.5,1273.125
1923261,761.25,-1522.5,1273.125
1923272,621.25,-2073.75,-936.25
1923272,621.25,-2073.75,-936.25
1923281,1596.875,-1872.5,-2572.5
1923281,1596.875,-1872.5,-2572.5
1923292,2677.5,-1255.625,-3482.5
1923292,2677.5,-1255.625,-3482.5
1923302,3740.625,-529.375,-4020.625
1923302,3740.625,-529.375,-4020.625
1923313,7105.0,1299.375,-5044.375
1923313,7105.0,1299.375,-5044.375
1923323,6181.875,-262.5,-4659.375
1923323,6181.875,-262.5,-4659.375
1923333,2979.375,-739.375,-5092.5
1923333,2979.375,-739.375,-5092.5
1923343,3753.75,-144.375,-4956.875
1923343,3753.75,-144.375,-4956.875
1923354,4414.375,345.625,-3215.625
1923354,4414.375,345.625,-3215.625
1923364,4191.25,551.25,-1277.5
1923364,4191.25,551.25,-1277.5
1923374,4108.125,818.125,-4.375
1923374,4108.125,818.125,-4.375
1923385,4913.125,511.875,1496.25
1923385,4913.125,511.875,1496.25
1923395,5893.125,459.375,3031.875
1923395,5893.125,459.375,3031.875
