1936870,-62.5,531.25,843.75,-85.9375,-828.125,601.5625,250.0,-945.3125,273.4375,406.25,-906.25,-140.625,359.375,-929.6875,85.9375
1936870,-62.5,531.25,843.75,-85.9375,-828.125,601.5625,250.0,-945.3125,273.4375,406.25,-906.25,-140.625,359.375,-929.6875,85.9375
1936878,-62.5,531.25,851.5625,-78.125,-828.125,609.375,257.8125,-945.3125,273.4375,398.4375,-906.25,-140.625,359.375,-937.5,78.125
1936878,-62.5,531.25,851.5625,-78.125,-828.125,609.375,257.8125,-945.3125,273.4375,398.4375,-906.25,-140.625,359.375,-937.5,78.125
1936886,-70.3125,539.0625,843.75,-78.125,-828.125,601.5625,250.0,-937.5,265.625,398.4375,-898.4375,-140.625,351.5625,-929.6875,85.9375
1936886,-70.3125,539.0625,843.75,-78.125,-828.125,601.5625,250.0,-937.5,265.625,398.4375,-898.4375,-140.625,351.5625,-929.6875,85.9375
1936886,-70.3125,531.25,843.75,-78.125,-828.125,609.375,250.0,-945.3125,273.4375,398.4375,-898.4375,-140.625,359.375,-929.6875,78.125
1936886,-70.3125,531.25,843.75,-78.125,-828.125,609.375,250.0,-945.3125,273.4375,398.4375,-898.4375,-140.625,359.375,-929.6875,78.125
1937032,-70.3125,523.4375,843.75,-85.9375,-820.3125,601.5625,242.1875,-945.3125,265.625,406.25,-898.4375,-148.4375,351.5625,-929.6875,85.9375
1937032,-70.3125,523.4375,843.75,-85.9375,-820.3125,601.5625,242.1875,-945.3125,265.625,406.25,-898.4375,-148.4375,351.5625,-929.6875,85.9375
1937039,-62.5,523.4375,843.75,-85.9375,-820.3125,601.5625,250.0,-945.3125,273.4375,406.25,-898.4375,-140.625,359.375,-937.5,85.9375
1937039,-62.5,523.4375,843.75,-85.9375,-820.3125,601.5625,250.0,-945.3125,273.4375,406.25,-898.4375,-140.625,359.375,-937.5,85.9375
1937048,-62.5,523.4375,843.75,-85.9375,-828.125,601.5625,250.0,-937.5,273.4375,406.25,-898.4375,-140.625,351.5625,-937.5,78.125
1937048,-62.5,523.4375,843.75,-85.9375,-828.125,601.5625,250.0,-937.5,273.4375,406.25,-898.4375,-140.625,351.5625,-937.5,78.125
1937048,-62.5,539.0625,843.75,-93.75,-812.5,601.5625,250.0,-945.3125,273.4375,398.4375,-898.4375,-140.625,359.375,-929.6875,78.125
1937048,-62.5,539.0625,843.75,-93.75,-812.5,601.5625,250.0,-945.3125,273.4375,398.4375,-898.4375,-140.625,359.375,-929.6875,78.125
1937112,-62.5,531.25,843.75,-85.9375,-828.125,609.375,250.0,-953.125,273.4375,406.25,-906.25,-132.8125,367.1875,-945.3125,78.125
1937112,-62.5,531.25,843.75,-85.9375,-828.125,609.375,250.0,-953.125,273.4375,406.25,-906.25,-132.8125,367.1875,-945.3125,78.125
1937120,-62.5,523.4375,835.9375,-85.9375,-828.125,609.375,250.0,-953.125,281.25,406.25,-906.25,-140.625,359.375,-929.6875,85.9375
1937120,-62.5,523.4375,835.9375,-85.9375,-828.125,609.375,250.0,-953.125,281.25,406.25,-906.25,-140.625,359.375,-929.6875,85.9375
1937128,-62.5,531.25,843.75,-85.9375,-828.125,609.375,250.0,-945.3125,273.4375,406.25,-898.4375,-140.625,351.5625,-929.6875,85.9375
1937128,-62.5,531.25,843.75,-85.9375,-828.125,609.375,250.0,-945.3125,273.4375,406.25,-898.4375,-140.625,351.5625,-929.6875,85.9375
1937128,-62.5,531.25,843.75,-85.9375,-828.125,609.375,250.0,-953.125,273.4375,398.4375,-906.25,-132.8125,351.5625,-937.5,70.3125
1937128,-62.5,531.25,843.75,-85.9375,-828.125,609.375,250.0,-953.125,273.4375,398.4375,-906.25,-132.8125,351.5625,-937.5,70.3125
1937273,-62.5,507.8125,867.1875,-85.9375,-835.9375,601.5625,250.0,-960.9375,265.625,414.0625,-906.25,-148.4375,367.1875,-945.3125,85.9375
1937273,-62.5,507.8125,867.1875,-85.9375,-835.9375,601.5625,250.0,-960.9375,265.625,414.0625,-906.25,-148.4375,367.1875,-945.3125,85.9375
1937281,-62.5,515.625,851.5625,-78.125,-835.9375,593.75,250.0,-953.125,273.4375,414.0625,-906.25,-140.625,359.375,-937.5,85.9375
1937281,-62.5,515.625,851.5625,-78.125,-835.9375,593.75,250.0,-953.125,273.4375,414.0625,-906.25,-140.625,359.375,-937.5,85.9375
1937289,-62.5,523.4375,859.375,-78.125,-828.125,609.375,250.0,-945.3125,265.625,406.25,-898.4375,-148.4375,359.375,-937.5,85.9375
1937289,-62.5,523.4375,859.375,-78.125,-828.125,609.375,250.0,-945.3125,265.625,406.25,-898.4375,-148.4375,359.375,-937.5,85.9375
1937289,-62.5,515.625,859.375,-70.3125,-820.3125,593.75,250.0,-953.125,265.625,414.0625,-906.25,-140.625,351.5625,-937.5,78.125
1937289,-62.5,515.625,859.375,-70.3125,-820.3125,593.75,250.0,-953.125,265.625,414.0625,-906.25,-140.625,351.5625,-937.5,78.125
1937597,-54.6875,539.0625,851.5625,-70.3125,-835.9375,601.5625,257.8125,-945.3125,273.4375,406.25,-898.4375,-148.4375,359.375,-937.5,85.9375
1937597,-54.6875,539.0625,851.5625,-70.3125,-835.9375,601.5625,257.8125,-945.3125,273.4375,406.25,-898.4375,-148.4375,359.375,-937.5,85.9375
1937605,-62.5,531.25,851.5625,-70.3125,-820.3125,601.5625,257.8125,-945.3125,281.25,406.25,-906.25,-140.625,359.375,-937.5,85.9375
1937605,-62.5,531.25,851.5625,-70.3125,-820.3125,601.5625,257.8125,-945.3125,281.25,406.25,-906.25,-140.625,359.375,-937.5,85.9375
1937613,-54.6875,531.25,851.5625,-70.3125,-835.9375,601.5625,250.0,-945.3125,273.4375,406.25,-906.25,-140.625,359.375,-945.3125,85.9375
1937613,-54.6875,531.25,851.5625,-70.3125,-835.9375,601.5625,250.0,-945.3125,273.4375,406.25,-906.25,-140.625,359.375,-945.3125,85.9375
1937613,-62.5,539.0625,843.75,-70.3125,-820.3125,601.5625,250.0,-945.3125,273.4375,406.25,-898.4375,-140.625,351.5625,-937.5,85.9375
1937613,-62.5,539.0625,843.75,-70.3125,-820.3125,601.5625,250.0,-945.3125,273.4375,406.25,-898.4375,-140.625,351.5625,-937.5,85.9375
1937637,-62.5,539.0625,835.9375,-78.125,-820.3125,609.375,250.0,-937.5,281.25,406.25,-898.4375,-132.8125,359.375,-929.6875,85.9375
1937637,-62.5,539.0625,835.9375,-78.125,-820.3125,609.375,250.0,-937.5,281.25,406.25,-898.4375,-132.8125,359.375,-929.6875,85.9375
1937645,-62.5,531.25,835.9375,-70.3125,-820.3125,593.75,257.8125,-945.3125,265.625,406.25,-898.4375,-125.0,359.375,-937.5,85.9375
1937645,-62.5,531.25,835.9375,-70.3125,-820.3125,593.75,257.8125,-945.3125,265.625,406.25,-898.4375,-125.0,359.375,-937.5,85.9375
1937653,-54.6875,531.25,843.75,-78.125,-820.3125,601.5625,257.8125,-945.3125,281.25,414.0625,-898.4375,-140.625,359.375,-921.875,85.9375
1937653,-54.6875,531.25,843.75,-78.125,-820.3125,601.5625,257.8125,-945.3125,281.25,414.0625,-898.4375,-140.625,359.375,-921.875,85.9375
1937653,-62.5,523.4375,843.75,-78.125,-828.125,601.5625,250.0,-945.3125,281.25,406.25,-898.4375,-132.8125,359.375,-929.6875,78.125
1937653,-62.5,523.4375,843.75,-78.125,-828.125,601.5625,250.0,-945.3125,281.25,406.25,-898.4375,-132.8125,359.375,-929.6875,78.125
1937798,-62.5,539.0625,851.5625,-78.125,-828.125,609.375,257.8125,-945.3125,273.4375,406.25,-898.4375,-132.8125,359.375,-937.5,93.75
1937798,-62.5,539.0625,851.5625,-78.125,-828.125,609.375,257.8125,-945.3125,273.4375,406.25,-898.4375,-132.8125,359.375,-937.5,93.75
1937806,-62.5,539.0625,843.75,-70.3125,-820.3125,609.375,250.0,-945.3125,273.4375,406.25,-898.4375,-132.8125,359.375,-937.5,85.9375
1937806,-62.5,539.0625,843.75,-70.3125,-820.3125,609.375,250.0,-945.3125,273.4375,406.25,-898.4375,-132.8125,359.375,-937.5,85.9375
1937814,-54.6875,539.0625,843.75,-70.3125,-820.3125,609.375,250.0,-945.3125,281.25,406.25,-906.25,-132.8125,359.375,-937.5,93.75
1937814,-54.6875,539.0625,843.75,-70.3125,-820.3125,609.375,250.0,-945.3125,281.25,406.25,-906.25,-132.8125,359.375,-937.5,93.75
1937814,-62.5,539.0625,835.9375,-78.125,-820.3125,609.375,257.8125,-945.3125,281.25,414.0625,-906.25,-132.8125,359.375,-921.875,85.9375
1937814,-62.5,539.0625,835.9375,-78.125,-820.3125,609.375,257.8125,-945.3125,281.25,414.0625,-906.25,-132.8125,359.375,-921.875,85.9375
1937960,-62.5,531.25,843.75,-78.125,-835.9375,601.5625,250.0,-945.3125,265.625,398.4375,-898.4375,-156.25,367.1875,-937.5,70.3125
1937960,-62.5,531.25,843.75,-78.125,-835.9375,601.5625,250.0,-945.3125,265.625,398.4375,-898.4375,-156.25,367.1875,-937.5,70.3125
1937968,-62.5,531.25,843.75,-70.3125,-828.125,593.75,257.8125,-945.3125,273.4375,406.25,-898.4375,-164.0625,367.1875,-937.5,70.3125
1937968,-62.5,531.25,843.75,-70.3125,-828.125,593.75,257.8125,-945.3125,273.4375,406.25,-898.4375,-164.0625,367.1875,-937.5,70.3125
1937975,-62.5,539.0625,843.75,-78.125,-828.125,593.75,250.0,-945.3125,265.625,398.4375,-898.4375,-156.25,367.1875,-929.6875,70.3125
1937975,-62.5,539.0625,843.75,-78.125,-828.125,593.75,250.0,-945.3125,265.625,398.4375,-898.4375,-156.25,367.1875,-929.6875,70.3125
1937975,-62.5,539.0625,843.75,-78.125,-820.3125,593.75,242.1875,-945.3125,257.8125,406.25,-898.4375,-148.4375,359.375,-937.5,70.3125
1937975,-62.5,539.0625,843.75,-78.125,-820.3125,593.75,242.1875,-945.3125,257.8125,406.25,-898.4375,-148.4375,359.375,-937.5,70.3125
1938242,-46.875,562.5,859.375,-62.5,-843.75,664.0625,281.25,-976.5625,312.5,421.875,-937.5,-117.1875,359.375,-960.9375,93.75
1938242,-46.875,562.5,859.375,-62.5,-843.75,664.0625,281.25,-976.5625,312.5,421.875,-937.5,-117.1875,359.375,-960.9375,93.75
1938248,-54.6875,562.5,843.75,-62.5,-843.75,664.0625,281.25,-984.375,320.3125,429.6875,-945.3125,-109.375,367.1875,-960.9375,109.375
1938248,-54.6875,562.5,843.75,-62.5,-843.75,664.0625,281.25,-984.375,320.3125,429.6875,-945.3125,-109.375,367.1875,-960.9375,109.375
1938258,-62.5,570.3125,843.75,-54.6875,-835.9375,664.0625,281.25,-984.375,328.125,445.3125,-945.3125,-101.5625,351.5625,-960.9375,101.5625
1938258,-62.5,570.3125,843.75,-54.6875,-835.9375,664.0625,281.25,-984.375,328.125,445.3125,-945.3125,-101.5625,351.5625,-960.9375,101.5625
1938258,-62.5,562.5,851.5625,-46.875,-867.1875,687.5,320.3125,-992.1875,343.75,460.9375,-960.9375,-101.5625,343.75,-960.9375,101.5625
1938258,-62.5,562.5,851.5625,-46.875,-867.1875,687.5,320.3125,-992.1875,343.75,460.9375,-960.9375,-101.5625,343.75,-960.9375,101.5625
1938321,78.125,976.5625,867.1875,132.8125,-1039.0625,968.75,429.6875,-1218.75,507.8125,664.0625,-1203.125,39.0625,507.8125,-1226.5625,359.375
1938321,78.125,976.5625,867.1875,132.8125,-1039.0625,968.75,429.6875,-1218.75,507.8125,664.0625,-1203.125,39.0625,507.8125,-1226.5625,359.375
1938330,31.25,1054.6875,867.1875,78.125,-968.75,1015.625,429.6875,-1312.5,500.0,617.1875,-1218.75,15.625,507.8125,-1359.375,367.1875
1938330,31.25,1054.6875,867.1875,78.125,-968.75,1015.625,429.6875,-1312.5,500.0,617.1875,-1218.75,15.625,507.8125,-1359.375,367.1875
1938338,-15.625,1031.25,804.6875,156.25,-1062.5,1031.25,601.5625,-1320.3125,578.125,789.0625,-1234.375,109.375,562.5,-1226.5625,382.8125
1938338,-15.625,1031.25,804.6875,156.25,-1062.5,1031.25,601.5625,-1320.3125,578.125,789.0625,-1234.375,109.375,562.5,-1226.5625,382.8125
1938338,-23.4375,1015.625,789.0625,195.3125,-1078.125,1015.625,562.5,-1343.75,593.75,906.25,-1289.0625,187.5,601.5625,-1234.375,484.375
1938338,-23.4375,1015.625,789.0625,195.3125,-1078.125,1015.625,562.5,-1343.75,593.75,906.25,-1289.0625,187.5,601.5625,-1234.375,484.375
1938483,-187.5,851.5625,718.75,7.8125,-632.8125,820.3125,234.375,-843.75,414.0625,375.0,-875.0,46.875,257.8125,-914.0625,281.25
1938483,-187.5,851.5625,718.75,7.8125,-632.8125,820.3125,234.375,-843.75,414.0625,375.0,-875.0,46.875,257.8125,-914.0625,281.25
1938483,-195.3125,828.125,742.1875,-31.25,-648.4375,789.0625,203.125,-843.75,406.25,343.75,-875.0,46.875,226.5625,-890.625,289.0625
1938483,-195.3125,828.125,742.1875,-31.25,-648.4375,789.0625,203.125,-843.75,406.25,343.75,-875.0,46.875,226.5625,-890.625,289.0625
1938491,-195.3125,804.6875,757.8125,-39.0625,-648.4375,773.4375,226.5625,-843.75,390.625,328.125,-882.8125,23.4375,203.125,-890.625,289.0625
1938491,-195.3125,804.6875,757.8125,-39.0625,-648.4375,773.4375,226.5625,-843.75,390.625,328.125,-882.8125,23.4375,203.125,-890.625,289.0625
1938499,-195.3125,820.3125,750.0,-85.9375,-656.25,742.1875,179.6875,-843.75,382.8125,312.5,-875.0,23.4375,164.0625,-890.625,273.4375
1938499,-195.3125,820.3125,750.0,-85.9375,-656.25,742.1875,179.6875,-843.75,382.8125,312.5,-875.0,23.4375,164.0625,-890.625,273.4375
1938564,-367.1875,132.8125,765.625,-328.125,-835.9375,437.5,7.8125,-976.5625,203.125,148.4375,-960.9375,-109.375,15.625,-945.3125,109.375
1938564,-367.1875,132.8125,765.625,-328.125,-835.9375,437.5,7.8125,-976.5625,203.125,148.4375,-960.9375,-109.375,15.625,-945.3125,109.375
1938564,-359.375,132.8125,789.0625,-367.1875,-835.9375,429.6875,-31.25,-976.5625,187.5,101.5625,-953.125,-125.0,0.0,-953.125,78.125
1938564,-359.375,132.8125,789.0625,-367.1875,-835.9375,429.6875,-31.25,-976.5625,187.5,101.5625,-953.125,-125.0,0.0,-953.125,78.125
1938572,-359.375,125.0,773.4375,-367.1875,-859.375,406.25,-54.6875,-968.75,148.4375,70.3125,-960.9375,-171.875,-23.4375,-953.125,39.0625
1938572,-359.375,125.0,773.4375,-367.1875,-859.375,406.25,-54.6875,-968.75,148.4375,70.3125,-960.9375,-171.875,-23.4375,-953.125,39.0625
1938580,-382.8125,117.1875,789.0625,-390.625,-875.0,390.625,-62.5,-968.75,132.8125,15.625,-953.125,-203.125,-46.875,-921.875,0.0
1938580,-382.8125,117.1875,789.0625,-390.625,-875.0,390.625,-62.5,-968.75,132.8125,15.625,-953.125,-203.125,-46.875,-921.875,0.0
1938726,-906.25,0.0,289.0625,-804.6875,-281.25,-250.0,-578.125,-453.125,-679.6875,-484.375,-703.125,-726.5625,-203.125,-593.75,-703.125
1938726,-906.25,0.0,289.0625,-804.6875,-281.25,-250.0,-578.125,-453.125,-679.6875,-484.375,-703.125,-726.5625,-203.125,-593.75,-703.125
1938726,-781.25,-39.0625,289.0625,-773.4375,-304.6875,-187.5,-718.75,-460.9375,-695.3125,-500.0,-640.625,-742.1875,-218.75,-554.6875,-750.0
1938726,-781.25,-39.0625,289.0625,-773.4375,-304.6875,-187.5,-718.75,-460.9375,-695.3125,-500.0,-640.625,-742.1875,-218.75,-554.6875,-750.0
1938734,-757.8125,-54.6875,312.5,-742.1875,-351.5625,-148.4375,-515.625,-460.9375,-710.9375,-492.1875,-578.125,-742.1875,-250.0,-554.6875,-820.3125
1938734,-757.8125,-54.6875,312.5,-742.1875,-351.5625,-148.4375,-515.625,-460.9375,-710.9375,-492.1875,-578.125,-742.1875,-250.0,-554.6875,-820.3125
1938742,-843.75,-125.0,312.5,-789.0625,-406.25,-148.4375,-820.3125,-437.5,-656.25,-523.4375,-539.0625,-742.1875,-257.8125,-625.0,-828.125
1938742,-843.75,-125.0,312.5,-789.0625,-406.25,-148.4375,-820.3125,-437.5,-656.25,-523.4375,-539.0625,-742.1875,-257.8125,-625.0,-828.125
1938887,-1007.8125,-304.6875,500.0,-867.1875,-859.375,-445.3125,-460.9375,-703.125,-984.375,-242.1875,-742.1875,-1039.0625,62.5,-578.125,-1062.5
1938887,-1007.8125,-304.6875,500.0,-867.1875,-859.375,-445.3125,-460.9375,-703.125,-984.375,-242.1875,-742.1875,-1039.0625,62.5,-578.125,-1062.5
1938887,-968.75,-273.4375,437.5,-835.9375,-890.625,-406.25,-445.3125,-703.125,-968.75,-226.5625,-734.375,-1031.25,117.1875,-593.75,-1000.0
1938887,-968.75,-273.4375,437.5,-835.9375,-890.625,-406.25,-445.3125,-703.125,-968.75,-226.5625,-734.375,-1031.25,117.1875,-593.75,-1000.0
1938895,-1023.4375,-265.625,453.125,-765.625,-890.625,-343.75,-421.875,-726.5625,-914.0625,-179.6875,-703.125,-960.9375,132.8125,-585.9375,-898.4375
1938895,-1023.4375,-265.625,453.125,-765.625,-890.625,-343.75,-421.875,-726.5625,-914.0625,-179.6875,-703.125,-960.9375,132.8125,-585.9375,-898.4375
1938903,-945.3125,-289.0625,476.5625,-718.75,-867.1875,-234.375,-375.0,-742.1875,-859.375,-117.1875,-718.75,-906.25,140.625,-562.5,-914.0625
1938903,-945.3125,-289.0625,476.5625,-718.75,-867.1875,-234.375,-375.0,-742.1875,-859.375,-117.1875,-718.75,-906.25,140.625,-562.5,-914.0625
1939048,-921.875,2843.75,546.875,-1039.0625,484.375,3382.8125,-710.9375,-1921.875,3085.9375,1101.5625,-2414.0625,2789.0625,1023.4375,-2601.5625,2226.5625
1939048,-921.875,2843.75,546.875,-1039.0625,484.375,3382.8125,-710.9375,-1921.875,3085.9375,1101.5625,-2414.0625,2789.0625,1023.4375,-2601.5625,2226.5625
1939048,-882.8125,2726.5625,546.875,-1085.9375,460.9375,3429.6875,-789.0625,-1976.5625,3195.3125,1203.125,-2234.375,2640.625,679.6875,-1953.125,1250.0
1939048,-882.8125,2726.5625,546.875,-1085.9375,460.9375,3429.6875,-789.0625,-1976.5625,3195.3125,1203.125,-2234.375,2640.625,679.6875,-1953.125,1250.0
1939056,-976.5625,2843.75,593.75,-921.875,539.0625,3351.5625,-617.1875,-1765.625,2914.0625,1007.8125,-2265.625,2296.875,1046.875,-2187.5,2085.9375
1939056,-976.5625,2843.75,593.75,-921.875,539.0625,3351.5625,-617.1875,-1765.625,2914.0625,1007.8125,-2265.625,2296.875,1046.875,-2187.5,2085.9375
1939064,-859.375,3085.9375,453.125,-937.5,476.5625,3085.9375,-648.4375,-1773.4375,2796.875,960.9375,-1953.125,2187.5,1257.8125,-2656.25,2414.0625
1939064,-859.375,3085.9375,453.125,-937.5,476.5625,3085.9375,-648.4375,-1773.4375,2796.875,960.9375,-1953.125,2187.5,1257.8125,-2656.25,2414.0625
1939209,-695.3125,-367.1875,812.5,-335.9375,-1273.4375,39.0625,164.0625,-1140.625,-687.5,562.5,-796.875,-859.375,765.625,-570.3125,-773.4375
1939209,-695.3125,-367.1875,812.5,-335.9375,-1273.4375,39.0625,164.0625,-1140.625,-687.5,562.5,-796.875,-859.375,765.625,-570.3125,-773.4375
1939209,-695.3125,-351.5625,835.9375,-382.8125,-1312.5,31.25,125.0,-1156.25,-757.8125,531.25,-820.3125,-937.5,734.375,-554.6875,-914.0625
1939209,-695.3125,-351.5625,835.9375,-382.8125,-1312.5,31.25,125.0,-1156.25,-757.8125,531.25,-820.3125,-937.5,734.375,-554.6875,-914.0625
1939217,-703.125,-437.5,828.125,-375.0,-1343.75,-31.25,132.8125,-1148.4375,-851.5625,500.0,-796.875,-1039.0625,687.5,-507.8125,-1054.6875
1939217,-703.125,-437.5,828.125,-375.0,-1343.75,-31.25,132.8125,-1148.4375,-851.5625,500.0,-796.875,-1039.0625,687.5,-507.8125,-1054.6875
1939225,-750.0,-484.375,835.9375,-375.0,-1382.8125,-125.0,125.0,-1125.0,-945.3125,453.125,-734.375,-1140.625,664.0625,-476.5625,-1125.0
1939225,-750.0,-484.375,835.9375,-375.0,-1382.8125,-125.0,125.0,-1125.0,-945.3125,453.125,-734.375,-1140.625,664.0625,-476.5625,-1125.0
1939370,-843.75,-562.5,54.6875,-742.1875,-531.25,-562.5,-500.0,-328.125,-875.0,-414.0625,-453.125,-859.375,-156.25,-398.4375,-914.0625
1939370,-843.75,-562.5,54.6875,-742.1875,-531.25,-562.5,-500.0,-328.125,-875.0,-414.0625,-453.125,-859.375,-156.25,-398.4375,-914.0625
1939371,-851.5625,-523.4375,70.3125,-750.0,-523.4375,-531.25,-531.25,-328.125,-851.5625,-421.875,-484.375,-835.9375,-171.875,-421.875,-898.4375
1939371,-851.5625,-523.4375,70.3125,-750.0,-523.4375,-531.25,-531.25,-328.125,-851.5625,-421.875,-484.375,-835.9375,-171.875,-421.875,-898.4375
1939378,-812.5,-460.9375,101.5625,-734.375,-523.4375,-468.75,-523.4375,-351.5625,-835.9375,-414.0625,-523.4375,-812.5,-195.3125,-445.3125,-914.0625
1939378,-812.5,-460.9375,101.5625,-734.375,-523.4375,-468.75,-523.4375,-351.5625,-835.9375,-414.0625,-523.4375,-812.5,-195.3125,-445.3125,-914.0625
1939387,-773.4375,-414.0625,101.5625,-726.5625,-539.0625,-382.8125,-539.0625,-406.25,-781.25,-398.4375,-578.125,-781.25,-187.5,-492.1875,-890.625
1939387,-773.4375,-414.0625,101.5625,-726.5625,-539.0625,-382.8125,-539.0625,-406.25,-781.25,-398.4375,-578.125,-781.25,-187.5,-492.1875,-890.625
1939532,-1015.625,-210.9375,195.3125,-929.6875,-578.125,62.5,-656.25,-820.3125,-335.9375,-226.5625,-1031.25,-367.1875,-7.8125,-984.375,-468.75
1939532,-1015.625,-210.9375,195.3125,-929.6875,-578.125,62.5,-656.25,-820.3125,-335.9375,-226.5625,-1031.25,-367.1875,-7.8125,-984.375,-468.75
1939532,-1000.0,-179.6875,195.3125,-937.5,-585.9375,62.5,-664.0625,-828.125,-335.9375,-226.5625,-1023.4375,-375.0,-7.8125,-976.5625,-468.75
1939532,-1000.0,-179.6875,195.3125,-937.5,-585.9375,62.5,-664.0625,-828.125,-335.9375,-226.5625,-1023.4375,-375.0,-7.8125,-976.5625,-468.75
1939540,-1031.25,-132.8125,195.3125,-945.3125,-585.9375,70.3125,-679.6875,-835.9375,-343.75,-226.5625,-1015.625,-367.1875,7.8125,-976.5625,-445.3125
1939540,-1031.25,-132.8125,195.3125,-945.3125,-585.9375,70.3125,-679.6875,-835.9375,-343.75,-226.5625,-1015.625,-367.1875,7.8125,-976.5625,-445.3125
1939548,-1046.875,-101.5625,203.125,-960.9375,-570.3125,70.3125,-679.6875,-820.3125,-328.125,-218.75,-1023.4375,-335.9375,15.625,-992.1875,-429.6875
1939548,-1046.875,-101.5625,203.125,-960.9375,-570.3125,70.3125,-679.6875,-820.3125,-328.125,-218.75,-1023.4375,-335.9375,15.625,-992.1875,-429.6875
1939612,-1023.4375,46.875,179.6875,-945.3125,-484.375,218.75,-687.5,-835.9375,-148.4375,-179.6875,-1054.6875,-179.6875,15.625,-1015.625,-281.25
1939612,-1023.4375,46.875,179.6875,-945.3125,-484.375,218.75,-687.5,-835.9375,-148.4375,-179.6875,-1054.6875,-179.6875,15.625,-1015.625,-281.25
1939612,-1015.625,15.625,171.875,-945.3125,-468.75,210.9375,-679.6875,-828.125,-140.625,-171.875,-1031.25,-132.8125,15.625,-992.1875,-289.0625
1939612,-1015.625,15.625,171.875,-945.3125,-468.75,210.9375,-679.6875,-828.125,-140.625,-171.875,-1031.25,-132.8125,15.625,-992.1875,-289.0625
1939619,-1031.25,15.625,156.25,-937.5,-460.9375,226.5625,-679.6875,-820.3125,-125.0,-164.0625,-1015.625,-132.8125,15.625,-976.5625,-304.6875
1939619,-1031.25,15.625,156.25,-937.5,-460.9375,226.5625,-679.6875,-820.3125,-125.0,-164.0625,-1015.625,-132.8125,15.625,-976.5625,-304.6875
1939627,-1039.0625,23.4375,148.4375,-914.0625,-437.5,218.75,-664.0625,-796.875,-117.1875,-171.875,-1000.0,-156.25,7.8125,-984.375,-296.875
1939627,-1039.0625,23.4375,148.4375,-914.0625,-437.5,218.75,-664.0625,-796.875,-117.1875,-171.875,-1000.0,-156.25,7.8125,-984.375,-296.875
1939773,-1007.8125,-54.6875,125.0,-867.1875,-406.25,109.375,-617.1875,-656.25,-203.125,-187.5,-859.375,-242.1875,23.4375,-828.125,-343.75
1939773,-1007.8125,-54.6875,125.0,-867.1875,-406.25,109.375,-617.1875,-656.25,-203.125,-187.5,-859.375,-242.1875,23.4375,-828.125,-343.75
1939774,-1023.4375,-70.3125,148.4375,-875.0,-414.0625,117.1875,-609.375,-671.875,-203.125,-203.125,-859.375,-250.0,23.4375,-835.9375,-351.5625
1939774,-1023.4375,-70.3125,148.4375,-875.0,-414.0625,117.1875,-609.375,-671.875,-203.125,-203.125,-859.375,-250.0,23.4375,-835.9375,-351.5625
1939782,-984.375,-46.875,203.125,-875.0,-437.5,132.8125,-601.5625,-687.5,-210.9375,-218.75,-898.4375,-281.25,0.0,-867.1875,-398.4375
1939782,-984.375,-46.875,203.125,-875.0,-437.5,132.8125,-601.5625,-687.5,-210.9375,-218.75,-898.4375,-281.25,0.0,-867.1875,-398.4375
1939790,-937.5,-7.8125,234.375,-867.1875,-476.5625,164.0625,-617.1875,-734.375,-226.5625,-226.5625,-953.125,-296.875,-23.4375,-914.0625,-414.0625
1939790,-937.5,-7.8125,234.375,-867.1875,-476.5625,164.0625,-617.1875,-734.375,-226.5625,-226.5625,-953.125,-296.875,-23.4375,-914.0625,-414.0625
1939830,-984.375,-7.8125,273.4375,-898.4375,-546.875,179.6875,-625.0,-820.3125,-226.5625,-156.25,-1015.625,-296.875,46.875,-953.125,-414.0625
1939830,-984.375,-7.8125,273.4375,-898.4375,-546.875,179.6875,-625.0,-820.3125,-226.5625,-156.25,-1015.625,-296.875,46.875,-953.125,-414.0625
1939838,-1015.625,7.8125,257.8125,-906.25,-531.25,179.6875,-625.0,-820.3125,-250.0,-156.25,-992.1875,-296.875,62.5,-953.125,-414.0625
1939838,-1015.625,7.8125,257.8125,-906.25,-531.25,179.6875,-625.0,-820.3125,-250.0,-156.25,-992.1875,-296.875,62.5,-953.125,-414.0625
1939838,-1000.0,15.625,273.4375,-898.4375,-539.0625,171.875,-640.625,-820.3125,-242.1875,-156.25,-992.1875,-289.0625,70.3125,-960.9375,-398.4375
1939838,-1000.0,15.625,273.4375,-898.4375,-539.0625,171.875,-640.625,-820.3125,-242.1875,-156.25,-992.1875,-289.0625,70.3125,-960.9375,-398.4375
1939846,-1007.8125,-7.8125,273.4375,-906.25,-539.0625,179.6875,-617.1875,-820.3125,-242.1875,-148.4375,-1007.8125,-289.0625,62.5,-960.9375,-398.4375
1939846,-1007.8125,-7.8125,273.4375,-906.25,-539.0625,179.6875,-617.1875,-820.3125,-242.1875,-148.4375,-1007.8125,-289.0625,62.5,-960.9375,-398.4375
