1919047,-109.375,476.5625,875.0,-39.0625,-859.375,554.6875,187.5,-960.9375,281.25,460.9375,-890.625,7.8125,453.125,-859.375,226.5625
1919047,-109.375,476.5625,875.0,-39.0625,-859.375,554.6875,187.5,-960.9375,281.25,460.9375,-890.625,7.8125,453.125,-859.375,226.5625
1919047,-117.1875,468.75,875.0,-39.0625,-851.5625,562.5,195.3125,-953.125,289.0625,460.9375,-882.8125,0.0,460.9375,-867.1875,226.5625
1919047,-117.1875,468.75,875.0,-39.0625,-851.5625,562.5,195.3125,-953.125,289.0625,460.9375,-882.8125,0.0,460.9375,-867.1875,226.5625
1919055,-125.0,476.5625,867.1875,-39.0625,-851.5625,554.6875,187.5,-953.125,289.0625,460.9375,-882.8125,0.0,453.125,-867.1875,218.75
1919055,-125.0,476.5625,867.1875,-39.0625,-851.5625,554.6875,187.5,-953.125,289.0625,460.9375,-882.8125,0.0,453.125,-867.1875,218.75
1919063,-117.1875,476.5625,867.1875,-46.875,-851.5625,562.5,195.3125,-953.125,281.25,468.75,-882.8125,0.0,453.125,-867.1875,218.75
1919063,-117.1875,476.5625,867.1875,-46.875,-851.5625,562.5,195.3125,-953.125,281.25,468.75,-882.8125,0.0,453.125,-867.1875,218.75
1919208,-117.1875,476.5625,875.0,-39.0625,-851.5625,562.5,187.5,-953.125,289.0625,453.125,-890.625,0.0,460.9375,-867.1875,226.5625
1919208,-117.1875,476.5625,875.0,-39.0625,-851.5625,562.5,187.5,-953.125,289.0625,453.125,-890.625,0.0,460.9375,-867.1875,226.5625
1919208,-109.375,468.75,882.8125,-46.875,-851.5625,562.5,195.3125,-960.9375,281.25,460.9375,-882.8125,0.0,453.125,-867.1875,226.5625
1919208,-109.375,468.75,882.8125,-46.875,-851.5625,562.5,195.3125,-960.9375,281.25,460.9375,-882.8125,0.0,453.125,-867.1875,226.5625
1919216,-109.375,476.5625,875.0,-39.0625,-859.375,562.5,187.5,-960.9375,281.25,453.125,-882.8125,-7.8125,460.9375,-867.1875,226.5625
1919216,-109.375,476.5625,875.0,-39.0625,-859.375,562.5,187.5,-960.9375,281.25,453.125,-882.8125,-7.8125,460.9375,-867.1875,226.5625
1919224,-117.1875,468.75,867.1875,-39.0625,-851.5625,570.3125,187.5,-960.9375,281.25,460.9375,-882.8125,0.0,453.125,-867.1875,226.5625
1919224,-117.1875,468.75,867.1875,-39.0625,-851.5625,570.3125,187.5,-960.9375,281.25,460.9375,-882.8125,0.0,453.125,-867.1875,226.5625
1919369,-109.375,476.5625,875.0,-46.875,-851.5625,562.5,187.5,-960.9375,281.25,453.125,-882.8125,-7.8125,460.9375,-867.1875,226.5625
1919369,-109.375,476.5625,875.0,-46.875,-851.5625,562.5,187.5,-960.9375,281.25,453.125,-882.8125,-7.8125,460.9375,-867.1875,226.5625
1919369,-109.375,476.5625,867.1875,-46.875,-859.375,562.5,187.5,-953.125,289.0625,453.125,-890.625,0.0,453.125,-867.1875,226.5625
1919369,-109.375,476.5625,867.1875,-46.875,-859.375,562.5,187.5,-953.125,289.0625,453.125,-890.625,0.0,453.125,-867.1875,226.5625
1919377,-109.375,476.5625,875.0,-46.875,-859.375,570.3125,195.3125,-960.9375,289.0625,460.9375,-890.625,0.0,453.125,-867.1875,226.5625
1919377,-109.375,476.5625,875.0,-46.875,-859.375,570.3125,195.3125,-960.9375,289.0625,460.9375,-890.625,0.0,453.125,-867.1875,226.5625
1919386,-117.1875,476.5625,882.8125,-31.25,-859.375,562.5,187.5,-960.9375,289.0625,445.3125,-890.625,0.0,460.9375,-867.1875,226.5625
1919386,-117.1875,476.5625,882.8125,-31.25,-859.375,562.5,187.5,-960.9375,289.0625,445.3125,-890.625,0.0,460.9375,-867.1875,226.5625
1919450,-117.1875,468.75,875.0,-39.0625,-851.5625,562.5,195.3125,-960.9375,273.4375,460.9375,-898.4375,-7.8125,453.125,-867.1875,226.5625
1919450,-117.1875,468.75,875.0,-39.0625,-851.5625,562.5,195.3125,-960.9375,273.4375,460.9375,-898.4375,-7.8125,453.125,-867.1875,226.5625
1919450,-109.375,476.5625,875.0,-46.875,-859.375,570.3125,195.3125,-968.75,289.0625,468.75,-898.4375,7.8125,460.9375,-859.375,226.5625
1919450,-109.375,476.5625,875.0,-46.875,-859.375,570.3125,195.3125,-968.75,289.0625,468.75,-898.4375,7.8125,460.9375,-859.375,226.5625
1919458,-109.375,468.75,875.0,-31.25,-859.375,570.3125,195.3125,-960.9375,281.25,429.6875,-875.0,-15.625,460.9375,-882.8125,218.75
1919458,-109.375,468.75,875.0,-31.25,-859.375,570.3125,195.3125,-960.9375,281.25,429.6875,-875.0,-15.625,460.9375,-882.8125,218.75
1919466,-117.1875,468.75,875.0,-46.875,-859.375,562.5,187.5,-960.9375,289.0625,460.9375,-898.4375,-7.8125,460.9375,-867.1875,226.5625
1919466,-117.1875,468.75,875.0,-46.875,-859.375,562.5,187.5,-960.9375,289.0625,460.9375,-898.4375,-7.8125,460.9375,-867.1875,226.5625
1919611,-117.1875,460.9375,882.8125,-46.875,-867.1875,554.6875,195.3125,-968.75,281.25,460.9375,-898.4375,0.0,460.9375,-875.0,226.5625
1919611,-117.1875,460.9375,882.8125,-46.875,-867.1875,554.6875,195.3125,-968.75,281.25,460.9375,-898.4375,0.0,460.9375,-875.0,226.5625
1919611,-117.1875,460.9375,882.8125,-39.0625,-867.1875,562.5,187.5,-968.75,273.4375,460.9375,-898.4375,-7.8125,453.125,-875.0,226.5625
1919611,-117.1875,460.9375,882.8125,-39.0625,-867.1875,562.5,187.5,-968.75,273.4375,460.9375,-898.4375,-7.8125,453.125,-875.0,226.5625
1919619,-117.1875,460.9375,875.0,-54.6875,-867.1875,562.5,187.5,-968.75,281.25,460.9375,-898.4375,7.8125,468.75,-875.0,218.75
1919619,-117.1875,460.9375,875.0,-54.6875,-867.1875,562.5,187.5,-968.75,281.25,460.9375,-898.4375,7.8125,468.75,-875.0,218.75
1919627,-109.375,460.9375,882.8125,-54.6875,-859.375,554.6875,179.6875,-968.75,281.25,460.9375,-898.4375,-7.8125,460.9375,-875.0,226.5625
1919627,-109.375,460.9375,882.8125,-54.6875,-859.375,554.6875,179.6875,-968.75,281.25,460.9375,-898.4375,-7.8125,460.9375,-875.0,226.5625
1919692,-109.375,476.5625,859.375,-39.0625,-843.75,562.5,195.3125,-953.125,281.25,468.75,-890.625,15.625,453.125,-859.375,226.5625
1919692,-109.375,476.5625,859.375,-39.0625,-843.75,562.5,195.3125,-953.125,281.25,468.75,-890.625,15.625,453.125,-859.375,226.5625
1919692,-109.375,476.5625,875.0,-39.0625,-859.375,554.6875,195.3125,-960.9375,281.25,460.9375,-882.8125,0.0,468.75,-867.1875,234.375
1919692,-109.375,476.5625,875.0,-39.0625,-859.375,554.6875,195.3125,-960.9375,281.25,460.9375,-882.8125,0.0,468.75,-867.1875,234.375
1919700,-109.375,468.75,867.1875,-39.0625,-859.375,562.5,195.3125,-960.9375,281.25,460.9375,-882.8125,-7.8125,453.125,-859.375,234.375
1919700,-109.375,468.75,867.1875,-39.0625,-859.375,562.5,195.3125,-960.9375,281.25,460.9375,-882.8125,-7.8125,453.125,-859.375,234.375
1919708,-117.1875,460.9375,875.0,-39.0625,-859.375,562.5,195.3125,-968.75,281.25,460.9375,-890.625,-7.8125,460.9375,-859.375,226.5625
1919708,-117.1875,460.9375,875.0,-39.0625,-859.375,562.5,195.3125,-968.75,281.25,460.9375,-890.625,-7.8125,460.9375,-859.375,226.5625
1919853,-109.375,468.75,875.0,-39.0625,-851.5625,578.125,195.3125,-953.125,296.875,460.9375,-890.625,0.0,460.9375,-867.1875,226.5625
1919853,-109.375,468.75,875.0,-39.0625,-851.5625,578.125,195.3125,-953.125,296.875,460.9375,-890.625,0.0,460.9375,-867.1875,226.5625
1919853,-117.1875,484.375,875.0,-39.0625,-859.375,570.3125,195.3125,-953.125,281.25,453.125,-890.625,7.8125,453.125,-867.1875,234.375
1919853,-117.1875,484.375,875.0,-39.0625,-859.375,570.3125,195.3125,-953.125,281.25,453.125,-890.625,7.8125,453.125,-867.1875,234.375
1919861,-117.1875,468.75,867.1875,-39.0625,-851.5625,570.3125,195.3125,-953.125,289.0625,460.9375,-890.625,0.0,453.125,-867.1875,226.5625
1919861,-117.1875,468.75,867.1875,-39.0625,-851.5625,570.3125,195.3125,-953.125,289.0625,460.9375,-890.625,0.0,453.125,-867.1875,226.5625
1919869,-109.375,476.5625,875.0,-46.875,-859.375,570.3125,195.3125,-953.125,289.0625,453.125,-890.625,0.0,453.125,-867.1875,226.5625
1919869,-109.375,476.5625,875.0,-46.875,-859.375,570.3125,195.3125,-953.125,289.0625,453.125,-890.625,0.0,453.125,-867.1875,226.5625
1919934,-101.5625,476.5625,875.0,-39.0625,-867.1875,562.5,203.125,-960.9375,281.25,460.9375,-890.625,0.0,468.75,-867.1875,218.75
1919934,-101.5625,476.5625,875.0,-39.0625,-867.1875,562.5,203.125,-960.9375,281.25,460.9375,-890.625,0.0,468.75,-867.1875,218.75
1919934,-109.375,476.5625,882.8125,-39.0625,-859.375,562.5,195.3125,-960.9375,281.25,460.9375,-890.625,0.0,453.125,-867.1875,226.5625
1919934,-109.375,476.5625,882.8125,-39.0625,-859.375,562.5,195.3125,-960.9375,281.25,460.9375,-890.625,0.0,453.125,-867.1875,226.5625
1919942,-109.375,476.5625,875.0,-39.0625,-859.375,570.3125,187.5,-960.9375,289.0625,460.9375,-890.625,-7.8125,460.9375,-859.375,226.5625
1919942,-109.375,476.5625,875.0,-39.0625,-859.375,570.3125,187.5,-960.9375,289.0625,460.9375,-890.625,-7.8125,460.9375,-859.375,226.5625
1919950,-101.5625,468.75,875.0,-39.0625,-859.375,562.5,195.3125,-953.125,281.25,460.9375,-890.625,0.0,460.9375,-875.0,234.375
1919950,-101.5625,468.75,875.0,-39.0625,-859.375,562.5,195.3125,-953.125,281.25,460.9375,-890.625,0.0,460.9375,-875.0,234.375
1920095,-109.375,476.5625,875.0,-39.0625,-843.75,562.5,187.5,-953.125,273.4375,453.125,-882.8125,0.0,453.125,-859.375,218.75
1920095,-109.375,476.5625,875.0,-39.0625,-843.75,562.5,187.5,-953.125,273.4375,453.125,-882.8125,0.0,453.125,-859.375,218.75
1920095,-109.375,484.375,875.0,-39.0625,-851.5625,562.5,195.3125,-953.125,281.25,460.9375,-882.8125,0.0,453.125,-859.375,226.5625
1920095,-109.375,484.375,875.0,-39.0625,-851.5625,562.5,195.3125,-953.125,281.25,460.9375,-882.8125,0.0,453.125,-859.375,226.5625
1920103,-109.375,468.75,867.1875,-39.0625,-843.75,562.5,195.3125,-953.125,289.0625,453.125,-875.0,0.0,460.9375,-859.375,226.5625
1920103,-109.375,468.75,867.1875,-39.0625,-843.75,562.5,195.3125,-953.125,289.0625,453.125,-875.0,0.0,460.9375,-859.375,226.5625
1920111,-109.375,476.5625,875.0,-39.0625,-851.5625,562.5,203.125,-945.3125,281.25,460.9375,-882.8125,-7.8125,460.9375,-859.375,226.5625
1920111,-109.375,476.5625,875.0,-39.0625,-851.5625,562.5,203.125,-945.3125,281.25,460.9375,-882.8125,-7.8125,460.9375,-859.375,226.5625
1920255,-117.1875,460.9375,875.0,-39.0625,-859.375,578.125,203.125,-953.125,289.0625,460.9375,-890.625,0.0,468.75,-859.375,234.375
1920255,-117.1875,460.9375,875.0,-39.0625,-859.375,578.125,203.125,-953.125,289.0625,460.9375,-890.625,0.0,468.75,-859.375,234.375
1920257,-125.0,460.9375,882.8125,-39.0625,-867.1875,570.3125,203.125,-960.9375,296.875,468.75,-890.625,7.8125,453.125,-867.1875,242.1875
1920257,-125.0,460.9375,882.8125,-39.0625,-867.1875,570.3125,203.125,-960.9375,296.875,468.75,-890.625,7.8125,453.125,-867.1875,242.1875
1920265,-125.0,468.75,882.8125,-46.875,-867.1875,562.5,195.3125,-976.5625,289.0625,468.75,-898.4375,7.8125,460.9375,-875.0,226.5625
1920265,-125.0,468.75,882.8125,-46.875,-867.1875,562.5,195.3125,-976.5625,289.0625,468.75,-898.4375,7.8125,460.9375,-875.0,226.5625
1920273,-117.1875,468.75,898.4375,-46.875,-867.1875,562.5,195.3125,-968.75,296.875,460.9375,-906.25,7.8125,460.9375,-875.0,226.5625
1920273,-117.1875,468.75,898.4375,-46.875,-867.1875,562.5,195.3125,-968.75,296.875,460.9375,-906.25,7.8125,460.9375,-875.0,226.5625
1920418,-164.0625,835.9375,968.75,46.875,-1093.75,921.875,468.75,-1093.75,710.9375,664.0625,-906.25,273.4375,593.75,-1140.625,328.125
1920418,-164.0625,835.9375,968.75,46.875,-1093.75,921.875,468.75,-1093.75,710.9375,664.0625,-906.25,273.4375,593.75,-1140.625,328.125
1920418,-148.4375,820.3125,953.125,-54.6875,-1117.1875,812.5,453.125,-1117.1875,664.0625,671.875,-929.6875,281.25,507.8125,-1171.875,351.5625
1920418,-148.4375,820.3125,953.125,-54.6875,-1117.1875,812.5,453.125,-1117.1875,664.0625,671.875,-929.6875,281.25,507.8125,-1171.875,351.5625
1920426,-62.5,750.0,890.625,-117.1875,-1117.1875,679.6875,375.0,-1085.9375,531.25,718.75,-937.5,296.875,671.875,-1031.25,507.8125
1920426,-62.5,750.0,890.625,-117.1875,-1117.1875,679.6875,375.0,-1085.9375,531.25,718.75,-937.5,296.875,671.875,-1031.25,507.8125
1920434,-93.75,742.1875,867.1875,-117.1875,-1023.4375,664.0625,390.625,-1132.8125,523.4375,796.875,-976.5625,375.0,742.1875,-789.0625,507.8125
1920434,-93.75,742.1875,867.1875,-117.1875,-1023.4375,664.0625,390.625,-1132.8125,523.4375,796.875,-976.5625,375.0,742.1875,-789.0625,507.8125
1920579,-640.625,351.5625,507.8125,-476.5625,-437.5,773.4375,-109.375,-945.3125,367.1875,289.0625,-812.5,132.8125,445.3125,-1148.4375,23.4375
1920579,-640.625,351.5625,507.8125,-476.5625,-437.5,773.4375,-109.375,-945.3125,367.1875,289.0625,-812.5,132.8125,445.3125,-1148.4375,23.4375
1920579,-773.4375,328.125,484.375,-468.75,-484.375,742.1875,-140.625,-937.5,250.0,242.1875,-921.875,70.3125,445.3125,-1117.1875,109.375
1920579,-773.4375,328.125,484.375,-468.75,-484.375,742.1875,-140.625,-937.5,250.0,242.1875,-921.875,70.3125,445.3125,-1117.1875,109.375
1920587,-835.9375,375.0,414.0625,-562.5,-531.25,640.625,-281.25,-953.125,140.625,203.125,-1062.5,15.625,421.875,-1101.5625,78.125
1920587,-835.9375,375.0,414.0625,-562.5,-531.25,640.625,-281.25,-953.125,140.625,203.125,-1062.5,15.625,421.875,-1101.5625,78.125
1920595,-828.125,453.125,375.0,-562.5,-617.1875,710.9375,-289.0625,-953.125,109.375,179.6875,-1164.0625,-7.8125,390.625,-1054.6875,39.0625
1920595,-828.125,453.125,375.0,-562.5,-617.1875,710.9375,-289.0625,-953.125,109.375,179.6875,-1164.0625,-7.8125,390.625,-1054.6875,39.0625
1920740,-718.75,796.875,93.75,-601.5625,-179.6875,226.5625,-421.875,-398.4375,-171.875,-62.5,-523.4375,-265.625,179.6875,-414.0625,-335.9375
1920740,-718.75,796.875,93.75,-601.5625,-179.6875,226.5625,-421.875,-398.4375,-171.875,-62.5,-523.4375,-265.625,179.6875,-414.0625,-335.9375
1920740,-742.1875,953.125,54.6875,-585.9375,-93.75,203.125,-382.8125,-265.625,-187.5,-93.75,-429.6875,-335.9375,203.125,-414.0625,-406.25
1920740,-742.1875,953.125,54.6875,-585.9375,-93.75,203.125,-382.8125,-265.625,-187.5,-93.75,-429.6875,-335.9375,203.125,-414.0625,-406.25
1920748,-812.5,1109.375,54.6875,-632.8125,23.4375,234.375,-367.1875,-140.625,-132.8125,-125.0,-328.125,-335.9375,156.25,-242.1875,-515.625
1920748,-812.5,1109.375,54.6875,-632.8125,23.4375,234.375,-367.1875,-140.625,-132.8125,-125.0,-328.125,-335.9375,156.25,-242.1875,-515.625
1920756,-859.375,1187.5,70.3125,-617.1875,132.8125,281.25,-328.125,-46.875,-70.3125,-140.625,-242.1875,-351.5625,101.5625,-164.0625,-648.4375
1920756,-859.375,1187.5,70.3125,-617.1875,132.8125,281.25,-328.125,-46.875,-70.3125,-140.625,-242.1875,-351.5625,101.5625,-164.0625,-648.4375
1920902,-882.8125,-640.625,210.9375,-765.625,-914.0625,-1023.4375,-539.0625,-414.0625,-1523.4375,-460.9375,-476.5625,-1484.375,-62.5,-312.5,-1429.6875
1920902,-882.8125,-640.625,210.9375,-765.625,-914.0625,-1023.4375,-539.0625,-414.0625,-1523.4375,-460.9375,-476.5625,-1484.375,-62.5,-312.5,-1429.6875
1920902,-921.875,-804.6875,187.5,-757.8125,-945.3125,-1070.3125,-492.1875,-437.5,-1468.75,-367.1875,-437.5,-1421.875,7.8125,-242.1875,-1375.0
1920902,-921.875,-804.6875,187.5,-757.8125,-945.3125,-1070.3125,-492.1875,-437.5,-1468.75,-367.1875,-437.5,-1421.875,7.8125,-242.1875,-1375.0
1920910,-937.5,-773.4375,164.0625,-679.6875,-992.1875,-1023.4375,-375.0,-492.1875,-1343.75,-210.9375,-453.125,-1289.0625,70.3125,-226.5625,-1328.125
1920910,-937.5,-773.4375,164.0625,-679.6875,-992.1875,-1023.4375,-375.0,-492.1875,-1343.75,-210.9375,-453.125,-1289.0625,70.3125,-226.5625,-1328.125
1920918,-968.75,-843.75,164.0625,-609.375,-968.75,-859.375,-296.875,-570.3125,-1179.6875,-125.0,-531.25,-1179.6875,93.75,-304.6875,-1281.25
1920918,-968.75,-843.75,164.0625,-609.375,-968.75,-859.375,-296.875,-570.3125,-1179.6875,-125.0,-531.25,-1179.6875,93.75,-304.6875,-1281.25
1921063,-867.1875,31.25,242.1875,-601.5625,-601.5625,257.8125,-343.75,-789.0625,-78.125,148.4375,-843.75,-187.5,343.75,-742.1875,-312.5
1921063,-867.1875,31.25,242.1875,-601.5625,-601.5625,257.8125,-343.75,-789.0625,-78.125,148.4375,-843.75,-187.5,343.75,-742.1875,-312.5
1921063,-828.125,39.0625,265.625,-585.9375,-617.1875,281.25,-359.375,-820.3125,-85.9375,132.8125,-851.5625,-195.3125,328.125,-742.1875,-335.9375
1921063,-828.125,39.0625,265.625,-585.9375,-617.1875,281.25,-359.375,-820.3125,-85.9375,132.8125,-851.5625,-195.3125,328.125,-742.1875,-335.9375
1921071,-851.5625,62.5,281.25,-578.125,-625.0,296.875,-367.1875,-835.9375,-93.75,148.4375,-843.75,-203.125,359.375,-703.125,-335.9375
1921071,-851.5625,62.5,281.25,-578.125,-625.0,296.875,-367.1875,-835.9375,-93.75,148.4375,-843.75,-203.125,359.375,-703.125,-335.9375
1921079,-796.875,31.25,296.875,-593.75,-625.0,320.3125,-367.1875,-851.5625,-54.6875,195.3125,-812.5,-148.4375,414.0625,-703.125,-273.4375
1921079,-796.875,31.25,296.875,-593.75,-625.0,320.3125,-367.1875,-851.5625,-54.6875,195.3125,-812.5,-148.4375,414.0625,-703.125,-273.4375
1921224,-843.75,1257.8125,101.5625,-562.5,-62.5,1632.8125,-382.8125,-1023.4375,1500.0,539.0625,-1265.625,1437.5,687.5,-1382.8125,1265.625
1921224,-843.75,1257.8125,101.5625,-562.5,-62.5,1632.8125,-382.8125,-1023.4375,1500.0,539.0625,-1265.625,1437.5,687.5,-1382.8125,1265.625
1921224,-828.125,1101.5625,156.25,-546.875,-109.375,1515.625,-351.5625,-1062.5,1406.25,554.6875,-1257.8125,1320.3125,710.9375,-1406.25,1234.375
1921224,-828.125,1101.5625,156.25,-546.875,-109.375,1515.625,-351.5625,-1062.5,1406.25,554.6875,-1257.8125,1320.3125,710.9375,-1406.25,1234.375
1921232,-804.6875,968.75,218.75,-531.25,-171.875,1453.125,-296.875,-1062.5,1328.125,570.3125,-1226.5625,1218.75,750.0,-1359.375,1164.0625
1921232,-804.6875,968.75,218.75,-531.25,-171.875,1453.125,-296.875,-1062.5,1328.125,570.3125,-1226.5625,1218.75,750.0,-1359.375,1164.0625
1921240,-781.25,953.125,273.4375,-484.375,-250.0,1414.0625,-234.375,-1085.9375,1250.0,609.375,-1195.3125,1140.625,765.625,-1304.6875,1023.4375
1921240,-781.25,953.125,273.4375,-484.375,-250.0,1414.0625,-234.375,-1085.9375,1250.0,609.375,-1195.3125,1140.625,765.625,-1304.6875,1023.4375
1921305,-671.875,-15.625,703.125,-320.3125,-1046.875,281.25,70.3125,-1031.25,-164.0625,648.4375,-859.375,-296.875,820.3125,-554.6875,-382.8125
1921305,-671.875,-15.625,703.125,-320.3125,-1046.875,281.25,70.3125,-1031.25,-164.0625,648.4375,-859.375,-296.875,820.3125,-554.6875,-382.8125
1921305,-710.9375,-148.4375,726.5625,-296.875,-1101.5625,281.25,125.0,-1085.9375,-140.625,656.25,-843.75,-328.125,812.5,-460.9375,-445.3125
1921305,-710.9375,-148.4375,726.5625,-296.875,-1101.5625,281.25,125.0,-1085.9375,-140.625,656.25,-843.75,-328.125,812.5,-460.9375,-445.3125
1921313,-640.625,-250.0,742.1875,-242.1875,-1117.1875,328.125,179.6875,-1179.6875,-85.9375,648.4375,-773.4375,-375.0,750.0,-445.3125,-585.9375
1921313,-640.625,-250.0,742.1875,-242.1875,-1117.1875,328.125,179.6875,-1179.6875,-85.9375,648.4375,-773.4375,-375.0,750.0,-445.3125,-585.9375
1921320,-664.0625,-335.9375,726.5625,-210.9375,-1125.0,335.9375,203.125,-1226.5625,-93.75,617.1875,-773.4375,-414.0625,742.1875,-554.6875,-593.75
1921320,-664.0625,-335.9375,726.5625,-210.9375,-1125.0,335.9375,203.125,-1226.5625,-93.75,617.1875,-773.4375,-414.0625,742.1875,-554.6875,-593.75
1921466,-882.8125,-617.1875,148.4375,-781.25,-703.125,-476.5625,-578.125,-570.3125,-812.5,-304.6875,-664.0625,-867.1875,-15.625,-507.8125,-976.5625
1921466,-882.8125,-617.1875,148.4375,-781.25,-703.125,-476.5625,-578.125,-570.3125,-812.5,-304.6875,-664.0625,-867.1875,-15.625,-507.8125,-976.5625
1921466,-867.1875,-609.375,140.625,-789.0625,-679.6875,-468.75,-585.9375,-570.3125,-789.0625,-304.6875,-687.5,-812.5,-31.25,-515.625,-960.9375
1921466,-867.1875,-609.375,140.625,-789.0625,-679.6875,-468.75,-585.9375,-570.3125,-789.0625,-304.6875,-687.5,-812.5,-31.25,-515.625,-960.9375
1921474,-843.75,-601.5625,117.1875,-789.0625,-664.0625,-421.875,-609.375,-585.9375,-765.625,-312.5,-703.125,-765.625,-62.5,-531.25,-953.125
1921474,-843.75,-601.5625,117.1875,-789.0625,-664.0625,-421.875,-609.375,-585.9375,-765.625,-312.5,-703.125,-765.625,-62.5,-531.25,-953.125
1921482,-875.0,-601.5625,101.5625,-796.875,-648.4375,-406.25,-617.1875,-585.9375,-726.5625,-335.9375,-703.125,-750.0,-70.3125,-546.875,-906.25
1921482,-875.0,-601.5625,101.5625,-796.875,-648.4375,-406.25,-617.1875,-585.9375,-726.5625,-335.9375,-703.125,-750.0,-70.3125,-546.875,-906.25
1921627,-1000.0,-242.1875,164.0625,-875.0,-609.375,31.25,-687.5,-765.625,-304.6875,-250.0,-984.375,-390.625,0.0,-890.625,-578.125
1921627,-1000.0,-242.1875,164.0625,-875.0,-609.375,31.25,-687.5,-765.625,-304.6875,-250.0,-984.375,-390.625,0.0,-890.625,-578.125
1921627,-992.1875,-242.1875,156.25,-882.8125,-617.1875,31.25,-695.3125,-773.4375,-312.5,-250.0,-976.5625,-390.625,7.8125,-906.25,-554.6875
1921627,-992.1875,-242.1875,156.25,-882.8125,-617.1875,31.25,-695.3125,-773.4375,-312.5,-250.0,-976.5625,-390.625,7.8125,-906.25,-554.6875
1921635,-992.1875,-250.0,156.25,-875.0,-625.0,23.4375,-687.5,-773.4375,-312.5,-226.5625,-976.5625,-375.0,31.25,-906.25,-546.875
1921635,-992.1875,-250.0,156.25,-875.0,-625.0,23.4375,-687.5,-773.4375,-312.5,-226.5625,-976.5625,-375.0,31.25,-906.25,-546.875
1921644,-1007.8125,-281.25,148.4375,-890.625,-632.8125,7.8125,-679.6875,-773.4375,-312.5,-203.125,-984.375,-367.1875,46.875,-898.4375,-546.875
1921644,-1007.8125,-281.25,148.4375,-890.625,-632.8125,7.8125,-679.6875,-773.4375,-312.5,-203.125,-984.375,-367.1875,46.875,-898.4375,-546.875
1921789,-960.9375,-93.75,148.4375,-835.9375,-531.25,187.5,-648.4375,-765.625,-101.5625,-164.0625,-976.5625,-195.3125,54.6875,-929.6875,-382.8125
1921789,-960.9375,-93.75,148.4375,-835.9375,-531.25,187.5,-648.4375,-765.625,-101.5625,-164.0625,-976.5625,-195.3125,54.6875,-929.6875,-382.8125
1921789,-976.5625,-101.5625,148.4375,-835.9375,-531.25,179.6875,-656.25,-765.625,-101.5625,-164.0625,-976.5625,-195.3125,70.3125,-929.6875,-359.375
1921789,-976.5625,-101.5625,148.4375,-835.9375,-531.25,179.6875,-656.25,-765.625,-101.5625,-164.0625,-976.5625,-195.3125,70.3125,-929.6875,-359.375
1921797,-976.5625,-101.5625,148.4375,-835.9375,-539.0625,187.5,-648.4375,-765.625,-109.375,-171.875,-976.5625,-195.3125,70.3125,-921.875,-367.1875
1921797,-976.5625,-101.5625,148.4375,-835.9375,-539.0625,187.5,-648.4375,-765.625,-109.375,-171.875,-976.5625,-195.3125,70.3125,-921.875,-367.1875
1921805,-960.9375,-117.1875,148.4375,-835.9375,-531.25,179.6875,-656.25,-757.8125,-109.375,-164.0625,-968.75,-187.5,46.875,-906.25,-390.625
1921805,-960.9375,-117.1875,148.4375,-835.9375,-531.25,179.6875,-656.25,-757.8125,-109.375,-164.0625,-968.75,-187.5,46.875,-906.25,-390.625
1921950,-1000.0,-171.875,156.25,-875.0,-570.3125,125.0,-671.875,-781.25,-179.6875,-187.5,-984.375,-257.8125,46.875,-921.875,-421.875
1921950,-1000.0,-171.875,156.25,-875.0,-570.3125,125.0,-671.875,-781.25,-179.6875,-187.5,-984.375,-257.8125,46.875,-921.875,-421.875
1921950,-1000.0,-156.25,164.0625,-867.1875,-570.3125,132.8125,-656.25,-781.25,-156.25,-171.875,-984.375,-234.375,39.0625,-914.0625,-429.6875
1921950,-1000.0,-156.25,164.0625,-867.1875,-570.3125,132.8125,-656.25,-781.25,-156.25,-171.875,-984.375,-234.375,39.0625,-914.0625,-429.6875
1921957,-984.375,-148.4375,164.0625,-859.375,-562.5,148.4375,-648.4375,-781.25,-164.0625,-179.6875,-992.1875,-234.375,31.25,-914.0625,-437.5
1921957,-984.375,-148.4375,164.0625,-859.375,-562.5,148.4375,-648.4375,-781.25,-164.0625,-179.6875,-992.1875,-234.375,31.25,-914.0625,-437.5
1921964,-984.375,-156.25,156.25,-851.5625,-570.3125,156.25,-656.25,-781.25,-156.25,-187.5,-992.1875,-257.8125,39.0625,-914.0625,-437.5
1921964,-984.375,-156.25,156.25,-851.5625,-570.3125,156.25,-656.25,-781.25,-156.25,-187.5,-992.1875,-257.8125,39.0625,-914.0625,-437.5
1922112,-1046.875,-171.875,78.125,-851.5625,-500.0,93.75,-648.4375,-671.875,-164.0625,-218.75,-890.625,-250.0,39.0625,-843.75,-429.6875
1922112,-1046.875,-171.875,78.125,-851.5625,-500.0,93.75,-648.4375,-671.875,-164.0625,-218.75,-890.625,-250.0,39.0625,-843.75,-429.6875
1922112,-1015.625,-164.0625,93.75,-859.375,-492.1875,101.5625,-648.4375,-664.0625,-164.0625,-218.75,-882.8125,-242.1875,15.625,-843.75,-421.875
1922112,-1015.625,-164.0625,93.75,-859.375,-492.1875,101.5625,-648.4375,-664.0625,-164.0625,-218.75,-882.8125,-242.1875,15.625,-843.75,-421.875
1922120,-992.1875,-132.8125,109.375,-859.375,-507.8125,101.5625,-648.4375,-679.6875,-164.0625,-210.9375,-898.4375,-242.1875,0.0,-859.375,-429.6875
1922120,-992.1875,-132.8125,109.375,-859.375,-507.8125,101.5625,-648.4375,-679.6875,-164.0625,-210.9375,-898.4375,-242.1875,0.0,-859.375,-429.6875
1922128,-953.125,-101.5625,132.8125,-851.5625,-515.625,125.0,-671.875,-695.3125,-171.875,-226.5625,-914.0625,-250.0,0.0,-875.0,-437.5
1922128,-953.125,-101.5625,132.8125,-851.5625,-515.625,125.0,-671.875,-695.3125,-171.875,-226.5625,-914.0625,-250.0,0.0,-875.0,-437.5
1922192,-976.5625,-132.8125,125.0,-843.75,-546.875,132.8125,-640.625,-750.0,-140.625,-171.875,-960.9375,-226.5625,54.6875,-906.25,-367.1875
1922192,-976.5625,-132.8125,125.0,-843.75,-546.875,132.8125,-640.625,-750.0,-140.625,-171.875,-960.9375,-226.5625,54.6875,-906.25,-367.1875
1922192,-976.5625,-132.8125,140.625,-843.75,-546.875,140.625,-640.625,-757.8125,-148.4375,-164.0625,-968.75,-218.75,54.6875,-906.25,-382.8125
1922192,-976.5625,-132.8125,140.625,-843.75,-546.875,140.625,-640.625,-757.8125,-148.4375,-164.0625,-968.75,-218.75,54.6875,-906.25,-382.8125
1922200,-976.5625,-132.8125,140.625,-843.75,-539.0625,156.25,-648.4375,-765.625,-156.25,-171.875,-960.9375,-218.75,46.875,-906.25,-390.625
1922200,-976.5625,-132.8125,140.625,-843.75,-539.0625,156.25,-648.4375,-765.625,-156.25,-171.875,-960.9375,-218.75,46.875,-906.25,-390.625
1922208,-976.5625,-132.8125,140.625,-843.75,-546.875,164.0625,-640.625,-765.625,-140.625,-164.0625,-960.9375,-226.5625,46.875,-898.4375,-390.625
1922208,-976.5625,-132.8125,140.625,-843.75,-546.875,164.0625,-640.625,-765.625,-140.625,-164.0625,-960.9375,-226.5625,46.875,-898.4375,-390.625
