1955181,-161.875,-21.875,26.25
1955181,-161.875,-21.875,26.25
1955191,-91.875,-26.25,-4.375
1955191,-91.875,-26.25,-4.375
1955261,-153.125,4.375,43.75
1955261,-153.125,4.375,43.75
1955272,-122.5,8.75,43.75
1955272,-122.5,8.75,43.75
1955423,-30.625,-17.5,0.0
1955423,-30.625,-17.5,0.0
1955433,-35.0,-13.125,4.375
1955433,-35.0,-13.125,4.375
1955665,-17.5,35.0,43.75
1955665,-17.5,35.0,43.75
1955676,-56.875,83.125,56.875
1955676,-56.875,83.125,56.875
1955827,-78.75,-13.125,17.5
1955827,-78.75,-13.125,17.5
1955837,-52.5,0.0,-4.375
1955837,-52.5,0.0,-4.375
1955988,8.75,-30.625,-74.375
1955988,8.75,-30.625,-74.375
1955998,-4.375,-39.375,-70.0
1955998,-4.375,-39.375,-70.0
1956150,-56.875,-8.75,-17.5
1956150,-56.875,-8.75,-17.5
1956160,-48.125,-13.125,-17.5
1956160,-48.125,-13.125,-17.5
1956230,13.125,-13.125,-39.375
1956230,13.125,-13.125,-39.375
1956241,-70.0,-35.0,-4.375
1956241,-70.0,-35.0,-4.375
1956311,-56.875,-35.0,-35.0
1956311,-56.875,-35.0,-35.0
1956321,-118.125,-26.25,-17.5
1956321,-118.125,-26.25,-17.5
1956473,-91.875,48.125,74.375
1956473,-91.875,48.125,74.375
1956483,-144.375,70.0,105.0
1956483,-144.375,70.0,105.0
1956634,100.625,-26.25,-4.375
1956634,100.625,-26.25,-4.375
1956644,78.75,-30.625,4.375
1956644,78.75,-30.625,4.375
1956775,-271.25,-161.875,-223.125
1956775,-271.25,-161.875,-223.125
1956785,-328.125,-231.875,-306.25
1956785,-328.125,-231.875,-306.25
1956957,-15400.0,-1951.25,-13518.75
1956957,-15400.0,-1951.25,-13518.75
1956967,-11878.125,-1216.25,-16804.375
1956967,-11878.125,-1216.25,-16804.375
1957118,-11103.75,-7437.5,-14301.875
1957118,-11103.75,-7437.5,-14301.875
1957128,-8076.25,-8330.0,-11821.25
1957128,-8076.25,-8330.0,-11821.25
1957199,-3438.75,-6733.125,-3346.875
1957199,-3438.75,-6733.125,-3346.875
1957208,-2060.625,-5985.0,-3268.125
1957208,-2060.625,-5985.0,-3268.125
1957361,14223.125,-1719.375,8439.375
1957361,14223.125,-1719.375,8439.375
1957371,14848.75,-1316.875,8474.375
1957371,14848.75,-1316.875,8474.375
1957441,-4606.875,-2576.875,6370.0
1957441,-4606.875,-2576.875,6370.0
1957452,-20151.25,-6921.25,12031.25
1957452,-20151.25,-6921.25,12031.25
1957593,-17928.75,-385.0,-8281.875
1957593,-17928.75,-385.0,-8281.875
1957603,-17775.625,-743.75,-9100.0
1957603,-17775.625,-743.75,-9100.0
1957613,-18020.625,-1321.25,-9541.875
1957613,-18020.625,-1321.25,-9541.875
1957764,-8496.25,-3688.125,-2161.25
1957764,-8496.25,-3688.125,-2161.25
1957774,-7713.125,-3303.125,-2060.625
1957774,-7713.125,-3303.125,-2060.625
1957926,-660.625,393.75,-109.375
1957926,-660.625,393.75,-109.375
1957935,-459.375,420.0,-122.5
1957935,-459.375,420.0,-122.5
