1902233,2450.0,8233.75,5145.0
1902233,2450.0,8233.75,5145.0
1902244,-2432.5,6619.375,3215.625
1902244,-2432.5,6619.375,3215.625
1902254,-6986.875,8920.625,1290.625
1902254,-6986.875,8920.625,1290.625
1902264,-6868.75,19512.5,2161.25
1902264,-6868.75,19512.5,2161.25
1902275,-4480.0,28533.75,3574.375
1902275,-4480.0,28533.75,3574.375
1902285,-4252.5,32808.125,2537.5
1902285,-4252.5,32808.125,2537.5
1902295,-7118.125,33989.375,-65.625
1902295,-7118.125,33989.375,-65.625
1902305,-17701.25,32611.25,-1553.125
1902305,-17701.25,32611.25,-1553.125
1902316,-31622.5,29885.625,-2896.25
1902316,-31622.5,29885.625,-2896.25
1902326,-38928.75,35389.375,-2756.25
1902326,-38928.75,35389.375,-2756.25
1902337,-33245.625,51218.125,-7402.5
1902337,-33245.625,51218.125,-7402.5
1902347,-19263.125,67081.875,-24434.375
1902347,-19263.125,67081.875,-24434.375
1902357,10950.625,74900.0,-34965.0
1902357,10950.625,74900.0,-34965.0
1902366,15780.625,71605.625,-22557.5
1902366,15780.625,71605.625,-22557.5
1902378,-2677.5,55418.125,22452.5
1902378,-2677.5,55418.125,22452.5
1902388,-5923.75,72012.5,45806.25
1902388,-5923.75,72012.5,45806.25
1902398,14065.625,82880.0,68433.75
1902398,14065.625,82880.0,68433.75
1902409,18348.75,71001.875,75919.375
1902409,18348.75,71001.875,75919.375
1902419,-5464.375,62755.0,74567.5
1902419,-5464.375,62755.0,74567.5
1902430,-24268.125,51664.375,59478.125
1902430,-24268.125,51664.375,59478.125
1902440,-34965.0,48851.25,68919.375
1902440,-34965.0,48851.25,68919.375
1902450,-70883.75,86156.875,96556.25
1902450,-70883.75,86156.875,96556.25
1902460,-91245.0,114143.75,121922.5
1902460,-91245.0,114143.75,121922.5
1902471,-71382.5,128450.0,-143360.0
1902471,-71382.5,128450.0,-143360.0
1902481,-48951.875,-143360.0,-143360.0
1902481,-48951.875,-143360.0,-143360.0
1902491,-59863.125,-143360.0,142935.625
1902491,-59863.125,-143360.0,142935.625
1902502,-87692.5,143045.0,-143360.0
1902502,-87692.5,143045.0,-143360.0
1902512,-130226.25,-143360.0,-143360.0
1902512,-130226.25,-143360.0,-143360.0
1902522,-143360.0,-143360.0,143351.25
1902522,-143360.0,-143360.0,143351.25
1902533,-143307.5,143355.625,-143360.0
1902533,-143307.5,143355.625,-143360.0
1902543,-142988.125,-143360.0,-143360.0
1902543,-142988.125,-143360.0,-143360.0
1902553,-143360.0,-143360.0,-143360.0
1902553,-143360.0,-143360.0,-143360.0
1902564,-143360.0,-143360.0,-143360.0
1902564,-143360.0,-143360.0,-143360.0
1902574,-143351.25,-143360.0,136666.25
1902574,-143351.25,-143360.0,136666.25
1902584,-143360.0,-143360.0,110044.375
1902584,-143360.0,-143360.0,110044.375
1902595,-143360.0,-143360.0,113386.875
1902595,-143360.0,-143360.0,113386.875
1902605,-143360.0,-143360.0,129924.375
1902605,-143360.0,-143360.0,129924.375
1902615,-143360.0,-143360.0,126945.0
1902615,-143360.0,-143360.0,126945.0
1902626,-143360.0,-143360.0,126975.625
1902626,-143360.0,-143360.0,126975.625
1902636,-143360.0,-143360.0,112892.5
1902636,-143360.0,-143360.0,112892.5
1902646,-143360.0,-143360.0,82950.0
1902646,-143360.0,-143360.0,82950.0
1902656,-143360.0,141815.625,94062.5
1902656,-143360.0,141815.625,94062.5
1902667,-143360.0,127019.375,123252.5
1902667,-143360.0,127019.375,123252.5
1902677,-143360.0,98472.5,129574.375
1902677,-143360.0,98472.5,129574.375
1902687,-143360.0,66395.0,118759.375
1902687,-143360.0,66395.0,118759.375
1902697,-143360.0,35555.625,84376.25
1902697,-143360.0,35555.625,84376.25
1902708,-143360.0,12932.5,58467.5
1902708,-143360.0,12932.5,58467.5
1902718,-143360.0,-13619.375,65996.875
1902718,-143360.0,-13619.375,65996.875
1902729,-143360.0,-52036.25,95235.0
1902729,-143360.0,-52036.25,95235.0
1902739,-143360.0,-63393.75,93240.0
1902739,-143360.0,-63393.75,93240.0
1902750,-143360.0,-51878.75,67501.875
1902750,-143360.0,-51878.75,67501.875
1902760,-143360.0,-44366.875,63498.75
1902760,-143360.0,-44366.875,63498.75
1902770,-143360.0,-48781.25,56700.0
1902770,-143360.0,-48781.25,56700.0
1902780,-143360.0,-50465.625,35140.0
1902780,-143360.0,-50465.625,35140.0
1902791,-143360.0,-41956.25,36684.375
1902791,-143360.0,-41956.25,36684.375
1902801,-143360.0,-29986.25,60978.75
1902801,-143360.0,-29986.25,60978.75
1902811,-142100.0,-21227.5,86730.0
1902811,-142100.0,-21227.5,86730.0
1902822,-103136.25,-9603.125,114047.5
1902822,-103136.25,-9603.125,114047.5
1902832,-38521.875,2725.625,139549.375
1902832,-38521.875,2725.625,139549.375
1902842,-3106.25,10294.375,131512.5
1902842,-3106.25,10294.375,131512.5
1902852,12608.75,14861.875,92400.0
1902852,12608.75,14861.875,92400.0
1902863,21962.5,20028.75,47665.625
1902863,21962.5,20028.75,47665.625
1902873,23905.0,20916.875,19849.375
1902873,23905.0,20916.875,19849.375
1902883,13286.875,19171.25,-7210.0
1902883,13286.875,19171.25,-7210.0
1902894,10705.625,22868.125,-25108.125
1902894,10705.625,22868.125,-25108.125
1902904,19827.5,29176.875,-31740.625
1902904,19827.5,29176.875,-31740.625
1902914,29977.5,33105.625,-26499.375
1902914,29977.5,33105.625,-26499.375
1902925,40818.75,35546.875,-13195.0
1902925,40818.75,35546.875,-13195.0
1902935,54442.5,41676.25,113.75
1902935,54442.5,41676.25,113.75
1902946,69243.125,43841.875,-621.25
1902946,69243.125,43841.875,-621.25
1902956,86555.0,36220.625,-23905.0
1902956,86555.0,36220.625,-23905.0
1902966,110643.75,27352.5,-45736.25
1902966,110643.75,27352.5,-45736.25
1902976,132348.125,25746.875,-49953.75
1902976,132348.125,25746.875,-49953.75
1902987,143355.625,29378.125,-50076.25
1902987,143355.625,29378.125,-50076.25
1902997,143355.625,33486.25,-33792.5
1902997,143355.625,33486.25,-33792.5
1903007,143154.375,30992.5,-15185.625
1903007,143154.375,30992.5,-15185.625
1903018,143355.625,25865.0,-8378.125
1903018,143355.625,25865.0,-8378.125
1903028,143355.625,25563.125,-21332.5
1903028,143355.625,25563.125,-21332.5
1903038,143355.625,23953.125,-41781.25
1903038,143355.625,23953.125,-41781.25
1903048,143355.625,24473.75,-58480.625
1903048,143355.625,24473.75,-58480.625
1903059,143355.625,30170.0,-68578.125
1903059,143355.625,30170.0,-68578.125
1903069,143355.625,34072.5,-77074.375
1903069,143355.625,34072.5,-77074.375
1903079,143355.625,39243.75,-76772.5
1903079,143355.625,39243.75,-76772.5
1903090,143355.625,46681.25,-67567.5
1903090,143355.625,46681.25,-67567.5
1903100,143355.625,46589.375,-73053.75
1903100,143355.625,46589.375,-73053.75
1903110,143355.625,44380.0,-86712.5
1903110,143355.625,44380.0,-86712.5
1903121,122950.625,43518.125,-84328.125
1903121,122950.625,43518.125,-84328.125
1903131,70341.25,39545.625,-74532.5
1903131,70341.25,39545.625,-74532.5
1903142,29190.0,30415.0,-61053.125
1903142,29190.0,30415.0,-61053.125
1903152,1780.625,10749.375,-27829.375
1903152,1780.625,10749.375,-27829.375
1903161,-72817.5,20706.875,-99684.375
1903161,-72817.5,20706.875,-99684.375
1903172,-36063.125,-14100.625,28345.625
1903172,-36063.125,-14100.625,28345.625
1903183,-73998.75,-4090.625,64885.625
1903183,-73998.75,-4090.625,64885.625
1903193,-64946.875,-17377.5,135091.25
1903193,-64946.875,-17377.5,135091.25
1903203,-112192.5,-38871.875,100301.25
1903203,-112192.5,-38871.875,100301.25
1903214,-135996.875,-43456.875,118781.25
1903214,-135996.875,-43456.875,118781.25
1903224,-143360.0,-53668.125,105586.25
1903224,-143360.0,-53668.125,105586.25
1903234,-143360.0,-60296.25,97470.625
1903234,-143360.0,-60296.25,97470.625
1903245,-143158.75,-60983.125,108119.375
1903245,-143158.75,-60983.125,108119.375
1903255,-143360.0,-66920.0,111260.625
1903255,-143360.0,-66920.0,111260.625
1903265,-143360.0,-71837.5,112905.625
1903265,-143360.0,-71837.5,112905.625
1903275,-143355.625,-68066.25,124547.5
1903275,-143355.625,-68066.25,124547.5
1903286,-143360.0,-61976.25,135800.0
1903286,-143360.0,-61976.25,135800.0
1903295,-143360.0,-57028.125,-143360.0
1903295,-143360.0,-57028.125,-143360.0
1903306,-143360.0,-53536.875,-143360.0
1903306,-143360.0,-53536.875,-143360.0
1903317,-143360.0,-48216.875,143206.875
1903317,-143360.0,-48216.875,143206.875
1903327,-143360.0,-43093.75,-143360.0
1903327,-143360.0,-43093.75,-143360.0
1903338,-143360.0,-37069.375,139698.125
1903338,-143360.0,-37069.375,139698.125
1903348,-143360.0,-33394.375,108955.0
1903348,-143360.0,-33394.375,108955.0
1903358,-143360.0,-29995.0,81571.875
1903358,-143360.0,-29995.0,81571.875
1903368,-143360.0,-25532.5,67633.125
1903368,-143360.0,-25532.5,67633.125
1903379,-143360.0,-23043.125,57176.875
1903379,-143360.0,-23043.125,57176.875
1903389,-143360.0,-18497.5,55221.25
1903389,-143360.0,-18497.5,55221.25
1903399,-143360.0,-15697.5,55785.625
1903399,-143360.0,-15697.5,55785.625
1903410,-141233.75,-16301.25,51025.625
1903410,-141233.75,-16301.25,51025.625
1903420,-128200.625,-17845.625,43728.125
1903420,-128200.625,-17845.625,43728.125
1903430,-116930.625,-20203.75,30751.875
1903430,-116930.625,-20203.75,30751.875
1903441,-109033.75,-23646.875,14175.0
1903441,-109033.75,-23646.875,14175.0
1903451,-102755.625,-25418.75,3740.625
1903451,-102755.625,-25418.75,3740.625
1903461,-97125.0,-25221.875,-2183.125
1903461,-97125.0,-25221.875,-2183.125
1903471,-88628.75,-24657.5,-4593.75
1903471,-88628.75,-24657.5,-4593.75
1903482,-76116.25,-25847.5,-5372.5
1903482,-76116.25,-25847.5,-5372.5
1903493,-61258.75,-28048.125,-5626.25
1903493,-61258.75,-28048.125,-5626.25
1903502,-47381.25,-29715.0,-3657.5
1903502,-47381.25,-29715.0,-3657.5
1903513,-36973.125,-31346.875,-945.0
1903513,-36973.125,-31346.875,-945.0
1903523,-28135.625,-30563.75,800.625
1903523,-28135.625,-30563.75,800.625
1903534,-23248.75,-29951.25,520.625
1903534,-23248.75,-29951.25,520.625
1903544,-21870.625,-29172.5,-1229.375
1903544,-21870.625,-29172.5,-1229.375
1903554,-23362.5,-26617.5,-3080.0
1903554,-23362.5,-26617.5,-3080.0
1903564,-24889.375,-25803.75,-7328.125
1903564,-24889.375,-25803.75,-7328.125
1903574,-24570.0,-26206.25,-9961.875
1903574,-24570.0,-26206.25,-9961.875
1903585,-23611.875,-26718.125,-12324.375
1903585,-23611.875,-26718.125,-12324.375
1903595,-19171.25,-25865.0,-10211.25
1903595,-19171.25,-25865.0,-10211.25
1903606,-12083.75,-23003.75,-3920.0
1903606,-12083.75,-23003.75,-3920.0
1903616,-5088.125,-18051.25,3290.0
1903616,-5088.125,-18051.25,3290.0
1903626,-1916.25,-14140.0,5945.625
1903626,-1916.25,-14140.0,5945.625
1903637,-2314.375,-12831.875,3342.5
1903637,-2314.375,-12831.875,3342.5
1903647,-2629.375,-11480.0,253.75
1903647,-2629.375,-11480.0,253.75
1903657,-3346.875,-10250.625,-2734.375
1903657,-3346.875,-10250.625,-2734.375
1903667,-2646.875,-8036.875,-3482.5
1903667,-2646.875,-8036.875,-3482.5
1903678,-3959.375,-3823.75,-6234.375
1903678,-3959.375,-3823.75,-6234.375
1903689,-3911.25,-840.0,-11051.25
1903689,-3911.25,-840.0,-11051.25
1903698,-3434.375,-157.5,-12040.0
1903698,-3434.375,-157.5,-12040.0
1903709,-3167.5,695.625,-10276.875
1903709,-3167.5,695.625,-10276.875
1903719,-1124.375,2380.0,-6313.125
1903719,-1124.375,2380.0,-6313.125
1903729,2231.25,4571.875,-896.875
1903729,2231.25,4571.875,-896.875
1903740,4270.0,4055.625,183.75
1903740,4270.0,4055.625,183.75
1903750,4895.625,3421.25,-1334.375
1903750,4895.625,3421.25,-1334.375
1903760,5565.0,2506.875,-1268.75
1903760,5565.0,2506.875,-1268.75
1903771,6216.875,826.875,743.75
1903771,6216.875,826.875,743.75
1903781,6383.125,227.5,4388.125
1903781,6383.125,227.5,4388.125
1903791,6081.25,1872.5,7271.25
1903791,6081.25,1872.5,7271.25
1903802,5433.75,2953.125,8382.5
1903802,5433.75,2953.125,8382.5
1903812,2800.0,1365.0,6422.5
1903812,2800.0,1365.0,6422.5
1903822,-953.75,-297.5,3731.875
1903822,-953.75,-297.5,3731.875
1903833,-2926.875,-1137.5,2839.375
1903833,-2926.875,-1137.5,2839.375
1903843,-2288.125,-2957.5,446.25
1903843,-2288.125,-2957.5,446.25
1903853,-214.375,-3399.375,796.25
1903853,-214.375,-3399.375,796.25
1903864,-507.5,-5346.25,800.625
1903864,-507.5,-5346.25,800.625
1903874,415.625,-5950.0,-236.25
1903874,415.625,-5950.0,-236.25
1903884,1806.875,-5477.5,-30.625
1903884,1806.875,-5477.5,-30.625
1903895,2008.125,-6553.75,-1522.5
1903895,2008.125,-6553.75,-1522.5
1903905,2366.875,-6558.125,-468.125
1903905,2366.875,-6558.125,-468.125
1903914,2668.75,-6671.875,-323.75
1903914,2668.75,-6671.875,-323.75
1903925,3688.125,-5748.75,940.625
1903925,3688.125,-5748.75,940.625
1903936,5048.75,-6160.0,1938.125
1903936,5048.75,-6160.0,1938.125
1903946,6265.0,-8137.5,1995.0
1903946,6265.0,-8137.5,1995.0
1903957,6650.0,-9690.625,2743.125
1903957,6650.0,-9690.625,2743.125
1903967,6094.375,-8316.875,3316.25
1903967,6094.375,-8316.875,3316.25
1903977,6269.375,-5468.75,4300.625
1903977,6269.375,-5468.75,4300.625
1903987,6825.0,-4738.125,2161.25
1903987,6825.0,-4738.125,2161.25
1903998,7039.375,-3412.5,2362.5
1903998,7039.375,-3412.5,2362.5
1904008,7910.0,-4103.75,2419.375
1904008,7910.0,-4103.75,2419.375
1904018,9773.75,-5166.875,945.0
1904018,9773.75,-5166.875,945.0
1904029,11501.875,-6501.25,402.5
1904029,11501.875,-6501.25,402.5
1904039,9734.375,-8163.75,-2690.625
1904039,9734.375,-8163.75,-2690.625
1904049,5674.375,-7857.5,-5827.5
1904049,5674.375,-7857.5,-5827.5
1904060,-385.0,-7660.625,-8968.75
1904060,-385.0,-7660.625,-8968.75
1904070,-3626.875,-6374.375,-11235.0
1904070,-3626.875,-6374.375,-11235.0
1904080,-3526.25,-1470.0,-12114.375
1904080,-3526.25,-1470.0,-12114.375
1904090,-1640.625,-581.875,-13860.0
1904090,-1640.625,-581.875,-13860.0
1904101,3119.375,2568.125,-10578.75
1904101,3119.375,2568.125,-10578.75
1904111,9441.25,3880.625,-5031.25
1904111,9441.25,3880.625,-5031.25
1904120,14091.875,6041.875,-2681.875
1904120,14091.875,6041.875,-2681.875
1904132,17605.0,6221.25,-179.375
1904132,17605.0,6221.25,-179.375
1904142,20094.375,5088.125,393.75
1904142,20094.375,5088.125,393.75
1904152,21866.25,5880.0,-161.875
1904152,21866.25,5880.0,-161.875
1904163,21621.25,5775.0,-1015.0
1904163,21621.25,5775.0,-1015.0
1904173,20593.125,4659.375,-4278.75
1904173,20593.125,4659.375,-4278.75
1904184,20475.0,3683.75,-5547.5
1904184,20475.0,3683.75,-5547.5
1904194,22023.75,4554.375,-5053.125
1904194,22023.75,4554.375,-5053.125
1904204,23804.375,3985.625,-5385.625
1904204,23804.375,3985.625,-5385.625
1904214,25130.0,2366.875,-5446.875
1904214,25130.0,2366.875,-5446.875
1904224,25265.625,853.125,-6343.75
1904224,25265.625,853.125,-6343.75
1904235,26149.375,2104.375,-4506.25
1904235,26149.375,2104.375,-4506.25
1904245,24640.0,2708.125,-5543.125
1904245,24640.0,2708.125,-5543.125
1904256,23248.75,971.25,-7310.625
1904256,23248.75,971.25,-7310.625
1904266,20873.125,761.25,-8653.75
1904266,20873.125,761.25,-8653.75
1904277,19232.5,608.125,-8513.75
1904277,19232.5,608.125,-8513.75
1904286,16231.25,-936.25,-9371.25
1904286,16231.25,-936.25,-9371.25
1904297,9108.75,-2104.375,-14096.25
1904297,9108.75,-2104.375,-14096.25
1904307,-673.75,-1649.375,-21783.125
1904307,-673.75,-1649.375,-21783.125
1904318,-8386.875,490.0,-31482.5
1904318,-8386.875,490.0,-31482.5
1904328,-11628.75,3027.5,-35560.0
1904328,-11628.75,3027.5,-35560.0
1904338,-11497.5,2913.75,-35682.5
1904338,-11497.5,2913.75,-35682.5
1904348,-8793.75,2690.625,-32318.125
1904348,-8793.75,2690.625,-32318.125
1904359,-3565.625,2161.25,-27444.375
1904359,-3565.625,2161.25,-27444.375
1904369,2069.375,-131.25,-23944.375
1904369,2069.375,-131.25,-23944.375
1904379,8050.0,-4558.75,-20667.5
1904379,8050.0,-4558.75,-20667.5
1904390,15881.25,-8946.875,-17539.375
1904390,15881.25,-8946.875,-17539.375
1904400,27015.625,-2467.5,-7984.375
1904400,27015.625,-2467.5,-7984.375
1904410,35809.375,5709.375,3071.25
1904410,35809.375,5709.375,3071.25
1904421,34636.875,7083.125,-643.125
1904421,34636.875,7083.125,-643.125
1904432,30603.125,5617.5,-7673.75
1904432,30603.125,5617.5,-7673.75
1904441,30546.25,6816.25,-7192.5
1904441,30546.25,6816.25,-7192.5
1904452,31640.0,8417.5,-7293.125
1904452,31640.0,8417.5,-7293.125
1904462,35100.625,10403.75,-6575.625
1904462,35100.625,10403.75,-6575.625
1904473,40888.75,13632.5,-4095.0
1904473,40888.75,13632.5,-4095.0
1904483,46016.25,20055.0,-2725.625
1904483,46016.25,20055.0,-2725.625
1904493,52876.25,28695.625,-4996.25
1904493,52876.25,28695.625,-4996.25
1904503,60637.5,32703.125,-10845.625
1904503,60637.5,32703.125,-10845.625
1904514,65835.0,32991.875,-20120.625
1904514,65835.0,32991.875,-20120.625
1904524,70848.75,33446.875,-26236.875
1904524,70848.75,33446.875,-26236.875
1904534,83488.125,36207.5,-28481.25
1904534,83488.125,36207.5,-28481.25
1904545,99763.125,40775.0,-28861.875
1904545,99763.125,40775.0,-28861.875
1904555,120255.625,47792.5,-27125.0
1904555,120255.625,47792.5,-27125.0
1904565,140021.875,53943.75,-28070.0
1904565,140021.875,53943.75,-28070.0
1904575,143355.625,59001.25,-32239.375
1904575,143355.625,59001.25,-32239.375
1904586,143211.25,63166.25,-38193.75
1904586,143211.25,63166.25,-38193.75
1904596,143250.625,67169.375,-42743.75
1904596,143250.625,67169.375,-42743.75
1904607,143355.625,66666.25,-42866.25
1904607,143355.625,66666.25,-42866.25
1904617,143355.625,54337.5,-44975.0
1904617,143355.625,54337.5,-44975.0
1904627,143355.625,42748.125,-52451.875
1904627,143355.625,42748.125,-52451.875
1904637,143355.625,35301.875,-66364.375
1904637,143355.625,35301.875,-66364.375
1904648,143355.625,21170.625,-89302.5
1904648,143355.625,21170.625,-89302.5
1904658,143355.625,13855.625,-109606.875
1904658,143355.625,13855.625,-109606.875
1904668,143355.625,14175.0,-122303.125
1904668,143355.625,14175.0,-122303.125
1904679,143355.625,14503.125,-130458.125
1904679,143355.625,14503.125,-130458.125
1904689,143355.625,14778.75,-126980.0
1904689,143355.625,14778.75,-126980.0
1904699,143355.625,16791.25,-118435.625
1904699,143355.625,16791.25,-118435.625
1904710,143355.625,15833.125,-118273.75
1904710,143355.625,15833.125,-118273.75
1904720,143355.625,12963.125,-128082.5
1904720,143355.625,12963.125,-128082.5
1904730,143355.625,8631.875,-140695.625
1904730,143355.625,8631.875,-140695.625
1904741,143355.625,686.875,-143355.625
1904741,143355.625,686.875,-143355.625
1904751,143355.625,-3342.5,-143298.75
1904751,143355.625,-3342.5,-143298.75
1904761,143355.625,-9878.75,-143276.875
1904761,143355.625,-9878.75,-143276.875
1904771,143355.625,-17202.5,-143355.625
1904771,143355.625,-17202.5,-143355.625
1904782,143355.625,-21476.875,-143355.625
1904782,143355.625,-21476.875,-143355.625
1904792,143355.625,-27838.125,-143355.625
1904792,143355.625,-27838.125,-143355.625
1904803,143355.625,-40840.625,-143355.625
1904803,143355.625,-40840.625,-143355.625
1904813,143355.625,-50544.375,-143355.625
1904813,143355.625,-50544.375,-143355.625
1904823,143355.625,-56892.5,-143355.625
1904823,143355.625,-56892.5,-143355.625
1904833,143355.625,-67427.5,-143355.625
1904833,143355.625,-67427.5,-143355.625
1904844,143355.625,-79156.875,-143355.625
1904844,143355.625,-79156.875,-143355.625
1904854,143355.625,-89162.5,-143355.625
1904854,143355.625,-89162.5,-143355.625
1904864,143355.625,-86423.75,-143355.625
1904864,143355.625,-86423.75,-143355.625
1904875,143355.625,-86874.375,-143355.625
1904875,143355.625,-86874.375,-143355.625
1904885,143355.625,-108228.75,-143355.625
1904885,143355.625,-108228.75,-143355.625
1904894,143355.625,-130235.0,-143355.625
1904894,143355.625,-130235.0,-143355.625
1904906,143355.625,-142485.0,-143355.625
1904906,143355.625,-142485.0,-143355.625
1904916,134141.875,-143355.625,-143355.625
1904916,134141.875,-143355.625,-143355.625
1904926,65935.625,-143193.75,-143355.625
1904926,65935.625,-143193.75,-143355.625
1904937,6300.0,-143316.25,-143355.625
1904937,6300.0,-143316.25,-143355.625
1904947,8382.5,-143355.625,-143355.625
1904947,8382.5,-143355.625,-143355.625
1904957,69873.125,-139304.375,-143355.625
1904957,69873.125,-139304.375,-143355.625
1904968,129902.5,-113001.875,-143355.625
1904968,129902.5,-113001.875,-143355.625
1904978,143355.625,-101066.875,-143355.625
1904978,143355.625,-101066.875,-143355.625
1904987,127207.5,-118724.375,-143355.625
1904987,127207.5,-118724.375,-143355.625
1904999,86716.875,-143355.625,-143355.625
1904999,86716.875,-143355.625,-143355.625
1905009,59885.0,-143355.625,-143355.625
1905009,59885.0,-143355.625,-143355.625
1905019,35980.0,-142944.375,-127820.0
1905019,35980.0,-142944.375,-127820.0
1905029,-29430.625,-143316.25,-98905.625
1905029,-29430.625,-143316.25,-98905.625
1905040,-51839.375,-139580.0,-110092.5
1905040,-51839.375,-139580.0,-110092.5
1905050,1645.0,-93738.75,-114524.375
1905050,1645.0,-93738.75,-114524.375
1905060,68604.375,-19569.375,-65979.375
1905060,68604.375,-19569.375,-65979.375
1905071,113229.375,13553.75,-21551.25
1905071,113229.375,13553.75,-21551.25
1905081,128926.875,-13514.375,-16279.375
1905081,128926.875,-13514.375,-16279.375
1905092,124683.125,-48444.375,-24745.0
1905092,124683.125,-48444.375,-24745.0
1905101,103753.125,-49288.75,-33464.375
1905101,103753.125,-49288.75,-33464.375
1905112,81812.5,-19941.25,-44296.875
1905112,81812.5,-19941.25,-44296.875
1905122,74615.625,2082.5,-44463.125
1905122,74615.625,2082.5,-44463.125
1905133,82512.5,8172.5,-33770.625
1905133,82512.5,8172.5,-33770.625
1905143,93012.5,10793.125,-22973.125
1905143,93012.5,10793.125,-22973.125
1905153,91284.375,12853.75,-24412.5
1905153,91284.375,12853.75,-24412.5
1905164,75866.875,6020.0,-31338.125
1905164,75866.875,6020.0,-31338.125
1905174,52539.375,-15820.0,-39038.125
1905174,52539.375,-15820.0,-39038.125
1905184,28341.25,-42196.875,-48308.75
1905184,28341.25,-42196.875,-48308.75
1905195,14166.25,-71513.75,-48768.125
1905195,14166.25,-71513.75,-48768.125
1905205,24950.625,-80513.125,-38828.125
1905205,24950.625,-80513.125,-38828.125
1905215,51944.375,-39370.625,-55842.5
1905215,51944.375,-39370.625,-55842.5
1905225,78461.25,-14258.125,-46641.875
1905225,78461.25,-14258.125,-46641.875
1905236,141723.75,27986.875,-19810.0
1905236,141723.75,27986.875,-19810.0
1905246,143355.625,79327.5,36627.5
1905246,143355.625,79327.5,36627.5
1905256,128769.375,52889.375,47359.375
1905256,128769.375,52889.375,47359.375
1905267,107310.0,33871.25,55654.375
1905267,107310.0,33871.25,55654.375
1905277,105026.25,35700.0,75888.75
1905277,105026.25,35700.0,75888.75
1905288,101819.375,36767.5,79331.875
1905288,101819.375,36767.5,79331.875
1905298,93870.0,37590.0,75849.375
1905298,93870.0,37590.0,75849.375
1905308,80723.125,34076.875,65708.125
1905308,80723.125,34076.875,65708.125
1905318,67580.625,35026.25,59946.25
1905318,67580.625,35026.25,59946.25
