1936874,-61.25,13.125,35.0
1936874,-61.25,13.125,35.0
1936885,-43.75,4.375,39.375
1936885,-43.75,4.375,39.375
1937036,-87.5,-13.125,48.125
1937036,-87.5,-13.125,48.125
1937046,-100.625,-13.125,56.875
1937046,-100.625,-13.125,56.875
1937117,-35.0,-17.5,21.875
1937117,-35.0,-17.5,21.875
1937126,-43.75,-26.25,30.625
1937126,-43.75,-26.25,30.625
1937278,35.0,35.0,83.125
1937278,35.0,35.0,83.125
1937288,-118.125,30.625,83.125
1937288,-118.125,30.625,83.125
1937601,-65.625,-8.75,13.125
1937601,-65.625,-8.75,13.125
1937611,-91.875,-4.375,8.75
1937611,-91.875,-4.375,8.75
1937641,-52.5,-13.125,26.25
1937641,-52.5,-13.125,26.25
1937652,-52.5,-4.375,30.625
1937652,-52.5,-4.375,30.625
1937803,-91.875,-21.875,-35.0
1937803,-91.875,-21.875,-35.0
1937813,-91.875,-8.75,-56.875
1937813,-91.875,-8.75,-56.875
1937964,-284.375,8.75,0.0
1937964,-284.375,8.75,0.0
1937974,-301.875,30.625,-35.0
1937974,-301.875,30.625,-35.0
1938247,-739.375,-157.5,-428.75
1938247,-739.375,-157.5,-428.75
1938257,-988.75,-249.375,-595.0
1938257,-988.75,-249.375,-595.0
1938328,-6146.875,-1395.625,-4532.5
1938328,-6146.875,-1395.625,-4532.5
1938479,-4165.0,931.875,-20536.25
1938479,-4165.0,931.875,-20536.25
1938489,-3653.125,940.625,-20790.0
1938489,-3653.125,940.625,-20790.0
1938560,323.75,-3080.0,-23760.625
1938560,323.75,-3080.0,-23760.625
1938569,-1583.75,-3281.25,-23310.0
1938569,-1583.75,-3281.25,-23310.0
1938721,-5796.875,-7770.0,157.5
1938721,-5796.875,-7770.0,157.5
1938731,-3845.625,-4952.5,-599.375
1938731,-3845.625,-4952.5,-599.375
1938883,5556.25,-6536.25,5923.75
1938883,5556.25,-6536.25,5923.75
1938893,7105.0,-5801.25,6527.5
1938893,7105.0,-5801.25,6527.5
1939044,1640.625,-2734.375,-367.5
1939044,1640.625,-2734.375,-367.5
1939054,-1273.125,-2708.125,-3902.5
1939054,-1273.125,-2708.125,-3902.5
1939206,-19057.5,-1220.625,-9270.625
1939206,-19057.5,-1220.625,-9270.625
1939216,-19057.5,-1570.625,-9086.875
1939216,-19057.5,-1570.625,-9086.875
1939367,-5162.5,-529.375,-564.375
1939367,-5162.5,-529.375,-564.375
1939377,-4291.875,13.125,-227.5
1939377,-4291.875,13.125,-227.5
1939529,4.375,1041.25,1225.0
1939529,4.375,1041.25,1225.0
1939539,-310.625,993.125,1811.25
1939539,-310.625,993.125,1811.25
1939609,682.5,109.375,581.875
1939609,682.5,109.375,581.875
1939619,568.75,-26.25,560.0
1939619,568.75,-26.25,560.0
1939771,-686.875,2458.75,118.125
1939771,-686.875,2458.75,118.125
1939781,-713.125,2830.625,455.0
1939781,-713.125,2830.625,455.0
1939831,183.75,1080.625,643.125
1939831,183.75,1080.625,643.125
1939841,253.75,879.375,577.5
1939841,253.75,879.375,577.5
