1929389,-40836.25,-143360.0,-143360.0
1929389,-40836.25,-143360.0,-143360.0
1929400,-60904.375,-143360.0,-143360.0
1929400,-60904.375,-143360.0,-143360.0
1929410,-29137.5,143351.25,-143360.0
1929410,-29137.5,143351.25,-143360.0
1929420,-17727.5,-143360.0,142401.875
1929420,-17727.5,-143360.0,142401.875
1929431,-28393.75,-143360.0,115224.375
1929431,-28393.75,-143360.0,115224.375
1929441,-25252.5,-143360.0,61805.625
1929441,-25252.5,-143360.0,61805.625
1929451,-36242.5,-143360.0,29763.125
1929451,-36242.5,-143360.0,29763.125
1929461,-67423.125,-143360.0,10224.375
1929461,-67423.125,-143360.0,10224.375
1929472,-74256.875,118693.75,-4173.75
1929472,-74256.875,118693.75,-4173.75
1929482,-57382.5,81103.75,4156.25
1929482,-57382.5,81103.75,4156.25
1929492,-26162.5,79436.875,15413.125
1929492,-26162.5,79436.875,15413.125
1929503,-34750.625,86305.625,13654.375
1929503,-34750.625,86305.625,13654.375
1929513,-90107.5,101600.625,-2725.625
1929513,-90107.5,101600.625,-2725.625
1929523,-90374.375,121782.5,-27623.75
1929523,-90374.375,121782.5,-27623.75
1929534,-82241.25,107423.75,-46453.75
1929534,-82241.25,107423.75,-46453.75
1929544,-74873.75,84708.75,-55488.125
1929544,-74873.75,84708.75,-55488.125
1929555,-50382.5,86686.25,-60576.25
1929555,-50382.5,86686.25,-60576.25
1929564,-40140.625,99859.375,-81073.125
1929564,-40140.625,99859.375,-81073.125
1929575,-72454.375,99798.125,-116655.0
1929575,-72454.375,99798.125,-116655.0
1929585,-110678.75,104781.25,-139199.375
1929585,-110678.75,104781.25,-139199.375
1929596,-116681.25,110853.75,-143355.625
1929596,-116681.25,110853.75,-143355.625
1929606,-109405.625,120347.5,-143290.0
1929606,-109405.625,120347.5,-143290.0
1929616,-98179.375,132597.5,-141264.375
1929616,-98179.375,132597.5,-141264.375
1929627,-80657.5,135161.25,-131696.25
1929627,-80657.5,135161.25,-131696.25
1929637,-72673.125,123738.125,-135808.75
1929637,-72673.125,123738.125,-135808.75
1929647,-61770.625,121436.875,-143355.625
1929647,-61770.625,121436.875,-143355.625
1929658,-45981.25,141281.875,-143355.625
1929658,-45981.25,141281.875,-143355.625
1929668,476.875,-143360.0,-132304.375
1929668,476.875,-143360.0,-132304.375
1929678,17036.25,143088.75,-111973.75
1929678,17036.25,143088.75,-111973.75
1929689,27475.0,143268.125,-132177.5
1929689,27475.0,143268.125,-132177.5
1929699,38403.75,138608.75,-143355.625
1929699,38403.75,138608.75,-143355.625
1929709,67287.5,131337.5,-143355.625
1929709,67287.5,131337.5,-143355.625
1929719,108828.125,137668.125,-143053.75
1929719,108828.125,137668.125,-143053.75
1929730,135581.25,141548.75,-143355.625
1929730,135581.25,141548.75,-143355.625
1929740,142279.375,142800.0,-143355.625
1929740,142279.375,142800.0,-143355.625
1929751,143355.625,141343.125,-143351.25
1929751,143355.625,141343.125,-143351.25
1929761,143320.625,140568.75,-143355.625
1929761,143320.625,140568.75,-143355.625
1929771,143325.0,140175.0,-143355.625
1929771,143325.0,140175.0,-143355.625
1929781,143355.625,136631.25,-143355.625
1929781,143355.625,136631.25,-143355.625
1929792,143355.625,129565.625,-143355.625
1929792,143355.625,129565.625,-143355.625
1929802,142756.25,116676.875,-143355.625
1929802,142756.25,116676.875,-143355.625
1929812,124722.5,96862.5,-123554.375
1929812,124722.5,96862.5,-123554.375
1929823,100572.5,6160.0,-80990.0
1929823,100572.5,6160.0,-80990.0
1929833,27597.5,-45425.625,-135817.5
1929833,27597.5,-45425.625,-135817.5
1929843,102458.125,135366.875,-101876.25
1929843,102458.125,135366.875,-101876.25
1929854,100030.0,69068.125,-3902.5
1929854,100030.0,69068.125,-3902.5
1929864,-29448.125,100003.75,73154.375
1929864,-29448.125,100003.75,73154.375
1929873,-14962.5,-15920.625,79555.0
1929873,-14962.5,-15920.625,79555.0
1929885,2187.5,-39904.375,121690.625
1929885,2187.5,-39904.375,121690.625
1929895,-48251.875,-47617.5,-143360.0
1929895,-48251.875,-47617.5,-143360.0
1929906,-113456.875,-70621.25,-143360.0
1929906,-113456.875,-70621.25,-143360.0
1929915,-143360.0,-81764.375,142773.75
1929915,-143360.0,-81764.375,142773.75
1929926,-143360.0,-78260.0,-143360.0
1929926,-143360.0,-78260.0,-143360.0
1929936,-142795.625,-68748.75,141102.5
1929936,-142795.625,-68748.75,141102.5
1929947,-143360.0,-69260.625,140910.0
1929947,-143360.0,-69260.625,140910.0
1929957,-143360.0,-64505.0,-143360.0
1929957,-143360.0,-64505.0,-143360.0
1929967,-143351.25,-55951.875,-143360.0
1929967,-143351.25,-55951.875,-143360.0
1929978,-143360.0,-52259.375,143303.125
1929978,-143360.0,-52259.375,143303.125
1929988,-143360.0,-47691.875,-143360.0
1929988,-143360.0,-47691.875,-143360.0
1929998,-143360.0,-42953.75,142896.25
1929998,-143360.0,-42953.75,142896.25
1930008,-143360.0,-39283.125,123725.0
1930008,-143360.0,-39283.125,123725.0
1930019,-143360.0,-40162.5,96796.875
1930019,-143360.0,-40162.5,96796.875
1930029,-143360.0,-40180.0,82980.625
1930029,-143360.0,-40180.0,82980.625
1930039,-143360.0,-39305.0,75477.5
1930039,-143360.0,-39305.0,75477.5
1930050,-143360.0,-35568.75,73233.125
1930050,-143360.0,-35568.75,73233.125
1930059,-143360.0,-29662.5,70393.75
1930059,-143360.0,-29662.5,70393.75
1930070,-143360.0,-26499.375,62295.625
1930070,-143360.0,-26499.375,62295.625
1930081,-143360.0,-24644.375,54315.625
1930081,-143360.0,-24644.375,54315.625
1930091,-143360.0,-20794.375,51887.5
1930091,-143360.0,-20794.375,51887.5
1930102,-143360.0,-18707.5,50181.25
1930102,-143360.0,-18707.5,50181.25
1930111,-143360.0,-19442.5,45701.25
1930111,-143360.0,-19442.5,45701.25
1930122,-143360.0,-20833.75,44458.75
1930122,-143360.0,-20833.75,44458.75
1930133,-143255.0,-16043.125,49861.875
1930133,-143255.0,-16043.125,49861.875
1930142,-136850.0,-15321.25,53095.0
1930142,-136850.0,-15321.25,53095.0
1930153,-121887.5,-15194.375,56345.625
1930153,-121887.5,-15194.375,56345.625
1930163,-107996.875,-14958.125,60121.25
1930163,-107996.875,-14958.125,60121.25
1930173,-93870.0,-13798.75,62829.375
1930173,-93870.0,-13798.75,62829.375
1930184,-81672.5,-13868.75,61425.0
1930184,-81672.5,-13868.75,61425.0
1930194,-73001.25,-13982.5,57933.75
1930194,-73001.25,-13982.5,57933.75
1930204,-67930.625,-16826.25,50194.375
1930204,-67930.625,-16826.25,50194.375
1930214,-63315.0,-19928.125,40508.125
1930214,-63315.0,-19928.125,40508.125
1930225,-58996.875,-19013.75,32830.0
1930225,-58996.875,-19013.75,32830.0
1930235,-55313.125,-17071.25,25370.625
1930235,-55313.125,-17071.25,25370.625
1930246,-51550.625,-18414.375,17924.375
1930246,-51550.625,-18414.375,17924.375
1930256,-45049.375,-18908.75,14564.375
1930256,-45049.375,-18908.75,14564.375
1930266,-35319.375,-15456.875,13492.5
1930266,-35319.375,-15456.875,13492.5
1930277,-25834.375,-13247.5,9848.125
1930277,-25834.375,-13247.5,9848.125
1930287,-17128.125,-12123.125,6816.25
1930287,-17128.125,-12123.125,6816.25
1930297,-11497.5,-11904.375,3080.0
1930297,-11497.5,-11904.375,3080.0
1930308,-7910.0,-10045.0,-1470.0
1930308,-7910.0,-10045.0,-1470.0
1930318,-6571.25,-9218.125,-6282.5
1930318,-6571.25,-9218.125,-6282.5
1930328,-4624.375,-9922.5,-10342.5
1930328,-4624.375,-9922.5,-10342.5
1930338,-1850.625,-11370.625,-13076.875
1930338,-1850.625,-11370.625,-13076.875
1930349,1448.125,-7888.125,-11025.0
1930349,1448.125,-7888.125,-11025.0
1930359,4252.5,-48.125,-5013.75
1930359,4252.5,-48.125,-5013.75
1930370,5670.0,1868.125,-5276.25
1930370,5670.0,1868.125,-5276.25
1930380,5919.375,1071.875,-7800.625
1930380,5919.375,1071.875,-7800.625
1930390,4983.125,468.125,-8198.75
1930390,4983.125,468.125,-8198.75
1930400,4471.25,-2082.5,-9012.5
1930400,4471.25,-2082.5,-9012.5
1930411,4698.75,-3832.5,-8290.625
1930411,4698.75,-3832.5,-8290.625
1930421,3981.25,-2673.125,-4760.0
1930421,3981.25,-2673.125,-4760.0
1930431,1575.0,341.25,-1575.0
1930431,1575.0,341.25,-1575.0
1930442,-2388.75,-660.625,-2353.75
1930442,-2388.75,-660.625,-2353.75
1930453,-4768.75,-1767.5,-1220.625
1930453,-4768.75,-1767.5,-1220.625
1930462,-5070.625,-3714.375,743.75
1930462,-5070.625,-3714.375,743.75
1930473,-2668.75,-4348.75,3066.875
1930473,-2668.75,-4348.75,3066.875
1930483,-472.5,-1198.75,9012.5
1930483,-472.5,-1198.75,9012.5
1930493,-1671.25,-2975.0,7656.25
1930493,-1671.25,-2975.0,7656.25
1930504,-3036.25,-2795.625,2800.0
1930504,-3036.25,-2795.625,2800.0
1930514,-3981.25,-2760.625,433.125
1930514,-3981.25,-2760.625,433.125
1930524,-5149.375,-3088.75,-1198.75
1930524,-5149.375,-3088.75,-1198.75
1930535,-5219.375,-3640.0,-1430.625
1930535,-5219.375,-3640.0,-1430.625
1930545,-3587.5,-3259.375,-153.125
1930545,-3587.5,-3259.375,-153.125
1930555,-1478.75,542.5,1907.5
1930555,-1478.75,542.5,1907.5
1930565,-1330.0,-91.875,-621.25
1930565,-1330.0,-91.875,-621.25
1930575,-1312.5,-1618.75,-2756.25
1930575,-1312.5,-1618.75,-2756.25
1930586,-1645.0,-3071.25,-3749.375
1930586,-1645.0,-3071.25,-3749.375
1930596,-1618.75,-4217.5,-4550.0
1930596,-1618.75,-4217.5,-4550.0
1930606,-743.75,-6518.75,-5805.625
1930606,-743.75,-6518.75,-5805.625
1930617,726.25,-7170.625,-5748.75
1930617,726.25,-7170.625,-5748.75
1930627,2275.0,-5092.5,-4641.875
1930627,2275.0,-5092.5,-4641.875
1930638,3193.75,-3631.25,-3290.0
1930638,3193.75,-3631.25,-3290.0
1930648,4042.5,-4685.625,-2502.5
1930648,4042.5,-4685.625,-2502.5
1930658,4331.25,-5823.125,-2349.375
1930658,4331.25,-5823.125,-2349.375
1930669,4510.625,-5718.125,-1045.625
1930669,4510.625,-5718.125,-1045.625
1930679,4777.5,-5425.0,-770.0
1930679,4777.5,-5425.0,-770.0
1930690,5158.125,-5853.75,-1413.125
1930690,5158.125,-5853.75,-1413.125
1930700,5665.625,-6728.75,-1448.125
1930700,5665.625,-6728.75,-1448.125
1930710,6571.25,-6566.875,630.0
1930710,6571.25,-6566.875,630.0
1930720,7350.0,-4641.875,3543.75
1930720,7350.0,-4641.875,3543.75
1930731,7144.375,-3771.25,2848.125
1930731,7144.375,-3771.25,2848.125
1930741,6273.75,-3539.375,91.875
1930741,6273.75,-3539.375,91.875
1930751,4252.5,-5516.875,-3036.25
1930751,4252.5,-5516.875,-3036.25
1930762,3132.5,-7459.375,-4401.25
1930762,3132.5,-7459.375,-4401.25
1930772,3176.25,-7796.25,-4200.0
1930772,3176.25,-7796.25,-4200.0
1930782,3806.25,-5503.75,-3058.125
1930782,3806.25,-5503.75,-3058.125
1930793,3898.125,-3513.125,-1859.375
1930793,3898.125,-3513.125,-1859.375
1930803,3386.25,-4423.125,-2152.5
1930803,3386.25,-4423.125,-2152.5
1930813,2699.375,-4930.625,-2205.0
1930813,2699.375,-4930.625,-2205.0
1930823,1557.5,-6024.375,-3661.875
1930823,1557.5,-6024.375,-3661.875
1930834,2012.5,-5556.25,-3482.5
1930834,2012.5,-5556.25,-3482.5
1930844,2922.5,-2108.75,-1946.875
1930844,2922.5,-2108.75,-1946.875
1930854,1697.5,-1089.375,-3101.875
1930854,1697.5,-1089.375,-3101.875
1930865,1316.875,-1553.125,-4178.125
1930865,1316.875,-1553.125,-4178.125
1930875,463.75,-2384.375,-5788.125
1930875,463.75,-2384.375,-5788.125
1930885,-319.375,-2782.5,-7021.875
1930885,-319.375,-2782.5,-7021.875
1930896,-420.0,-3430.0,-7993.125
1930896,-420.0,-3430.0,-7993.125
1930906,1019.375,-1041.25,-6313.125
1930906,1019.375,-1041.25,-6313.125
1930916,3272.5,840.0,-4650.625
1930916,3272.5,840.0,-4650.625
1930927,5740.0,783.125,-3145.625
1930927,5740.0,783.125,-3145.625
1930937,7297.5,988.75,-1198.75
1930937,7297.5,988.75,-1198.75
1930947,7380.625,-153.125,-1273.125
1930947,7380.625,-153.125,-1273.125
1930958,7153.125,-1264.375,-1365.0
1930958,7153.125,-1264.375,-1365.0
1930968,5810.0,-2852.5,-3136.875
1930968,5810.0,-2852.5,-3136.875
1930978,5201.875,-3622.5,-3285.625
1930978,5201.875,-3622.5,-3285.625
1930989,5565.0,-4379.375,-2555.0
1930989,5565.0,-4379.375,-2555.0
1930999,5175.625,-4816.875,-1955.625
1930999,5175.625,-4816.875,-1955.625
1931009,5298.125,-3898.125,-1028.125
1931009,5298.125,-3898.125,-1028.125
1931019,5656.875,-971.25,218.75
1931019,5656.875,-971.25,218.75
1931030,4720.625,-1216.25,-389.375
1931030,4720.625,-1216.25,-389.375
1931040,4536.875,-634.375,402.5
1931040,4536.875,-634.375,402.5
1931049,4186.875,17.5,1085.0
1931049,4186.875,17.5,1085.0
1931061,4392.5,-144.375,529.375
1931061,4392.5,-144.375,529.375
1931071,5547.5,-835.625,835.625
1931071,5547.5,-835.625,835.625
1931081,6269.375,-770.0,1067.5
1931081,6269.375,-770.0,1067.5
1931092,5976.25,-262.5,393.75
1931092,5976.25,-262.5,393.75
1931102,5849.375,-1211.875,-2270.625
1931102,5849.375,-1211.875,-2270.625
1931112,5801.25,-2463.125,-4213.125
1931112,5801.25,-2463.125,-4213.125
1931123,6033.125,-2117.5,-3189.375
1931123,6033.125,-2117.5,-3189.375
1931133,5884.375,-1925.0,-2699.375
1931133,5884.375,-1925.0,-2699.375
1931143,6706.875,-1719.375,-2349.375
1931143,6706.875,-1719.375,-2349.375
1931154,8273.125,-2143.75,-2410.625
1931154,8273.125,-2143.75,-2410.625
1931164,9747.5,-2205.0,-2209.375
1931164,9747.5,-2205.0,-2209.375
1931174,10574.375,-1181.25,-2003.75
1931174,10574.375,-1181.25,-2003.75
1931185,10364.375,-1277.5,-3329.375
1931185,10364.375,-1277.5,-3329.375
1931195,10548.125,-2288.125,-4427.5
1931195,10548.125,-2288.125,-4427.5
1931205,10915.625,-2839.375,-4431.875
1931205,10915.625,-2839.375,-4431.875
1931215,11366.25,-166.25,-2375.625
1931215,11366.25,-166.25,-2375.625
1931225,10819.375,1058.75,-1439.375
1931225,10819.375,1058.75,-1439.375
1931236,9835.0,529.375,-1627.5
1931236,9835.0,529.375,-1627.5
1931246,9226.875,-560.0,-2528.75
1931246,9226.875,-560.0,-2528.75
1931257,8907.5,-892.5,-3399.375
1931257,8907.5,-892.5,-3399.375
1931267,8575.0,-651.875,-3526.25
1931267,8575.0,-651.875,-3526.25
1931277,8006.25,826.875,-2778.125
1931277,8006.25,826.875,-2778.125
1931288,6938.75,1828.75,-2191.875
1931288,6938.75,1828.75,-2191.875
1931298,5880.0,1496.25,-2091.25
1931298,5880.0,1496.25,-2091.25
1931308,4974.375,560.0,-2393.125
1931308,4974.375,560.0,-2393.125
1931319,4816.875,791.875,-2480.625
1931319,4816.875,791.875,-2480.625
1931329,5320.0,2450.0,-2196.25
1931329,5320.0,2450.0,-2196.25
1931340,4908.75,4256.875,-2156.875
1931340,4908.75,4256.875,-2156.875
1931350,3622.5,4326.875,-2196.25
1931350,3622.5,4326.875,-2196.25
1931360,2113.125,2060.625,-2546.25
1931360,2113.125,2060.625,-2546.25
1931370,1645.0,774.375,-2161.25
1931370,1645.0,774.375,-2161.25
1931381,2021.25,398.125,-1531.25
1931381,2021.25,398.125,-1531.25
1931391,3001.25,-402.5,-1662.5
1931391,3001.25,-402.5,-1662.5
1931401,3880.625,-1229.375,-2616.25
1931401,3880.625,-1229.375,-2616.25
1931410,3893.75,-2485.0,-3600.625
1931410,3893.75,-2485.0,-3600.625
1931422,3605.0,-2161.25,-3193.75
1931422,3605.0,-2161.25,-3193.75
1931432,2975.0,-205.625,-2235.625
1931432,2975.0,-205.625,-2235.625
1931442,2651.25,-630.0,-3342.5
1931442,2651.25,-630.0,-3342.5
1931453,3250.625,-1863.75,-3885.0
1931453,3250.625,-1863.75,-3885.0
1931463,3836.875,-2480.625,-4042.5
1931463,3836.875,-2480.625,-4042.5
1931473,5228.125,-3110.625,-4392.5
1931473,5228.125,-3110.625,-4392.5
1931484,7105.0,-2069.375,-3688.125
1931484,7105.0,-2069.375,-3688.125
1931494,8540.0,367.5,-2021.25
1931494,8540.0,367.5,-2021.25
1931505,7691.25,1697.5,-520.625
1931505,7691.25,1697.5,-520.625
1931515,5858.125,-56.875,-1115.625
1931515,5858.125,-56.875,-1115.625
1931525,4773.125,-1251.25,-2051.875
1931525,4773.125,-1251.25,-2051.875
1931535,3985.625,-140.0,-1421.875
1931535,3985.625,-140.0,-1421.875
1931546,3416.875,-179.375,-826.875
1931546,3416.875,-179.375,-826.875
1931556,3447.5,-682.5,-78.75
1931556,3447.5,-682.5,-78.75
1931566,3075.625,-280.0,735.0
1931566,3075.625,-280.0,735.0
1931577,2966.25,-485.625,1242.5
1931577,2966.25,-485.625,1242.5
1931586,3381.875,-1198.75,1176.875
1931586,3381.875,-1198.75,1176.875
1931597,3959.375,-1325.625,1054.375
1931597,3959.375,-1325.625,1054.375
1931608,4974.375,-1312.5,665.0
1931608,4974.375,-1312.5,665.0
1931618,5390.0,-761.25,678.125
1931618,5390.0,-761.25,678.125
1931628,4274.375,-599.375,511.875
1931628,4274.375,-599.375,511.875
1931638,2992.5,-739.375,-673.75
1931638,2992.5,-739.375,-673.75
1931649,2279.375,-1951.25,-3176.25
1931649,2279.375,-1951.25,-3176.25
1931659,2813.125,-1986.25,-4593.75
1931659,2813.125,-1986.25,-4593.75
1931669,3228.75,-2511.25,-5499.375
1931669,3228.75,-2511.25,-5499.375
1931680,3443.125,-2266.25,-5219.375
1931680,3443.125,-2266.25,-5219.375
1931690,2992.5,-1207.5,-3408.125
1931690,2992.5,-1207.5,-3408.125
1931701,2668.75,-896.875,-1745.625
1931701,2668.75,-896.875,-1745.625
1931711,2047.5,-1688.75,-1986.25
1931711,2047.5,-1688.75,-1986.25
1931721,1723.75,-1706.25,-2528.75
1931721,1723.75,-1706.25,-2528.75
1931731,1496.25,-1321.25,-3723.125
1931731,1496.25,-1321.25,-3723.125
1931742,1618.75,-1273.125,-4265.625
1931742,1618.75,-1273.125,-4265.625
1931752,2148.125,-708.75,-3556.875
1931752,2148.125,-708.75,-3556.875
1931762,2257.5,-888.125,-3416.875
1931762,2257.5,-888.125,-3416.875
1931773,1758.75,-1058.75,-3416.875
1931773,1758.75,-1058.75,-3416.875
1931783,1417.5,-634.375,-3215.625
1931783,1417.5,-634.375,-3215.625
1931793,1417.5,-376.25,-2957.5
1931793,1417.5,-376.25,-2957.5
1931804,809.375,-476.875,-3736.25
1931804,809.375,-476.875,-3736.25
1931814,962.5,428.75,-3241.875
1931814,962.5,428.75,-3241.875
1931824,783.125,179.375,-3403.75
1931824,783.125,179.375,-3403.75
1931835,1238.125,17.5,-2747.5
1931835,1238.125,17.5,-2747.5
1931845,1964.375,1211.875,-1881.25
1931845,1964.375,1211.875,-1881.25
1931856,1732.5,1382.5,-1855.0
1931856,1732.5,1382.5,-1855.0
1931865,1841.875,599.375,-2121.875
1931865,1841.875,599.375,-2121.875
1931876,1343.125,157.5,-1758.75
1931876,1343.125,157.5,-1758.75
1931886,-603.75,192.5,-231.875
1931886,-603.75,192.5,-231.875
1931897,-2235.625,-468.125,1448.125
1931897,-2235.625,-468.125,1448.125
1931907,-2926.875,-638.75,2213.75
1931907,-2926.875,-638.75,2213.75
1931917,-2489.375,-336.875,3780.0
1931917,-2489.375,-336.875,3780.0
1931927,-2104.375,-135.625,5136.25
1931927,-2104.375,-135.625,5136.25
1931938,-2537.5,196.875,5862.5
1931938,-2537.5,196.875,5862.5
1931948,-2629.375,463.75,5998.125
1931948,-2629.375,463.75,5998.125
1931958,-2883.125,-118.125,5425.0
1931958,-2883.125,-118.125,5425.0
1931969,-1938.125,218.75,5398.75
1931969,-1938.125,218.75,5398.75
1931979,-603.75,415.625,4987.5
1931979,-603.75,415.625,4987.5
1931989,686.875,866.25,4873.75
1931989,686.875,866.25,4873.75
1932000,1640.625,1295.0,3867.5
1932000,1640.625,1295.0,3867.5
1932010,1588.125,564.375,1509.375
1932010,1588.125,564.375,1509.375
1932020,2047.5,555.625,205.625
1932020,2047.5,555.625,205.625
1932031,2883.125,231.875,-669.375
1932031,2883.125,231.875,-669.375
1932041,4624.375,568.75,-1544.375
1932041,4624.375,568.75,-1544.375
1932052,6816.25,1146.25,-1929.375
1932052,6816.25,1146.25,-1929.375
1932062,8150.625,1391.25,-3023.125
1932062,8150.625,1391.25,-3023.125
1932072,9135.0,1649.375,-3994.375
1932072,9135.0,1649.375,-3994.375
1932082,9874.375,980.0,-4790.625
1932082,9874.375,980.0,-4790.625
1932093,10346.875,319.375,-5267.5
1932093,10346.875,319.375,-5267.5
1932103,11287.5,433.125,-4843.125
1932103,11287.5,433.125,-4843.125
1932113,11930.625,26.25,-4637.5
1932113,11930.625,26.25,-4637.5
1932123,12446.875,74.375,-3775.625
1932123,12446.875,74.375,-3775.625
1932134,12088.125,-166.25,-3338.125
1932134,12088.125,-166.25,-3338.125
1932144,11746.875,-83.125,-3045.0
1932144,11746.875,-83.125,-3045.0
1932154,11361.875,651.875,-2030.0
1932154,11361.875,651.875,-2030.0
1932165,9673.125,153.125,-2345.0
1932165,9673.125,153.125,-2345.0
1932175,8491.875,-1176.875,-2616.25
1932175,8491.875,-1176.875,-2616.25
1932185,9086.875,-2060.625,-1443.75
1932185,9086.875,-2060.625,-1443.75
1932196,8890.0,-2616.25,-135.625
1932196,8890.0,-2616.25,-135.625
1932206,8238.125,-3451.875,336.875
1932206,8238.125,-3451.875,336.875
1932216,8601.25,-4186.875,857.5
1932216,8601.25,-4186.875,857.5
1932227,8697.5,-3416.875,1518.125
1932227,8697.5,-3416.875,1518.125
1932237,8846.25,-2078.125,2681.875
1932237,8846.25,-2078.125,2681.875
1932247,9183.125,-1942.5,3010.0
1932247,9183.125,-1942.5,3010.0
1932257,8841.875,-1561.875,1986.25
1932257,8841.875,-1561.875,1986.25
1932268,9218.125,-949.375,1260.0
1932268,9218.125,-949.375,1260.0
1932278,10062.5,-826.875,105.0
1932278,10062.5,-826.875,105.0
1932289,10797.5,-39.375,-166.25
1932289,10797.5,-39.375,-166.25
1932299,11602.5,700.0,-577.5
1932299,11602.5,700.0,-577.5
1932309,12875.625,1701.875,-1561.875
1932309,12875.625,1701.875,-1561.875
1932320,14013.125,3014.375,-2388.75
1932320,14013.125,3014.375,-2388.75
1932330,14945.0,5407.5,-1837.5
1932330,14945.0,5407.5,-1837.5
1932340,15207.5,6925.625,-1308.125
1932340,15207.5,6925.625,-1308.125
1932350,14433.125,6702.5,-2428.125
1932350,14433.125,6702.5,-2428.125
1932361,15246.875,6553.75,-3491.25
1932361,15246.875,6553.75,-3491.25
1932371,16957.5,5871.25,-5210.625
1932371,16957.5,5871.25,-5210.625
1932381,19446.875,6186.25,-4322.5
1932381,19446.875,6186.25,-4322.5
1932392,21240.625,6304.375,-1881.25
1932392,21240.625,6304.375,-1881.25
1932402,23874.375,6378.75,100.625
1932402,23874.375,6378.75,100.625
1932412,27173.125,7026.25,503.125
1932412,27173.125,7026.25,503.125
1932423,26691.875,7765.625,-848.75
1932423,26691.875,7765.625,-848.75
1932433,21735.0,5547.5,-2996.875
1932433,21735.0,5547.5,-2996.875
