1927822,0.0,578.125,820.3125,39.0625,-835.9375,593.75,179.6875,-984.375,203.125,500.0,-851.5625,-140.625,429.6875,-898.4375,132.8125
1927822,0.0,578.125,820.3125,39.0625,-835.9375,593.75,179.6875,-984.375,203.125,500.0,-851.5625,-140.625,429.6875,-898.4375,132.8125
1927830,0.0,578.125,812.5,31.25,-820.3125,601.5625,179.6875,-976.5625,210.9375,500.0,-859.375,-140.625,437.5,-898.4375,125.0
1927830,0.0,578.125,812.5,31.25,-820.3125,601.5625,179.6875,-976.5625,210.9375,500.0,-859.375,-140.625,437.5,-898.4375,125.0
1927838,0.0,585.9375,820.3125,39.0625,-820.3125,601.5625,179.6875,-976.5625,210.9375,500.0,-851.5625,-132.8125,429.6875,-898.4375,117.1875
1927838,0.0,585.9375,820.3125,39.0625,-820.3125,601.5625,179.6875,-976.5625,210.9375,500.0,-851.5625,-132.8125,429.6875,-898.4375,117.1875
1927838,-7.8125,578.125,820.3125,39.0625,-828.125,601.5625,179.6875,-976.5625,210.9375,492.1875,-843.75,-132.8125,429.6875,-890.625,140.625
1927838,-7.8125,578.125,820.3125,39.0625,-828.125,601.5625,179.6875,-976.5625,210.9375,492.1875,-843.75,-132.8125,429.6875,-890.625,140.625
1927984,-7.8125,578.125,812.5,39.0625,-820.3125,601.5625,171.875,-976.5625,210.9375,492.1875,-843.75,-132.8125,429.6875,-898.4375,140.625
1927984,-7.8125,578.125,812.5,39.0625,-820.3125,601.5625,171.875,-976.5625,210.9375,492.1875,-843.75,-132.8125,429.6875,-898.4375,140.625
1927992,0.0,570.3125,812.5,39.0625,-828.125,601.5625,179.6875,-984.375,203.125,492.1875,-859.375,-132.8125,429.6875,-898.4375,140.625
1927992,0.0,570.3125,812.5,39.0625,-828.125,601.5625,179.6875,-984.375,203.125,492.1875,-859.375,-132.8125,429.6875,-898.4375,140.625
1928000,-15.625,585.9375,820.3125,39.0625,-828.125,601.5625,179.6875,-976.5625,195.3125,500.0,-851.5625,-140.625,437.5,-890.625,132.8125
1928000,-15.625,585.9375,820.3125,39.0625,-828.125,601.5625,179.6875,-976.5625,195.3125,500.0,-851.5625,-140.625,437.5,-890.625,132.8125
1928000,-7.8125,578.125,820.3125,39.0625,-828.125,601.5625,171.875,-984.375,195.3125,500.0,-851.5625,-132.8125,437.5,-898.4375,140.625
1928000,-7.8125,578.125,820.3125,39.0625,-828.125,601.5625,171.875,-984.375,195.3125,500.0,-851.5625,-132.8125,437.5,-898.4375,140.625
1928145,-7.8125,570.3125,820.3125,31.25,-820.3125,609.375,171.875,-976.5625,195.3125,500.0,-851.5625,-140.625,429.6875,-898.4375,132.8125
1928145,-7.8125,570.3125,820.3125,31.25,-820.3125,609.375,171.875,-976.5625,195.3125,500.0,-851.5625,-140.625,429.6875,-898.4375,132.8125
1928153,-7.8125,570.3125,828.125,31.25,-828.125,609.375,171.875,-984.375,203.125,492.1875,-851.5625,-132.8125,421.875,-898.4375,140.625
1928153,-7.8125,570.3125,828.125,31.25,-828.125,609.375,171.875,-984.375,203.125,492.1875,-851.5625,-132.8125,421.875,-898.4375,140.625
1928161,-7.8125,570.3125,828.125,31.25,-828.125,601.5625,171.875,-976.5625,195.3125,492.1875,-851.5625,-140.625,429.6875,-898.4375,140.625
1928161,-7.8125,570.3125,828.125,31.25,-828.125,601.5625,171.875,-976.5625,195.3125,492.1875,-851.5625,-140.625,429.6875,-898.4375,140.625
1928161,-7.8125,570.3125,820.3125,39.0625,-835.9375,593.75,171.875,-984.375,203.125,500.0,-851.5625,-132.8125,421.875,-898.4375,148.4375
1928161,-7.8125,570.3125,820.3125,39.0625,-835.9375,593.75,171.875,-984.375,203.125,500.0,-851.5625,-132.8125,421.875,-898.4375,148.4375
1928306,-15.625,562.5,820.3125,31.25,-828.125,593.75,164.0625,-984.375,195.3125,492.1875,-859.375,-140.625,414.0625,-906.25,132.8125
1928306,-15.625,562.5,820.3125,31.25,-828.125,593.75,164.0625,-984.375,195.3125,492.1875,-859.375,-140.625,414.0625,-906.25,132.8125
1928314,-15.625,570.3125,820.3125,23.4375,-828.125,585.9375,164.0625,-976.5625,195.3125,492.1875,-851.5625,-132.8125,421.875,-906.25,140.625
1928314,-15.625,570.3125,820.3125,23.4375,-828.125,585.9375,164.0625,-976.5625,195.3125,492.1875,-851.5625,-132.8125,421.875,-906.25,140.625
1928321,-23.4375,570.3125,820.3125,31.25,-828.125,593.75,156.25,-984.375,195.3125,492.1875,-851.5625,-140.625,421.875,-898.4375,132.8125
1928321,-23.4375,570.3125,820.3125,31.25,-828.125,593.75,156.25,-984.375,195.3125,492.1875,-851.5625,-140.625,421.875,-898.4375,132.8125
1928321,-23.4375,554.6875,828.125,23.4375,-835.9375,593.75,164.0625,-984.375,195.3125,492.1875,-851.5625,-132.8125,421.875,-906.25,132.8125
1928321,-23.4375,554.6875,828.125,23.4375,-835.9375,593.75,164.0625,-984.375,195.3125,492.1875,-851.5625,-132.8125,421.875,-906.25,132.8125
1928467,-15.625,562.5,820.3125,31.25,-820.3125,609.375,164.0625,-976.5625,210.9375,500.0,-851.5625,-132.8125,421.875,-898.4375,140.625
1928467,-15.625,562.5,820.3125,31.25,-820.3125,609.375,164.0625,-976.5625,210.9375,500.0,-851.5625,-132.8125,421.875,-898.4375,140.625
1928476,-23.4375,562.5,828.125,31.25,-820.3125,601.5625,164.0625,-976.5625,203.125,492.1875,-851.5625,-132.8125,421.875,-906.25,140.625
1928476,-23.4375,562.5,828.125,31.25,-820.3125,601.5625,164.0625,-976.5625,203.125,492.1875,-851.5625,-132.8125,421.875,-906.25,140.625
1928483,-23.4375,562.5,828.125,23.4375,-828.125,601.5625,171.875,-976.5625,210.9375,500.0,-851.5625,-125.0,421.875,-898.4375,132.8125
1928483,-23.4375,562.5,828.125,23.4375,-828.125,601.5625,171.875,-976.5625,210.9375,500.0,-851.5625,-125.0,421.875,-898.4375,132.8125
1928483,-15.625,562.5,820.3125,31.25,-835.9375,593.75,171.875,-984.375,195.3125,500.0,-851.5625,-125.0,421.875,-898.4375,132.8125
1928483,-15.625,562.5,820.3125,31.25,-835.9375,593.75,171.875,-984.375,195.3125,500.0,-851.5625,-125.0,421.875,-898.4375,132.8125
1928629,-23.4375,546.875,835.9375,31.25,-843.75,593.75,156.25,-984.375,195.3125,492.1875,-859.375,-132.8125,421.875,-898.4375,125.0
1928629,-23.4375,546.875,835.9375,31.25,-843.75,593.75,156.25,-984.375,195.3125,492.1875,-859.375,-132.8125,421.875,-898.4375,125.0
1928637,-15.625,562.5,828.125,31.25,-820.3125,593.75,164.0625,-984.375,195.3125,484.375,-859.375,-140.625,421.875,-898.4375,132.8125
1928637,-15.625,562.5,828.125,31.25,-820.3125,593.75,164.0625,-984.375,195.3125,484.375,-859.375,-140.625,421.875,-898.4375,132.8125
1928644,-23.4375,562.5,820.3125,31.25,-828.125,601.5625,156.25,-984.375,203.125,484.375,-843.75,-148.4375,421.875,-906.25,132.8125
1928644,-23.4375,562.5,820.3125,31.25,-828.125,601.5625,156.25,-984.375,203.125,484.375,-843.75,-148.4375,421.875,-906.25,132.8125
1928645,-23.4375,562.5,820.3125,23.4375,-828.125,593.75,171.875,-976.5625,203.125,492.1875,-859.375,-132.8125,414.0625,-898.4375,132.8125
1928645,-23.4375,562.5,820.3125,23.4375,-828.125,593.75,171.875,-976.5625,203.125,492.1875,-859.375,-132.8125,414.0625,-898.4375,132.8125
1928790,-15.625,562.5,828.125,23.4375,-828.125,601.5625,164.0625,-984.375,203.125,492.1875,-851.5625,-125.0,421.875,-898.4375,132.8125
1928790,-15.625,562.5,828.125,23.4375,-828.125,601.5625,164.0625,-984.375,203.125,492.1875,-851.5625,-125.0,421.875,-898.4375,132.8125
1928798,-23.4375,562.5,835.9375,31.25,-835.9375,601.5625,164.0625,-984.375,203.125,500.0,-851.5625,-140.625,414.0625,-906.25,148.4375
1928798,-23.4375,562.5,835.9375,31.25,-835.9375,601.5625,164.0625,-984.375,203.125,500.0,-851.5625,-140.625,414.0625,-906.25,148.4375
1928806,-23.4375,570.3125,828.125,23.4375,-828.125,601.5625,171.875,-984.375,195.3125,492.1875,-851.5625,-132.8125,414.0625,-898.4375,140.625
1928806,-23.4375,570.3125,828.125,23.4375,-828.125,601.5625,171.875,-984.375,195.3125,492.1875,-851.5625,-132.8125,414.0625,-898.4375,140.625
1928806,-23.4375,562.5,828.125,31.25,-828.125,601.5625,171.875,-984.375,203.125,500.0,-859.375,-132.8125,414.0625,-906.25,148.4375
1928806,-23.4375,562.5,828.125,31.25,-828.125,601.5625,171.875,-984.375,203.125,500.0,-859.375,-132.8125,414.0625,-906.25,148.4375
1928951,-23.4375,562.5,843.75,39.0625,-835.9375,617.1875,179.6875,-992.1875,218.75,515.625,-859.375,-125.0,429.6875,-906.25,156.25
1928951,-23.4375,562.5,843.75,39.0625,-835.9375,617.1875,179.6875,-992.1875,218.75,515.625,-859.375,-125.0,429.6875,-906.25,156.25
1928959,-23.4375,562.5,828.125,39.0625,-835.9375,609.375,179.6875,-1000.0,218.75,507.8125,-859.375,-125.0,429.6875,-906.25,148.4375
1928959,-23.4375,562.5,828.125,39.0625,-835.9375,609.375,179.6875,-1000.0,218.75,507.8125,-859.375,-125.0,429.6875,-906.25,148.4375
1928967,-15.625,570.3125,835.9375,31.25,-835.9375,617.1875,187.5,-984.375,226.5625,507.8125,-867.1875,-117.1875,421.875,-906.25,148.4375
1928967,-15.625,570.3125,835.9375,31.25,-835.9375,617.1875,187.5,-984.375,226.5625,507.8125,-867.1875,-117.1875,421.875,-906.25,148.4375
1928967,-15.625,578.125,828.125,31.25,-835.9375,617.1875,179.6875,-992.1875,226.5625,515.625,-843.75,-109.375,429.6875,-906.25,156.25
1928967,-15.625,578.125,828.125,31.25,-835.9375,617.1875,179.6875,-992.1875,226.5625,515.625,-843.75,-109.375,429.6875,-906.25,156.25
1929112,-15.625,882.8125,898.4375,62.5,-875.0,789.0625,250.0,-1125.0,343.75,632.8125,-984.375,7.8125,507.8125,-1007.8125,390.625
1929112,-15.625,882.8125,898.4375,62.5,-875.0,789.0625,250.0,-1125.0,343.75,632.8125,-984.375,7.8125,507.8125,-1007.8125,390.625
1929120,-7.8125,953.125,867.1875,54.6875,-843.75,812.5,210.9375,-1078.125,359.375,640.625,-1007.8125,7.8125,531.25,-1023.4375,390.625
1929120,-7.8125,953.125,867.1875,54.6875,-843.75,812.5,210.9375,-1078.125,359.375,640.625,-1007.8125,7.8125,531.25,-1023.4375,390.625
1929128,-15.625,1023.4375,859.375,23.4375,-867.1875,820.3125,320.3125,-1250.0,445.3125,671.875,-1265.625,-109.375,500.0,-1195.3125,367.1875
1929128,-15.625,1023.4375,859.375,23.4375,-867.1875,820.3125,320.3125,-1250.0,445.3125,671.875,-1265.625,-109.375,500.0,-1195.3125,367.1875
1929128,-7.8125,1085.9375,859.375,125.0,-976.5625,875.0,218.75,-1187.5,437.5,632.8125,-984.375,31.25,523.4375,-1109.375,367.1875
1929128,-7.8125,1085.9375,859.375,125.0,-976.5625,875.0,218.75,-1187.5,437.5,632.8125,-984.375,31.25,523.4375,-1109.375,367.1875
1929274,-132.8125,945.3125,789.0625,195.3125,-859.375,804.6875,296.875,-1078.125,320.3125,593.75,-960.9375,-78.125,367.1875,-1023.4375,250.0
1929274,-132.8125,945.3125,789.0625,195.3125,-859.375,804.6875,296.875,-1078.125,320.3125,593.75,-960.9375,-78.125,367.1875,-1023.4375,250.0
1929282,-140.625,921.875,789.0625,203.125,-867.1875,773.4375,289.0625,-1101.5625,312.5,585.9375,-960.9375,-78.125,382.8125,-1039.0625,265.625
1929282,-140.625,921.875,789.0625,203.125,-867.1875,773.4375,289.0625,-1101.5625,312.5,585.9375,-960.9375,-78.125,382.8125,-1039.0625,265.625
1929290,-132.8125,890.625,789.0625,164.0625,-875.0,750.0,250.0,-1093.75,296.875,585.9375,-968.75,-85.9375,382.8125,-1031.25,265.625
1929290,-132.8125,890.625,789.0625,164.0625,-875.0,750.0,250.0,-1093.75,296.875,585.9375,-968.75,-85.9375,382.8125,-1031.25,265.625
1929290,-148.4375,843.75,796.875,140.625,-773.4375,781.25,242.1875,-1054.6875,265.625,554.6875,-968.75,-101.5625,382.8125,-1031.25,273.4375
1929290,-148.4375,843.75,796.875,140.625,-773.4375,781.25,242.1875,-1054.6875,265.625,554.6875,-968.75,-101.5625,382.8125,-1031.25,273.4375
1929435,-429.6875,195.3125,914.0625,-460.9375,-843.75,335.9375,-390.625,-890.625,39.0625,-70.3125,-929.6875,-281.25,-117.1875,-945.3125,-93.75
1929435,-429.6875,195.3125,914.0625,-460.9375,-843.75,335.9375,-390.625,-890.625,39.0625,-70.3125,-929.6875,-281.25,-117.1875,-945.3125,-93.75
1929443,-429.6875,195.3125,921.875,-484.375,-835.9375,335.9375,-421.875,-906.25,31.25,-101.5625,-937.5,-304.6875,-148.4375,-960.9375,-101.5625
1929443,-429.6875,195.3125,921.875,-484.375,-835.9375,335.9375,-421.875,-906.25,31.25,-101.5625,-937.5,-304.6875,-148.4375,-960.9375,-101.5625
1929451,-406.25,203.125,890.625,-507.8125,-835.9375,320.3125,-453.125,-898.4375,7.8125,-140.625,-937.5,-312.5,-179.6875,-960.9375,-117.1875
1929451,-406.25,203.125,890.625,-507.8125,-835.9375,320.3125,-453.125,-898.4375,7.8125,-140.625,-937.5,-312.5,-179.6875,-960.9375,-117.1875
1929451,-414.0625,210.9375,867.1875,-515.625,-835.9375,312.5,-492.1875,-890.625,-23.4375,-179.6875,-945.3125,-335.9375,-218.75,-953.125,-148.4375
1929451,-414.0625,210.9375,867.1875,-515.625,-835.9375,312.5,-492.1875,-890.625,-23.4375,-179.6875,-945.3125,-335.9375,-218.75,-953.125,-148.4375
1929597,-445.3125,-390.625,804.6875,-828.125,-625.0,-117.1875,-773.4375,-476.5625,-281.25,-656.25,-554.6875,-507.8125,-554.6875,-546.875,-640.625
1929597,-445.3125,-390.625,804.6875,-828.125,-625.0,-117.1875,-773.4375,-476.5625,-281.25,-656.25,-554.6875,-507.8125,-554.6875,-546.875,-640.625
1929605,-460.9375,-429.6875,789.0625,-835.9375,-656.25,-148.4375,-789.0625,-507.8125,-320.3125,-695.3125,-515.625,-523.4375,-570.3125,-453.125,-734.375
1929605,-460.9375,-429.6875,789.0625,-835.9375,-656.25,-148.4375,-789.0625,-507.8125,-320.3125,-695.3125,-515.625,-523.4375,-570.3125,-453.125,-734.375
1929612,-460.9375,-460.9375,812.5,-859.375,-726.5625,-195.3125,-804.6875,-507.8125,-367.1875,-695.3125,-476.5625,-570.3125,-617.1875,-351.5625,-804.6875
1929612,-460.9375,-460.9375,812.5,-859.375,-726.5625,-195.3125,-804.6875,-507.8125,-367.1875,-695.3125,-476.5625,-570.3125,-617.1875,-351.5625,-804.6875
1929613,-484.375,-515.625,781.25,-929.6875,-773.4375,-265.625,-820.3125,-515.625,-437.5,-742.1875,-523.4375,-601.5625,-609.375,-398.4375,-812.5
1929613,-484.375,-515.625,781.25,-929.6875,-773.4375,-265.625,-820.3125,-515.625,-437.5,-742.1875,-523.4375,-601.5625,-609.375,-398.4375,-812.5
1929758,-773.4375,-125.0,414.0625,-601.5625,-687.5,93.75,-335.9375,-851.5625,-421.875,101.5625,-820.3125,-554.6875,382.8125,-781.25,-398.4375
1929758,-773.4375,-125.0,414.0625,-601.5625,-687.5,93.75,-335.9375,-851.5625,-421.875,101.5625,-820.3125,-554.6875,382.8125,-781.25,-398.4375
1929766,-773.4375,-117.1875,421.875,-554.6875,-664.0625,117.1875,-437.5,-820.3125,-312.5,93.75,-757.8125,-500.0,375.0,-710.9375,-367.1875
1929766,-773.4375,-117.1875,421.875,-554.6875,-664.0625,117.1875,-437.5,-820.3125,-312.5,93.75,-757.8125,-500.0,375.0,-710.9375,-367.1875
1929774,-820.3125,-117.1875,414.0625,-523.4375,-679.6875,164.0625,-281.25,-820.3125,-296.875,148.4375,-742.1875,-421.875,375.0,-609.375,-367.1875
1929774,-820.3125,-117.1875,414.0625,-523.4375,-679.6875,164.0625,-281.25,-820.3125,-296.875,148.4375,-742.1875,-421.875,375.0,-609.375,-367.1875
1929774,-804.6875,-70.3125,421.875,-523.4375,-687.5,203.125,-273.4375,-843.75,-210.9375,195.3125,-742.1875,-296.875,367.1875,-687.5,-351.5625
1929774,-804.6875,-70.3125,421.875,-523.4375,-687.5,203.125,-273.4375,-843.75,-210.9375,195.3125,-742.1875,-296.875,367.1875,-687.5,-351.5625
1929919,-781.25,1945.3125,515.625,-578.125,-15.625,1585.9375,-382.8125,-585.9375,1156.25,640.625,-890.625,882.8125,757.8125,-953.125,476.5625
1929919,-781.25,1945.3125,515.625,-578.125,-15.625,1585.9375,-382.8125,-585.9375,1156.25,640.625,-890.625,882.8125,757.8125,-953.125,476.5625
1929927,-890.625,1976.5625,476.5625,-625.0,-210.9375,1429.6875,-156.25,-781.25,968.75,664.0625,-914.0625,804.6875,726.5625,-835.9375,398.4375
1929927,-890.625,1976.5625,476.5625,-625.0,-210.9375,1429.6875,-156.25,-781.25,968.75,664.0625,-914.0625,804.6875,726.5625,-835.9375,398.4375
1929935,-812.5,1914.0625,546.875,-554.6875,-265.625,1335.9375,-125.0,-906.25,859.375,656.25,-976.5625,664.0625,695.3125,-945.3125,375.0
1929935,-812.5,1914.0625,546.875,-554.6875,-265.625,1335.9375,-125.0,-906.25,859.375,656.25,-976.5625,664.0625,695.3125,-945.3125,375.0
1929935,-593.75,1664.0625,640.625,-484.375,-265.625,1328.125,-125.0,-984.375,804.6875,609.375,-1039.0625,515.625,710.9375,-1078.125,382.8125
1929935,-593.75,1664.0625,640.625,-484.375,-265.625,1328.125,-125.0,-984.375,804.6875,609.375,-1039.0625,515.625,710.9375,-1078.125,382.8125
1930080,-710.9375,-656.25,812.5,-437.5,-1335.9375,-265.625,-62.5,-1140.625,-890.625,281.25,-851.5625,-1023.4375,492.1875,-609.375,-1046.875
1930080,-710.9375,-656.25,812.5,-437.5,-1335.9375,-265.625,-62.5,-1140.625,-890.625,281.25,-851.5625,-1023.4375,492.1875,-609.375,-1046.875
1930088,-718.75,-703.125,804.6875,-429.6875,-1320.3125,-289.0625,-62.5,-1109.375,-914.0625,257.8125,-812.5,-1046.875,476.5625,-570.3125,-1070.3125
1930088,-718.75,-703.125,804.6875,-429.6875,-1320.3125,-289.0625,-62.5,-1109.375,-914.0625,257.8125,-812.5,-1046.875,476.5625,-570.3125,-1070.3125
1930096,-742.1875,-679.6875,781.25,-421.875,-1257.8125,-296.875,-70.3125,-1039.0625,-937.5,226.5625,-773.4375,-1070.3125,460.9375,-539.0625,-1093.75
1930096,-742.1875,-679.6875,781.25,-421.875,-1257.8125,-296.875,-70.3125,-1039.0625,-937.5,226.5625,-773.4375,-1070.3125,460.9375,-539.0625,-1093.75
1930096,-734.375,-648.4375,765.625,-242.1875,-1406.25,-460.9375,-125.0,-960.9375,-945.3125,179.6875,-734.375,-1085.9375,421.875,-500.0,-1117.1875
1930096,-734.375,-648.4375,765.625,-242.1875,-1406.25,-460.9375,-125.0,-960.9375,-945.3125,179.6875,-734.375,-1085.9375,421.875,-500.0,-1117.1875
1930241,-914.0625,-492.1875,171.875,-812.5,-609.375,-414.0625,-632.8125,-531.25,-734.375,-421.875,-695.3125,-750.0,-164.0625,-609.375,-875.0
1930241,-914.0625,-492.1875,171.875,-812.5,-609.375,-414.0625,-632.8125,-531.25,-734.375,-421.875,-695.3125,-750.0,-164.0625,-609.375,-875.0
1930249,-921.875,-484.375,171.875,-820.3125,-609.375,-414.0625,-632.8125,-554.6875,-726.5625,-414.0625,-726.5625,-734.375,-156.25,-632.8125,-843.75
1930249,-921.875,-484.375,171.875,-820.3125,-609.375,-414.0625,-632.8125,-554.6875,-726.5625,-414.0625,-726.5625,-734.375,-156.25,-632.8125,-843.75
1930257,-929.6875,-500.0,187.5,-820.3125,-632.8125,-390.625,-632.8125,-578.125,-703.125,-390.625,-734.375,-695.3125,-132.8125,-648.4375,-820.3125
1930257,-929.6875,-500.0,187.5,-820.3125,-632.8125,-390.625,-632.8125,-578.125,-703.125,-390.625,-734.375,-695.3125,-132.8125,-648.4375,-820.3125
1930257,-937.5,-476.5625,187.5,-835.9375,-632.8125,-367.1875,-632.8125,-585.9375,-679.6875,-367.1875,-757.8125,-679.6875,-125.0,-679.6875,-789.0625
1930257,-937.5,-476.5625,187.5,-835.9375,-632.8125,-367.1875,-632.8125,-585.9375,-679.6875,-367.1875,-757.8125,-679.6875,-125.0,-679.6875,-789.0625
1930347,-968.75,-242.1875,203.125,-851.5625,-593.75,-78.125,-648.4375,-695.3125,-414.0625,-289.0625,-882.8125,-429.6875,-70.3125,-796.875,-593.75
1930347,-968.75,-242.1875,203.125,-851.5625,-593.75,-78.125,-648.4375,-695.3125,-414.0625,-289.0625,-882.8125,-429.6875,-70.3125,-796.875,-593.75
1930355,-960.9375,-250.0,210.9375,-851.5625,-578.125,-70.3125,-640.625,-695.3125,-382.8125,-289.0625,-890.625,-406.25,-62.5,-820.3125,-554.6875
1930355,-960.9375,-250.0,210.9375,-851.5625,-578.125,-70.3125,-640.625,-695.3125,-382.8125,-289.0625,-890.625,-406.25,-62.5,-820.3125,-554.6875
1930355,-960.9375,-234.375,203.125,-859.375,-578.125,-62.5,-648.4375,-703.125,-375.0,-289.0625,-906.25,-390.625,-54.6875,-859.375,-523.4375
1930355,-960.9375,-234.375,203.125,-859.375,-578.125,-62.5,-648.4375,-703.125,-375.0,-289.0625,-906.25,-390.625,-54.6875,-859.375,-523.4375
1930363,-953.125,-210.9375,210.9375,-859.375,-578.125,-39.0625,-648.4375,-710.9375,-351.5625,-281.25,-898.4375,-375.0,-54.6875,-859.375,-492.1875
1930363,-953.125,-210.9375,210.9375,-859.375,-578.125,-39.0625,-648.4375,-710.9375,-351.5625,-281.25,-898.4375,-375.0,-54.6875,-859.375,-492.1875
1930508,-984.375,-78.125,226.5625,-867.1875,-546.875,93.75,-687.5,-796.875,-210.9375,-226.5625,-953.125,-250.0,-7.8125,-929.6875,-375.0
1930508,-984.375,-78.125,226.5625,-867.1875,-546.875,93.75,-687.5,-796.875,-210.9375,-226.5625,-953.125,-250.0,-7.8125,-929.6875,-375.0
1930516,-976.5625,-62.5,234.375,-867.1875,-546.875,101.5625,-664.0625,-773.4375,-210.9375,-226.5625,-960.9375,-250.0,-7.8125,-914.0625,-375.0
1930516,-976.5625,-62.5,234.375,-867.1875,-546.875,101.5625,-664.0625,-773.4375,-210.9375,-226.5625,-960.9375,-250.0,-7.8125,-914.0625,-375.0
1930516,-984.375,-46.875,234.375,-867.1875,-554.6875,117.1875,-656.25,-757.8125,-203.125,-234.375,-960.9375,-257.8125,-7.8125,-906.25,-398.4375
1930516,-984.375,-46.875,234.375,-867.1875,-554.6875,117.1875,-656.25,-757.8125,-203.125,-234.375,-960.9375,-257.8125,-7.8125,-906.25,-398.4375
1930524,-984.375,-46.875,226.5625,-867.1875,-554.6875,125.0,-640.625,-757.8125,-195.3125,-234.375,-945.3125,-250.0,-31.25,-921.875,-421.875
1930524,-984.375,-46.875,226.5625,-867.1875,-554.6875,125.0,-640.625,-757.8125,-195.3125,-234.375,-945.3125,-250.0,-31.25,-921.875,-421.875
1930669,-976.5625,-85.9375,226.5625,-851.5625,-546.875,62.5,-648.4375,-742.1875,-250.0,-242.1875,-945.3125,-265.625,-23.4375,-906.25,-414.0625
1930669,-976.5625,-85.9375,226.5625,-851.5625,-546.875,62.5,-648.4375,-742.1875,-250.0,-242.1875,-945.3125,-265.625,-23.4375,-906.25,-414.0625
1930677,-960.9375,-78.125,218.75,-875.0,-539.0625,78.125,-710.9375,-781.25,-234.375,-242.1875,-945.3125,-281.25,-31.25,-914.0625,-406.25
1930677,-960.9375,-78.125,218.75,-875.0,-539.0625,78.125,-710.9375,-781.25,-234.375,-242.1875,-945.3125,-281.25,-31.25,-914.0625,-406.25
1930677,-968.75,-54.6875,210.9375,-867.1875,-539.0625,78.125,-648.4375,-734.375,-242.1875,-234.375,-953.125,-273.4375,-15.625,-914.0625,-390.625
1930677,-968.75,-54.6875,210.9375,-867.1875,-539.0625,78.125,-648.4375,-734.375,-242.1875,-234.375,-953.125,-273.4375,-15.625,-914.0625,-390.625
1930685,-976.5625,-54.6875,210.9375,-859.375,-539.0625,85.9375,-640.625,-750.0,-218.75,-234.375,-945.3125,-250.0,-7.8125,-906.25,-390.625
1930685,-976.5625,-54.6875,210.9375,-859.375,-539.0625,85.9375,-640.625,-750.0,-218.75,-234.375,-945.3125,-250.0,-7.8125,-906.25,-390.625
1930830,-976.5625,-140.625,210.9375,-859.375,-578.125,31.25,-640.625,-734.375,-281.25,-265.625,-921.875,-312.5,-39.0625,-882.8125,-476.5625
1930830,-976.5625,-140.625,210.9375,-859.375,-578.125,31.25,-640.625,-734.375,-281.25,-265.625,-921.875,-312.5,-39.0625,-882.8125,-476.5625
1930838,-984.375,-140.625,210.9375,-859.375,-570.3125,15.625,-640.625,-734.375,-289.0625,-265.625,-921.875,-312.5,-39.0625,-890.625,-460.9375
1930838,-984.375,-140.625,210.9375,-859.375,-570.3125,15.625,-640.625,-734.375,-289.0625,-265.625,-921.875,-312.5,-39.0625,-890.625,-460.9375
1930838,-976.5625,-156.25,210.9375,-859.375,-570.3125,15.625,-648.4375,-742.1875,-304.6875,-257.8125,-929.6875,-312.5,-23.4375,-890.625,-453.125
1930838,-976.5625,-156.25,210.9375,-859.375,-570.3125,15.625,-648.4375,-742.1875,-304.6875,-257.8125,-929.6875,-312.5,-23.4375,-890.625,-453.125
1930846,-968.75,-148.4375,210.9375,-867.1875,-570.3125,7.8125,-648.4375,-742.1875,-304.6875,-257.8125,-929.6875,-304.6875,-23.4375,-890.625,-445.3125
1930846,-968.75,-148.4375,210.9375,-867.1875,-570.3125,7.8125,-648.4375,-742.1875,-304.6875,-257.8125,-929.6875,-304.6875,-23.4375,-890.625,-445.3125
1930991,-976.5625,-93.75,195.3125,-859.375,-546.875,85.9375,-632.8125,-742.1875,-218.75,-234.375,-945.3125,-242.1875,-15.625,-914.0625,-375.0
1930991,-976.5625,-93.75,195.3125,-859.375,-546.875,85.9375,-632.8125,-742.1875,-218.75,-234.375,-945.3125,-242.1875,-15.625,-914.0625,-375.0
1930999,-968.75,-93.75,195.3125,-851.5625,-539.0625,85.9375,-632.8125,-742.1875,-210.9375,-234.375,-937.5,-234.375,-7.8125,-914.0625,-375.0
1930999,-968.75,-93.75,195.3125,-851.5625,-539.0625,85.9375,-632.8125,-742.1875,-210.9375,-234.375,-937.5,-234.375,-7.8125,-914.0625,-375.0
1931000,-976.5625,-85.9375,203.125,-859.375,-539.0625,78.125,-640.625,-734.375,-218.75,-226.5625,-937.5,-226.5625,-15.625,-906.25,-375.0
1931000,-976.5625,-85.9375,203.125,-859.375,-539.0625,78.125,-640.625,-734.375,-218.75,-226.5625,-937.5,-226.5625,-15.625,-906.25,-375.0
1931008,-968.75,-78.125,203.125,-859.375,-539.0625,85.9375,-648.4375,-742.1875,-210.9375,-226.5625,-937.5,-242.1875,-23.4375,-906.25,-375.0
1931008,-968.75,-78.125,203.125,-859.375,-539.0625,85.9375,-648.4375,-742.1875,-210.9375,-226.5625,-937.5,-242.1875,-23.4375,-906.25,-375.0
