1955178,-484.375,406.25,789.0625,-296.875,-828.125,539.0625,0.0,-1007.8125,187.5,367.1875,-937.5,-31.25,359.375,-914.0625,203.125
1955178,-484.375,406.25,789.0625,-296.875,-828.125,539.0625,0.0,-1007.8125,187.5,367.1875,-937.5,-31.25,359.375,-914.0625,203.125
1955186,-476.5625,406.25,789.0625,-296.875,-828.125,539.0625,0.0,-1007.8125,171.875,359.375,-937.5,-15.625,359.375,-914.0625,210.9375
1955186,-476.5625,406.25,789.0625,-296.875,-828.125,539.0625,0.0,-1007.8125,171.875,359.375,-937.5,-15.625,359.375,-914.0625,210.9375
1955194,-484.375,406.25,781.25,-296.875,-820.3125,539.0625,-7.8125,-1000.0,171.875,359.375,-929.6875,-23.4375,359.375,-914.0625,210.9375
1955194,-484.375,406.25,781.25,-296.875,-820.3125,539.0625,-7.8125,-1000.0,171.875,359.375,-929.6875,-23.4375,359.375,-914.0625,210.9375
1955194,-484.375,398.4375,789.0625,-289.0625,-828.125,531.25,-7.8125,-1007.8125,179.6875,359.375,-937.5,-23.4375,359.375,-914.0625,210.9375
1955194,-484.375,398.4375,789.0625,-289.0625,-828.125,531.25,-7.8125,-1007.8125,179.6875,359.375,-937.5,-23.4375,359.375,-914.0625,210.9375
1955258,-484.375,390.625,789.0625,-304.6875,-828.125,531.25,-15.625,-1000.0,187.5,351.5625,-937.5,-31.25,351.5625,-906.25,203.125
1955258,-484.375,390.625,789.0625,-304.6875,-828.125,531.25,-15.625,-1000.0,187.5,351.5625,-937.5,-31.25,351.5625,-906.25,203.125
1955266,-492.1875,398.4375,781.25,-289.0625,-820.3125,531.25,-7.8125,-1007.8125,179.6875,359.375,-929.6875,-23.4375,359.375,-914.0625,210.9375
1955266,-492.1875,398.4375,781.25,-289.0625,-820.3125,531.25,-7.8125,-1007.8125,179.6875,359.375,-929.6875,-23.4375,359.375,-914.0625,210.9375
1955274,-484.375,406.25,789.0625,-296.875,-820.3125,523.4375,-7.8125,-1000.0,171.875,359.375,-929.6875,-23.4375,359.375,-914.0625,218.75
1955274,-484.375,406.25,789.0625,-296.875,-820.3125,523.4375,-7.8125,-1000.0,171.875,359.375,-929.6875,-23.4375,359.375,-914.0625,218.75
1955275,-484.375,406.25,789.0625,-296.875,-835.9375,523.4375,-7.8125,-1000.0,187.5,351.5625,-929.6875,-15.625,351.5625,-914.0625,203.125
1955275,-484.375,406.25,789.0625,-296.875,-835.9375,523.4375,-7.8125,-1000.0,187.5,351.5625,-929.6875,-15.625,351.5625,-914.0625,203.125
1955420,-484.375,398.4375,781.25,-296.875,-828.125,539.0625,-7.8125,-1007.8125,179.6875,359.375,-937.5,-23.4375,359.375,-914.0625,218.75
1955420,-484.375,398.4375,781.25,-296.875,-828.125,539.0625,-7.8125,-1007.8125,179.6875,359.375,-937.5,-23.4375,359.375,-914.0625,218.75
1955428,-484.375,406.25,781.25,-296.875,-828.125,539.0625,-7.8125,-1000.0,187.5,359.375,-929.6875,-23.4375,359.375,-921.875,210.9375
1955428,-484.375,406.25,781.25,-296.875,-828.125,539.0625,-7.8125,-1000.0,187.5,359.375,-929.6875,-23.4375,359.375,-921.875,210.9375
1955436,-492.1875,398.4375,773.4375,-296.875,-828.125,531.25,-7.8125,-1000.0,179.6875,359.375,-937.5,-15.625,351.5625,-906.25,203.125
1955436,-492.1875,398.4375,773.4375,-296.875,-828.125,531.25,-7.8125,-1000.0,179.6875,359.375,-937.5,-15.625,351.5625,-906.25,203.125
1955436,-484.375,406.25,789.0625,-296.875,-828.125,539.0625,-7.8125,-992.1875,195.3125,359.375,-937.5,-15.625,351.5625,-921.875,218.75
1955436,-484.375,406.25,789.0625,-296.875,-828.125,539.0625,-7.8125,-992.1875,195.3125,359.375,-937.5,-15.625,351.5625,-921.875,218.75
1955662,-492.1875,390.625,781.25,-304.6875,-835.9375,531.25,-7.8125,-1000.0,187.5,359.375,-937.5,-15.625,351.5625,-929.6875,203.125
1955662,-492.1875,390.625,781.25,-304.6875,-835.9375,531.25,-7.8125,-1000.0,187.5,359.375,-937.5,-15.625,351.5625,-929.6875,203.125
1955670,-484.375,390.625,789.0625,-296.875,-828.125,531.25,-7.8125,-1007.8125,179.6875,359.375,-937.5,-23.4375,359.375,-914.0625,210.9375
1955670,-484.375,390.625,789.0625,-296.875,-828.125,531.25,-7.8125,-1007.8125,179.6875,359.375,-937.5,-23.4375,359.375,-914.0625,210.9375
1955678,-484.375,390.625,789.0625,-296.875,-835.9375,539.0625,-7.8125,-1000.0,179.6875,359.375,-937.5,-23.4375,359.375,-921.875,210.9375
1955678,-484.375,390.625,789.0625,-296.875,-835.9375,539.0625,-7.8125,-1000.0,179.6875,359.375,-937.5,-23.4375,359.375,-921.875,210.9375
1955678,-484.375,398.4375,789.0625,-296.875,-835.9375,539.0625,0.0,-1000.0,187.5,359.375,-945.3125,-31.25,359.375,-914.0625,210.9375
1955678,-484.375,398.4375,789.0625,-296.875,-835.9375,539.0625,0.0,-1000.0,187.5,359.375,-945.3125,-31.25,359.375,-914.0625,210.9375
1955823,-484.375,414.0625,781.25,-304.6875,-828.125,539.0625,-7.8125,-1000.0,195.3125,359.375,-945.3125,-23.4375,359.375,-914.0625,210.9375
1955823,-484.375,414.0625,781.25,-304.6875,-828.125,539.0625,-7.8125,-1000.0,195.3125,359.375,-945.3125,-23.4375,359.375,-914.0625,210.9375
1955831,-484.375,414.0625,789.0625,-296.875,-828.125,539.0625,0.0,-1007.8125,187.5,367.1875,-937.5,-15.625,359.375,-914.0625,210.9375
1955831,-484.375,414.0625,789.0625,-296.875,-828.125,539.0625,0.0,-1007.8125,187.5,367.1875,-937.5,-15.625,359.375,-914.0625,210.9375
1955839,-484.375,414.0625,789.0625,-296.875,-828.125,539.0625,-7.8125,-1000.0,187.5,367.1875,-937.5,-15.625,359.375,-921.875,218.75
1955839,-484.375,414.0625,789.0625,-296.875,-828.125,539.0625,-7.8125,-1000.0,187.5,367.1875,-937.5,-15.625,359.375,-921.875,218.75
1955839,-484.375,414.0625,789.0625,-296.875,-828.125,539.0625,-7.8125,-1000.0,195.3125,359.375,-945.3125,-7.8125,367.1875,-914.0625,210.9375
1955839,-484.375,414.0625,789.0625,-296.875,-828.125,539.0625,-7.8125,-1000.0,195.3125,359.375,-945.3125,-7.8125,367.1875,-914.0625,210.9375
1955985,-476.5625,398.4375,789.0625,-296.875,-835.9375,539.0625,-7.8125,-1000.0,179.6875,359.375,-937.5,-15.625,359.375,-914.0625,203.125
1955985,-476.5625,398.4375,789.0625,-296.875,-835.9375,539.0625,-7.8125,-1000.0,179.6875,359.375,-937.5,-15.625,359.375,-914.0625,203.125
1955992,-484.375,406.25,789.0625,-296.875,-828.125,531.25,0.0,-1000.0,187.5,367.1875,-929.6875,-15.625,359.375,-921.875,210.9375
1955992,-484.375,406.25,789.0625,-296.875,-828.125,531.25,0.0,-1000.0,187.5,367.1875,-929.6875,-15.625,359.375,-921.875,210.9375
1956000,-484.375,406.25,789.0625,-296.875,-828.125,531.25,-7.8125,-1000.0,179.6875,359.375,-937.5,-15.625,359.375,-914.0625,210.9375
1956000,-484.375,406.25,789.0625,-296.875,-828.125,531.25,-7.8125,-1000.0,179.6875,359.375,-937.5,-15.625,359.375,-914.0625,210.9375
1956000,-484.375,390.625,781.25,-296.875,-828.125,531.25,-7.8125,-1000.0,179.6875,367.1875,-937.5,-15.625,367.1875,-929.6875,218.75
1956000,-484.375,390.625,781.25,-296.875,-828.125,531.25,-7.8125,-1000.0,179.6875,367.1875,-937.5,-15.625,367.1875,-929.6875,218.75
1956146,-484.375,406.25,789.0625,-304.6875,-828.125,531.25,0.0,-1000.0,179.6875,359.375,-937.5,-15.625,351.5625,-914.0625,218.75
1956146,-484.375,406.25,789.0625,-304.6875,-828.125,531.25,0.0,-1000.0,179.6875,359.375,-937.5,-15.625,351.5625,-914.0625,218.75
1956153,-476.5625,406.25,789.0625,-296.875,-828.125,531.25,-7.8125,-1000.0,187.5,359.375,-937.5,-15.625,359.375,-914.0625,218.75
1956153,-476.5625,406.25,789.0625,-296.875,-828.125,531.25,-7.8125,-1000.0,187.5,359.375,-937.5,-15.625,359.375,-914.0625,218.75
1956162,-484.375,414.0625,781.25,-296.875,-828.125,531.25,-7.8125,-1000.0,187.5,367.1875,-929.6875,-15.625,359.375,-921.875,210.9375
1956162,-484.375,414.0625,781.25,-296.875,-828.125,531.25,-7.8125,-1000.0,187.5,367.1875,-929.6875,-15.625,359.375,-921.875,210.9375
1956162,-476.5625,406.25,781.25,-289.0625,-828.125,539.0625,0.0,-992.1875,195.3125,367.1875,-937.5,-15.625,359.375,-914.0625,210.9375
1956162,-476.5625,406.25,781.25,-289.0625,-828.125,539.0625,0.0,-992.1875,195.3125,367.1875,-937.5,-15.625,359.375,-914.0625,210.9375
1956226,-484.375,398.4375,789.0625,-296.875,-828.125,531.25,-7.8125,-1007.8125,187.5,359.375,-937.5,-7.8125,359.375,-914.0625,226.5625
1956226,-484.375,398.4375,789.0625,-296.875,-828.125,531.25,-7.8125,-1007.8125,187.5,359.375,-937.5,-7.8125,359.375,-914.0625,226.5625
1956234,-484.375,406.25,789.0625,-304.6875,-828.125,531.25,-15.625,-1000.0,187.5,359.375,-929.6875,-15.625,359.375,-914.0625,218.75
1956234,-484.375,406.25,789.0625,-304.6875,-828.125,531.25,-15.625,-1000.0,187.5,359.375,-929.6875,-15.625,359.375,-914.0625,218.75
1956242,-476.5625,406.25,781.25,-296.875,-828.125,523.4375,-7.8125,-1007.8125,187.5,367.1875,-937.5,-15.625,359.375,-914.0625,218.75
1956242,-476.5625,406.25,781.25,-296.875,-828.125,523.4375,-7.8125,-1007.8125,187.5,367.1875,-937.5,-15.625,359.375,-914.0625,218.75
1956242,-484.375,398.4375,781.25,-289.0625,-828.125,539.0625,-15.625,-992.1875,187.5,367.1875,-929.6875,-7.8125,359.375,-914.0625,210.9375
1956242,-484.375,398.4375,781.25,-289.0625,-828.125,539.0625,-15.625,-992.1875,187.5,367.1875,-929.6875,-7.8125,359.375,-914.0625,210.9375
1956307,-476.5625,398.4375,789.0625,-296.875,-828.125,531.25,-7.8125,-1000.0,195.3125,359.375,-937.5,-15.625,351.5625,-914.0625,218.75
1956307,-476.5625,398.4375,789.0625,-296.875,-828.125,531.25,-7.8125,-1000.0,195.3125,359.375,-937.5,-15.625,351.5625,-914.0625,218.75
1956315,-476.5625,406.25,789.0625,-296.875,-828.125,554.6875,0.0,-1000.0,179.6875,359.375,-937.5,-23.4375,343.75,-914.0625,210.9375
1956315,-476.5625,406.25,789.0625,-296.875,-828.125,554.6875,0.0,-1000.0,179.6875,359.375,-937.5,-23.4375,343.75,-914.0625,210.9375
1956323,-476.5625,406.25,781.25,-296.875,-828.125,539.0625,-7.8125,-1000.0,187.5,359.375,-937.5,-7.8125,359.375,-914.0625,210.9375
1956323,-476.5625,406.25,781.25,-296.875,-828.125,539.0625,-7.8125,-1000.0,187.5,359.375,-937.5,-7.8125,359.375,-914.0625,210.9375
1956323,-484.375,414.0625,773.4375,-296.875,-820.3125,539.0625,-7.8125,-992.1875,187.5,359.375,-929.6875,-15.625,359.375,-914.0625,218.75
1956323,-484.375,414.0625,773.4375,-296.875,-820.3125,539.0625,-7.8125,-992.1875,187.5,359.375,-929.6875,-15.625,359.375,-914.0625,218.75
1956468,-484.375,390.625,796.875,-289.0625,-835.9375,531.25,-7.8125,-1000.0,179.6875,359.375,-929.6875,-23.4375,359.375,-914.0625,203.125
1956468,-484.375,390.625,796.875,-289.0625,-835.9375,531.25,-7.8125,-1000.0,179.6875,359.375,-929.6875,-23.4375,359.375,-914.0625,203.125
1956476,-484.375,398.4375,781.25,-289.0625,-828.125,539.0625,-7.8125,-1000.0,179.6875,359.375,-937.5,-15.625,359.375,-906.25,203.125
1956476,-484.375,398.4375,781.25,-289.0625,-828.125,539.0625,-7.8125,-1000.0,179.6875,359.375,-937.5,-15.625,359.375,-906.25,203.125
1956484,-476.5625,414.0625,781.25,-296.875,-828.125,531.25,-7.8125,-1000.0,187.5,367.1875,-929.6875,-23.4375,351.5625,-906.25,210.9375
1956484,-476.5625,414.0625,781.25,-296.875,-828.125,531.25,-7.8125,-1000.0,187.5,367.1875,-929.6875,-23.4375,351.5625,-906.25,210.9375
1956484,-476.5625,406.25,781.25,-296.875,-828.125,531.25,-7.8125,-1000.0,187.5,367.1875,-921.875,-23.4375,359.375,-921.875,203.125
1956484,-476.5625,406.25,781.25,-296.875,-828.125,531.25,-7.8125,-1000.0,187.5,367.1875,-921.875,-23.4375,359.375,-921.875,203.125
1956630,-476.5625,406.25,781.25,-289.0625,-828.125,531.25,7.8125,-1000.0,179.6875,359.375,-921.875,-23.4375,351.5625,-906.25,203.125
1956630,-476.5625,406.25,781.25,-289.0625,-828.125,531.25,7.8125,-1000.0,179.6875,359.375,-921.875,-23.4375,351.5625,-906.25,203.125
1956638,-476.5625,398.4375,789.0625,-289.0625,-820.3125,531.25,-15.625,-992.1875,179.6875,359.375,-937.5,-15.625,351.5625,-906.25,203.125
1956638,-476.5625,398.4375,789.0625,-289.0625,-820.3125,531.25,-15.625,-992.1875,179.6875,359.375,-937.5,-15.625,351.5625,-906.25,203.125
1956646,-484.375,406.25,789.0625,-296.875,-828.125,531.25,-7.8125,-992.1875,187.5,359.375,-929.6875,-15.625,359.375,-906.25,203.125
1956646,-484.375,406.25,789.0625,-296.875,-828.125,531.25,-7.8125,-992.1875,187.5,359.375,-929.6875,-15.625,359.375,-906.25,203.125
1956646,-476.5625,414.0625,789.0625,-296.875,-820.3125,531.25,-7.8125,-1000.0,171.875,367.1875,-937.5,-15.625,359.375,-914.0625,203.125
1956646,-476.5625,414.0625,789.0625,-296.875,-820.3125,531.25,-7.8125,-1000.0,171.875,367.1875,-937.5,-15.625,359.375,-914.0625,203.125
1956775,-476.5625,406.25,781.25,-304.6875,-835.9375,539.0625,7.8125,-1015.625,187.5,375.0,-953.125,-15.625,367.1875,-921.875,218.75
1956775,-476.5625,406.25,781.25,-304.6875,-835.9375,539.0625,7.8125,-1015.625,187.5,375.0,-953.125,-15.625,367.1875,-921.875,218.75
1956775,-476.5625,414.0625,773.4375,-289.0625,-835.9375,546.875,0.0,-1015.625,179.6875,367.1875,-945.3125,-31.25,375.0,-929.6875,210.9375
1956775,-476.5625,414.0625,773.4375,-289.0625,-835.9375,546.875,0.0,-1015.625,179.6875,367.1875,-945.3125,-31.25,375.0,-929.6875,210.9375
1956783,-476.5625,406.25,789.0625,-296.875,-828.125,546.875,-7.8125,-1015.625,195.3125,367.1875,-937.5,-15.625,367.1875,-921.875,210.9375
1956783,-476.5625,406.25,789.0625,-296.875,-828.125,546.875,-7.8125,-1015.625,195.3125,367.1875,-937.5,-15.625,367.1875,-921.875,210.9375
1956791,-484.375,421.875,789.0625,-289.0625,-843.75,539.0625,0.0,-1015.625,187.5,367.1875,-945.3125,-15.625,359.375,-921.875,210.9375
1956791,-484.375,421.875,789.0625,-289.0625,-843.75,539.0625,0.0,-1015.625,187.5,367.1875,-945.3125,-15.625,359.375,-921.875,210.9375
1956952,-445.3125,1320.3125,750.0,-140.625,-898.4375,1179.6875,335.9375,-1257.8125,734.375,898.4375,-1046.875,554.6875,757.8125,-937.5,750.0
1956952,-445.3125,1320.3125,750.0,-140.625,-898.4375,1179.6875,335.9375,-1257.8125,734.375,898.4375,-1046.875,554.6875,757.8125,-937.5,750.0
1956960,-414.0625,1304.6875,718.75,-156.25,-929.6875,1117.1875,328.125,-1226.5625,679.6875,835.9375,-1007.8125,492.1875,710.9375,-1046.875,679.6875
1956960,-414.0625,1304.6875,718.75,-156.25,-929.6875,1117.1875,328.125,-1226.5625,679.6875,835.9375,-1007.8125,492.1875,710.9375,-1046.875,679.6875
1956968,-414.0625,1242.1875,726.5625,-125.0,-820.3125,1070.3125,273.4375,-1195.3125,609.375,789.0625,-992.1875,445.3125,664.0625,-1179.6875,601.5625
1956968,-414.0625,1242.1875,726.5625,-125.0,-820.3125,1070.3125,273.4375,-1195.3125,609.375,789.0625,-992.1875,445.3125,664.0625,-1179.6875,601.5625
1956968,-429.6875,1148.4375,695.3125,-140.625,-750.0,1031.25,257.8125,-1195.3125,539.0625,757.8125,-1000.0,359.375,640.625,-1203.125,539.0625
1956968,-429.6875,1148.4375,695.3125,-140.625,-750.0,1031.25,257.8125,-1195.3125,539.0625,757.8125,-1000.0,359.375,640.625,-1203.125,539.0625
1957114,-765.625,-335.9375,609.375,-742.1875,-984.375,-664.0625,-531.25,-703.125,-1000.0,-335.9375,-757.8125,-968.75,-39.0625,-750.0,-992.1875
1957114,-765.625,-335.9375,609.375,-742.1875,-984.375,-664.0625,-531.25,-703.125,-1000.0,-335.9375,-757.8125,-968.75,-39.0625,-750.0,-992.1875
1957121,-804.6875,-437.5,585.9375,-757.8125,-921.875,-671.875,-515.625,-679.6875,-992.1875,-375.0,-734.375,-968.75,-85.9375,-742.1875,-1054.6875
1957121,-804.6875,-437.5,585.9375,-757.8125,-921.875,-671.875,-515.625,-679.6875,-992.1875,-375.0,-734.375,-968.75,-85.9375,-742.1875,-1054.6875
1957128,-828.125,-562.5,570.3125,-757.8125,-867.1875,-671.875,-515.625,-679.6875,-1000.0,-382.8125,-757.8125,-1000.0,-125.0,-734.375,-1070.3125
1957128,-828.125,-562.5,570.3125,-757.8125,-867.1875,-671.875,-515.625,-679.6875,-1000.0,-382.8125,-757.8125,-1000.0,-125.0,-734.375,-1070.3125
1957130,-851.5625,-648.4375,539.0625,-757.8125,-812.5,-679.6875,-500.0,-671.875,-1023.4375,-468.75,-742.1875,-1046.875,-140.625,-750.0,-1046.875
1957130,-851.5625,-648.4375,539.0625,-757.8125,-812.5,-679.6875,-500.0,-671.875,-1023.4375,-468.75,-742.1875,-1046.875,-140.625,-750.0,-1046.875
1957193,-953.125,-328.125,226.5625,-796.875,-554.6875,-531.25,-625.0,-460.9375,-851.5625,-523.4375,-601.5625,-843.75,-203.125,-625.0,-937.5
1957193,-953.125,-328.125,226.5625,-796.875,-554.6875,-531.25,-625.0,-460.9375,-851.5625,-523.4375,-601.5625,-843.75,-203.125,-625.0,-937.5
1957202,-945.3125,-390.625,218.75,-804.6875,-523.4375,-554.6875,-617.1875,-429.6875,-835.9375,-515.625,-578.125,-812.5,-187.5,-570.3125,-906.25
1957202,-945.3125,-390.625,218.75,-804.6875,-523.4375,-554.6875,-617.1875,-429.6875,-835.9375,-515.625,-578.125,-812.5,-187.5,-570.3125,-906.25
1957209,-953.125,-437.5,187.5,-804.6875,-515.625,-578.125,-609.375,-414.0625,-828.125,-507.8125,-562.5,-789.0625,-203.125,-515.625,-914.0625
1957209,-953.125,-437.5,187.5,-804.6875,-515.625,-578.125,-609.375,-414.0625,-828.125,-507.8125,-562.5,-789.0625,-203.125,-515.625,-914.0625
1957209,-976.5625,-484.375,164.0625,-812.5,-500.0,-585.9375,-609.375,-375.0,-828.125,-500.0,-554.6875,-781.25,-218.75,-523.4375,-953.125
1957209,-976.5625,-484.375,164.0625,-812.5,-500.0,-585.9375,-609.375,-375.0,-828.125,-500.0,-554.6875,-781.25,-218.75,-523.4375,-953.125
1957356,-679.6875,-250.0,515.625,-289.0625,-851.5625,-179.6875,70.3125,-687.5,-601.5625,257.8125,-515.625,-695.3125,476.5625,-296.875,-703.125
1957356,-679.6875,-250.0,515.625,-289.0625,-851.5625,-179.6875,70.3125,-687.5,-601.5625,257.8125,-515.625,-695.3125,476.5625,-296.875,-703.125
1957363,-687.5,-156.25,539.0625,-257.8125,-812.5,-31.25,101.5625,-718.75,-468.75,328.125,-531.25,-570.3125,476.5625,-375.0,-664.0625
1957363,-687.5,-156.25,539.0625,-257.8125,-812.5,-31.25,101.5625,-718.75,-468.75,328.125,-531.25,-570.3125,476.5625,-375.0,-664.0625
1957371,-718.75,-7.8125,562.5,-289.0625,-804.6875,132.8125,70.3125,-781.25,-328.125,343.75,-617.1875,-437.5,523.4375,-515.625,-507.8125
1957371,-718.75,-7.8125,562.5,-289.0625,-804.6875,132.8125,70.3125,-781.25,-328.125,343.75,-617.1875,-437.5,523.4375,-515.625,-507.8125
1957371,-718.75,195.3125,609.375,-343.75,-812.5,351.5625,31.25,-851.5625,-132.8125,375.0,-734.375,-242.1875,625.0,-671.875,-140.625
1957371,-718.75,195.3125,609.375,-343.75,-812.5,351.5625,31.25,-851.5625,-132.8125,375.0,-734.375,-242.1875,625.0,-671.875,-140.625
1957436,-664.0625,1234.375,632.8125,-1070.3125,-578.125,3992.1875,-1000.0,-2546.875,3164.0625,-1734.375,-2375.0,1484.375,-453.125,-2734.375,1750.0
1957436,-664.0625,1234.375,632.8125,-1070.3125,-578.125,3992.1875,-1000.0,-2546.875,3164.0625,-1734.375,-2375.0,1484.375,-453.125,-2734.375,1750.0
1957444,-820.3125,1953.125,531.25,-398.4375,382.8125,3992.1875,-2101.5625,-1617.1875,1648.4375,-1101.5625,-2507.8125,1078.125,-46.875,-3992.1875,2273.4375
1957444,-820.3125,1953.125,531.25,-398.4375,382.8125,3992.1875,-2101.5625,-1617.1875,1648.4375,-1101.5625,-2507.8125,1078.125,-46.875,-3992.1875,2273.4375
1957452,-718.75,3992.1875,-46.875,-656.25,31.25,3859.375,-1960.9375,-1375.0,1078.125,-351.5625,-1187.5,1992.1875,367.1875,-2195.3125,1820.3125
1957452,-718.75,3992.1875,-46.875,-656.25,31.25,3859.375,-1960.9375,-1375.0,1078.125,-351.5625,-1187.5,1992.1875,367.1875,-2195.3125,1820.3125
1957452,-1085.9375,3992.1875,-148.4375,-820.3125,398.4375,3195.3125,-1335.9375,-1195.3125,1476.5625,-226.5625,-1039.0625,1828.125,281.25,-1289.0625,1734.375
1957452,-1085.9375,3992.1875,-148.4375,-820.3125,398.4375,3195.3125,-1335.9375,-1195.3125,1476.5625,-226.5625,-1039.0625,1828.125,281.25,-1289.0625,1734.375
1957597,-750.0,195.3125,710.9375,-382.8125,-984.375,414.0625,78.125,-1093.75,-179.6875,531.25,-953.125,-242.1875,765.625,-726.5625,-382.8125
1957597,-750.0,195.3125,710.9375,-382.8125,-984.375,414.0625,78.125,-1093.75,-179.6875,531.25,-953.125,-242.1875,765.625,-726.5625,-382.8125
1957597,-757.8125,85.9375,703.125,-367.1875,-1039.0625,351.5625,109.375,-1148.4375,-195.3125,546.875,-976.5625,-273.4375,765.625,-750.0,-406.25
1957597,-757.8125,85.9375,703.125,-367.1875,-1039.0625,351.5625,109.375,-1148.4375,-195.3125,546.875,-976.5625,-273.4375,765.625,-750.0,-406.25
1957605,-781.25,-39.0625,718.75,-375.0,-1109.375,281.25,109.375,-1187.5,-265.625,531.25,-984.375,-335.9375,750.0,-757.8125,-460.9375
1957605,-781.25,-39.0625,718.75,-375.0,-1109.375,281.25,109.375,-1187.5,-265.625,531.25,-984.375,-335.9375,750.0,-757.8125,-460.9375
1957767,-804.6875,-679.6875,117.1875,-632.8125,-640.625,-625.0,-359.375,-429.6875,-976.5625,-304.6875,-539.0625,-968.75,-31.25,-335.9375,-1109.375
1957767,-804.6875,-679.6875,117.1875,-632.8125,-640.625,-625.0,-359.375,-429.6875,-976.5625,-304.6875,-539.0625,-968.75,-31.25,-335.9375,-1109.375
1957776,-804.6875,-679.6875,93.75,-640.625,-609.375,-625.0,-367.1875,-414.0625,-953.125,-304.6875,-531.25,-937.5,-62.5,-335.9375,-1085.9375
1957776,-804.6875,-679.6875,93.75,-640.625,-609.375,-625.0,-367.1875,-414.0625,-953.125,-304.6875,-531.25,-937.5,-62.5,-335.9375,-1085.9375
1957776,-789.0625,-671.875,78.125,-640.625,-578.125,-625.0,-382.8125,-390.625,-945.3125,-320.3125,-531.25,-914.0625,-78.125,-343.75,-1054.6875
1957776,-789.0625,-671.875,78.125,-640.625,-578.125,-625.0,-382.8125,-390.625,-945.3125,-320.3125,-531.25,-914.0625,-78.125,-343.75,-1054.6875
1957783,-765.625,-679.6875,62.5,-640.625,-562.5,-625.0,-398.4375,-359.375,-937.5,-343.75,-515.625,-906.25,-85.9375,-351.5625,-1046.875
1957783,-765.625,-679.6875,62.5,-640.625,-562.5,-625.0,-398.4375,-359.375,-937.5,-343.75,-515.625,-906.25,-85.9375,-351.5625,-1046.875
1957929,-945.3125,-289.0625,39.0625,-867.1875,-500.0,-156.25,-640.625,-601.5625,-476.5625,-398.4375,-828.125,-421.875,-148.4375,-765.625,-640.625
1957929,-945.3125,-289.0625,39.0625,-867.1875,-500.0,-156.25,-640.625,-601.5625,-476.5625,-398.4375,-828.125,-421.875,-148.4375,-765.625,-640.625
1957937,-953.125,-265.625,46.875,-882.8125,-507.8125,-148.4375,-640.625,-617.1875,-476.5625,-382.8125,-859.375,-429.6875,-132.8125,-765.625,-648.4375
1957937,-953.125,-265.625,46.875,-882.8125,-507.8125,-148.4375,-640.625,-617.1875,-476.5625,-382.8125,-859.375,-429.6875,-132.8125,-765.625,-648.4375
1957937,-953.125,-265.625,46.875,-882.8125,-515.625,-148.4375,-648.4375,-648.4375,-476.5625,-382.8125,-875.0,-421.875,-132.8125,-773.4375,-648.4375
1957937,-953.125,-265.625,46.875,-882.8125,-515.625,-148.4375,-648.4375,-648.4375,-476.5625,-382.8125,-875.0,-421.875,-132.8125,-773.4375,-648.4375
1957945,-976.5625,-281.25,54.6875,-890.625,-515.625,-156.25,-656.25,-671.875,-476.5625,-382.8125,-882.8125,-414.0625,-132.8125,-812.5,-625.0
1957945,-976.5625,-281.25,54.6875,-890.625,-515.625,-156.25,-656.25,-671.875,-476.5625,-382.8125,-882.8125,-414.0625,-132.8125,-812.5,-625.0
