1945432,30.625,-17.5,-52.5
1945432,30.625,-17.5,-52.5
1945443,-8.75,-13.125,-35.0
1945443,-8.75,-13.125,-35.0
1945594,-61.25,-26.25,13.125
1945594,-61.25,-26.25,13.125
1945604,-61.25,-39.375,26.25
1945604,-61.25,-39.375,26.25
1945755,-148.75,-13.125,48.125
1945755,-148.75,-13.125,48.125
1945906,-70.0,8.75,8.75
1945906,-70.0,8.75,8.75
1945917,-48.125,8.75,-21.875
1945917,-48.125,8.75,-21.875
1946068,-43.75,-4.375,-17.5
1946068,-43.75,-4.375,-17.5
1946078,-65.625,-17.5,-4.375
1946078,-65.625,-17.5,-4.375
1946229,-52.5,-26.25,-13.125
1946229,-52.5,-26.25,-13.125
1946240,-56.875,-30.625,-13.125
1946240,-56.875,-30.625,-13.125
1946391,0.0,-48.125,-8.75
1946391,0.0,-48.125,-8.75
1946401,-13.125,-52.5,-8.75
1946401,-13.125,-52.5,-8.75
1946552,-4.375,-21.875,-21.875
1946552,-4.375,-21.875,-21.875
1946563,17.5,-21.875,-39.375
1946563,17.5,-21.875,-39.375
1946714,-4.375,-78.75,-52.5
1946714,-4.375,-78.75,-52.5
1946724,26.25,-74.375,-74.375
1946724,26.25,-74.375,-74.375
1946875,-91.875,39.375,-144.375
1946875,-91.875,39.375,-144.375
1946885,78.75,-4.375,-218.75
1946885,78.75,-4.375,-218.75
1947844,-3460.625,-16611.875,-9471.875
1947844,-3460.625,-16611.875,-9471.875
1947854,-31998.75,6352.5,15050.0
1947854,-31998.75,6352.5,15050.0
1947925,-15828.75,144.375,-9528.75
1947925,-15828.75,144.375,-9528.75
1947935,-15220.625,-188.125,-10176.25
1947935,-15220.625,-188.125,-10176.25
1948086,-12092.5,-4081.875,-6120.625
1948086,-12092.5,-4081.875,-6120.625
1948096,-12919.375,-4427.5,-5267.5
1948096,-12919.375,-4427.5,-5267.5
1948258,-1115.625,52.5,774.375
1948258,-1115.625,52.5,774.375
1948409,96.25,-83.125,-293.125
1948409,96.25,-83.125,-293.125
1948419,371.875,-74.375,-568.75
1948419,371.875,-74.375,-568.75
1948571,183.75,201.25,-179.375
1948571,183.75,201.25,-179.375
1948581,48.125,196.875,-161.875
1948581,48.125,196.875,-161.875
1948732,43.75,-52.5,236.25
1948732,43.75,-52.5,236.25
1948743,175.0,-21.875,332.5
1948743,175.0,-21.875,332.5
1948894,336.875,170.625,100.625
1948894,336.875,170.625,100.625
1948904,371.875,214.375,126.875
1948904,371.875,214.375,126.875
