1938448,-1242.5,-844.375,-210.0
1938448,-1242.5,-844.375,-210.0
1938458,118.125,-363.125,1050.0
1938458,118.125,-363.125,1050.0
1938469,1981.875,-74.375,2073.75
1938469,1981.875,-74.375,2073.75
1938479,2896.25,96.25,2502.5
1938479,2896.25,96.25,2502.5
1938489,2835.0,26.25,2226.875
1938489,2835.0,26.25,2226.875
1938499,2708.125,-17.5,1859.375
1938499,2708.125,-17.5,1859.375
1938510,2515.625,-341.25,1430.625
1938510,2515.625,-341.25,1430.625
1938520,2196.25,-665.0,778.75
1938520,2196.25,-665.0,778.75
1938531,2113.125,-905.625,376.25
1938531,2113.125,-905.625,376.25
1938541,1798.125,-1089.375,284.375
1938541,1798.125,-1089.375,284.375
1938551,1680.0,-1255.625,485.625
1938551,1680.0,-1255.625,485.625
1938562,1824.375,-1141.875,918.75
1938562,1824.375,-1141.875,918.75
1938572,1903.125,-1019.375,1334.375
1938572,1903.125,-1019.375,1334.375
1938582,1964.375,-984.375,1509.375
1938582,1964.375,-984.375,1509.375
1938593,2852.5,-1360.625,1421.875
1938593,2852.5,-1360.625,1421.875
1938603,2130.625,-910.0,1588.125
1938603,2130.625,-910.0,1588.125
1938613,1299.375,-713.125,1308.125
1938613,1299.375,-713.125,1308.125
1938623,1806.875,-910.0,1430.625
1938623,1806.875,-910.0,1430.625
1938634,1942.5,-875.0,1133.125
1938634,1942.5,-875.0,1133.125
1938644,1701.875,-717.5,1185.625
1938644,1701.875,-717.5,1185.625
1938654,1369.375,-310.625,1894.375
1938654,1369.375,-310.625,1894.375
1938665,1566.25,205.625,2716.875
1938665,1566.25,205.625,2716.875
1938675,2047.5,1316.875,4239.375
1938675,2047.5,1316.875,4239.375
1938686,1684.375,1885.625,5057.5
1938686,1684.375,1885.625,5057.5
1938696,306.25,2248.75,4685.625
1938696,306.25,2248.75,4685.625
1938706,1076.25,2681.875,4970.0
1938706,1076.25,2681.875,4970.0
1938717,2979.375,2668.75,5845.0
1938717,2979.375,2668.75,5845.0
1938727,1198.75,3027.5,6523.125
1938727,1198.75,3027.5,6523.125
1938737,1627.5,4703.125,9200.625
1938737,1627.5,4703.125,9200.625
1938747,1911.875,3806.25,9003.75
1938747,1911.875,3806.25,9003.75
1938758,-3136.875,5508.125,2611.875
1938758,-3136.875,5508.125,2611.875
1938768,-2870.0,5849.375,8548.75
1938768,-2870.0,5849.375,8548.75
1938778,-1535.625,2170.0,2520.0
1938778,-1535.625,2170.0,2520.0
1938789,-4886.875,4077.5,4628.75
1938789,-4886.875,4077.5,4628.75
1938799,-3618.125,1439.375,2572.5
1938799,-3618.125,1439.375,2572.5
1938809,-10241.875,2165.625,-6877.5
1938809,-10241.875,2165.625,-6877.5
1938819,-21765.625,4182.5,-11497.5
1938819,-21765.625,4182.5,-11497.5
1938830,-32768.75,1041.25,-4046.875
1938830,-32768.75,1041.25,-4046.875
1938840,-46108.125,2375.625,-4996.25
1938840,-46108.125,2375.625,-4996.25
1938850,-69820.625,-2703.75,1767.5
1938850,-69820.625,-2703.75,1767.5
1938861,-109633.125,-6107.5,-1238.125
1938861,-109633.125,-6107.5,-1238.125
1938871,-107511.25,-9515.625,-16716.875
1938871,-107511.25,-9515.625,-16716.875
1938882,-75070.625,17924.375,-26516.875
1938882,-75070.625,17924.375,-26516.875
1938892,-76536.25,36448.125,-17167.5
1938892,-76536.25,36448.125,-17167.5
1938902,-74423.125,56975.625,-4799.375
1938902,-74423.125,56975.625,-4799.375
1938912,-91297.5,73395.0,16839.375
1938912,-91297.5,73395.0,16839.375
1938923,-128428.125,69846.875,71955.625
1938923,-128428.125,69846.875,71955.625
1938933,-126074.375,72590.0,107751.875
1938933,-126074.375,72590.0,107751.875
1938943,-99203.125,114375.625,140476.875
1938943,-99203.125,114375.625,140476.875
1938954,-89315.625,138753.125,-143360.0
1938954,-89315.625,138753.125,-143360.0
1938965,-88904.375,136263.75,142940.0
1938965,-88904.375,136263.75,142940.0
1938974,-92916.25,142209.375,143228.75
1938974,-92916.25,142209.375,143228.75
1938985,-104203.75,-143360.0,-143360.0
1938985,-104203.75,-143360.0,-143360.0
1938995,-125991.25,143276.875,143355.625
1938995,-125991.25,143276.875,143355.625
1939005,-143360.0,143320.625,143355.625
1939005,-143360.0,143320.625,143355.625
1939016,-143360.0,-143360.0,-143360.0
1939016,-143360.0,-143360.0,-143360.0
1939026,-142970.625,-143360.0,-143360.0
1939026,-142970.625,-143360.0,-143360.0
1939036,-143360.0,-143360.0,-143360.0
1939036,-143360.0,-143360.0,-143360.0
1939047,-143360.0,-143360.0,-143360.0
1939047,-143360.0,-143360.0,-143360.0
1939057,-143351.25,-143360.0,-143360.0
1939057,-143351.25,-143360.0,-143360.0
1939067,-143360.0,-143360.0,-143360.0
1939067,-143360.0,-143360.0,-143360.0
1939077,-143360.0,-143360.0,-143360.0
1939077,-143360.0,-143360.0,-143360.0
1939088,-143360.0,-143360.0,-143360.0
1939088,-143360.0,-143360.0,-143360.0
1939098,-143360.0,-143360.0,-143360.0
1939098,-143360.0,-143360.0,-143360.0
1939109,-143360.0,-143360.0,143228.75
1939109,-143360.0,-143360.0,143228.75
1939119,-143360.0,139278.125,125969.375
1939119,-143360.0,139278.125,125969.375
1939129,-143360.0,133581.875,100760.625
1939129,-143360.0,133581.875,100760.625
1939139,-143360.0,137641.875,95436.25
1939139,-143360.0,137641.875,95436.25
1939150,-143360.0,128616.25,99951.25
1939150,-143360.0,128616.25,99951.25
1939160,-143360.0,116641.875,90387.5
1939160,-143360.0,116641.875,90387.5
1939170,-143360.0,110818.75,87784.375
1939170,-143360.0,110818.75,87784.375
1939181,-143360.0,103604.375,73981.25
1939181,-143360.0,103604.375,73981.25
1939191,-143360.0,93725.625,39217.5
1939191,-143360.0,93725.625,39217.5
1939201,-143360.0,74694.375,3425.625
1939201,-143360.0,74694.375,3425.625
1939212,-142975.0,64483.125,-36321.25
1939212,-142975.0,64483.125,-36321.25
1939222,-131184.375,63345.625,-53904.375
1939222,-131184.375,63345.625,-53904.375
1939232,-106907.5,61040.0,-56214.375
1939232,-106907.5,61040.0,-56214.375
1939243,-80981.25,60738.125,-53830.0
1939243,-80981.25,60738.125,-53830.0
1939253,-52189.375,64793.75,-44078.125
1939253,-52189.375,64793.75,-44078.125
1939263,-18073.125,67313.75,-34321.875
1939263,-18073.125,67313.75,-34321.875
1939274,10854.375,70332.5,-40460.0
1939274,10854.375,70332.5,-40460.0
1939284,33897.5,76111.875,-59806.25
1939284,33897.5,76111.875,-59806.25
1939294,59377.5,78417.5,-79458.75
1939294,59377.5,78417.5,-79458.75
1939304,86432.5,86489.375,-88567.5
1939304,86432.5,86489.375,-88567.5
1939315,110411.875,93686.25,-86585.625
1939315,110411.875,93686.25,-86585.625
1939325,126971.25,88458.125,-88213.125
1939325,126971.25,88458.125,-88213.125
1939335,131665.625,79874.375,-94158.75
1939335,131665.625,79874.375,-94158.75
1939346,131149.375,76527.5,-115828.125
1939346,131149.375,76527.5,-115828.125
1939356,133061.25,78898.75,-125195.0
1939356,133061.25,78898.75,-125195.0
1939366,141325.625,72091.25,-134067.5
1939366,141325.625,72091.25,-134067.5
1939376,143355.625,64120.0,-142244.375
1939376,143355.625,64120.0,-142244.375
1939387,143320.625,59976.875,-135467.5
1939387,143320.625,59976.875,-135467.5
1939397,143298.75,68993.75,-113168.125
1939397,143298.75,68993.75,-113168.125
1939408,130042.5,69890.625,-83610.625
1939408,130042.5,69890.625,-83610.625
1939418,74431.875,58222.5,-69295.625
1939418,74431.875,58222.5,-69295.625
1939427,6138.125,23594.375,-46948.125
1939427,6138.125,23594.375,-46948.125
1939438,-101351.25,-29815.625,-64439.375
1939438,-101351.25,-29815.625,-64439.375
1939449,-143360.0,38395.0,-143355.625
1939449,-143360.0,38395.0,-143355.625
1939459,-128926.875,81081.875,-32287.5
1939459,-128926.875,81081.875,-32287.5
1939470,-23931.25,30883.125,105861.875
1939470,-23931.25,30883.125,105861.875
1939480,-11563.125,5145.0,-143360.0
1939480,-11563.125,5145.0,-143360.0
1939490,-71693.125,-3867.5,140980.0
1939490,-71693.125,-3867.5,140980.0
1939501,-83965.0,-14463.75,142913.75
1939501,-83965.0,-14463.75,142913.75
1939511,-129836.875,-36019.375,143014.375
1939511,-129836.875,-36019.375,143014.375
1939521,-143360.0,-49721.875,126721.875
1939521,-143360.0,-49721.875,126721.875
1939531,-143193.75,-60996.25,102256.875
1939531,-143193.75,-60996.25,102256.875
1939542,-142966.25,-70826.875,96565.0
1939542,-142966.25,-70826.875,96565.0
1939552,-143360.0,-76260.625,103079.375
1939552,-143360.0,-76260.625,103079.375
1939562,-143360.0,-77660.625,115644.375
1939562,-143360.0,-77660.625,115644.375
1939573,-143351.25,-71610.0,135865.625
1939573,-143351.25,-71610.0,135865.625
1939583,-143360.0,-65100.0,-143360.0
1939583,-143360.0,-65100.0,-143360.0
1939593,-143360.0,-56831.25,-143360.0
1939593,-143360.0,-56831.25,-143360.0
1939604,-143360.0,-47617.5,143167.5
1939604,-143360.0,-47617.5,143167.5
1939614,-143360.0,-41208.125,-143360.0
1939614,-143360.0,-41208.125,-143360.0
1939625,-143360.0,-37751.875,141264.375
1939625,-143360.0,-37751.875,141264.375
1939635,-143360.0,-33748.75,121301.25
1939635,-143360.0,-33748.75,121301.25
1939645,-143360.0,-28774.375,94233.125
1939645,-143360.0,-28774.375,94233.125
1939655,-143360.0,-24885.0,70892.5
1939655,-143360.0,-24885.0,70892.5
1939666,-143360.0,-21735.0,52040.625
1939666,-143360.0,-21735.0,52040.625
1939676,-143360.0,-16051.875,41540.625
1939676,-143360.0,-16051.875,41540.625
1939686,-143360.0,-9069.375,40088.125
1939686,-143360.0,-9069.375,40088.125
1939697,-143360.0,-5569.375,42288.75
1939697,-143360.0,-5569.375,42288.75
1939707,-143360.0,-2926.875,47954.375
1939707,-143360.0,-2926.875,47954.375
1939717,-143360.0,-581.875,52806.25
1939717,-143360.0,-581.875,52806.25
1939727,-143360.0,805.0,52915.625
1939727,-143360.0,805.0,52915.625
1939738,-143360.0,4445.0,50942.5
1939738,-143360.0,4445.0,50942.5
1939748,-143360.0,6256.25,49638.75
1939748,-143360.0,6256.25,49638.75
1939758,-143115.0,4230.625,45705.625
1939758,-143115.0,4230.625,45705.625
1939769,-137987.5,2603.125,39493.125
1939769,-137987.5,2603.125,39493.125
1939779,-129635.625,2625.0,32943.75
1939779,-129635.625,2625.0,32943.75
1939789,-122705.625,756.875,24981.25
1939789,-122705.625,756.875,24981.25
1939800,-113281.875,-2681.875,18274.375
1939800,-113281.875,-2681.875,18274.375
1939810,-98931.875,-3561.25,15623.125
1939810,-98931.875,-3561.25,15623.125
1939821,-84245.0,-4331.25,13479.375
1939821,-84245.0,-4331.25,13479.375
1939831,-69855.625,-6098.75,11917.5
1939831,-69855.625,-6098.75,11917.5
1939841,-57977.5,-6951.875,11497.5
1939841,-57977.5,-6951.875,11497.5
1939851,-48698.125,-7805.0,9856.875
1939851,-48698.125,-7805.0,9856.875
1939862,-41798.75,-9498.125,6969.375
1939862,-41798.75,-9498.125,6969.375
1939872,-35056.875,-11230.625,4532.5
1939872,-35056.875,-11230.625,4532.5
1939882,-28131.25,-12280.625,3045.0
1939882,-28131.25,-12280.625,3045.0
1939893,-22351.875,-10425.625,4077.5
1939893,-22351.875,-10425.625,4077.5
1939903,-17727.5,-7074.375,6632.5
1939903,-17727.5,-7074.375,6632.5
1939913,-13597.5,-7144.375,6234.375
1939913,-13597.5,-7144.375,6234.375
1939923,-10946.25,-7743.75,3609.375
1939923,-10946.25,-7743.75,3609.375
1939934,-8579.375,-6671.875,1780.625
1939934,-8579.375,-6671.875,1780.625
1939944,-4751.25,-3088.75,4466.875
1939944,-4751.25,-3088.75,4466.875
1939954,-3206.875,-459.375,6291.25
1939954,-3206.875,-459.375,6291.25
1939965,-2979.375,26.25,5328.75
1939965,-2979.375,26.25,5328.75
1939976,-1876.875,525.0,4690.0
1939976,-1876.875,525.0,4690.0
1939985,-691.25,1233.75,5823.125
1939985,-691.25,1233.75,5823.125
1939996,415.625,1907.5,5919.375
1939996,415.625,1907.5,5919.375
1940006,1951.25,3346.875,5433.75
1940006,1951.25,3346.875,5433.75
1940016,3136.875,4462.5,3185.0
1940016,3136.875,4462.5,3185.0
1940026,4208.75,4095.0,1465.625
1940026,4208.75,4095.0,1465.625
1940037,4278.75,3031.875,-122.5
1940037,4278.75,3031.875,-122.5
1940047,5438.125,2681.875,-1605.625
1940047,5438.125,2681.875,-1605.625
1940058,6750.625,1763.125,-3535.0
1940058,6750.625,1763.125,-3535.0
1940068,8023.75,240.625,-4641.875
1940068,8023.75,240.625,-4641.875
1940078,8570.625,573.125,-3850.0
1940078,8570.625,573.125,-3850.0
1940089,8671.25,109.375,-3692.5
1940089,8671.25,109.375,-3692.5
1940099,9633.75,-1658.125,-6186.25
1940099,9633.75,-1658.125,-6186.25
1940109,11239.375,-3618.125,-8185.625
1940109,11239.375,-3618.125,-8185.625
1940120,13186.25,-4991.875,-8680.0
1940120,13186.25,-4991.875,-8680.0
1940130,15566.25,-6151.25,-7393.75
1940130,15566.25,-6151.25,-7393.75
1940140,17771.25,-4926.25,-5162.5
1940140,17771.25,-4926.25,-5162.5
1940150,17976.875,-4865.0,-5796.875
1940150,17976.875,-4865.0,-5796.875
1940161,17508.75,-7931.875,-9100.0
1940161,17508.75,-7931.875,-9100.0
1940172,18046.875,-10600.625,-9493.75
1940172,18046.875,-10600.625,-9493.75
1940181,19232.5,-12075.0,-7923.125
1940181,19232.5,-12075.0,-7923.125
1940192,19661.25,-11926.25,-6755.0
1940192,19661.25,-11926.25,-6755.0
1940202,20339.375,-12451.25,-7319.375
1940202,20339.375,-12451.25,-7319.375
1940212,20461.875,-13496.875,-9043.125
1940212,20461.875,-13496.875,-9043.125
1940223,19464.375,-13566.875,-9051.875
1940223,19464.375,-13566.875,-9051.875
1940233,18060.0,-12438.125,-8583.75
1940233,18060.0,-12438.125,-8583.75
1940244,16817.5,-7682.5,-5232.5
1940244,16817.5,-7682.5,-5232.5
1940254,14196.875,-6063.75,-3023.125
1940254,14196.875,-6063.75,-3023.125
1940264,12180.0,-6168.75,-2279.375
1940264,12180.0,-6168.75,-2279.375
1940274,9940.0,-5324.375,-1815.625
1940274,9940.0,-5324.375,-1815.625
1940285,7656.25,-4873.75,-1793.75
1940285,7656.25,-4873.75,-1793.75
1940295,5569.375,-3255.0,-131.25
1940295,5569.375,-3255.0,-131.25
1940305,1470.0,-3049.375,-555.625
1940305,1470.0,-3049.375,-555.625
1940316,-1404.375,-1929.375,2043.125
1940316,-1404.375,-1929.375,2043.125
1940326,-4055.625,-621.25,2366.875
1940326,-4055.625,-621.25,2366.875
1940336,-5560.625,726.25,616.875
1940336,-5560.625,726.25,616.875
1940347,-5578.125,1054.375,21.875
1940347,-5578.125,1054.375,21.875
1940357,-5114.375,1233.75,463.75
1940357,-5114.375,1233.75,463.75
1940367,-5376.875,1098.125,446.25
1940367,-5376.875,1098.125,446.25
1940377,-5468.75,857.5,-630.0
1940377,-5468.75,857.5,-630.0
1940388,-5735.625,2769.375,-280.0
1940388,-5735.625,2769.375,-280.0
1940398,-6601.875,2537.5,-678.125
1940398,-6601.875,2537.5,-678.125
1940408,-7437.5,1518.125,-3176.25
1940408,-7437.5,1518.125,-3176.25
1940419,-7822.5,1286.25,-3294.375
1940419,-7822.5,1286.25,-3294.375
1940429,-7840.0,1360.625,-3351.25
1940429,-7840.0,1360.625,-3351.25
1940440,-6636.875,2511.25,-1859.375
1940440,-6636.875,2511.25,-1859.375
1940450,-5932.5,2244.375,-1076.25
1940450,-5932.5,2244.375,-1076.25
1940460,-6081.25,603.75,-2056.25
1940460,-6081.25,603.75,-2056.25
1940470,-5442.5,490.0,-770.0
1940470,-5442.5,490.0,-770.0
1940481,-4606.875,-91.875,-1299.375
1940481,-4606.875,-91.875,-1299.375
1940491,-4116.875,-332.5,-2056.25
1940491,-4116.875,-332.5,-2056.25
1940501,-4344.375,-1933.75,-3110.625
1940501,-4344.375,-1933.75,-3110.625
1940512,-3491.25,-2091.25,-2883.125
1940512,-3491.25,-2091.25,-2883.125
1940522,-2108.75,-586.25,-888.125
1940522,-2108.75,-586.25,-888.125
1940532,-1338.75,-739.375,-791.875
1940532,-1338.75,-739.375,-791.875
1940543,-21.875,-1076.25,-249.375
1940543,-21.875,-1076.25,-249.375
1940553,306.25,-1128.75,-83.125
1940553,306.25,-1128.75,-83.125
1940564,756.875,-1229.375,-643.125
1940564,756.875,-1229.375,-643.125
1940573,2021.25,-1076.25,315.0
1940573,2021.25,-1076.25,315.0
1940584,2883.125,-1452.5,345.625
1940584,2883.125,-1452.5,345.625
1940594,2913.75,-2441.25,-1141.875
1940594,2913.75,-2441.25,-1141.875
1940604,3871.875,-2191.875,-1128.75
1940604,3871.875,-2191.875,-1128.75
1940615,4296.25,-2327.5,-940.625
1940615,4296.25,-2327.5,-940.625
1940625,4908.75,-2611.875,-1338.75
1940625,4908.75,-2611.875,-1338.75
1940636,5945.625,-2441.25,-306.25
1940636,5945.625,-2441.25,-306.25
1940646,6251.875,-2148.125,446.25
1940646,6251.875,-2148.125,446.25
1940656,6081.25,-2043.125,319.375
1940656,6081.25,-2043.125,319.375
1940666,5372.5,-1238.125,-214.375
1940666,5372.5,-1238.125,-214.375
1940677,5013.75,-936.25,-463.75
1940677,5013.75,-936.25,-463.75
1940687,4716.25,-485.625,428.75
1940687,4716.25,-485.625,428.75
1940697,3718.75,-345.625,682.5
1940697,3718.75,-345.625,682.5
1940708,2651.25,17.5,1076.25
1940708,2651.25,17.5,1076.25
1940718,975.625,-48.125,1347.5
1940718,975.625,-48.125,1347.5
1940728,-529.375,-949.375,879.375
1940728,-529.375,-949.375,879.375
1940739,-774.375,-1907.5,1216.25
1940739,-774.375,-1907.5,1216.25
1940749,-603.75,-2480.625,1426.25
1940749,-603.75,-2480.625,1426.25
1940759,-993.125,-2226.875,1220.625
1940759,-993.125,-2226.875,1220.625
1940769,-1531.25,-1277.5,1290.625
1940769,-1531.25,-1277.5,1290.625
1940780,-2086.875,-1120.0,336.875
1940780,-2086.875,-1120.0,336.875
1940790,-1500.625,-1395.625,-665.0
1940790,-1500.625,-1395.625,-665.0
1940800,-1548.75,-1614.375,-1006.25
1940800,-1548.75,-1614.375,-1006.25
1940811,-1343.125,-1483.125,-949.375
1940811,-1343.125,-1483.125,-949.375
1940821,-441.875,-533.75,-8.75
1940821,-441.875,-533.75,-8.75
1940831,293.125,-533.75,1491.875
1940831,293.125,-533.75,1491.875
1940842,-56.875,-1093.75,1618.75
1940842,-56.875,-1093.75,1618.75
1940852,-1128.75,-1999.375,371.875
1940852,-1128.75,-1999.375,371.875
1940862,-1553.125,-1881.25,468.125
1940862,-1553.125,-1881.25,468.125
1940873,-1246.875,-2581.25,-953.75
1940873,-1246.875,-2581.25,-953.75
1940883,-599.375,-1916.25,-870.625
1940883,-599.375,-1916.25,-870.625
1940893,-245.0,-1745.625,-700.0
1940893,-245.0,-1745.625,-700.0
1940904,17.5,-1710.625,-826.875
1940904,17.5,-1710.625,-826.875
1940914,695.625,-936.25,161.875
1940914,695.625,-936.25,161.875
1940924,175.0,-1513.75,555.625
1940924,175.0,-1513.75,555.625
1940935,-835.625,-2213.75,1246.875
1940935,-835.625,-2213.75,1246.875
1940944,-2139.375,-2428.125,931.875
1940944,-2139.375,-2428.125,931.875
1940955,-2528.75,-2091.25,962.5
1940955,-2528.75,-2091.25,962.5
1940966,-1478.75,-1181.25,2410.625
1940966,-1478.75,-1181.25,2410.625
1940976,-1701.875,-568.75,2874.375
1940976,-1701.875,-568.75,2874.375
1940986,-1890.0,-1120.0,1605.625
1940986,-1890.0,-1120.0,1605.625
1940997,-1465.625,-1268.75,1745.625
1940997,-1465.625,-1268.75,1745.625
1941007,-1413.125,-1435.0,2331.875
1941007,-1413.125,-1435.0,2331.875
1941017,-1951.25,-1570.625,1588.125
1941017,-1951.25,-1570.625,1588.125
1941028,-1820.0,-853.125,1120.0
1941028,-1820.0,-853.125,1120.0
1941038,-826.875,-1225.0,1150.625
1941038,-826.875,-1225.0,1150.625
1941048,153.125,-293.125,1763.125
1941048,153.125,-293.125,1763.125
1941059,135.625,564.375,1798.125
1941059,135.625,564.375,1798.125
1941069,472.5,-236.25,-520.625
1941069,472.5,-236.25,-520.625
1941079,2060.625,-406.875,-577.5
1941079,2060.625,-406.875,-577.5
1941089,3565.625,-713.125,-599.375
1941089,3565.625,-713.125,-599.375
1941100,3561.25,-1360.625,-647.5
1941100,3561.25,-1360.625,-647.5
1941110,3023.125,-1653.75,-433.125
1941110,3023.125,-1653.75,-433.125
1941120,3434.375,-2279.375,-148.75
1941120,3434.375,-2279.375,-148.75
1941131,4663.75,-2305.625,1128.75
1941131,4663.75,-2305.625,1128.75
1941141,4095.0,-1592.5,2003.75
1941141,4095.0,-1592.5,2003.75
1941151,2931.25,-1863.75,551.25
1941151,2931.25,-1863.75,551.25
1941162,2620.625,-1798.125,551.25
1941162,2620.625,-1798.125,551.25
1941172,2170.0,-2638.125,433.125
1941172,2170.0,-2638.125,433.125
1941182,2191.875,-3399.375,783.125
1941182,2191.875,-3399.375,783.125
1941193,3093.125,-3058.125,1238.125
1941193,3093.125,-3058.125,1238.125
1941203,3841.25,-2113.125,2699.375
1941203,3841.25,-2113.125,2699.375
1941213,4213.125,-1671.25,3438.75
1941213,4213.125,-1671.25,3438.75
1941224,3653.125,-2034.375,3106.25
1941224,3653.125,-2034.375,3106.25
1941234,3023.125,-1881.25,2314.375
1941234,3023.125,-1881.25,2314.375
1941243,2686.25,-2480.625,936.25
1941243,2686.25,-2480.625,936.25
1941255,1929.375,-2555.0,280.0
1941255,1929.375,-2555.0,280.0
1941265,936.25,-2996.875,1036.875
1941265,936.25,-2996.875,1036.875
1941274,398.125,-3780.0,328.125
1941274,398.125,-3780.0,328.125
1941285,363.125,-4567.5,-704.375
1941285,363.125,-4567.5,-704.375
1941296,1435.0,-3666.25,459.375
1941296,1435.0,-3666.25,459.375
1941306,2200.625,-3101.875,1080.625
1941306,2200.625,-3101.875,1080.625
1941316,2633.75,-3115.0,1238.125
1941316,2633.75,-3115.0,1238.125
1941327,3049.375,-3373.125,1229.375
1941327,3049.375,-3373.125,1229.375
1941337,2778.125,-3731.875,350.0
1941337,2778.125,-3731.875,350.0
1941347,2441.25,-2401.875,376.25
1941347,2441.25,-2401.875,376.25
1941358,2813.125,-1920.625,660.625
1941358,2813.125,-1920.625,660.625
1941368,4213.125,-2406.25,573.125
1941368,4213.125,-2406.25,573.125
1941379,5726.875,-3119.375,354.375
1941379,5726.875,-3119.375,354.375
1941389,7140.0,-2756.25,-157.5
1941389,7140.0,-2756.25,-157.5
1941399,8303.75,-1785.0,218.75
1941399,8303.75,-1785.0,218.75
1941409,8557.5,-2362.5,-109.375
1941409,8557.5,-2362.5,-109.375
1941420,8404.375,-3521.875,-1535.625
1941420,8404.375,-3521.875,-1535.625
1941430,7805.0,-4265.625,-3040.625
1941430,7805.0,-4265.625,-3040.625
1941440,7223.125,-3626.875,-4086.25
1941440,7223.125,-3626.875,-4086.25
1941450,6698.125,-2721.25,-3395.0
1941450,6698.125,-2721.25,-3395.0
1941461,5757.5,-3167.5,-3115.0
1941461,5757.5,-3167.5,-3115.0
1941471,4532.5,-3220.0,-3342.5
1941471,4532.5,-3220.0,-3342.5
1941481,3320.625,-3281.25,-4265.625
1941481,3320.625,-3281.25,-4265.625
1941492,2078.125,-3071.25,-4948.125
1941492,2078.125,-3071.25,-4948.125
1941502,1194.375,-3066.875,-5013.75
1941502,1194.375,-3066.875,-5013.75
1941512,441.875,-3233.125,-4983.125
1941512,441.875,-3233.125,-4983.125
