1945435,-421.875,398.4375,820.3125,-265.625,-804.6875,578.125,70.3125,-968.75,296.875,289.0625,-960.9375,-39.0625,257.8125,-960.9375,171.875
1945435,-421.875,398.4375,820.3125,-265.625,-804.6875,578.125,70.3125,-968.75,296.875,289.0625,-960.9375,-39.0625,257.8125,-960.9375,171.875
1945435,-429.6875,390.625,820.3125,-265.625,-812.5,578.125,62.5,-976.5625,296.875,304.6875,-960.9375,-39.0625,265.625,-953.125,164.0625
1945435,-429.6875,390.625,820.3125,-265.625,-812.5,578.125,62.5,-976.5625,296.875,304.6875,-960.9375,-39.0625,265.625,-953.125,164.0625
1945443,-429.6875,390.625,820.3125,-257.8125,-820.3125,578.125,70.3125,-976.5625,296.875,304.6875,-968.75,-46.875,265.625,-968.75,156.25
1945443,-429.6875,390.625,820.3125,-257.8125,-820.3125,578.125,70.3125,-976.5625,296.875,304.6875,-968.75,-46.875,265.625,-968.75,156.25
1945443,-429.6875,382.8125,820.3125,-257.8125,-820.3125,585.9375,62.5,-984.375,296.875,296.875,-960.9375,-46.875,265.625,-968.75,164.0625
1945443,-429.6875,382.8125,820.3125,-257.8125,-820.3125,585.9375,62.5,-984.375,296.875,296.875,-960.9375,-46.875,265.625,-968.75,164.0625
1945596,-429.6875,398.4375,812.5,-265.625,-804.6875,578.125,62.5,-968.75,296.875,304.6875,-960.9375,-39.0625,257.8125,-960.9375,156.25
1945596,-429.6875,398.4375,812.5,-265.625,-804.6875,578.125,62.5,-968.75,296.875,304.6875,-960.9375,-39.0625,257.8125,-960.9375,156.25
1945597,-437.5,398.4375,828.125,-257.8125,-804.6875,585.9375,78.125,-976.5625,304.6875,304.6875,-960.9375,-39.0625,265.625,-960.9375,164.0625
1945597,-437.5,398.4375,828.125,-257.8125,-804.6875,585.9375,78.125,-976.5625,304.6875,304.6875,-960.9375,-39.0625,265.625,-960.9375,164.0625
1945604,-429.6875,398.4375,828.125,-257.8125,-804.6875,585.9375,70.3125,-968.75,296.875,296.875,-953.125,-39.0625,265.625,-960.9375,156.25
1945604,-429.6875,398.4375,828.125,-257.8125,-804.6875,585.9375,70.3125,-968.75,296.875,296.875,-953.125,-39.0625,265.625,-960.9375,156.25
1945604,-429.6875,406.25,828.125,-265.625,-804.6875,593.75,62.5,-968.75,296.875,296.875,-953.125,-39.0625,265.625,-960.9375,164.0625
1945604,-429.6875,406.25,828.125,-265.625,-804.6875,593.75,62.5,-968.75,296.875,296.875,-953.125,-39.0625,265.625,-960.9375,164.0625
1945749,-429.6875,406.25,812.5,-265.625,-804.6875,578.125,54.6875,-960.9375,304.6875,289.0625,-960.9375,-46.875,250.0,-953.125,156.25
1945749,-429.6875,406.25,812.5,-265.625,-804.6875,578.125,54.6875,-960.9375,304.6875,289.0625,-960.9375,-46.875,250.0,-953.125,156.25
1945758,-437.5,406.25,820.3125,-273.4375,-796.875,585.9375,54.6875,-953.125,304.6875,289.0625,-960.9375,-39.0625,257.8125,-953.125,164.0625
1945758,-437.5,406.25,820.3125,-273.4375,-796.875,585.9375,54.6875,-953.125,304.6875,289.0625,-960.9375,-39.0625,257.8125,-953.125,164.0625
1945758,-437.5,414.0625,812.5,-265.625,-804.6875,585.9375,54.6875,-968.75,304.6875,296.875,-945.3125,-39.0625,257.8125,-953.125,164.0625
1945758,-437.5,414.0625,812.5,-265.625,-804.6875,585.9375,54.6875,-968.75,304.6875,296.875,-945.3125,-39.0625,257.8125,-953.125,164.0625
1945766,-437.5,406.25,812.5,-265.625,-796.875,578.125,62.5,-968.75,296.875,289.0625,-953.125,-39.0625,250.0,-953.125,171.875
1945766,-437.5,406.25,812.5,-265.625,-796.875,578.125,62.5,-968.75,296.875,289.0625,-953.125,-39.0625,250.0,-953.125,171.875
1945904,-421.875,390.625,828.125,-257.8125,-804.6875,585.9375,62.5,-968.75,296.875,304.6875,-953.125,-46.875,257.8125,-960.9375,164.0625
1945904,-421.875,390.625,828.125,-257.8125,-804.6875,585.9375,62.5,-968.75,296.875,304.6875,-953.125,-46.875,257.8125,-960.9375,164.0625
1945912,-414.0625,398.4375,820.3125,-265.625,-804.6875,585.9375,62.5,-968.75,289.0625,304.6875,-960.9375,-39.0625,273.4375,-960.9375,164.0625
1945912,-414.0625,398.4375,820.3125,-265.625,-804.6875,585.9375,62.5,-968.75,289.0625,304.6875,-960.9375,-39.0625,273.4375,-960.9375,164.0625
1945920,-421.875,398.4375,820.3125,-265.625,-804.6875,585.9375,62.5,-976.5625,296.875,304.6875,-960.9375,-39.0625,273.4375,-960.9375,164.0625
1945920,-421.875,398.4375,820.3125,-265.625,-804.6875,585.9375,62.5,-976.5625,296.875,304.6875,-960.9375,-39.0625,273.4375,-960.9375,164.0625
1945920,-414.0625,398.4375,820.3125,-257.8125,-812.5,585.9375,70.3125,-968.75,296.875,304.6875,-960.9375,-39.0625,273.4375,-960.9375,164.0625
1945920,-414.0625,398.4375,820.3125,-257.8125,-812.5,585.9375,70.3125,-968.75,296.875,304.6875,-960.9375,-39.0625,273.4375,-960.9375,164.0625
1946065,-421.875,390.625,820.3125,-257.8125,-804.6875,585.9375,70.3125,-968.75,304.6875,304.6875,-960.9375,-39.0625,265.625,-960.9375,164.0625
1946065,-421.875,390.625,820.3125,-257.8125,-804.6875,585.9375,70.3125,-968.75,304.6875,304.6875,-960.9375,-39.0625,265.625,-960.9375,164.0625
1946073,-421.875,390.625,812.5,-265.625,-804.6875,578.125,70.3125,-976.5625,304.6875,296.875,-960.9375,-39.0625,257.8125,-960.9375,156.25
1946073,-421.875,390.625,812.5,-265.625,-804.6875,578.125,70.3125,-976.5625,304.6875,296.875,-960.9375,-39.0625,257.8125,-960.9375,156.25
1946081,-429.6875,406.25,820.3125,-265.625,-812.5,585.9375,62.5,-960.9375,304.6875,296.875,-960.9375,-46.875,265.625,-968.75,164.0625
1946081,-429.6875,406.25,820.3125,-265.625,-812.5,585.9375,62.5,-960.9375,304.6875,296.875,-960.9375,-46.875,265.625,-968.75,164.0625
1946081,-429.6875,406.25,828.125,-265.625,-812.5,578.125,62.5,-976.5625,296.875,296.875,-960.9375,-39.0625,265.625,-968.75,171.875
1946081,-429.6875,406.25,828.125,-265.625,-812.5,578.125,62.5,-976.5625,296.875,296.875,-960.9375,-39.0625,265.625,-968.75,171.875
1946226,-421.875,406.25,812.5,-265.625,-812.5,585.9375,62.5,-968.75,296.875,296.875,-960.9375,-39.0625,265.625,-960.9375,164.0625
1946226,-421.875,406.25,812.5,-265.625,-812.5,585.9375,62.5,-968.75,296.875,296.875,-960.9375,-39.0625,265.625,-960.9375,164.0625
1946234,-421.875,398.4375,812.5,-257.8125,-804.6875,585.9375,62.5,-968.75,296.875,296.875,-960.9375,-46.875,250.0,-953.125,164.0625
1946234,-421.875,398.4375,812.5,-257.8125,-804.6875,585.9375,62.5,-968.75,296.875,296.875,-960.9375,-46.875,250.0,-953.125,164.0625
1946242,-429.6875,398.4375,812.5,-265.625,-804.6875,585.9375,62.5,-968.75,296.875,296.875,-960.9375,-39.0625,265.625,-953.125,164.0625
1946242,-429.6875,398.4375,812.5,-265.625,-804.6875,585.9375,62.5,-968.75,296.875,296.875,-960.9375,-39.0625,265.625,-953.125,164.0625
1946242,-421.875,398.4375,820.3125,-257.8125,-804.6875,578.125,62.5,-968.75,296.875,289.0625,-960.9375,-39.0625,257.8125,-960.9375,164.0625
1946242,-421.875,398.4375,820.3125,-257.8125,-804.6875,578.125,62.5,-968.75,296.875,289.0625,-960.9375,-39.0625,257.8125,-960.9375,164.0625
1946388,-429.6875,406.25,820.3125,-265.625,-804.6875,585.9375,54.6875,-976.5625,296.875,304.6875,-960.9375,-39.0625,250.0,-968.75,164.0625
1946388,-429.6875,406.25,820.3125,-265.625,-804.6875,585.9375,54.6875,-976.5625,296.875,304.6875,-960.9375,-39.0625,250.0,-968.75,164.0625
1946395,-429.6875,398.4375,812.5,-265.625,-812.5,585.9375,70.3125,-976.5625,304.6875,296.875,-960.9375,-46.875,257.8125,-968.75,156.25
1946395,-429.6875,398.4375,812.5,-265.625,-812.5,585.9375,70.3125,-976.5625,304.6875,296.875,-960.9375,-46.875,257.8125,-968.75,156.25
1946403,-429.6875,398.4375,820.3125,-273.4375,-804.6875,585.9375,62.5,-976.5625,304.6875,312.5,-960.9375,-31.25,265.625,-968.75,171.875
1946403,-429.6875,398.4375,820.3125,-273.4375,-804.6875,585.9375,62.5,-976.5625,304.6875,312.5,-960.9375,-31.25,265.625,-968.75,171.875
1946403,-437.5,398.4375,820.3125,-273.4375,-804.6875,593.75,62.5,-968.75,296.875,304.6875,-960.9375,-39.0625,257.8125,-960.9375,164.0625
1946403,-437.5,398.4375,820.3125,-273.4375,-804.6875,593.75,62.5,-968.75,296.875,304.6875,-960.9375,-39.0625,257.8125,-960.9375,164.0625
1946549,-429.6875,406.25,812.5,-257.8125,-804.6875,585.9375,62.5,-968.75,304.6875,296.875,-960.9375,-39.0625,257.8125,-968.75,171.875
1946549,-429.6875,406.25,812.5,-257.8125,-804.6875,585.9375,62.5,-968.75,304.6875,296.875,-960.9375,-39.0625,257.8125,-968.75,171.875
1946556,-429.6875,406.25,812.5,-265.625,-796.875,585.9375,62.5,-984.375,304.6875,296.875,-953.125,-39.0625,257.8125,-968.75,171.875
1946556,-429.6875,406.25,812.5,-265.625,-796.875,585.9375,62.5,-984.375,304.6875,296.875,-953.125,-39.0625,257.8125,-968.75,171.875
1946565,-429.6875,398.4375,828.125,-273.4375,-812.5,585.9375,70.3125,-976.5625,296.875,296.875,-953.125,-39.0625,257.8125,-960.9375,164.0625
1946565,-429.6875,398.4375,828.125,-273.4375,-812.5,585.9375,70.3125,-976.5625,296.875,296.875,-953.125,-39.0625,257.8125,-960.9375,164.0625
1946565,-437.5,398.4375,820.3125,-265.625,-812.5,585.9375,70.3125,-976.5625,296.875,296.875,-960.9375,-46.875,265.625,-960.9375,164.0625
1946565,-437.5,398.4375,820.3125,-265.625,-812.5,585.9375,70.3125,-976.5625,296.875,296.875,-960.9375,-46.875,265.625,-960.9375,164.0625
1946710,-429.6875,398.4375,812.5,-265.625,-804.6875,585.9375,62.5,-960.9375,296.875,289.0625,-960.9375,-39.0625,257.8125,-953.125,156.25
1946710,-429.6875,398.4375,812.5,-265.625,-804.6875,585.9375,62.5,-960.9375,296.875,289.0625,-960.9375,-39.0625,257.8125,-953.125,156.25
1946718,-421.875,398.4375,820.3125,-257.8125,-804.6875,585.9375,54.6875,-968.75,289.0625,289.0625,-953.125,-46.875,250.0,-953.125,164.0625
1946718,-421.875,398.4375,820.3125,-257.8125,-804.6875,585.9375,54.6875,-968.75,289.0625,289.0625,-953.125,-46.875,250.0,-953.125,164.0625
1946726,-429.6875,414.0625,820.3125,-265.625,-796.875,585.9375,62.5,-968.75,304.6875,296.875,-953.125,-31.25,250.0,-960.9375,171.875
1946726,-429.6875,414.0625,820.3125,-265.625,-796.875,585.9375,62.5,-968.75,304.6875,296.875,-953.125,-31.25,250.0,-960.9375,171.875
1946726,-421.875,406.25,812.5,-265.625,-804.6875,593.75,62.5,-968.75,304.6875,304.6875,-953.125,-31.25,257.8125,-953.125,164.0625
1946726,-421.875,406.25,812.5,-265.625,-804.6875,593.75,62.5,-968.75,304.6875,304.6875,-953.125,-31.25,257.8125,-953.125,164.0625
1946871,-421.875,429.6875,804.6875,-257.8125,-796.875,601.5625,70.3125,-960.9375,312.5,304.6875,-953.125,-23.4375,257.8125,-953.125,179.6875
1946871,-421.875,429.6875,804.6875,-257.8125,-796.875,601.5625,70.3125,-960.9375,312.5,304.6875,-953.125,-23.4375,257.8125,-953.125,179.6875
1946879,-421.875,414.0625,812.5,-257.8125,-796.875,601.5625,85.9375,-960.9375,328.125,296.875,-953.125,-7.8125,265.625,-953.125,179.6875
1946879,-421.875,414.0625,812.5,-257.8125,-796.875,601.5625,85.9375,-960.9375,328.125,296.875,-953.125,-7.8125,265.625,-953.125,179.6875
1946887,-429.6875,406.25,812.5,-265.625,-804.6875,601.5625,62.5,-968.75,312.5,304.6875,-960.9375,-23.4375,265.625,-960.9375,187.5
1946887,-429.6875,406.25,812.5,-265.625,-804.6875,601.5625,62.5,-968.75,312.5,304.6875,-960.9375,-23.4375,265.625,-960.9375,187.5
1946887,-421.875,390.625,812.5,-265.625,-804.6875,593.75,70.3125,-960.9375,312.5,304.6875,-968.75,-7.8125,265.625,-968.75,179.6875
1946887,-421.875,390.625,812.5,-265.625,-804.6875,593.75,70.3125,-960.9375,312.5,304.6875,-968.75,-7.8125,265.625,-968.75,179.6875
1947839,-609.375,1382.8125,148.4375,-234.375,1703.125,3992.1875,-70.3125,-3992.1875,3992.1875,703.125,-789.0625,2601.5625,773.4375,-3992.1875,3125.0
1947839,-609.375,1382.8125,148.4375,-234.375,1703.125,3992.1875,-70.3125,-3992.1875,3992.1875,703.125,-789.0625,2601.5625,773.4375,-3992.1875,3125.0
1947847,-3242.1875,-1812.5,-429.6875,-781.25,1335.9375,2789.0625,976.5625,-1320.3125,3476.5625,-1773.4375,-234.375,1023.4375,398.4375,-3679.6875,1929.6875
1947847,-3242.1875,-1812.5,-429.6875,-781.25,1335.9375,2789.0625,976.5625,-1320.3125,3476.5625,-1773.4375,-234.375,1023.4375,398.4375,-3679.6875,1929.6875
1947855,-3031.25,1820.3125,289.0625,-1625.0,328.125,1734.375,-375.0,-1304.6875,3710.9375,-976.5625,-562.5,906.25,429.6875,-1937.5,1679.6875
1947855,-3031.25,1820.3125,289.0625,-1625.0,328.125,1734.375,-375.0,-1304.6875,3710.9375,-976.5625,-562.5,906.25,429.6875,-1937.5,1679.6875
1947855,-203.125,3992.1875,-367.1875,-835.9375,-445.3125,3554.6875,-218.75,-2695.3125,2531.25,773.4375,625.0,3031.25,773.4375,-734.375,1671.875
1947855,-203.125,3992.1875,-367.1875,-835.9375,-445.3125,3554.6875,-218.75,-2695.3125,2531.25,773.4375,625.0,3031.25,773.4375,-734.375,1671.875
1947920,-679.6875,765.625,578.125,-429.6875,-648.4375,804.6875,140.625,-1320.3125,468.75,664.0625,-1554.6875,39.0625,695.3125,-960.9375,-15.625
1947920,-679.6875,765.625,578.125,-429.6875,-648.4375,804.6875,140.625,-1320.3125,468.75,664.0625,-1554.6875,39.0625,695.3125,-960.9375,-15.625
1947927,-640.625,773.4375,664.0625,-421.875,-882.8125,804.6875,250.0,-1007.8125,359.375,601.5625,-1343.75,-54.6875,710.9375,-945.3125,-132.8125
1947927,-640.625,773.4375,664.0625,-421.875,-882.8125,804.6875,250.0,-1007.8125,359.375,601.5625,-1343.75,-54.6875,710.9375,-945.3125,-132.8125
1947936,-726.5625,679.6875,742.1875,-390.625,-929.6875,789.0625,101.5625,-867.1875,179.6875,585.9375,-1101.5625,-85.9375,773.4375,-890.625,-171.875
1947936,-726.5625,679.6875,742.1875,-390.625,-929.6875,789.0625,101.5625,-867.1875,179.6875,585.9375,-1101.5625,-85.9375,773.4375,-890.625,-171.875
1947936,-828.125,531.25,750.0,-398.4375,-914.0625,734.375,46.875,-867.1875,-15.625,554.6875,-796.875,-85.9375,781.25,-804.6875,-265.625
1947936,-828.125,531.25,750.0,-398.4375,-914.0625,734.375,46.875,-867.1875,-15.625,554.6875,-796.875,-85.9375,781.25,-804.6875,-265.625
1948081,-703.125,-851.5625,445.3125,-515.625,-1015.625,-421.875,-156.25,-843.75,-812.5,70.3125,-789.0625,-812.5,265.625,-539.0625,-890.625
1948081,-703.125,-851.5625,445.3125,-515.625,-1015.625,-421.875,-156.25,-843.75,-812.5,70.3125,-789.0625,-812.5,265.625,-539.0625,-890.625
1948089,-703.125,-812.5,398.4375,-515.625,-976.5625,-445.3125,-164.0625,-796.875,-828.125,46.875,-757.8125,-859.375,265.625,-492.1875,-898.4375
1948089,-703.125,-812.5,398.4375,-515.625,-976.5625,-445.3125,-164.0625,-796.875,-828.125,46.875,-757.8125,-859.375,265.625,-492.1875,-898.4375
1948097,-742.1875,-773.4375,367.1875,-523.4375,-921.875,-484.375,-171.875,-750.0,-867.1875,15.625,-710.9375,-875.0,257.8125,-445.3125,-914.0625
1948097,-742.1875,-773.4375,367.1875,-523.4375,-921.875,-484.375,-171.875,-750.0,-867.1875,15.625,-710.9375,-875.0,257.8125,-445.3125,-914.0625
1948097,-726.5625,-765.625,335.9375,-539.0625,-875.0,-531.25,-187.5,-703.125,-914.0625,-15.625,-656.25,-898.4375,218.75,-414.0625,-968.75
1948097,-726.5625,-765.625,335.9375,-539.0625,-875.0,-531.25,-187.5,-703.125,-914.0625,-15.625,-656.25,-898.4375,218.75,-414.0625,-968.75
1948259,-937.5,-429.6875,54.6875,-867.1875,-507.8125,-343.75,-640.625,-539.0625,-656.25,-445.3125,-742.1875,-617.1875,-187.5,-632.8125,-835.9375
1948259,-937.5,-429.6875,54.6875,-867.1875,-507.8125,-343.75,-640.625,-539.0625,-656.25,-445.3125,-742.1875,-617.1875,-187.5,-632.8125,-835.9375
1948259,-937.5,-421.875,54.6875,-882.8125,-523.4375,-320.3125,-656.25,-562.5,-632.8125,-437.5,-773.4375,-585.9375,-179.6875,-656.25,-804.6875
1948259,-937.5,-421.875,54.6875,-882.8125,-523.4375,-320.3125,-656.25,-562.5,-632.8125,-437.5,-773.4375,-585.9375,-179.6875,-656.25,-804.6875
1948267,-937.5,-421.875,54.6875,-882.8125,-531.25,-281.25,-656.25,-585.9375,-601.5625,-429.6875,-796.875,-539.0625,-179.6875,-695.3125,-757.8125
1948267,-937.5,-421.875,54.6875,-882.8125,-531.25,-281.25,-656.25,-585.9375,-601.5625,-429.6875,-796.875,-539.0625,-179.6875,-695.3125,-757.8125
1948267,-960.9375,-406.25,54.6875,-890.625,-523.4375,-257.8125,-664.0625,-601.5625,-562.5,-429.6875,-820.3125,-523.4375,-164.0625,-726.5625,-703.125
1948267,-960.9375,-406.25,54.6875,-890.625,-523.4375,-257.8125,-664.0625,-601.5625,-562.5,-429.6875,-820.3125,-523.4375,-164.0625,-726.5625,-703.125
1948412,-984.375,-125.0,85.9375,-875.0,-484.375,7.8125,-640.625,-695.3125,-320.3125,-320.3125,-898.4375,-312.5,-70.3125,-828.125,-523.4375
1948412,-984.375,-125.0,85.9375,-875.0,-484.375,7.8125,-640.625,-695.3125,-320.3125,-320.3125,-898.4375,-312.5,-70.3125,-828.125,-523.4375
1948420,-992.1875,-132.8125,93.75,-890.625,-476.5625,-15.625,-648.4375,-679.6875,-328.125,-328.125,-882.8125,-304.6875,-62.5,-828.125,-507.8125
1948420,-992.1875,-132.8125,93.75,-890.625,-476.5625,-15.625,-648.4375,-679.6875,-328.125,-328.125,-882.8125,-304.6875,-62.5,-828.125,-507.8125
1948420,-976.5625,-164.0625,85.9375,-882.8125,-476.5625,-23.4375,-640.625,-679.6875,-320.3125,-320.3125,-882.8125,-289.0625,-78.125,-835.9375,-492.1875
1948420,-976.5625,-164.0625,85.9375,-882.8125,-476.5625,-23.4375,-640.625,-679.6875,-320.3125,-320.3125,-882.8125,-289.0625,-78.125,-835.9375,-492.1875
1948428,-984.375,-171.875,93.75,-882.8125,-484.375,-15.625,-648.4375,-679.6875,-328.125,-320.3125,-890.625,-281.25,-70.3125,-835.9375,-476.5625
1948428,-984.375,-171.875,93.75,-882.8125,-484.375,-15.625,-648.4375,-679.6875,-328.125,-320.3125,-890.625,-281.25,-70.3125,-835.9375,-476.5625
1948573,-1007.8125,-140.625,101.5625,-906.25,-507.8125,62.5,-656.25,-750.0,-265.625,-304.6875,-953.125,-250.0,-62.5,-929.6875,-429.6875
1948573,-1007.8125,-140.625,101.5625,-906.25,-507.8125,62.5,-656.25,-750.0,-265.625,-304.6875,-953.125,-250.0,-62.5,-929.6875,-429.6875
1948581,-1000.0,-148.4375,93.75,-906.25,-507.8125,62.5,-664.0625,-742.1875,-273.4375,-289.0625,-976.5625,-234.375,-46.875,-921.875,-421.875
1948581,-1000.0,-148.4375,93.75,-906.25,-507.8125,62.5,-664.0625,-742.1875,-273.4375,-289.0625,-976.5625,-234.375,-46.875,-921.875,-421.875
1948581,-1007.8125,-156.25,109.375,-914.0625,-523.4375,54.6875,-664.0625,-742.1875,-273.4375,-281.25,-976.5625,-226.5625,-54.6875,-914.0625,-429.6875
1948581,-1007.8125,-156.25,109.375,-914.0625,-523.4375,54.6875,-664.0625,-742.1875,-273.4375,-281.25,-976.5625,-226.5625,-54.6875,-914.0625,-429.6875
1948589,-1015.625,-164.0625,101.5625,-914.0625,-523.4375,46.875,-679.6875,-742.1875,-281.25,-281.25,-984.375,-226.5625,-54.6875,-906.25,-445.3125
1948589,-1015.625,-164.0625,101.5625,-914.0625,-523.4375,46.875,-679.6875,-742.1875,-281.25,-281.25,-984.375,-226.5625,-54.6875,-906.25,-445.3125
1948734,-968.75,-203.125,85.9375,-898.4375,-507.8125,-46.875,-656.25,-695.3125,-351.5625,-328.125,-898.4375,-320.3125,-85.9375,-843.75,-515.625
1948734,-968.75,-203.125,85.9375,-898.4375,-507.8125,-46.875,-656.25,-695.3125,-351.5625,-328.125,-898.4375,-320.3125,-85.9375,-843.75,-515.625
1948742,-992.1875,-203.125,78.125,-890.625,-500.0,-46.875,-648.4375,-695.3125,-351.5625,-320.3125,-898.4375,-296.875,-70.3125,-843.75,-507.8125
1948742,-992.1875,-203.125,78.125,-890.625,-500.0,-46.875,-648.4375,-695.3125,-351.5625,-320.3125,-898.4375,-296.875,-70.3125,-843.75,-507.8125
1948742,-976.5625,-203.125,85.9375,-890.625,-500.0,-23.4375,-648.4375,-679.6875,-335.9375,-320.3125,-898.4375,-304.6875,-70.3125,-851.5625,-476.5625
1948742,-976.5625,-203.125,85.9375,-890.625,-500.0,-23.4375,-648.4375,-679.6875,-335.9375,-320.3125,-898.4375,-304.6875,-70.3125,-851.5625,-476.5625
1948750,-968.75,-195.3125,85.9375,-882.8125,-492.1875,-23.4375,-632.8125,-687.5,-320.3125,-312.5,-898.4375,-289.0625,-70.3125,-851.5625,-476.5625
1948750,-968.75,-195.3125,85.9375,-882.8125,-492.1875,-23.4375,-632.8125,-687.5,-320.3125,-312.5,-898.4375,-289.0625,-70.3125,-851.5625,-476.5625
1948896,-984.375,-171.875,85.9375,-890.625,-507.8125,0.0,-656.25,-710.9375,-320.3125,-312.5,-937.5,-273.4375,-54.6875,-875.0,-453.125
1948896,-984.375,-171.875,85.9375,-890.625,-507.8125,0.0,-656.25,-710.9375,-320.3125,-312.5,-937.5,-273.4375,-54.6875,-875.0,-453.125
1948903,-992.1875,-171.875,93.75,-898.4375,-500.0,23.4375,-656.25,-718.75,-304.6875,-289.0625,-929.6875,-265.625,-54.6875,-882.8125,-453.125
1948903,-992.1875,-171.875,93.75,-898.4375,-500.0,23.4375,-656.25,-718.75,-304.6875,-289.0625,-929.6875,-265.625,-54.6875,-882.8125,-453.125
1948904,-992.1875,-171.875,93.75,-898.4375,-500.0,23.4375,-664.0625,-718.75,-296.875,-296.875,-937.5,-265.625,-46.875,-890.625,-453.125
1948904,-992.1875,-171.875,93.75,-898.4375,-500.0,23.4375,-664.0625,-718.75,-296.875,-296.875,-937.5,-265.625,-46.875,-890.625,-453.125
1948912,-1000.0,-164.0625,93.75,-898.4375,-507.8125,39.0625,-656.25,-718.75,-289.0625,-289.0625,-945.3125,-257.8125,-46.875,-890.625,-453.125
1948912,-1000.0,-164.0625,93.75,-898.4375,-507.8125,39.0625,-656.25,-718.75,-289.0625,-289.0625,-945.3125,-257.8125,-46.875,-890.625,-453.125
