1927823,-231.875,39.375,-175.0
1927823,-231.875,39.375,-175.0
1927832,-236.25,48.125,-183.75
1927832,-236.25,48.125,-183.75
1927984,61.25,-43.75,-253.75
1927984,61.25,-43.75,-253.75
1927994,74.375,-65.625,-240.625
1927994,74.375,-65.625,-240.625
1928145,140.0,-21.875,-161.875
1928145,140.0,-21.875,-161.875
1928155,144.375,-13.125,-192.5
1928155,144.375,-13.125,-192.5
1928306,65.625,-35.0,-214.375
1928306,65.625,-35.0,-214.375
1928317,52.5,-70.0,-188.125
1928317,52.5,-70.0,-188.125
1928468,-4.375,21.875,-170.625
1928468,-4.375,21.875,-170.625
1928478,0.0,-4.375,-157.5
1928478,0.0,-4.375,-157.5
1928629,-157.5,17.5,-21.875
1928629,-157.5,17.5,-21.875
1928640,-188.125,35.0,4.375
1928640,-188.125,35.0,4.375
1928791,-39.375,-4.375,35.0
1928791,-39.375,-4.375,35.0
1928801,-35.0,-8.75,35.0
1928801,-35.0,-8.75,35.0
1928952,-83.125,-21.875,21.875
1928952,-83.125,-21.875,21.875
1928962,-170.625,-8.75,-21.875
1928962,-170.625,-8.75,-21.875
1929114,-4103.75,-875.0,-3408.125
1929114,-4103.75,-875.0,-3408.125
1929124,-4895.625,-424.375,-5376.875
1929124,-4895.625,-424.375,-5376.875
1929275,-4729.375,4711.875,-19683.125
1929275,-4729.375,4711.875,-19683.125
1929285,-3850.0,5346.25,-20313.125
1929285,-3850.0,5346.25,-20313.125
1929437,-3062.5,-490.0,-14708.75
1929437,-3062.5,-490.0,-14708.75
1929447,-2498.125,-1001.875,-14052.5
1929447,-2498.125,-1001.875,-14052.5
1929598,5945.625,-5118.75,-2428.125
1929598,5945.625,-5118.75,-2428.125
1929608,5941.25,-6645.625,-643.125
1929608,5941.25,-6645.625,-643.125
1929760,10040.625,-6335.0,11803.75
1929760,10040.625,-6335.0,11803.75
1929770,9209.375,-4554.375,11707.5
1929770,9209.375,-4554.375,11707.5
1929921,-14691.25,1837.5,-11173.75
1929921,-14691.25,1837.5,-11173.75
1929931,-11821.25,691.25,-13593.125
1929931,-11821.25,691.25,-13593.125
1930083,-13492.5,-2034.375,-8977.5
1930083,-13492.5,-2034.375,-8977.5
1930093,-13921.25,-2585.625,-8067.5
1930093,-13921.25,-2585.625,-8067.5
1930244,-3447.5,-713.125,-2012.5
1930244,-3447.5,-713.125,-2012.5
1930254,-2992.5,-516.25,-1596.875
1930254,-2992.5,-516.25,-1596.875
1930345,-109.375,205.625,161.875
1930345,-109.375,205.625,161.875
1930355,13.125,262.5,341.25
1930355,13.125,262.5,341.25
1930507,21.875,420.0,140.0
1930507,21.875,420.0,140.0
1930517,4.375,411.25,214.375
1930517,4.375,411.25,214.375
1930668,-21.875,-140.0,210.0
1930668,-21.875,-140.0,210.0
1930678,17.5,-188.125,262.5
1930678,17.5,-188.125,262.5
1930830,-43.75,-65.625,-113.75
1930830,-43.75,-65.625,-113.75
1930840,74.375,-78.75,-56.875
1930840,74.375,-78.75,-56.875
1930991,953.75,153.125,498.75
1930991,953.75,153.125,498.75
1931001,896.875,179.375,525.0
1931001,896.875,179.375,525.0
