780366,1124.375,590.625,-196.875
780366,1124.375,590.625,-196.875
780377,717.5,166.25,153.125
780377,717.5,166.25,153.125
780387,516.25,-166.25,673.75
780387,516.25,-166.25,673.75
780398,402.5,-586.25,704.375
780398,402.5,-586.25,704.375
780408,323.75,-870.625,21.875
780408,323.75,-870.625,21.875
780418,975.625,4.375,-175.0
780418,975.625,4.375,-175.0
780428,1365.0,700.0,-223.125
780428,1365.0,700.0,-223.125
780438,673.75,-109.375,-323.75
780438,673.75,-109.375,-323.75
780449,433.125,-573.125,65.625
780449,433.125,-573.125,65.625
780459,507.5,-301.875,262.5
780459,507.5,-301.875,262.5
780470,595.0,43.75,293.125
780470,595.0,43.75,293.125
780480,665.0,700.0,100.625
780480,665.0,700.0,100.625
780490,-280.0,376.25,-678.125
780490,-280.0,376.25,-678.125
780499,-1785.0,148.75,-2100.0
780499,-1785.0,148.75,-2100.0
780511,-3241.875,1321.25,-3552.5
780511,-3241.875,1321.25,-3552.5
780521,-3486.875,993.125,-5166.875
780521,-3486.875,993.125,-5166.875
780531,-3731.875,1093.75,-5175.625
780531,-3731.875,1093.75,-5175.625
780542,-3451.875,1732.5,-4978.75
780542,-3451.875,1732.5,-4978.75
780553,-3263.75,2524.375,-4401.25
780553,-3263.75,2524.375,-4401.25
780562,-3797.5,2353.75,-4882.5
780562,-3797.5,2353.75,-4882.5
780573,-4357.5,1701.875,-6260.625
780573,-4357.5,1701.875,-6260.625
780583,-4287.5,2616.25,-5219.375
780583,-4287.5,2616.25,-5219.375
780593,-3885.0,3088.75,-2266.25
780593,-3885.0,3088.75,-2266.25
780604,-5236.875,3272.5,-2975.0
780604,-5236.875,3272.5,-2975.0
780614,-9200.625,3889.375,-3346.875
780614,-9200.625,3889.375,-3346.875
780624,-13256.25,3657.5,-3570.0
780624,-13256.25,3657.5,-3570.0
780633,-12775.0,3272.5,-4970.0
780633,-12775.0,3272.5,-4970.0
780645,-14901.25,3456.25,-4703.125
780645,-14901.25,3456.25,-4703.125
780655,-17556.875,770.0,-3215.625
780655,-17556.875,770.0,-3215.625
780665,-18366.25,2782.5,-5433.75
780665,-18366.25,2782.5,-5433.75
780676,-22124.375,5101.25,-7201.25
780676,-22124.375,5101.25,-7201.25
780686,-31224.375,5652.5,-6448.75
780686,-31224.375,5652.5,-6448.75
780696,-38583.125,5831.875,-9126.25
780696,-38583.125,5831.875,-9126.25
780707,-51025.625,-1321.25,-11873.75
780707,-51025.625,-1321.25,-11873.75
780717,-63385.0,1968.75,-11270.0
780717,-63385.0,1968.75,-11270.0
780727,-63406.875,10478.125,-29999.375
780727,-63406.875,10478.125,-29999.375
780738,-56087.5,25003.125,-52329.375
780738,-56087.5,25003.125,-52329.375
780748,-54070.625,68162.5,-54026.875
780748,-54070.625,68162.5,-54026.875
780758,-53970.0,96460.0,-52014.375
780758,-53970.0,96460.0,-52014.375
780769,-60900.0,104523.125,-52495.625
780769,-60900.0,104523.125,-52495.625
780779,-72891.875,107108.75,-62085.625
780779,-72891.875,107108.75,-62085.625
780789,-107323.125,104790.0,-57456.875
780789,-107323.125,104790.0,-57456.875
780800,-143360.0,93121.875,-21910.0
780800,-143360.0,93121.875,-21910.0
780810,-128909.375,91848.75,-48177.5
780810,-128909.375,91848.75,-48177.5
780821,-108688.125,134430.625,-62103.125
780821,-108688.125,134430.625,-62103.125
780831,-114428.125,-143360.0,-58511.25
780831,-114428.125,-143360.0,-58511.25
780841,-137913.125,142909.375,-65922.5
780841,-137913.125,142909.375,-65922.5
780851,-143360.0,143058.125,-72301.25
780851,-143360.0,143058.125,-72301.25
780861,-143211.25,-143360.0,-70665.0
780861,-143211.25,-143360.0,-70665.0
780872,-143189.375,-143360.0,-68722.5
780872,-143189.375,-143360.0,-68722.5
780882,-143360.0,143351.25,-63048.125
780882,-143360.0,143351.25,-63048.125
780893,-143360.0,-143360.0,-45294.375
780893,-143360.0,-143360.0,-45294.375
780903,-143355.625,142550.625,-18725.0
780903,-143355.625,142550.625,-18725.0
780913,-143360.0,123300.625,16830.625
780913,-143360.0,123300.625,16830.625
780923,-143360.0,85649.375,72638.125
780923,-143360.0,85649.375,72638.125
780934,-143360.0,62225.625,131131.875
780934,-143360.0,62225.625,131131.875
780944,-143360.0,57684.375,-143360.0
780944,-143360.0,57684.375,-143360.0
780954,-143360.0,47543.125,143211.25
780954,-143360.0,47543.125,143211.25
780964,-143360.0,46668.125,143005.625
780964,-143360.0,46668.125,143005.625
780975,-143360.0,69776.875,-143360.0
780975,-143360.0,69776.875,-143360.0
780985,-143360.0,68486.25,-143360.0
780985,-143360.0,68486.25,-143360.0
780996,-143360.0,61626.25,143351.25
780996,-143360.0,61626.25,143351.25
781006,-143360.0,61490.625,-143360.0
781006,-143360.0,61490.625,-143360.0
781015,-143360.0,48107.5,-143360.0
781015,-143360.0,48107.5,-143360.0
781027,-143360.0,14931.875,-143360.0
781027,-143360.0,14931.875,-143360.0
781037,-143360.0,15780.625,131578.125
781037,-143360.0,15780.625,131578.125
781047,-112113.75,81690.0,34260.625
781047,-112113.75,81690.0,34260.625
781058,-17530.625,69470.625,-8701.875
781058,-17530.625,69470.625,-8701.875
781068,-69925.625,18611.25,28608.125
781068,-69925.625,18611.25,28608.125
781078,-90947.5,25668.125,-328.125
781078,-90947.5,25668.125,-328.125
781089,-67716.25,24845.625,-6151.25
781089,-67716.25,24845.625,-6151.25
781099,-58555.0,10596.25,-10325.0
781099,-58555.0,10596.25,-10325.0
781109,-44800.0,10823.75,-14673.75
781109,-44800.0,10823.75,-14673.75
781119,-43277.5,10399.375,-16270.625
781119,-43277.5,10399.375,-16270.625
781130,-47433.75,7630.0,-21280.0
781130,-47433.75,7630.0,-21280.0
781140,-50050.0,-5333.125,-22395.625
781140,-50050.0,-5333.125,-22395.625
781150,-49039.375,-18847.5,-24355.625
781150,-49039.375,-18847.5,-24355.625
781161,-41951.875,-19403.125,-25799.375
781161,-41951.875,-19403.125,-25799.375
781171,-21262.5,-9677.5,-22780.625
781171,-21262.5,-9677.5,-22780.625
781181,-398.125,-1920.625,-17351.25
781181,-398.125,-1920.625,-17351.25
781191,17578.75,2760.625,-8185.625
781191,17578.75,2760.625,-8185.625
781202,25423.125,6330.625,1824.375
781202,25423.125,6330.625,1824.375
781213,34645.625,8430.625,8483.125
781213,34645.625,8430.625,8483.125
781223,44808.75,7726.25,12534.375
781223,44808.75,7726.25,12534.375
781233,47683.125,4143.125,12429.375
781233,47683.125,4143.125,12429.375
781243,49301.875,638.75,10832.5
781243,49301.875,638.75,10832.5
781254,45745.0,-2559.375,8172.5
781254,45745.0,-2559.375,8172.5
781264,37751.875,-4637.5,5263.125
781264,37751.875,-4637.5,5263.125
781274,30323.125,-5464.375,4830.0
781274,30323.125,-5464.375,4830.0
781285,23576.875,-4274.375,5048.75
781285,23576.875,-4274.375,5048.75
781295,17482.5,-3758.125,4628.75
781295,17482.5,-3758.125,4628.75
781305,11891.25,-4974.375,3451.875
781305,11891.25,-4974.375,3451.875
781315,6838.125,-5560.625,1268.75
781315,6838.125,-5560.625,1268.75
781326,1846.25,-6868.75,-1671.25
781326,1846.25,-6868.75,-1671.25
781336,-2078.125,-8400.0,-4410.0
781336,-2078.125,-8400.0,-4410.0
781346,-3535.0,-9288.125,-6803.125
781346,-3535.0,-9288.125,-6803.125
781357,-2830.625,-9813.125,-8846.25
781357,-2830.625,-9813.125,-8846.25
781367,-739.375,-9056.25,-10220.0
781367,-739.375,-9056.25,-10220.0
781377,949.375,-7700.0,-10451.875
781377,949.375,-7700.0,-10451.875
781388,345.625,-5005.0,-9865.625
781388,345.625,-5005.0,-9865.625
781398,-1067.5,-612.5,-8540.0
781398,-1067.5,-612.5,-8540.0
781408,-2611.875,3670.625,-6763.75
781408,-2611.875,3670.625,-6763.75
781418,-4370.625,7271.25,-4003.125
781418,-4370.625,7271.25,-4003.125
781429,-4200.0,10381.875,-1085.0
781429,-4200.0,10381.875,-1085.0
781439,-2856.875,12753.125,135.625
781439,-2856.875,12753.125,135.625
781450,-2686.25,13724.375,529.375
781450,-2686.25,13724.375,529.375
781460,354.375,15658.125,1872.5
781460,354.375,15658.125,1872.5
781470,5460.0,18707.5,3946.25
781470,5460.0,18707.5,3946.25
781481,9651.25,20496.875,6470.625
781481,9651.25,20496.875,6470.625
781491,11458.125,20440.0,7008.75
781491,11458.125,20440.0,7008.75
781501,9883.125,18497.5,6050.625
781501,9883.125,18497.5,6050.625
781512,7236.25,17596.25,5394.375
781512,7236.25,17596.25,5394.375
781522,5779.375,18515.0,5013.75
781522,5779.375,18515.0,5013.75
781532,6671.875,20011.25,4961.25
781532,6671.875,20011.25,4961.25
781542,8295.0,21358.75,3823.75
781542,8295.0,21358.75,3823.75
781553,7415.625,20571.25,1946.875
781553,7415.625,20571.25,1946.875
781563,4296.25,17723.125,253.75
781563,4296.25,17723.125,253.75
781573,573.125,15649.375,-971.25
781573,573.125,15649.375,-971.25
781584,-1491.875,15570.625,-1299.375
781584,-1491.875,15570.625,-1299.375
781594,-2078.125,15286.25,-1089.375
781594,-2078.125,15286.25,-1089.375
781605,-1338.75,14538.125,-2275.0
781605,-1338.75,14538.125,-2275.0
781615,-551.25,13059.375,-4571.875
781615,-551.25,13059.375,-4571.875
781624,-691.25,11383.75,-7131.25
781624,-691.25,11383.75,-7131.25
781635,-1890.0,11633.125,-9349.375
781635,-1890.0,11633.125,-9349.375
781646,-2555.0,12390.0,-10075.625
781646,-2555.0,12390.0,-10075.625
781656,-2896.25,13002.5,-9712.5
781656,-2896.25,13002.5,-9712.5
781666,-3408.125,12635.0,-8273.125
781666,-3408.125,12635.0,-8273.125
781677,-3596.25,11711.875,-6103.125
781677,-3596.25,11711.875,-6103.125
781687,-3762.5,10893.75,-4366.25
781687,-3762.5,10893.75,-4366.25
781697,-4204.375,10355.625,-2983.75
781697,-4204.375,10355.625,-2983.75
781707,-5840.625,9686.25,-870.625
781707,-5840.625,9686.25,-870.625
781718,-7896.875,8981.875,2436.875
781718,-7896.875,8981.875,2436.875
781728,-8264.375,10005.625,5516.875
781728,-8264.375,10005.625,5516.875
781738,-6413.75,11563.125,8321.25
781738,-6413.75,11563.125,8321.25
781749,-4458.125,13024.375,10653.125
781749,-4458.125,13024.375,10653.125
781760,-2463.125,14131.25,13041.875
781760,-2463.125,14131.25,13041.875
781769,-660.625,14214.375,14787.5
781769,-660.625,14214.375,14787.5
781780,-441.875,13370.0,16226.875
781780,-441.875,13370.0,16226.875
781791,-726.25,12376.875,17320.625
781791,-726.25,12376.875,17320.625
781801,-240.625,11239.375,18147.5
781801,-240.625,11239.375,18147.5
781811,599.375,10438.75,18703.125
781811,599.375,10438.75,18703.125
781821,1719.375,9603.125,19114.375
781821,1719.375,9603.125,19114.375
781832,2795.625,10005.625,19140.625
781832,2795.625,10005.625,19140.625
781842,4475.625,10259.375,19420.625
781842,4475.625,10259.375,19420.625
781852,7341.25,9550.625,19556.25
781852,7341.25,9550.625,19556.25
781862,9918.125,8828.75,19188.75
781862,9918.125,8828.75,19188.75
781873,11361.875,7665.0,18641.875
781873,11361.875,7665.0,18641.875
781883,13676.25,7603.75,17543.75
781883,13676.25,7603.75,17543.75
781893,16279.375,8268.75,16590.0
781893,16279.375,8268.75,16590.0
781904,17154.375,7721.875,15684.375
781904,17154.375,7721.875,15684.375
781914,16248.75,5792.5,14157.5
781914,16248.75,5792.5,14157.5
781924,13571.25,3793.125,12131.875
781924,13571.25,3793.125,12131.875
781935,10158.75,2200.625,10329.375
781935,10158.75,2200.625,10329.375
781945,7336.875,1216.25,9038.75
781945,7336.875,1216.25,9038.75
781956,6203.75,1041.25,7818.125
781956,6203.75,1041.25,7818.125
781966,6453.125,1439.375,6741.875
781966,6453.125,1439.375,6741.875
781976,6658.75,1736.875,6059.375
781976,6658.75,1736.875,6059.375
781986,6960.625,861.875,5788.125
781986,6960.625,861.875,5788.125
781996,6413.75,56.875,5302.5
781996,6413.75,56.875,5302.5
782007,4370.625,13.125,5215.0
782007,4370.625,13.125,5215.0
782017,2423.75,113.75,5433.75
782017,2423.75,113.75,5433.75
782028,1133.125,-437.5,5460.0
782028,1133.125,-437.5,5460.0
782038,1150.625,-459.375,4961.25
782038,1150.625,-459.375,4961.25
782048,2108.75,-358.75,4182.5
782048,2108.75,-358.75,4182.5
782058,3206.875,-350.0,3561.25
782058,3206.875,-350.0,3561.25
782069,3718.75,315.0,3119.375
782069,3718.75,315.0,3119.375
782079,3666.25,660.625,3241.875
782079,3666.25,660.625,3241.875
782089,3495.625,783.125,3508.75
782089,3495.625,783.125,3508.75
782100,1876.875,831.25,4007.5
782100,1876.875,831.25,4007.5
782110,520.625,756.875,5153.75
782110,520.625,756.875,5153.75
782120,-490.0,980.0,6190.625
782120,-490.0,980.0,6190.625
782131,-1155.0,1426.25,6601.875
782131,-1155.0,1426.25,6601.875
782141,-770.0,2288.125,7240.625
782141,-770.0,2288.125,7240.625
782151,-4.375,3163.125,7984.375
782151,-4.375,3163.125,7984.375
782162,1194.375,3430.0,8903.125
782162,1194.375,3430.0,8903.125
782172,2104.375,3241.875,9730.0
782172,2104.375,3241.875,9730.0
782182,2848.125,3014.375,10473.75
782182,2848.125,3014.375,10473.75
782192,3517.5,2953.125,10955.0
782192,3517.5,2953.125,10955.0
782203,3036.25,2725.625,11274.375
782203,3036.25,2725.625,11274.375
782213,2305.625,2043.125,11305.0
782213,2305.625,2043.125,11305.0
782224,761.25,1106.875,11130.0
782224,761.25,1106.875,11130.0
782234,-1404.375,1461.25,10447.5
782234,-1404.375,1461.25,10447.5
782244,-2384.375,2340.625,9703.75
782244,-2384.375,2340.625,9703.75
782255,-2463.125,3237.5,8496.25
782255,-2463.125,3237.5,8496.25
782265,-1863.75,4173.75,6982.5
782265,-1863.75,4173.75,6982.5
782275,-752.5,4663.75,5586.875
782275,-752.5,4663.75,5586.875
782285,-43.75,4746.875,4200.0
782285,-43.75,4746.875,4200.0
782296,-603.75,4383.75,2874.375
782296,-603.75,4383.75,2874.375
782306,-813.75,3889.375,1312.5
782306,-813.75,3889.375,1312.5
782315,-608.125,4016.25,319.375
782315,-608.125,4016.25,319.375
782327,284.375,5114.375,-17.5
782327,284.375,5114.375,-17.5
782337,910.0,5880.0,-175.0
782337,910.0,5880.0,-175.0
782347,717.5,4939.375,-533.75
782347,717.5,4939.375,-533.75
782358,498.75,3084.375,-931.875
782358,498.75,3084.375,-931.875
782368,315.0,2432.5,-1662.5
782368,315.0,2432.5,-1662.5
782378,1006.25,2541.875,-1793.75
782378,1006.25,2541.875,-1793.75
782389,2310.0,2397.5,-1653.75
782389,2310.0,2397.5,-1653.75
782399,3373.125,1426.25,-2030.0
782399,3373.125,1426.25,-2030.0
782409,2703.75,26.25,-2716.875
782409,2703.75,26.25,-2716.875
782420,1470.0,-1841.875,-2660.0
782420,1470.0,-1841.875,-2660.0
782430,1290.625,-2970.625,-2721.25
782430,1290.625,-2970.625,-2721.25
782440,1662.5,-2695.0,-3010.0
782440,1662.5,-2695.0,-3010.0
782450,2528.75,-1859.375,-3255.0
782450,2528.75,-1859.375,-3255.0
782461,2961.875,-2244.375,-3425.625
782461,2961.875,-2244.375,-3425.625
782471,1706.25,-3080.0,-3587.5
782471,1706.25,-3080.0,-3587.5
782482,-446.25,-2476.25,-3377.5
782482,-446.25,-2476.25,-3377.5
782492,-1347.5,-1981.875,-2913.75
782492,-1347.5,-1981.875,-2913.75
782502,-520.625,-1373.75,-2673.125
782502,-520.625,-1373.75,-2673.125
782511,323.75,-520.625,-2406.25
782511,323.75,-520.625,-2406.25
782522,752.5,-796.25,-2270.625
782522,752.5,-796.25,-2270.625
782533,332.5,-1522.5,-2555.0
782533,332.5,-1522.5,-2555.0
782543,-962.5,-1544.375,-2340.625
782543,-962.5,-1544.375,-2340.625
782554,-1133.125,-818.125,-1776.25
782554,-1133.125,-818.125,-1776.25
782564,-52.5,-223.125,-1321.25
782564,-52.5,-223.125,-1321.25
782574,853.125,179.375,-901.25
782574,853.125,179.375,-901.25
782585,-113.75,975.625,-455.0
782585,-113.75,975.625,-455.0
782595,-1369.375,2003.75,398.125
782595,-1369.375,2003.75,398.125
782605,-1281.875,2415.0,1505.0
782605,-1281.875,2415.0,1505.0
782616,13.125,3097.5,1986.25
782616,13.125,3097.5,1986.25
782626,1277.5,3823.75,2056.25
782626,1277.5,3823.75,2056.25
782636,1566.25,3644.375,2126.25
782636,1566.25,3644.375,2126.25
782647,555.625,2524.375,2393.125
782647,555.625,2524.375,2393.125
782657,-113.75,1793.75,2520.0
782657,-113.75,1793.75,2520.0
782667,56.875,2021.25,2839.375
782667,56.875,2021.25,2839.375
782677,1023.75,2673.125,2953.125
782677,1023.75,2673.125,2953.125
782688,2283.75,3066.875,2541.875
782688,2283.75,3066.875,2541.875
782698,3290.0,2585.625,2113.125
782698,3290.0,2585.625,2113.125
782708,3644.375,2458.75,1662.5
782708,3644.375,2458.75,1662.5
782719,3447.5,2279.375,1741.25
782719,3447.5,2279.375,1741.25
782729,3110.625,1719.375,1863.75
782729,3110.625,1719.375,1863.75
782739,2541.875,1360.625,1872.5
782739,2541.875,1360.625,1872.5
782750,2401.875,1050.0,1496.25
782750,2401.875,1050.0,1496.25
782760,2765.0,669.375,1181.25
782760,2765.0,669.375,1181.25
782770,3294.375,262.5,822.5
782770,3294.375,262.5,822.5
782781,3294.375,-148.75,678.125
782781,3294.375,-148.75,678.125
782791,3556.875,-1373.75,511.875
782791,3556.875,-1373.75,511.875
782801,2856.875,-2970.625,-30.625
782801,2856.875,-2970.625,-30.625
782812,1995.0,-3434.375,-498.75
782812,1995.0,-3434.375,-498.75
782822,2388.75,-3097.5,-420.0
782822,2388.75,-3097.5,-420.0
782832,3224.375,-2458.75,-498.75
782832,3224.375,-2458.75,-498.75
782843,3403.75,-2139.375,-538.125
782843,3403.75,-2139.375,-538.125
782853,2266.25,-1802.5,-546.875
782853,2266.25,-1802.5,-546.875
782863,1246.875,-826.875,-595.0
782863,1246.875,-826.875,-595.0
782873,953.75,-183.75,-223.125
782873,953.75,-183.75,-223.125
782884,1220.625,398.125,-17.5
782884,1220.625,398.125,-17.5
782894,2051.875,988.75,-122.5
782894,2051.875,988.75,-122.5
782904,2187.5,1334.375,-275.625
782904,2187.5,1334.375,-275.625
782915,1194.375,1439.375,-201.25
782915,1194.375,1439.375,-201.25
782925,148.75,1491.875,-13.125
782925,148.75,1491.875,-13.125
782934,-179.375,1579.375,271.25
782934,-179.375,1579.375,271.25
782946,-551.25,1776.25,656.25
782946,-551.25,1776.25,656.25
782956,-345.625,1907.5,1198.75
782956,-345.625,1907.5,1198.75
782967,-573.125,2371.25,1470.0
782967,-573.125,2371.25,1470.0
782976,-310.625,2655.625,1596.875
782976,-310.625,2655.625,1596.875
782987,345.625,2515.625,1653.75
782987,345.625,2515.625,1653.75
782997,581.875,2406.25,1588.125
782997,581.875,2406.25,1588.125
783008,455.0,1824.375,1443.75
783008,455.0,1824.375,1443.75
783018,175.0,1163.75,1264.375
783018,175.0,1163.75,1264.375
783028,-511.875,962.5,1491.875
783028,-511.875,962.5,1491.875
783039,-210.0,844.375,1505.0
783039,-210.0,844.375,1505.0
783049,542.5,975.625,1373.75
783049,542.5,975.625,1373.75
783059,1347.5,905.625,1373.75
783059,1347.5,905.625,1373.75
783070,2126.25,835.625,1015.0
783070,2126.25,835.625,1015.0
783080,2244.375,603.75,472.5
783080,2244.375,603.75,472.5
783090,2401.875,966.875,118.125
783090,2401.875,966.875,118.125
783100,1500.625,1334.375,144.375
783100,1500.625,1334.375,144.375
783111,1260.0,1220.625,210.0
783111,1260.0,1220.625,210.0
783121,1141.875,647.5,205.625
783121,1141.875,647.5,205.625
783131,669.375,-70.0,319.375
783131,669.375,-70.0,319.375
783142,691.25,-39.375,179.375
783142,691.25,-39.375,179.375
783152,630.0,-288.75,205.625
783152,630.0,-288.75,205.625
783163,910.0,-485.625,546.875
783163,910.0,-485.625,546.875
783173,1273.125,-319.375,704.375
783173,1273.125,-319.375,704.375
783183,1045.625,-218.75,581.875
783183,1045.625,-218.75,581.875
783193,673.75,-367.5,96.25
783193,673.75,-367.5,96.25
783204,555.625,-323.75,-262.5
783204,555.625,-323.75,-262.5
783214,332.5,4.375,-236.25
783214,332.5,4.375,-236.25
783224,231.875,490.0,-258.125
783224,231.875,490.0,-258.125
783235,0.0,358.75,-153.125
783235,0.0,358.75,-153.125
783245,-371.875,-306.25,236.25
783245,-371.875,-306.25,236.25
783255,-525.0,65.625,415.625
783255,-525.0,65.625,415.625
783266,-21.875,1203.125,446.25
783266,-21.875,1203.125,446.25
783276,708.75,1566.25,398.125
783276,708.75,1566.25,398.125
783286,1098.125,923.125,39.375
783286,1098.125,923.125,39.375
783297,914.375,231.875,-511.875
783297,914.375,231.875,-511.875
783307,643.125,100.625,-533.75
783307,643.125,100.625,-533.75
783318,923.125,271.25,-441.875
783318,923.125,271.25,-441.875
783327,1181.25,266.875,-450.625
783327,1181.25,266.875,-450.625
783338,1273.125,-166.25,-551.25
783338,1273.125,-166.25,-551.25
783348,1277.5,-463.75,-301.875
783348,1277.5,-463.75,-301.875
783357,1019.375,-100.625,-118.125
783357,1019.375,-100.625,-118.125
783368,1330.0,227.5,78.75
783368,1330.0,227.5,78.75
783379,2174.375,411.25,-192.5
783379,2174.375,411.25,-192.5
783389,2366.875,231.875,-564.375
783389,2366.875,231.875,-564.375
783400,2003.75,148.75,-621.25
783400,2003.75,148.75,-621.25
783410,2126.25,-223.125,-525.0
783410,2126.25,-223.125,-525.0
783420,2511.25,-581.875,-542.5
783420,2511.25,-581.875,-542.5
783431,2581.25,-546.875,-962.5
783431,2581.25,-546.875,-962.5
783441,1890.0,-923.125,-1347.5
783441,1890.0,-923.125,-1347.5
