824011,117.1875,726.5625,687.5,85.9375,-554.6875,851.5625,343.75,-851.5625,414.0625,492.1875,-867.1875,109.375,523.4375,-804.6875,250.0
824011,117.1875,726.5625,687.5,85.9375,-554.6875,851.5625,343.75,-851.5625,414.0625,492.1875,-867.1875,109.375,523.4375,-804.6875,250.0
824019,117.1875,726.5625,687.5,93.75,-554.6875,851.5625,351.5625,-859.375,421.875,492.1875,-867.1875,117.1875,523.4375,-804.6875,242.1875
824019,117.1875,726.5625,687.5,93.75,-554.6875,851.5625,351.5625,-859.375,421.875,492.1875,-867.1875,117.1875,523.4375,-804.6875,242.1875
824019,117.1875,726.5625,695.3125,93.75,-554.6875,851.5625,335.9375,-851.5625,421.875,492.1875,-859.375,117.1875,531.25,-812.5,250.0
824019,117.1875,726.5625,695.3125,93.75,-554.6875,851.5625,335.9375,-851.5625,421.875,492.1875,-859.375,117.1875,531.25,-812.5,250.0
824027,109.375,726.5625,687.5,93.75,-554.6875,843.75,343.75,-851.5625,429.6875,484.375,-867.1875,117.1875,531.25,-804.6875,250.0
824027,109.375,726.5625,687.5,93.75,-554.6875,843.75,343.75,-851.5625,429.6875,484.375,-867.1875,117.1875,531.25,-804.6875,250.0
824172,109.375,718.75,679.6875,85.9375,-554.6875,851.5625,351.5625,-851.5625,421.875,492.1875,-859.375,109.375,539.0625,-812.5,250.0
824172,109.375,718.75,679.6875,85.9375,-554.6875,851.5625,351.5625,-851.5625,421.875,492.1875,-859.375,109.375,539.0625,-812.5,250.0
824180,109.375,718.75,687.5,78.125,-562.5,851.5625,343.75,-859.375,421.875,484.375,-859.375,109.375,531.25,-804.6875,250.0
824180,109.375,718.75,687.5,78.125,-562.5,851.5625,343.75,-859.375,421.875,484.375,-859.375,109.375,531.25,-804.6875,250.0
824180,101.5625,718.75,695.3125,85.9375,-554.6875,851.5625,343.75,-859.375,421.875,484.375,-859.375,117.1875,531.25,-812.5,250.0
824180,101.5625,718.75,695.3125,85.9375,-554.6875,851.5625,343.75,-859.375,421.875,484.375,-859.375,117.1875,531.25,-812.5,250.0
824188,109.375,710.9375,695.3125,78.125,-562.5,859.375,335.9375,-859.375,414.0625,484.375,-875.0,117.1875,531.25,-812.5,250.0
824188,109.375,710.9375,695.3125,78.125,-562.5,859.375,335.9375,-859.375,414.0625,484.375,-875.0,117.1875,531.25,-812.5,250.0
824333,109.375,710.9375,679.6875,78.125,-554.6875,835.9375,343.75,-859.375,414.0625,492.1875,-867.1875,109.375,531.25,-812.5,250.0
824333,109.375,710.9375,679.6875,78.125,-554.6875,835.9375,343.75,-859.375,414.0625,492.1875,-867.1875,109.375,531.25,-812.5,250.0
824341,109.375,718.75,687.5,78.125,-562.5,851.5625,335.9375,-851.5625,414.0625,484.375,-867.1875,101.5625,531.25,-812.5,250.0
824341,109.375,718.75,687.5,78.125,-562.5,851.5625,335.9375,-851.5625,414.0625,484.375,-867.1875,101.5625,531.25,-812.5,250.0
824342,101.5625,718.75,679.6875,78.125,-554.6875,859.375,343.75,-859.375,421.875,484.375,-859.375,125.0,531.25,-812.5,250.0
824342,101.5625,718.75,679.6875,78.125,-554.6875,859.375,343.75,-859.375,421.875,484.375,-859.375,125.0,531.25,-812.5,250.0
824487,101.5625,710.9375,687.5,70.3125,-554.6875,851.5625,351.5625,-867.1875,429.6875,492.1875,-867.1875,125.0,539.0625,-812.5,250.0
824487,101.5625,710.9375,687.5,70.3125,-554.6875,851.5625,351.5625,-867.1875,429.6875,492.1875,-867.1875,125.0,539.0625,-812.5,250.0
824495,101.5625,726.5625,695.3125,85.9375,-554.6875,859.375,335.9375,-859.375,421.875,492.1875,-867.1875,117.1875,531.25,-812.5,250.0
824495,101.5625,726.5625,695.3125,85.9375,-554.6875,859.375,335.9375,-859.375,421.875,492.1875,-867.1875,117.1875,531.25,-812.5,250.0
824503,109.375,718.75,687.5,85.9375,-554.6875,851.5625,343.75,-867.1875,421.875,484.375,-867.1875,117.1875,531.25,-812.5,257.8125
824503,109.375,718.75,687.5,85.9375,-554.6875,851.5625,343.75,-867.1875,421.875,484.375,-867.1875,117.1875,531.25,-812.5,257.8125
824503,101.5625,718.75,687.5,85.9375,-554.6875,859.375,335.9375,-859.375,421.875,484.375,-875.0,117.1875,531.25,-820.3125,257.8125
824503,101.5625,718.75,687.5,85.9375,-554.6875,859.375,335.9375,-859.375,421.875,484.375,-875.0,117.1875,531.25,-820.3125,257.8125
824648,125.0,734.375,687.5,78.125,-554.6875,867.1875,359.375,-859.375,460.9375,531.25,-867.1875,164.0625,570.3125,-796.875,296.875
824648,125.0,734.375,687.5,78.125,-554.6875,867.1875,359.375,-859.375,460.9375,531.25,-867.1875,164.0625,570.3125,-796.875,296.875
824656,125.0,734.375,687.5,85.9375,-546.875,867.1875,367.1875,-859.375,445.3125,460.9375,-851.5625,125.0,546.875,-804.6875,281.25
824656,125.0,734.375,687.5,85.9375,-546.875,867.1875,367.1875,-859.375,445.3125,460.9375,-851.5625,125.0,546.875,-804.6875,281.25
824664,117.1875,734.375,687.5,78.125,-531.25,875.0,328.125,-851.5625,437.5,523.4375,-882.8125,140.625,546.875,-820.3125,289.0625
824664,117.1875,734.375,687.5,78.125,-531.25,875.0,328.125,-851.5625,437.5,523.4375,-882.8125,140.625,546.875,-820.3125,289.0625
824664,117.1875,726.5625,687.5,78.125,-531.25,867.1875,343.75,-851.5625,437.5,500.0,-867.1875,140.625,554.6875,-812.5,265.625
824664,117.1875,726.5625,687.5,78.125,-531.25,867.1875,343.75,-851.5625,437.5,500.0,-867.1875,140.625,554.6875,-812.5,265.625
824809,226.5625,867.1875,664.0625,218.75,-437.5,1039.0625,468.75,-1148.4375,578.125,656.25,-859.375,250.0,656.25,-835.9375,421.875
824809,226.5625,867.1875,664.0625,218.75,-437.5,1039.0625,468.75,-1148.4375,578.125,656.25,-859.375,250.0,656.25,-835.9375,421.875
824817,218.75,890.625,671.875,234.375,-414.0625,1023.4375,367.1875,-1007.8125,562.5,648.4375,-835.9375,281.25,648.4375,-765.625,429.6875
824817,218.75,890.625,671.875,234.375,-414.0625,1023.4375,367.1875,-1007.8125,562.5,648.4375,-835.9375,281.25,648.4375,-765.625,429.6875
824825,273.4375,906.25,617.1875,203.125,-484.375,1007.8125,460.9375,-890.625,593.75,664.0625,-898.4375,289.0625,687.5,-789.0625,437.5
824825,273.4375,906.25,617.1875,203.125,-484.375,1007.8125,460.9375,-890.625,593.75,664.0625,-898.4375,289.0625,687.5,-789.0625,437.5
824825,195.3125,859.375,726.5625,156.25,-531.25,1000.0,460.9375,-898.4375,617.1875,671.875,-890.625,281.25,671.875,-820.3125,468.75
824825,195.3125,859.375,726.5625,156.25,-531.25,1000.0,460.9375,-898.4375,617.1875,671.875,-890.625,281.25,671.875,-820.3125,468.75
824971,-101.5625,781.25,679.6875,0.0,-523.4375,859.375,148.4375,-867.1875,429.6875,375.0,-914.0625,132.8125,398.4375,-875.0,273.4375
824971,-101.5625,781.25,679.6875,0.0,-523.4375,859.375,148.4375,-867.1875,429.6875,375.0,-914.0625,132.8125,398.4375,-875.0,273.4375
824977,-93.75,750.0,671.875,-15.625,-531.25,835.9375,171.875,-867.1875,453.125,351.5625,-890.625,132.8125,390.625,-867.1875,289.0625
824977,-93.75,750.0,671.875,-15.625,-531.25,835.9375,171.875,-867.1875,453.125,351.5625,-890.625,132.8125,390.625,-867.1875,289.0625
824987,-78.125,703.125,671.875,-31.25,-546.875,812.5,148.4375,-851.5625,453.125,335.9375,-875.0,148.4375,390.625,-843.75,281.25
824987,-78.125,703.125,671.875,-31.25,-546.875,812.5,148.4375,-851.5625,453.125,335.9375,-875.0,148.4375,390.625,-843.75,281.25
824987,-132.8125,671.875,671.875,-54.6875,-539.0625,804.6875,109.375,-843.75,414.0625,335.9375,-882.8125,140.625,375.0,-843.75,273.4375
824987,-132.8125,671.875,671.875,-54.6875,-539.0625,804.6875,109.375,-843.75,414.0625,335.9375,-882.8125,140.625,375.0,-843.75,273.4375
825132,-585.9375,570.3125,523.4375,-171.875,-632.8125,796.875,-31.25,-890.625,406.25,187.5,-1054.6875,117.1875,179.6875,-1015.625,328.125
825132,-585.9375,570.3125,523.4375,-171.875,-632.8125,796.875,-31.25,-890.625,406.25,187.5,-1054.6875,117.1875,179.6875,-1015.625,328.125
825139,-585.9375,625.0,531.25,-164.0625,-632.8125,796.875,-85.9375,-789.0625,445.3125,203.125,-984.375,132.8125,187.5,-960.9375,328.125
825139,-585.9375,625.0,531.25,-164.0625,-632.8125,796.875,-85.9375,-789.0625,445.3125,203.125,-984.375,132.8125,187.5,-960.9375,328.125
825148,-578.125,664.0625,539.0625,-195.3125,-609.375,789.0625,164.0625,-914.0625,687.5,187.5,-851.5625,187.5,195.3125,-875.0,304.6875
825148,-578.125,664.0625,539.0625,-195.3125,-609.375,789.0625,164.0625,-914.0625,687.5,187.5,-851.5625,187.5,195.3125,-875.0,304.6875
825148,-562.5,695.3125,554.6875,-187.5,-593.75,812.5,23.4375,-804.6875,585.9375,164.0625,-851.5625,218.75,148.4375,-851.5625,242.1875
825148,-562.5,695.3125,554.6875,-187.5,-593.75,812.5,23.4375,-804.6875,585.9375,164.0625,-851.5625,218.75,148.4375,-851.5625,242.1875
825293,-484.375,523.4375,523.4375,-23.4375,-515.625,695.3125,7.8125,-710.9375,429.6875,93.75,-804.6875,109.375,23.4375,-687.5,203.125
825293,-484.375,523.4375,523.4375,-23.4375,-515.625,695.3125,7.8125,-710.9375,429.6875,93.75,-804.6875,109.375,23.4375,-687.5,203.125
825301,-515.625,531.25,515.625,-117.1875,-492.1875,601.5625,-54.6875,-703.125,382.8125,54.6875,-773.4375,93.75,0.0,-718.75,195.3125
825301,-515.625,531.25,515.625,-117.1875,-492.1875,601.5625,-54.6875,-703.125,382.8125,54.6875,-773.4375,93.75,0.0,-718.75,195.3125
825309,-539.0625,554.6875,515.625,-195.3125,-484.375,531.25,-117.1875,-671.875,335.9375,31.25,-765.625,78.125,-7.8125,-750.0,187.5
825309,-539.0625,554.6875,515.625,-195.3125,-484.375,531.25,-117.1875,-671.875,335.9375,31.25,-765.625,78.125,-7.8125,-750.0,187.5
825309,-539.0625,578.125,507.8125,-257.8125,-476.5625,492.1875,-164.0625,-656.25,289.0625,0.0,-742.1875,78.125,-39.0625,-757.8125,187.5
825309,-539.0625,578.125,507.8125,-257.8125,-476.5625,492.1875,-164.0625,-656.25,289.0625,0.0,-742.1875,78.125,-39.0625,-757.8125,187.5
