789425,20864.375,-5320.0,-2953.125
789425,20864.375,-5320.0,-2953.125
789436,20405.0,-5626.25,-2944.375
789436,20405.0,-5626.25,-2944.375
789446,18703.125,-6151.25,-2856.875
789446,18703.125,-6151.25,-2856.875
789456,15063.125,-6265.0,-3233.125
789456,15063.125,-6265.0,-3233.125
789467,9603.125,-6243.125,-3342.5
789467,9603.125,-6243.125,-3342.5
789477,5613.125,-5735.625,-3425.625
789477,5613.125,-5735.625,-3425.625
789487,2996.875,-4790.625,-3648.75
789487,2996.875,-4790.625,-3648.75
789497,433.125,-4191.25,-4908.75
789497,433.125,-4191.25,-4908.75
789508,-2585.625,-4659.375,-6851.25
789508,-2585.625,-4659.375,-6851.25
789517,-5293.75,-4895.625,-8487.5
789517,-5293.75,-4895.625,-8487.5
789529,-6308.75,-2664.375,-9485.0
789529,-6308.75,-2664.375,-9485.0
789539,-6055.0,787.5,-9200.625
789539,-6055.0,787.5,-9200.625
789550,-5792.5,2515.625,-7818.125
789550,-5792.5,2515.625,-7818.125
789560,-7564.375,1535.625,-6321.875
789560,-7564.375,1535.625,-6321.875
789570,-10548.125,1098.125,-4646.25
789570,-10548.125,1098.125,-4646.25
789580,-13750.625,1736.875,-2012.5
789580,-13750.625,1736.875,-2012.5
789591,-15198.75,3154.375,1277.5
789591,-15198.75,3154.375,1277.5
789601,-13641.25,5311.25,4554.375
789601,-13641.25,5311.25,4554.375
789611,-9572.5,6842.5,7004.375
789611,-9572.5,6842.5,7004.375
789621,-4480.0,6553.75,8216.25
789621,-4480.0,6553.75,8216.25
789632,-1290.625,6781.25,8981.875
789632,-1290.625,6781.25,8981.875
789642,1675.625,8531.25,9550.625
789642,1675.625,8531.25,9550.625
789652,4510.625,10631.25,10316.25
789652,4510.625,10631.25,10316.25
789663,6610.625,12989.375,11112.5
789663,6610.625,12989.375,11112.5
789673,7266.875,13842.5,11357.5
789673,7266.875,13842.5,11357.5
789684,5823.125,12779.375,11318.125
789684,5823.125,12779.375,11318.125
789694,2082.5,11243.75,10473.75
789694,2082.5,11243.75,10473.75
789704,-660.625,10727.5,9310.0
789704,-660.625,10727.5,9310.0
789714,-1470.0,10683.75,9082.5
789714,-1470.0,10683.75,9082.5
789725,-1540.0,10596.25,8426.25
789725,-1540.0,10596.25,8426.25
789735,-1190.0,10836.875,6549.375
789735,-1190.0,10836.875,6549.375
789745,-1080.625,10355.625,4668.125
789745,-1080.625,10355.625,4668.125
789756,-1627.5,8509.375,2944.375
789756,-1627.5,8509.375,2944.375
789766,-3578.75,7196.875,1369.375
789766,-3578.75,7196.875,1369.375
789776,-5193.125,6164.375,861.875
789776,-5193.125,6164.375,861.875
789786,-5530.0,6772.5,700.0
789786,-5530.0,6772.5,700.0
789797,-5385.625,8736.875,800.625
789797,-5385.625,8736.875,800.625
789807,-4165.0,10215.625,433.125
789807,-4165.0,10215.625,433.125
789817,-3036.25,10276.875,280.0
789817,-3036.25,10276.875,280.0
789828,-2778.125,10421.25,682.5
789828,-2778.125,10421.25,682.5
789838,-2327.5,11405.625,1596.875
789838,-2327.5,11405.625,1596.875
789848,-564.375,12810.0,2695.0
789848,-564.375,12810.0,2695.0
789859,1544.375,14253.75,3710.0
789859,1544.375,14253.75,3710.0
789869,2406.25,15973.125,4453.75
789869,2406.25,15973.125,4453.75
789879,2896.25,16931.25,4882.5
789879,2896.25,16931.25,4882.5
789890,2183.125,16288.125,4843.125
789890,2183.125,16288.125,4843.125
789900,669.375,15120.0,4830.0
789900,669.375,15120.0,4830.0
789910,656.25,13763.75,5429.375
789910,656.25,13763.75,5429.375
789921,2226.875,12617.5,5910.625
789921,2226.875,12617.5,5910.625
789931,3797.5,11703.125,6046.25
789931,3797.5,11703.125,6046.25
789941,4956.875,10618.125,6168.75
789941,4956.875,10618.125,6168.75
789952,5950.0,9611.875,6046.25
789952,5950.0,9611.875,6046.25
789962,6842.5,8623.125,5985.0
789962,6842.5,8623.125,5985.0
789972,7468.125,7485.625,6011.25
789972,7468.125,7485.625,6011.25
789983,7428.75,5779.375,6260.625
789983,7428.75,5779.375,6260.625
789994,6265.0,4112.5,6343.75
789994,6265.0,4112.5,6343.75
790003,4331.25,2821.875,7078.75
790003,4331.25,2821.875,7078.75
790013,4060.0,1561.875,7595.0
790013,4060.0,1561.875,7595.0
790024,4589.375,778.75,7525.0
790024,4589.375,778.75,7525.0
790034,5582.5,682.5,7017.5
790034,5582.5,682.5,7017.5
790044,6545.0,345.625,6006.875
790044,6545.0,345.625,6006.875
790055,7363.125,-581.875,5022.5
790055,7363.125,-581.875,5022.5
790065,8032.5,-1229.375,4598.125
790065,8032.5,-1229.375,4598.125
790075,8198.75,-1203.125,4541.25
790075,8198.75,-1203.125,4541.25
790086,8325.625,-345.625,4331.25
790086,8325.625,-345.625,4331.25
790096,6947.5,529.375,4353.125
790096,6947.5,529.375,4353.125
790106,5110.0,358.75,4484.375
790106,5110.0,358.75,4484.375
790117,3294.375,-468.125,4480.0
790117,3294.375,-468.125,4480.0
790127,2174.375,39.375,4116.875
790127,2174.375,39.375,4116.875
790137,1789.375,1785.0,3819.375
790137,1789.375,1785.0,3819.375
790148,3202.5,3368.75,3386.25
790148,3202.5,3368.75,3386.25
790158,4676.875,4068.75,2953.125
790158,4676.875,4068.75,2953.125
790168,4396.875,4300.625,2502.5
790168,4396.875,4300.625,2502.5
790179,4038.125,4611.25,1999.375
790179,4038.125,4611.25,1999.375
790189,3920.0,4344.375,2226.875
790189,3920.0,4344.375,2226.875
790199,3990.0,4515.0,2620.625
790199,3990.0,4515.0,2620.625
790209,4983.125,4318.125,3066.875
790209,4983.125,4318.125,3066.875
790220,5390.0,3154.375,3556.875
790220,5390.0,3154.375,3556.875
790230,5775.0,2161.25,3898.125
790230,5775.0,2161.25,3898.125
790240,5976.25,1054.375,4348.75
790240,5976.25,1054.375,4348.75
790251,7083.125,686.875,4812.5
790251,7083.125,686.875,4812.5
790261,8456.875,61.25,4733.75
790261,8456.875,61.25,4733.75
790271,8575.0,-1001.875,4195.625
790271,8575.0,-1001.875,4195.625
790282,7691.25,-1859.375,3377.5
790282,7691.25,-1859.375,3377.5
790292,7266.875,-2541.875,2861.25
790292,7266.875,-2541.875,2861.25
790303,6549.375,-2953.125,2598.75
790303,6549.375,-2953.125,2598.75
790312,5180.0,-2786.875,2205.0
790312,5180.0,-2786.875,2205.0
790322,2861.25,-2940.0,1802.5
790322,2861.25,-2940.0,1802.5
790333,538.125,-3263.75,1330.0
790333,538.125,-3263.75,1330.0
790344,-686.875,-2931.25,599.375
790344,-686.875,-2931.25,599.375
790354,-962.5,-1855.0,-13.125
790354,-962.5,-1855.0,-13.125
790364,-783.125,297.5,-616.875
790364,-783.125,297.5,-616.875
790374,358.75,2498.125,-778.75
790374,358.75,2498.125,-778.75
790385,735.0,3950.625,-1019.375
790385,735.0,3950.625,-1019.375
790395,-315.0,4252.5,-1273.125
790395,-315.0,4252.5,-1273.125
790406,-866.25,4445.0,-1666.875
790406,-866.25,4445.0,-1666.875
790416,-446.25,4536.875,-1596.875
790416,-446.25,4536.875,-1596.875
790426,910.0,4611.25,-1435.0
790426,910.0,4611.25,-1435.0
790435,1710.625,4418.75,-1553.125
790435,1710.625,4418.75,-1553.125
790447,1697.5,3250.625,-1308.125
790447,1697.5,3250.625,-1308.125
790457,1671.25,1443.75,-805.0
790457,1671.25,1443.75,-805.0
790467,1868.125,-39.375,-485.625
790467,1868.125,-39.375,-485.625
790478,1793.75,-770.0,-109.375
790478,1793.75,-770.0,-109.375
790488,1238.125,-1159.375,-52.5
790488,1238.125,-1159.375,-52.5
790499,424.375,-2572.5,-323.75
790499,424.375,-2572.5,-323.75
790509,-931.875,-3924.375,-717.5
790509,-931.875,-3924.375,-717.5
790519,-1680.0,-4641.875,-980.0
790519,-1680.0,-4641.875,-980.0
790529,-848.75,-3657.5,-1093.75
790529,-848.75,-3657.5,-1093.75
790539,48.125,-2305.625,-1128.75
790539,48.125,-2305.625,-1128.75
790550,113.75,-1911.875,-1505.0
790550,113.75,-1911.875,-1505.0
790560,-669.375,-2248.75,-2038.75
790560,-669.375,-2248.75,-2038.75
790571,-1960.0,-2476.25,-2065.0
790571,-1960.0,-2476.25,-2065.0
790581,-1894.375,-1640.625,-1719.375
790581,-1894.375,-1640.625,-1719.375
790591,-958.125,-494.375,-1150.625
790591,-958.125,-494.375,-1150.625
790601,-472.5,507.5,-525.0
790601,-472.5,507.5,-525.0
790612,-905.625,1216.25,48.125
790612,-905.625,1216.25,48.125
790622,-402.5,1793.75,945.0
790622,-402.5,1793.75,945.0
790633,363.125,2327.5,1946.875
790633,363.125,2327.5,1946.875
790643,1045.625,3171.875,2988.125
790643,1045.625,3171.875,2988.125
790654,1312.5,3570.0,3189.375
790654,1312.5,3570.0,3189.375
790663,140.0,3539.375,3045.0
790663,140.0,3539.375,3045.0
790674,-1128.75,3014.375,3110.625
790674,-1128.75,3014.375,3110.625
790684,-1557.5,2165.625,3023.125
790684,-1557.5,2165.625,3023.125
790695,-1181.25,1876.875,2961.875
790695,-1181.25,1876.875,2961.875
790705,-275.625,2340.625,2769.375
790705,-275.625,2340.625,2769.375
790715,415.625,2756.25,2463.125
790715,415.625,2756.25,2463.125
790725,420.0,2751.875,2415.0
790725,420.0,2751.875,2415.0
790736,74.375,2397.5,2511.25
790736,74.375,2397.5,2511.25
790746,-8.75,2113.125,2380.0
790746,-8.75,2113.125,2380.0
790756,52.5,1693.125,1933.75
790756,52.5,1693.125,1933.75
790767,459.375,953.75,1522.5
790767,459.375,953.75,1522.5
790777,713.125,201.25,1238.125
790777,713.125,201.25,1238.125
790787,888.125,-463.75,1124.375
790787,888.125,-463.75,1124.375
790798,245.0,-455.0,914.375
790798,245.0,-455.0,914.375
790809,-210.0,-183.75,831.25
790809,-210.0,-183.75,831.25
790818,481.25,-109.375,621.25
790818,481.25,-109.375,621.25
790828,949.375,428.75,651.875
790828,949.375,428.75,651.875
790838,721.875,1605.625,783.125
790838,721.875,1605.625,783.125
790850,770.0,1553.125,761.25
790850,770.0,1553.125,761.25
790860,813.75,997.5,293.125
790860,813.75,997.5,293.125
790870,1163.75,853.125,-306.25
790870,1163.75,853.125,-306.25
790880,2353.75,1260.0,-525.0
790880,2353.75,1260.0,-525.0
790891,2957.5,1299.375,-730.625
790891,2957.5,1299.375,-730.625
790901,1758.75,765.625,-949.375
790901,1758.75,765.625,-949.375
790911,647.5,-109.375,-918.75
790911,647.5,-109.375,-918.75
790922,367.5,-651.875,-1015.0
790922,367.5,-651.875,-1015.0
790932,599.375,-476.875,-1426.25
790932,599.375,-476.875,-1426.25
790942,1251.25,157.5,-1798.125
790942,1251.25,157.5,-1798.125
790952,1833.125,135.625,-1719.375
790952,1833.125,135.625,-1719.375
790963,1837.5,-910.0,-1299.375
790963,1837.5,-910.0,-1299.375
790973,1054.375,-1316.875,-896.875
790973,1054.375,-1316.875,-896.875
790983,1001.875,-669.375,-420.0
790983,1001.875,-669.375,-420.0
790994,2187.5,341.25,214.375
790994,2187.5,341.25,214.375
791004,3399.375,1045.625,560.0
791004,3399.375,1045.625,560.0
791014,3622.5,936.25,323.75
791014,3622.5,936.25,323.75
791025,2769.375,153.125,-153.125
791025,2769.375,153.125,-153.125
791035,1242.5,-323.75,-608.125
791035,1242.5,-323.75,-608.125
791046,866.25,-424.375,-835.625
791046,866.25,-424.375,-835.625
791056,1360.625,-507.5,-857.5
791056,1360.625,-507.5,-857.5
791066,1456.875,-153.125,-730.625
791066,1456.875,-153.125,-730.625
791076,1474.375,481.25,-905.625
791076,1474.375,481.25,-905.625
791087,1295.0,1570.625,-1028.125
791087,1295.0,1570.625,-1028.125
791097,1369.375,2270.625,-682.5
791097,1369.375,2270.625,-682.5
791107,1513.75,2410.625,-735.0
791107,1513.75,2410.625,-735.0
791118,1378.125,2375.625,-1246.875
791118,1378.125,2375.625,-1246.875
791128,953.75,1443.75,-1588.125
791128,953.75,1443.75,-1588.125
791137,853.125,595.0,-1894.375
791137,853.125,595.0,-1894.375
791148,988.75,236.25,-1758.75
791148,988.75,236.25,-1758.75
791159,1417.5,96.25,-1216.25
791159,1417.5,96.25,-1216.25
791169,1137.5,227.5,-665.0
791169,1137.5,227.5,-665.0
791179,161.875,-126.875,-376.25
791179,161.875,-126.875,-376.25
791190,-393.75,-875.0,-542.5
791190,-393.75,-875.0,-542.5
791200,-625.625,-1526.875,-673.75
791200,-625.625,-1526.875,-673.75
791210,-848.75,-1255.625,-638.75
791210,-848.75,-1255.625,-638.75
791221,-135.625,-1238.125,-455.0
791221,-135.625,-1238.125,-455.0
791231,568.75,-1465.625,-420.0
791231,568.75,-1465.625,-420.0
791241,931.875,-1456.875,-345.625
791241,931.875,-1456.875,-345.625
791252,980.0,-1316.875,35.0
791252,980.0,-1316.875,35.0
791262,717.5,-1058.75,673.75
791262,717.5,-1058.75,673.75
791272,713.125,-966.875,1273.125
791272,713.125,-966.875,1273.125
791283,791.875,-678.125,1216.25
791283,791.875,-678.125,1216.25
791293,638.75,-730.625,402.5
791293,638.75,-730.625,402.5
791303,1395.625,-1058.75,-83.125
791303,1395.625,-1058.75,-83.125
791314,1841.875,-1080.625,-328.125
791314,1841.875,-1080.625,-328.125
791324,1684.375,-888.125,-490.0
791324,1684.375,-888.125,-490.0
791334,656.25,-704.375,-170.625
791334,656.25,-704.375,-170.625
791345,236.25,-555.625,258.125
791345,236.25,-555.625,258.125
791355,-4.375,-1194.375,240.625
791355,-4.375,-1194.375,240.625
791365,-131.25,-1430.625,-56.875
791365,-131.25,-1430.625,-56.875
791375,131.25,-1513.75,-586.25
791375,131.25,-1513.75,-586.25
791386,630.0,-1373.75,-840.0
791386,630.0,-1373.75,-840.0
791396,713.125,-1404.375,-905.625
791396,713.125,-1404.375,-905.625
791406,494.375,-1601.25,-870.625
791406,494.375,-1601.25,-870.625
791417,-253.75,-1815.625,-826.875
791417,-253.75,-1815.625,-826.875
791427,-818.125,-1855.0,-568.75
791427,-818.125,-1855.0,-568.75
791437,-551.25,-1535.625,-398.125
791437,-551.25,-1535.625,-398.125
791448,231.875,-708.75,-441.875
791448,231.875,-708.75,-441.875
791458,997.5,-48.125,-406.875
791458,997.5,-48.125,-406.875
791467,765.625,157.5,-371.875
791467,765.625,157.5,-371.875
791479,770.0,-91.875,-122.5
791479,770.0,-91.875,-122.5
791489,411.25,-192.5,192.5
791489,411.25,-192.5,192.5
791499,323.75,-122.5,507.5
791499,323.75,-122.5,507.5
791510,393.75,-188.125,577.5
791510,393.75,-188.125,577.5
791520,415.625,-288.75,634.375
791520,415.625,-288.75,634.375
791530,-21.875,-402.5,446.25
791530,-21.875,-402.5,446.25
791541,-148.75,-236.25,560.0
791541,-148.75,-236.25,560.0
791551,-74.375,-275.625,765.625
791551,-74.375,-275.625,765.625
791561,-39.375,-564.375,870.625
791561,-39.375,-564.375,870.625
791571,113.75,-498.75,608.125
791571,113.75,-498.75,608.125
791582,161.875,-188.125,402.5
791582,161.875,-188.125,402.5
791592,468.125,-126.875,271.25
791592,468.125,-126.875,271.25
791602,586.25,-542.5,-52.5
791602,586.25,-542.5,-52.5
791613,590.625,-910.0,-367.5
791613,590.625,-910.0,-367.5
791623,516.25,-949.375,-476.875
791623,516.25,-949.375,-476.875
791633,275.625,-1076.25,-472.5
791633,275.625,-1076.25,-472.5
791644,157.5,-638.75,-210.0
791644,157.5,-638.75,-210.0
791654,791.875,-70.0,109.375
791654,791.875,-70.0,109.375
791664,1496.25,100.625,441.875
791664,1496.25,100.625,441.875
791675,1885.625,39.375,450.625
791675,1885.625,39.375,450.625
791685,1745.625,-437.5,196.875
791685,1745.625,-437.5,196.875
791695,1312.5,-1159.375,-140.0
791695,1312.5,-1159.375,-140.0
791706,918.75,-1474.375,-546.875
791706,918.75,-1474.375,-546.875
791716,1395.625,-1233.75,-796.25
791716,1395.625,-1233.75,-796.25
791726,2371.25,-783.125,-1001.875
791726,2371.25,-783.125,-1001.875
791737,2848.125,-288.75,-1141.875
791737,2848.125,-288.75,-1141.875
791747,4501.875,1500.625,-1168.125
791747,4501.875,1500.625,-1168.125
791757,4891.25,2078.125,490.0
791757,4891.25,2078.125,490.0
791768,2489.375,625.625,564.375
791768,2489.375,625.625,564.375
791778,1015.0,-481.25,455.0
791778,1015.0,-481.25,455.0
791788,507.5,-1093.75,-96.25
791788,507.5,-1093.75,-96.25
791798,1894.375,-853.125,-901.25
791798,1894.375,-853.125,-901.25
791809,2909.375,-634.375,-1583.75
791809,2909.375,-634.375,-1583.75
791819,3027.5,-227.5,-2301.25
791819,3027.5,-227.5,-2301.25
791829,1890.0,476.875,-2668.75
791829,1890.0,476.875,-2668.75
791840,656.25,-188.125,-1496.25
791840,656.25,-188.125,-1496.25
791850,1124.375,-157.5,-1378.125
791850,1124.375,-157.5,-1378.125
791861,1351.875,-634.375,-1343.125
791861,1351.875,-634.375,-1343.125
791870,1736.875,-1032.5,-1474.375
791870,1736.875,-1032.5,-1474.375
791881,2073.75,-1063.125,-2012.5
791881,2073.75,-1063.125,-2012.5
791891,2327.5,-997.5,-2410.625
791891,2327.5,-997.5,-2410.625
791902,2091.25,-853.125,-2546.25
791902,2091.25,-853.125,-2546.25
791912,1268.75,-625.625,-2415.0
791912,1268.75,-625.625,-2415.0
791922,735.0,-354.375,-2191.875
791922,735.0,-354.375,-2191.875
791933,1500.625,96.25,-1968.75
791933,1500.625,96.25,-1968.75
791943,2323.125,503.125,-2139.375
791943,2323.125,503.125,-2139.375
791953,2603.125,367.5,-2686.25
791953,2603.125,367.5,-2686.25
791964,2056.25,96.25,-3171.875
791964,2056.25,96.25,-3171.875
791974,945.0,-503.125,-2813.125
791974,945.0,-503.125,-2813.125
791984,70.0,-678.125,-2506.875
791984,70.0,-678.125,-2506.875
791994,-249.375,-1054.375,-2196.25
791994,-249.375,-1054.375,-2196.25
792005,249.375,-1089.375,-1575.0
792005,249.375,-1089.375,-1575.0
792016,848.75,-459.375,-1518.125
792016,848.75,-459.375,-1518.125
792025,1596.875,-428.75,-1452.5
792025,1596.875,-428.75,-1452.5
792036,1596.875,-490.0,-1623.125
792036,1596.875,-490.0,-1623.125
792046,1015.0,-503.125,-1741.25
792046,1015.0,-503.125,-1741.25
792057,831.25,-603.75,-1859.375
792057,831.25,-603.75,-1859.375
792067,1176.875,-638.75,-2069.375
792067,1176.875,-638.75,-2069.375
792077,1001.875,-840.0,-2126.25
792077,1001.875,-840.0,-2126.25
792087,1133.125,-901.25,-1903.125
792087,1133.125,-901.25,-1903.125
792098,1176.875,-616.875,-1780.625
792098,1176.875,-616.875,-1780.625
792108,1080.625,-140.0,-1281.875
792108,1080.625,-140.0,-1281.875
792118,1435.0,0.0,-1028.125
792118,1435.0,0.0,-1028.125
792129,1898.75,-56.875,-1098.125
792129,1898.75,-56.875,-1098.125
792139,1785.0,-196.875,-1229.375
792139,1785.0,-196.875,-1229.375
792149,1111.25,-433.125,-1330.0
792149,1111.25,-433.125,-1330.0
792159,717.5,-927.5,-1290.625
792159,717.5,-927.5,-1290.625
792170,-70.0,-1106.875,-1220.625
792170,-70.0,-1106.875,-1220.625
792180,-1085.0,-1071.875,-634.375
792180,-1085.0,-1071.875,-634.375
792191,-717.5,-525.0,-319.375
792191,-717.5,-525.0,-319.375
792201,393.75,-21.875,35.0
792201,393.75,-21.875,35.0
792212,564.375,-135.625,262.5
792212,564.375,-135.625,262.5
792221,511.875,-691.25,770.0
792221,511.875,-691.25,770.0
792232,-140.0,-888.125,1176.875
792232,-140.0,-888.125,1176.875
792242,-1080.625,-341.25,1470.0
792242,-1080.625,-341.25,1470.0
792253,-1461.25,70.0,1771.875
792253,-1461.25,70.0,1771.875
792263,-1260.0,113.75,1942.5
792263,-1260.0,113.75,1942.5
792273,-669.375,-231.875,1583.75
792273,-669.375,-231.875,1583.75
792284,-161.875,-914.375,923.125
792284,-161.875,-914.375,923.125
792294,-39.375,-1623.125,700.0
792294,-39.375,-1623.125,700.0
792304,-131.25,-1863.75,472.5
792304,-131.25,-1863.75,472.5
792314,275.625,-2108.75,258.125
792314,275.625,-2108.75,258.125
792325,371.875,-2213.75,192.5
792325,371.875,-2213.75,192.5
792335,-161.875,-1728.125,350.0
792335,-161.875,-1728.125,350.0
792345,398.125,-1439.375,262.5
792345,398.125,-1439.375,262.5
792356,1325.625,-1198.75,126.875
792356,1325.625,-1198.75,126.875
792366,1290.625,-892.5,100.625
792366,1290.625,-892.5,100.625
792376,835.625,-861.875,56.875
792376,835.625,-861.875,56.875
792387,227.5,-770.0,-30.625
792387,227.5,-770.0,-30.625
792397,144.375,-879.375,-39.375
792397,144.375,-879.375,-39.375
792408,993.125,-901.25,-389.375
792408,993.125,-901.25,-389.375
792418,1618.75,-1067.5,-826.875
792418,1618.75,-1067.5,-826.875
792428,1623.125,-1015.0,-1277.5
792428,1623.125,-1015.0,-1277.5
792438,831.25,-1001.875,-905.625
792438,831.25,-1001.875,-905.625
792448,389.375,-1028.125,-844.375
792448,389.375,-1028.125,-844.375
792459,870.625,-984.375,-875.0
792459,870.625,-984.375,-875.0
792469,765.625,-1106.875,-590.625
792469,765.625,-1106.875,-590.625
792479,468.125,-1054.375,-485.625
792479,468.125,-1054.375,-485.625
792490,450.625,-1036.875,-166.25
792490,450.625,-1036.875,-166.25
792500,175.0,-818.125,-87.5
792500,175.0,-818.125,-87.5
