814930,70.3125,593.75,796.875,62.5,-601.5625,820.3125,195.3125,-921.875,382.8125,523.4375,-843.75,93.75,562.5,-804.6875,195.3125
814930,70.3125,593.75,796.875,62.5,-601.5625,820.3125,195.3125,-921.875,382.8125,523.4375,-843.75,93.75,562.5,-804.6875,195.3125
814930,70.3125,593.75,796.875,62.5,-601.5625,812.5,195.3125,-921.875,390.625,515.625,-843.75,93.75,554.6875,-804.6875,195.3125
814930,70.3125,593.75,796.875,62.5,-601.5625,812.5,195.3125,-921.875,390.625,515.625,-843.75,93.75,554.6875,-804.6875,195.3125
814938,78.125,585.9375,796.875,62.5,-601.5625,820.3125,195.3125,-921.875,382.8125,523.4375,-851.5625,93.75,570.3125,-804.6875,195.3125
814938,78.125,585.9375,796.875,62.5,-601.5625,820.3125,195.3125,-921.875,382.8125,523.4375,-851.5625,93.75,570.3125,-804.6875,195.3125
814946,85.9375,601.5625,796.875,62.5,-601.5625,820.3125,195.3125,-921.875,375.0,523.4375,-851.5625,101.5625,570.3125,-812.5,195.3125
814946,85.9375,601.5625,796.875,62.5,-601.5625,820.3125,195.3125,-921.875,375.0,523.4375,-851.5625,101.5625,570.3125,-812.5,195.3125
815091,78.125,601.5625,796.875,78.125,-601.5625,828.125,195.3125,-921.875,398.4375,531.25,-851.5625,101.5625,554.6875,-796.875,203.125
815091,78.125,601.5625,796.875,78.125,-601.5625,828.125,195.3125,-921.875,398.4375,531.25,-851.5625,101.5625,554.6875,-796.875,203.125
815091,78.125,601.5625,796.875,70.3125,-593.75,820.3125,187.5,-914.0625,390.625,523.4375,-843.75,78.125,562.5,-804.6875,195.3125
815091,78.125,601.5625,796.875,70.3125,-593.75,820.3125,187.5,-914.0625,390.625,523.4375,-843.75,78.125,562.5,-804.6875,195.3125
815099,78.125,601.5625,796.875,70.3125,-601.5625,828.125,195.3125,-906.25,382.8125,515.625,-851.5625,78.125,562.5,-804.6875,195.3125
815099,78.125,601.5625,796.875,70.3125,-601.5625,828.125,195.3125,-906.25,382.8125,515.625,-851.5625,78.125,562.5,-804.6875,195.3125
815107,85.9375,601.5625,796.875,62.5,-593.75,820.3125,195.3125,-914.0625,382.8125,515.625,-843.75,93.75,554.6875,-804.6875,195.3125
815107,85.9375,601.5625,796.875,62.5,-593.75,820.3125,195.3125,-914.0625,382.8125,515.625,-843.75,93.75,554.6875,-804.6875,195.3125
815252,78.125,601.5625,796.875,62.5,-601.5625,820.3125,195.3125,-914.0625,382.8125,531.25,-843.75,101.5625,570.3125,-804.6875,203.125
815252,78.125,601.5625,796.875,62.5,-601.5625,820.3125,195.3125,-914.0625,382.8125,531.25,-843.75,101.5625,570.3125,-804.6875,203.125
815253,85.9375,593.75,796.875,54.6875,-609.375,820.3125,203.125,-914.0625,390.625,523.4375,-851.5625,93.75,570.3125,-804.6875,195.3125
815253,85.9375,593.75,796.875,54.6875,-609.375,820.3125,203.125,-914.0625,390.625,523.4375,-851.5625,93.75,570.3125,-804.6875,195.3125
815260,78.125,601.5625,796.875,62.5,-601.5625,820.3125,195.3125,-929.6875,390.625,515.625,-851.5625,85.9375,562.5,-812.5,187.5
815260,78.125,601.5625,796.875,62.5,-601.5625,820.3125,195.3125,-929.6875,390.625,515.625,-851.5625,85.9375,562.5,-812.5,187.5
815268,78.125,585.9375,789.0625,62.5,-609.375,812.5,187.5,-914.0625,375.0,523.4375,-851.5625,78.125,562.5,-804.6875,195.3125
815268,78.125,585.9375,789.0625,62.5,-609.375,812.5,187.5,-914.0625,375.0,523.4375,-851.5625,78.125,562.5,-804.6875,195.3125
815414,78.125,601.5625,804.6875,54.6875,-601.5625,820.3125,195.3125,-914.0625,398.4375,523.4375,-843.75,93.75,562.5,-812.5,195.3125
815414,78.125,601.5625,804.6875,54.6875,-601.5625,820.3125,195.3125,-914.0625,398.4375,523.4375,-843.75,93.75,562.5,-812.5,195.3125
815414,78.125,601.5625,789.0625,62.5,-601.5625,828.125,203.125,-914.0625,390.625,523.4375,-851.5625,93.75,562.5,-804.6875,203.125
815414,78.125,601.5625,789.0625,62.5,-601.5625,828.125,203.125,-914.0625,390.625,523.4375,-851.5625,93.75,562.5,-804.6875,203.125
815421,78.125,609.375,796.875,54.6875,-601.5625,828.125,187.5,-914.0625,390.625,515.625,-851.5625,93.75,554.6875,-796.875,187.5
815421,78.125,609.375,796.875,54.6875,-601.5625,828.125,187.5,-914.0625,390.625,515.625,-851.5625,93.75,554.6875,-796.875,187.5
815429,78.125,609.375,796.875,54.6875,-601.5625,820.3125,195.3125,-921.875,390.625,523.4375,-851.5625,93.75,562.5,-804.6875,203.125
815429,78.125,609.375,796.875,54.6875,-601.5625,820.3125,195.3125,-921.875,390.625,523.4375,-851.5625,93.75,562.5,-804.6875,203.125
815575,78.125,601.5625,789.0625,62.5,-601.5625,820.3125,195.3125,-914.0625,390.625,523.4375,-843.75,93.75,562.5,-796.875,203.125
815575,78.125,601.5625,789.0625,62.5,-601.5625,820.3125,195.3125,-914.0625,390.625,523.4375,-843.75,93.75,562.5,-796.875,203.125
815576,70.3125,593.75,796.875,54.6875,-593.75,828.125,187.5,-906.25,382.8125,523.4375,-843.75,109.375,554.6875,-804.6875,195.3125
815576,70.3125,593.75,796.875,54.6875,-593.75,828.125,187.5,-906.25,382.8125,523.4375,-843.75,109.375,554.6875,-804.6875,195.3125
815583,78.125,601.5625,796.875,62.5,-593.75,820.3125,195.3125,-914.0625,398.4375,523.4375,-851.5625,101.5625,554.6875,-796.875,203.125
815583,78.125,601.5625,796.875,62.5,-593.75,820.3125,195.3125,-914.0625,398.4375,523.4375,-851.5625,101.5625,554.6875,-796.875,203.125
815591,78.125,609.375,789.0625,54.6875,-593.75,812.5,195.3125,-914.0625,398.4375,500.0,-835.9375,78.125,554.6875,-812.5,195.3125
815591,78.125,609.375,789.0625,54.6875,-593.75,812.5,195.3125,-914.0625,398.4375,500.0,-835.9375,78.125,554.6875,-812.5,195.3125
815736,78.125,601.5625,789.0625,62.5,-593.75,828.125,195.3125,-906.25,398.4375,531.25,-843.75,93.75,562.5,-804.6875,203.125
815736,78.125,601.5625,789.0625,62.5,-593.75,828.125,195.3125,-906.25,398.4375,531.25,-843.75,93.75,562.5,-804.6875,203.125
815737,85.9375,601.5625,796.875,70.3125,-585.9375,828.125,195.3125,-914.0625,390.625,523.4375,-851.5625,93.75,562.5,-804.6875,203.125
815737,85.9375,601.5625,796.875,70.3125,-585.9375,828.125,195.3125,-914.0625,390.625,523.4375,-851.5625,93.75,562.5,-804.6875,203.125
815744,85.9375,601.5625,789.0625,70.3125,-593.75,828.125,203.125,-914.0625,398.4375,523.4375,-843.75,101.5625,562.5,-804.6875,203.125
815744,85.9375,601.5625,789.0625,70.3125,-593.75,828.125,203.125,-914.0625,398.4375,523.4375,-843.75,101.5625,562.5,-804.6875,203.125
815752,78.125,601.5625,789.0625,62.5,-593.75,835.9375,203.125,-906.25,390.625,515.625,-843.75,93.75,562.5,-812.5,210.9375
815752,78.125,601.5625,789.0625,62.5,-593.75,835.9375,203.125,-906.25,390.625,515.625,-843.75,93.75,562.5,-812.5,210.9375
815898,148.4375,671.875,789.0625,156.25,-546.875,945.3125,382.8125,-992.1875,578.125,640.625,-882.8125,203.125,617.1875,-859.375,265.625
815898,148.4375,671.875,789.0625,156.25,-546.875,945.3125,382.8125,-992.1875,578.125,640.625,-882.8125,203.125,617.1875,-859.375,265.625
815898,93.75,703.125,890.625,148.4375,-625.0,921.875,437.5,-1093.75,640.625,726.5625,-757.8125,273.4375,632.8125,-835.9375,289.0625
815898,93.75,703.125,890.625,148.4375,-625.0,921.875,437.5,-1093.75,640.625,726.5625,-757.8125,273.4375,632.8125,-835.9375,289.0625
815906,101.5625,710.9375,867.1875,132.8125,-585.9375,937.5,171.875,-421.875,406.25,640.625,-953.125,242.1875,671.875,-773.4375,312.5
815906,101.5625,710.9375,867.1875,132.8125,-585.9375,937.5,171.875,-421.875,406.25,640.625,-953.125,242.1875,671.875,-773.4375,312.5
815913,140.625,781.25,851.5625,179.6875,-515.625,945.3125,429.6875,-1070.3125,539.0625,671.875,-875.0,218.75,664.0625,-789.0625,351.5625
815913,140.625,781.25,851.5625,179.6875,-515.625,945.3125,429.6875,-1070.3125,539.0625,671.875,-875.0,218.75,664.0625,-789.0625,351.5625
816059,-132.8125,734.375,820.3125,125.0,-640.625,882.8125,242.1875,-921.875,570.3125,523.4375,-890.625,242.1875,507.8125,-882.8125,328.125
816059,-132.8125,734.375,820.3125,125.0,-640.625,882.8125,242.1875,-921.875,570.3125,523.4375,-890.625,242.1875,507.8125,-882.8125,328.125
816059,-164.0625,710.9375,804.6875,125.0,-617.1875,906.25,234.375,-945.3125,570.3125,531.25,-921.875,234.375,500.0,-898.4375,343.75
816059,-164.0625,710.9375,804.6875,125.0,-617.1875,906.25,234.375,-945.3125,570.3125,531.25,-921.875,234.375,500.0,-898.4375,343.75
816067,-179.6875,679.6875,781.25,148.4375,-601.5625,929.6875,234.375,-960.9375,570.3125,546.875,-945.3125,257.8125,484.375,-921.875,335.9375
816067,-179.6875,679.6875,781.25,148.4375,-601.5625,929.6875,234.375,-960.9375,570.3125,546.875,-945.3125,257.8125,484.375,-921.875,335.9375
816075,-218.75,679.6875,765.625,156.25,-593.75,929.6875,250.0,-968.75,601.5625,554.6875,-945.3125,281.25,476.5625,-929.6875,343.75
816075,-218.75,679.6875,765.625,156.25,-593.75,929.6875,250.0,-968.75,601.5625,554.6875,-945.3125,281.25,476.5625,-929.6875,343.75
816220,-554.6875,476.5625,632.8125,-210.9375,-664.0625,585.9375,-187.5,-828.125,257.8125,23.4375,-890.625,-62.5,23.4375,-906.25,-15.625
816220,-554.6875,476.5625,632.8125,-210.9375,-664.0625,585.9375,-187.5,-828.125,257.8125,23.4375,-890.625,-62.5,23.4375,-906.25,-15.625
816220,-554.6875,507.8125,632.8125,-242.1875,-664.0625,546.875,-203.125,-812.5,265.625,7.8125,-851.5625,-54.6875,0.0,-867.1875,-31.25
816220,-554.6875,507.8125,632.8125,-242.1875,-664.0625,546.875,-203.125,-812.5,265.625,7.8125,-851.5625,-54.6875,0.0,-867.1875,-31.25
816228,-546.875,515.625,640.625,-257.8125,-742.1875,554.6875,-226.5625,-773.4375,242.1875,-7.8125,-812.5,-31.25,0.0,-835.9375,-31.25
816228,-546.875,515.625,640.625,-257.8125,-742.1875,554.6875,-226.5625,-773.4375,242.1875,-7.8125,-812.5,-31.25,0.0,-835.9375,-31.25
816236,-539.0625,500.0,640.625,-289.0625,-695.3125,554.6875,-226.5625,-765.625,257.8125,-15.625,-820.3125,-39.0625,-7.8125,-828.125,-31.25
816236,-539.0625,500.0,640.625,-289.0625,-695.3125,554.6875,-226.5625,-765.625,257.8125,-15.625,-820.3125,-39.0625,-7.8125,-828.125,-31.25
816381,-500.0,390.625,406.25,-31.25,-523.4375,718.75,-7.8125,-734.375,546.875,117.1875,-875.0,226.5625,-46.875,-820.3125,281.25
816381,-500.0,390.625,406.25,-31.25,-523.4375,718.75,-7.8125,-734.375,546.875,117.1875,-875.0,226.5625,-46.875,-820.3125,281.25
816381,-523.4375,335.9375,382.8125,-15.625,-539.0625,757.8125,23.4375,-757.8125,562.5,125.0,-890.625,226.5625,-31.25,-867.1875,312.5
816381,-523.4375,335.9375,382.8125,-15.625,-539.0625,757.8125,23.4375,-757.8125,562.5,125.0,-890.625,226.5625,-31.25,-867.1875,312.5
816388,-531.25,328.125,398.4375,0.0,-546.875,765.625,23.4375,-757.8125,570.3125,164.0625,-906.25,242.1875,-15.625,-898.4375,335.9375
816388,-531.25,328.125,398.4375,0.0,-546.875,765.625,23.4375,-757.8125,570.3125,164.0625,-906.25,242.1875,-15.625,-898.4375,335.9375
816535,-273.4375,929.6875,664.0625,132.8125,-734.375,984.375,70.3125,-1023.4375,687.5,210.9375,-1179.6875,296.875,-62.5,-1140.625,453.125
816535,-273.4375,929.6875,664.0625,132.8125,-734.375,984.375,70.3125,-1023.4375,687.5,210.9375,-1179.6875,296.875,-62.5,-1140.625,453.125
816543,-273.4375,929.6875,656.25,125.0,-734.375,968.75,85.9375,-1023.4375,695.3125,210.9375,-1179.6875,289.0625,-62.5,-1140.625,468.75
816543,-273.4375,929.6875,656.25,125.0,-734.375,968.75,85.9375,-1023.4375,695.3125,210.9375,-1179.6875,289.0625,-62.5,-1140.625,468.75
816543,-289.0625,929.6875,664.0625,117.1875,-726.5625,968.75,78.125,-1015.625,718.75,226.5625,-1187.5,312.5,-54.6875,-1148.4375,492.1875
816543,-289.0625,929.6875,664.0625,117.1875,-726.5625,968.75,78.125,-1015.625,718.75,226.5625,-1187.5,312.5,-54.6875,-1148.4375,492.1875
816550,-296.875,937.5,640.625,125.0,-710.9375,992.1875,85.9375,-1000.0,718.75,226.5625,-1179.6875,328.125,-31.25,-1148.4375,515.625
816550,-296.875,937.5,640.625,125.0,-710.9375,992.1875,85.9375,-1000.0,718.75,226.5625,-1179.6875,328.125,-31.25,-1148.4375,515.625
816696,-664.0625,1031.25,656.25,70.3125,-820.3125,1531.25,78.125,-1320.3125,1203.125,343.75,-1718.75,695.3125,-101.5625,-1617.1875,1023.4375
816696,-664.0625,1031.25,656.25,70.3125,-820.3125,1531.25,78.125,-1320.3125,1203.125,343.75,-1718.75,695.3125,-101.5625,-1617.1875,1023.4375
816704,-648.4375,1015.625,625.0,93.75,-851.5625,1476.5625,109.375,-1312.5,1203.125,320.3125,-1671.875,703.125,-148.4375,-1585.9375,976.5625
816704,-648.4375,1015.625,625.0,93.75,-851.5625,1476.5625,109.375,-1312.5,1203.125,320.3125,-1671.875,703.125,-148.4375,-1585.9375,976.5625
816704,-640.625,1093.75,593.75,85.9375,-835.9375,1421.875,101.5625,-1296.875,1210.9375,304.6875,-1640.625,718.75,-210.9375,-1554.6875,945.3125
816704,-640.625,1093.75,593.75,85.9375,-835.9375,1421.875,101.5625,-1296.875,1210.9375,304.6875,-1640.625,718.75,-210.9375,-1554.6875,945.3125
816712,-640.625,1203.125,585.9375,85.9375,-781.25,1429.6875,85.9375,-1250.0,1195.3125,296.875,-1593.75,734.375,-218.75,-1523.4375,914.0625
816712,-640.625,1203.125,585.9375,85.9375,-781.25,1429.6875,85.9375,-1250.0,1195.3125,296.875,-1593.75,734.375,-218.75,-1523.4375,914.0625
816857,-757.8125,718.75,-187.5,-195.3125,226.5625,953.125,-156.25,-109.375,945.3125,-117.1875,-500.0,804.6875,-382.8125,-375.0,734.375
816857,-757.8125,718.75,-187.5,-195.3125,226.5625,953.125,-156.25,-109.375,945.3125,-117.1875,-500.0,804.6875,-382.8125,-375.0,734.375
816857,-750.0,773.4375,-210.9375,-179.6875,234.375,960.9375,-156.25,-93.75,945.3125,-132.8125,-476.5625,796.875,-406.25,-359.375,703.125
816857,-750.0,773.4375,-210.9375,-179.6875,234.375,960.9375,-156.25,-93.75,945.3125,-132.8125,-476.5625,796.875,-406.25,-359.375,703.125
816866,-734.375,820.3125,-195.3125,-164.0625,250.0,968.75,-156.25,-70.3125,945.3125,-156.25,-453.125,789.0625,-429.6875,-335.9375,695.3125
816866,-734.375,820.3125,-195.3125,-164.0625,250.0,968.75,-156.25,-70.3125,945.3125,-156.25,-453.125,789.0625,-429.6875,-335.9375,695.3125
816866,-742.1875,796.875,-195.3125,-171.875,250.0,968.75,-164.0625,-62.5,945.3125,-179.6875,-453.125,781.25,-445.3125,-335.9375,679.6875
816866,-742.1875,796.875,-195.3125,-171.875,250.0,968.75,-164.0625,-62.5,945.3125,-179.6875,-453.125,781.25,-445.3125,-335.9375,679.6875
817010,-531.25,640.625,-187.5,-93.75,226.5625,757.8125,-101.5625,-23.4375,757.8125,-109.375,-343.75,640.625,-328.125,-250.0,578.125
817010,-531.25,640.625,-187.5,-93.75,226.5625,757.8125,-101.5625,-23.4375,757.8125,-109.375,-343.75,640.625,-328.125,-250.0,578.125
817018,-515.625,632.8125,-171.875,-85.9375,203.125,750.0,-109.375,-39.0625,734.375,-109.375,-343.75,640.625,-320.3125,-257.8125,570.3125
817018,-515.625,632.8125,-171.875,-85.9375,203.125,750.0,-109.375,-39.0625,734.375,-109.375,-343.75,640.625,-320.3125,-257.8125,570.3125
817019,-515.625,632.8125,-156.25,-109.375,203.125,742.1875,-117.1875,-54.6875,726.5625,-125.0,-359.375,625.0,-328.125,-265.625,578.125
817019,-515.625,632.8125,-156.25,-109.375,203.125,742.1875,-117.1875,-54.6875,726.5625,-125.0,-359.375,625.0,-328.125,-265.625,578.125
817027,-515.625,617.1875,-148.4375,-117.1875,195.3125,726.5625,-140.625,-54.6875,710.9375,-132.8125,-359.375,617.1875,-328.125,-273.4375,562.5
817027,-515.625,617.1875,-148.4375,-117.1875,195.3125,726.5625,-140.625,-54.6875,710.9375,-132.8125,-359.375,617.1875,-328.125,-273.4375,562.5
817172,-546.875,273.4375,-46.875,-343.75,62.5,484.375,-304.6875,-101.5625,445.3125,-250.0,-320.3125,367.1875,-351.5625,-250.0,312.5
817172,-546.875,273.4375,-46.875,-343.75,62.5,484.375,-304.6875,-101.5625,445.3125,-250.0,-320.3125,367.1875,-351.5625,-250.0,312.5
817180,-539.0625,273.4375,-39.0625,-343.75,54.6875,484.375,-312.5,-109.375,437.5,-273.4375,-328.125,359.375,-351.5625,-257.8125,289.0625
817180,-539.0625,273.4375,-39.0625,-343.75,54.6875,484.375,-312.5,-109.375,437.5,-273.4375,-328.125,359.375,-351.5625,-257.8125,289.0625
817180,-546.875,273.4375,-15.625,-351.5625,46.875,476.5625,-328.125,-125.0,429.6875,-281.25,-335.9375,343.75,-367.1875,-273.4375,281.25
817180,-546.875,273.4375,-15.625,-351.5625,46.875,476.5625,-328.125,-125.0,429.6875,-281.25,-335.9375,343.75,-367.1875,-273.4375,281.25
817188,-539.0625,281.25,-15.625,-351.5625,39.0625,476.5625,-328.125,-132.8125,429.6875,-289.0625,-351.5625,335.9375,-375.0,-273.4375,273.4375
817188,-539.0625,281.25,-15.625,-351.5625,39.0625,476.5625,-328.125,-132.8125,429.6875,-289.0625,-351.5625,335.9375,-375.0,-273.4375,273.4375
817333,-625.0,351.5625,93.75,-367.1875,-62.5,570.3125,-375.0,-242.1875,476.5625,-328.125,-484.375,296.875,-437.5,-406.25,218.75
817333,-625.0,351.5625,93.75,-367.1875,-62.5,570.3125,-375.0,-242.1875,476.5625,-328.125,-484.375,296.875,-437.5,-406.25,218.75
817341,-617.1875,343.75,85.9375,-367.1875,-62.5,570.3125,-375.0,-250.0,468.75,-320.3125,-484.375,281.25,-437.5,-406.25,218.75
817341,-617.1875,343.75,85.9375,-367.1875,-62.5,570.3125,-375.0,-250.0,468.75,-320.3125,-484.375,281.25,-437.5,-406.25,218.75
817341,-625.0,320.3125,70.3125,-359.375,-70.3125,562.5,-367.1875,-257.8125,468.75,-320.3125,-492.1875,289.0625,-437.5,-414.0625,226.5625
817341,-625.0,320.3125,70.3125,-359.375,-70.3125,562.5,-367.1875,-257.8125,468.75,-320.3125,-492.1875,289.0625,-437.5,-414.0625,226.5625
817349,-601.5625,296.875,62.5,-367.1875,-70.3125,554.6875,-367.1875,-265.625,468.75,-320.3125,-492.1875,296.875,-445.3125,-421.875,226.5625
817349,-601.5625,296.875,62.5,-367.1875,-70.3125,554.6875,-367.1875,-265.625,468.75,-320.3125,-492.1875,296.875,-445.3125,-421.875,226.5625
817493,-109.375,195.3125,460.9375,78.125,-632.8125,226.5625,140.625,-718.75,0.0,273.4375,-664.0625,-296.875,250.0,-773.4375,-109.375
817493,-109.375,195.3125,460.9375,78.125,-632.8125,226.5625,140.625,-718.75,0.0,273.4375,-664.0625,-296.875,250.0,-773.4375,-109.375
817502,-78.125,179.6875,531.25,85.9375,-695.3125,210.9375,164.0625,-773.4375,-23.4375,304.6875,-695.3125,-343.75,289.0625,-812.5,-148.4375
817502,-78.125,179.6875,531.25,85.9375,-695.3125,210.9375,164.0625,-773.4375,-23.4375,304.6875,-695.3125,-343.75,289.0625,-812.5,-148.4375
817502,-62.5,179.6875,578.125,109.375,-750.0,195.3125,171.875,-828.125,-54.6875,312.5,-734.375,-398.4375,296.875,-859.375,-179.6875
817502,-62.5,179.6875,578.125,109.375,-750.0,195.3125,171.875,-828.125,-54.6875,312.5,-734.375,-398.4375,296.875,-859.375,-179.6875
817510,-39.0625,210.9375,640.625,109.375,-812.5,187.5,171.875,-882.8125,-78.125,328.125,-781.25,-445.3125,304.6875,-890.625,-234.375
817510,-39.0625,210.9375,640.625,109.375,-812.5,187.5,171.875,-882.8125,-78.125,328.125,-781.25,-445.3125,304.6875,-890.625,-234.375
817655,195.3125,257.8125,1445.3125,39.0625,-1617.1875,210.9375,-39.0625,-1617.1875,-304.6875,125.0,-1328.125,-898.4375,132.8125,-1429.6875,-585.9375
817655,195.3125,257.8125,1445.3125,39.0625,-1617.1875,210.9375,-39.0625,-1617.1875,-304.6875,125.0,-1328.125,-898.4375,132.8125,-1429.6875,-585.9375
817663,187.5,304.6875,1445.3125,46.875,-1593.75,242.1875,-39.0625,-1585.9375,-289.0625,101.5625,-1289.0625,-921.875,101.5625,-1406.25,-664.0625
817663,187.5,304.6875,1445.3125,46.875,-1593.75,242.1875,-39.0625,-1585.9375,-289.0625,101.5625,-1289.0625,-921.875,101.5625,-1406.25,-664.0625
817663,164.0625,335.9375,1437.5,78.125,-1562.5,257.8125,-23.4375,-1562.5,-281.25,101.5625,-1242.1875,-914.0625,85.9375,-1375.0,-710.9375
817663,164.0625,335.9375,1437.5,78.125,-1562.5,257.8125,-23.4375,-1562.5,-281.25,101.5625,-1242.1875,-914.0625,85.9375,-1375.0,-710.9375
817672,132.8125,343.75,1437.5,93.75,-1539.0625,273.4375,15.625,-1539.0625,-273.4375,125.0,-1226.5625,-906.25,93.75,-1359.375,-718.75
817672,132.8125,343.75,1437.5,93.75,-1539.0625,273.4375,15.625,-1539.0625,-273.4375,125.0,-1226.5625,-906.25,93.75,-1359.375,-718.75
817815,93.75,125.0,1179.6875,-39.0625,-1273.4375,140.625,-7.8125,-1257.8125,-242.1875,226.5625,-1023.4375,-687.5,265.625,-1132.8125,-421.875
817815,93.75,125.0,1179.6875,-39.0625,-1273.4375,140.625,-7.8125,-1257.8125,-242.1875,226.5625,-1023.4375,-687.5,265.625,-1132.8125,-421.875
817824,101.5625,148.4375,1156.25,7.8125,-1250.0,171.875,31.25,-1234.375,-203.125,257.8125,-1015.625,-656.25,296.875,-1125.0,-375.0
817824,101.5625,148.4375,1156.25,7.8125,-1250.0,171.875,31.25,-1234.375,-203.125,257.8125,-1015.625,-656.25,296.875,-1125.0,-375.0
817825,109.375,171.875,1125.0,54.6875,-1218.75,203.125,54.6875,-1210.9375,-171.875,273.4375,-1000.0,-632.8125,289.0625,-1109.375,-351.5625
817825,109.375,171.875,1125.0,54.6875,-1218.75,203.125,54.6875,-1210.9375,-171.875,273.4375,-1000.0,-632.8125,289.0625,-1109.375,-351.5625
817833,93.75,250.0,1101.5625,93.75,-1179.6875,218.75,85.9375,-1195.3125,-164.0625,281.25,-992.1875,-609.375,281.25,-1078.125,-351.5625
817833,93.75,250.0,1101.5625,93.75,-1179.6875,218.75,85.9375,-1195.3125,-164.0625,281.25,-992.1875,-609.375,281.25,-1078.125,-351.5625
