806059,-39.375,35.0,-39.375
806059,-39.375,35.0,-39.375
806069,-74.375,35.0,-52.5
806069,-74.375,35.0,-52.5
806140,-39.375,-26.25,-56.875
806140,-39.375,-26.25,-56.875
806150,-65.625,-39.375,-35.0
806150,-65.625,-39.375,-35.0
806261,-52.5,13.125,21.875
806261,-52.5,13.125,21.875
806271,-78.75,17.5,39.375
806271,-78.75,17.5,39.375
806301,-39.375,-4.375,-8.75
806301,-39.375,-4.375,-8.75
806311,-26.25,-26.25,-43.75
806311,-26.25,-26.25,-43.75
806624,-905.625,560.0,0.0
806624,-905.625,560.0,0.0
806634,-1190.0,577.5,-26.25
806634,-1190.0,577.5,-26.25
806785,-3071.25,-2961.875,-12105.625
806785,-3071.25,-2961.875,-12105.625
806796,-2703.75,-4405.625,-13597.5
806796,-2703.75,-4405.625,-13597.5
806947,-3163.125,4007.5,-13457.5
806947,-3163.125,4007.5,-13457.5
806957,-1264.375,4843.125,-11904.375
806957,-1264.375,4843.125,-11904.375
807099,-5503.75,5530.0,3425.625
807099,-5503.75,5530.0,3425.625
807108,-8015.0,7647.5,4523.75
807108,-8015.0,7647.5,4523.75
807260,-8837.5,-2327.5,-376.25
807260,-8837.5,-2327.5,-376.25
807411,-4506.25,-8185.625,-472.5
807411,-4506.25,-8185.625,-472.5
807422,-5451.25,-7708.75,-1356.25
807422,-5451.25,-7708.75,-1356.25
807573,2069.375,-3959.375,-4480.0
807573,2069.375,-3959.375,-4480.0
807583,1076.25,-2703.75,-4571.875
807583,1076.25,-2703.75,-4571.875
807734,4725.0,7616.875,-6514.375
807734,4725.0,7616.875,-6514.375
807744,4261.25,8115.625,-6711.25
807744,4261.25,8115.625,-6711.25
807896,4803.75,9598.75,-2043.125
807896,4803.75,9598.75,-2043.125
807906,4392.5,9813.125,-1859.375
807906,4392.5,9813.125,-1859.375
807976,2594.375,10745.0,-140.0
807976,2594.375,10745.0,-140.0
807986,2371.25,11169.375,358.75
807986,2371.25,11169.375,358.75
808138,791.875,13833.75,1470.0
808138,791.875,13833.75,1470.0
808148,1745.625,12280.625,761.25
808148,1745.625,12280.625,761.25
808299,-1999.375,1356.25,-651.875
808299,-1999.375,1356.25,-651.875
808309,-1583.75,1264.375,-1023.75
808309,-1583.75,1264.375,-1023.75
808380,-2384.375,144.375,-1045.625
808380,-2384.375,144.375,-1045.625
808390,-1715.0,-411.25,-1098.125
808390,-1715.0,-411.25,-1098.125
808461,-835.625,-1264.375,-236.25
808461,-835.625,-1264.375,-236.25
808470,-791.875,-1190.0,-240.625
808470,-791.875,-1190.0,-240.625
808622,437.5,157.5,83.125
808622,437.5,157.5,83.125
808632,494.375,161.875,118.125
808632,494.375,161.875,118.125
808784,96.25,65.625,56.875
808784,96.25,65.625,56.875
808794,-48.125,13.125,52.5
808794,-48.125,13.125,52.5
808945,-8.75,-183.75,-205.625
808945,-8.75,-183.75,-205.625
808955,70.0,-148.75,-179.375
808955,70.0,-148.75,-179.375
809107,-17.5,-192.5,4.375
809107,-17.5,-192.5,4.375
809117,21.875,-148.75,35.0
809117,21.875,-148.75,35.0
