816572,-6597.5,1225.0,665.0
816572,-6597.5,1225.0,665.0
816581,-7223.125,1605.625,245.0
816581,-7223.125,1605.625,245.0
816592,-10548.125,2401.875,-625.625
816592,-10548.125,2401.875,-625.625
816603,-10815.0,3390.625,1925.0
816603,-10815.0,3390.625,1925.0
816613,-10648.75,3395.0,-700.0
816613,-10648.75,3395.0,-700.0
816623,-20265.0,-3123.75,-1382.5
816623,-20265.0,-3123.75,-1382.5
816634,-20650.0,-2331.875,5438.125
816634,-20650.0,-2331.875,5438.125
816644,-14560.0,2450.0,6698.125
816644,-14560.0,2450.0,6698.125
816654,-19670.0,-1330.0,9883.125
816654,-19670.0,-1330.0,9883.125
816665,-28678.125,-748.125,8491.875
816665,-28678.125,-748.125,8491.875
816675,-29933.75,4239.375,10871.875
816675,-29933.75,4239.375,10871.875
816685,-29316.875,6711.25,12289.375
816685,-29316.875,6711.25,12289.375
816695,-33438.125,9686.25,13216.875
816695,-33438.125,9686.25,13216.875
816705,-37506.875,10255.0,15443.75
816705,-37506.875,10255.0,15443.75
816716,-39475.625,11475.625,18851.875
816716,-39475.625,11475.625,18851.875
816726,-41020.0,12013.75,24163.125
816726,-41020.0,12013.75,24163.125
816737,-41435.625,9432.5,29295.0
816737,-41435.625,9432.5,29295.0
816748,-47578.125,5586.875,32383.75
816748,-47578.125,5586.875,32383.75
816757,-54420.625,3325.0,36325.625
816757,-54420.625,3325.0,36325.625
816768,-56402.5,2891.875,40775.0
816768,-56402.5,2891.875,40775.0
816778,-60725.0,5048.75,44235.625
816778,-60725.0,5048.75,44235.625
816788,-69606.25,11593.75,46991.875
816788,-69606.25,11593.75,46991.875
816799,-80915.625,20400.625,48597.5
816799,-80915.625,20400.625,48597.5
816809,-101119.375,30121.875,49643.125
816809,-101119.375,30121.875,49643.125
816820,-129850.0,29172.5,52823.75
816820,-129850.0,29172.5,52823.75
816830,-143360.0,19066.25,53541.25
816830,-143360.0,19066.25,53541.25
816840,-143360.0,47066.25,49682.5
816840,-143360.0,47066.25,49682.5
816850,-143040.625,70192.5,53270.0
816850,-143040.625,70192.5,53270.0
816861,-143360.0,85907.5,51349.375
816861,-143360.0,85907.5,51349.375
816871,-143360.0,118580.0,42647.5
816871,-143360.0,118580.0,42647.5
816881,-143351.25,-143360.0,42809.375
816881,-143351.25,-143360.0,42809.375
816892,-141071.875,-143360.0,52508.75
816892,-141071.875,-143360.0,52508.75
816902,-132575.625,142870.0,63196.875
816902,-132575.625,142870.0,63196.875
816912,-125514.375,-143360.0,65913.75
816912,-125514.375,-143360.0,65913.75
816922,-136727.5,-143360.0,60733.75
816922,-136727.5,-143360.0,60733.75
816933,-143360.0,143351.25,63647.5
816933,-143360.0,143351.25,63647.5
816943,-143360.0,-143360.0,69518.75
816943,-143360.0,-143360.0,69518.75
816953,-143180.625,-143360.0,84161.875
816953,-143180.625,-143360.0,84161.875
816964,-143360.0,-143360.0,101828.125
816964,-143360.0,-143360.0,101828.125
816973,-143360.0,-143360.0,109869.375
816973,-143360.0,-143360.0,109869.375
816984,-143355.625,143080.0,107808.75
816984,-143355.625,143080.0,107808.75
816995,-143360.0,129915.625,103145.0
816995,-143360.0,129915.625,103145.0
817005,-143360.0,108202.5,99456.875
817005,-143360.0,108202.5,99456.875
817015,-143360.0,99767.5,97650.0
817015,-143360.0,99767.5,97650.0
817025,-143360.0,96425.0,92684.375
817025,-143360.0,96425.0,92684.375
817036,-143360.0,88020.625,92115.625
817036,-143360.0,88020.625,92115.625
817047,-143360.0,82735.625,95300.625
817047,-143360.0,82735.625,95300.625
817057,-143360.0,69702.5,98415.625
817057,-143360.0,69702.5,98415.625
817067,-143360.0,47840.625,115246.25
817067,-143360.0,47840.625,115246.25
817077,-143360.0,25952.5,125356.875
817077,-143360.0,25952.5,125356.875
817088,-143360.0,11681.25,136517.5
817088,-143360.0,11681.25,136517.5
817098,-143360.0,12018.125,141688.75
817098,-143360.0,12018.125,141688.75
817108,-136740.625,22290.625,116970.0
817108,-136740.625,22290.625,116970.0
817119,-117608.75,29894.375,44935.625
817119,-117608.75,29894.375,44935.625
817129,-87189.375,19250.0,2843.75
817129,-87189.375,19250.0,2843.75
817139,-51743.125,37550.625,10185.0
817139,-51743.125,37550.625,10185.0
817149,-70721.875,37279.375,8325.625
817149,-70721.875,37279.375,8325.625
817160,-79436.875,35796.25,11838.75
817160,-79436.875,35796.25,11838.75
817170,-52867.5,40534.375,14831.25
817170,-52867.5,40534.375,14831.25
817180,-29837.5,38447.5,12486.25
817180,-29837.5,38447.5,12486.25
817191,-13601.875,27820.625,9878.75
817191,-13601.875,27820.625,9878.75
817201,-1579.375,19035.625,7354.375
817201,-1579.375,19035.625,7354.375
817212,-3758.125,14415.625,7319.375
817212,-3758.125,14415.625,7319.375
817222,-9060.625,14949.375,10180.625
817222,-9060.625,14949.375,10180.625
817232,-5346.25,20921.25,9616.25
817232,-5346.25,20921.25,9616.25
817242,-10075.625,22732.5,9384.375
817242,-10075.625,22732.5,9384.375
817253,-14061.25,24845.625,7739.375
817253,-14061.25,24845.625,7739.375
817263,-16463.125,23782.5,6426.875
817263,-16463.125,23782.5,6426.875
817273,-14686.875,22023.75,4322.5
817273,-14686.875,22023.75,4322.5
817284,-12600.0,16428.125,4515.0
817284,-12600.0,16428.125,4515.0
817294,-11396.875,9686.25,5355.0
817294,-11396.875,9686.25,5355.0
817304,-10976.875,2384.375,3832.5
817304,-10976.875,2384.375,3832.5
817315,-13098.75,-6943.125,1168.125
817315,-13098.75,-6943.125,1168.125
817325,-16270.625,-12893.125,-1448.125
817325,-16270.625,-12893.125,-1448.125
817335,-16546.25,-14415.625,-3167.5
817335,-16546.25,-14415.625,-3167.5
817346,-14520.625,-14393.75,-2511.25
817346,-14520.625,-14393.75,-2511.25
817356,-12070.625,-13728.75,520.625
817356,-12070.625,-13728.75,520.625
817365,-10762.5,-10425.625,4274.375
817365,-10762.5,-10425.625,4274.375
817376,-8308.125,-7026.25,7485.625
817376,-8308.125,-7026.25,7485.625
817387,-5993.75,-6230.0,9983.75
817387,-5993.75,-6230.0,9983.75
817397,-3421.25,-7608.125,10513.125
817397,-3421.25,-7608.125,10513.125
817408,336.875,-9397.5,9489.375
817408,336.875,-9397.5,9489.375
817418,5254.375,-12289.375,8106.875
817418,5254.375,-12289.375,8106.875
817428,13260.625,-14875.0,5849.375
817428,13260.625,-14875.0,5849.375
817438,20575.625,-16261.875,3771.25
817438,20575.625,-16261.875,3771.25
817449,28870.625,-14835.625,1413.125
817449,28870.625,-14835.625,1413.125
817459,36491.875,-11510.625,288.75
817459,36491.875,-11510.625,288.75
817469,41282.5,-10548.125,1102.5
817469,41282.5,-10548.125,1102.5
817480,42936.25,-10981.25,1461.25
817480,42936.25,-10981.25,1461.25
817490,41698.125,-10718.75,1316.875
817490,41698.125,-10718.75,1316.875
817500,39003.125,-10504.375,1833.125
817500,39003.125,-10504.375,1833.125
817511,36273.125,-10845.625,2467.5
817511,36273.125,-10845.625,2467.5
817520,33363.75,-12805.625,2537.5
817520,33363.75,-12805.625,2537.5
817531,29264.375,-13475.0,1653.75
817531,29264.375,-13475.0,1653.75
817542,26442.5,-12486.25,275.625
817542,26442.5,-12486.25,275.625
817552,23340.625,-10906.875,-673.75
817552,23340.625,-10906.875,-673.75
817562,20063.75,-8334.375,-2016.875
817562,20063.75,-8334.375,-2016.875
817572,17180.625,-6492.5,-3399.375
817572,17180.625,-6492.5,-3399.375
817583,13558.125,-5341.875,-5241.25
817583,13558.125,-5341.875,-5241.25
817593,7135.625,-4291.875,-6667.5
817593,7135.625,-4291.875,-6667.5
817604,695.625,-3320.625,-7450.625
817604,695.625,-3320.625,-7450.625
817614,-5215.0,-2353.75,-7669.375
817614,-5215.0,-2353.75,-7669.375
817624,-8299.375,-818.125,-8452.5
817624,-8299.375,-818.125,-8452.5
817635,-7647.5,756.875,-10189.375
817635,-7647.5,756.875,-10189.375
817645,-4965.625,1426.25,-11865.0
817645,-4965.625,1426.25,-11865.0
817655,-3587.5,1334.375,-12827.5
817655,-3587.5,1334.375,-12827.5
817665,-3867.5,1658.125,-12910.625
817665,-3867.5,1658.125,-12910.625
817676,-3556.875,1890.0,-12026.875
817676,-3556.875,1890.0,-12026.875
817686,-3237.5,1977.5,-10648.75
817686,-3237.5,1977.5,-10648.75
817696,-5486.25,2143.75,-9651.25
817696,-5486.25,2143.75,-9651.25
817707,-6781.25,2520.0,-8907.5
817707,-6781.25,2520.0,-8907.5
817717,-6199.375,3106.25,-8505.0
817717,-6199.375,3106.25,-8505.0
817727,-5280.625,3115.0,-7091.875
817727,-5280.625,3115.0,-7091.875
817738,-3508.75,3675.0,-5228.125
817738,-3508.75,3675.0,-5228.125
817749,-577.5,4283.125,-4038.125
817749,-577.5,4283.125,-4038.125
817759,1168.125,4204.375,-2970.625
817759,1168.125,4204.375,-2970.625
817769,2165.625,3876.25,-1452.5
817769,2165.625,3876.25,-1452.5
817779,2848.125,3832.5,660.625
817779,2848.125,3832.5,660.625
817789,3425.625,3981.25,2800.0
817789,3425.625,3981.25,2800.0
817800,3158.75,5022.5,4515.0
817800,3158.75,5022.5,4515.0
817810,1885.625,6531.875,6181.875
817810,1885.625,6531.875,6181.875
817820,1811.25,6658.75,7914.375
817820,1811.25,6658.75,7914.375
817830,3027.5,6741.875,9380.0
817830,3027.5,6741.875,9380.0
817841,3946.25,7350.0,10504.375
817841,3946.25,7350.0,10504.375
817851,5661.25,8290.625,11431.875
817851,5661.25,8290.625,11431.875
817861,6776.875,8977.5,12350.625
817861,6776.875,8977.5,12350.625
817872,5363.75,9170.0,13479.375
817872,5363.75,9170.0,13479.375
817882,3228.75,9021.25,13776.875
817882,3228.75,9021.25,13776.875
817892,1942.5,8640.625,13020.0
817892,1942.5,8640.625,13020.0
817903,809.375,7958.125,12123.125
817903,809.375,7958.125,12123.125
817914,100.625,7993.125,11173.75
817914,100.625,7993.125,11173.75
817923,621.25,7651.875,10661.875
817923,621.25,7651.875,10661.875
817934,1133.125,6632.5,10618.125
817934,1133.125,6632.5,10618.125
817944,1032.5,6300.0,10443.125
817944,1032.5,6300.0,10443.125
817955,625.625,6413.75,10189.375
817955,625.625,6413.75,10189.375
817965,468.125,6098.75,9738.75
817965,468.125,6098.75,9738.75
817975,-809.375,5254.375,8623.125
817975,-809.375,5254.375,8623.125
817985,-3696.875,4370.625,7748.125
817985,-3696.875,4370.625,7748.125
817996,-5105.625,3583.125,7301.875
817996,-5105.625,3583.125,7301.875
818006,-4751.25,3609.375,6645.625
818006,-4751.25,3609.375,6645.625
818016,-4510.625,4256.875,6072.5
818016,-4510.625,4256.875,6072.5
818027,-4379.375,4480.0,6181.875
818027,-4379.375,4480.0,6181.875
818037,-4265.625,3998.75,6737.5
818037,-4265.625,3998.75,6737.5
818047,-4370.625,3793.125,7293.125
818047,-4370.625,3793.125,7293.125
818057,-3246.25,4519.375,7507.5
818057,-3246.25,4519.375,7507.5
818068,-1535.625,5092.5,7433.125
818068,-1535.625,5092.5,7433.125
818078,-118.125,4825.625,7179.375
818078,-118.125,4825.625,7179.375
818088,-918.75,4200.0,6851.25
818088,-918.75,4200.0,6851.25
818099,-2480.625,3198.125,6702.5
818099,-2480.625,3198.125,6702.5
818109,-3128.125,2051.875,7175.0
818109,-3128.125,2051.875,7175.0
818119,-3447.5,1798.125,7415.625
818119,-3447.5,1798.125,7415.625
818130,-3066.875,1640.625,8211.875
818130,-3066.875,1640.625,8211.875
818140,-3434.375,1426.25,9021.25
818140,-3434.375,1426.25,9021.25
818150,-4825.625,1321.25,10075.625
818150,-4825.625,1321.25,10075.625
818161,-5831.875,1955.625,10504.375
818161,-5831.875,1955.625,10504.375
818171,-5998.125,2765.0,10123.75
818171,-5998.125,2765.0,10123.75
818181,-4725.0,3040.625,9489.375
818181,-4725.0,3040.625,9489.375
818192,-3456.25,2808.75,8758.75
818192,-3456.25,2808.75,8758.75
818202,-3106.25,2362.5,8316.875
818202,-3106.25,2362.5,8316.875
818212,-2782.5,2240.0,8706.25
818212,-2782.5,2240.0,8706.25
818223,-1938.125,3093.125,9314.375
818223,-1938.125,3093.125,9314.375
818233,-651.875,4484.375,9117.5
818233,-651.875,4484.375,9117.5
818243,371.875,5088.125,8631.875
818243,371.875,5088.125,8631.875
818254,1859.375,4895.625,8150.625
818254,1859.375,4895.625,8150.625
818264,3981.25,4773.125,7892.5
818264,3981.25,4773.125,7892.5
818273,4641.875,4453.75,8785.0
818273,4641.875,4453.75,8785.0
818284,4361.875,3714.375,9861.25
818284,4361.875,3714.375,9861.25
818295,3259.375,1868.125,11077.5
818295,3259.375,1868.125,11077.5
818305,2944.375,-100.625,11965.625
818305,2944.375,-100.625,11965.625
818315,3167.5,-1465.625,12131.875
818315,3167.5,-1465.625,12131.875
818326,5521.25,-1929.375,11431.875
818326,5521.25,-1929.375,11431.875
818336,7800.625,-2008.125,10758.125
818336,7800.625,-2008.125,10758.125
818346,7406.875,-3031.875,10101.875
818346,7406.875,-3031.875,10101.875
818357,7341.25,-3342.5,8885.625
818357,7341.25,-3342.5,8885.625
818367,8758.75,-3066.875,7131.25
818367,8758.75,-3066.875,7131.25
818377,9699.375,-2008.125,5683.125
818377,9699.375,-2008.125,5683.125
818388,8981.875,-1456.875,4313.75
818388,8981.875,-1456.875,4313.75
818398,8141.875,-835.625,2603.125
818398,8141.875,-835.625,2603.125
818408,7039.375,-87.5,1640.625
818408,7039.375,-87.5,1640.625
818419,5845.0,367.5,1133.125
818419,5845.0,367.5,1133.125
818429,3609.375,1207.5,367.5
818429,3609.375,1207.5,367.5
818439,529.375,1859.375,-301.875
818439,529.375,1859.375,-301.875
818450,-555.625,2336.25,-1365.0
818450,-555.625,2336.25,-1365.0
818460,468.125,2660.0,-2944.375
818460,468.125,2660.0,-2944.375
818470,1697.5,3241.875,-4178.125
818470,1697.5,3241.875,-4178.125
818480,1330.0,3727.5,-4458.125
818480,1330.0,3727.5,-4458.125
818491,385.0,3036.25,-4147.5
818491,385.0,3036.25,-4147.5
818501,-201.25,1850.625,-4116.875
818501,-201.25,1850.625,-4116.875
818511,39.375,1325.625,-4322.5
818511,39.375,1325.625,-4322.5
818522,1010.625,603.75,-4431.875
818522,1010.625,603.75,-4431.875
818532,2699.375,-402.5,-4821.25
818532,2699.375,-402.5,-4821.25
818542,3740.625,-1404.375,-5044.375
818542,3740.625,-1404.375,-5044.375
818553,3701.25,-1894.375,-4974.375
818553,3701.25,-1894.375,-4974.375
818563,2318.75,-1233.75,-4449.375
818563,2318.75,-1233.75,-4449.375
818573,1185.625,-1509.375,-3578.75
818573,1185.625,-1509.375,-3578.75
818583,743.75,-2655.625,-3276.875
818583,743.75,-2655.625,-3276.875
818594,-96.25,-3819.375,-3408.125
818594,-96.25,-3819.375,-3408.125
818604,201.25,-4221.875,-3692.5
818604,201.25,-4221.875,-3692.5
818615,1321.25,-4095.0,-4112.5
818615,1321.25,-4095.0,-4112.5
818625,2423.75,-3600.625,-4147.5
818625,2423.75,-3600.625,-4147.5
818635,2988.125,-3053.75,-3775.625
818635,2988.125,-3053.75,-3775.625
818646,2231.25,-2331.875,-3145.625
818646,2231.25,-2331.875,-3145.625
818656,638.75,-1723.75,-2340.625
818656,638.75,-1723.75,-2340.625
818666,-420.0,-1483.125,-1535.625
818666,-420.0,-1483.125,-1535.625
818677,-756.875,-988.75,-910.0
818677,-756.875,-988.75,-910.0
818687,-459.375,-214.375,-271.25
818687,-459.375,-214.375,-271.25
818697,-402.5,459.375,564.375
818697,-402.5,459.375,564.375
818706,-310.625,735.0,1505.0
818706,-310.625,735.0,1505.0
818718,-791.875,791.875,2318.75
818718,-791.875,791.875,2318.75
818728,-1605.625,770.0,2905.0
818728,-1605.625,770.0,2905.0
818738,-2113.125,778.75,3010.0
818738,-2113.125,778.75,3010.0
818749,-2205.0,971.25,2970.625
818749,-2205.0,971.25,2970.625
818759,-2213.75,1155.0,2979.375
818759,-2213.75,1155.0,2979.375
818769,-2205.0,1321.25,2795.625
818769,-2205.0,1321.25,2795.625
818780,-2611.875,1299.375,2607.5
818780,-2611.875,1299.375,2607.5
818790,-2716.875,1168.125,1933.75
818790,-2716.875,1168.125,1933.75
818801,-1973.125,1242.5,1102.5
818801,-1973.125,1242.5,1102.5
818811,-1732.5,1343.125,476.875
818811,-1732.5,1343.125,476.875
818821,-2393.125,1951.25,-113.75
818821,-2393.125,1951.25,-113.75
818831,-3246.25,2126.25,-161.875
818831,-3246.25,2126.25,-161.875
818842,-3377.5,1946.875,-52.5
818842,-3377.5,1946.875,-52.5
818852,-3084.375,1728.125,-376.25
818852,-3084.375,1728.125,-376.25
818862,-2318.75,1176.875,-861.875
818862,-2318.75,1176.875,-861.875
818872,-2086.875,975.625,-1662.5
818872,-2086.875,975.625,-1662.5
818883,-2476.25,761.25,-2165.625
818883,-2476.25,761.25,-2165.625
818893,-2257.5,485.625,-2559.375
818893,-2257.5,485.625,-2559.375
818903,-2200.625,424.375,-2953.125
818903,-2200.625,424.375,-2953.125
818914,-2288.125,647.5,-3141.25
818914,-2288.125,647.5,-3141.25
818924,-1894.375,1216.25,-3412.5
818924,-1894.375,1216.25,-3412.5
818934,-1531.25,1036.875,-3587.5
818934,-1531.25,1036.875,-3587.5
818945,-1176.875,805.0,-3745.0
818945,-1176.875,805.0,-3745.0
818955,-748.125,835.625,-3762.5
818955,-748.125,835.625,-3762.5
818966,-113.75,1225.0,-3775.625
818966,-113.75,1225.0,-3775.625
818976,297.5,1693.125,-3675.0
818976,297.5,1693.125,-3675.0
818986,993.125,2288.125,-3740.625
818986,993.125,2288.125,-3740.625
818997,1290.625,2751.875,-4003.125
818997,1290.625,2751.875,-4003.125
819007,1010.625,2261.875,-4025.0
819007,1010.625,2261.875,-4025.0
819017,2646.875,2366.875,-4987.5
819017,2646.875,2366.875,-4987.5
819027,4125.625,2905.0,-5941.25
819027,4125.625,2905.0,-5941.25
819038,7704.375,4637.5,-7949.375
819038,7704.375,4637.5,-7949.375
819048,8500.625,5236.875,-8045.625
819048,8500.625,5236.875,-8045.625
819058,7183.75,5250.0,-8776.25
819058,7183.75,5250.0,-8776.25
819069,7398.125,6448.75,-9940.0
819069,7398.125,6448.75,-9940.0
819079,6151.25,6715.625,-11095.0
819079,6151.25,6715.625,-11095.0
819089,8225.0,7070.0,-13151.25
819089,8225.0,7070.0,-13151.25
819100,10268.125,7205.625,-15369.375
819100,10268.125,7205.625,-15369.375
819110,12901.875,8281.875,-19083.75
819110,12901.875,8281.875,-19083.75
819121,13816.25,7406.875,-21262.5
819121,13816.25,7406.875,-21262.5
819130,13580.0,4532.5,-24272.5
819130,13580.0,4532.5,-24272.5
819141,17981.25,2454.375,-28236.25
819141,17981.25,2454.375,-28236.25
819151,21061.25,717.5,-31115.0
819151,21061.25,717.5,-31115.0
819162,18873.75,-3036.25,-32042.5
819162,18873.75,-3036.25,-32042.5
819172,21048.125,-5328.75,-32869.375
819172,21048.125,-5328.75,-32869.375
819182,25410.0,-10228.75,-35463.75
819182,25410.0,-10228.75,-35463.75
819193,27304.375,-11663.75,-37664.375
819193,27304.375,-11663.75,-37664.375
819203,31185.0,-11073.125,-41164.375
819203,31185.0,-11073.125,-41164.375
819213,32698.75,-12153.75,-45762.5
819213,32698.75,-12153.75,-45762.5
819223,34868.75,-14048.125,-49179.375
819223,34868.75,-14048.125,-49179.375
819233,40600.0,-16362.5,-50946.875
819233,40600.0,-16362.5,-50946.875
819244,47525.625,-17281.25,-52241.875
819244,47525.625,-17281.25,-52241.875
819254,52937.5,-15968.75,-55825.0
819254,52937.5,-15968.75,-55825.0
819265,78251.25,-46593.75,-62811.875
819265,78251.25,-46593.75,-62811.875
819275,113369.375,-51948.75,-78299.375
819275,113369.375,-51948.75,-78299.375
819285,78688.75,-46383.75,-62820.625
819285,78688.75,-46383.75,-62820.625
819296,68241.25,-51848.125,-58546.25
819296,68241.25,-51848.125,-58546.25
819306,85172.5,-54582.5,-66517.5
819306,85172.5,-54582.5,-66517.5
819317,88239.375,-55352.5,-77293.125
819317,88239.375,-55352.5,-77293.125
819327,85211.875,-49140.0,-91931.875
819327,85211.875,-49140.0,-91931.875
819337,92522.5,-37117.5,-108823.75
819337,92522.5,-37117.5,-108823.75
819347,115626.875,12705.0,-138263.125
819347,115626.875,12705.0,-138263.125
819358,143355.625,49586.25,-143355.625
819358,143355.625,49586.25,-143355.625
819368,143355.625,-5171.25,-138486.25
819368,143355.625,-5171.25,-138486.25
819378,142918.125,-42476.875,-136141.25
819378,142918.125,-42476.875,-136141.25
819389,143316.25,-41195.0,-132479.375
819389,143316.25,-41195.0,-132479.375
819399,143355.625,-42004.375,-129731.875
819399,143355.625,-42004.375,-129731.875
819409,143268.125,-48908.125,-128467.5
819409,143268.125,-48908.125,-128467.5
819418,143097.5,-62772.5,-123891.25
819418,143097.5,-62772.5,-123891.25
819429,143351.25,-68123.125,-116641.875
819429,143351.25,-68123.125,-116641.875
819440,143355.625,-72498.125,-116344.375
819440,143355.625,-72498.125,-116344.375
819450,143355.625,-78483.125,-132986.875
819450,143355.625,-78483.125,-132986.875
819461,143355.625,-93108.75,-143355.625
819461,143355.625,-93108.75,-143355.625
819472,143355.625,-105713.125,-143355.625
819472,143355.625,-105713.125,-143355.625
819481,143355.625,-109370.625,-143106.25
819481,143355.625,-109370.625,-143106.25
819492,143355.625,-106732.5,-140166.25
819492,143355.625,-106732.5,-140166.25
819502,143355.625,-102786.25,-126205.625
819502,143355.625,-102786.25,-126205.625
819512,143355.625,-100905.0,-110617.5
819512,143355.625,-100905.0,-110617.5
819523,143355.625,-99868.125,-97833.75
819523,143355.625,-99868.125,-97833.75
819533,143355.625,-98962.5,-85146.25
819533,143355.625,-98962.5,-85146.25
819543,138919.375,-102431.875,-72677.5
819543,138919.375,-102431.875,-72677.5
819554,131026.875,-116939.375,-61569.375
819554,131026.875,-116939.375,-61569.375
819564,122745.0,-125527.5,-52596.25
819564,122745.0,-125527.5,-52596.25
819574,110735.625,-119573.125,-50509.375
819574,110735.625,-119573.125,-50509.375
819585,99207.5,-109471.25,-46615.625
819585,99207.5,-109471.25,-46615.625
819595,92688.75,-97728.75,-37485.0
819595,92688.75,-97728.75,-37485.0
819605,104838.125,-82643.75,-22596.875
819605,104838.125,-82643.75,-22596.875
819615,139103.125,-66123.75,-19551.875
819615,139103.125,-66123.75,-19551.875
819627,143355.625,-50155.0,-45110.625
819627,143355.625,-50155.0,-45110.625
819636,133078.75,-92435.0,-36080.625
819636,133078.75,-92435.0,-36080.625
819646,74536.875,-111995.625,-17613.75
819646,74536.875,-111995.625,-17613.75
