796946,-91.875,35.0,-30.625
796946,-91.875,35.0,-30.625
796956,-74.375,-13.125,-43.75
796956,-74.375,-13.125,-43.75
797106,-13.125,17.5,-26.25
797106,-13.125,17.5,-26.25
797117,-17.5,13.125,-17.5
797117,-17.5,13.125,-17.5
797259,-48.125,-21.875,-21.875
797259,-48.125,-21.875,-21.875
797269,30.625,-26.25,-52.5
797269,30.625,-26.25,-52.5
797279,56.875,-21.875,-65.625
797279,56.875,-21.875,-65.625
797421,-78.75,48.125,-4.375
797421,-78.75,48.125,-4.375
797430,-118.125,39.375,4.375
797430,-118.125,39.375,4.375
797582,30.625,-26.25,-17.5
797582,30.625,-26.25,-17.5
797592,-39.375,-35.0,13.125
797592,-39.375,-35.0,13.125
797744,-26.25,-8.75,-70.0
797744,-26.25,-8.75,-70.0
797753,-56.875,13.125,-65.625
797753,-56.875,13.125,-65.625
797905,-17.5,-56.875,-13.125
797905,-17.5,-56.875,-13.125
797915,0.0,-26.25,-35.0
797915,0.0,-26.25,-35.0
798066,-43.75,-30.625,-35.0
798066,-43.75,-30.625,-35.0
798076,-30.625,-4.375,-48.125
798076,-30.625,-4.375,-48.125
798227,-17.5,0.0,-39.375
798227,-17.5,0.0,-39.375
798237,8.75,-39.375,-52.5
798237,8.75,-39.375,-52.5
798389,-78.75,13.125,-21.875
798389,-78.75,13.125,-21.875
798399,-78.75,8.75,-26.25
798399,-78.75,8.75,-26.25
798530,-126.875,87.5,-17.5
798530,-126.875,87.5,-17.5
798540,-231.875,144.375,17.5
798540,-231.875,144.375,17.5
798692,-840.0,-1500.625,-214.375
798692,-840.0,-1500.625,-214.375
798702,-581.875,-1666.875,-612.5
798702,-581.875,-1666.875,-612.5
798853,-19040.0,-14175.0,-22684.375
798853,-19040.0,-14175.0,-22684.375
798863,-22404.375,-10101.875,-19936.875
798863,-22404.375,-10101.875,-19936.875
799015,-5184.375,4033.75,945.0
799015,-5184.375,4033.75,945.0
799025,-4856.25,2782.5,1623.125
799025,-4856.25,2782.5,1623.125
799176,-993.125,-791.875,-83.125
799176,-993.125,-791.875,-83.125
799186,-1413.125,-656.25,-398.125
799186,-1413.125,-656.25,-398.125
799338,1295.0,-5831.875,-2791.25
799338,1295.0,-5831.875,-2791.25
799348,1872.5,-6216.875,-2651.25
799348,1872.5,-6216.875,-2651.25
799499,3434.375,1487.5,-4278.75
799499,3434.375,1487.5,-4278.75
799509,2533.125,2051.875,-4606.875
799509,2533.125,2051.875,-4606.875
799661,6912.5,8938.125,-2056.25
799661,6912.5,8938.125,-2056.25
799671,8019.375,9025.625,-2235.625
799671,8019.375,9025.625,-2235.625
799822,5311.25,10552.5,-826.875
799822,5311.25,10552.5,-826.875
799832,5381.25,10644.375,-708.75
799832,5381.25,10644.375,-708.75
799862,940.625,11081.875,-901.25
799862,940.625,11081.875,-901.25
799872,-774.375,11278.75,-949.375
799872,-774.375,11278.75,-949.375
799942,6440.0,14805.0,-809.375
799942,6440.0,14805.0,-809.375
799953,6269.375,15500.625,315.0
799953,6269.375,15500.625,315.0
