798474,-38443.125,9533.125,37887.5
798474,-38443.125,9533.125,37887.5
798485,-13107.5,16191.875,32501.875
798485,-13107.5,16191.875,32501.875
798494,3955.0,22015.0,29172.5
798494,3955.0,22015.0,29172.5
798505,12696.25,22995.0,27982.5
798505,12696.25,22995.0,27982.5
798515,13234.375,22561.875,28214.375
798515,13234.375,22561.875,28214.375
798526,12245.625,20195.0,29513.75
798526,12245.625,20195.0,29513.75
798536,11585.0,17985.625,31355.625
798536,11585.0,17985.625,31355.625
798546,12271.875,14958.125,32383.75
798546,12271.875,14958.125,32383.75
798556,12359.375,11904.375,32716.25
798556,12359.375,11904.375,32716.25
798567,10955.0,8470.0,34142.5
798567,10955.0,8470.0,34142.5
798576,10434.375,5700.625,32952.5
798576,10434.375,5700.625,32952.5
798588,10084.375,4121.25,28665.0
798588,10084.375,4121.25,28665.0
798598,7262.5,2905.0,23695.0
798598,7262.5,2905.0,23695.0
798608,6330.625,1386.875,19665.625
798608,6330.625,1386.875,19665.625
798618,9528.75,-1312.5,14857.5
798618,9528.75,-1312.5,14857.5
798629,13685.0,-3618.125,9909.375
798629,13685.0,-3618.125,9909.375
798640,19438.125,-5346.25,4795.0
798640,19438.125,-5346.25,4795.0
798650,24906.875,-6794.375,74.375
798650,24906.875,-6794.375,74.375
798660,26726.875,-7091.875,-4068.75
798660,26726.875,-7091.875,-4068.75
798670,25921.875,-7625.625,-6886.25
798670,25921.875,-7625.625,-6886.25
798681,24526.25,-6986.875,-7931.875
798681,24526.25,-6986.875,-7931.875
798691,22518.125,-7577.5,-7599.375
798691,22518.125,-7577.5,-7599.375
798701,19359.375,-7625.625,-6925.625
798701,19359.375,-7625.625,-6925.625
798712,16318.75,-7805.0,-6943.125
798712,16318.75,-7805.0,-6943.125
798722,14945.0,-8146.25,-6960.625
798722,14945.0,-8146.25,-6960.625
798732,13588.75,-8894.375,-6864.375
798732,13588.75,-8894.375,-6864.375
798742,11930.625,-9021.25,-7196.875
798742,11930.625,-9021.25,-7196.875
798752,11383.75,-7109.375,-7612.5
798752,11383.75,-7109.375,-7612.5
798763,11825.625,-3976.875,-8163.75
798763,11825.625,-3976.875,-8163.75
798773,13566.875,-1159.375,-9323.125
798773,13566.875,-1159.375,-9323.125
798784,14581.875,743.75,-10456.25
798784,14581.875,743.75,-10456.25
798794,14800.625,988.75,-11445.0
798794,14800.625,988.75,-11445.0
798804,14223.125,280.0,-13400.625
798804,14223.125,280.0,-13400.625
798815,10609.375,-1400.0,-15334.375
798815,10609.375,-1400.0,-15334.375
798825,6168.75,-2283.75,-15911.875
798825,6168.75,-2283.75,-15911.875
798835,2620.625,-1658.125,-14901.25
798835,2620.625,-1658.125,-14901.25
798846,-752.5,428.75,-13545.0
798846,-752.5,428.75,-13545.0
798856,-4493.125,1680.0,-12258.75
798856,-4493.125,1680.0,-12258.75
798866,-5263.125,2415.0,-11239.375
798866,-5263.125,2415.0,-11239.375
798877,-4090.625,3215.625,-10670.625
798877,-4090.625,3215.625,-10670.625
798887,-3132.5,3972.5,-9756.25
798887,-3132.5,3972.5,-9756.25
798897,-1767.5,4676.875,-8662.5
798897,-1767.5,4676.875,-8662.5
798908,-450.625,4466.875,-7949.375
798908,-450.625,4466.875,-7949.375
798918,-612.5,4917.5,-7910.0
798918,-612.5,4917.5,-7910.0
798928,-1636.25,5031.25,-6908.125
798928,-1636.25,5031.25,-6908.125
798938,-227.5,5460.0,-5341.875
798938,-227.5,5460.0,-5341.875
798949,1750.0,6698.125,-3775.625
798949,1750.0,6698.125,-3775.625
798959,3443.125,7905.625,-2156.875
798959,3443.125,7905.625,-2156.875
798969,5101.25,8391.25,-1255.625
798969,5101.25,8391.25,-1255.625
798980,5753.125,7870.625,-472.5
798980,5753.125,7870.625,-472.5
798990,5875.625,7354.375,131.25
798990,5875.625,7354.375,131.25
799000,6615.0,6969.375,892.5
799000,6615.0,6969.375,892.5
799011,7052.5,6794.375,1295.0
799011,7052.5,6794.375,1295.0
799021,7223.125,5993.75,1338.75
799021,7223.125,5993.75,1338.75
799030,7109.375,5687.5,651.875
799030,7109.375,5687.5,651.875
799042,6094.375,4790.625,612.5
799042,6094.375,4790.625,612.5
799052,4913.125,3806.25,1273.125
799052,4913.125,3806.25,1273.125
799063,4501.875,3145.625,1894.375
799063,4501.875,3145.625,1894.375
799073,4130.0,2795.625,2178.75
799073,4130.0,2795.625,2178.75
799083,2913.75,2961.875,2121.875
799083,2913.75,2961.875,2121.875
799093,2240.0,2931.25,1955.625
799093,2240.0,2931.25,1955.625
799104,3202.5,2896.25,2165.625
799104,3202.5,2896.25,2165.625
799114,3906.875,2769.375,2800.0
799114,3906.875,2769.375,2800.0
799124,3298.75,2611.875,3618.125
799124,3298.75,2611.875,3618.125
799135,2856.875,2213.75,4055.625
799135,2856.875,2213.75,4055.625
799145,3080.0,3456.25,4672.5
799145,3080.0,3456.25,4672.5
799155,1325.625,3801.875,6833.75
799155,1325.625,3801.875,6833.75
799165,770.0,4519.375,8553.125
799165,770.0,4519.375,8553.125
799176,1347.5,6046.25,9305.625
799176,1347.5,6046.25,9305.625
799186,1325.625,7021.875,9848.125
799186,1325.625,7021.875,9848.125
799196,1308.125,8246.875,10211.25
799196,1308.125,8246.875,10211.25
799207,1894.375,9524.375,10508.75
799207,1894.375,9524.375,10508.75
799217,2677.5,10215.625,10587.5
799217,2677.5,10215.625,10587.5
799227,2598.75,10421.25,10491.25
799227,2598.75,10421.25,10491.25
799238,2078.125,9471.875,10307.5
799238,2078.125,9471.875,10307.5
799248,1155.0,8106.875,9786.875
799248,1155.0,8106.875,9786.875
799258,293.125,7778.75,9410.625
799258,293.125,7778.75,9410.625
799269,691.25,8347.5,9454.375
799269,691.25,8347.5,9454.375
799279,1815.625,8666.875,9590.0
799279,1815.625,8666.875,9590.0
799289,2336.25,8316.875,9349.375
799289,2336.25,8316.875,9349.375
799300,1461.25,7643.125,8710.625
799300,1461.25,7643.125,8710.625
799310,240.625,6816.25,8391.25
799310,240.625,6816.25,8391.25
799320,-651.875,6361.25,8636.25
799320,-651.875,6361.25,8636.25
799330,-341.25,6020.0,8771.875
799330,-341.25,6020.0,8771.875
799341,756.875,6090.0,8684.375
799341,756.875,6090.0,8684.375
799351,1347.5,6335.0,8260.0
799351,1347.5,6335.0,8260.0
799361,2121.875,6142.5,8063.125
799361,2121.875,6142.5,8063.125
799372,2191.875,5696.25,7958.125
799372,2191.875,5696.25,7958.125
799383,2038.75,4624.375,7901.25
799383,2038.75,4624.375,7901.25
799392,2301.25,4086.25,7612.5
799392,2301.25,4086.25,7612.5
799403,1964.375,3688.125,7223.125
799403,1964.375,3688.125,7223.125
799413,2069.375,3596.25,6881.875
799413,2069.375,3596.25,6881.875
799423,1627.5,3723.125,6693.75
799423,1627.5,3723.125,6693.75
799434,791.875,3950.625,6409.375
799434,791.875,3950.625,6409.375
799444,293.125,4886.875,6068.125
799444,293.125,4886.875,6068.125
799454,96.25,6208.125,5910.625
799454,96.25,6208.125,5910.625
799465,507.5,7179.375,6356.875
799465,507.5,7179.375,6356.875
799475,332.5,7450.625,6781.25
799475,332.5,7450.625,6781.25
799485,-336.875,7700.0,7280.0
799485,-336.875,7700.0,7280.0
799496,-542.5,7905.625,7848.75
799496,-542.5,7905.625,7848.75
799506,175.0,7459.375,8400.0
799506,175.0,7459.375,8400.0
799516,-196.875,6759.375,8592.5
799516,-196.875,6759.375,8592.5
799527,-1973.125,6335.0,8653.75
799527,-1973.125,6335.0,8653.75
799537,-2288.125,5831.875,9340.625
799537,-2288.125,5831.875,9340.625
799547,-2388.75,5976.25,9988.125
799547,-2388.75,5976.25,9988.125
799557,-2480.625,6663.125,10661.875
799557,-2480.625,6663.125,10661.875
799568,-2467.5,7035.0,11147.5
799568,-2467.5,7035.0,11147.5
799578,-2708.125,7065.625,11471.25
799578,-2708.125,7065.625,11471.25
799588,-2485.0,7665.0,11886.875
799588,-2485.0,7665.0,11886.875
799599,-1579.375,8706.25,12591.25
799599,-1579.375,8706.25,12591.25
799608,651.875,9996.875,13335.0
799608,651.875,9996.875,13335.0
799619,2078.125,10635.625,13470.625
799619,2078.125,10635.625,13470.625
799630,3841.25,10071.25,12761.875
799630,3841.25,10071.25,12761.875
799640,7245.0,9323.125,11729.375
799640,7245.0,9323.125,11729.375
799649,10889.375,9738.75,10640.0
799649,10889.375,9738.75,10640.0
799660,13877.5,10001.25,10123.75
799660,13877.5,10001.25,10123.75
799671,17701.25,10307.5,9397.5
799671,17701.25,10307.5,9397.5
799681,20418.125,9786.875,8478.75
799681,20418.125,9786.875,8478.75
799692,22115.625,8413.125,7236.25
799692,22115.625,8413.125,7236.25
799702,22771.875,6908.125,6160.0
799702,22771.875,6908.125,6160.0
799712,21813.75,5363.75,5481.875
799712,21813.75,5363.75,5481.875
799723,20164.375,3469.375,5372.5
799723,20164.375,3469.375,5372.5
799733,16800.0,678.125,5744.375
799733,16800.0,678.125,5744.375
799743,12674.375,-1990.625,6260.625
799743,12674.375,-1990.625,6260.625
799754,7993.125,-4528.125,6881.875
799754,7993.125,-4528.125,6881.875
799764,3434.375,-6663.125,7070.0
799764,3434.375,-6663.125,7070.0
799774,1750.0,-7428.75,6129.375
799774,1750.0,-7428.75,6129.375
799785,2550.625,-6422.5,4130.0
799785,2550.625,-6422.5,4130.0
799795,4204.375,-3609.375,1688.75
799795,4204.375,-3609.375,1688.75
799804,5893.125,-923.125,-253.75
799804,5893.125,-923.125,-253.75
799815,6951.875,931.875,-1850.625
799815,6951.875,931.875,-1850.625
799826,6545.0,1623.125,-3482.5
799826,6545.0,1623.125,-3482.5
799836,5617.5,853.125,-5166.875
799836,5617.5,853.125,-5166.875
799846,4611.25,-301.875,-7126.875
799846,4611.25,-301.875,-7126.875
799857,3565.625,-704.375,-8570.625
799857,3565.625,-704.375,-8570.625
799867,3093.125,-660.625,-9323.125
799867,3093.125,-660.625,-9323.125
799878,2397.5,-809.375,-9091.25
799878,2397.5,-809.375,-9091.25
799888,1732.5,-896.875,-8907.5
799888,1732.5,-896.875,-8907.5
799898,1338.75,-1246.875,-9209.375
799898,1338.75,-1246.875,-9209.375
799908,1408.75,-1041.25,-9808.75
799908,1408.75,-1041.25,-9808.75
799919,1194.375,-109.375,-10294.375
799919,1194.375,-109.375,-10294.375
799929,918.75,1058.75,-10434.375
799929,918.75,1058.75,-10434.375
799939,1238.125,1478.75,-10272.5
799939,1238.125,1478.75,-10272.5
799950,936.25,1583.75,-9966.25
799950,936.25,1583.75,-9966.25
799959,-126.875,1885.625,-9485.0
799959,-126.875,1885.625,-9485.0
799970,288.75,2555.0,-8785.0
799970,288.75,2555.0,-8785.0
799980,1706.25,3206.875,-8242.5
799980,1706.25,3206.875,-8242.5
799991,1246.875,3136.875,-7564.375
799991,1246.875,3136.875,-7564.375
800001,-380.625,3198.125,-6934.375
800001,-380.625,3198.125,-6934.375
800011,-481.25,3250.625,-6090.0
800011,-481.25,3250.625,-6090.0
800022,428.75,3701.25,-5105.625
800022,428.75,3701.25,-5105.625
800032,796.25,3644.375,-3657.5
800032,796.25,3644.375,-3657.5
800043,424.375,3539.375,-2436.875
800043,424.375,3539.375,-2436.875
800053,315.0,3080.0,-1811.25
800053,315.0,3080.0,-1811.25
800063,450.625,2611.875,-1093.75
800063,450.625,2611.875,-1093.75
800074,26.25,1981.875,-83.125
800074,26.25,1981.875,-83.125
800084,-717.5,1421.875,1378.125
800084,-717.5,1421.875,1378.125
800094,-1303.75,1063.125,2572.5
800094,-1303.75,1063.125,2572.5
800104,-918.75,945.0,3395.0
800104,-918.75,945.0,3395.0
800115,-319.375,437.5,3850.0
800115,-319.375,437.5,3850.0
800125,393.75,-240.625,3946.25
800125,393.75,-240.625,3946.25
800135,962.5,-958.125,3416.875
800135,962.5,-958.125,3416.875
800146,752.5,-1662.5,3325.0
800146,752.5,-1662.5,3325.0
800156,-621.25,-2353.75,3727.5
800156,-621.25,-2353.75,3727.5
800166,-1351.875,-2502.5,4186.875
800166,-1351.875,-2502.5,4186.875
800176,-1308.125,-1968.75,4252.5
800176,-1308.125,-1968.75,4252.5
800187,-533.75,-1592.5,4173.75
800187,-533.75,-1592.5,4173.75
800198,175.0,-1426.25,3731.875
800198,175.0,-1426.25,3731.875
800208,-236.25,-1627.5,3018.75
800208,-236.25,-1627.5,3018.75
800218,-350.0,-1526.875,2253.125
800218,-350.0,-1526.875,2253.125
800228,-122.5,-1540.0,1789.375
800228,-122.5,-1540.0,1789.375
800239,568.75,-1168.125,1522.5
800239,568.75,-1168.125,1522.5
800249,918.75,-367.5,1242.5
800249,918.75,-367.5,1242.5
800259,901.25,875.0,931.875
800259,901.25,875.0,931.875
800269,1325.625,1531.25,673.75
800269,1325.625,1531.25,673.75
800280,1299.375,1544.375,131.25
800280,1299.375,1544.375,131.25
800290,240.625,931.875,-319.375
800290,240.625,931.875,-319.375
800300,-253.75,516.25,-870.625
800300,-253.75,516.25,-870.625
800311,612.5,651.875,-1452.5
800311,612.5,651.875,-1452.5
800321,1610.0,621.25,-2008.125
800321,1610.0,621.25,-2008.125
800331,2060.625,-245.0,-2410.625
800331,2060.625,-245.0,-2410.625
800342,940.625,-1658.125,-2331.875
800342,940.625,-1658.125,-2331.875
800352,135.625,-2314.375,-2248.75
800352,135.625,-2314.375,-2248.75
800362,910.0,-2419.375,-2248.75
800362,910.0,-2419.375,-2248.75
800373,1890.0,-2200.625,-2305.625
800373,1890.0,-2200.625,-2305.625
800383,2174.375,-2410.625,-2401.875
800383,2174.375,-2410.625,-2401.875
800393,376.25,-2878.75,-2520.0
800393,376.25,-2878.75,-2520.0
800404,-2450.0,-3780.0,-2625.0
800404,-2450.0,-3780.0,-2625.0
800414,-3828.125,-4042.5,-2852.5
800414,-3828.125,-4042.5,-2852.5
800424,-3565.625,-3517.5,-2856.875
800424,-3565.625,-3517.5,-2856.875
800434,-2546.25,-2244.375,-2791.25
800434,-2546.25,-2244.375,-2791.25
800445,-1995.0,-848.75,-2450.0
800445,-1995.0,-848.75,-2450.0
800455,-1701.875,638.75,-2113.125
800455,-1701.875,638.75,-2113.125
800466,-1561.875,1225.0,-1426.25
800466,-1561.875,1225.0,-1426.25
800476,-1903.125,1260.0,-787.5
800476,-1903.125,1260.0,-787.5
800486,-1955.625,1303.75,-323.75
800486,-1955.625,1303.75,-323.75
800496,-1255.625,1675.625,-39.375
800496,-1255.625,1675.625,-39.375
800507,-468.125,2226.875,284.375
800507,-468.125,2226.875,284.375
800517,-196.875,2699.375,931.875
800517,-196.875,2699.375,931.875
800527,455.0,2992.5,1618.75
800527,455.0,2992.5,1618.75
800538,118.125,3001.25,1855.0
800538,118.125,3001.25,1855.0
800548,-398.125,2362.5,1789.375
800548,-398.125,2362.5,1789.375
800558,297.5,1500.625,1159.375
800558,297.5,1500.625,1159.375
800569,3478.125,3596.25,0.0
800569,3478.125,3596.25,0.0
800579,2585.625,3036.25,691.25
800579,2585.625,3036.25,691.25
800590,1255.625,1938.125,857.5
800590,1255.625,1938.125,857.5
800600,-1719.375,735.0,630.0
800600,-1719.375,735.0,630.0
800610,-3014.375,-275.625,590.625
800610,-3014.375,-275.625,590.625
800620,-2003.75,-175.0,450.625
800620,-2003.75,-175.0,450.625
800631,293.125,682.5,-188.125
800631,293.125,682.5,-188.125
800641,201.25,700.0,-393.75
800641,201.25,700.0,-393.75
800651,-275.625,-183.75,26.25
800651,-275.625,-183.75,26.25
800662,-472.5,-791.875,332.5
800662,-472.5,-791.875,332.5
800672,-481.25,-818.125,411.25
800672,-481.25,-818.125,411.25
800682,-551.25,-188.125,96.25
800682,-551.25,-188.125,96.25
800692,-1032.5,196.875,91.875
800692,-1032.5,196.875,91.875
800703,-870.625,245.0,367.5
800703,-870.625,245.0,367.5
800713,-612.5,1155.0,332.5
800713,-612.5,1155.0,332.5
800723,-288.75,1168.125,-122.5
800723,-288.75,1168.125,-122.5
800734,739.375,1159.375,-577.5
800734,739.375,1159.375,-577.5
800745,993.125,1938.125,-896.875
800745,993.125,1938.125,-896.875
800754,739.375,2738.75,-888.125
800754,739.375,2738.75,-888.125
800765,1474.375,3736.25,-1260.0
800765,1474.375,3736.25,-1260.0
800775,2152.5,4090.625,-1054.375
800775,2152.5,4090.625,-1054.375
800785,1850.625,2791.25,-818.125
800785,1850.625,2791.25,-818.125
800796,581.875,695.625,-1076.25
800796,581.875,695.625,-1076.25
800806,555.625,-1211.875,-1876.875
800806,555.625,-1211.875,-1876.875
800816,778.75,-2506.875,-2786.875
800816,778.75,-2506.875,-2786.875
800827,1430.625,-2843.75,-3360.0
800827,1430.625,-2843.75,-3360.0
800837,2480.625,-2769.375,-3793.125
800837,2480.625,-2769.375,-3793.125
800847,1798.125,-2563.75,-3858.75
800847,1798.125,-2563.75,-3858.75
800858,-288.75,-2572.5,-3504.375
800858,-288.75,-2572.5,-3504.375
800868,-1435.0,-2743.125,-3570.0
800868,-1435.0,-2743.125,-3570.0
800878,-1365.0,-2878.75,-4143.125
800878,-1365.0,-2878.75,-4143.125
800889,-1413.125,-2961.875,-4733.75
800889,-1413.125,-2961.875,-4733.75
800899,-1518.125,-2957.5,-4943.75
800899,-1518.125,-2957.5,-4943.75
800909,-752.5,-2603.125,-4808.125
800909,-752.5,-2603.125,-4808.125
800919,-175.0,-2117.5,-4659.375
800919,-175.0,-2117.5,-4659.375
800930,179.375,-1688.75,-4322.5
800930,179.375,-1688.75,-4322.5
800940,765.625,-1365.0,-3841.25
800940,765.625,-1365.0,-3841.25
800950,853.125,-1321.25,-3132.5
800950,853.125,-1321.25,-3132.5
800961,796.25,-1141.875,-2485.0
800961,796.25,-1141.875,-2485.0
800971,1155.0,-315.0,-1960.0
800971,1155.0,-315.0,-1960.0
800981,1176.875,1124.375,-1640.625
800981,1176.875,1124.375,-1640.625
800992,1911.875,2051.875,-603.75
800992,1911.875,2051.875,-603.75
801002,2563.75,4445.0,-166.25
801002,2563.75,4445.0,-166.25
801012,2432.5,7231.875,249.375
801012,2432.5,7231.875,249.375
801023,3504.375,9502.5,809.375
801023,3504.375,9502.5,809.375
801033,4764.375,11886.875,966.875
801033,4764.375,11886.875,966.875
801043,7126.875,14135.625,481.25
801043,7126.875,14135.625,481.25
801054,7975.625,14616.875,253.75
801054,7975.625,14616.875,253.75
801064,10106.25,13881.875,-599.375
801064,10106.25,13881.875,-599.375
801074,12906.25,14021.875,-1312.5
801074,12906.25,14021.875,-1312.5
801085,12810.0,13085.625,-389.375
801085,12810.0,13085.625,-389.375
801095,12302.5,12075.0,682.5
801095,12302.5,12075.0,682.5
801105,11445.0,11042.5,643.125
801105,11445.0,11042.5,643.125
801115,10745.0,9336.25,1203.125
801115,10745.0,9336.25,1203.125
801126,9296.875,7455.0,2305.625
801126,9296.875,7455.0,2305.625
801136,8225.0,5446.875,2550.625
801136,8225.0,5446.875,2550.625
801146,8321.25,3342.5,2161.25
801146,8321.25,3342.5,2161.25
801157,8522.5,214.375,1343.125
801157,8522.5,214.375,1343.125
801167,11878.125,-3193.75,-1211.875
801167,11878.125,-3193.75,-1211.875
801177,17539.375,-4690.0,-6015.625
801177,17539.375,-4690.0,-6015.625
801188,24136.875,-5985.0,-9603.125
801188,24136.875,-5985.0,-9603.125
801198,33923.75,-7052.5,-9988.125
801198,33923.75,-7052.5,-9988.125
801208,44445.625,-10141.25,-9655.625
801208,44445.625,-10141.25,-9655.625
801219,88016.25,-33149.375,-21288.75
801219,88016.25,-33149.375,-21288.75
801229,99776.25,-30485.0,-26538.75
801229,99776.25,-30485.0,-26538.75
801239,80325.0,-30327.5,-12810.0
801239,80325.0,-30327.5,-12810.0
801251,92155.0,-22688.75,-9323.125
801251,92155.0,-22688.75,-9323.125
801260,107686.25,-20378.75,-7249.375
801260,107686.25,-20378.75,-7249.375
801270,113128.75,-15741.25,-14914.375
801270,113128.75,-15741.25,-14914.375
801281,119118.125,-6343.75,-23563.75
801281,119118.125,-6343.75,-23563.75
801291,132300.0,4987.5,-30463.125
801291,132300.0,4987.5,-30463.125
801301,143355.625,28350.0,-53480.0
801301,143355.625,28350.0,-53480.0
801312,143355.625,79948.75,-105682.5
801312,143355.625,79948.75,-105682.5
801322,143167.5,48422.5,-84455.0
801322,143167.5,48422.5,-84455.0
801332,143351.25,-7140.0,-59329.375
801332,143351.25,-7140.0,-59329.375
801342,143027.5,-11515.0,-61005.0
801342,143027.5,-11515.0,-61005.0
801353,134386.875,-18160.625,-65541.875
801353,134386.875,-18160.625,-65541.875
801363,124092.5,-24854.375,-74515.0
801363,124092.5,-24854.375,-74515.0
801373,121804.375,-29872.5,-83321.875
801373,121804.375,-29872.5,-83321.875
801384,120680.0,-29785.0,-90702.5
801384,120680.0,-29785.0,-90702.5
801394,126651.875,-25274.375,-92789.375
801394,126651.875,-25274.375,-92789.375
801405,141076.25,-24023.125,-93673.125
801405,141076.25,-24023.125,-93673.125
801415,143355.625,-23563.75,-96735.625
801415,143355.625,-23563.75,-96735.625
801425,143237.5,-24801.875,-98056.875
801425,143237.5,-24801.875,-98056.875
801435,143281.25,-21297.5,-97641.25
801435,143281.25,-21297.5,-97641.25
801446,143355.625,-18121.25,-96460.0
801446,143355.625,-18121.25,-96460.0
801456,143355.625,-17679.375,-91415.625
801456,143355.625,-17679.375,-91415.625
801466,143355.625,-18186.875,-82508.125
801466,143355.625,-18186.875,-82508.125
801477,143355.625,-18716.25,-75630.625
801477,143355.625,-18716.25,-75630.625
801487,143355.625,-19871.25,-71019.375
801487,143355.625,-19871.25,-71019.375
801497,143355.625,-20553.75,-64141.875
801497,143355.625,-20553.75,-64141.875
801507,143355.625,-25641.875,-62238.75
801507,143355.625,-25641.875,-62238.75
801518,139597.5,-41453.125,-60427.5
801518,139597.5,-41453.125,-60427.5
801528,106474.375,-55203.75,-52110.625
801528,106474.375,-55203.75,-52110.625
801539,80937.5,-57855.0,-36911.875
801539,80937.5,-57855.0,-36911.875
801549,80924.375,-53760.0,-22041.25
801549,80924.375,-53760.0,-22041.25
801560,84739.375,-46795.0,-15509.375
801560,84739.375,-46795.0,-15509.375
