824012,-83.125,-21.875,30.625
824012,-83.125,-21.875,30.625
824022,-65.625,-48.125,-8.75
824022,-65.625,-48.125,-8.75
824174,-17.5,-26.25,-43.75
824174,-17.5,-26.25,-43.75
824184,-13.125,-30.625,-30.625
824184,-13.125,-30.625,-30.625
824326,-61.25,35.0,-43.75
824326,-61.25,35.0,-43.75
824335,-78.75,39.375,-35.0
824335,-78.75,39.375,-35.0
824345,-96.25,35.0,-39.375
824345,-96.25,35.0,-39.375
824487,-35.0,-21.875,-56.875
824487,-35.0,-21.875,-56.875
824497,-26.25,4.375,-56.875
824497,-26.25,4.375,-56.875
824648,-135.625,183.75,-74.375
824648,-135.625,183.75,-74.375
824658,-161.875,148.75,-87.5
824658,-161.875,148.75,-87.5
824809,-227.5,-328.125,-358.75
824809,-227.5,-328.125,-358.75
824819,-380.625,-275.625,-1106.875
824819,-380.625,-275.625,-1106.875
824971,551.25,-3255.0,-11641.875
824971,551.25,-3255.0,-11641.875
824980,778.75,-3246.25,-12096.875
824980,778.75,-3246.25,-12096.875
825132,-5035.625,-1592.5,-6654.375
825132,-5035.625,-1592.5,-6654.375
825141,-6396.25,-328.125,-6352.5
825141,-6396.25,-328.125,-6352.5
825294,-5831.875,4462.5,-10613.75
825294,-5831.875,4462.5,-10613.75
825304,-6234.375,4847.5,-10163.125
825304,-6234.375,4847.5,-10163.125
