807502,-79830.625,-61696.25,63170.625
807502,-79830.625,-61696.25,63170.625
807513,-40665.625,-47740.0,46440.625
807513,-40665.625,-47740.0,46440.625
807523,6050.625,-18838.75,18427.5
807523,6050.625,-18838.75,18427.5
807533,4178.125,-8281.875,4580.625
807533,4178.125,-8281.875,4580.625
807544,-8347.5,-21035.0,14507.5
807544,-8347.5,-21035.0,14507.5
807554,12407.5,-13111.875,2156.875
807554,12407.5,-13111.875,2156.875
807564,-16668.75,-18173.75,-19678.75
807564,-16668.75,-18173.75,-19678.75
807574,-21507.5,-31626.875,-30572.5
807574,-21507.5,-31626.875,-30572.5
807585,-11283.125,-27291.25,-28319.375
807585,-11283.125,-27291.25,-28319.375
807596,-14590.625,-25781.875,-25571.875
807596,-14590.625,-25781.875,-25571.875
807605,-20706.875,-24311.875,-24815.0
807605,-20706.875,-24311.875,-24815.0
807616,-23388.75,-15925.0,-23012.5
807616,-23388.75,-15925.0,-23012.5
807626,-23905.0,-8793.75,-19175.625
807626,-23905.0,-8793.75,-19175.625
807637,-17670.625,-5565.0,-14406.875
807637,-17670.625,-5565.0,-14406.875
807647,-13055.0,-3018.75,-12018.125
807647,-13055.0,-3018.75,-12018.125
807657,-7490.0,3268.125,-14503.125
807657,-7490.0,3268.125,-14503.125
807667,5285.0,8745.625,-14564.375
807667,5285.0,8745.625,-14564.375
807677,10088.75,9051.875,-15242.5
807677,10088.75,9051.875,-15242.5
807688,10504.375,7319.375,-16406.25
807688,10504.375,7319.375,-16406.25
807698,905.625,2261.875,-12691.875
807698,905.625,2261.875,-12691.875
807708,-11278.75,-3688.125,-6606.25
807708,-11278.75,-3688.125,-6606.25
807719,-10854.375,-3141.25,-332.5
807719,-10854.375,-3141.25,-332.5
807729,-6448.75,-2231.25,6982.5
807729,-6448.75,-2231.25,6982.5
807740,-7809.375,-2730.0,12617.5
807740,-7809.375,-2730.0,12617.5
807750,-12026.875,-3911.25,14603.75
807750,-12026.875,-3911.25,14603.75
807760,-15347.5,-5250.0,13807.5
807760,-15347.5,-5250.0,13807.5
807771,-14310.625,-5320.0,12980.625
807771,-14310.625,-5320.0,12980.625
807781,-8071.875,-3578.75,9638.125
807781,-8071.875,-3578.75,9638.125
807792,-3762.5,-5140.625,5245.625
807792,-3762.5,-5140.625,5245.625
807801,-1675.625,-6956.25,411.25
807801,-1675.625,-6956.25,411.25
807812,-380.625,-8553.125,-4108.125
807812,-380.625,-8553.125,-4108.125
807822,2314.375,-9463.125,-6671.875
807822,2314.375,-9463.125,-6671.875
807833,1382.5,-8391.25,-8216.25
807833,1382.5,-8391.25,-8216.25
807843,-3399.375,-5333.125,-8649.375
807843,-3399.375,-5333.125,-8649.375
807853,-6479.375,-3644.375,-6667.5
807853,-6479.375,-3644.375,-6667.5
807864,-9191.875,-3508.75,-4445.0
807864,-9191.875,-3508.75,-4445.0
807874,-12416.25,-5639.375,-2778.125
807874,-12416.25,-5639.375,-2778.125
807884,-12569.375,-9620.625,-2463.125
807884,-12569.375,-9620.625,-2463.125
807894,-12691.875,-11672.5,-3185.0
807894,-12691.875,-11672.5,-3185.0
807905,-16953.125,-13457.5,-4462.5
807905,-16953.125,-13457.5,-4462.5
807915,-16358.125,-10644.375,-1925.0
807915,-16358.125,-10644.375,-1925.0
807925,-17815.0,-6566.875,2773.75
807925,-17815.0,-6566.875,2773.75
807936,-16139.375,-2261.875,3766.875
807936,-16139.375,-2261.875,3766.875
807947,-19923.75,490.0,4156.25
807947,-19923.75,490.0,4156.25
807956,-18366.25,336.875,2611.875
807956,-18366.25,336.875,2611.875
807967,-12980.625,-2782.5,-4646.25
807967,-12980.625,-2782.5,-4646.25
807977,-10290.0,-7835.625,-15750.0
807977,-10290.0,-7835.625,-15750.0
807986,-9541.875,-10867.5,-26044.375
807986,-9541.875,-10867.5,-26044.375
807998,-10626.875,-11090.625,-31696.875
807998,-10626.875,-11090.625,-31696.875
808008,-13680.625,-8736.875,-31241.875
808008,-13680.625,-8736.875,-31241.875
808018,-21284.375,-1736.875,-26630.625
808018,-21284.375,-1736.875,-26630.625
808028,-25633.125,2992.5,-20278.125
808028,-25633.125,2992.5,-20278.125
808038,-24478.125,5276.25,-14927.5
808038,-24478.125,5276.25,-14927.5
808049,-23353.75,6129.375,-11620.0
808049,-23353.75,6129.375,-11620.0
808060,-23931.25,4768.75,-12783.75
808060,-23931.25,4768.75,-12783.75
808070,-24053.75,1106.875,-15400.0
808070,-24053.75,1106.875,-15400.0
808080,-26092.5,-735.0,-17066.875
808080,-26092.5,-735.0,-17066.875
808090,-27286.875,-1347.5,-19350.625
808090,-27286.875,-1347.5,-19350.625
808101,-23563.75,-1146.25,-21078.75
808101,-23563.75,-1146.25,-21078.75
808111,-18843.125,3994.375,-18576.25
808111,-18843.125,3994.375,-18576.25
808121,-11781.875,9318.75,-12928.125
808121,-11781.875,9318.75,-12928.125
808132,-6689.375,12385.625,-7770.0
808132,-6689.375,12385.625,-7770.0
808143,-9191.875,11165.0,-4125.625
808143,-9191.875,11165.0,-4125.625
808152,-10823.75,10657.5,-691.25
808152,-10823.75,10657.5,-691.25
808163,-10688.125,8653.75,-984.375
808163,-10688.125,8653.75,-984.375
808173,-10307.5,7231.875,-1242.5
808173,-10307.5,7231.875,-1242.5
808183,-9935.625,5573.75,-231.875
808183,-9935.625,5573.75,-231.875
808194,-6606.25,3941.875,-752.5
808194,-6606.25,3941.875,-752.5
808204,-5066.25,3084.375,-1929.375
808204,-5066.25,3084.375,-1929.375
808214,-3696.875,4025.0,223.125
808214,-3696.875,4025.0,223.125
808225,-2100.0,5696.25,3351.25
808225,-2100.0,5696.25,3351.25
808235,1211.875,8846.25,7813.75
808235,1211.875,8846.25,7813.75
808245,1465.625,8496.25,12438.125
808245,1465.625,8496.25,12438.125
808256,35.0,6094.375,14993.125
808256,35.0,6094.375,14993.125
808266,-153.125,3863.125,17014.375
808266,-153.125,3863.125,17014.375
808276,4121.25,3823.75,19197.5
808276,4121.25,3823.75,19197.5
808287,7778.75,7966.875,20098.75
808287,7778.75,7966.875,20098.75
808297,11020.625,13842.5,21245.0
808297,11020.625,13842.5,21245.0
808307,18081.875,15128.75,23725.625
808307,18081.875,15128.75,23725.625
808317,20536.25,13781.25,23240.0
808317,20536.25,13781.25,23240.0
808328,24906.875,11108.125,23161.25
808328,24906.875,11108.125,23161.25
808338,32278.75,9471.875,22614.375
808338,32278.75,9471.875,22614.375
808348,40162.5,6737.5,25318.125
808348,40162.5,6737.5,25318.125
808359,41046.25,-310.625,28428.75
808359,41046.25,-310.625,28428.75
808369,33442.5,-8483.125,25974.375
808369,33442.5,-8483.125,25974.375
808379,21463.75,-12630.625,22050.0
808379,21463.75,-12630.625,22050.0
808390,11698.75,-13580.0,18729.375
808390,11698.75,-13580.0,18729.375
808400,7240.625,-13610.625,16445.625
808400,7240.625,-13610.625,16445.625
808410,7568.75,-10753.75,14599.375
808410,7568.75,-10753.75,14599.375
808421,9966.25,-4851.875,11856.25
808421,9966.25,-4851.875,11856.25
808431,12967.5,166.25,8378.125
808431,12967.5,166.25,8378.125
808441,15548.75,2883.125,5013.75
808441,15548.75,2883.125,5013.75
808452,15535.625,4007.5,2511.25
808452,15535.625,4007.5,2511.25
808462,13020.0,3233.125,511.875
808462,13020.0,3233.125,511.875
808472,8470.0,1448.125,-1369.375
808472,8470.0,1448.125,-1369.375
808482,4799.375,328.125,-2817.5
808482,4799.375,328.125,-2817.5
808493,1758.75,188.125,-3320.625
808493,1758.75,188.125,-3320.625
808503,-962.5,586.25,-4081.875
808503,-962.5,586.25,-4081.875
808512,-3863.125,-910.0,-6890.625
808512,-3863.125,-910.0,-6890.625
808524,-8093.75,-3360.0,-9970.625
808524,-8093.75,-3360.0,-9970.625
808534,-14144.375,-4913.125,-12643.75
808534,-14144.375,-4913.125,-12643.75
808544,-20286.875,-4388.125,-14800.625
808544,-20286.875,-4388.125,-14800.625
808555,-23047.5,-4169.375,-16423.75
808555,-23047.5,-4169.375,-16423.75
808564,-22281.875,-4900.0,-18497.5
808564,-22281.875,-4900.0,-18497.5
808574,-23594.375,-5311.25,-20566.875
808574,-23594.375,-5311.25,-20566.875
808586,-28004.375,-5954.375,-21170.625
808586,-28004.375,-5954.375,-21170.625
808596,-30703.75,-5530.0,-20129.375
808596,-30703.75,-5530.0,-20129.375
808607,-33350.625,-4668.125,-17224.375
808607,-33350.625,-4668.125,-17224.375
808617,-36798.125,-5875.625,-13654.375
808617,-36798.125,-5875.625,-13654.375
808627,-41203.75,-8820.0,-11283.125
808627,-41203.75,-8820.0,-11283.125
808637,-44948.75,-10863.125,-8833.125
808637,-44948.75,-10863.125,-8833.125
808648,-45456.25,-10399.375,-6046.25
808648,-45456.25,-10399.375,-6046.25
808658,-42997.5,-8351.875,-3123.75
808658,-42997.5,-8351.875,-3123.75
808668,-38080.0,-5569.375,-153.125
808668,-38080.0,-5569.375,-153.125
808679,-30546.25,-3163.125,2642.5
808679,-30546.25,-3163.125,2642.5
808689,-22640.625,-840.0,4528.125
808689,-22640.625,-840.0,4528.125
808699,-16043.125,1658.125,5455.625
808699,-16043.125,1658.125,5455.625
808709,-10710.0,3692.5,6111.875
808709,-10710.0,3692.5,6111.875
808720,-5993.75,6330.625,6908.125
808720,-5993.75,6330.625,6908.125
808730,-962.5,9401.875,7971.25
808730,-962.5,9401.875,7971.25
808740,3745.0,12586.875,8680.0
808740,3745.0,12586.875,8680.0
808751,6273.75,13938.75,10303.125
808751,6273.75,13938.75,10303.125
808761,6496.875,13816.25,12595.625
808761,6496.875,13816.25,12595.625
808771,7743.75,14459.375,13588.75
808771,7743.75,14459.375,13588.75
808782,10775.625,15824.375,13798.75
808782,10775.625,15824.375,13798.75
808792,11663.75,16585.625,13055.0
808792,11663.75,16585.625,13055.0
808803,12254.375,17963.75,11939.375
808803,12254.375,17963.75,11939.375
808813,13816.25,18519.375,11191.25
808813,13816.25,18519.375,11191.25
808823,14791.875,17994.375,10010.0
808823,14791.875,17994.375,10010.0
808833,14630.0,17027.5,8303.75
808833,14630.0,17027.5,8303.75
808844,13746.25,15365.0,7223.125
808844,13746.25,15365.0,7223.125
808854,11716.25,14087.5,6978.125
808854,11716.25,14087.5,6978.125
808864,9480.625,13453.125,8159.375
808864,9480.625,13453.125,8159.375
808875,6606.25,12429.375,9874.375
808875,6606.25,12429.375,9874.375
808885,3412.5,10928.75,11466.875
808885,3412.5,10928.75,11466.875
808895,-490.0,9253.125,11860.625
808895,-490.0,9253.125,11860.625
808906,-2738.75,7625.625,11913.125
808906,-2738.75,7625.625,11913.125
808916,-1820.0,7923.125,11497.5
808916,-1820.0,7923.125,11497.5
808926,818.125,10132.5,10570.0
808926,818.125,10132.5,10570.0
808936,4812.5,13374.375,9174.375
808936,4812.5,13374.375,9174.375
808947,10084.375,16213.75,7625.625
808947,10084.375,16213.75,7625.625
808957,15185.625,18685.625,6199.375
808957,15185.625,18685.625,6199.375
808967,18978.75,20090.0,5683.125
808967,18978.75,20090.0,5683.125
808978,20256.25,20776.875,5508.125
808978,20256.25,20776.875,5508.125
808988,19438.125,20440.0,6251.875
808988,19438.125,20440.0,6251.875
808999,18322.5,20098.75,7560.0
808999,18322.5,20098.75,7560.0
809008,17119.375,20020.0,8981.875
809008,17119.375,20020.0,8981.875
809019,16428.125,20046.25,9611.875
809019,16428.125,20046.25,9611.875
809029,16603.125,18536.875,9445.625
809029,16603.125,18536.875,9445.625
809040,16607.5,16397.5,9121.875
809040,16607.5,16397.5,9121.875
809050,16642.5,13956.25,9415.0
809050,16642.5,13956.25,9415.0
809060,17053.75,12306.875,9839.375
809060,17053.75,12306.875,9839.375
809071,16555.0,11550.0,10106.25
809071,16555.0,11550.0,10106.25
809081,14770.0,9445.625,9673.125
809081,14770.0,9445.625,9673.125
809091,12586.875,6037.5,8837.5
809091,12586.875,6037.5,8837.5
809102,9069.375,2817.5,8299.375
809102,9069.375,2817.5,8299.375
809112,5954.375,183.75,8968.75
809112,5954.375,183.75,8968.75
809122,4646.25,-1395.625,9568.125
809122,4646.25,-1395.625,9568.125
809132,5376.875,-1321.25,9086.875
809132,5376.875,-1321.25,9086.875
809143,7192.5,-910.0,8093.75
809143,7192.5,-910.0,8093.75
809154,9161.25,-1373.75,6973.75
809154,9161.25,-1373.75,6973.75
809163,8023.75,-2712.5,6081.25
809163,8023.75,-2712.5,6081.25
809174,4720.625,-4746.875,5530.0
809174,4720.625,-4746.875,5530.0
809184,3233.125,-6501.25,5674.375
809184,3233.125,-6501.25,5674.375
809195,3377.5,-6938.75,6588.75
809195,3377.5,-6938.75,6588.75
809205,4528.125,-5674.375,7297.5
809205,4528.125,-5674.375,7297.5
809215,6138.125,-4147.5,7761.25
809215,6138.125,-4147.5,7761.25
809225,7380.625,-3438.75,7778.75
809225,7380.625,-3438.75,7778.75
809235,7074.375,-3675.0,7573.125
809235,7074.375,-3675.0,7573.125
809245,5980.625,-4956.875,8373.75
809245,5980.625,-4956.875,8373.75
809256,5766.25,-5910.625,9515.625
809256,5766.25,-5910.625,9515.625
809267,6103.125,-5740.0,10421.25
809267,6103.125,-5740.0,10421.25
809277,6938.75,-5026.875,10727.5
809277,6938.75,-5026.875,10727.5
809287,8365.0,-4357.5,10596.25
809287,8365.0,-4357.5,10596.25
809298,9108.75,-3963.75,10045.0
809298,9108.75,-3963.75,10045.0
809308,8754.375,-3587.5,9716.875
809308,8754.375,-3587.5,9716.875
809318,7052.5,-3626.875,9340.625
809318,7052.5,-3626.875,9340.625
809329,6466.25,-4322.5,9506.875
809329,6466.25,-4322.5,9506.875
809339,6531.875,-4939.375,9528.75
809339,6531.875,-4939.375,9528.75
809350,6050.625,-4668.125,9091.25
809350,6050.625,-4668.125,9091.25
809359,5735.625,-4169.375,8610.0
809359,5735.625,-4169.375,8610.0
809370,5188.75,-3819.375,7599.375
809370,5188.75,-3819.375,7599.375
809380,3998.75,-3696.875,5985.0
809380,3998.75,-3696.875,5985.0
809390,4134.375,-2835.0,4808.125
809390,4134.375,-2835.0,4808.125
809401,2174.375,-2213.75,4943.75
809401,2174.375,-2213.75,4943.75
809411,-481.25,-1185.625,4830.0
809411,-481.25,-1185.625,4830.0
809422,-1553.125,-188.125,4475.625
809422,-1553.125,-188.125,4475.625
809432,-2524.375,61.25,3675.0
809432,-2524.375,61.25,3675.0
809442,-2511.25,586.25,2773.75
809442,-2511.25,586.25,2773.75
809452,-2047.5,1855.0,2546.25
809452,-2047.5,1855.0,2546.25
809462,-1850.625,4025.0,2541.875
809462,-1850.625,4025.0,2541.875
809473,-1491.875,6055.0,2616.25
809473,-1491.875,6055.0,2616.25
809483,-1032.5,6269.375,2800.0
809483,-1032.5,6269.375,2800.0
809494,-1688.75,4580.625,2375.625
809494,-1688.75,4580.625,2375.625
809504,-2388.75,3539.375,1820.0
809504,-2388.75,3539.375,1820.0
809514,-2450.0,2747.5,2388.75
809514,-2450.0,2747.5,2388.75
809524,-1452.5,3338.125,2441.25
809524,-1452.5,3338.125,2441.25
809535,577.5,3543.75,2638.125
809535,577.5,3543.75,2638.125
809545,1470.0,2870.0,2533.125
809545,1470.0,2870.0,2533.125
809554,2318.75,1758.75,2100.0
809554,2318.75,1758.75,2100.0
809566,2038.75,1001.875,1185.625
809566,2038.75,1001.875,1185.625
809576,1955.625,-201.25,1076.25
809576,1955.625,-201.25,1076.25
809586,2331.875,-1036.875,1365.0
809586,2331.875,-1036.875,1365.0
809597,2511.25,-848.75,1023.75
809597,2511.25,-848.75,1023.75
809607,3399.375,-555.625,459.375
809607,3399.375,-555.625,459.375
809617,3806.25,-1360.625,-446.25
809617,3806.25,-1360.625,-446.25
809628,2751.875,-2476.25,-1776.25
809628,2751.875,-2476.25,-1776.25
809638,2012.5,-3583.125,-2524.375
809638,2012.5,-3583.125,-2524.375
809649,1386.875,-4195.625,-3158.75
809649,1386.875,-4195.625,-3158.75
809659,1316.875,-4252.5,-3373.125
809659,1316.875,-4252.5,-3373.125
809669,1522.5,-3276.875,-3609.375
809669,1522.5,-3276.875,-3609.375
809679,2778.125,-1955.625,-3976.875
809679,2778.125,-1955.625,-3976.875
809690,3692.5,-1308.125,-4663.75
809690,3692.5,-1308.125,-4663.75
809700,3281.25,-1658.125,-5149.375
809700,3281.25,-1658.125,-5149.375
809710,1701.875,-1723.75,-4808.125
809710,1701.875,-1723.75,-4808.125
809721,253.75,-748.125,-4138.75
809721,253.75,-748.125,-4138.75
809731,350.0,883.75,-3412.5
809731,350.0,883.75,-3412.5
809741,1273.125,1876.875,-2983.75
809741,1273.125,1876.875,-2983.75
809752,1680.0,2213.75,-3491.25
809752,1680.0,2213.75,-3491.25
809762,485.625,1872.5,-3574.375
809762,485.625,1872.5,-3574.375
809772,-131.25,1513.75,-2913.75
809772,-131.25,1513.75,-2913.75
809783,371.875,1890.0,-2502.5
809783,371.875,1890.0,-2502.5
809793,1290.625,2218.125,-2143.75
809793,1290.625,2218.125,-2143.75
809803,1316.875,1995.0,-1815.625
809803,1316.875,1995.0,-1815.625
809813,310.625,1636.25,-1662.5
809813,310.625,1636.25,-1662.5
809824,-472.5,1190.0,-1220.625
809824,-472.5,1190.0,-1220.625
809834,-796.25,555.625,-765.625
809834,-796.25,555.625,-765.625
809845,-223.125,249.375,-791.875
809845,-223.125,249.375,-791.875
809855,638.75,-328.125,-791.875
809855,638.75,-328.125,-791.875
809865,962.5,-831.25,-848.75
809865,962.5,-831.25,-848.75
809875,481.25,-1719.375,-599.375
809875,481.25,-1719.375,-599.375
809886,-13.125,-2541.875,-638.75
809886,-13.125,-2541.875,-638.75
809896,48.125,-2541.875,-660.625
809896,48.125,-2541.875,-660.625
809906,-411.25,-2012.5,-380.625
809906,-411.25,-2012.5,-380.625
809917,-96.25,-1680.0,297.5
809917,-96.25,-1680.0,297.5
809927,621.25,-1544.375,770.0
809927,621.25,-1544.375,770.0
809937,818.125,-1295.0,717.5
809937,818.125,-1295.0,717.5
809948,1338.75,-1290.625,415.625
809948,1338.75,-1290.625,415.625
809958,2021.25,-1430.625,-21.875
809958,2021.25,-1430.625,-21.875
809968,1435.0,-1452.5,-503.125
809968,1435.0,-1452.5,-503.125
809979,140.0,-1789.375,-840.0
809979,140.0,-1789.375,-840.0
809989,-678.125,-1973.125,-1400.0
809989,-678.125,-1973.125,-1400.0
809999,-533.75,-1995.0,-1780.625
809999,-533.75,-1995.0,-1780.625
810010,-1198.75,-1885.625,-2314.375
810010,-1198.75,-1885.625,-2314.375
810020,-1579.375,-1684.375,-2598.75
810020,-1579.375,-1684.375,-2598.75
810030,-1763.125,-1487.5,-2830.625
810030,-1763.125,-1487.5,-2830.625
810041,-1750.0,-1207.5,-2922.5
810041,-1750.0,-1207.5,-2922.5
810051,-1955.625,-1391.25,-3250.625
810051,-1955.625,-1391.25,-3250.625
810061,-1216.25,-1382.5,-3430.0
810061,-1216.25,-1382.5,-3430.0
810071,-1194.375,-1211.875,-3574.375
810071,-1194.375,-1211.875,-3574.375
810082,-1806.875,-1465.625,-3456.25
810082,-1806.875,-1465.625,-3456.25
810092,-2126.25,-1071.875,-3368.75
810092,-2126.25,-1071.875,-3368.75
810102,-1876.875,-931.875,-3294.375
810102,-1876.875,-931.875,-3294.375
810113,-2121.875,-1356.25,-3167.5
810113,-2121.875,-1356.25,-3167.5
810123,-2143.75,-1680.0,-2970.625
810123,-2143.75,-1680.0,-2970.625
810133,-1478.75,-1662.5,-3241.875
810133,-1478.75,-1662.5,-3241.875
810144,-809.375,-1417.5,-3705.625
810144,-809.375,-1417.5,-3705.625
810154,-1146.25,-966.875,-3845.625
810154,-1146.25,-966.875,-3845.625
810165,-1596.875,-638.75,-3793.125
810165,-1596.875,-638.75,-3793.125
810175,-1863.75,-691.25,-3596.25
810175,-1863.75,-691.25,-3596.25
810185,-2073.75,-809.375,-3696.875
810185,-2073.75,-809.375,-3696.875
810195,-1881.25,-1478.75,-3823.75
810195,-1881.25,-1478.75,-3823.75
810206,-1557.5,-2261.875,-4051.25
810206,-1557.5,-2261.875,-4051.25
810216,-1251.25,-2769.375,-4506.25
810216,-1251.25,-2769.375,-4506.25
810226,345.625,-1456.875,-5394.375
810226,345.625,-1456.875,-5394.375
810237,-249.375,-2051.875,-4746.875
810237,-249.375,-2051.875,-4746.875
810247,-2576.875,-2021.25,-4698.75
810247,-2576.875,-2021.25,-4698.75
810257,-3806.25,-1028.125,-3871.875
810257,-3806.25,-1028.125,-3871.875
810267,-3596.25,175.0,-3718.75
810267,-3596.25,175.0,-3718.75
810277,-1986.25,1185.625,-4182.5
810277,-1986.25,1185.625,-4182.5
810288,-275.625,1776.25,-4821.25
810288,-275.625,1776.25,-4821.25
810298,756.875,1990.625,-5600.0
810298,756.875,1990.625,-5600.0
810309,1767.5,2143.75,-6527.5
810309,1767.5,2143.75,-6527.5
810319,4256.875,3206.875,-6991.25
810319,4256.875,3206.875,-6991.25
810329,4300.625,1824.375,-6391.875
810329,4300.625,1824.375,-6391.875
810340,4191.25,686.875,-6321.875
810340,4191.25,686.875,-6321.875
810350,4768.75,-665.0,-6654.375
810350,4768.75,-665.0,-6654.375
810361,7577.5,-2353.75,-6798.75
810361,7577.5,-2353.75,-6798.75
810371,13138.125,-4445.0,-7363.125
810371,13138.125,-4445.0,-7363.125
810381,19880.0,-6623.75,-8745.625
810381,19880.0,-6623.75,-8745.625
810391,27514.375,-7962.5,-8518.125
810391,27514.375,-7962.5,-8518.125
810401,32401.25,-9537.5,-6829.375
810401,32401.25,-9537.5,-6829.375
810412,40687.5,-11860.625,-4528.125
810412,40687.5,-11860.625,-4528.125
810422,55181.875,-14498.75,-4361.875
810422,55181.875,-14498.75,-4361.875
810433,69243.125,-19503.75,-3443.125
810433,69243.125,-19503.75,-3443.125
810443,77332.5,-22080.625,-2550.625
810443,77332.5,-22080.625,-2550.625
810453,85365.0,-24403.75,-1382.5
810453,85365.0,-24403.75,-1382.5
810463,97374.375,-31049.375,-3136.875
810463,97374.375,-31049.375,-3136.875
810474,138026.875,-77048.125,-23633.75
810474,138026.875,-77048.125,-23633.75
810484,143355.625,-74659.375,-27610.625
810484,143355.625,-74659.375,-27610.625
810494,126341.25,-68416.25,-22785.0
810494,126341.25,-68416.25,-22785.0
810505,116606.875,-55689.375,-30598.75
810505,116606.875,-55689.375,-30598.75
810515,136871.875,-44826.25,-39650.625
810515,136871.875,-44826.25,-39650.625
810525,143355.625,-34177.5,-55361.25
810525,143355.625,-34177.5,-55361.25
810536,143010.0,-3167.5,-87456.25
810536,143010.0,-3167.5,-87456.25
810546,136259.375,2296.875,-84665.0
810546,136259.375,2296.875,-84665.0
810557,139120.625,-3202.5,-61836.25
810557,139120.625,-3202.5,-61836.25
810566,143355.625,6365.625,-45924.375
810566,143355.625,6365.625,-45924.375
810577,136185.0,6181.875,-39300.625
810577,136185.0,6181.875,-39300.625
810587,118304.375,-3136.875,-40298.125
810587,118304.375,-3136.875,-40298.125
810598,108373.125,-10241.875,-43098.125
810598,108373.125,-10241.875,-43098.125
810608,107909.375,-13610.625,-46160.625
810608,107909.375,-13610.625,-46160.625
