796945,54.6875,460.9375,890.625,164.0625,-671.875,750.0,304.6875,-906.25,351.5625,546.875,-828.125,148.4375,523.4375,-789.0625,351.5625
796945,54.6875,460.9375,890.625,164.0625,-671.875,750.0,304.6875,-906.25,351.5625,546.875,-828.125,148.4375,523.4375,-789.0625,351.5625
796945,54.6875,460.9375,890.625,171.875,-671.875,757.8125,312.5,-906.25,359.375,539.0625,-828.125,148.4375,531.25,-781.25,343.75
796945,54.6875,460.9375,890.625,171.875,-671.875,757.8125,312.5,-906.25,359.375,539.0625,-828.125,148.4375,531.25,-781.25,343.75
796953,62.5,453.125,898.4375,156.25,-671.875,750.0,304.6875,-906.25,359.375,546.875,-828.125,148.4375,523.4375,-781.25,343.75
796953,62.5,453.125,898.4375,156.25,-671.875,750.0,304.6875,-906.25,359.375,546.875,-828.125,148.4375,523.4375,-781.25,343.75
796961,54.6875,453.125,898.4375,164.0625,-664.0625,742.1875,304.6875,-906.25,351.5625,539.0625,-835.9375,148.4375,531.25,-781.25,343.75
796961,54.6875,453.125,898.4375,164.0625,-664.0625,742.1875,304.6875,-906.25,351.5625,539.0625,-835.9375,148.4375,531.25,-781.25,343.75
797106,46.875,453.125,882.8125,164.0625,-671.875,750.0,304.6875,-906.25,359.375,546.875,-828.125,148.4375,531.25,-781.25,351.5625
797106,46.875,453.125,882.8125,164.0625,-671.875,750.0,304.6875,-906.25,359.375,546.875,-828.125,148.4375,531.25,-781.25,351.5625
797106,46.875,445.3125,890.625,164.0625,-671.875,750.0,312.5,-906.25,351.5625,539.0625,-828.125,148.4375,531.25,-773.4375,343.75
797106,46.875,445.3125,890.625,164.0625,-671.875,750.0,312.5,-906.25,351.5625,539.0625,-828.125,148.4375,531.25,-773.4375,343.75
797114,46.875,445.3125,898.4375,164.0625,-679.6875,750.0,304.6875,-906.25,351.5625,546.875,-835.9375,140.625,531.25,-781.25,335.9375
797114,46.875,445.3125,898.4375,164.0625,-679.6875,750.0,304.6875,-906.25,351.5625,546.875,-835.9375,140.625,531.25,-781.25,335.9375
797122,46.875,453.125,882.8125,164.0625,-671.875,742.1875,312.5,-906.25,351.5625,539.0625,-828.125,140.625,523.4375,-781.25,343.75
797122,46.875,453.125,882.8125,164.0625,-671.875,742.1875,312.5,-906.25,351.5625,539.0625,-828.125,140.625,523.4375,-781.25,343.75
797267,46.875,453.125,882.8125,164.0625,-679.6875,750.0,304.6875,-898.4375,351.5625,539.0625,-828.125,148.4375,531.25,-781.25,343.75
797267,46.875,453.125,882.8125,164.0625,-679.6875,750.0,304.6875,-898.4375,351.5625,539.0625,-828.125,148.4375,531.25,-781.25,343.75
797268,54.6875,445.3125,882.8125,164.0625,-671.875,750.0,312.5,-898.4375,343.75,539.0625,-828.125,140.625,531.25,-773.4375,343.75
797268,54.6875,445.3125,882.8125,164.0625,-671.875,750.0,312.5,-898.4375,343.75,539.0625,-828.125,140.625,531.25,-773.4375,343.75
797275,54.6875,445.3125,882.8125,156.25,-671.875,750.0,304.6875,-898.4375,359.375,539.0625,-828.125,148.4375,531.25,-781.25,343.75
797275,54.6875,445.3125,882.8125,156.25,-671.875,750.0,304.6875,-898.4375,359.375,539.0625,-828.125,148.4375,531.25,-781.25,343.75
797421,46.875,453.125,890.625,156.25,-671.875,750.0,304.6875,-906.25,359.375,546.875,-828.125,148.4375,531.25,-781.25,351.5625
797421,46.875,453.125,890.625,156.25,-671.875,750.0,304.6875,-906.25,359.375,546.875,-828.125,148.4375,531.25,-781.25,351.5625
797428,54.6875,453.125,882.8125,156.25,-671.875,757.8125,312.5,-898.4375,343.75,546.875,-835.9375,140.625,531.25,-781.25,351.5625
797428,54.6875,453.125,882.8125,156.25,-671.875,757.8125,312.5,-898.4375,343.75,546.875,-835.9375,140.625,531.25,-781.25,351.5625
797429,54.6875,453.125,882.8125,164.0625,-664.0625,750.0,312.5,-898.4375,351.5625,546.875,-828.125,148.4375,531.25,-781.25,335.9375
797429,54.6875,453.125,882.8125,164.0625,-664.0625,750.0,312.5,-898.4375,351.5625,546.875,-828.125,148.4375,531.25,-781.25,335.9375
797436,54.6875,453.125,890.625,164.0625,-671.875,750.0,320.3125,-898.4375,351.5625,546.875,-828.125,140.625,531.25,-781.25,343.75
797436,54.6875,453.125,890.625,164.0625,-671.875,750.0,320.3125,-898.4375,351.5625,546.875,-828.125,140.625,531.25,-781.25,343.75
797582,46.875,437.5,890.625,164.0625,-671.875,757.8125,312.5,-898.4375,351.5625,539.0625,-828.125,148.4375,531.25,-781.25,351.5625
797582,46.875,437.5,890.625,164.0625,-671.875,757.8125,312.5,-898.4375,351.5625,539.0625,-828.125,148.4375,531.25,-781.25,351.5625
797590,54.6875,437.5,882.8125,156.25,-671.875,750.0,312.5,-898.4375,359.375,539.0625,-820.3125,140.625,523.4375,-781.25,343.75
797590,54.6875,437.5,882.8125,156.25,-671.875,750.0,312.5,-898.4375,359.375,539.0625,-820.3125,140.625,523.4375,-781.25,343.75
797590,54.6875,453.125,890.625,156.25,-664.0625,750.0,312.5,-906.25,351.5625,539.0625,-828.125,140.625,531.25,-781.25,343.75
797590,54.6875,453.125,890.625,156.25,-664.0625,750.0,312.5,-906.25,351.5625,539.0625,-828.125,140.625,531.25,-781.25,343.75
797598,46.875,453.125,882.8125,156.25,-664.0625,742.1875,304.6875,-898.4375,351.5625,539.0625,-820.3125,148.4375,531.25,-781.25,343.75
797598,46.875,453.125,882.8125,156.25,-664.0625,742.1875,304.6875,-898.4375,351.5625,539.0625,-820.3125,148.4375,531.25,-781.25,343.75
797744,46.875,445.3125,875.0,171.875,-664.0625,750.0,312.5,-898.4375,343.75,539.0625,-835.9375,148.4375,531.25,-773.4375,343.75
797744,46.875,445.3125,875.0,171.875,-664.0625,750.0,312.5,-898.4375,343.75,539.0625,-835.9375,148.4375,531.25,-773.4375,343.75
797751,46.875,445.3125,898.4375,171.875,-671.875,750.0,304.6875,-906.25,359.375,546.875,-828.125,140.625,531.25,-781.25,351.5625
797751,46.875,445.3125,898.4375,171.875,-671.875,750.0,304.6875,-906.25,359.375,546.875,-828.125,140.625,531.25,-781.25,351.5625
797752,46.875,445.3125,890.625,164.0625,-671.875,750.0,312.5,-898.4375,351.5625,539.0625,-835.9375,132.8125,531.25,-781.25,343.75
797752,46.875,445.3125,890.625,164.0625,-671.875,750.0,312.5,-898.4375,351.5625,539.0625,-835.9375,132.8125,531.25,-781.25,343.75
797759,46.875,445.3125,882.8125,156.25,-671.875,750.0,312.5,-906.25,359.375,546.875,-835.9375,148.4375,531.25,-781.25,343.75
797759,46.875,445.3125,882.8125,156.25,-671.875,750.0,312.5,-906.25,359.375,546.875,-835.9375,148.4375,531.25,-781.25,343.75
797905,46.875,453.125,875.0,156.25,-664.0625,757.8125,304.6875,-890.625,367.1875,539.0625,-828.125,148.4375,523.4375,-781.25,343.75
797905,46.875,453.125,875.0,156.25,-664.0625,757.8125,304.6875,-890.625,367.1875,539.0625,-828.125,148.4375,523.4375,-781.25,343.75
797913,46.875,445.3125,882.8125,164.0625,-664.0625,757.8125,304.6875,-898.4375,359.375,546.875,-828.125,148.4375,531.25,-781.25,351.5625
797913,46.875,445.3125,882.8125,164.0625,-664.0625,757.8125,304.6875,-898.4375,359.375,546.875,-828.125,148.4375,531.25,-781.25,351.5625
797913,54.6875,453.125,882.8125,164.0625,-656.25,750.0,304.6875,-906.25,359.375,546.875,-828.125,148.4375,523.4375,-773.4375,351.5625
797913,54.6875,453.125,882.8125,164.0625,-656.25,750.0,304.6875,-906.25,359.375,546.875,-828.125,148.4375,523.4375,-773.4375,351.5625
797921,46.875,445.3125,890.625,164.0625,-671.875,757.8125,304.6875,-906.25,351.5625,539.0625,-828.125,148.4375,523.4375,-773.4375,351.5625
797921,46.875,445.3125,890.625,164.0625,-671.875,757.8125,304.6875,-906.25,351.5625,539.0625,-828.125,148.4375,523.4375,-773.4375,351.5625
798066,46.875,445.3125,882.8125,171.875,-664.0625,750.0,296.875,-898.4375,351.5625,539.0625,-820.3125,148.4375,531.25,-773.4375,343.75
798066,46.875,445.3125,882.8125,171.875,-664.0625,750.0,296.875,-898.4375,351.5625,539.0625,-820.3125,148.4375,531.25,-773.4375,343.75
798074,46.875,445.3125,882.8125,164.0625,-664.0625,750.0,304.6875,-898.4375,351.5625,546.875,-820.3125,140.625,523.4375,-773.4375,335.9375
798074,46.875,445.3125,882.8125,164.0625,-664.0625,750.0,304.6875,-898.4375,351.5625,546.875,-820.3125,140.625,523.4375,-773.4375,335.9375
798074,54.6875,445.3125,882.8125,164.0625,-664.0625,750.0,304.6875,-898.4375,351.5625,539.0625,-820.3125,148.4375,531.25,-781.25,335.9375
798074,54.6875,445.3125,882.8125,164.0625,-664.0625,750.0,304.6875,-898.4375,351.5625,539.0625,-820.3125,148.4375,531.25,-781.25,335.9375
798082,54.6875,453.125,890.625,164.0625,-664.0625,742.1875,304.6875,-890.625,343.75,539.0625,-828.125,148.4375,531.25,-781.25,343.75
798082,54.6875,453.125,890.625,164.0625,-664.0625,742.1875,304.6875,-890.625,343.75,539.0625,-828.125,148.4375,531.25,-781.25,343.75
798227,62.5,460.9375,898.4375,164.0625,-671.875,750.0,304.6875,-898.4375,351.5625,546.875,-828.125,140.625,531.25,-781.25,343.75
798227,62.5,460.9375,898.4375,164.0625,-671.875,750.0,304.6875,-898.4375,351.5625,546.875,-828.125,140.625,531.25,-781.25,343.75
798235,54.6875,445.3125,882.8125,164.0625,-671.875,750.0,312.5,-906.25,343.75,546.875,-835.9375,148.4375,523.4375,-781.25,343.75
798235,54.6875,445.3125,882.8125,164.0625,-671.875,750.0,312.5,-906.25,343.75,546.875,-835.9375,148.4375,523.4375,-781.25,343.75
798235,54.6875,437.5,898.4375,164.0625,-671.875,742.1875,304.6875,-906.25,359.375,539.0625,-828.125,148.4375,531.25,-781.25,351.5625
798235,54.6875,437.5,898.4375,164.0625,-671.875,742.1875,304.6875,-906.25,359.375,539.0625,-828.125,148.4375,531.25,-781.25,351.5625
798242,46.875,445.3125,882.8125,156.25,-664.0625,750.0,304.6875,-906.25,351.5625,539.0625,-828.125,140.625,523.4375,-781.25,343.75
798242,46.875,445.3125,882.8125,156.25,-664.0625,750.0,304.6875,-906.25,351.5625,539.0625,-828.125,140.625,523.4375,-781.25,343.75
798388,54.6875,445.3125,875.0,156.25,-671.875,750.0,312.5,-906.25,351.5625,539.0625,-835.9375,148.4375,531.25,-781.25,343.75
798388,54.6875,445.3125,875.0,156.25,-671.875,750.0,312.5,-906.25,351.5625,539.0625,-835.9375,148.4375,531.25,-781.25,343.75
798396,39.0625,453.125,882.8125,156.25,-671.875,750.0,312.5,-906.25,359.375,539.0625,-835.9375,148.4375,531.25,-781.25,343.75
798396,39.0625,453.125,882.8125,156.25,-671.875,750.0,312.5,-906.25,359.375,539.0625,-835.9375,148.4375,531.25,-781.25,343.75
798396,39.0625,453.125,882.8125,164.0625,-664.0625,750.0,312.5,-906.25,351.5625,531.25,-820.3125,148.4375,523.4375,-781.25,343.75
798396,39.0625,453.125,882.8125,164.0625,-664.0625,750.0,312.5,-906.25,351.5625,531.25,-820.3125,148.4375,523.4375,-781.25,343.75
798404,46.875,453.125,898.4375,164.0625,-671.875,750.0,304.6875,-898.4375,351.5625,546.875,-828.125,148.4375,531.25,-789.0625,335.9375
798404,46.875,453.125,898.4375,164.0625,-671.875,750.0,304.6875,-898.4375,351.5625,546.875,-828.125,148.4375,531.25,-789.0625,335.9375
798533,54.6875,453.125,890.625,171.875,-671.875,765.625,312.5,-906.25,367.1875,562.5,-835.9375,148.4375,539.0625,-781.25,359.375
798533,54.6875,453.125,890.625,171.875,-671.875,765.625,312.5,-906.25,367.1875,562.5,-835.9375,148.4375,539.0625,-781.25,359.375
798534,62.5,445.3125,882.8125,164.0625,-664.0625,765.625,312.5,-906.25,359.375,546.875,-835.9375,148.4375,539.0625,-781.25,359.375
798534,62.5,445.3125,882.8125,164.0625,-664.0625,765.625,312.5,-906.25,359.375,546.875,-835.9375,148.4375,539.0625,-781.25,359.375
798541,54.6875,460.9375,898.4375,164.0625,-671.875,765.625,320.3125,-914.0625,367.1875,546.875,-835.9375,156.25,546.875,-789.0625,367.1875
798541,54.6875,460.9375,898.4375,164.0625,-671.875,765.625,320.3125,-914.0625,367.1875,546.875,-835.9375,156.25,546.875,-789.0625,367.1875
798549,54.6875,460.9375,906.25,164.0625,-671.875,765.625,312.5,-914.0625,359.375,554.6875,-835.9375,148.4375,546.875,-781.25,359.375
798549,54.6875,460.9375,906.25,164.0625,-671.875,765.625,312.5,-914.0625,359.375,554.6875,-835.9375,148.4375,546.875,-781.25,359.375
798695,132.8125,640.625,1101.5625,335.9375,-664.0625,976.5625,460.9375,-960.9375,398.4375,726.5625,-937.5,367.1875,570.3125,-1085.9375,554.6875
798695,132.8125,640.625,1101.5625,335.9375,-664.0625,976.5625,460.9375,-960.9375,398.4375,726.5625,-937.5,367.1875,570.3125,-1085.9375,554.6875
798695,179.6875,625.0,1000.0,140.625,-882.8125,1187.5,429.6875,-1375.0,812.5,1000.0,-968.75,328.125,648.4375,-1000.0,601.5625
798695,179.6875,625.0,1000.0,140.625,-882.8125,1187.5,429.6875,-1375.0,812.5,1000.0,-968.75,328.125,648.4375,-1000.0,601.5625
798703,203.125,601.5625,1000.0,101.5625,-929.6875,1085.9375,429.6875,-851.5625,632.8125,710.9375,-1046.875,406.25,765.625,-984.375,664.0625
798703,203.125,601.5625,1000.0,101.5625,-929.6875,1085.9375,429.6875,-851.5625,632.8125,710.9375,-1046.875,406.25,765.625,-984.375,664.0625
798710,203.125,625.0,1078.125,421.875,-679.6875,1140.625,585.9375,-1210.9375,687.5,914.0625,-992.1875,382.8125,804.6875,-867.1875,640.625
798710,203.125,625.0,1078.125,421.875,-679.6875,1140.625,585.9375,-1210.9375,687.5,914.0625,-992.1875,382.8125,804.6875,-867.1875,640.625
798856,-546.875,-148.4375,367.1875,281.25,-984.375,585.9375,375.0,-703.125,289.0625,617.1875,-695.3125,148.4375,554.6875,-617.1875,351.5625
798856,-546.875,-148.4375,367.1875,281.25,-984.375,585.9375,375.0,-703.125,289.0625,617.1875,-695.3125,148.4375,554.6875,-617.1875,351.5625
798856,-570.3125,-117.1875,359.375,148.4375,-906.25,429.6875,265.625,-671.875,203.125,523.4375,-648.4375,70.3125,578.125,-468.75,390.625
798856,-570.3125,-117.1875,359.375,148.4375,-906.25,429.6875,265.625,-671.875,203.125,523.4375,-648.4375,70.3125,578.125,-468.75,390.625
798864,-609.375,-54.6875,351.5625,15.625,-773.4375,281.25,187.5,-679.6875,117.1875,468.75,-625.0,15.625,570.3125,-515.625,304.6875
798864,-609.375,-54.6875,351.5625,15.625,-773.4375,281.25,187.5,-679.6875,117.1875,468.75,-625.0,15.625,570.3125,-515.625,304.6875
798872,-625.0,15.625,343.75,-109.375,-695.3125,171.875,148.4375,-703.125,31.25,437.5,-640.625,-54.6875,562.5,-656.25,281.25
798872,-625.0,15.625,343.75,-109.375,-695.3125,171.875,148.4375,-703.125,31.25,437.5,-640.625,-54.6875,562.5,-656.25,281.25
799017,-484.375,281.25,398.4375,-492.1875,-265.625,500.0,-437.5,-437.5,320.3125,-320.3125,-625.0,85.9375,-304.6875,-562.5,125.0
799017,-484.375,281.25,398.4375,-492.1875,-265.625,500.0,-437.5,-437.5,320.3125,-320.3125,-625.0,85.9375,-304.6875,-562.5,125.0
799018,-578.125,218.75,382.8125,-406.25,-234.375,546.875,-390.625,-421.875,367.1875,-289.0625,-601.5625,132.8125,-312.5,-578.125,140.625
799018,-578.125,218.75,382.8125,-406.25,-234.375,546.875,-390.625,-421.875,367.1875,-289.0625,-601.5625,132.8125,-312.5,-578.125,140.625
799026,-578.125,187.5,289.0625,-359.375,-218.75,609.375,-351.5625,-421.875,421.875,-265.625,-601.5625,148.4375,-312.5,-585.9375,132.8125
799026,-578.125,187.5,289.0625,-359.375,-218.75,609.375,-351.5625,-421.875,421.875,-265.625,-601.5625,148.4375,-312.5,-585.9375,132.8125
799033,-585.9375,187.5,203.125,-328.125,-234.375,632.8125,-312.5,-414.0625,460.9375,-257.8125,-609.375,179.6875,-328.125,-593.75,125.0
799033,-585.9375,187.5,203.125,-328.125,-234.375,632.8125,-312.5,-414.0625,460.9375,-257.8125,-609.375,179.6875,-328.125,-593.75,125.0
799179,-625.0,1257.8125,507.8125,31.25,-617.1875,1421.875,54.6875,-1093.75,1195.3125,234.375,-1437.5,789.0625,-265.625,-1328.125,914.0625
799179,-625.0,1257.8125,507.8125,31.25,-617.1875,1421.875,54.6875,-1093.75,1195.3125,234.375,-1437.5,789.0625,-265.625,-1328.125,914.0625
799179,-656.25,1328.125,523.4375,7.8125,-625.0,1468.75,23.4375,-1093.75,1210.9375,148.4375,-1445.3125,773.4375,-351.5625,-1343.75,890.625
799179,-656.25,1328.125,523.4375,7.8125,-625.0,1468.75,23.4375,-1093.75,1210.9375,148.4375,-1445.3125,773.4375,-351.5625,-1343.75,890.625
799187,-671.875,1390.625,554.6875,-7.8125,-609.375,1507.8125,-15.625,-1093.75,1242.1875,78.125,-1453.125,773.4375,-429.6875,-1335.9375,859.375
799187,-671.875,1390.625,554.6875,-7.8125,-609.375,1507.8125,-15.625,-1093.75,1242.1875,78.125,-1453.125,773.4375,-429.6875,-1335.9375,859.375
799195,-679.6875,1445.3125,570.3125,-46.875,-609.375,1562.5,-62.5,-1101.5625,1273.4375,7.8125,-1476.5625,789.0625,-484.375,-1343.75,851.5625
799195,-679.6875,1445.3125,570.3125,-46.875,-609.375,1562.5,-62.5,-1101.5625,1273.4375,7.8125,-1476.5625,789.0625,-484.375,-1343.75,851.5625
799340,-843.75,1070.3125,117.1875,-328.125,-62.5,1257.8125,-289.0625,-468.75,1148.4375,-265.625,-906.25,843.75,-625.0,-750.0,773.4375
799340,-843.75,1070.3125,117.1875,-328.125,-62.5,1257.8125,-289.0625,-468.75,1148.4375,-265.625,-906.25,843.75,-625.0,-750.0,773.4375
799340,-820.3125,1031.25,125.0,-343.75,-62.5,1234.375,-304.6875,-453.125,1109.375,-257.8125,-898.4375,828.125,-601.5625,-742.1875,781.25
799340,-820.3125,1031.25,125.0,-343.75,-62.5,1234.375,-304.6875,-453.125,1109.375,-257.8125,-898.4375,828.125,-601.5625,-742.1875,781.25
799348,-820.3125,992.1875,125.0,-335.9375,-62.5,1195.3125,-289.0625,-437.5,1085.9375,-257.8125,-882.8125,812.5,-562.5,-726.5625,773.4375
799348,-820.3125,992.1875,125.0,-335.9375,-62.5,1195.3125,-289.0625,-437.5,1085.9375,-257.8125,-882.8125,812.5,-562.5,-726.5625,773.4375
799356,-820.3125,953.125,117.1875,-343.75,-54.6875,1171.875,-281.25,-421.875,1062.5,-218.75,-859.375,796.875,-531.25,-710.9375,773.4375
799356,-820.3125,953.125,117.1875,-343.75,-54.6875,1171.875,-281.25,-421.875,1062.5,-218.75,-859.375,796.875,-531.25,-710.9375,773.4375
799501,-640.625,468.75,-101.5625,-226.5625,70.3125,757.8125,-140.625,-179.6875,781.25,-93.75,-507.8125,648.4375,-304.6875,-398.4375,671.875
799501,-640.625,468.75,-101.5625,-226.5625,70.3125,757.8125,-140.625,-179.6875,781.25,-93.75,-507.8125,648.4375,-304.6875,-398.4375,671.875
799501,-640.625,453.125,-101.5625,-234.375,85.9375,726.5625,-125.0,-156.25,750.0,-85.9375,-476.5625,640.625,-281.25,-375.0,671.875
799501,-640.625,453.125,-101.5625,-234.375,85.9375,726.5625,-125.0,-156.25,750.0,-85.9375,-476.5625,640.625,-281.25,-375.0,671.875
799509,-625.0,421.875,-85.9375,-257.8125,85.9375,703.125,-125.0,-132.8125,734.375,-70.3125,-460.9375,625.0,-242.1875,-367.1875,656.25
799509,-625.0,421.875,-85.9375,-257.8125,85.9375,703.125,-125.0,-132.8125,734.375,-70.3125,-460.9375,625.0,-242.1875,-367.1875,656.25
799517,-609.375,414.0625,-85.9375,-250.0,85.9375,679.6875,-125.0,-140.625,710.9375,-62.5,-445.3125,601.5625,-234.375,-351.5625,632.8125
799517,-609.375,414.0625,-85.9375,-250.0,85.9375,679.6875,-125.0,-140.625,710.9375,-62.5,-445.3125,601.5625,-234.375,-351.5625,632.8125
799662,-265.625,468.75,312.5,-85.9375,-273.4375,429.6875,-132.8125,-390.625,257.8125,-101.5625,-484.375,31.25,-203.125,-476.5625,15.625
799662,-265.625,468.75,312.5,-85.9375,-273.4375,429.6875,-132.8125,-390.625,257.8125,-101.5625,-484.375,31.25,-203.125,-476.5625,15.625
799663,-226.5625,476.5625,351.5625,-85.9375,-289.0625,414.0625,-132.8125,-421.875,218.75,-109.375,-476.5625,7.8125,-203.125,-484.375,-39.0625
799663,-226.5625,476.5625,351.5625,-85.9375,-289.0625,414.0625,-132.8125,-421.875,218.75,-109.375,-476.5625,7.8125,-203.125,-484.375,-39.0625
799671,-195.3125,460.9375,359.375,-85.9375,-320.3125,406.25,-132.8125,-437.5,210.9375,-125.0,-492.1875,-39.0625,-210.9375,-500.0,-62.5
799671,-195.3125,460.9375,359.375,-85.9375,-320.3125,406.25,-132.8125,-437.5,210.9375,-125.0,-492.1875,-39.0625,-210.9375,-500.0,-62.5
799678,-218.75,429.6875,382.8125,-93.75,-359.375,382.8125,-140.625,-468.75,171.875,-101.5625,-515.625,-62.5,-195.3125,-562.5,-78.125
799678,-218.75,429.6875,382.8125,-93.75,-359.375,382.8125,-140.625,-468.75,171.875,-101.5625,-515.625,-62.5,-195.3125,-562.5,-78.125
799824,-187.5,265.625,531.25,-132.8125,-507.8125,320.3125,-132.8125,-593.75,78.125,-39.0625,-578.125,-179.6875,-85.9375,-632.8125,-148.4375
799824,-187.5,265.625,531.25,-132.8125,-507.8125,320.3125,-132.8125,-593.75,78.125,-39.0625,-578.125,-179.6875,-85.9375,-632.8125,-148.4375
799824,-210.9375,234.375,531.25,-109.375,-570.3125,328.125,-109.375,-656.25,109.375,23.4375,-664.0625,-164.0625,-54.6875,-703.125,-70.3125
799824,-210.9375,234.375,531.25,-109.375,-570.3125,328.125,-109.375,-656.25,109.375,23.4375,-664.0625,-164.0625,-54.6875,-703.125,-70.3125
799832,-210.9375,195.3125,523.4375,-101.5625,-617.1875,335.9375,-78.125,-718.75,132.8125,78.125,-742.1875,-140.625,-31.25,-773.4375,0.0
799832,-210.9375,195.3125,523.4375,-101.5625,-617.1875,335.9375,-78.125,-718.75,132.8125,78.125,-742.1875,-140.625,-31.25,-773.4375,0.0
799840,-195.3125,164.0625,523.4375,-78.125,-671.875,343.75,-46.875,-781.25,140.625,125.0,-804.6875,-125.0,0.0,-835.9375,54.6875
799840,-195.3125,164.0625,523.4375,-78.125,-671.875,343.75,-46.875,-781.25,140.625,125.0,-804.6875,-125.0,0.0,-835.9375,54.6875
799864,-93.75,179.6875,570.3125,23.4375,-773.4375,398.4375,39.0625,-906.25,195.3125,250.0,-921.875,-85.9375,85.9375,-953.125,164.0625
799864,-93.75,179.6875,570.3125,23.4375,-773.4375,398.4375,39.0625,-906.25,195.3125,250.0,-921.875,-85.9375,85.9375,-953.125,164.0625
799864,-62.5,210.9375,570.3125,46.875,-773.4375,398.4375,46.875,-898.4375,203.125,250.0,-914.0625,-85.9375,85.9375,-937.5,156.25
799864,-62.5,210.9375,570.3125,46.875,-773.4375,398.4375,46.875,-898.4375,203.125,250.0,-914.0625,-85.9375,85.9375,-937.5,156.25
799872,-62.5,242.1875,570.3125,62.5,-734.375,421.875,62.5,-867.1875,210.9375,234.375,-890.625,-93.75,78.125,-914.0625,132.8125
799872,-62.5,242.1875,570.3125,62.5,-734.375,421.875,62.5,-867.1875,210.9375,234.375,-890.625,-93.75,78.125,-914.0625,132.8125
799880,-46.875,289.0625,562.5,78.125,-695.3125,421.875,62.5,-835.9375,187.5,234.375,-835.9375,-101.5625,78.125,-875.0,93.75
799880,-46.875,289.0625,562.5,78.125,-695.3125,421.875,62.5,-835.9375,187.5,234.375,-835.9375,-101.5625,78.125,-875.0,93.75
799943,15.625,117.1875,546.875,-23.4375,-578.125,54.6875,7.8125,-585.9375,-203.125,179.6875,-468.75,-437.5,257.8125,-617.1875,-320.3125
799943,15.625,117.1875,546.875,-23.4375,-578.125,54.6875,7.8125,-585.9375,-203.125,179.6875,-468.75,-437.5,257.8125,-617.1875,-320.3125
799945,31.25,46.875,554.6875,-15.625,-664.0625,23.4375,23.4375,-671.875,-226.5625,218.75,-546.875,-445.3125,273.4375,-695.3125,-296.875
799945,31.25,46.875,554.6875,-15.625,-664.0625,23.4375,23.4375,-671.875,-226.5625,218.75,-546.875,-445.3125,273.4375,-695.3125,-296.875
799953,78.125,15.625,593.75,31.25,-773.4375,23.4375,54.6875,-796.875,-226.5625,265.625,-632.8125,-453.125,273.4375,-781.25,-265.625
799953,78.125,15.625,593.75,31.25,-773.4375,23.4375,54.6875,-796.875,-226.5625,265.625,-632.8125,-453.125,273.4375,-781.25,-265.625
799961,148.4375,31.25,656.25,109.375,-867.1875,46.875,93.75,-898.4375,-210.9375,304.6875,-750.0,-484.375,273.4375,-875.0,-242.1875
799961,148.4375,31.25,656.25,109.375,-867.1875,46.875,93.75,-898.4375,-210.9375,304.6875,-750.0,-484.375,273.4375,-875.0,-242.1875
