806059,39.0625,500.0,859.375,93.75,-609.375,820.3125,242.1875,-921.875,375.0,562.5,-828.125,179.6875,562.5,-773.4375,312.5
806059,39.0625,500.0,859.375,93.75,-609.375,820.3125,242.1875,-921.875,375.0,562.5,-828.125,179.6875,562.5,-773.4375,312.5
806059,39.0625,500.0,867.1875,85.9375,-609.375,820.3125,234.375,-914.0625,382.8125,554.6875,-828.125,171.875,562.5,-781.25,312.5
806059,39.0625,500.0,867.1875,85.9375,-609.375,820.3125,234.375,-914.0625,382.8125,554.6875,-828.125,171.875,562.5,-781.25,312.5
806067,39.0625,500.0,867.1875,85.9375,-609.375,820.3125,234.375,-921.875,375.0,546.875,-828.125,179.6875,562.5,-781.25,312.5
806067,39.0625,500.0,867.1875,85.9375,-609.375,820.3125,234.375,-921.875,375.0,546.875,-828.125,179.6875,562.5,-781.25,312.5
806075,39.0625,492.1875,867.1875,85.9375,-609.375,820.3125,242.1875,-921.875,375.0,554.6875,-828.125,171.875,562.5,-789.0625,312.5
806075,39.0625,492.1875,867.1875,85.9375,-609.375,820.3125,242.1875,-921.875,375.0,554.6875,-828.125,171.875,562.5,-789.0625,312.5
806139,31.25,492.1875,859.375,85.9375,-609.375,812.5,234.375,-914.0625,375.0,531.25,-820.3125,179.6875,562.5,-773.4375,304.6875
806139,31.25,492.1875,859.375,85.9375,-609.375,812.5,234.375,-914.0625,375.0,531.25,-820.3125,179.6875,562.5,-773.4375,304.6875
806140,31.25,500.0,859.375,85.9375,-601.5625,804.6875,226.5625,-914.0625,375.0,539.0625,-812.5,179.6875,554.6875,-773.4375,312.5
806140,31.25,500.0,859.375,85.9375,-601.5625,804.6875,226.5625,-914.0625,375.0,539.0625,-812.5,179.6875,554.6875,-773.4375,312.5
806147,23.4375,500.0,859.375,85.9375,-601.5625,812.5,234.375,-906.25,375.0,539.0625,-812.5,171.875,554.6875,-773.4375,304.6875
806147,23.4375,500.0,859.375,85.9375,-601.5625,812.5,234.375,-906.25,375.0,539.0625,-812.5,171.875,554.6875,-773.4375,304.6875
806155,31.25,500.0,867.1875,93.75,-609.375,812.5,226.5625,-906.25,375.0,539.0625,-812.5,171.875,554.6875,-765.625,304.6875
806155,31.25,500.0,867.1875,93.75,-609.375,812.5,226.5625,-906.25,375.0,539.0625,-812.5,171.875,554.6875,-765.625,304.6875
806260,23.4375,492.1875,859.375,85.9375,-609.375,820.3125,226.5625,-914.0625,375.0,546.875,-820.3125,164.0625,562.5,-765.625,312.5
806260,23.4375,492.1875,859.375,85.9375,-609.375,820.3125,226.5625,-914.0625,375.0,546.875,-820.3125,164.0625,562.5,-765.625,312.5
806260,31.25,500.0,867.1875,93.75,-609.375,820.3125,234.375,-914.0625,375.0,539.0625,-835.9375,179.6875,554.6875,-773.4375,312.5
806260,31.25,500.0,867.1875,93.75,-609.375,820.3125,234.375,-914.0625,375.0,539.0625,-835.9375,179.6875,554.6875,-773.4375,312.5
806268,31.25,500.0,859.375,93.75,-601.5625,828.125,226.5625,-914.0625,382.8125,546.875,-820.3125,171.875,562.5,-773.4375,312.5
806268,31.25,500.0,859.375,93.75,-601.5625,828.125,226.5625,-914.0625,382.8125,546.875,-820.3125,171.875,562.5,-773.4375,312.5
806276,39.0625,500.0,875.0,85.9375,-609.375,828.125,234.375,-914.0625,382.8125,554.6875,-820.3125,164.0625,562.5,-773.4375,312.5
806276,39.0625,500.0,875.0,85.9375,-609.375,828.125,234.375,-914.0625,382.8125,554.6875,-820.3125,164.0625,562.5,-773.4375,312.5
806301,39.0625,507.8125,859.375,78.125,-601.5625,820.3125,226.5625,-906.25,390.625,539.0625,-828.125,179.6875,554.6875,-773.4375,312.5
806301,39.0625,507.8125,859.375,78.125,-601.5625,820.3125,226.5625,-906.25,390.625,539.0625,-828.125,179.6875,554.6875,-773.4375,312.5
806301,31.25,515.625,859.375,93.75,-601.5625,820.3125,226.5625,-914.0625,390.625,554.6875,-820.3125,187.5,554.6875,-781.25,304.6875
806301,31.25,515.625,859.375,93.75,-601.5625,820.3125,226.5625,-914.0625,390.625,554.6875,-820.3125,187.5,554.6875,-781.25,304.6875
806309,31.25,507.8125,867.1875,85.9375,-609.375,820.3125,226.5625,-914.0625,382.8125,546.875,-820.3125,179.6875,562.5,-773.4375,320.3125
806309,31.25,507.8125,867.1875,85.9375,-609.375,820.3125,226.5625,-914.0625,382.8125,546.875,-820.3125,179.6875,562.5,-773.4375,320.3125
806317,31.25,500.0,867.1875,85.9375,-609.375,820.3125,226.5625,-914.0625,382.8125,546.875,-820.3125,187.5,554.6875,-781.25,312.5
806317,31.25,500.0,867.1875,85.9375,-609.375,820.3125,226.5625,-914.0625,382.8125,546.875,-820.3125,187.5,554.6875,-781.25,312.5
806623,101.5625,554.6875,867.1875,117.1875,-687.5,937.5,312.5,-914.0625,468.75,640.625,-851.5625,257.8125,648.4375,-812.5,406.25
806623,101.5625,554.6875,867.1875,117.1875,-687.5,937.5,312.5,-914.0625,468.75,640.625,-851.5625,257.8125,648.4375,-812.5,406.25
806624,101.5625,546.875,859.375,203.125,-531.25,875.0,296.875,-968.75,484.375,632.8125,-851.5625,265.625,632.8125,-820.3125,421.875
806624,101.5625,546.875,859.375,203.125,-531.25,875.0,296.875,-968.75,484.375,632.8125,-851.5625,265.625,632.8125,-820.3125,421.875
806631,101.5625,539.0625,867.1875,328.125,-515.625,976.5625,343.75,-968.75,468.75,671.875,-867.1875,273.4375,632.8125,-820.3125,398.4375
806631,101.5625,539.0625,867.1875,328.125,-515.625,976.5625,343.75,-968.75,468.75,671.875,-867.1875,273.4375,632.8125,-820.3125,398.4375
806639,117.1875,546.875,875.0,-23.4375,-750.0,921.875,328.125,-984.375,500.0,695.3125,-882.8125,265.625,656.25,-835.9375,421.875
806639,117.1875,546.875,875.0,-23.4375,-750.0,921.875,328.125,-984.375,500.0,695.3125,-882.8125,265.625,656.25,-835.9375,421.875
806784,-46.875,765.625,914.0625,148.4375,-562.5,968.75,289.0625,-937.5,546.875,625.0,-859.375,328.125,578.125,-875.0,390.625
806784,-46.875,765.625,914.0625,148.4375,-562.5,968.75,289.0625,-937.5,546.875,625.0,-859.375,328.125,578.125,-875.0,390.625
806785,-54.6875,773.4375,906.25,140.625,-554.6875,960.9375,281.25,-929.6875,554.6875,609.375,-851.5625,328.125,523.4375,-820.3125,398.4375
806785,-54.6875,773.4375,906.25,140.625,-554.6875,960.9375,281.25,-929.6875,554.6875,609.375,-851.5625,328.125,523.4375,-820.3125,398.4375
806792,-70.3125,781.25,882.8125,125.0,-546.875,976.5625,265.625,-914.0625,570.3125,585.9375,-859.375,343.75,539.0625,-820.3125,437.5
806792,-70.3125,781.25,882.8125,125.0,-546.875,976.5625,265.625,-914.0625,570.3125,585.9375,-859.375,343.75,539.0625,-820.3125,437.5
806800,-109.375,765.625,859.375,125.0,-531.25,960.9375,265.625,-906.25,585.9375,601.5625,-867.1875,351.5625,554.6875,-843.75,429.6875
806800,-109.375,765.625,859.375,125.0,-531.25,960.9375,265.625,-906.25,585.9375,601.5625,-867.1875,351.5625,554.6875,-843.75,429.6875
806946,-289.0625,453.125,695.3125,-125.0,-710.9375,492.1875,-250.0,-710.9375,85.9375,-125.0,-710.9375,-203.125,-140.625,-757.8125,-250.0
806946,-289.0625,453.125,695.3125,-125.0,-710.9375,492.1875,-250.0,-710.9375,85.9375,-125.0,-710.9375,-203.125,-140.625,-757.8125,-250.0
806946,-382.8125,429.6875,718.75,-140.625,-695.3125,500.0,-250.0,-742.1875,109.375,-148.4375,-742.1875,-218.75,-179.6875,-750.0,-289.0625
806946,-382.8125,429.6875,718.75,-140.625,-695.3125,500.0,-250.0,-742.1875,109.375,-148.4375,-742.1875,-218.75,-179.6875,-750.0,-289.0625
806953,-406.25,390.625,679.6875,-148.4375,-671.875,507.8125,-281.25,-765.625,109.375,-187.5,-757.8125,-234.375,-203.125,-773.4375,-289.0625
806953,-406.25,390.625,679.6875,-148.4375,-671.875,507.8125,-281.25,-765.625,109.375,-187.5,-757.8125,-234.375,-203.125,-773.4375,-289.0625
806961,-406.25,335.9375,664.0625,-156.25,-671.875,539.0625,-296.875,-781.25,125.0,-195.3125,-789.0625,-226.5625,-210.9375,-804.6875,-289.0625
806961,-406.25,335.9375,664.0625,-156.25,-671.875,539.0625,-296.875,-781.25,125.0,-195.3125,-789.0625,-226.5625,-210.9375,-804.6875,-289.0625
807099,-421.875,281.25,593.75,101.5625,-687.5,757.8125,101.5625,-859.375,492.1875,226.5625,-929.6875,85.9375,39.0625,-953.125,171.875
807099,-421.875,281.25,593.75,101.5625,-687.5,757.8125,101.5625,-859.375,492.1875,226.5625,-929.6875,85.9375,39.0625,-953.125,171.875
807107,-359.375,296.875,648.4375,85.9375,-632.8125,742.1875,140.625,-851.5625,515.625,273.4375,-921.875,132.8125,54.6875,-929.6875,218.75
807107,-359.375,296.875,648.4375,85.9375,-632.8125,742.1875,140.625,-851.5625,515.625,273.4375,-921.875,132.8125,54.6875,-929.6875,218.75
807107,-296.875,359.375,718.75,31.25,-664.0625,750.0,132.8125,-835.9375,562.5,304.6875,-914.0625,171.875,93.75,-929.6875,265.625
807107,-296.875,359.375,718.75,31.25,-664.0625,750.0,132.8125,-835.9375,562.5,304.6875,-914.0625,171.875,93.75,-929.6875,265.625
807115,-273.4375,484.375,718.75,15.625,-640.625,726.5625,140.625,-820.3125,570.3125,320.3125,-929.6875,210.9375,132.8125,-921.875,335.9375
807115,-273.4375,484.375,718.75,15.625,-640.625,726.5625,140.625,-820.3125,570.3125,320.3125,-929.6875,210.9375,132.8125,-921.875,335.9375
807252,-179.6875,843.75,898.4375,156.25,-875.0,929.6875,78.125,-1140.625,546.875,226.5625,-1234.375,62.5,-23.4375,-1242.1875,226.5625
807252,-179.6875,843.75,898.4375,156.25,-875.0,929.6875,78.125,-1140.625,546.875,226.5625,-1234.375,62.5,-23.4375,-1242.1875,226.5625
807260,-226.5625,992.1875,875.0,179.6875,-859.375,968.75,62.5,-1125.0,546.875,210.9375,-1226.5625,54.6875,-39.0625,-1226.5625,210.9375
807260,-226.5625,992.1875,875.0,179.6875,-859.375,968.75,62.5,-1125.0,546.875,210.9375,-1226.5625,54.6875,-39.0625,-1226.5625,210.9375
807260,-242.1875,1078.125,906.25,171.875,-835.9375,976.5625,46.875,-1132.8125,562.5,195.3125,-1210.9375,70.3125,-78.125,-1218.75,187.5
807260,-242.1875,1078.125,906.25,171.875,-835.9375,976.5625,46.875,-1132.8125,562.5,195.3125,-1210.9375,70.3125,-78.125,-1218.75,187.5
807268,-218.75,1117.1875,929.6875,148.4375,-859.375,976.5625,54.6875,-1117.1875,570.3125,171.875,-1203.125,93.75,-109.375,-1210.9375,179.6875
807268,-218.75,1117.1875,929.6875,148.4375,-859.375,976.5625,54.6875,-1117.1875,570.3125,171.875,-1203.125,93.75,-109.375,-1210.9375,179.6875
807412,-625.0,1156.25,523.4375,164.0625,-523.4375,1375.0,179.6875,-984.375,1156.25,367.1875,-1335.9375,710.9375,-101.5625,-1257.8125,921.875
807412,-625.0,1156.25,523.4375,164.0625,-523.4375,1375.0,179.6875,-984.375,1156.25,367.1875,-1335.9375,710.9375,-101.5625,-1257.8125,921.875
807421,-648.4375,1164.0625,492.1875,140.625,-492.1875,1367.1875,179.6875,-937.5,1148.4375,351.5625,-1289.0625,726.5625,-117.1875,-1218.75,906.25
807421,-648.4375,1164.0625,492.1875,140.625,-492.1875,1367.1875,179.6875,-937.5,1148.4375,351.5625,-1289.0625,726.5625,-117.1875,-1218.75,906.25
807422,-632.8125,1179.6875,468.75,125.0,-437.5,1351.5625,164.0625,-898.4375,1148.4375,312.5,-1234.375,734.375,-156.25,-1164.0625,882.8125
807422,-632.8125,1179.6875,468.75,125.0,-437.5,1351.5625,164.0625,-898.4375,1148.4375,312.5,-1234.375,734.375,-156.25,-1164.0625,882.8125
807430,-632.8125,1195.3125,453.125,93.75,-406.25,1320.3125,125.0,-843.75,1117.1875,242.1875,-1179.6875,710.9375,-195.3125,-1109.375,820.3125
807430,-632.8125,1195.3125,453.125,93.75,-406.25,1320.3125,125.0,-843.75,1117.1875,242.1875,-1179.6875,710.9375,-195.3125,-1109.375,820.3125
807575,-734.375,585.9375,-23.4375,-187.5,54.6875,890.625,-54.6875,-242.1875,875.0,62.5,-593.75,734.375,-156.25,-515.625,781.25
807575,-734.375,585.9375,-23.4375,-187.5,54.6875,890.625,-54.6875,-242.1875,875.0,62.5,-593.75,734.375,-156.25,-515.625,781.25
807583,-734.375,554.6875,-39.0625,-187.5,46.875,875.0,-46.875,-257.8125,890.625,93.75,-609.375,734.375,-148.4375,-515.625,812.5
807583,-734.375,554.6875,-39.0625,-187.5,46.875,875.0,-46.875,-257.8125,890.625,93.75,-609.375,734.375,-148.4375,-515.625,812.5
807583,-718.75,546.875,-46.875,-179.6875,39.0625,867.1875,-31.25,-265.625,882.8125,101.5625,-617.1875,734.375,-132.8125,-523.4375,828.125
807583,-718.75,546.875,-46.875,-179.6875,39.0625,867.1875,-31.25,-265.625,882.8125,101.5625,-617.1875,734.375,-132.8125,-523.4375,828.125
807591,-710.9375,539.0625,-46.875,-171.875,31.25,867.1875,-31.25,-273.4375,875.0,101.5625,-625.0,726.5625,-140.625,-515.625,835.9375
807591,-710.9375,539.0625,-46.875,-171.875,31.25,867.1875,-31.25,-273.4375,875.0,101.5625,-625.0,726.5625,-140.625,-515.625,835.9375
807736,-406.25,406.25,54.6875,-93.75,-62.5,539.0625,-46.875,-250.0,468.75,23.4375,-445.3125,335.9375,-109.375,-398.4375,390.625
807736,-406.25,406.25,54.6875,-93.75,-62.5,539.0625,-46.875,-250.0,468.75,23.4375,-445.3125,335.9375,-109.375,-398.4375,390.625
807744,-390.625,398.4375,85.9375,-101.5625,-85.9375,523.4375,-46.875,-257.8125,445.3125,15.625,-445.3125,304.6875,-109.375,-406.25,359.375
807744,-390.625,398.4375,85.9375,-101.5625,-85.9375,523.4375,-46.875,-257.8125,445.3125,15.625,-445.3125,304.6875,-109.375,-406.25,359.375
807744,-375.0,398.4375,125.0,-101.5625,-101.5625,500.0,-70.3125,-265.625,414.0625,-7.8125,-445.3125,257.8125,-125.0,-414.0625,328.125
807744,-375.0,398.4375,125.0,-101.5625,-101.5625,500.0,-70.3125,-265.625,414.0625,-7.8125,-445.3125,257.8125,-125.0,-414.0625,328.125
807752,-351.5625,406.25,140.625,-101.5625,-117.1875,476.5625,-78.125,-281.25,382.8125,-15.625,-437.5,234.375,-125.0,-406.25,257.8125
807752,-351.5625,406.25,140.625,-101.5625,-117.1875,476.5625,-78.125,-281.25,382.8125,-15.625,-437.5,234.375,-125.0,-406.25,257.8125
807897,-164.0625,171.875,523.4375,-78.125,-562.5,265.625,-93.75,-632.8125,54.6875,23.4375,-617.1875,-210.9375,-23.4375,-656.25,-117.1875
807897,-164.0625,171.875,523.4375,-78.125,-562.5,265.625,-93.75,-632.8125,54.6875,23.4375,-617.1875,-210.9375,-23.4375,-656.25,-117.1875
807905,-164.0625,164.0625,531.25,-93.75,-578.125,265.625,-78.125,-640.625,54.6875,31.25,-625.0,-203.125,-15.625,-664.0625,-101.5625
807905,-164.0625,164.0625,531.25,-93.75,-578.125,265.625,-78.125,-640.625,54.6875,31.25,-625.0,-203.125,-15.625,-664.0625,-101.5625
807905,-156.25,171.875,546.875,-93.75,-585.9375,273.4375,-78.125,-656.25,54.6875,31.25,-632.8125,-203.125,-7.8125,-671.875,-109.375
807905,-156.25,171.875,546.875,-93.75,-585.9375,273.4375,-78.125,-656.25,54.6875,31.25,-632.8125,-203.125,-7.8125,-671.875,-109.375
807914,-148.4375,179.6875,546.875,-93.75,-585.9375,273.4375,-93.75,-656.25,54.6875,31.25,-632.8125,-210.9375,-15.625,-671.875,-117.1875
807914,-148.4375,179.6875,546.875,-93.75,-585.9375,273.4375,-93.75,-656.25,54.6875,31.25,-632.8125,-210.9375,-15.625,-671.875,-117.1875
807978,-125.0,164.0625,585.9375,-85.9375,-625.0,226.5625,-70.3125,-664.0625,-7.8125,54.6875,-617.1875,-281.25,54.6875,-671.875,-187.5
807978,-125.0,164.0625,585.9375,-85.9375,-625.0,226.5625,-70.3125,-664.0625,-7.8125,54.6875,-617.1875,-281.25,54.6875,-671.875,-187.5
807986,-117.1875,187.5,593.75,-70.3125,-625.0,234.375,-54.6875,-679.6875,0.0,70.3125,-625.0,-289.0625,46.875,-687.5,-203.125
807986,-117.1875,187.5,593.75,-70.3125,-625.0,234.375,-54.6875,-679.6875,0.0,70.3125,-625.0,-289.0625,46.875,-687.5,-203.125
807986,-101.5625,195.3125,601.5625,-46.875,-632.8125,242.1875,-54.6875,-687.5,-7.8125,78.125,-632.8125,-289.0625,54.6875,-695.3125,-203.125
807986,-101.5625,195.3125,601.5625,-46.875,-632.8125,242.1875,-54.6875,-687.5,-7.8125,78.125,-632.8125,-289.0625,54.6875,-695.3125,-203.125
807994,-62.5,210.9375,625.0,-31.25,-648.4375,250.0,-31.25,-703.125,0.0,78.125,-640.625,-296.875,54.6875,-703.125,-195.3125
807994,-62.5,210.9375,625.0,-31.25,-648.4375,250.0,-31.25,-703.125,0.0,78.125,-640.625,-296.875,54.6875,-703.125,-195.3125
808139,632.8125,421.875,1421.875,546.875,-1570.3125,156.25,359.375,-1578.125,-398.4375,492.1875,-1195.3125,-1000.0,406.25,-1398.4375,-687.5
808139,632.8125,421.875,1421.875,546.875,-1570.3125,156.25,359.375,-1578.125,-398.4375,492.1875,-1195.3125,-1000.0,406.25,-1398.4375,-687.5
808147,648.4375,429.6875,1484.375,531.25,-1625.0,179.6875,328.125,-1640.625,-414.0625,453.125,-1234.375,-1023.4375,359.375,-1437.5,-726.5625
808147,648.4375,429.6875,1484.375,531.25,-1625.0,179.6875,328.125,-1640.625,-414.0625,453.125,-1234.375,-1023.4375,359.375,-1437.5,-726.5625
808147,648.4375,398.4375,1539.0625,523.4375,-1671.875,171.875,312.5,-1671.875,-429.6875,429.6875,-1265.625,-1054.6875,328.125,-1460.9375,-773.4375
808147,648.4375,398.4375,1539.0625,523.4375,-1671.875,171.875,312.5,-1671.875,-429.6875,429.6875,-1265.625,-1054.6875,328.125,-1460.9375,-773.4375
808155,640.625,375.0,1562.5,507.8125,-1710.9375,164.0625,289.0625,-1718.75,-429.6875,406.25,-1289.0625,-1062.5,304.6875,-1476.5625,-796.875
808155,640.625,375.0,1562.5,507.8125,-1710.9375,164.0625,289.0625,-1718.75,-429.6875,406.25,-1289.0625,-1062.5,304.6875,-1476.5625,-796.875
808300,351.5625,476.5625,1117.1875,437.5,-1132.8125,312.5,367.1875,-1195.3125,-117.1875,546.875,-953.125,-585.9375,492.1875,-1101.5625,-296.875
808300,351.5625,476.5625,1117.1875,437.5,-1132.8125,312.5,367.1875,-1195.3125,-117.1875,546.875,-953.125,-585.9375,492.1875,-1101.5625,-296.875
808308,351.5625,468.75,1109.375,437.5,-1140.625,312.5,351.5625,-1187.5,-125.0,539.0625,-960.9375,-570.3125,468.75,-1101.5625,-289.0625
808308,351.5625,468.75,1109.375,437.5,-1140.625,312.5,351.5625,-1187.5,-125.0,539.0625,-960.9375,-570.3125,468.75,-1101.5625,-289.0625
808308,343.75,460.9375,1093.75,414.0625,-1132.8125,304.6875,351.5625,-1187.5,-117.1875,523.4375,-945.3125,-570.3125,460.9375,-1093.75,-289.0625
808308,343.75,460.9375,1093.75,414.0625,-1132.8125,304.6875,351.5625,-1187.5,-117.1875,523.4375,-945.3125,-570.3125,460.9375,-1093.75,-289.0625
808316,328.125,437.5,1085.9375,414.0625,-1132.8125,289.0625,343.75,-1179.6875,-117.1875,515.625,-937.5,-570.3125,445.3125,-1078.125,-296.875
808316,328.125,437.5,1085.9375,414.0625,-1132.8125,289.0625,343.75,-1179.6875,-117.1875,515.625,-937.5,-570.3125,445.3125,-1078.125,-296.875
808381,359.375,414.0625,1078.125,343.75,-1109.375,257.8125,234.375,-1117.1875,-164.0625,359.375,-867.1875,-593.75,296.875,-1007.8125,-421.875
808381,359.375,414.0625,1078.125,343.75,-1109.375,257.8125,234.375,-1117.1875,-164.0625,359.375,-867.1875,-593.75,296.875,-1007.8125,-421.875
808389,351.5625,429.6875,1070.3125,335.9375,-1085.9375,257.8125,226.5625,-1109.375,-171.875,351.5625,-859.375,-593.75,289.0625,-984.375,-429.6875
808389,351.5625,429.6875,1070.3125,335.9375,-1085.9375,257.8125,226.5625,-1109.375,-171.875,351.5625,-859.375,-593.75,289.0625,-984.375,-429.6875
808389,343.75,414.0625,1054.6875,335.9375,-1070.3125,250.0,226.5625,-1093.75,-171.875,351.5625,-843.75,-585.9375,304.6875,-976.5625,-406.25
808389,343.75,414.0625,1054.6875,335.9375,-1070.3125,250.0,226.5625,-1093.75,-171.875,351.5625,-843.75,-585.9375,304.6875,-976.5625,-406.25
808397,343.75,390.625,1039.0625,312.5,-1054.6875,234.375,226.5625,-1078.125,-164.0625,367.1875,-828.125,-578.125,328.125,-960.9375,-398.4375
808397,343.75,390.625,1039.0625,312.5,-1054.6875,234.375,226.5625,-1078.125,-164.0625,367.1875,-828.125,-578.125,328.125,-960.9375,-398.4375
808462,257.8125,335.9375,835.9375,312.5,-867.1875,226.5625,265.625,-890.625,-93.75,406.25,-703.125,-429.6875,367.1875,-820.3125,-242.1875
808462,257.8125,335.9375,835.9375,312.5,-867.1875,226.5625,265.625,-890.625,-93.75,406.25,-703.125,-429.6875,367.1875,-820.3125,-242.1875
808470,250.0,343.75,820.3125,312.5,-843.75,242.1875,265.625,-875.0,-93.75,398.4375,-687.5,-421.875,367.1875,-804.6875,-234.375
808470,250.0,343.75,820.3125,312.5,-843.75,242.1875,265.625,-875.0,-93.75,398.4375,-687.5,-421.875,367.1875,-804.6875,-234.375
808470,250.0,359.375,812.5,304.6875,-828.125,234.375,265.625,-867.1875,-85.9375,398.4375,-679.6875,-429.6875,367.1875,-796.875,-234.375
808470,250.0,359.375,812.5,304.6875,-828.125,234.375,265.625,-867.1875,-85.9375,398.4375,-679.6875,-429.6875,367.1875,-796.875,-234.375
808478,234.375,367.1875,812.5,296.875,-820.3125,242.1875,265.625,-851.5625,-85.9375,398.4375,-671.875,-414.0625,367.1875,-781.25,-242.1875
808478,234.375,367.1875,812.5,296.875,-820.3125,242.1875,265.625,-851.5625,-85.9375,398.4375,-671.875,-414.0625,367.1875,-781.25,-242.1875
808623,234.375,328.125,867.1875,265.625,-906.25,250.0,234.375,-937.5,-85.9375,382.8125,-757.8125,-429.6875,343.75,-867.1875,-234.375
808623,234.375,328.125,867.1875,265.625,-906.25,250.0,234.375,-937.5,-85.9375,382.8125,-757.8125,-429.6875,343.75,-867.1875,-234.375
808631,242.1875,328.125,867.1875,281.25,-906.25,242.1875,234.375,-945.3125,-85.9375,398.4375,-757.8125,-429.6875,343.75,-875.0,-226.5625
808631,242.1875,328.125,867.1875,281.25,-906.25,242.1875,234.375,-945.3125,-85.9375,398.4375,-757.8125,-429.6875,343.75,-875.0,-226.5625
808631,234.375,335.9375,867.1875,273.4375,-914.0625,250.0,250.0,-953.125,-85.9375,406.25,-765.625,-429.6875,359.375,-875.0,-226.5625
808631,234.375,335.9375,867.1875,273.4375,-914.0625,250.0,250.0,-953.125,-85.9375,406.25,-765.625,-429.6875,359.375,-875.0,-226.5625
808640,234.375,328.125,875.0,289.0625,-914.0625,250.0,250.0,-953.125,-78.125,398.4375,-773.4375,-437.5,367.1875,-890.625,-218.75
808640,234.375,328.125,875.0,289.0625,-914.0625,250.0,250.0,-953.125,-78.125,398.4375,-773.4375,-437.5,367.1875,-890.625,-218.75
808784,265.625,328.125,921.875,304.6875,-976.5625,257.8125,273.4375,-1023.4375,-93.75,437.5,-812.5,-460.9375,382.8125,-937.5,-226.5625
808784,265.625,328.125,921.875,304.6875,-976.5625,257.8125,273.4375,-1023.4375,-93.75,437.5,-812.5,-460.9375,382.8125,-937.5,-226.5625
808792,257.8125,328.125,921.875,304.6875,-976.5625,265.625,265.625,-1015.625,-85.9375,429.6875,-820.3125,-460.9375,375.0,-937.5,-226.5625
808792,257.8125,328.125,921.875,304.6875,-976.5625,265.625,265.625,-1015.625,-85.9375,429.6875,-820.3125,-460.9375,375.0,-937.5,-226.5625
808793,265.625,335.9375,921.875,312.5,-960.9375,273.4375,273.4375,-1015.625,-85.9375,437.5,-820.3125,-445.3125,375.0,-937.5,-226.5625
808793,265.625,335.9375,921.875,312.5,-960.9375,273.4375,273.4375,-1015.625,-85.9375,437.5,-820.3125,-445.3125,375.0,-937.5,-226.5625
808801,257.8125,335.9375,929.6875,312.5,-960.9375,265.625,281.25,-1007.8125,-85.9375,437.5,-812.5,-445.3125,375.0,-937.5,-218.75
808801,257.8125,335.9375,929.6875,312.5,-960.9375,265.625,281.25,-1007.8125,-85.9375,437.5,-812.5,-445.3125,375.0,-937.5,-218.75
808946,250.0,335.9375,867.1875,296.875,-906.25,265.625,265.625,-945.3125,-70.3125,421.875,-757.8125,-429.6875,375.0,-875.0,-210.9375
808946,250.0,335.9375,867.1875,296.875,-906.25,265.625,265.625,-945.3125,-70.3125,421.875,-757.8125,-429.6875,375.0,-875.0,-210.9375
808954,250.0,335.9375,875.0,296.875,-906.25,257.8125,281.25,-945.3125,-78.125,429.6875,-765.625,-414.0625,375.0,-882.8125,-203.125
808954,250.0,335.9375,875.0,296.875,-906.25,257.8125,281.25,-945.3125,-78.125,429.6875,-765.625,-414.0625,375.0,-882.8125,-203.125
808954,250.0,335.9375,875.0,304.6875,-906.25,265.625,281.25,-945.3125,-70.3125,437.5,-757.8125,-414.0625,375.0,-882.8125,-203.125
808954,250.0,335.9375,875.0,304.6875,-906.25,265.625,281.25,-945.3125,-70.3125,437.5,-757.8125,-414.0625,375.0,-882.8125,-203.125
808961,250.0,328.125,875.0,304.6875,-914.0625,265.625,281.25,-953.125,-70.3125,437.5,-765.625,-414.0625,382.8125,-882.8125,-195.3125
808961,250.0,328.125,875.0,304.6875,-914.0625,265.625,281.25,-953.125,-70.3125,437.5,-765.625,-414.0625,382.8125,-882.8125,-195.3125
809107,250.0,343.75,890.625,304.6875,-906.25,273.4375,281.25,-953.125,-62.5,437.5,-765.625,-406.25,382.8125,-882.8125,-195.3125
809107,250.0,343.75,890.625,304.6875,-906.25,273.4375,281.25,-953.125,-62.5,437.5,-765.625,-406.25,382.8125,-882.8125,-195.3125
809115,242.1875,343.75,890.625,304.6875,-898.4375,281.25,289.0625,-953.125,-62.5,437.5,-765.625,-414.0625,390.625,-882.8125,-195.3125
809115,242.1875,343.75,890.625,304.6875,-898.4375,281.25,289.0625,-953.125,-62.5,437.5,-765.625,-414.0625,390.625,-882.8125,-195.3125
809115,242.1875,343.75,890.625,304.6875,-914.0625,273.4375,281.25,-953.125,-62.5,437.5,-773.4375,-414.0625,375.0,-898.4375,-187.5
809115,242.1875,343.75,890.625,304.6875,-914.0625,273.4375,281.25,-953.125,-62.5,437.5,-773.4375,-414.0625,375.0,-898.4375,-187.5
809123,234.375,343.75,890.625,312.5,-914.0625,289.0625,281.25,-953.125,-54.6875,445.3125,-773.4375,-406.25,375.0,-898.4375,-187.5
809123,234.375,343.75,890.625,312.5,-914.0625,289.0625,281.25,-953.125,-54.6875,445.3125,-773.4375,-406.25,375.0,-898.4375,-187.5
