1240939,-26.25,0.0,-8.75
1240939,-26.25,0.0,-8.75
1240949,-56.875,0.0,8.75
1240949,-56.875,0.0,8.75
1241100,48.125,-39.375,-48.125
1241100,48.125,-39.375,-48.125
1241111,35.0,-8.75,-52.5
1241111,35.0,-8.75,-52.5
1241262,135.625,-78.75,-17.5
1241262,135.625,-78.75,-17.5
1241272,48.125,-52.5,-13.125
1241272,48.125,-52.5,-13.125
1241423,0.0,0.0,-65.625
1241423,0.0,0.0,-65.625
1241433,48.125,-8.75,-74.375
1241433,48.125,-8.75,-74.375
1241585,131.25,-52.5,-13.125
1241585,131.25,-52.5,-13.125
1241595,109.375,-30.625,-35.0
1241595,109.375,-30.625,-35.0
1241746,52.5,-30.625,-83.125
1241746,52.5,-30.625,-83.125
1241756,83.125,-35.0,-96.25
1241756,83.125,-35.0,-96.25
1241908,0.0,-21.875,-30.625
1241908,0.0,-21.875,-30.625
1241918,8.75,-48.125,-8.75
1241918,8.75,-48.125,-8.75
1242695,-26.25,48.125,-56.875
1242695,-26.25,48.125,-56.875
1242705,-8.75,0.0,4.375
1242705,-8.75,0.0,4.375
1244613,-48.125,26.25,-17.5
1244613,-48.125,26.25,-17.5
1244622,-26.25,13.125,13.125
1244622,-26.25,13.125,13.125
1244774,-2450.0,831.25,5740.0
1244774,-2450.0,831.25,5740.0
1244784,-2498.125,1115.625,6461.875
1244784,-2498.125,1115.625,6461.875
1244935,-5862.5,4239.375,-4882.5
1244935,-5862.5,4239.375,-4882.5
1244945,-7004.375,4392.5,-6466.25
1244945,-7004.375,4392.5,-6466.25
1245097,-11987.5,13562.5,-15496.25
1245097,-11987.5,13562.5,-15496.25
1245107,-11156.25,15461.25,-15141.875
1245107,-11156.25,15461.25,-15141.875
1245258,4077.5,10819.375,-3876.25
1245258,4077.5,10819.375,-3876.25
1245268,4571.875,9668.75,-3263.75
1245268,4571.875,9668.75,-3263.75
1245420,-1286.25,-993.125,271.25
1245420,-1286.25,-993.125,271.25
1245430,-1855.0,-2047.5,376.25
1245430,-1855.0,-2047.5,376.25
1245581,-20046.25,-17482.5,-4440.625
1245581,-20046.25,-17482.5,-4440.625
1245591,-22185.625,-18869.375,-5153.75
1245591,-22185.625,-18869.375,-5153.75
1245753,-48216.875,-14656.25,-2082.5
1245753,-48216.875,-14656.25,-2082.5
1245763,-58843.75,-15588.125,-1715.0
1245763,-58843.75,-15588.125,-1715.0
1245773,-49686.875,-10688.125,-2121.875
1245773,-49686.875,-10688.125,-2121.875
1245812,-8938.125,-1841.875,1811.25
1245812,-8938.125,-1841.875,1811.25
1245823,-3644.375,-2038.75,-879.375
1245823,-3644.375,-2038.75,-879.375
1245975,-568.75,-192.5,463.75
1245975,-568.75,-192.5,463.75
1245985,-113.75,-126.875,332.5
1245985,-113.75,-126.875,332.5
1246137,398.125,301.875,266.875
1246137,398.125,301.875,266.875
1246146,328.125,376.25,231.875
1246146,328.125,376.25,231.875
1246298,26.25,56.875,179.375
1246298,26.25,56.875,179.375
1246308,39.375,56.875,192.5
1246308,39.375,56.875,192.5
1246459,144.375,135.625,135.625
1246459,144.375,135.625,135.625
1246469,118.125,161.875,109.375
1246469,118.125,161.875,109.375
1246621,586.25,157.5,-118.125
1246621,586.25,157.5,-118.125
1246631,590.625,161.875,-91.875
1246631,590.625,161.875,-91.875
1246782,2808.75,1071.875,96.25
1246782,2808.75,1071.875,96.25
1246792,3220.0,1203.125,148.75
1246792,3220.0,1203.125,148.75
