1222972,101.5625,570.3125,843.75,78.125,-843.75,585.9375,281.25,-898.4375,398.4375,546.875,-828.125,-46.875,445.3125,-875.0,179.6875
1222972,101.5625,570.3125,843.75,78.125,-843.75,585.9375,281.25,-898.4375,398.4375,546.875,-828.125,-46.875,445.3125,-875.0,179.6875
1222980,93.75,562.5,835.9375,78.125,-835.9375,585.9375,281.25,-898.4375,382.8125,531.25,-835.9375,-39.0625,453.125,-875.0,179.6875
1222980,93.75,562.5,835.9375,78.125,-835.9375,585.9375,281.25,-898.4375,382.8125,531.25,-835.9375,-39.0625,453.125,-875.0,179.6875
1222980,101.5625,554.6875,843.75,85.9375,-835.9375,578.125,273.4375,-898.4375,382.8125,523.4375,-843.75,-46.875,437.5,-882.8125,179.6875
1222980,101.5625,554.6875,843.75,85.9375,-835.9375,578.125,273.4375,-898.4375,382.8125,523.4375,-843.75,-46.875,437.5,-882.8125,179.6875
1222988,109.375,531.25,835.9375,85.9375,-835.9375,578.125,273.4375,-890.625,382.8125,531.25,-843.75,-39.0625,429.6875,-875.0,179.6875
1222988,109.375,531.25,835.9375,85.9375,-835.9375,578.125,273.4375,-890.625,382.8125,531.25,-843.75,-39.0625,429.6875,-875.0,179.6875
1223133,78.125,546.875,812.5,85.9375,-835.9375,578.125,273.4375,-898.4375,390.625,523.4375,-835.9375,-54.6875,437.5,-890.625,171.875
1223133,78.125,546.875,812.5,85.9375,-835.9375,578.125,273.4375,-898.4375,390.625,523.4375,-835.9375,-54.6875,437.5,-890.625,171.875
1223140,70.3125,578.125,804.6875,85.9375,-828.125,585.9375,273.4375,-890.625,390.625,531.25,-843.75,-46.875,445.3125,-875.0,171.875
1223140,70.3125,578.125,804.6875,85.9375,-828.125,585.9375,273.4375,-890.625,390.625,531.25,-843.75,-46.875,445.3125,-875.0,171.875
1223140,70.3125,593.75,812.5,85.9375,-828.125,570.3125,273.4375,-890.625,390.625,539.0625,-835.9375,-46.875,445.3125,-882.8125,164.0625
1223140,70.3125,593.75,812.5,85.9375,-828.125,570.3125,273.4375,-890.625,390.625,539.0625,-835.9375,-46.875,445.3125,-882.8125,164.0625
1223149,78.125,593.75,796.875,70.3125,-812.5,578.125,273.4375,-875.0,382.8125,531.25,-828.125,-39.0625,437.5,-867.1875,179.6875
1223149,78.125,593.75,796.875,70.3125,-812.5,578.125,273.4375,-875.0,382.8125,531.25,-828.125,-39.0625,437.5,-867.1875,179.6875
1223295,101.5625,585.9375,796.875,70.3125,-828.125,593.75,273.4375,-890.625,390.625,531.25,-828.125,-46.875,445.3125,-875.0,171.875
1223295,101.5625,585.9375,796.875,70.3125,-828.125,593.75,273.4375,-890.625,390.625,531.25,-828.125,-46.875,445.3125,-875.0,171.875
1223303,101.5625,578.125,789.0625,70.3125,-820.3125,593.75,281.25,-890.625,398.4375,531.25,-828.125,-46.875,453.125,-875.0,179.6875
1223303,101.5625,578.125,789.0625,70.3125,-820.3125,593.75,281.25,-890.625,398.4375,531.25,-828.125,-46.875,453.125,-875.0,179.6875
1223303,101.5625,585.9375,812.5,62.5,-828.125,585.9375,273.4375,-890.625,390.625,523.4375,-828.125,-39.0625,445.3125,-875.0,171.875
1223303,101.5625,585.9375,812.5,62.5,-828.125,585.9375,273.4375,-890.625,390.625,523.4375,-828.125,-39.0625,445.3125,-875.0,171.875
1223311,125.0,578.125,812.5,70.3125,-835.9375,585.9375,281.25,-890.625,382.8125,531.25,-843.75,-62.5,445.3125,-875.0,164.0625
1223311,125.0,578.125,812.5,70.3125,-835.9375,585.9375,281.25,-890.625,382.8125,531.25,-843.75,-62.5,445.3125,-875.0,164.0625
1223456,85.9375,585.9375,796.875,62.5,-820.3125,593.75,281.25,-890.625,382.8125,515.625,-843.75,-46.875,453.125,-875.0,171.875
1223456,85.9375,585.9375,796.875,62.5,-820.3125,593.75,281.25,-890.625,382.8125,515.625,-843.75,-46.875,453.125,-875.0,171.875
1223464,101.5625,578.125,789.0625,62.5,-828.125,601.5625,273.4375,-890.625,390.625,523.4375,-843.75,-46.875,453.125,-867.1875,164.0625
1223464,101.5625,578.125,789.0625,62.5,-828.125,601.5625,273.4375,-890.625,390.625,523.4375,-843.75,-46.875,453.125,-867.1875,164.0625
1223464,109.375,578.125,804.6875,70.3125,-835.9375,593.75,273.4375,-890.625,390.625,515.625,-843.75,-46.875,453.125,-875.0,171.875
1223464,109.375,578.125,804.6875,70.3125,-835.9375,593.75,273.4375,-890.625,390.625,515.625,-843.75,-46.875,453.125,-875.0,171.875
1223472,109.375,585.9375,812.5,62.5,-835.9375,585.9375,281.25,-898.4375,398.4375,523.4375,-835.9375,-46.875,445.3125,-875.0,164.0625
1223472,109.375,585.9375,812.5,62.5,-835.9375,585.9375,281.25,-898.4375,398.4375,523.4375,-835.9375,-46.875,445.3125,-875.0,164.0625
1223617,109.375,593.75,804.6875,62.5,-828.125,593.75,265.625,-882.8125,398.4375,523.4375,-843.75,-46.875,445.3125,-882.8125,179.6875
1223617,109.375,593.75,804.6875,62.5,-828.125,593.75,265.625,-882.8125,398.4375,523.4375,-843.75,-46.875,445.3125,-882.8125,179.6875
1223625,109.375,593.75,796.875,62.5,-820.3125,593.75,273.4375,-898.4375,398.4375,531.25,-851.5625,-39.0625,453.125,-882.8125,179.6875
1223625,109.375,593.75,796.875,62.5,-820.3125,593.75,273.4375,-898.4375,398.4375,531.25,-851.5625,-39.0625,453.125,-882.8125,179.6875
1223625,101.5625,585.9375,804.6875,62.5,-828.125,601.5625,281.25,-898.4375,398.4375,523.4375,-843.75,-46.875,453.125,-875.0,164.0625
1223625,101.5625,585.9375,804.6875,62.5,-828.125,601.5625,281.25,-898.4375,398.4375,523.4375,-843.75,-46.875,453.125,-875.0,164.0625
1223633,109.375,585.9375,804.6875,70.3125,-835.9375,601.5625,273.4375,-898.4375,398.4375,523.4375,-851.5625,-54.6875,445.3125,-875.0,171.875
1223633,109.375,585.9375,804.6875,70.3125,-835.9375,601.5625,273.4375,-898.4375,398.4375,523.4375,-851.5625,-54.6875,445.3125,-875.0,171.875
1223779,101.5625,578.125,804.6875,70.3125,-835.9375,601.5625,281.25,-898.4375,398.4375,531.25,-851.5625,-39.0625,453.125,-882.8125,171.875
1223779,101.5625,578.125,804.6875,70.3125,-835.9375,601.5625,281.25,-898.4375,398.4375,531.25,-851.5625,-39.0625,453.125,-882.8125,171.875
1223786,101.5625,585.9375,812.5,62.5,-835.9375,585.9375,281.25,-898.4375,390.625,531.25,-851.5625,-46.875,453.125,-882.8125,171.875
1223786,101.5625,585.9375,812.5,62.5,-835.9375,585.9375,281.25,-898.4375,390.625,531.25,-851.5625,-46.875,453.125,-882.8125,171.875
1223787,117.1875,578.125,804.6875,70.3125,-820.3125,585.9375,273.4375,-898.4375,398.4375,523.4375,-843.75,-39.0625,445.3125,-882.8125,171.875
1223787,117.1875,578.125,804.6875,70.3125,-820.3125,585.9375,273.4375,-898.4375,398.4375,523.4375,-843.75,-39.0625,445.3125,-882.8125,171.875
1223794,101.5625,578.125,796.875,70.3125,-828.125,593.75,273.4375,-890.625,398.4375,523.4375,-843.75,-54.6875,453.125,-875.0,164.0625
1223794,101.5625,578.125,796.875,70.3125,-828.125,593.75,273.4375,-890.625,398.4375,523.4375,-843.75,-54.6875,453.125,-875.0,164.0625
1223940,101.5625,578.125,796.875,62.5,-828.125,593.75,273.4375,-898.4375,375.0,523.4375,-843.75,-62.5,453.125,-882.8125,171.875
1223940,101.5625,578.125,796.875,62.5,-828.125,593.75,273.4375,-898.4375,375.0,523.4375,-843.75,-62.5,453.125,-882.8125,171.875
1223948,101.5625,578.125,820.3125,62.5,-828.125,585.9375,289.0625,-890.625,390.625,523.4375,-843.75,-54.6875,453.125,-882.8125,171.875
1223948,101.5625,578.125,820.3125,62.5,-828.125,585.9375,289.0625,-890.625,390.625,523.4375,-843.75,-54.6875,453.125,-882.8125,171.875
1223948,101.5625,570.3125,812.5,70.3125,-851.5625,585.9375,273.4375,-906.25,382.8125,523.4375,-851.5625,-54.6875,453.125,-882.8125,171.875
1223948,101.5625,570.3125,812.5,70.3125,-851.5625,585.9375,273.4375,-906.25,382.8125,523.4375,-851.5625,-54.6875,453.125,-882.8125,171.875
1223955,101.5625,570.3125,812.5,54.6875,-835.9375,593.75,273.4375,-898.4375,390.625,531.25,-843.75,-46.875,453.125,-882.8125,171.875
1223955,101.5625,570.3125,812.5,54.6875,-835.9375,593.75,273.4375,-898.4375,390.625,531.25,-843.75,-46.875,453.125,-882.8125,171.875
1224125,93.75,578.125,804.6875,62.5,-820.3125,593.75,273.4375,-890.625,390.625,515.625,-843.75,-54.6875,445.3125,-875.0,179.6875
1224125,93.75,578.125,804.6875,62.5,-820.3125,593.75,273.4375,-890.625,390.625,515.625,-843.75,-54.6875,445.3125,-875.0,179.6875
1224125,93.75,570.3125,804.6875,70.3125,-828.125,593.75,273.4375,-890.625,390.625,523.4375,-843.75,-54.6875,437.5,-875.0,171.875
1224125,93.75,570.3125,804.6875,70.3125,-828.125,593.75,273.4375,-890.625,390.625,523.4375,-843.75,-54.6875,437.5,-875.0,171.875
1224133,93.75,585.9375,804.6875,62.5,-828.125,593.75,273.4375,-890.625,398.4375,523.4375,-851.5625,-54.6875,445.3125,-875.0,164.0625
1224133,93.75,585.9375,804.6875,62.5,-828.125,593.75,273.4375,-890.625,398.4375,523.4375,-851.5625,-54.6875,445.3125,-875.0,164.0625
1224141,93.75,578.125,812.5,54.6875,-835.9375,593.75,273.4375,-890.625,390.625,523.4375,-843.75,-46.875,453.125,-875.0,171.875
1224141,93.75,578.125,812.5,54.6875,-835.9375,593.75,273.4375,-890.625,390.625,523.4375,-843.75,-46.875,453.125,-875.0,171.875
1224770,93.75,554.6875,828.125,54.6875,-843.75,578.125,281.25,-906.25,390.625,523.4375,-859.375,-70.3125,453.125,-890.625,164.0625
1224770,93.75,554.6875,828.125,54.6875,-843.75,578.125,281.25,-906.25,390.625,523.4375,-859.375,-70.3125,453.125,-890.625,164.0625
1224770,101.5625,554.6875,820.3125,70.3125,-843.75,585.9375,273.4375,-906.25,390.625,523.4375,-851.5625,-62.5,453.125,-890.625,156.25
1224770,101.5625,554.6875,820.3125,70.3125,-843.75,585.9375,273.4375,-906.25,390.625,523.4375,-851.5625,-62.5,453.125,-890.625,156.25
1224778,101.5625,562.5,820.3125,54.6875,-843.75,578.125,273.4375,-906.25,375.0,523.4375,-851.5625,-62.5,445.3125,-898.4375,164.0625
1224778,101.5625,562.5,820.3125,54.6875,-843.75,578.125,273.4375,-906.25,375.0,523.4375,-851.5625,-62.5,445.3125,-898.4375,164.0625
1225085,109.375,562.5,812.5,62.5,-843.75,585.9375,281.25,-898.4375,382.8125,531.25,-843.75,-62.5,453.125,-882.8125,164.0625
1225085,109.375,562.5,812.5,62.5,-843.75,585.9375,281.25,-898.4375,382.8125,531.25,-843.75,-62.5,453.125,-882.8125,164.0625
1225092,101.5625,562.5,828.125,62.5,-835.9375,585.9375,281.25,-906.25,375.0,515.625,-843.75,-62.5,453.125,-882.8125,156.25
1225092,101.5625,562.5,828.125,62.5,-835.9375,585.9375,281.25,-906.25,375.0,515.625,-843.75,-62.5,453.125,-882.8125,156.25
1225092,101.5625,562.5,820.3125,54.6875,-828.125,578.125,281.25,-898.4375,375.0,523.4375,-851.5625,-54.6875,445.3125,-882.8125,156.25
1225092,101.5625,562.5,820.3125,54.6875,-828.125,578.125,281.25,-898.4375,375.0,523.4375,-851.5625,-54.6875,445.3125,-882.8125,156.25
1225101,101.5625,570.3125,820.3125,70.3125,-835.9375,578.125,281.25,-890.625,375.0,523.4375,-843.75,-62.5,445.3125,-882.8125,164.0625
1225101,101.5625,570.3125,820.3125,70.3125,-835.9375,578.125,281.25,-890.625,375.0,523.4375,-843.75,-62.5,445.3125,-882.8125,164.0625
1226851,-390.625,1000.0,187.5,-234.375,-54.6875,328.125,507.8125,-1023.4375,664.0625,781.25,-1156.25,343.75,617.1875,-1101.5625,835.9375
1226851,-390.625,1000.0,187.5,-234.375,-54.6875,328.125,507.8125,-1023.4375,664.0625,781.25,-1156.25,343.75,617.1875,-1101.5625,835.9375
1226851,-492.1875,859.375,156.25,-335.9375,-234.375,398.4375,492.1875,-750.0,820.3125,734.375,-875.0,304.6875,492.1875,-804.6875,523.4375
1226851,-492.1875,859.375,156.25,-335.9375,-234.375,398.4375,492.1875,-750.0,820.3125,734.375,-875.0,304.6875,492.1875,-804.6875,523.4375
1226859,-484.375,820.3125,140.625,-570.3125,-632.8125,359.375,468.75,-554.6875,757.8125,523.4375,-718.75,242.1875,687.5,-703.125,562.5
1226859,-484.375,820.3125,140.625,-570.3125,-632.8125,359.375,468.75,-554.6875,757.8125,523.4375,-718.75,242.1875,687.5,-703.125,562.5
1226867,-367.1875,710.9375,125.0,-414.0625,-726.5625,500.0,421.875,-601.5625,687.5,492.1875,-804.6875,257.8125,429.6875,-812.5,460.9375
1226867,-367.1875,710.9375,125.0,-414.0625,-726.5625,500.0,421.875,-601.5625,687.5,492.1875,-804.6875,257.8125,429.6875,-812.5,460.9375
1227013,-648.4375,578.125,-132.8125,-523.4375,-570.3125,570.3125,70.3125,-804.6875,437.5,257.8125,-898.4375,140.625,109.375,-882.8125,328.125
1227013,-648.4375,578.125,-132.8125,-523.4375,-570.3125,570.3125,70.3125,-804.6875,437.5,257.8125,-898.4375,140.625,109.375,-882.8125,328.125
1227013,-648.4375,578.125,-109.375,-515.625,-593.75,562.5,54.6875,-828.125,429.6875,234.375,-906.25,125.0,93.75,-898.4375,304.6875
1227013,-648.4375,578.125,-109.375,-515.625,-593.75,562.5,54.6875,-828.125,429.6875,234.375,-906.25,125.0,93.75,-898.4375,304.6875
1227020,-664.0625,640.625,-117.1875,-523.4375,-632.8125,554.6875,62.5,-875.0,406.25,234.375,-953.125,101.5625,70.3125,-945.3125,304.6875
1227020,-664.0625,640.625,-117.1875,-523.4375,-632.8125,554.6875,62.5,-875.0,406.25,234.375,-953.125,101.5625,70.3125,-945.3125,304.6875
1227028,-710.9375,710.9375,-140.625,-507.8125,-679.6875,562.5,46.875,-914.0625,375.0,226.5625,-984.375,70.3125,39.0625,-984.375,296.875
1227028,-710.9375,710.9375,-140.625,-507.8125,-679.6875,562.5,46.875,-914.0625,375.0,226.5625,-984.375,70.3125,39.0625,-984.375,296.875
1227093,-429.6875,828.125,421.875,-250.0,-1343.75,742.1875,281.25,-1523.4375,257.8125,437.5,-1507.8125,-109.375,242.1875,-1531.25,382.8125
1227093,-429.6875,828.125,421.875,-250.0,-1343.75,742.1875,281.25,-1523.4375,257.8125,437.5,-1507.8125,-109.375,242.1875,-1531.25,382.8125
1227093,-203.125,921.875,546.875,-218.75,-1429.6875,765.625,296.875,-1570.3125,242.1875,445.3125,-1562.5,-109.375,242.1875,-1570.3125,421.875
1227093,-203.125,921.875,546.875,-218.75,-1429.6875,765.625,296.875,-1570.3125,242.1875,445.3125,-1562.5,-109.375,242.1875,-1570.3125,421.875
1227101,-125.0,1007.8125,578.125,-226.5625,-1421.875,765.625,281.25,-1531.25,257.8125,406.25,-1531.25,-109.375,203.125,-1554.6875,390.625
1227101,-125.0,1007.8125,578.125,-226.5625,-1421.875,765.625,281.25,-1531.25,257.8125,406.25,-1531.25,-109.375,203.125,-1554.6875,390.625
1227109,-218.75,1062.5,492.1875,-242.1875,-1296.875,757.8125,257.8125,-1468.75,250.0,367.1875,-1468.75,-125.0,117.1875,-1500.0,320.3125
1227109,-218.75,1062.5,492.1875,-242.1875,-1296.875,757.8125,257.8125,-1468.75,250.0,367.1875,-1468.75,-125.0,117.1875,-1500.0,320.3125
1227255,31.25,976.5625,-304.6875,85.9375,-242.1875,843.75,585.9375,-593.75,343.75,648.4375,-585.9375,117.1875,492.1875,-687.5,328.125
1227255,31.25,976.5625,-304.6875,85.9375,-242.1875,843.75,585.9375,-593.75,343.75,648.4375,-585.9375,117.1875,492.1875,-687.5,328.125
1227255,46.875,953.125,-343.75,93.75,-140.625,843.75,593.75,-531.25,328.125,640.625,-523.4375,117.1875,507.8125,-632.8125,289.0625
1227255,46.875,953.125,-343.75,93.75,-140.625,843.75,593.75,-531.25,328.125,640.625,-523.4375,117.1875,507.8125,-632.8125,289.0625
1227262,31.25,921.875,-359.375,125.0,-39.0625,835.9375,625.0,-445.3125,320.3125,664.0625,-460.9375,93.75,523.4375,-585.9375,242.1875
1227262,31.25,921.875,-359.375,125.0,-39.0625,835.9375,625.0,-445.3125,320.3125,664.0625,-460.9375,93.75,523.4375,-585.9375,242.1875
1227270,23.4375,921.875,-375.0,140.625,31.25,820.3125,656.25,-375.0,335.9375,695.3125,-375.0,85.9375,578.125,-523.4375,234.375
1227270,23.4375,921.875,-375.0,140.625,31.25,820.3125,656.25,-375.0,335.9375,695.3125,-375.0,85.9375,578.125,-523.4375,234.375
1227416,710.9375,-3945.3125,-4000.0,523.4375,960.9375,671.875,851.5625,531.25,320.3125,757.8125,656.25,195.3125,750.0,429.6875,31.25
1227416,710.9375,-3945.3125,-4000.0,523.4375,960.9375,671.875,851.5625,531.25,320.3125,757.8125,656.25,195.3125,750.0,429.6875,31.25
1227416,1281.25,-3734.375,-2046.875,351.5625,890.625,406.25,1187.5,937.5,593.75,1250.0,1007.8125,351.5625,1781.25,703.125,187.5
1227416,1281.25,-3734.375,-2046.875,351.5625,890.625,406.25,1187.5,937.5,593.75,1250.0,1007.8125,351.5625,1781.25,703.125,187.5
1227424,289.0625,-929.6875,-1773.4375,242.1875,1234.375,23.4375,1015.625,1382.8125,765.625,1625.0,1468.75,695.3125,2531.25,1109.375,531.25
1227424,289.0625,-929.6875,-1773.4375,242.1875,1234.375,23.4375,1015.625,1382.8125,765.625,1625.0,1468.75,695.3125,2531.25,1109.375,531.25
1227431,398.4375,-1585.9375,-2242.1875,148.4375,1554.6875,-257.8125,1085.9375,1875.0,898.4375,1570.3125,1937.5,843.75,2492.1875,1593.75,515.625
1227431,398.4375,-1585.9375,-2242.1875,148.4375,1554.6875,-257.8125,1085.9375,1875.0,898.4375,1570.3125,1937.5,843.75,2492.1875,1593.75,515.625
1227577,203.125,-15.625,-1085.9375,195.3125,992.1875,695.3125,726.5625,585.9375,726.5625,687.5,617.1875,593.75,757.8125,539.0625,445.3125
1227577,203.125,-15.625,-1085.9375,195.3125,992.1875,695.3125,726.5625,585.9375,726.5625,687.5,617.1875,593.75,757.8125,539.0625,445.3125
1227577,195.3125,-23.4375,-1031.25,179.6875,953.125,648.4375,664.0625,546.875,695.3125,656.25,585.9375,593.75,734.375,500.0,460.9375
1227577,195.3125,-23.4375,-1031.25,179.6875,953.125,648.4375,664.0625,546.875,695.3125,656.25,585.9375,593.75,734.375,500.0,460.9375
1227585,187.5,-39.0625,-1000.0,148.4375,859.375,632.8125,625.0,507.8125,671.875,648.4375,531.25,562.5,726.5625,460.9375,460.9375
1227585,187.5,-39.0625,-1000.0,148.4375,859.375,632.8125,625.0,507.8125,671.875,648.4375,531.25,562.5,726.5625,460.9375,460.9375
1227593,179.6875,-39.0625,-960.9375,140.625,789.0625,609.375,601.5625,445.3125,648.4375,648.4375,484.375,554.6875,718.75,406.25,468.75
1227593,179.6875,-39.0625,-960.9375,140.625,789.0625,609.375,601.5625,445.3125,648.4375,648.4375,484.375,554.6875,718.75,406.25,468.75
1227738,171.875,23.4375,-992.1875,195.3125,671.875,726.5625,695.3125,312.5,625.0,734.375,382.8125,507.8125,781.25,281.25,484.375
1227738,171.875,23.4375,-992.1875,195.3125,671.875,726.5625,695.3125,312.5,625.0,734.375,382.8125,507.8125,781.25,281.25,484.375
1227738,171.875,7.8125,-984.375,171.875,664.0625,703.125,664.0625,312.5,609.375,710.9375,367.1875,500.0,757.8125,281.25,484.375
1227738,171.875,7.8125,-984.375,171.875,664.0625,703.125,664.0625,312.5,609.375,710.9375,367.1875,500.0,757.8125,281.25,484.375
1227746,164.0625,7.8125,-976.5625,164.0625,656.25,695.3125,664.0625,312.5,609.375,710.9375,367.1875,500.0,757.8125,273.4375,476.5625
1227746,164.0625,7.8125,-976.5625,164.0625,656.25,695.3125,664.0625,312.5,609.375,710.9375,367.1875,500.0,757.8125,273.4375,476.5625
1227754,156.25,-7.8125,-953.125,171.875,632.8125,687.5,671.875,296.875,609.375,710.9375,351.5625,507.8125,765.625,257.8125,484.375
1227754,156.25,-7.8125,-953.125,171.875,632.8125,687.5,671.875,296.875,609.375,710.9375,351.5625,507.8125,765.625,257.8125,484.375
1227899,195.3125,-7.8125,-976.5625,164.0625,679.6875,671.875,671.875,343.75,625.0,718.75,406.25,515.625,773.4375,312.5,484.375
1227899,195.3125,-7.8125,-976.5625,164.0625,679.6875,671.875,671.875,343.75,625.0,718.75,406.25,515.625,773.4375,312.5,484.375
1227899,187.5,0.0,-984.375,179.6875,695.3125,687.5,695.3125,343.75,640.625,734.375,406.25,515.625,789.0625,320.3125,492.1875
1227899,187.5,0.0,-984.375,179.6875,695.3125,687.5,695.3125,343.75,640.625,734.375,406.25,515.625,789.0625,320.3125,492.1875
1227908,187.5,0.0,-984.375,187.5,687.5,703.125,703.125,335.9375,632.8125,750.0,398.4375,523.4375,812.5,304.6875,492.1875
1227908,187.5,0.0,-984.375,187.5,687.5,703.125,703.125,335.9375,632.8125,750.0,398.4375,523.4375,812.5,304.6875,492.1875
1227916,179.6875,-7.8125,-992.1875,210.9375,671.875,726.5625,718.75,312.5,625.0,750.0,382.8125,515.625,804.6875,289.0625,492.1875
1227916,179.6875,-7.8125,-992.1875,210.9375,671.875,726.5625,718.75,312.5,625.0,750.0,382.8125,515.625,804.6875,289.0625,492.1875
1228061,179.6875,7.8125,-1000.0,187.5,687.5,703.125,687.5,320.3125,632.8125,742.1875,367.1875,523.4375,789.0625,289.0625,492.1875
1228061,179.6875,7.8125,-1000.0,187.5,687.5,703.125,687.5,320.3125,632.8125,742.1875,367.1875,523.4375,789.0625,289.0625,492.1875
1228061,179.6875,7.8125,-976.5625,179.6875,679.6875,695.3125,679.6875,328.125,632.8125,734.375,382.8125,523.4375,796.875,289.0625,500.0
1228061,179.6875,7.8125,-976.5625,179.6875,679.6875,695.3125,679.6875,328.125,632.8125,734.375,382.8125,523.4375,796.875,289.0625,500.0
1228069,179.6875,15.625,-976.5625,187.5,671.875,695.3125,687.5,320.3125,632.8125,734.375,375.0,531.25,796.875,289.0625,500.0
1228069,179.6875,15.625,-976.5625,187.5,671.875,695.3125,687.5,320.3125,632.8125,734.375,375.0,531.25,796.875,289.0625,500.0
1228077,179.6875,15.625,-968.75,187.5,671.875,703.125,687.5,320.3125,640.625,742.1875,375.0,531.25,789.0625,289.0625,507.8125
1228077,179.6875,15.625,-968.75,187.5,671.875,703.125,687.5,320.3125,640.625,742.1875,375.0,531.25,789.0625,289.0625,507.8125
1228077,187.5,0.0,-984.375,195.3125,679.6875,703.125,695.3125,328.125,648.4375,750.0,382.8125,523.4375,804.6875,289.0625,500.0
1228077,187.5,0.0,-984.375,195.3125,679.6875,703.125,695.3125,328.125,648.4375,750.0,382.8125,523.4375,804.6875,289.0625,500.0
1228085,179.6875,7.8125,-976.5625,195.3125,679.6875,703.125,703.125,328.125,640.625,757.8125,382.8125,531.25,820.3125,289.0625,507.8125
1228085,179.6875,7.8125,-976.5625,195.3125,679.6875,703.125,703.125,328.125,640.625,757.8125,382.8125,531.25,820.3125,289.0625,507.8125
1228093,179.6875,15.625,-984.375,203.125,671.875,695.3125,703.125,320.3125,640.625,750.0,375.0,523.4375,812.5,281.25,507.8125
1228093,179.6875,15.625,-984.375,203.125,671.875,695.3125,703.125,320.3125,640.625,750.0,375.0,523.4375,812.5,281.25,507.8125
1228093,179.6875,15.625,-984.375,187.5,679.6875,710.9375,695.3125,312.5,648.4375,734.375,375.0,531.25,789.0625,289.0625,507.8125
1228093,179.6875,15.625,-984.375,187.5,679.6875,710.9375,695.3125,312.5,648.4375,734.375,375.0,531.25,789.0625,289.0625,507.8125
1228239,164.0625,15.625,-992.1875,179.6875,679.6875,695.3125,687.5,335.9375,640.625,734.375,382.8125,531.25,796.875,289.0625,500.0
1228239,164.0625,15.625,-992.1875,179.6875,679.6875,695.3125,687.5,335.9375,640.625,734.375,382.8125,531.25,796.875,289.0625,500.0
1228246,156.25,15.625,-984.375,171.875,687.5,687.5,664.0625,335.9375,640.625,734.375,382.8125,523.4375,789.0625,289.0625,484.375
1228246,156.25,15.625,-984.375,171.875,687.5,687.5,664.0625,335.9375,640.625,734.375,382.8125,523.4375,789.0625,289.0625,484.375
1228254,156.25,7.8125,-976.5625,187.5,687.5,695.3125,687.5,335.9375,648.4375,742.1875,382.8125,523.4375,796.875,289.0625,500.0
1228254,156.25,7.8125,-976.5625,187.5,687.5,695.3125,687.5,335.9375,648.4375,742.1875,382.8125,523.4375,796.875,289.0625,500.0
1228255,156.25,15.625,-984.375,179.6875,671.875,695.3125,687.5,320.3125,640.625,734.375,367.1875,515.625,781.25,281.25,500.0
1228255,156.25,15.625,-984.375,179.6875,671.875,695.3125,687.5,320.3125,640.625,734.375,367.1875,515.625,781.25,281.25,500.0
1228400,164.0625,15.625,-976.5625,187.5,664.0625,695.3125,687.5,312.5,625.0,742.1875,375.0,523.4375,796.875,273.4375,500.0
1228400,164.0625,15.625,-976.5625,187.5,664.0625,695.3125,687.5,312.5,625.0,742.1875,375.0,523.4375,796.875,273.4375,500.0
1228406,164.0625,15.625,-976.5625,187.5,656.25,687.5,679.6875,304.6875,625.0,734.375,359.375,523.4375,773.4375,265.625,507.8125
1228406,164.0625,15.625,-976.5625,187.5,656.25,687.5,679.6875,304.6875,625.0,734.375,359.375,523.4375,773.4375,265.625,507.8125
1228415,171.875,15.625,-976.5625,171.875,664.0625,687.5,671.875,312.5,640.625,734.375,359.375,531.25,773.4375,281.25,507.8125
1228415,171.875,15.625,-976.5625,171.875,664.0625,687.5,671.875,312.5,640.625,734.375,359.375,531.25,773.4375,281.25,507.8125
1228416,156.25,7.8125,-976.5625,179.6875,679.6875,687.5,679.6875,328.125,640.625,734.375,375.0,531.25,796.875,289.0625,507.8125
1228416,156.25,7.8125,-976.5625,179.6875,679.6875,687.5,679.6875,328.125,640.625,734.375,375.0,531.25,796.875,289.0625,507.8125
1228730,156.25,62.5,-984.375,187.5,687.5,703.125,679.6875,335.9375,632.8125,742.1875,382.8125,531.25,789.0625,289.0625,507.8125
1228730,156.25,62.5,-984.375,187.5,687.5,703.125,679.6875,335.9375,632.8125,742.1875,382.8125,531.25,789.0625,289.0625,507.8125
1228738,148.4375,70.3125,-984.375,195.3125,671.875,687.5,679.6875,328.125,632.8125,734.375,367.1875,523.4375,796.875,281.25,507.8125
1228738,148.4375,70.3125,-984.375,195.3125,671.875,687.5,679.6875,328.125,632.8125,734.375,367.1875,523.4375,796.875,281.25,507.8125
1228738,164.0625,70.3125,-976.5625,195.3125,671.875,695.3125,671.875,320.3125,625.0,734.375,367.1875,523.4375,789.0625,273.4375,500.0
1228738,164.0625,70.3125,-976.5625,195.3125,671.875,695.3125,671.875,320.3125,625.0,734.375,367.1875,523.4375,789.0625,273.4375,500.0
1228746,164.0625,62.5,-984.375,195.3125,679.6875,703.125,695.3125,320.3125,632.8125,750.0,375.0,523.4375,796.875,281.25,500.0
1228746,164.0625,62.5,-984.375,195.3125,679.6875,703.125,695.3125,320.3125,632.8125,750.0,375.0,523.4375,796.875,281.25,500.0
1228746,156.25,62.5,-1000.0,203.125,671.875,710.9375,718.75,328.125,648.4375,757.8125,382.8125,531.25,812.5,289.0625,500.0
1228746,156.25,62.5,-1000.0,203.125,671.875,710.9375,718.75,328.125,648.4375,757.8125,382.8125,531.25,812.5,289.0625,500.0
1228754,156.25,70.3125,-1000.0,210.9375,687.5,710.9375,718.75,328.125,640.625,757.8125,390.625,531.25,796.875,281.25,500.0
1228754,156.25,70.3125,-1000.0,210.9375,687.5,710.9375,718.75,328.125,640.625,757.8125,390.625,531.25,796.875,281.25,500.0
1228762,148.4375,70.3125,-992.1875,203.125,695.3125,710.9375,703.125,335.9375,632.8125,742.1875,390.625,531.25,812.5,289.0625,500.0
1228762,148.4375,70.3125,-992.1875,203.125,695.3125,710.9375,703.125,335.9375,632.8125,742.1875,390.625,531.25,812.5,289.0625,500.0
1228762,148.4375,70.3125,-1007.8125,195.3125,687.5,703.125,703.125,335.9375,632.8125,757.8125,398.4375,531.25,804.6875,296.875,500.0
1228762,148.4375,70.3125,-1007.8125,195.3125,687.5,703.125,703.125,335.9375,632.8125,757.8125,398.4375,531.25,804.6875,296.875,500.0
