1252514,35.0,-26.25,-56.875
1252514,35.0,-26.25,-56.875
1252524,21.875,-17.5,-39.375
1252524,21.875,-17.5,-39.375
1252676,-56.875,8.75,-17.5
1252676,-56.875,8.75,-17.5
1252686,-52.5,0.0,-26.25
1252686,-52.5,0.0,-26.25
1252837,-65.625,4.375,-26.25
1252837,-65.625,4.375,-26.25
1252847,-83.125,8.75,-30.625
1252847,-83.125,8.75,-30.625
1252918,-8.75,-17.5,-4.375
1252918,-8.75,-17.5,-4.375
1252928,-4.375,-17.5,4.375
1252928,-4.375,-17.5,4.375
1253080,-188.125,78.75,78.75
1253080,-188.125,78.75,78.75
1253089,-148.75,52.5,70.0
1253089,-148.75,52.5,70.0
1253160,-109.375,8.75,39.375
1253160,-109.375,8.75,39.375
1253170,-140.0,26.25,43.75
1253170,-140.0,26.25,43.75
1253322,-105.0,21.875,8.75
1253322,-105.0,21.875,8.75
1253332,-100.625,26.25,17.5
1253332,-100.625,26.25,17.5
1253484,-113.75,13.125,35.0
1253484,-113.75,13.125,35.0
1253493,-17.5,-30.625,87.5
1253493,-17.5,-30.625,87.5
1253645,-30.625,-17.5,30.625
1253645,-30.625,-17.5,30.625
1253655,-52.5,-8.75,17.5
1253655,-52.5,-8.75,17.5
1253807,-43.75,26.25,-39.375
1253807,-43.75,26.25,-39.375
1253816,-13.125,-4.375,-30.625
1253816,-13.125,-4.375,-30.625
1253968,-153.125,-78.75,717.5
1253968,-153.125,-78.75,717.5
1253978,-328.125,17.5,883.75
1253978,-328.125,17.5,883.75
1254130,-284.375,-1334.375,5945.625
1254130,-284.375,-1334.375,5945.625
1254138,-249.375,-927.5,6160.0
1254138,-249.375,-927.5,6160.0
1254291,-5092.5,7660.625,-14402.5
1254291,-5092.5,7660.625,-14402.5
1254300,-5206.25,7560.0,-16152.5
1254300,-5206.25,7560.0,-16152.5
1254452,-3570.0,20243.125,-14651.875
1254452,-3570.0,20243.125,-14651.875
1254462,-83.125,19578.125,-13973.75
1254462,-83.125,19578.125,-13973.75
1254613,-918.75,1557.5,-1986.25
1254613,-918.75,1557.5,-1986.25
1254623,-371.875,74.375,-1032.5
1254623,-371.875,74.375,-1032.5
1254775,-9056.25,-16187.5,-800.625
1254775,-9056.25,-16187.5,-800.625
1254784,-11475.625,-18208.75,310.625
1254784,-11475.625,-18208.75,310.625
1254936,-27912.5,-24430.0,4462.5
1254936,-27912.5,-24430.0,4462.5
1254946,-19556.25,-17745.0,3062.5
1254946,-19556.25,-17745.0,3062.5
1255098,-1767.5,122.5,1942.5
1255098,-1767.5,122.5,1942.5
1255108,-1522.5,555.625,2476.25
1255108,-1522.5,555.625,2476.25
1255259,-507.5,8.75,-87.5
1255259,-507.5,8.75,-87.5
1255269,-109.375,48.125,43.75
1255269,-109.375,48.125,43.75
1255421,-17.5,30.625,148.75
1255421,-17.5,30.625,148.75
1255431,-83.125,21.875,140.0
1255431,-83.125,21.875,140.0
1255501,87.5,-48.125,135.625
1255501,87.5,-48.125,135.625
1255512,-8.75,-4.375,170.625
1255512,-8.75,-4.375,170.625
