1199696,577.5,-350.0,-140.0
1199696,577.5,-350.0,-140.0
1199706,1115.625,-214.375,83.125
1199706,1115.625,-214.375,83.125
1199716,1181.25,-30.625,118.125
1199716,1181.25,-30.625,118.125
1199727,997.5,288.75,-196.875
1199727,997.5,288.75,-196.875
1199738,682.5,205.625,-638.75
1199738,682.5,205.625,-638.75
1199747,931.875,-52.5,-791.875
1199747,931.875,-52.5,-791.875
1199758,896.875,-210.0,-945.0
1199758,896.875,-210.0,-945.0
1199768,433.125,-577.5,-1085.0
1199768,433.125,-577.5,-1085.0
1199778,542.5,-791.875,-861.875
1199778,542.5,-791.875,-861.875
1199789,966.875,-726.25,-669.375
1199789,966.875,-726.25,-669.375
1199799,1163.75,-616.875,-428.75
1199799,1163.75,-616.875,-428.75
1199809,1321.25,-485.625,-415.625
1199809,1321.25,-485.625,-415.625
1199820,1815.625,-385.0,-354.375
1199820,1815.625,-385.0,-354.375
1199830,2331.875,-538.125,-424.375
1199830,2331.875,-538.125,-424.375
1199840,3171.875,-564.375,-1955.625
1199840,3171.875,-564.375,-1955.625
1199852,4711.875,0.0,-3968.125
1199852,4711.875,0.0,-3968.125
1199861,8701.875,2874.375,-5893.125
1199861,8701.875,2874.375,-5893.125
1199871,11751.25,2848.125,-5363.75
1199871,11751.25,2848.125,-5363.75
1199882,12136.25,538.125,-4379.375
1199882,12136.25,538.125,-4379.375
1199892,8163.75,-446.25,-3640.0
1199892,8163.75,-446.25,-3640.0
1199902,7013.125,231.875,-2410.625
1199902,7013.125,231.875,-2410.625
1199912,8159.375,-1404.375,-822.5
1199912,8159.375,-1404.375,-822.5
1199923,4558.75,-1273.125,-525.0
1199923,4558.75,-1273.125,-525.0
1199933,5031.25,2835.0,581.875
1199933,5031.25,2835.0,581.875
1199943,3150.0,-603.75,1198.75
1199943,3150.0,-603.75,1198.75
1199954,3478.125,-354.375,2253.125
1199954,3478.125,-354.375,2253.125
1199964,2721.25,-1999.375,2992.5
1199964,2721.25,-1999.375,2992.5
1199974,5355.0,-2261.875,3193.75
1199974,5355.0,-2261.875,3193.75
1199985,376.25,-1885.625,3128.125
1199985,376.25,-1885.625,3128.125
1199995,3036.25,-490.0,3946.25
1199995,3036.25,-490.0,3946.25
1200005,-341.25,-6654.375,11348.75
1200005,-341.25,-6654.375,11348.75
1200016,-27606.25,-54481.875,13461.875
1200016,-27606.25,-54481.875,13461.875
1200026,-36544.375,-78229.375,16708.125
1200026,-36544.375,-78229.375,16708.125
1200036,-5989.375,-28630.0,10438.75
1200036,-5989.375,-28630.0,10438.75
1200047,13763.75,13776.875,6470.625
1200047,13763.75,13776.875,6470.625
1200057,2117.5,5442.5,2511.25
1200057,2117.5,5442.5,2511.25
1200067,-2642.5,-4943.75,-56.875
1200067,-2642.5,-4943.75,-56.875
1200078,717.5,-6295.625,1413.125
1200078,717.5,-6295.625,1413.125
1200088,2826.25,-10491.25,3591.875
1200088,2826.25,-10491.25,3591.875
1200098,4396.875,-15872.5,8706.25
1200098,4396.875,-15872.5,8706.25
1200109,6208.125,-16756.25,13930.0
1200109,6208.125,-16756.25,13930.0
1200119,4882.5,-12853.75,6571.25
1200119,4882.5,-12853.75,6571.25
1200129,1295.0,-5127.5,227.5
1200129,1295.0,-5127.5,227.5
1200139,6496.875,-3543.75,3132.5
1200139,6496.875,-3543.75,3132.5
1200150,4239.375,-8356.25,3377.5
1200150,4239.375,-8356.25,3377.5
1200160,-1456.875,-7660.625,1618.75
1200160,-1456.875,-7660.625,1618.75
1200170,1579.375,-3381.875,1540.0
1200170,1579.375,-3381.875,1540.0
1200181,2948.75,-1916.25,770.0
1200181,2948.75,-1916.25,770.0
1200191,2813.125,-936.25,48.125
1200191,2813.125,-936.25,48.125
1200202,2918.125,-1658.125,1067.5
1200202,2918.125,-1658.125,1067.5
1200211,1522.5,-3780.0,2139.375
1200211,1522.5,-3780.0,2139.375
1200222,1373.75,-4843.125,2218.125
1200222,1373.75,-4843.125,2218.125
1200232,586.25,-6033.125,1771.875
1200232,586.25,-6033.125,1771.875
1200243,-131.25,-7048.125,1745.625
1200243,-131.25,-7048.125,1745.625
1200253,691.25,-6466.25,1767.5
1200253,691.25,-6466.25,1767.5
1200263,1286.25,-5241.25,1715.0
1200263,1286.25,-5241.25,1715.0
1200274,704.375,-4694.375,1229.375
1200274,704.375,-4694.375,1229.375
1200284,748.125,-3793.125,1006.25
1200284,748.125,-3793.125,1006.25
1200294,866.25,-3390.625,883.75
1200294,866.25,-3390.625,883.75
1200305,695.625,-3399.375,831.25
1200305,695.625,-3399.375,831.25
1200315,1006.25,-3115.0,1036.875
1200315,1006.25,-3115.0,1036.875
1200325,621.25,-3053.75,1242.5
1200325,621.25,-3053.75,1242.5
1200335,529.375,-2480.625,927.5
1200335,529.375,-2480.625,927.5
1200346,997.5,-1452.5,791.875
1200346,997.5,-1452.5,791.875
1200356,1098.125,-472.5,612.5
1200356,1098.125,-472.5,612.5
1200366,1036.875,-748.125,700.0
1200366,1036.875,-748.125,700.0
1200377,538.125,-1452.5,818.125
1200377,538.125,-1452.5,818.125
1200387,743.75,-1356.25,787.5
1200387,743.75,-1356.25,787.5
1200398,1583.75,-1106.875,822.5
1200398,1583.75,-1106.875,822.5
1200408,1172.5,-708.75,971.25
1200408,1172.5,-708.75,971.25
1200418,-96.25,-1198.75,958.125
1200418,-96.25,-1198.75,958.125
1200428,175.0,-1662.5,958.125
1200428,175.0,-1662.5,958.125
1200439,1233.75,-1771.875,1124.375
1200439,1233.75,-1771.875,1124.375
1200449,1207.5,-2603.125,1553.125
1200449,1207.5,-2603.125,1553.125
1200459,643.125,-3093.125,1548.75
1200459,643.125,-3093.125,1548.75
1200470,48.125,-3815.0,1890.0
1200470,48.125,-3815.0,1890.0
1200480,-1456.875,-4536.875,2856.875
1200480,-1456.875,-4536.875,2856.875
1200490,-1513.75,-5390.0,3425.625
1200490,-1513.75,-5390.0,3425.625
1200500,245.0,-6339.375,2082.5
1200500,245.0,-6339.375,2082.5
1200511,100.625,-5635.0,861.875
1200511,100.625,-5635.0,861.875
1200521,1824.375,-4676.875,1303.75
1200521,1824.375,-4676.875,1303.75
1200532,2498.125,-4418.75,1579.375
1200532,2498.125,-4418.75,1579.375
1200542,1653.75,-5061.875,1767.5
1200542,1653.75,-5061.875,1767.5
1200553,1163.75,-5223.75,2135.0
1200553,1163.75,-5223.75,2135.0
1200562,822.5,-4519.375,1995.0
1200562,822.5,-4519.375,1995.0
1200573,131.25,-4068.75,1780.625
1200573,131.25,-4068.75,1780.625
1200583,-393.75,-3710.0,1531.25
1200583,-393.75,-3710.0,1531.25
1200594,-717.5,-3101.875,1400.0
1200594,-717.5,-3101.875,1400.0
1200604,-529.375,-2970.625,1421.875
1200604,-529.375,-2970.625,1421.875
1200614,-358.75,-2808.75,1207.5
1200614,-358.75,-2808.75,1207.5
1200625,-756.875,-3053.75,940.625
1200625,-756.875,-3053.75,940.625
1200635,-424.375,-2603.125,1229.375
1200635,-424.375,-2603.125,1229.375
1200645,-236.25,-2288.125,1098.125
1200645,-236.25,-2288.125,1098.125
1200655,-713.125,-2576.875,962.5
1200655,-713.125,-2576.875,962.5
1200666,-936.25,-2139.375,647.5
1200666,-936.25,-2139.375,647.5
1200676,-616.875,-1824.375,595.0
1200676,-616.875,-1824.375,595.0
1200686,-503.125,-1500.625,481.25
1200686,-503.125,-1500.625,481.25
1200697,-1155.0,-1435.0,437.5
1200697,-1155.0,-1435.0,437.5
1200707,-1596.875,-1868.125,490.0
1200707,-1596.875,-1868.125,490.0
1200717,-2016.875,-1955.625,393.75
1200717,-2016.875,-1955.625,393.75
1200728,-1767.5,-2310.0,511.875
1200728,-1767.5,-2310.0,511.875
1200738,-1526.875,-2695.0,682.5
1200738,-1526.875,-2695.0,682.5
1200748,-1465.625,-2791.25,651.875
1200748,-1465.625,-2791.25,651.875
1200758,-783.125,-1960.0,752.5
1200758,-783.125,-1960.0,752.5
1200769,-494.375,-831.25,481.25
1200769,-494.375,-831.25,481.25
1200779,546.875,-398.125,590.625
1200779,546.875,-398.125,590.625
1200789,748.125,-205.625,940.625
1200789,748.125,-205.625,940.625
1200800,-350.0,-647.5,1229.375
1200800,-350.0,-647.5,1229.375
1200810,-546.875,-656.25,1671.25
1200810,-546.875,-656.25,1671.25
1200821,-573.125,323.75,1588.125
1200821,-573.125,323.75,1588.125
1200831,-660.625,1176.875,704.375
1200831,-660.625,1176.875,704.375
1200841,-743.75,2117.5,-332.5
1200841,-743.75,2117.5,-332.5
1200850,157.5,3211.25,-288.75
1200850,157.5,3211.25,-288.75
1200862,958.125,3045.0,-4.375
1200862,958.125,3045.0,-4.375
1200872,43.75,2498.125,-380.625
1200872,43.75,2498.125,-380.625
1200882,-630.0,2467.5,-376.25
1200882,-630.0,2467.5,-376.25
1200893,-1246.875,1553.125,-393.75
1200893,-1246.875,1553.125,-393.75
1200903,-1246.875,0.0,231.875
1200903,-1246.875,0.0,231.875
1200913,-813.75,-1487.5,1036.875
1200913,-813.75,-1487.5,1036.875
1200924,-809.375,-3010.0,905.625
1200924,-809.375,-3010.0,905.625
1200934,-3136.875,-3211.25,1063.125
1200934,-3136.875,-3211.25,1063.125
1200945,-4716.25,-4585.0,713.125
1200945,-4716.25,-4585.0,713.125
1200955,-5005.0,-4523.75,1430.625
1200955,-5005.0,-4523.75,1430.625
1200965,-4016.25,-4760.0,1986.25
1200965,-4016.25,-4760.0,1986.25
1200975,-3548.125,-8610.0,1710.625
1200975,-3548.125,-8610.0,1710.625
1200984,-3911.25,-9196.25,700.0
1200984,-3911.25,-9196.25,700.0
1200996,-4116.875,-6282.5,-122.5
1200996,-4116.875,-6282.5,-122.5
1201006,-2935.625,-5000.625,192.5
1201006,-2935.625,-5000.625,192.5
1201017,-4313.75,-4996.25,8.75
1201017,-4313.75,-4996.25,8.75
1201027,-6772.5,-4475.625,-245.0
1201027,-6772.5,-4475.625,-245.0
1201037,-2117.5,-704.375,-2016.875
1201037,-2117.5,-704.375,-2016.875
1201047,11913.125,6680.625,-5298.125
1201047,11913.125,6680.625,-5298.125
1201058,-1968.75,18978.75,-9345.0
1201058,-1968.75,18978.75,-9345.0
1201068,-15382.5,9660.0,-11112.5
1201068,-15382.5,9660.0,-11112.5
1201078,-11414.375,3386.25,-8710.625
1201078,-11414.375,3386.25,-8710.625
1201089,-13133.75,8260.0,-7385.0
1201089,-13133.75,8260.0,-7385.0
1201100,-16003.75,2336.25,-3250.625
1201100,-16003.75,2336.25,-3250.625
1201109,-16178.75,-3749.375,-958.125
1201109,-16178.75,-3749.375,-958.125
1201120,-16576.875,2170.0,-1316.875
1201120,-16576.875,2170.0,-1316.875
1201129,-11716.25,13619.375,310.625
1201129,-11716.25,13619.375,310.625
1201141,-11068.75,18226.25,1085.0
1201141,-11068.75,18226.25,1085.0
1201151,-14196.875,18466.875,-1623.125
1201151,-14196.875,18466.875,-1623.125
1201161,-8955.625,21682.5,-2861.25
1201161,-8955.625,21682.5,-2861.25
1201171,-778.75,24880.625,-1785.0
1201171,-778.75,24880.625,-1785.0
1201182,1815.625,25431.875,-2130.625
1201182,1815.625,25431.875,-2130.625
1201192,883.75,22386.875,-3403.75
1201192,883.75,22386.875,-3403.75
1201202,43.75,16887.5,-3443.125
1201202,43.75,16887.5,-3443.125
1201213,-791.875,10333.75,-2817.5
1201213,-791.875,10333.75,-2817.5
1201223,-245.0,5061.875,-2165.625
1201223,-245.0,5061.875,-2165.625
1201233,634.375,2161.25,-1666.875
1201233,634.375,2161.25,-1666.875
1201243,-253.75,-1653.75,-1220.625
1201243,-253.75,-1653.75,-1220.625
1201254,-1566.25,-6833.75,-249.375
1201254,-1566.25,-6833.75,-249.375
1201264,-1155.0,-11790.625,599.375
1201264,-1155.0,-11790.625,599.375
1201274,896.875,-13361.25,1273.125
1201274,896.875,-13361.25,1273.125
1201285,3727.5,-13435.625,1198.75
1201285,3727.5,-13435.625,1198.75
1201294,4637.5,-13238.75,726.25
1201294,4637.5,-13238.75,726.25
1201305,3075.625,-11812.5,643.125
1201305,3075.625,-11812.5,643.125
1201316,393.75,-11173.75,1273.125
1201316,393.75,-11173.75,1273.125
1201326,-2393.125,-10955.0,2423.75
1201326,-2393.125,-10955.0,2423.75
1201336,-3950.625,-8526.875,3141.25
1201336,-3950.625,-8526.875,3141.25
1201347,-4917.5,-5652.5,3150.0
1201347,-4917.5,-5652.5,3150.0
1201357,-4825.625,-1890.0,2454.375
1201357,-4825.625,-1890.0,2454.375
1201367,-2795.625,1767.5,2152.5
1201367,-2795.625,1767.5,2152.5
1201378,-647.5,4729.375,1999.375
1201378,-647.5,4729.375,1999.375
1201388,-411.25,6265.0,1631.875
1201388,-411.25,6265.0,1631.875
1201398,-595.0,6619.375,1281.875
1201398,-595.0,6619.375,1281.875
1201409,-730.625,5569.375,1093.75
1201409,-730.625,5569.375,1093.75
1201419,-1041.25,4322.5,1120.0
1201419,-1041.25,4322.5,1120.0
1201429,-1859.375,3600.625,1085.0
1201429,-1859.375,3600.625,1085.0
1201440,-2266.25,2432.5,966.875
1201440,-2266.25,2432.5,966.875
1201450,-2261.875,796.25,923.125
1201450,-2261.875,796.25,923.125
1201460,-1780.625,678.125,1058.75
1201460,-1780.625,678.125,1058.75
1201470,-2222.5,179.375,971.25
1201470,-2222.5,179.375,971.25
1201481,-1881.25,-748.125,1286.25
1201481,-1881.25,-748.125,1286.25
1201491,-1080.625,-1045.625,1343.125
1201491,-1080.625,-1045.625,1343.125
1201501,-503.125,-682.5,1028.125
1201501,-503.125,-682.5,1028.125
1201512,100.625,-385.0,1032.5
1201512,100.625,-385.0,1032.5
1201522,459.375,-678.125,971.25
1201522,459.375,-678.125,971.25
1201532,126.875,-1347.5,704.375
1201532,126.875,-1347.5,704.375
1201542,735.0,-1067.5,910.0
1201542,735.0,-1067.5,910.0
1201553,634.375,-735.0,879.375
1201553,634.375,-735.0,879.375
1201562,542.5,-1290.625,879.375
1201562,542.5,-1290.625,879.375
1201574,818.125,-1575.0,840.0
1201574,818.125,-1575.0,840.0
1201584,1255.625,-958.125,844.375
1201584,1255.625,-958.125,844.375
1201594,883.75,-183.75,380.625
1201594,883.75,-183.75,380.625
1201604,476.875,-336.875,-87.5
1201604,476.875,-336.875,-87.5
1201615,1036.875,-936.25,236.25
1201615,1036.875,-936.25,236.25
1201625,1303.75,-1194.375,743.75
1201625,1303.75,-1194.375,743.75
1201634,975.625,-1080.625,1019.375
1201634,975.625,-1080.625,1019.375
1201646,358.75,-1015.0,1185.625
1201646,358.75,-1015.0,1185.625
1201656,-586.25,-1378.125,739.375
1201656,-586.25,-1378.125,739.375
1201666,-813.75,-2191.875,385.0
1201666,-813.75,-2191.875,385.0
1201677,-30.625,-2100.0,472.5
1201677,-30.625,-2100.0,472.5
1201687,411.25,-1680.0,870.625
1201687,411.25,-1680.0,870.625
1201697,-87.5,-1408.75,1216.25
1201697,-87.5,-1408.75,1216.25
1201708,-1548.75,-1964.375,730.625
1201708,-1548.75,-1964.375,730.625
1201718,-1378.125,-2266.25,564.375
1201718,-1378.125,-2266.25,564.375
1201728,-323.75,-1557.5,673.75
1201728,-323.75,-1557.5,673.75
1201739,328.125,-1146.25,625.625
1201739,328.125,-1146.25,625.625
1201749,411.25,-748.125,450.625
1201749,411.25,-748.125,450.625
1201760,433.125,-840.0,293.125
1201760,433.125,-840.0,293.125
1201769,634.375,70.0,301.875
1201769,634.375,70.0,301.875
1201779,542.5,564.375,752.5
1201779,542.5,564.375,752.5
1201790,-48.125,161.875,1054.375
1201790,-48.125,161.875,1054.375
1201801,-253.75,-56.875,975.625
1201801,-253.75,-56.875,975.625
1201811,227.5,284.375,1207.5
1201811,227.5,284.375,1207.5
1201820,529.375,1001.875,1255.625
1201820,529.375,1001.875,1255.625
1201832,-39.375,997.5,581.875
1201832,-39.375,997.5,581.875
1201842,-227.5,245.0,258.125
1201842,-227.5,245.0,258.125
1201852,914.375,743.75,433.125
1201852,914.375,743.75,433.125
1201863,940.625,1316.875,494.375
1201863,940.625,1316.875,494.375
1201873,-411.25,1120.0,271.25
1201873,-411.25,1120.0,271.25
1201883,-1373.75,730.625,-48.125
1201883,-1373.75,730.625,-48.125
1201893,-1225.0,345.625,-83.125
1201893,-1225.0,345.625,-83.125
1201904,-345.625,371.875,48.125
1201904,-345.625,371.875,48.125
1201914,708.75,673.75,52.5
1201914,708.75,673.75,52.5
1201924,1395.625,1159.375,-275.625
1201924,1395.625,1159.375,-275.625
1201935,1032.5,1268.75,-463.75
1201935,1032.5,1268.75,-463.75
1201945,-293.125,1268.75,-564.375
1201945,-293.125,1268.75,-564.375
1201956,-520.625,1487.5,-249.375
1201956,-520.625,1487.5,-249.375
1201966,-306.25,1618.75,192.5
1201966,-306.25,1618.75,192.5
1201976,-818.125,1255.625,280.0
1201976,-818.125,1255.625,280.0
1201986,-735.0,420.0,892.5
1201986,-735.0,420.0,892.5
1201997,-883.75,761.25,446.25
1201997,-883.75,761.25,446.25
1202007,-1640.625,-179.375,0.0
1202007,-1640.625,-179.375,0.0
1202017,-1058.75,-459.375,-135.625
1202017,-1058.75,-459.375,-135.625
1202028,568.75,813.75,-306.25
1202028,568.75,813.75,-306.25
1202038,1430.625,2113.125,-131.25
1202038,1430.625,2113.125,-131.25
1202048,1211.875,2646.875,-21.875
1202048,1211.875,2646.875,-21.875
1202059,105.0,1181.25,-315.0
1202059,105.0,1181.25,-315.0
1202069,-153.125,520.625,-345.625
1202069,-153.125,520.625,-345.625
1202079,770.0,1006.25,-26.25
1202079,770.0,1006.25,-26.25
1202089,240.625,1246.875,144.375
1202089,240.625,1246.875,144.375
1202100,-533.75,818.125,428.75
1202100,-533.75,818.125,428.75
1202110,-1693.125,-188.125,109.375
1202110,-1693.125,-188.125,109.375
1202120,-2546.25,-1150.625,-223.125
1202120,-2546.25,-1150.625,-223.125
1202131,-1036.875,315.0,56.875
1202131,-1036.875,315.0,56.875
1202141,-227.5,1211.875,258.125
1202141,-227.5,1211.875,258.125
1202152,153.125,1697.5,284.375
1202152,153.125,1697.5,284.375
1202162,-354.375,1636.25,-266.875
1202162,-354.375,1636.25,-266.875
1202172,-756.875,1010.625,-660.625
1202172,-756.875,1010.625,-660.625
1202182,140.0,1251.25,-153.125
1202182,140.0,1251.25,-153.125
1202193,-153.125,1680.0,-26.25
1202193,-153.125,1680.0,-26.25
1202203,-205.625,1684.375,74.375
1202203,-205.625,1684.375,74.375
1202213,-135.625,1185.625,210.0
1202213,-135.625,1185.625,210.0
1202224,-1115.625,713.125,-341.25
1202224,-1115.625,713.125,-341.25
1202234,-735.0,616.875,398.125
1202234,-735.0,616.875,398.125
1202244,78.75,2191.875,761.25
1202244,78.75,2191.875,761.25
1202255,-634.375,1426.25,179.375
1202255,-634.375,1426.25,179.375
1202265,-918.75,319.375,8.75
1202265,-918.75,319.375,8.75
1202275,-319.375,1400.0,-354.375
1202275,-319.375,1400.0,-354.375
1202286,367.5,1614.375,-634.375
1202286,367.5,1614.375,-634.375
1202296,1456.875,2082.5,-459.375
1202296,1456.875,2082.5,-459.375
1202306,1824.375,2445.625,-83.125
1202306,1824.375,2445.625,-83.125
1202317,1330.0,2003.75,61.25
1202317,1330.0,2003.75,61.25
1202327,503.125,1220.625,-385.0
1202327,503.125,1220.625,-385.0
1202337,17.5,918.75,-161.875
1202337,17.5,918.75,-161.875
1202348,-700.0,-161.875,43.75
1202348,-700.0,-161.875,43.75
1202358,-389.375,-643.125,210.0
1202358,-389.375,-643.125,210.0
1202368,634.375,-126.875,328.125
1202368,634.375,-126.875,328.125
1202378,463.75,196.875,126.875
1202378,463.75,196.875,126.875
1202389,520.625,402.5,-48.125
1202389,520.625,402.5,-48.125
1202399,704.375,621.25,-39.375
1202399,704.375,621.25,-39.375
1202409,175.0,402.5,-74.375
1202409,175.0,402.5,-74.375
1202420,240.625,126.875,214.375
1202420,240.625,126.875,214.375
1202430,227.5,166.25,74.375
1202430,227.5,166.25,74.375
1202440,682.5,380.625,144.375
1202440,682.5,380.625,144.375
1202451,1111.25,848.75,161.875
1202451,1111.25,848.75,161.875
1202461,835.625,831.25,-26.25
1202461,835.625,831.25,-26.25
1202471,516.25,831.25,-315.0
1202471,516.25,831.25,-315.0
1202482,700.0,730.625,-179.375
1202482,700.0,730.625,-179.375
1202492,420.0,813.75,-140.0
1202492,420.0,813.75,-140.0
1202503,-236.25,726.25,-433.125
1202503,-236.25,726.25,-433.125
1202513,428.75,385.0,-358.75
1202513,428.75,385.0,-358.75
1202523,1041.25,595.0,-293.125
1202523,1041.25,595.0,-293.125
1202533,1373.75,844.375,-371.875
1202533,1373.75,844.375,-371.875
1202543,857.5,988.75,-288.75
1202543,857.5,988.75,-288.75
1202554,192.5,529.375,-271.25
1202554,192.5,529.375,-271.25
1202564,-56.875,-8.75,52.5
1202564,-56.875,-8.75,52.5
1202575,-345.625,-179.375,192.5
1202575,-345.625,-179.375,192.5
1202585,-87.5,-319.375,183.75
1202585,-87.5,-319.375,183.75
1202595,210.0,-8.75,-26.25
1202595,210.0,-8.75,-26.25
1202605,380.625,293.125,-315.0
1202605,380.625,293.125,-315.0
1202616,581.875,468.125,-525.0
1202616,581.875,468.125,-525.0
1202626,875.0,564.375,-564.375
1202626,875.0,564.375,-564.375
1202636,730.625,-13.125,-301.875
1202636,730.625,-13.125,-301.875
1202646,-144.375,-1443.75,-319.375
1202646,-144.375,-1443.75,-319.375
1202657,437.5,-1798.125,-170.625
1202657,437.5,-1798.125,-170.625
1202667,1338.75,-980.0,-26.25
1202667,1338.75,-980.0,-26.25
1202678,962.5,-686.875,179.375
1202678,962.5,-686.875,179.375
1202688,236.25,-861.875,91.875
1202688,236.25,-861.875,91.875
1202699,472.5,-1036.875,109.375
1202699,472.5,-1036.875,109.375
1202709,721.875,-1063.125,96.25
1202709,721.875,-1063.125,96.25
1202719,249.375,-1631.875,26.25
1202719,249.375,-1631.875,26.25
1202729,26.25,-2056.25,363.125
1202729,26.25,-2056.25,363.125
1202740,-306.25,-2003.75,686.875
1202740,-306.25,-2003.75,686.875
1202750,-686.875,-1833.125,538.125
1202750,-686.875,-1833.125,538.125
