1252516,109.375,718.75,679.6875,0.0,-875.0,523.4375,257.8125,-945.3125,265.625,460.9375,-867.1875,-140.625,437.5,-898.4375,117.1875
1252516,109.375,718.75,679.6875,0.0,-875.0,523.4375,257.8125,-945.3125,265.625,460.9375,-867.1875,-140.625,437.5,-898.4375,117.1875
1252524,109.375,718.75,687.5,7.8125,-875.0,523.4375,257.8125,-937.5,265.625,468.75,-867.1875,-140.625,437.5,-890.625,117.1875
1252524,109.375,718.75,687.5,7.8125,-875.0,523.4375,257.8125,-937.5,265.625,468.75,-867.1875,-140.625,437.5,-890.625,117.1875
1252524,101.5625,718.75,695.3125,7.8125,-875.0,515.625,257.8125,-937.5,265.625,468.75,-867.1875,-140.625,437.5,-890.625,109.375
1252524,101.5625,718.75,695.3125,7.8125,-875.0,515.625,257.8125,-937.5,265.625,468.75,-867.1875,-140.625,437.5,-890.625,109.375
1252532,109.375,710.9375,695.3125,0.0,-875.0,523.4375,250.0,-937.5,265.625,460.9375,-867.1875,-148.4375,437.5,-890.625,117.1875
1252532,109.375,710.9375,695.3125,0.0,-875.0,523.4375,250.0,-937.5,265.625,460.9375,-867.1875,-148.4375,437.5,-890.625,117.1875
1252677,117.1875,726.5625,679.6875,7.8125,-882.8125,523.4375,257.8125,-945.3125,273.4375,468.75,-867.1875,-132.8125,437.5,-898.4375,117.1875
1252677,117.1875,726.5625,679.6875,7.8125,-882.8125,523.4375,257.8125,-945.3125,273.4375,468.75,-867.1875,-132.8125,437.5,-898.4375,117.1875
1252685,117.1875,726.5625,687.5,7.8125,-875.0,523.4375,257.8125,-945.3125,257.8125,468.75,-867.1875,-140.625,437.5,-898.4375,117.1875
1252685,117.1875,726.5625,687.5,7.8125,-875.0,523.4375,257.8125,-945.3125,257.8125,468.75,-867.1875,-140.625,437.5,-898.4375,117.1875
1252685,117.1875,726.5625,679.6875,7.8125,-882.8125,515.625,265.625,-945.3125,273.4375,468.75,-867.1875,-140.625,437.5,-898.4375,117.1875
1252685,117.1875,726.5625,679.6875,7.8125,-882.8125,515.625,265.625,-945.3125,273.4375,468.75,-867.1875,-140.625,437.5,-898.4375,117.1875
1252693,117.1875,718.75,687.5,7.8125,-882.8125,523.4375,265.625,-945.3125,265.625,460.9375,-867.1875,-140.625,437.5,-890.625,109.375
1252693,117.1875,718.75,687.5,7.8125,-882.8125,523.4375,265.625,-945.3125,265.625,460.9375,-867.1875,-140.625,437.5,-890.625,109.375
1252838,117.1875,718.75,679.6875,0.0,-882.8125,523.4375,257.8125,-937.5,265.625,468.75,-867.1875,-148.4375,437.5,-906.25,117.1875
1252838,117.1875,718.75,679.6875,0.0,-882.8125,523.4375,257.8125,-937.5,265.625,468.75,-867.1875,-148.4375,437.5,-906.25,117.1875
1252846,109.375,718.75,695.3125,7.8125,-882.8125,523.4375,257.8125,-945.3125,257.8125,460.9375,-867.1875,-140.625,437.5,-890.625,117.1875
1252846,109.375,718.75,695.3125,7.8125,-882.8125,523.4375,257.8125,-945.3125,257.8125,460.9375,-867.1875,-140.625,437.5,-890.625,117.1875
1252846,109.375,718.75,679.6875,0.0,-882.8125,523.4375,265.625,-953.125,265.625,460.9375,-859.375,-140.625,437.5,-890.625,125.0
1252846,109.375,718.75,679.6875,0.0,-882.8125,523.4375,265.625,-953.125,265.625,460.9375,-859.375,-140.625,437.5,-890.625,125.0
1252854,109.375,726.5625,687.5,0.0,-882.8125,531.25,257.8125,-945.3125,273.4375,468.75,-867.1875,-140.625,429.6875,-890.625,117.1875
1252854,109.375,726.5625,687.5,0.0,-882.8125,531.25,257.8125,-945.3125,273.4375,468.75,-867.1875,-140.625,429.6875,-890.625,117.1875
1252919,109.375,726.5625,679.6875,0.0,-890.625,523.4375,257.8125,-945.3125,257.8125,460.9375,-867.1875,-140.625,445.3125,-890.625,117.1875
1252919,109.375,726.5625,679.6875,0.0,-890.625,523.4375,257.8125,-945.3125,257.8125,460.9375,-867.1875,-140.625,445.3125,-890.625,117.1875
1252927,109.375,718.75,695.3125,0.0,-875.0,515.625,257.8125,-945.3125,265.625,460.9375,-867.1875,-148.4375,445.3125,-898.4375,117.1875
1252927,109.375,718.75,695.3125,0.0,-875.0,515.625,257.8125,-945.3125,265.625,460.9375,-867.1875,-148.4375,445.3125,-898.4375,117.1875
1252928,109.375,710.9375,687.5,7.8125,-882.8125,515.625,257.8125,-945.3125,265.625,460.9375,-859.375,-140.625,437.5,-906.25,117.1875
1252928,109.375,710.9375,687.5,7.8125,-882.8125,515.625,257.8125,-945.3125,265.625,460.9375,-859.375,-140.625,437.5,-906.25,117.1875
1252935,109.375,726.5625,695.3125,7.8125,-882.8125,515.625,265.625,-945.3125,257.8125,468.75,-867.1875,-140.625,437.5,-898.4375,109.375
1252935,109.375,726.5625,695.3125,7.8125,-882.8125,515.625,265.625,-945.3125,257.8125,468.75,-867.1875,-140.625,437.5,-898.4375,109.375
1253081,125.0,726.5625,679.6875,7.8125,-875.0,515.625,257.8125,-937.5,257.8125,460.9375,-867.1875,-140.625,437.5,-890.625,109.375
1253081,125.0,726.5625,679.6875,7.8125,-875.0,515.625,257.8125,-937.5,257.8125,460.9375,-867.1875,-140.625,437.5,-890.625,109.375
1253088,117.1875,718.75,687.5,7.8125,-875.0,523.4375,257.8125,-937.5,273.4375,460.9375,-867.1875,-132.8125,437.5,-882.8125,125.0
1253088,117.1875,718.75,687.5,7.8125,-875.0,523.4375,257.8125,-937.5,273.4375,460.9375,-867.1875,-132.8125,437.5,-882.8125,125.0
1253089,117.1875,726.5625,679.6875,7.8125,-875.0,531.25,257.8125,-937.5,265.625,460.9375,-859.375,-140.625,437.5,-890.625,101.5625
1253089,117.1875,726.5625,679.6875,7.8125,-875.0,531.25,257.8125,-937.5,265.625,460.9375,-859.375,-140.625,437.5,-890.625,101.5625
1253097,125.0,726.5625,679.6875,7.8125,-875.0,523.4375,273.4375,-929.6875,265.625,460.9375,-859.375,-140.625,429.6875,-882.8125,109.375
1253097,125.0,726.5625,679.6875,7.8125,-875.0,523.4375,273.4375,-929.6875,265.625,460.9375,-859.375,-140.625,429.6875,-882.8125,109.375
1253161,109.375,734.375,687.5,15.625,-882.8125,515.625,265.625,-960.9375,273.4375,460.9375,-875.0,-140.625,437.5,-906.25,125.0
1253161,109.375,734.375,687.5,15.625,-882.8125,515.625,265.625,-960.9375,273.4375,460.9375,-875.0,-140.625,437.5,-906.25,125.0
1253169,101.5625,726.5625,687.5,7.8125,-882.8125,523.4375,265.625,-953.125,265.625,468.75,-875.0,-132.8125,437.5,-898.4375,117.1875
1253169,101.5625,726.5625,687.5,7.8125,-882.8125,523.4375,265.625,-953.125,265.625,468.75,-875.0,-132.8125,437.5,-898.4375,117.1875
1253169,109.375,726.5625,695.3125,15.625,-890.625,523.4375,257.8125,-953.125,265.625,460.9375,-875.0,-140.625,437.5,-898.4375,117.1875
1253169,109.375,726.5625,695.3125,15.625,-890.625,523.4375,257.8125,-953.125,265.625,460.9375,-875.0,-140.625,437.5,-898.4375,117.1875
1253177,117.1875,726.5625,687.5,7.8125,-882.8125,531.25,273.4375,-945.3125,265.625,468.75,-867.1875,-132.8125,437.5,-898.4375,117.1875
1253177,117.1875,726.5625,687.5,7.8125,-882.8125,531.25,273.4375,-945.3125,265.625,468.75,-867.1875,-132.8125,437.5,-898.4375,117.1875
1253322,117.1875,718.75,679.6875,7.8125,-875.0,515.625,265.625,-945.3125,265.625,460.9375,-867.1875,-140.625,437.5,-898.4375,125.0
1253322,117.1875,718.75,679.6875,7.8125,-875.0,515.625,265.625,-945.3125,265.625,460.9375,-867.1875,-140.625,437.5,-898.4375,125.0
1253330,109.375,734.375,687.5,0.0,-882.8125,523.4375,257.8125,-945.3125,273.4375,460.9375,-867.1875,-140.625,445.3125,-898.4375,125.0
1253330,109.375,734.375,687.5,0.0,-882.8125,523.4375,257.8125,-945.3125,273.4375,460.9375,-867.1875,-140.625,445.3125,-898.4375,125.0
1253330,117.1875,726.5625,679.6875,0.0,-875.0,523.4375,265.625,-945.3125,265.625,468.75,-867.1875,-132.8125,437.5,-898.4375,117.1875
1253330,117.1875,726.5625,679.6875,0.0,-875.0,523.4375,265.625,-945.3125,265.625,468.75,-867.1875,-132.8125,437.5,-898.4375,117.1875
1253339,125.0,726.5625,671.875,7.8125,-882.8125,523.4375,265.625,-937.5,273.4375,468.75,-867.1875,-140.625,437.5,-906.25,117.1875
1253339,125.0,726.5625,671.875,7.8125,-882.8125,523.4375,265.625,-937.5,273.4375,468.75,-867.1875,-140.625,437.5,-906.25,117.1875
1253484,125.0,726.5625,679.6875,7.8125,-875.0,515.625,250.0,-937.5,265.625,468.75,-859.375,-140.625,445.3125,-882.8125,117.1875
1253484,125.0,726.5625,679.6875,7.8125,-875.0,515.625,250.0,-937.5,265.625,468.75,-859.375,-140.625,445.3125,-882.8125,117.1875
1253492,109.375,726.5625,687.5,0.0,-882.8125,515.625,257.8125,-945.3125,257.8125,468.75,-875.0,-148.4375,437.5,-898.4375,125.0
1253492,109.375,726.5625,687.5,0.0,-882.8125,515.625,257.8125,-945.3125,257.8125,468.75,-875.0,-148.4375,437.5,-898.4375,125.0
1253492,117.1875,726.5625,679.6875,0.0,-882.8125,531.25,257.8125,-937.5,265.625,460.9375,-867.1875,-132.8125,437.5,-898.4375,125.0
1253492,117.1875,726.5625,679.6875,0.0,-882.8125,531.25,257.8125,-937.5,265.625,460.9375,-867.1875,-132.8125,437.5,-898.4375,125.0
1253500,109.375,726.5625,679.6875,0.0,-882.8125,523.4375,257.8125,-945.3125,265.625,468.75,-875.0,-132.8125,429.6875,-898.4375,117.1875
1253500,109.375,726.5625,679.6875,0.0,-882.8125,523.4375,257.8125,-945.3125,265.625,468.75,-875.0,-132.8125,429.6875,-898.4375,117.1875
1253645,125.0,726.5625,679.6875,15.625,-882.8125,531.25,265.625,-945.3125,265.625,468.75,-867.1875,-132.8125,445.3125,-898.4375,125.0
1253645,125.0,726.5625,679.6875,15.625,-882.8125,531.25,265.625,-945.3125,265.625,468.75,-867.1875,-132.8125,445.3125,-898.4375,125.0
1253653,125.0,734.375,679.6875,15.625,-875.0,531.25,265.625,-937.5,273.4375,468.75,-875.0,-132.8125,445.3125,-890.625,117.1875
1253653,125.0,734.375,679.6875,15.625,-875.0,531.25,265.625,-937.5,273.4375,468.75,-875.0,-132.8125,445.3125,-890.625,117.1875
1253653,132.8125,726.5625,687.5,0.0,-875.0,523.4375,273.4375,-945.3125,273.4375,468.75,-867.1875,-132.8125,437.5,-890.625,125.0
1253653,132.8125,726.5625,687.5,0.0,-875.0,523.4375,273.4375,-945.3125,273.4375,468.75,-867.1875,-132.8125,437.5,-890.625,125.0
1253661,117.1875,718.75,679.6875,7.8125,-882.8125,531.25,265.625,-937.5,257.8125,468.75,-867.1875,-140.625,437.5,-890.625,117.1875
1253661,117.1875,718.75,679.6875,7.8125,-882.8125,531.25,265.625,-937.5,257.8125,468.75,-867.1875,-140.625,437.5,-890.625,117.1875
1253806,117.1875,742.1875,679.6875,15.625,-875.0,531.25,265.625,-937.5,273.4375,468.75,-867.1875,-132.8125,445.3125,-890.625,125.0
1253806,117.1875,742.1875,679.6875,15.625,-875.0,531.25,265.625,-937.5,273.4375,468.75,-867.1875,-132.8125,445.3125,-890.625,125.0
1253814,117.1875,734.375,664.0625,7.8125,-875.0,539.0625,257.8125,-937.5,273.4375,468.75,-867.1875,-132.8125,437.5,-882.8125,125.0
1253814,117.1875,734.375,664.0625,7.8125,-875.0,539.0625,257.8125,-937.5,273.4375,468.75,-867.1875,-132.8125,437.5,-882.8125,125.0
1253814,125.0,742.1875,671.875,7.8125,-867.1875,531.25,265.625,-945.3125,273.4375,460.9375,-867.1875,-132.8125,437.5,-890.625,125.0
1253814,125.0,742.1875,671.875,7.8125,-867.1875,531.25,265.625,-945.3125,273.4375,460.9375,-867.1875,-132.8125,437.5,-890.625,125.0
1253823,125.0,726.5625,679.6875,7.8125,-882.8125,531.25,273.4375,-945.3125,273.4375,468.75,-875.0,-132.8125,437.5,-898.4375,125.0
1253823,125.0,726.5625,679.6875,7.8125,-882.8125,531.25,273.4375,-945.3125,273.4375,468.75,-875.0,-132.8125,437.5,-898.4375,125.0
1253968,109.375,734.375,679.6875,0.0,-882.8125,539.0625,265.625,-945.3125,273.4375,468.75,-882.8125,-132.8125,453.125,-906.25,148.4375
1253968,109.375,734.375,679.6875,0.0,-882.8125,539.0625,265.625,-945.3125,273.4375,468.75,-882.8125,-132.8125,453.125,-906.25,148.4375
1253975,117.1875,734.375,671.875,-15.625,-882.8125,546.875,250.0,-945.3125,281.25,476.5625,-882.8125,-125.0,460.9375,-914.0625,140.625
1253975,117.1875,734.375,671.875,-15.625,-882.8125,546.875,250.0,-945.3125,281.25,476.5625,-882.8125,-125.0,460.9375,-914.0625,140.625
1253975,109.375,726.5625,679.6875,-15.625,-882.8125,546.875,257.8125,-953.125,265.625,468.75,-882.8125,-132.8125,453.125,-906.25,140.625
1253975,109.375,726.5625,679.6875,-15.625,-882.8125,546.875,257.8125,-953.125,265.625,468.75,-882.8125,-132.8125,453.125,-906.25,140.625
1253984,125.0,750.0,671.875,-7.8125,-875.0,539.0625,250.0,-945.3125,265.625,468.75,-875.0,-125.0,445.3125,-890.625,117.1875
1253984,125.0,750.0,671.875,-7.8125,-875.0,539.0625,250.0,-945.3125,265.625,468.75,-875.0,-125.0,445.3125,-890.625,117.1875
1254129,328.125,820.3125,664.0625,101.5625,-937.5,585.9375,406.25,-968.75,296.875,632.8125,-804.6875,-109.375,796.875,-687.5,289.0625
1254129,328.125,820.3125,664.0625,101.5625,-937.5,585.9375,406.25,-968.75,296.875,632.8125,-804.6875,-109.375,796.875,-687.5,289.0625
1254136,312.5,859.375,671.875,125.0,-906.25,609.375,445.3125,-953.125,289.0625,570.3125,-843.75,-125.0,945.3125,-882.8125,593.75
1254136,312.5,859.375,671.875,125.0,-906.25,609.375,445.3125,-953.125,289.0625,570.3125,-843.75,-125.0,945.3125,-882.8125,593.75
1254136,351.5625,867.1875,687.5,132.8125,-906.25,601.5625,445.3125,-906.25,289.0625,617.1875,-835.9375,-140.625,656.25,-187.5,-39.0625
1254136,351.5625,867.1875,687.5,132.8125,-906.25,601.5625,445.3125,-906.25,289.0625,617.1875,-835.9375,-140.625,656.25,-187.5,-39.0625
1254145,398.4375,867.1875,679.6875,125.0,-882.8125,617.1875,406.25,-906.25,265.625,710.9375,-796.875,-7.8125,632.8125,-640.625,70.3125
1254145,398.4375,867.1875,679.6875,125.0,-882.8125,617.1875,406.25,-906.25,265.625,710.9375,-796.875,-7.8125,632.8125,-640.625,70.3125
1254291,468.75,1320.3125,507.8125,679.6875,-914.0625,1039.0625,914.0625,-1085.9375,640.625,1085.9375,-882.8125,171.875,867.1875,-984.375,398.4375
1254291,468.75,1320.3125,507.8125,679.6875,-914.0625,1039.0625,914.0625,-1085.9375,640.625,1085.9375,-882.8125,171.875,867.1875,-984.375,398.4375
1254298,460.9375,1234.375,468.75,671.875,-906.25,1007.8125,921.875,-1117.1875,601.5625,1109.375,-890.625,148.4375,898.4375,-984.375,414.0625
1254298,460.9375,1234.375,468.75,671.875,-906.25,1007.8125,921.875,-1117.1875,601.5625,1109.375,-890.625,148.4375,898.4375,-984.375,414.0625
1254298,445.3125,1156.25,414.0625,687.5,-890.625,960.9375,945.3125,-1125.0,554.6875,1125.0,-890.625,117.1875,929.6875,-953.125,406.25
1254298,445.3125,1156.25,414.0625,687.5,-890.625,960.9375,945.3125,-1125.0,554.6875,1125.0,-890.625,117.1875,929.6875,-953.125,406.25
1254306,406.25,1062.5,359.375,710.9375,-882.8125,914.0625,929.6875,-1117.1875,515.625,1109.375,-898.4375,78.125,898.4375,-945.3125,335.9375
1254306,406.25,1062.5,359.375,710.9375,-882.8125,914.0625,929.6875,-1117.1875,515.625,1109.375,-898.4375,78.125,898.4375,-945.3125,335.9375
1254452,140.625,1000.0,195.3125,0.0,-585.9375,218.75,-39.0625,-609.375,-85.9375,-23.4375,-531.25,-296.875,-62.5,-632.8125,-156.25
1254452,140.625,1000.0,195.3125,0.0,-585.9375,218.75,-39.0625,-609.375,-85.9375,-23.4375,-531.25,-296.875,-62.5,-632.8125,-156.25
1254459,132.8125,937.5,242.1875,-85.9375,-539.0625,187.5,-101.5625,-585.9375,-70.3125,-46.875,-531.25,-281.25,-39.0625,-632.8125,-125.0
1254459,132.8125,937.5,242.1875,-85.9375,-539.0625,187.5,-101.5625,-585.9375,-70.3125,-46.875,-531.25,-281.25,-39.0625,-632.8125,-125.0
1254460,109.375,882.8125,281.25,-132.8125,-523.4375,164.0625,-156.25,-578.125,-54.6875,-78.125,-546.875,-242.1875,-78.125,-632.8125,-93.75
1254460,109.375,882.8125,281.25,-132.8125,-523.4375,164.0625,-156.25,-578.125,-54.6875,-78.125,-546.875,-242.1875,-78.125,-632.8125,-93.75
1254468,187.5,820.3125,476.5625,-156.25,-320.3125,218.75,-218.75,-492.1875,-7.8125,-101.5625,-523.4375,-187.5,-78.125,-578.125,-70.3125
1254468,187.5,820.3125,476.5625,-156.25,-320.3125,218.75,-218.75,-492.1875,-7.8125,-101.5625,-523.4375,-187.5,-78.125,-578.125,-70.3125
1254613,-445.3125,609.375,781.25,-812.5,-914.0625,46.875,-695.3125,-992.1875,101.5625,-507.8125,-960.9375,-171.875,-703.125,-898.4375,-164.0625
1254613,-445.3125,609.375,781.25,-812.5,-914.0625,46.875,-695.3125,-992.1875,101.5625,-507.8125,-960.9375,-171.875,-703.125,-898.4375,-164.0625
1254621,-335.9375,617.1875,726.5625,-757.8125,-960.9375,312.5,-585.9375,-1007.8125,148.4375,-585.9375,-1054.6875,-218.75,-742.1875,-921.875,-93.75
1254621,-335.9375,617.1875,726.5625,-757.8125,-960.9375,312.5,-585.9375,-1007.8125,148.4375,-585.9375,-1054.6875,-218.75,-742.1875,-921.875,-93.75
1254621,-398.4375,546.875,773.4375,-750.0,-1062.5,304.6875,-718.75,-1015.625,125.0,-562.5,-1093.75,-289.0625,-718.75,-976.5625,7.8125
1254621,-398.4375,546.875,773.4375,-750.0,-1062.5,304.6875,-718.75,-1015.625,125.0,-562.5,-1093.75,-289.0625,-718.75,-976.5625,7.8125
1254629,-414.0625,539.0625,812.5,-734.375,-929.6875,296.875,-750.0,-1000.0,117.1875,-585.9375,-1070.3125,-234.375,-671.875,-937.5,-23.4375
1254629,-414.0625,539.0625,812.5,-734.375,-929.6875,296.875,-750.0,-1000.0,117.1875,-585.9375,-1070.3125,-234.375,-671.875,-937.5,-23.4375
1254774,-148.4375,460.9375,554.6875,-210.9375,-1109.375,460.9375,-156.25,-1250.0,195.3125,-7.8125,-1343.75,-273.4375,-250.0,-1359.375,164.0625
1254774,-148.4375,460.9375,554.6875,-210.9375,-1109.375,460.9375,-156.25,-1250.0,195.3125,-7.8125,-1343.75,-273.4375,-250.0,-1359.375,164.0625
1254782,-148.4375,359.375,437.5,-320.3125,-1117.1875,398.4375,-156.25,-1234.375,218.75,54.6875,-1289.0625,-226.5625,-226.5625,-1304.6875,148.4375
1254782,-148.4375,359.375,437.5,-320.3125,-1117.1875,398.4375,-156.25,-1234.375,218.75,54.6875,-1289.0625,-226.5625,-226.5625,-1304.6875,148.4375
1254782,-171.875,421.875,328.125,-281.25,-1054.6875,414.0625,-101.5625,-1187.5,218.75,101.5625,-1257.8125,-195.3125,-156.25,-1289.0625,195.3125
1254782,-171.875,421.875,328.125,-281.25,-1054.6875,414.0625,-101.5625,-1187.5,218.75,101.5625,-1257.8125,-195.3125,-156.25,-1289.0625,195.3125
1254790,-140.625,570.3125,312.5,-101.5625,-976.5625,484.375,-15.625,-1132.8125,242.1875,171.875,-1234.375,-179.6875,-101.5625,-1265.625,257.8125
1254790,-140.625,570.3125,312.5,-101.5625,-976.5625,484.375,-15.625,-1132.8125,242.1875,171.875,-1234.375,-179.6875,-101.5625,-1265.625,257.8125
1254935,312.5,1156.25,-1242.1875,968.75,1484.375,687.5,765.625,945.3125,289.0625,296.875,1007.8125,54.6875,375.0,625.0,-265.625
1254935,312.5,1156.25,-1242.1875,968.75,1484.375,687.5,765.625,945.3125,289.0625,296.875,1007.8125,54.6875,375.0,625.0,-265.625
1254943,304.6875,1273.4375,-1257.8125,796.875,1453.125,734.375,742.1875,1156.25,351.5625,312.5,1109.375,203.125,304.6875,890.625,-343.75
1254943,304.6875,1273.4375,-1257.8125,796.875,1453.125,734.375,742.1875,1156.25,351.5625,312.5,1109.375,203.125,304.6875,890.625,-343.75
1254943,593.75,750.0,-2562.5,578.125,1351.5625,773.4375,734.375,1101.5625,468.75,375.0,1062.5,367.1875,164.0625,953.125,-328.125
1254943,593.75,750.0,-2562.5,578.125,1351.5625,773.4375,734.375,1101.5625,468.75,375.0,1062.5,367.1875,164.0625,953.125,-328.125
1254952,54.6875,-226.5625,-1132.8125,906.25,1617.1875,976.5625,843.75,890.625,664.0625,406.25,828.125,562.5,39.0625,812.5,-78.125
1254952,54.6875,-226.5625,-1132.8125,906.25,1617.1875,976.5625,843.75,890.625,664.0625,406.25,828.125,562.5,39.0625,812.5,-78.125
1255097,164.0625,-54.6875,-976.5625,171.875,773.4375,648.4375,484.375,382.8125,851.5625,593.75,218.75,781.25,203.125,468.75,820.3125
1255097,164.0625,-54.6875,-976.5625,171.875,773.4375,648.4375,484.375,382.8125,851.5625,593.75,218.75,781.25,203.125,468.75,820.3125
1255104,164.0625,-62.5,-992.1875,179.6875,773.4375,671.875,476.5625,367.1875,835.9375,617.1875,203.125,781.25,195.3125,421.875,843.75
1255104,164.0625,-62.5,-992.1875,179.6875,773.4375,671.875,476.5625,367.1875,835.9375,617.1875,203.125,781.25,195.3125,421.875,843.75
1255105,171.875,-62.5,-1000.0,179.6875,742.1875,664.0625,476.5625,335.9375,835.9375,617.1875,210.9375,773.4375,203.125,445.3125,851.5625
1255105,171.875,-62.5,-1000.0,179.6875,742.1875,664.0625,476.5625,335.9375,835.9375,617.1875,210.9375,773.4375,203.125,445.3125,851.5625
1255113,203.125,-62.5,-992.1875,179.6875,726.5625,648.4375,468.75,343.75,796.875,570.3125,218.75,726.5625,179.6875,429.6875,843.75
1255113,203.125,-62.5,-992.1875,179.6875,726.5625,648.4375,468.75,343.75,796.875,570.3125,218.75,726.5625,179.6875,429.6875,843.75
1255258,164.0625,-117.1875,-992.1875,164.0625,789.0625,609.375,398.4375,390.625,820.3125,531.25,273.4375,773.4375,140.625,500.0,812.5
1255258,164.0625,-117.1875,-992.1875,164.0625,789.0625,609.375,398.4375,390.625,820.3125,531.25,273.4375,773.4375,140.625,500.0,812.5
1255266,156.25,-117.1875,-984.375,156.25,765.625,601.5625,390.625,375.0,828.125,539.0625,234.375,773.4375,140.625,460.9375,796.875
1255266,156.25,-117.1875,-984.375,156.25,765.625,601.5625,390.625,375.0,828.125,539.0625,234.375,773.4375,140.625,460.9375,796.875
1255266,140.625,-125.0,-984.375,148.4375,757.8125,601.5625,398.4375,359.375,828.125,531.25,226.5625,765.625,125.0,437.5,804.6875
1255266,140.625,-125.0,-984.375,148.4375,757.8125,601.5625,398.4375,359.375,828.125,531.25,226.5625,765.625,125.0,437.5,804.6875
1255274,140.625,-117.1875,-960.9375,148.4375,734.375,609.375,382.8125,335.9375,796.875,507.8125,203.125,742.1875,125.0,414.0625,789.0625
1255274,140.625,-117.1875,-960.9375,148.4375,734.375,609.375,382.8125,335.9375,796.875,507.8125,203.125,742.1875,125.0,414.0625,789.0625
1255419,195.3125,-109.375,-976.5625,171.875,734.375,632.8125,429.6875,359.375,828.125,578.125,242.1875,781.25,179.6875,460.9375,867.1875
1255419,195.3125,-109.375,-976.5625,171.875,734.375,632.8125,429.6875,359.375,828.125,578.125,242.1875,781.25,179.6875,460.9375,867.1875
1255427,187.5,-101.5625,-968.75,171.875,750.0,625.0,421.875,367.1875,820.3125,562.5,250.0,781.25,164.0625,468.75,851.5625
1255427,187.5,-101.5625,-968.75,171.875,750.0,625.0,421.875,367.1875,820.3125,562.5,250.0,781.25,164.0625,468.75,851.5625
1255427,187.5,-117.1875,-968.75,164.0625,757.8125,625.0,429.6875,382.8125,828.125,562.5,257.8125,781.25,164.0625,484.375,828.125
1255427,187.5,-117.1875,-968.75,164.0625,757.8125,625.0,429.6875,382.8125,828.125,562.5,257.8125,781.25,164.0625,484.375,828.125
1255435,195.3125,-101.5625,-968.75,171.875,750.0,632.8125,421.875,390.625,828.125,554.6875,265.625,781.25,164.0625,492.1875,828.125
1255435,195.3125,-101.5625,-968.75,171.875,750.0,632.8125,421.875,390.625,828.125,554.6875,265.625,781.25,164.0625,492.1875,828.125
1255500,179.6875,-109.375,-968.75,164.0625,726.5625,640.625,429.6875,328.125,820.3125,585.9375,218.75,765.625,171.875,429.6875,851.5625
1255500,179.6875,-109.375,-968.75,164.0625,726.5625,640.625,429.6875,328.125,820.3125,585.9375,218.75,765.625,171.875,429.6875,851.5625
1255508,179.6875,-109.375,-960.9375,164.0625,726.5625,640.625,445.3125,328.125,835.9375,585.9375,210.9375,773.4375,179.6875,437.5,843.75
1255508,179.6875,-109.375,-960.9375,164.0625,726.5625,640.625,445.3125,328.125,835.9375,585.9375,210.9375,773.4375,179.6875,437.5,843.75
1255508,179.6875,-101.5625,-968.75,171.875,726.5625,632.8125,437.5,335.9375,828.125,585.9375,226.5625,765.625,179.6875,445.3125,859.375
1255508,179.6875,-101.5625,-968.75,171.875,726.5625,632.8125,437.5,335.9375,828.125,585.9375,226.5625,765.625,179.6875,445.3125,859.375
1255516,187.5,-101.5625,-968.75,179.6875,750.0,640.625,421.875,359.375,812.5,562.5,234.375,773.4375,179.6875,453.125,843.75
1255516,187.5,-101.5625,-968.75,179.6875,750.0,640.625,421.875,359.375,812.5,562.5,234.375,773.4375,179.6875,453.125,843.75
