1240935,195.3125,671.875,703.125,-23.4375,-890.625,500.0,265.625,-945.3125,257.8125,476.5625,-875.0,-93.75,437.5,-898.4375,125.0
1240935,195.3125,671.875,703.125,-23.4375,-890.625,500.0,265.625,-945.3125,257.8125,476.5625,-875.0,-93.75,437.5,-898.4375,125.0
1240942,187.5,679.6875,703.125,-23.4375,-890.625,500.0,257.8125,-945.3125,257.8125,476.5625,-875.0,-85.9375,429.6875,-890.625,125.0
1240942,187.5,679.6875,703.125,-23.4375,-890.625,500.0,257.8125,-945.3125,257.8125,476.5625,-875.0,-85.9375,429.6875,-890.625,125.0
1240950,179.6875,687.5,718.75,-23.4375,-890.625,500.0,257.8125,-953.125,265.625,476.5625,-875.0,-93.75,429.6875,-898.4375,125.0
1240950,179.6875,687.5,718.75,-23.4375,-890.625,500.0,257.8125,-953.125,265.625,476.5625,-875.0,-93.75,429.6875,-898.4375,125.0
1240951,179.6875,679.6875,718.75,-31.25,-898.4375,500.0,265.625,-945.3125,265.625,476.5625,-867.1875,-93.75,429.6875,-906.25,125.0
1240951,179.6875,679.6875,718.75,-31.25,-898.4375,500.0,265.625,-945.3125,265.625,476.5625,-867.1875,-93.75,429.6875,-906.25,125.0
1241096,179.6875,687.5,710.9375,-23.4375,-890.625,507.8125,265.625,-945.3125,265.625,468.75,-867.1875,-78.125,429.6875,-898.4375,125.0
1241096,179.6875,687.5,710.9375,-23.4375,-890.625,507.8125,265.625,-945.3125,265.625,468.75,-867.1875,-78.125,429.6875,-898.4375,125.0
1241104,179.6875,687.5,710.9375,-31.25,-890.625,515.625,257.8125,-953.125,265.625,476.5625,-875.0,-93.75,429.6875,-914.0625,125.0
1241104,179.6875,687.5,710.9375,-31.25,-890.625,515.625,257.8125,-953.125,265.625,476.5625,-875.0,-93.75,429.6875,-914.0625,125.0
1241112,179.6875,687.5,710.9375,-31.25,-890.625,515.625,257.8125,-945.3125,265.625,468.75,-875.0,-78.125,421.875,-906.25,125.0
1241112,179.6875,687.5,710.9375,-31.25,-890.625,515.625,257.8125,-945.3125,265.625,468.75,-875.0,-78.125,421.875,-906.25,125.0
1241112,187.5,687.5,710.9375,-31.25,-898.4375,507.8125,250.0,-945.3125,265.625,468.75,-875.0,-85.9375,429.6875,-906.25,125.0
1241112,187.5,687.5,710.9375,-31.25,-898.4375,507.8125,250.0,-945.3125,265.625,468.75,-875.0,-85.9375,429.6875,-906.25,125.0
1241258,187.5,671.875,710.9375,-23.4375,-898.4375,507.8125,257.8125,-953.125,257.8125,468.75,-875.0,-101.5625,421.875,-898.4375,117.1875
1241258,187.5,671.875,710.9375,-23.4375,-898.4375,507.8125,257.8125,-953.125,257.8125,468.75,-875.0,-101.5625,421.875,-898.4375,117.1875
1241265,187.5,671.875,718.75,-31.25,-906.25,500.0,265.625,-953.125,257.8125,476.5625,-875.0,-93.75,437.5,-914.0625,117.1875
1241265,187.5,671.875,718.75,-31.25,-906.25,500.0,265.625,-953.125,257.8125,476.5625,-875.0,-93.75,437.5,-914.0625,117.1875
1241273,187.5,664.0625,710.9375,-23.4375,-906.25,500.0,257.8125,-953.125,265.625,476.5625,-882.8125,-101.5625,429.6875,-906.25,117.1875
1241273,187.5,664.0625,710.9375,-23.4375,-906.25,500.0,257.8125,-953.125,265.625,476.5625,-882.8125,-101.5625,429.6875,-906.25,117.1875
1241274,195.3125,671.875,718.75,-23.4375,-906.25,500.0,257.8125,-960.9375,250.0,468.75,-882.8125,-101.5625,421.875,-906.25,117.1875
1241274,195.3125,671.875,718.75,-23.4375,-906.25,500.0,257.8125,-960.9375,250.0,468.75,-882.8125,-101.5625,421.875,-906.25,117.1875
1241419,179.6875,679.6875,710.9375,-39.0625,-882.8125,500.0,257.8125,-937.5,257.8125,476.5625,-867.1875,-93.75,429.6875,-898.4375,125.0
1241419,179.6875,679.6875,710.9375,-39.0625,-882.8125,500.0,257.8125,-937.5,257.8125,476.5625,-867.1875,-93.75,429.6875,-898.4375,125.0
1241427,171.875,687.5,710.9375,-39.0625,-875.0,500.0,257.8125,-937.5,265.625,476.5625,-867.1875,-93.75,421.875,-890.625,109.375
1241427,171.875,687.5,710.9375,-39.0625,-875.0,500.0,257.8125,-937.5,265.625,476.5625,-867.1875,-93.75,421.875,-890.625,109.375
1241435,179.6875,679.6875,710.9375,-31.25,-882.8125,500.0,250.0,-945.3125,265.625,468.75,-859.375,-93.75,421.875,-890.625,117.1875
1241435,179.6875,679.6875,710.9375,-31.25,-882.8125,500.0,250.0,-945.3125,265.625,468.75,-859.375,-93.75,421.875,-890.625,117.1875
1241435,179.6875,679.6875,710.9375,-23.4375,-890.625,507.8125,250.0,-945.3125,257.8125,468.75,-867.1875,-85.9375,429.6875,-898.4375,117.1875
1241435,179.6875,679.6875,710.9375,-23.4375,-890.625,507.8125,250.0,-945.3125,257.8125,468.75,-867.1875,-85.9375,429.6875,-898.4375,117.1875
1241580,187.5,687.5,710.9375,-23.4375,-890.625,507.8125,257.8125,-937.5,257.8125,476.5625,-875.0,-93.75,429.6875,-898.4375,125.0
1241580,187.5,687.5,710.9375,-23.4375,-890.625,507.8125,257.8125,-937.5,257.8125,476.5625,-875.0,-93.75,429.6875,-898.4375,125.0
1241588,179.6875,679.6875,710.9375,-23.4375,-898.4375,507.8125,250.0,-945.3125,257.8125,476.5625,-867.1875,-93.75,437.5,-898.4375,125.0
1241588,179.6875,679.6875,710.9375,-23.4375,-898.4375,507.8125,250.0,-945.3125,257.8125,476.5625,-867.1875,-93.75,437.5,-898.4375,125.0
1241596,187.5,679.6875,718.75,-31.25,-906.25,500.0,265.625,-953.125,257.8125,476.5625,-875.0,-93.75,429.6875,-898.4375,117.1875
1241596,187.5,679.6875,718.75,-31.25,-906.25,500.0,265.625,-953.125,257.8125,476.5625,-875.0,-93.75,429.6875,-898.4375,117.1875
1241596,187.5,679.6875,718.75,-23.4375,-898.4375,500.0,257.8125,-953.125,257.8125,476.5625,-875.0,-93.75,437.5,-906.25,117.1875
1241596,187.5,679.6875,718.75,-23.4375,-898.4375,500.0,257.8125,-953.125,257.8125,476.5625,-875.0,-93.75,437.5,-906.25,117.1875
1241741,187.5,679.6875,718.75,-23.4375,-882.8125,500.0,257.8125,-945.3125,257.8125,468.75,-867.1875,-85.9375,437.5,-898.4375,117.1875
1241741,187.5,679.6875,718.75,-23.4375,-882.8125,500.0,257.8125,-945.3125,257.8125,468.75,-867.1875,-85.9375,437.5,-898.4375,117.1875
1241749,187.5,671.875,710.9375,-31.25,-890.625,500.0,257.8125,-937.5,257.8125,460.9375,-867.1875,-85.9375,421.875,-890.625,117.1875
1241749,187.5,671.875,710.9375,-31.25,-890.625,500.0,257.8125,-937.5,257.8125,460.9375,-867.1875,-85.9375,421.875,-890.625,117.1875
1241757,179.6875,671.875,710.9375,-23.4375,-890.625,500.0,257.8125,-945.3125,257.8125,468.75,-867.1875,-93.75,437.5,-906.25,117.1875
1241757,179.6875,671.875,710.9375,-23.4375,-890.625,500.0,257.8125,-945.3125,257.8125,468.75,-867.1875,-93.75,437.5,-906.25,117.1875
1241757,179.6875,679.6875,710.9375,-23.4375,-890.625,500.0,250.0,-945.3125,257.8125,468.75,-867.1875,-101.5625,429.6875,-898.4375,117.1875
1241757,179.6875,679.6875,710.9375,-23.4375,-890.625,500.0,250.0,-945.3125,257.8125,468.75,-867.1875,-101.5625,429.6875,-898.4375,117.1875
1241902,179.6875,671.875,718.75,-31.25,-890.625,500.0,250.0,-945.3125,257.8125,460.9375,-867.1875,-101.5625,421.875,-890.625,117.1875
1241902,179.6875,671.875,718.75,-31.25,-890.625,500.0,250.0,-945.3125,257.8125,460.9375,-867.1875,-101.5625,421.875,-890.625,117.1875
1241910,179.6875,671.875,718.75,-23.4375,-882.8125,492.1875,257.8125,-937.5,242.1875,468.75,-867.1875,-93.75,421.875,-898.4375,117.1875
1241910,179.6875,671.875,718.75,-23.4375,-882.8125,492.1875,257.8125,-937.5,242.1875,468.75,-867.1875,-93.75,421.875,-898.4375,117.1875
1241918,179.6875,671.875,710.9375,-31.25,-882.8125,507.8125,250.0,-945.3125,257.8125,460.9375,-875.0,-101.5625,421.875,-890.625,117.1875
1241918,179.6875,671.875,710.9375,-31.25,-882.8125,507.8125,250.0,-945.3125,257.8125,460.9375,-875.0,-101.5625,421.875,-890.625,117.1875
1241919,179.6875,664.0625,710.9375,-23.4375,-882.8125,500.0,242.1875,-945.3125,250.0,453.125,-867.1875,-101.5625,421.875,-898.4375,109.375
1241919,179.6875,664.0625,710.9375,-23.4375,-882.8125,500.0,242.1875,-945.3125,250.0,453.125,-867.1875,-101.5625,421.875,-898.4375,109.375
1242693,203.125,671.875,710.9375,-23.4375,-890.625,507.8125,257.8125,-953.125,257.8125,460.9375,-875.0,-85.9375,429.6875,-890.625,125.0
1242693,203.125,671.875,710.9375,-23.4375,-890.625,507.8125,257.8125,-953.125,257.8125,460.9375,-875.0,-85.9375,429.6875,-890.625,125.0
1242701,187.5,679.6875,710.9375,-31.25,-890.625,507.8125,257.8125,-953.125,250.0,476.5625,-875.0,-85.9375,429.6875,-898.4375,117.1875
1242701,187.5,679.6875,710.9375,-31.25,-890.625,507.8125,257.8125,-953.125,250.0,476.5625,-875.0,-85.9375,429.6875,-898.4375,117.1875
1242709,179.6875,679.6875,718.75,-31.25,-890.625,500.0,257.8125,-945.3125,265.625,468.75,-875.0,-93.75,437.5,-906.25,109.375
1242709,179.6875,679.6875,718.75,-31.25,-890.625,500.0,257.8125,-945.3125,265.625,468.75,-875.0,-93.75,437.5,-906.25,109.375
1242709,187.5,671.875,710.9375,-31.25,-890.625,515.625,257.8125,-953.125,257.8125,468.75,-875.0,-85.9375,429.6875,-906.25,109.375
1242709,187.5,671.875,710.9375,-31.25,-890.625,515.625,257.8125,-953.125,257.8125,468.75,-875.0,-85.9375,429.6875,-906.25,109.375
1244613,195.3125,687.5,710.9375,-15.625,-890.625,523.4375,273.4375,-937.5,265.625,476.5625,-867.1875,-93.75,437.5,-890.625,132.8125
1244613,195.3125,687.5,710.9375,-15.625,-890.625,523.4375,273.4375,-937.5,265.625,476.5625,-867.1875,-93.75,437.5,-890.625,132.8125
1244620,203.125,687.5,703.125,-15.625,-882.8125,515.625,265.625,-937.5,265.625,476.5625,-867.1875,-78.125,445.3125,-898.4375,140.625
1244620,203.125,687.5,703.125,-15.625,-882.8125,515.625,265.625,-937.5,265.625,476.5625,-867.1875,-78.125,445.3125,-898.4375,140.625
1244620,195.3125,679.6875,710.9375,-15.625,-882.8125,523.4375,265.625,-929.6875,257.8125,484.375,-867.1875,-85.9375,437.5,-898.4375,132.8125
1244620,195.3125,679.6875,710.9375,-15.625,-882.8125,523.4375,265.625,-929.6875,257.8125,484.375,-867.1875,-85.9375,437.5,-898.4375,132.8125
1244629,195.3125,687.5,718.75,-31.25,-882.8125,515.625,265.625,-945.3125,265.625,476.5625,-875.0,-85.9375,437.5,-898.4375,140.625
1244629,195.3125,687.5,718.75,-31.25,-882.8125,515.625,265.625,-945.3125,265.625,476.5625,-875.0,-85.9375,437.5,-898.4375,140.625
1244774,343.75,695.3125,695.3125,85.9375,-906.25,554.6875,382.8125,-921.875,234.375,664.0625,-859.375,-15.625,554.6875,-734.375,148.4375
1244774,343.75,695.3125,695.3125,85.9375,-906.25,554.6875,382.8125,-921.875,234.375,664.0625,-859.375,-15.625,554.6875,-734.375,148.4375
1244781,351.5625,765.625,703.125,148.4375,-890.625,546.875,398.4375,-906.25,265.625,625.0,-804.6875,-117.1875,617.1875,-1023.4375,23.4375
1244781,351.5625,765.625,703.125,148.4375,-890.625,546.875,398.4375,-906.25,265.625,625.0,-804.6875,-117.1875,617.1875,-1023.4375,23.4375
1244782,414.0625,773.4375,671.875,46.875,-867.1875,562.5,406.25,-960.9375,289.0625,664.0625,-757.8125,-101.5625,781.25,-718.75,281.25
1244782,414.0625,773.4375,671.875,46.875,-867.1875,562.5,406.25,-960.9375,289.0625,664.0625,-757.8125,-101.5625,781.25,-718.75,281.25
1244790,429.6875,757.8125,671.875,54.6875,-882.8125,578.125,445.3125,-968.75,257.8125,625.0,-882.8125,-62.5,687.5,-875.0,343.75
1244790,429.6875,757.8125,671.875,54.6875,-882.8125,578.125,445.3125,-968.75,257.8125,625.0,-882.8125,-62.5,687.5,-875.0,343.75
1244935,460.9375,914.0625,554.6875,453.125,-992.1875,1007.8125,703.125,-1070.3125,617.1875,960.9375,-937.5,171.875,773.4375,-898.4375,421.875
1244935,460.9375,914.0625,554.6875,453.125,-992.1875,1007.8125,703.125,-1070.3125,617.1875,960.9375,-937.5,171.875,773.4375,-898.4375,421.875
1244943,460.9375,890.625,578.125,437.5,-976.5625,976.5625,695.3125,-1093.75,585.9375,945.3125,-914.0625,164.0625,757.8125,-921.875,343.75
1244943,460.9375,890.625,578.125,437.5,-976.5625,976.5625,695.3125,-1093.75,585.9375,945.3125,-914.0625,164.0625,757.8125,-921.875,343.75
1244943,476.5625,914.0625,554.6875,437.5,-960.9375,937.5,679.6875,-1085.9375,562.5,929.6875,-914.0625,148.4375,781.25,-906.25,351.5625
1244943,476.5625,914.0625,554.6875,437.5,-960.9375,937.5,679.6875,-1085.9375,562.5,929.6875,-914.0625,148.4375,781.25,-906.25,351.5625
1244950,492.1875,937.5,546.875,429.6875,-945.3125,906.25,687.5,-1085.9375,531.25,921.875,-906.25,125.0,789.0625,-882.8125,367.1875
1244950,492.1875,937.5,546.875,429.6875,-945.3125,906.25,687.5,-1085.9375,531.25,921.875,-906.25,125.0,789.0625,-882.8125,367.1875
1245096,195.3125,1023.4375,-93.75,351.5625,-585.9375,562.5,523.4375,-601.5625,343.75,664.0625,-515.625,62.5,570.3125,-539.0625,242.1875
1245096,195.3125,1023.4375,-93.75,351.5625,-585.9375,562.5,523.4375,-601.5625,343.75,664.0625,-515.625,62.5,570.3125,-539.0625,242.1875
1245104,210.9375,1031.25,-85.9375,320.3125,-585.9375,562.5,515.625,-625.0,367.1875,648.4375,-515.625,62.5,539.0625,-546.875,218.75
1245104,210.9375,1031.25,-85.9375,320.3125,-585.9375,562.5,515.625,-625.0,367.1875,648.4375,-515.625,62.5,539.0625,-546.875,218.75
1245104,234.375,992.1875,-78.125,304.6875,-539.0625,570.3125,507.8125,-625.0,382.8125,648.4375,-523.4375,85.9375,515.625,-562.5,210.9375
1245104,234.375,992.1875,-78.125,304.6875,-539.0625,570.3125,507.8125,-625.0,382.8125,648.4375,-523.4375,85.9375,515.625,-562.5,210.9375
1245112,242.1875,953.125,-62.5,312.5,-507.8125,562.5,507.8125,-617.1875,382.8125,632.8125,-531.25,78.125,500.0,-593.75,234.375
1245112,242.1875,953.125,-62.5,312.5,-507.8125,562.5,507.8125,-617.1875,382.8125,632.8125,-531.25,78.125,500.0,-593.75,234.375
1245257,-218.75,789.0625,148.4375,-320.3125,-460.9375,546.875,-242.1875,-625.0,343.75,-140.625,-750.0,39.0625,-273.4375,-718.75,171.875
1245257,-218.75,789.0625,148.4375,-320.3125,-460.9375,546.875,-242.1875,-625.0,343.75,-140.625,-750.0,39.0625,-273.4375,-718.75,171.875
1245265,-250.0,835.9375,156.25,-359.375,-515.625,507.8125,-242.1875,-664.0625,351.5625,-140.625,-765.625,23.4375,-281.25,-734.375,156.25
1245265,-250.0,835.9375,156.25,-359.375,-515.625,507.8125,-242.1875,-664.0625,351.5625,-140.625,-765.625,23.4375,-281.25,-734.375,156.25
1245265,-234.375,828.125,187.5,-367.1875,-546.875,515.625,-257.8125,-687.5,343.75,-148.4375,-789.0625,23.4375,-312.5,-773.4375,164.0625
1245265,-234.375,828.125,187.5,-367.1875,-546.875,515.625,-257.8125,-687.5,343.75,-148.4375,-789.0625,23.4375,-312.5,-773.4375,164.0625
1245273,-250.0,820.3125,203.125,-343.75,-554.6875,531.25,-257.8125,-726.5625,343.75,-140.625,-843.75,7.8125,-304.6875,-796.875,164.0625
1245273,-250.0,820.3125,203.125,-343.75,-554.6875,531.25,-257.8125,-726.5625,343.75,-140.625,-843.75,7.8125,-304.6875,-796.875,164.0625
1245418,-375.0,781.25,734.375,-671.875,-1062.5,390.625,-625.0,-1164.0625,164.0625,-476.5625,-1203.125,-312.5,-687.5,-1109.375,-62.5
1245418,-375.0,781.25,734.375,-671.875,-1062.5,390.625,-625.0,-1164.0625,164.0625,-476.5625,-1203.125,-312.5,-687.5,-1109.375,-62.5
1245426,-382.8125,789.0625,750.0,-671.875,-1046.875,406.25,-625.0,-1164.0625,187.5,-460.9375,-1203.125,-296.875,-687.5,-1101.5625,-62.5
1245426,-382.8125,789.0625,750.0,-671.875,-1046.875,406.25,-625.0,-1164.0625,187.5,-460.9375,-1203.125,-296.875,-687.5,-1101.5625,-62.5
1245427,-382.8125,812.5,742.1875,-671.875,-1046.875,414.0625,-625.0,-1156.25,187.5,-460.9375,-1195.3125,-304.6875,-687.5,-1101.5625,-54.6875
1245427,-382.8125,812.5,742.1875,-671.875,-1046.875,414.0625,-625.0,-1156.25,187.5,-460.9375,-1195.3125,-304.6875,-687.5,-1101.5625,-54.6875
1245435,-390.625,820.3125,726.5625,-671.875,-1039.0625,421.875,-609.375,-1148.4375,195.3125,-453.125,-1195.3125,-289.0625,-664.0625,-1093.75,-62.5
1245435,-390.625,820.3125,726.5625,-671.875,-1039.0625,421.875,-609.375,-1148.4375,195.3125,-453.125,-1195.3125,-289.0625,-664.0625,-1093.75,-62.5
1245580,-31.25,734.375,359.375,-132.8125,-1164.0625,367.1875,7.8125,-1320.3125,171.875,273.4375,-1375.0,-320.3125,0.0,-1476.5625,210.9375
1245580,-31.25,734.375,359.375,-132.8125,-1164.0625,367.1875,7.8125,-1320.3125,171.875,273.4375,-1375.0,-320.3125,0.0,-1476.5625,210.9375
1245588,39.0625,812.5,296.875,-62.5,-1085.9375,382.8125,54.6875,-1265.625,195.3125,312.5,-1343.75,-304.6875,31.25,-1460.9375,218.75
1245588,39.0625,812.5,296.875,-62.5,-1085.9375,382.8125,54.6875,-1265.625,195.3125,312.5,-1343.75,-304.6875,31.25,-1460.9375,218.75
1245588,62.5,882.8125,203.125,31.25,-984.375,429.6875,101.5625,-1179.6875,195.3125,328.125,-1289.0625,-289.0625,62.5,-1406.25,234.375
1245588,62.5,882.8125,203.125,31.25,-984.375,429.6875,101.5625,-1179.6875,195.3125,328.125,-1289.0625,-289.0625,62.5,-1406.25,234.375
1245596,78.125,882.8125,109.375,85.9375,-882.8125,453.125,164.0625,-1109.375,203.125,351.5625,-1210.9375,-257.8125,93.75,-1375.0,257.8125
1245596,78.125,882.8125,109.375,85.9375,-882.8125,453.125,164.0625,-1109.375,203.125,351.5625,-1210.9375,-257.8125,93.75,-1375.0,257.8125
1245758,156.25,125.0,-1117.1875,804.6875,1062.5,343.75,718.75,1031.25,648.4375,648.4375,882.8125,695.3125,406.25,804.6875,437.5
1245758,156.25,125.0,-1117.1875,804.6875,1062.5,343.75,718.75,1031.25,648.4375,648.4375,882.8125,695.3125,406.25,804.6875,437.5
1245758,406.25,-382.8125,-1507.8125,507.8125,1179.6875,140.625,640.625,1093.75,664.0625,687.5,929.6875,812.5,445.3125,914.0625,578.125
1245758,406.25,-382.8125,-1507.8125,507.8125,1179.6875,140.625,640.625,1093.75,664.0625,687.5,929.6875,812.5,445.3125,914.0625,578.125
1245766,179.6875,-328.125,-1445.3125,828.125,2289.0625,101.5625,531.25,1257.8125,617.1875,656.25,1039.0625,890.625,492.1875,1039.0625,671.875
1245766,179.6875,-328.125,-1445.3125,828.125,2289.0625,101.5625,531.25,1257.8125,617.1875,656.25,1039.0625,890.625,492.1875,1039.0625,671.875
1245813,437.5,-367.1875,-929.6875,492.1875,1671.875,-85.9375,85.9375,1710.9375,359.375,-179.6875,1539.0625,601.5625,-296.875,1601.5625,-203.125
1245813,437.5,-367.1875,-929.6875,492.1875,1671.875,-85.9375,85.9375,1710.9375,359.375,-179.6875,1539.0625,601.5625,-296.875,1601.5625,-203.125
1245813,414.0625,-343.75,-859.375,429.6875,1210.9375,250.0,-7.8125,1500.0,328.125,-171.875,1312.5,585.9375,-273.4375,1429.6875,-78.125
1245813,414.0625,-343.75,-859.375,429.6875,1210.9375,250.0,-7.8125,1500.0,328.125,-171.875,1312.5,585.9375,-273.4375,1429.6875,-78.125
1245822,367.1875,-335.9375,-820.3125,453.125,1093.75,335.9375,46.875,1164.0625,328.125,-148.4375,1031.25,546.875,-257.8125,1171.875,23.4375
1245822,367.1875,-335.9375,-820.3125,453.125,1093.75,335.9375,46.875,1164.0625,328.125,-148.4375,1031.25,546.875,-257.8125,1171.875,23.4375
1245829,312.5,-343.75,-843.75,390.625,1023.4375,320.3125,109.375,835.9375,398.4375,-46.875,796.875,546.875,-234.375,882.8125,179.6875
1245829,312.5,-343.75,-843.75,390.625,1023.4375,320.3125,109.375,835.9375,398.4375,-46.875,796.875,546.875,-234.375,882.8125,179.6875
1245975,187.5,-265.625,-945.3125,156.25,867.1875,539.0625,156.25,593.75,742.1875,218.75,382.8125,843.75,-171.875,578.125,710.9375
1245975,187.5,-265.625,-945.3125,156.25,867.1875,539.0625,156.25,593.75,742.1875,218.75,382.8125,843.75,-171.875,578.125,710.9375
1245975,179.6875,-265.625,-937.5,148.4375,828.125,539.0625,179.6875,546.875,773.4375,242.1875,375.0,859.375,-140.625,539.0625,742.1875
1245975,179.6875,-265.625,-937.5,148.4375,828.125,539.0625,179.6875,546.875,773.4375,242.1875,375.0,859.375,-140.625,539.0625,742.1875
1245983,171.875,-257.8125,-937.5,148.4375,804.6875,562.5,203.125,523.4375,796.875,281.25,343.75,875.0,-140.625,539.0625,773.4375
1245983,171.875,-257.8125,-937.5,148.4375,804.6875,562.5,203.125,523.4375,796.875,281.25,343.75,875.0,-140.625,539.0625,773.4375
1245991,187.5,-257.8125,-921.875,148.4375,773.4375,562.5,218.75,484.375,804.6875,289.0625,320.3125,882.8125,-132.8125,500.0,789.0625
1245991,187.5,-257.8125,-921.875,148.4375,773.4375,562.5,218.75,484.375,804.6875,289.0625,320.3125,882.8125,-132.8125,500.0,789.0625
1246137,210.9375,-234.375,-937.5,164.0625,781.25,593.75,242.1875,484.375,812.5,335.9375,296.875,867.1875,-109.375,515.625,812.5
1246137,210.9375,-234.375,-937.5,164.0625,781.25,593.75,242.1875,484.375,812.5,335.9375,296.875,867.1875,-109.375,515.625,812.5
1246137,234.375,-226.5625,-914.0625,164.0625,757.8125,578.125,250.0,468.75,820.3125,328.125,304.6875,882.8125,-117.1875,515.625,820.3125
1246137,234.375,-226.5625,-914.0625,164.0625,757.8125,578.125,250.0,468.75,820.3125,328.125,304.6875,882.8125,-117.1875,515.625,820.3125
1246144,234.375,-234.375,-929.6875,179.6875,773.4375,585.9375,257.8125,453.125,820.3125,328.125,312.5,890.625,-109.375,507.8125,820.3125
1246144,234.375,-234.375,-929.6875,179.6875,773.4375,585.9375,257.8125,453.125,820.3125,328.125,312.5,890.625,-109.375,507.8125,820.3125
1246152,234.375,-242.1875,-937.5,179.6875,781.25,585.9375,250.0,492.1875,812.5,351.5625,312.5,875.0,-101.5625,523.4375,828.125
1246152,234.375,-242.1875,-937.5,179.6875,781.25,585.9375,250.0,492.1875,812.5,351.5625,312.5,875.0,-101.5625,523.4375,828.125
1246298,218.75,-250.0,-929.6875,171.875,796.875,585.9375,273.4375,507.8125,820.3125,359.375,335.9375,890.625,-78.125,554.6875,820.3125
1246298,218.75,-250.0,-929.6875,171.875,796.875,585.9375,273.4375,507.8125,820.3125,359.375,335.9375,890.625,-78.125,554.6875,820.3125
1246298,218.75,-257.8125,-953.125,171.875,796.875,593.75,273.4375,500.0,820.3125,343.75,343.75,882.8125,-78.125,546.875,828.125
1246298,218.75,-257.8125,-953.125,171.875,796.875,593.75,273.4375,500.0,820.3125,343.75,343.75,882.8125,-78.125,546.875,828.125
1246306,218.75,-242.1875,-945.3125,171.875,789.0625,585.9375,265.625,500.0,828.125,343.75,320.3125,890.625,-85.9375,531.25,828.125
1246306,218.75,-242.1875,-945.3125,171.875,789.0625,585.9375,265.625,500.0,828.125,343.75,320.3125,890.625,-85.9375,531.25,828.125
1246314,210.9375,-250.0,-945.3125,164.0625,781.25,585.9375,265.625,492.1875,820.3125,343.75,320.3125,875.0,-101.5625,523.4375,812.5
1246314,210.9375,-250.0,-945.3125,164.0625,781.25,585.9375,265.625,492.1875,820.3125,343.75,320.3125,875.0,-101.5625,523.4375,812.5
1246459,195.3125,-242.1875,-945.3125,156.25,757.8125,617.1875,289.0625,460.9375,851.5625,382.8125,296.875,906.25,-54.6875,507.8125,859.375
1246459,195.3125,-242.1875,-945.3125,156.25,757.8125,617.1875,289.0625,460.9375,851.5625,382.8125,296.875,906.25,-54.6875,507.8125,859.375
1246459,195.3125,-226.5625,-945.3125,171.875,750.0,632.8125,304.6875,453.125,859.375,398.4375,289.0625,898.4375,-62.5,507.8125,859.375
1246459,195.3125,-226.5625,-945.3125,171.875,750.0,632.8125,304.6875,453.125,859.375,398.4375,289.0625,898.4375,-62.5,507.8125,859.375
1246467,210.9375,-234.375,-953.125,171.875,750.0,617.1875,320.3125,437.5,859.375,398.4375,281.25,898.4375,-54.6875,507.8125,875.0
1246467,210.9375,-234.375,-953.125,171.875,750.0,617.1875,320.3125,437.5,859.375,398.4375,281.25,898.4375,-54.6875,507.8125,875.0
1246475,210.9375,-242.1875,-960.9375,179.6875,757.8125,601.5625,304.6875,453.125,859.375,390.625,296.875,906.25,-62.5,515.625,867.1875
1246475,210.9375,-242.1875,-960.9375,179.6875,757.8125,601.5625,304.6875,453.125,859.375,390.625,296.875,906.25,-62.5,515.625,867.1875
1246620,218.75,-218.75,-937.5,156.25,773.4375,601.5625,273.4375,484.375,812.5,359.375,320.3125,882.8125,-62.5,539.0625,835.9375
1246620,218.75,-218.75,-937.5,156.25,773.4375,601.5625,273.4375,484.375,812.5,359.375,320.3125,882.8125,-62.5,539.0625,835.9375
1246620,210.9375,-226.5625,-945.3125,148.4375,757.8125,601.5625,281.25,484.375,820.3125,367.1875,320.3125,882.8125,-70.3125,539.0625,812.5
1246620,210.9375,-226.5625,-945.3125,148.4375,757.8125,601.5625,281.25,484.375,820.3125,367.1875,320.3125,882.8125,-70.3125,539.0625,812.5
1246628,210.9375,-210.9375,-937.5,148.4375,765.625,601.5625,289.0625,484.375,828.125,359.375,335.9375,875.0,-78.125,531.25,820.3125
1246628,210.9375,-210.9375,-937.5,148.4375,765.625,601.5625,289.0625,484.375,828.125,359.375,335.9375,875.0,-78.125,531.25,820.3125
1246636,203.125,-218.75,-937.5,148.4375,773.4375,593.75,296.875,484.375,820.3125,359.375,335.9375,882.8125,-78.125,546.875,820.3125
1246636,203.125,-218.75,-937.5,148.4375,773.4375,593.75,296.875,484.375,820.3125,359.375,335.9375,882.8125,-78.125,546.875,820.3125
1246781,187.5,-195.3125,-968.75,171.875,804.6875,617.1875,289.0625,515.625,820.3125,343.75,359.375,875.0,-109.375,562.5,804.6875
1246781,187.5,-195.3125,-968.75,171.875,804.6875,617.1875,289.0625,515.625,820.3125,343.75,359.375,875.0,-109.375,562.5,804.6875
1246781,187.5,-187.5,-976.5625,171.875,796.875,609.375,281.25,539.0625,812.5,343.75,382.8125,875.0,-101.5625,562.5,812.5
1246781,187.5,-187.5,-976.5625,171.875,796.875,609.375,281.25,539.0625,812.5,343.75,382.8125,875.0,-101.5625,562.5,812.5
1246789,179.6875,-187.5,-992.1875,164.0625,820.3125,617.1875,296.875,546.875,812.5,351.5625,375.0,875.0,-101.5625,578.125,812.5
1246789,179.6875,-187.5,-992.1875,164.0625,820.3125,617.1875,296.875,546.875,812.5,351.5625,375.0,875.0,-101.5625,578.125,812.5
1246797,187.5,-187.5,-976.5625,156.25,820.3125,601.5625,289.0625,554.6875,828.125,367.1875,375.0,890.625,-93.75,578.125,812.5
1246797,187.5,-187.5,-976.5625,156.25,820.3125,601.5625,289.0625,554.6875,828.125,367.1875,375.0,890.625,-93.75,578.125,812.5
