1222975,-91.875,122.5,13.125
1222975,-91.875,122.5,13.125
1222986,205.625,100.625,-83.125
1222986,205.625,100.625,-83.125
1223137,-1666.875,-888.125,1470.0
1223137,-1666.875,-888.125,1470.0
1223147,-1588.125,-682.5,1334.375
1223147,-1588.125,-682.5,1334.375
1223298,-148.75,-231.875,13.125
1223298,-148.75,-231.875,13.125
1223308,-148.75,-148.75,-8.75
1223308,-148.75,-148.75,-8.75
1223460,56.875,-17.5,-43.75
1223460,56.875,-17.5,-43.75
1223470,105.0,91.875,-39.375
1223470,105.0,91.875,-39.375
1223621,8.75,39.375,-131.25
1223621,8.75,39.375,-131.25
1223631,35.0,21.875,-170.625
1223631,35.0,21.875,-170.625
1223783,-52.5,43.75,-83.125
1223783,-52.5,43.75,-83.125
1223793,-17.5,43.75,-126.875
1223793,-17.5,43.75,-126.875
1223944,96.25,-21.875,-131.25
1223944,96.25,-21.875,-131.25
1223954,118.125,-4.375,-126.875
1223954,118.125,-4.375,-126.875
1224126,70.0,17.5,-4.375
1224126,70.0,17.5,-4.375
1224136,52.5,87.5,-17.5
1224136,52.5,87.5,-17.5
1224762,0.0,-4.375,-21.875
1224762,0.0,-4.375,-21.875
1224772,-48.125,4.375,-8.75
1224772,-48.125,4.375,-8.75
1224782,-126.875,4.375,21.875
1224782,-126.875,4.375,21.875
1225085,-56.875,39.375,-21.875
1225085,-56.875,39.375,-21.875
1225095,-48.125,26.25,-8.75
1225095,-48.125,26.25,-8.75
1226851,-10250.625,-1942.5,-10010.0
1226851,-10250.625,-1942.5,-10010.0
1226861,-9161.25,-240.625,-9520.0
1226861,-9161.25,-240.625,-9520.0
1227013,-11125.625,5726.875,6181.875
1227013,-11125.625,5726.875,6181.875
1227022,-11615.625,7542.5,8185.625
1227022,-11615.625,7542.5,8185.625
1227093,-10972.5,1894.375,3880.625
1227093,-10972.5,1894.375,3880.625
1227103,-13925.625,-21.875,3885.0
1227103,-13925.625,-21.875,3885.0
1227255,-11672.5,-10062.5,-3727.5
1227255,-11672.5,-10062.5,-3727.5
1227264,-11213.125,-11256.875,-4440.625
1227264,-11213.125,-11256.875,-4440.625
1227416,-9533.125,-8820.0,-8163.75
1227416,-9533.125,-8820.0,-8163.75
1227426,-42888.125,-16826.25,4545.625
1227426,-42888.125,-16826.25,4545.625
1227577,-4926.25,498.75,1850.625
1227577,-4926.25,498.75,1850.625
1227587,-3198.125,433.125,1618.75
1227587,-3198.125,433.125,1618.75
1227739,135.625,192.5,105.0
1227739,135.625,192.5,105.0
1227749,105.0,249.375,288.75
1227749,105.0,249.375,288.75
1227900,122.5,-385.0,-288.75
1227900,122.5,-385.0,-288.75
1227910,192.5,-494.375,-371.875
1227910,192.5,-494.375,-371.875
1228062,231.875,284.375,52.5
1228062,231.875,284.375,52.5
1228071,262.5,332.5,65.625
1228071,262.5,332.5,65.625
1228082,258.125,350.0,13.125
1228082,258.125,350.0,13.125
1228092,170.625,315.0,-56.875
1228092,170.625,315.0,-56.875
1228243,-105.0,166.25,91.875
1228243,-105.0,166.25,91.875
1228253,-87.5,135.625,91.875
1228253,-87.5,135.625,91.875
1228405,118.125,96.25,83.125
1228405,118.125,96.25,83.125
1228415,91.875,140.0,148.75
1228415,91.875,140.0,148.75
1228728,1115.625,411.25,157.5
1228728,1115.625,411.25,157.5
1228738,1343.125,490.0,210.0
1228738,1343.125,490.0,210.0
1228748,1596.875,564.375,223.125
1228748,1596.875,564.375,223.125
1228758,1780.625,551.25,157.5
1228758,1780.625,551.25,157.5
