1216344,265.625,578.125,773.4375,62.5,-757.8125,671.875,351.5625,-859.375,414.0625,593.75,-789.0625,125.0,562.5,-804.6875,179.6875
1216344,265.625,578.125,773.4375,62.5,-757.8125,671.875,351.5625,-859.375,414.0625,593.75,-789.0625,125.0,562.5,-804.6875,179.6875
1216344,273.4375,570.3125,765.625,54.6875,-757.8125,695.3125,351.5625,-859.375,414.0625,593.75,-796.875,132.8125,562.5,-804.6875,179.6875
1216344,273.4375,570.3125,765.625,54.6875,-757.8125,695.3125,351.5625,-859.375,414.0625,593.75,-796.875,132.8125,562.5,-804.6875,179.6875
1216352,281.25,578.125,765.625,62.5,-757.8125,687.5,359.375,-859.375,421.875,601.5625,-796.875,132.8125,570.3125,-820.3125,179.6875
1216352,281.25,578.125,765.625,62.5,-757.8125,687.5,359.375,-859.375,421.875,601.5625,-796.875,132.8125,570.3125,-820.3125,179.6875
1216360,265.625,570.3125,773.4375,62.5,-757.8125,695.3125,351.5625,-859.375,406.25,593.75,-796.875,125.0,562.5,-812.5,179.6875
1216360,265.625,570.3125,773.4375,62.5,-757.8125,695.3125,351.5625,-859.375,406.25,593.75,-796.875,125.0,562.5,-812.5,179.6875
1216425,281.25,578.125,773.4375,62.5,-750.0,687.5,351.5625,-859.375,414.0625,585.9375,-796.875,132.8125,562.5,-812.5,179.6875
1216425,281.25,578.125,773.4375,62.5,-750.0,687.5,351.5625,-859.375,414.0625,585.9375,-796.875,132.8125,562.5,-812.5,179.6875
1216425,281.25,585.9375,757.8125,62.5,-757.8125,687.5,351.5625,-859.375,414.0625,593.75,-789.0625,132.8125,562.5,-812.5,171.875
1216425,281.25,585.9375,757.8125,62.5,-757.8125,687.5,351.5625,-859.375,414.0625,593.75,-789.0625,132.8125,562.5,-812.5,171.875
1216433,273.4375,578.125,773.4375,70.3125,-742.1875,695.3125,351.5625,-859.375,406.25,601.5625,-796.875,132.8125,570.3125,-812.5,179.6875
1216433,273.4375,578.125,773.4375,70.3125,-742.1875,695.3125,351.5625,-859.375,406.25,601.5625,-796.875,132.8125,570.3125,-812.5,179.6875
1216441,281.25,570.3125,765.625,70.3125,-750.0,687.5,351.5625,-859.375,414.0625,593.75,-789.0625,125.0,562.5,-812.5,171.875
1216441,281.25,570.3125,765.625,70.3125,-750.0,687.5,351.5625,-859.375,414.0625,593.75,-789.0625,125.0,562.5,-812.5,171.875
1216586,273.4375,570.3125,765.625,62.5,-757.8125,687.5,351.5625,-867.1875,406.25,593.75,-796.875,125.0,570.3125,-812.5,179.6875
1216586,273.4375,570.3125,765.625,62.5,-757.8125,687.5,351.5625,-867.1875,406.25,593.75,-796.875,125.0,570.3125,-812.5,179.6875
1216586,265.625,578.125,765.625,62.5,-757.8125,687.5,351.5625,-859.375,406.25,593.75,-789.0625,132.8125,562.5,-804.6875,171.875
1216586,265.625,578.125,765.625,62.5,-757.8125,687.5,351.5625,-859.375,406.25,593.75,-789.0625,132.8125,562.5,-804.6875,171.875
1216594,273.4375,570.3125,765.625,62.5,-757.8125,687.5,343.75,-859.375,406.25,578.125,-796.875,125.0,562.5,-812.5,179.6875
1216594,273.4375,570.3125,765.625,62.5,-757.8125,687.5,343.75,-859.375,406.25,578.125,-796.875,125.0,562.5,-812.5,179.6875
1216602,265.625,570.3125,765.625,62.5,-750.0,679.6875,351.5625,-859.375,414.0625,585.9375,-789.0625,125.0,562.5,-804.6875,179.6875
1216602,265.625,570.3125,765.625,62.5,-750.0,679.6875,351.5625,-859.375,414.0625,585.9375,-789.0625,125.0,562.5,-804.6875,179.6875
1216747,281.25,570.3125,765.625,62.5,-757.8125,687.5,351.5625,-851.5625,414.0625,593.75,-789.0625,132.8125,554.6875,-812.5,187.5
1216747,281.25,570.3125,765.625,62.5,-757.8125,687.5,351.5625,-851.5625,414.0625,593.75,-789.0625,132.8125,554.6875,-812.5,187.5
1216747,281.25,578.125,765.625,70.3125,-750.0,687.5,351.5625,-859.375,414.0625,593.75,-781.25,140.625,554.6875,-804.6875,179.6875
1216747,281.25,578.125,765.625,70.3125,-750.0,687.5,351.5625,-859.375,414.0625,593.75,-781.25,140.625,554.6875,-804.6875,179.6875
1216755,273.4375,570.3125,765.625,70.3125,-750.0,695.3125,351.5625,-859.375,406.25,593.75,-789.0625,125.0,562.5,-804.6875,179.6875
1216755,273.4375,570.3125,765.625,70.3125,-750.0,695.3125,351.5625,-859.375,406.25,593.75,-789.0625,125.0,562.5,-804.6875,179.6875
1216820,273.4375,570.3125,765.625,70.3125,-750.0,679.6875,359.375,-859.375,414.0625,601.5625,-796.875,125.0,562.5,-812.5,187.5
1216820,273.4375,570.3125,765.625,70.3125,-750.0,679.6875,359.375,-859.375,414.0625,601.5625,-796.875,125.0,562.5,-812.5,187.5
1216828,273.4375,578.125,765.625,62.5,-750.0,679.6875,351.5625,-851.5625,406.25,593.75,-796.875,132.8125,562.5,-812.5,171.875
1216828,273.4375,578.125,765.625,62.5,-750.0,679.6875,351.5625,-851.5625,406.25,593.75,-796.875,132.8125,562.5,-812.5,171.875
1216828,273.4375,578.125,757.8125,70.3125,-757.8125,687.5,343.75,-859.375,406.25,601.5625,-796.875,125.0,562.5,-812.5,171.875
1216828,273.4375,578.125,757.8125,70.3125,-757.8125,687.5,343.75,-859.375,406.25,601.5625,-796.875,125.0,562.5,-812.5,171.875
1216836,281.25,570.3125,757.8125,62.5,-750.0,687.5,343.75,-851.5625,414.0625,593.75,-789.0625,132.8125,562.5,-804.6875,171.875
1216836,281.25,570.3125,757.8125,62.5,-750.0,687.5,343.75,-851.5625,414.0625,593.75,-789.0625,132.8125,562.5,-804.6875,171.875
1216980,273.4375,570.3125,765.625,70.3125,-757.8125,687.5,351.5625,-859.375,406.25,593.75,-804.6875,117.1875,562.5,-812.5,171.875
1216980,273.4375,570.3125,765.625,70.3125,-757.8125,687.5,351.5625,-859.375,406.25,593.75,-804.6875,117.1875,562.5,-812.5,171.875
1216989,281.25,578.125,773.4375,70.3125,-757.8125,687.5,351.5625,-859.375,406.25,593.75,-789.0625,125.0,562.5,-812.5,179.6875
1216989,281.25,578.125,773.4375,70.3125,-757.8125,687.5,351.5625,-859.375,406.25,593.75,-789.0625,125.0,562.5,-812.5,179.6875
1216989,281.25,578.125,757.8125,62.5,-750.0,687.5,359.375,-851.5625,406.25,601.5625,-796.875,125.0,554.6875,-812.5,164.0625
1216989,281.25,578.125,757.8125,62.5,-750.0,687.5,359.375,-851.5625,406.25,601.5625,-796.875,125.0,554.6875,-812.5,164.0625
1216997,273.4375,578.125,765.625,62.5,-742.1875,687.5,351.5625,-851.5625,406.25,593.75,-781.25,117.1875,562.5,-804.6875,179.6875
1216997,273.4375,578.125,765.625,62.5,-742.1875,687.5,351.5625,-851.5625,406.25,593.75,-781.25,117.1875,562.5,-804.6875,179.6875
1217142,281.25,585.9375,765.625,70.3125,-750.0,695.3125,351.5625,-859.375,406.25,585.9375,-789.0625,125.0,570.3125,-812.5,179.6875
1217142,281.25,585.9375,765.625,70.3125,-750.0,695.3125,351.5625,-859.375,406.25,585.9375,-789.0625,125.0,570.3125,-812.5,179.6875
1217150,281.25,578.125,757.8125,78.125,-750.0,695.3125,359.375,-859.375,406.25,593.75,-796.875,132.8125,562.5,-812.5,187.5
1217150,281.25,578.125,757.8125,78.125,-750.0,695.3125,359.375,-859.375,406.25,593.75,-796.875,132.8125,562.5,-812.5,187.5
1217150,281.25,585.9375,765.625,70.3125,-750.0,695.3125,351.5625,-859.375,414.0625,593.75,-796.875,125.0,570.3125,-812.5,187.5
1217150,281.25,585.9375,765.625,70.3125,-750.0,695.3125,351.5625,-859.375,414.0625,593.75,-796.875,125.0,570.3125,-812.5,187.5
1217158,281.25,585.9375,765.625,70.3125,-757.8125,687.5,359.375,-859.375,414.0625,593.75,-796.875,132.8125,570.3125,-804.6875,187.5
1217158,281.25,585.9375,765.625,70.3125,-757.8125,687.5,359.375,-859.375,414.0625,593.75,-796.875,132.8125,570.3125,-804.6875,187.5
1217304,281.25,578.125,757.8125,70.3125,-750.0,687.5,359.375,-859.375,414.0625,585.9375,-804.6875,132.8125,562.5,-804.6875,179.6875
1217304,281.25,578.125,757.8125,70.3125,-750.0,687.5,359.375,-859.375,414.0625,585.9375,-804.6875,132.8125,562.5,-804.6875,179.6875
1217312,281.25,578.125,757.8125,78.125,-750.0,687.5,343.75,-851.5625,421.875,593.75,-789.0625,125.0,562.5,-812.5,179.6875
1217312,281.25,578.125,757.8125,78.125,-750.0,687.5,343.75,-851.5625,421.875,593.75,-789.0625,125.0,562.5,-812.5,179.6875
1217312,273.4375,578.125,757.8125,62.5,-750.0,695.3125,359.375,-851.5625,414.0625,593.75,-789.0625,132.8125,554.6875,-804.6875,179.6875
1217312,273.4375,578.125,757.8125,62.5,-750.0,695.3125,359.375,-851.5625,414.0625,593.75,-789.0625,132.8125,554.6875,-804.6875,179.6875
1217320,281.25,578.125,765.625,62.5,-750.0,687.5,351.5625,-859.375,414.0625,601.5625,-789.0625,125.0,554.6875,-804.6875,179.6875
1217320,281.25,578.125,765.625,62.5,-750.0,687.5,351.5625,-859.375,414.0625,601.5625,-789.0625,125.0,554.6875,-804.6875,179.6875
1217465,281.25,585.9375,765.625,70.3125,-750.0,687.5,351.5625,-851.5625,414.0625,593.75,-796.875,117.1875,562.5,-820.3125,187.5
1217465,281.25,585.9375,765.625,70.3125,-750.0,687.5,351.5625,-851.5625,414.0625,593.75,-796.875,117.1875,562.5,-820.3125,187.5
1217473,281.25,578.125,750.0,54.6875,-765.625,679.6875,343.75,-851.5625,421.875,585.9375,-789.0625,132.8125,562.5,-796.875,187.5
1217473,281.25,578.125,750.0,54.6875,-765.625,679.6875,343.75,-851.5625,421.875,585.9375,-789.0625,132.8125,562.5,-796.875,187.5
1217473,273.4375,593.75,750.0,78.125,-757.8125,687.5,359.375,-851.5625,414.0625,593.75,-789.0625,132.8125,562.5,-804.6875,179.6875
1217473,273.4375,593.75,750.0,78.125,-757.8125,687.5,359.375,-851.5625,414.0625,593.75,-789.0625,132.8125,562.5,-804.6875,179.6875
1217481,281.25,578.125,750.0,62.5,-742.1875,695.3125,367.1875,-851.5625,421.875,609.375,-789.0625,125.0,570.3125,-812.5,187.5
1217481,281.25,578.125,750.0,62.5,-742.1875,695.3125,367.1875,-851.5625,421.875,609.375,-789.0625,125.0,570.3125,-812.5,187.5
1217626,273.4375,578.125,757.8125,62.5,-765.625,679.6875,351.5625,-859.375,406.25,578.125,-796.875,117.1875,554.6875,-812.5,179.6875
1217626,273.4375,578.125,757.8125,62.5,-765.625,679.6875,351.5625,-859.375,406.25,578.125,-796.875,117.1875,554.6875,-812.5,179.6875
1217633,273.4375,578.125,757.8125,62.5,-757.8125,679.6875,351.5625,-851.5625,406.25,593.75,-789.0625,125.0,554.6875,-812.5,171.875
1217633,273.4375,578.125,757.8125,62.5,-757.8125,679.6875,351.5625,-851.5625,406.25,593.75,-789.0625,125.0,554.6875,-812.5,171.875
1217633,273.4375,578.125,773.4375,62.5,-757.8125,679.6875,343.75,-859.375,398.4375,585.9375,-789.0625,109.375,554.6875,-804.6875,179.6875
1217633,273.4375,578.125,773.4375,62.5,-757.8125,679.6875,343.75,-859.375,398.4375,585.9375,-789.0625,109.375,554.6875,-804.6875,179.6875
1217641,273.4375,578.125,757.8125,54.6875,-757.8125,679.6875,343.75,-851.5625,414.0625,593.75,-796.875,117.1875,554.6875,-804.6875,171.875
1217641,273.4375,578.125,757.8125,54.6875,-757.8125,679.6875,343.75,-851.5625,414.0625,593.75,-796.875,117.1875,554.6875,-804.6875,171.875
1217707,281.25,585.9375,757.8125,78.125,-742.1875,695.3125,351.5625,-859.375,406.25,585.9375,-789.0625,125.0,562.5,-804.6875,179.6875
1217707,281.25,585.9375,757.8125,78.125,-742.1875,695.3125,351.5625,-859.375,406.25,585.9375,-789.0625,125.0,562.5,-804.6875,179.6875
1217715,281.25,578.125,757.8125,70.3125,-750.0,679.6875,343.75,-851.5625,414.0625,585.9375,-789.0625,125.0,562.5,-812.5,179.6875
1217715,281.25,578.125,757.8125,70.3125,-750.0,679.6875,343.75,-851.5625,414.0625,585.9375,-789.0625,125.0,562.5,-812.5,179.6875
1217715,281.25,578.125,765.625,70.3125,-757.8125,679.6875,351.5625,-859.375,406.25,601.5625,-789.0625,125.0,562.5,-812.5,179.6875
1217715,281.25,578.125,765.625,70.3125,-757.8125,679.6875,351.5625,-859.375,406.25,601.5625,-789.0625,125.0,562.5,-812.5,179.6875
1217723,281.25,585.9375,765.625,70.3125,-750.0,687.5,351.5625,-851.5625,414.0625,593.75,-796.875,125.0,570.3125,-812.5,171.875
1217723,281.25,585.9375,765.625,70.3125,-750.0,687.5,351.5625,-851.5625,414.0625,593.75,-796.875,125.0,570.3125,-812.5,171.875
1217868,281.25,578.125,750.0,78.125,-742.1875,687.5,359.375,-843.75,421.875,593.75,-781.25,132.8125,562.5,-796.875,187.5
1217868,281.25,578.125,750.0,78.125,-742.1875,687.5,359.375,-843.75,421.875,593.75,-781.25,132.8125,562.5,-796.875,187.5
1217876,265.625,578.125,757.8125,70.3125,-750.0,687.5,343.75,-851.5625,421.875,593.75,-789.0625,125.0,562.5,-796.875,195.3125
1217876,265.625,578.125,757.8125,70.3125,-750.0,687.5,343.75,-851.5625,421.875,593.75,-789.0625,125.0,562.5,-796.875,195.3125
1217876,281.25,585.9375,757.8125,70.3125,-742.1875,687.5,351.5625,-851.5625,421.875,593.75,-789.0625,140.625,562.5,-804.6875,187.5
1217876,281.25,585.9375,757.8125,70.3125,-742.1875,687.5,351.5625,-851.5625,421.875,593.75,-789.0625,140.625,562.5,-804.6875,187.5
1217884,281.25,570.3125,750.0,78.125,-750.0,687.5,359.375,-851.5625,414.0625,593.75,-789.0625,117.1875,570.3125,-812.5,179.6875
1217884,281.25,570.3125,750.0,78.125,-750.0,687.5,359.375,-851.5625,414.0625,593.75,-789.0625,117.1875,570.3125,-812.5,179.6875
1218028,453.125,500.0,710.9375,265.625,-804.6875,921.875,539.0625,-867.1875,664.0625,781.25,-828.125,304.6875,742.1875,-804.6875,335.9375
1218028,453.125,500.0,710.9375,265.625,-804.6875,921.875,539.0625,-867.1875,664.0625,781.25,-828.125,304.6875,742.1875,-804.6875,335.9375
1218037,531.25,468.75,734.375,304.6875,-773.4375,945.3125,593.75,-992.1875,671.875,921.875,-875.0,390.625,757.8125,-781.25,367.1875
1218037,531.25,468.75,734.375,304.6875,-773.4375,945.3125,593.75,-992.1875,671.875,921.875,-875.0,390.625,757.8125,-781.25,367.1875
1218037,507.8125,546.875,765.625,312.5,-750.0,960.9375,632.8125,-1007.8125,679.6875,851.5625,-835.9375,375.0,781.25,-757.8125,398.4375
1218037,507.8125,546.875,765.625,312.5,-750.0,960.9375,632.8125,-1007.8125,679.6875,851.5625,-835.9375,375.0,781.25,-757.8125,398.4375
1218044,453.125,664.0625,679.6875,320.3125,-828.125,929.6875,617.1875,-992.1875,679.6875,859.375,-859.375,390.625,789.0625,-757.8125,445.3125
1218044,453.125,664.0625,679.6875,320.3125,-828.125,929.6875,617.1875,-992.1875,679.6875,859.375,-859.375,390.625,789.0625,-757.8125,445.3125
1218190,0.0,968.75,62.5,312.5,-664.0625,1046.875,437.5,-804.6875,289.0625,648.4375,-687.5,-78.125,843.75,-937.5,304.6875
1218190,0.0,968.75,62.5,312.5,-664.0625,1046.875,437.5,-804.6875,289.0625,648.4375,-687.5,-78.125,843.75,-937.5,304.6875
1218198,109.375,1171.875,164.0625,351.5625,-562.5,1023.4375,460.9375,-703.125,343.75,757.8125,-609.375,-39.0625,851.5625,-773.4375,242.1875
1218198,109.375,1171.875,164.0625,351.5625,-562.5,1023.4375,460.9375,-703.125,343.75,757.8125,-609.375,-39.0625,851.5625,-773.4375,242.1875
1218199,218.75,1312.5,265.625,328.125,-554.6875,1007.8125,507.8125,-710.9375,320.3125,773.4375,-578.125,15.625,812.5,-617.1875,179.6875
1218199,218.75,1312.5,265.625,328.125,-554.6875,1007.8125,507.8125,-710.9375,320.3125,773.4375,-578.125,15.625,812.5,-617.1875,179.6875
1218206,335.9375,1367.1875,351.5625,343.75,-531.25,960.9375,578.125,-679.6875,382.8125,796.875,-562.5,93.75,757.8125,-523.4375,195.3125
1218206,335.9375,1367.1875,351.5625,343.75,-531.25,960.9375,578.125,-679.6875,382.8125,796.875,-562.5,93.75,757.8125,-523.4375,195.3125
1218344,507.8125,710.9375,437.5,-78.125,-875.0,460.9375,85.9375,-960.9375,-218.75,140.625,-937.5,-304.6875,140.625,-953.125,-15.625
1218344,507.8125,710.9375,437.5,-78.125,-875.0,460.9375,85.9375,-960.9375,-218.75,140.625,-937.5,-304.6875,140.625,-953.125,-15.625
1218351,484.375,648.4375,453.125,-78.125,-867.1875,453.125,93.75,-976.5625,-164.0625,218.75,-890.625,-281.25,367.1875,-929.6875,15.625
1218351,484.375,648.4375,453.125,-78.125,-867.1875,453.125,93.75,-976.5625,-164.0625,218.75,-890.625,-281.25,367.1875,-929.6875,15.625
1218360,460.9375,578.125,468.75,-132.8125,-890.625,429.6875,132.8125,-945.3125,-125.0,296.875,-867.1875,-250.0,421.875,-945.3125,70.3125
1218360,460.9375,578.125,468.75,-132.8125,-890.625,429.6875,132.8125,-945.3125,-125.0,296.875,-867.1875,-250.0,421.875,-945.3125,70.3125
1218360,382.8125,500.0,453.125,-148.4375,-898.4375,421.875,156.25,-929.6875,-70.3125,437.5,-914.0625,-210.9375,476.5625,-937.5,117.1875
1218360,382.8125,500.0,453.125,-148.4375,-898.4375,421.875,156.25,-929.6875,-70.3125,437.5,-914.0625,-210.9375,476.5625,-937.5,117.1875
1218505,195.3125,742.1875,539.0625,-242.1875,-765.625,554.6875,70.3125,-960.9375,46.875,171.875,-914.0625,-265.625,23.4375,-968.75,-54.6875
1218505,195.3125,742.1875,539.0625,-242.1875,-765.625,554.6875,70.3125,-960.9375,46.875,171.875,-914.0625,-265.625,23.4375,-968.75,-54.6875
1218505,195.3125,750.0,554.6875,-257.8125,-789.0625,546.875,62.5,-976.5625,39.0625,156.25,-906.25,-273.4375,7.8125,-968.75,-62.5
1218505,195.3125,750.0,554.6875,-257.8125,-789.0625,546.875,62.5,-976.5625,39.0625,156.25,-906.25,-273.4375,7.8125,-968.75,-62.5
1218513,210.9375,765.625,578.125,-265.625,-796.875,546.875,54.6875,-984.375,31.25,156.25,-921.875,-281.25,0.0,-976.5625,-78.125
1218513,210.9375,765.625,578.125,-265.625,-796.875,546.875,54.6875,-984.375,31.25,156.25,-921.875,-281.25,0.0,-976.5625,-78.125
1218521,210.9375,757.8125,585.9375,-265.625,-812.5,531.25,46.875,-1000.0,23.4375,132.8125,-929.6875,-296.875,-15.625,-984.375,-85.9375
1218521,210.9375,757.8125,585.9375,-265.625,-812.5,531.25,46.875,-1000.0,23.4375,132.8125,-929.6875,-296.875,-15.625,-984.375,-85.9375
1218666,179.6875,796.875,851.5625,-335.9375,-1171.875,625.0,15.625,-1343.75,-23.4375,132.8125,-1242.1875,-429.6875,-93.75,-1296.875,-101.5625
1218666,179.6875,796.875,851.5625,-335.9375,-1171.875,625.0,15.625,-1343.75,-23.4375,132.8125,-1242.1875,-429.6875,-93.75,-1296.875,-101.5625
1218666,179.6875,781.25,851.5625,-335.9375,-1164.0625,609.375,15.625,-1343.75,-7.8125,125.0,-1242.1875,-421.875,-85.9375,-1289.0625,-101.5625
1218666,179.6875,781.25,851.5625,-335.9375,-1164.0625,609.375,15.625,-1343.75,-7.8125,125.0,-1242.1875,-421.875,-85.9375,-1289.0625,-101.5625
1218674,195.3125,789.0625,843.75,-343.75,-1148.4375,601.5625,7.8125,-1320.3125,-7.8125,132.8125,-1234.375,-414.0625,-70.3125,-1289.0625,-101.5625
1218674,195.3125,789.0625,843.75,-343.75,-1148.4375,601.5625,7.8125,-1320.3125,-7.8125,132.8125,-1234.375,-414.0625,-70.3125,-1289.0625,-101.5625
1218682,195.3125,804.6875,835.9375,-351.5625,-1125.0,593.75,-7.8125,-1312.5,-15.625,132.8125,-1234.375,-406.25,-70.3125,-1281.25,-93.75
1218682,195.3125,804.6875,835.9375,-351.5625,-1125.0,593.75,-7.8125,-1312.5,-15.625,132.8125,-1234.375,-406.25,-70.3125,-1281.25,-93.75
1218828,257.8125,1023.4375,851.5625,156.25,-1304.6875,757.8125,601.5625,-1421.875,-85.9375,726.5625,-1304.6875,-546.875,492.1875,-1546.875,-164.0625
1218828,257.8125,1023.4375,851.5625,156.25,-1304.6875,757.8125,601.5625,-1421.875,-85.9375,726.5625,-1304.6875,-546.875,492.1875,-1546.875,-164.0625
1218828,281.25,976.5625,835.9375,109.375,-1250.0,734.375,601.5625,-1351.5625,-54.6875,734.375,-1289.0625,-523.4375,507.8125,-1531.25,-125.0
1218828,281.25,976.5625,835.9375,109.375,-1250.0,734.375,601.5625,-1351.5625,-54.6875,734.375,-1289.0625,-523.4375,507.8125,-1531.25,-125.0
1218835,242.1875,937.5,812.5,234.375,-1125.0,718.75,570.3125,-1304.6875,-31.25,695.3125,-1273.4375,-507.8125,476.5625,-1515.625,-109.375
1218835,242.1875,937.5,812.5,234.375,-1125.0,718.75,570.3125,-1304.6875,-31.25,695.3125,-1273.4375,-507.8125,476.5625,-1515.625,-109.375
1218844,234.375,937.5,765.625,296.875,-1000.0,742.1875,570.3125,-1265.625,-23.4375,648.4375,-1234.375,-507.8125,414.0625,-1476.5625,-132.8125
1218844,234.375,937.5,765.625,296.875,-1000.0,742.1875,570.3125,-1265.625,-23.4375,648.4375,-1234.375,-507.8125,414.0625,-1476.5625,-132.8125
1218989,632.8125,320.3125,-867.1875,742.1875,656.25,531.25,1070.3125,304.6875,382.8125,1195.3125,335.9375,328.125,1312.5,70.3125,359.375
1218989,632.8125,320.3125,-867.1875,742.1875,656.25,531.25,1070.3125,304.6875,382.8125,1195.3125,335.9375,328.125,1312.5,70.3125,359.375
1218989,601.5625,164.0625,-875.0,734.375,617.1875,523.4375,1054.6875,273.4375,375.0,1187.5,312.5,328.125,1242.1875,78.125,351.5625
1218989,601.5625,164.0625,-875.0,734.375,617.1875,523.4375,1054.6875,273.4375,375.0,1187.5,312.5,328.125,1242.1875,78.125,351.5625
1218997,609.375,132.8125,-914.0625,703.125,562.5,460.9375,1007.8125,304.6875,312.5,1085.9375,375.0,265.625,1179.6875,109.375,296.875
1218997,609.375,132.8125,-914.0625,703.125,562.5,460.9375,1007.8125,304.6875,312.5,1085.9375,375.0,265.625,1179.6875,109.375,296.875
1219005,593.75,187.5,-929.6875,679.6875,554.6875,421.875,937.5,375.0,250.0,960.9375,414.0625,195.3125,1015.625,132.8125,203.125
1219005,593.75,187.5,-929.6875,679.6875,554.6875,421.875,937.5,375.0,250.0,960.9375,414.0625,195.3125,1015.625,132.8125,203.125
1219150,93.75,-125.0,-898.4375,-101.5625,640.625,562.5,296.875,39.0625,742.1875,578.125,132.8125,593.75,601.5625,156.25,562.5
1219150,93.75,-125.0,-898.4375,-101.5625,640.625,562.5,296.875,39.0625,742.1875,578.125,132.8125,593.75,601.5625,156.25,562.5
1219150,93.75,-140.625,-960.9375,-70.3125,703.125,570.3125,343.75,117.1875,820.3125,617.1875,210.9375,656.25,601.5625,234.375,593.75
1219150,93.75,-140.625,-960.9375,-70.3125,703.125,570.3125,343.75,117.1875,820.3125,617.1875,210.9375,656.25,601.5625,234.375,593.75
1219158,109.375,-140.625,-960.9375,-39.0625,773.4375,593.75,398.4375,179.6875,859.375,632.8125,273.4375,695.3125,617.1875,312.5,632.8125
1219158,109.375,-140.625,-960.9375,-39.0625,773.4375,593.75,398.4375,179.6875,859.375,632.8125,273.4375,695.3125,617.1875,312.5,632.8125
1219166,85.9375,-156.25,-1007.8125,46.875,828.125,625.0,468.75,226.5625,914.0625,640.625,343.75,742.1875,632.8125,375.0,656.25
1219166,85.9375,-156.25,-1007.8125,46.875,828.125,625.0,468.75,226.5625,914.0625,640.625,343.75,742.1875,632.8125,375.0,656.25
1219311,140.625,-242.1875,-937.5,15.625,804.6875,570.3125,398.4375,218.75,890.625,593.75,320.3125,710.9375,609.375,375.0,632.8125
1219311,140.625,-242.1875,-937.5,15.625,804.6875,570.3125,398.4375,218.75,890.625,593.75,320.3125,710.9375,609.375,375.0,632.8125
1219311,132.8125,-250.0,-945.3125,15.625,820.3125,562.5,390.625,218.75,882.8125,601.5625,312.5,710.9375,617.1875,367.1875,648.4375
1219311,132.8125,-250.0,-945.3125,15.625,820.3125,562.5,390.625,218.75,882.8125,601.5625,312.5,710.9375,617.1875,367.1875,648.4375
1219318,140.625,-250.0,-945.3125,15.625,812.5,570.3125,375.0,203.125,875.0,585.9375,296.875,710.9375,585.9375,359.375,664.0625
1219318,140.625,-250.0,-945.3125,15.625,812.5,570.3125,375.0,203.125,875.0,585.9375,296.875,710.9375,585.9375,359.375,664.0625
1219327,140.625,-250.0,-945.3125,15.625,820.3125,570.3125,359.375,203.125,875.0,578.125,289.0625,718.75,570.3125,367.1875,671.875
1219327,140.625,-250.0,-945.3125,15.625,820.3125,570.3125,359.375,203.125,875.0,578.125,289.0625,718.75,570.3125,367.1875,671.875
