1216345,-52.5,-13.125,0.0
1216345,-52.5,-13.125,0.0
1216355,-70.0,8.75,8.75
1216355,-70.0,8.75,8.75
1216426,-61.25,-4.375,-4.375
1216426,-61.25,-4.375,-4.375
1216436,-56.875,8.75,-8.75
1216436,-56.875,8.75,-8.75
1216587,-39.375,-13.125,-35.0
1216587,-39.375,-13.125,-35.0
1216597,-52.5,0.0,-17.5
1216597,-52.5,0.0,-17.5
1216739,-74.375,21.875,17.5
1216739,-74.375,21.875,17.5
1216748,-78.75,17.5,8.75
1216748,-78.75,17.5,8.75
1216758,-56.875,8.75,-4.375
1216758,-56.875,8.75,-4.375
1216820,-30.625,-4.375,-13.125
1216820,-30.625,-4.375,-13.125
1216829,-48.125,17.5,-13.125
1216829,-48.125,17.5,-13.125
1216980,-109.375,26.25,61.25
1216980,-109.375,26.25,61.25
1216991,-148.75,61.25,70.0
1216991,-148.75,61.25,70.0
1217142,-61.25,35.0,-26.25
1217142,-61.25,35.0,-26.25
1217152,-70.0,26.25,-30.625
1217152,-70.0,26.25,-30.625
1217304,-26.25,0.0,-78.75
1217304,-26.25,0.0,-78.75
1217314,-21.875,-8.75,-87.5
1217314,-21.875,-8.75,-87.5
1217465,-148.75,-8.75,70.0
1217465,-148.75,-8.75,70.0
1217475,-109.375,-8.75,70.0
1217475,-109.375,-8.75,70.0
1217627,-17.5,8.75,-30.625
1217627,-17.5,8.75,-30.625
1217636,-30.625,8.75,-4.375
1217636,-30.625,8.75,-4.375
1217707,39.375,-17.5,-56.875
1217707,39.375,-17.5,-56.875
1217717,65.625,-35.0,-13.125
1217717,65.625,-35.0,-13.125
1217869,205.625,161.875,17.5
1217869,205.625,161.875,17.5
1217879,175.0,201.25,262.5
1217879,175.0,201.25,262.5
1218029,2996.875,210.0,157.5
1218029,2996.875,210.0,157.5
1218040,-188.125,1019.375,1185.625
1218040,-188.125,1019.375,1185.625
1218192,-19079.375,15728.125,-6103.125
1218192,-19079.375,15728.125,-6103.125
1218202,-17998.75,19827.5,-7796.25
1218202,-17998.75,19827.5,-7796.25
1218344,8238.125,10412.5,-8850.625
1218344,8238.125,10412.5,-8850.625
1218353,8172.5,8566.25,-8111.25
1218353,8172.5,8566.25,-8111.25
1218505,2200.625,5411.875,-2174.375
1218505,2200.625,5411.875,-2174.375
1218515,2060.625,4965.625,-2012.5
1218515,2060.625,4965.625,-2012.5
1218667,-1365.0,-3600.625,-468.125
1218667,-1365.0,-3600.625,-468.125
1218676,-2213.75,-3867.5,-520.625
1218676,-2213.75,-3867.5,-520.625
1218828,-17683.75,-19980.625,-8837.5
1218828,-17683.75,-19980.625,-8837.5
1218838,-17622.5,-20133.75,-9563.75
1218838,-17622.5,-20133.75,-9563.75
1218989,-11545.625,-15946.875,-14791.875
1218989,-11545.625,-15946.875,-14791.875
1218999,-13020.0,-15439.375,-14061.25
1218999,-13020.0,-15439.375,-14061.25
1219150,-5197.5,-3018.75,227.5
1219150,-5197.5,-3018.75,227.5
1219161,-6593.125,-3088.75,1194.375
1219161,-6593.125,-3088.75,1194.375
1219312,-2047.5,122.5,-1430.625
1219312,-2047.5,122.5,-1430.625
1219321,-1710.625,170.625,-1369.375
1219321,-1710.625,170.625,-1369.375
