1235839,-1268.75,-1124.375,428.75
1235839,-1268.75,-1124.375,428.75
1235849,-1194.375,-1006.25,205.625
1235849,-1194.375,-1006.25,205.625
1235860,-813.75,-730.625,-4.375
1235860,-813.75,-730.625,-4.375
1235870,0.0,-507.5,-65.625
1235870,0.0,-507.5,-65.625
1235880,616.875,-446.25,218.75
1235880,616.875,-446.25,218.75
1235891,555.625,-433.125,205.625
1235891,555.625,-433.125,205.625
1235901,406.875,-625.625,91.875
1235901,406.875,-625.625,91.875
1235911,455.0,-704.375,-65.625
1235911,455.0,-704.375,-65.625
1235922,406.875,-730.625,-345.625
1235922,406.875,-730.625,-345.625
1235932,118.125,-686.875,-568.75
1235932,118.125,-686.875,-568.75
1235942,-192.5,-1063.125,-201.25
1235942,-192.5,-1063.125,-201.25
1235953,-879.375,-1111.25,529.375
1235953,-879.375,-1111.25,529.375
1235963,-1732.5,-1299.375,853.125
1235963,-1732.5,-1299.375,853.125
1235973,-1286.25,-424.375,717.5
1235973,-1286.25,-424.375,717.5
1235984,-721.875,555.625,205.625
1235984,-721.875,555.625,205.625
1235994,-927.5,651.875,-148.75
1235994,-927.5,651.875,-148.75
1236004,-883.75,739.375,-1456.875
1236004,-883.75,739.375,-1456.875
1236015,-1404.375,371.875,-2021.25
1236015,-1404.375,371.875,-2021.25
1236025,-621.25,870.625,-2178.75
1236025,-621.25,870.625,-2178.75
1236035,83.125,1146.25,-1916.25
1236035,83.125,1146.25,-1916.25
1236045,-1225.0,612.5,-1855.0
1236045,-1225.0,612.5,-1855.0
1236056,-1050.0,1312.5,-1631.875
1236056,-1050.0,1312.5,-1631.875
1236066,1203.125,2804.375,-2633.75
1236066,1203.125,2804.375,-2633.75
1236076,3237.5,3386.25,-3810.625
1236076,3237.5,3386.25,-3810.625
1236087,5910.625,1697.5,-2878.75
1236087,5910.625,1697.5,-2878.75
1236097,5302.5,-892.5,-70.0
1236097,5302.5,-892.5,-70.0
1236107,1649.375,-516.25,-616.875
1236107,1649.375,-516.25,-616.875
1236118,-875.0,-2104.375,-336.875
1236118,-875.0,-2104.375,-336.875
1236128,-1260.0,-4703.125,511.875
1236128,-1260.0,-4703.125,511.875
1236138,612.5,-4252.5,665.0
1236138,612.5,-4252.5,665.0
1236149,1303.75,-5053.125,2358.125
1236149,1303.75,-5053.125,2358.125
1236159,1395.625,-6803.125,1115.625
1236159,1395.625,-6803.125,1115.625
1236169,774.375,-5818.75,-210.0
1236169,774.375,-5818.75,-210.0
1236180,-2559.375,-3272.5,-100.625
1236180,-2559.375,-3272.5,-100.625
1236190,-13.125,-1448.125,323.75
1236190,-13.125,-1448.125,323.75
1236200,-2113.125,-2139.375,914.375
1236200,-2113.125,-2139.375,914.375
1236210,4.375,1911.875,-91.875
1236210,4.375,1911.875,-91.875
1236221,-1776.25,6479.375,-2248.75
1236221,-1776.25,6479.375,-2248.75
1236231,1780.625,5066.25,-13.125
1236231,1780.625,5066.25,-13.125
1236241,5193.125,10141.25,-713.125
1236241,5193.125,10141.25,-713.125
1236252,3281.25,7560.0,-2178.75
1236252,3281.25,7560.0,-2178.75
1236262,2686.25,4943.75,-1872.5
1236262,2686.25,4943.75,-1872.5
1236272,2121.875,3049.375,-525.0
1236272,2121.875,3049.375,-525.0
1236283,958.125,1767.5,-923.125
1236283,958.125,1767.5,-923.125
1236293,2043.125,2279.375,-980.0
1236293,2043.125,2279.375,-980.0
1236303,2992.5,2441.25,-1111.25
1236303,2992.5,2441.25,-1111.25
1236314,3045.0,1365.0,-1194.375
1236314,3045.0,1365.0,-1194.375
1236324,3123.75,284.375,-892.5
1236324,3123.75,284.375,-892.5
1236335,3115.0,-595.0,-743.75
1236335,3115.0,-595.0,-743.75
1236345,3084.375,-962.5,-503.125
1236345,3084.375,-962.5,-503.125
1236355,2572.5,-1141.875,-577.5
1236355,2572.5,-1141.875,-577.5
1236365,2450.0,-1137.5,-332.5
1236365,2450.0,-1137.5,-332.5
1236376,2073.75,-673.75,-406.875
1236376,2073.75,-673.75,-406.875
1236386,1470.0,-56.875,-573.125
1236386,1470.0,-56.875,-573.125
1236396,1277.5,625.625,-787.5
1236396,1277.5,625.625,-787.5
1236407,1391.25,1614.375,-1001.875
1236407,1391.25,1614.375,-1001.875
1236417,1203.125,2148.125,-1036.875
1236417,1203.125,2148.125,-1036.875
1236427,446.25,2060.625,-1137.5
1236427,446.25,2060.625,-1137.5
1236437,-183.75,1728.125,-1168.125
1236437,-183.75,1728.125,-1168.125
1236448,-245.0,1557.5,-1330.0
1236448,-245.0,1557.5,-1330.0
1236458,-100.625,1662.5,-1478.75
1236458,-100.625,1662.5,-1478.75
1236468,113.75,1946.875,-1789.375
1236468,113.75,1946.875,-1789.375
1236479,13.125,1841.875,-2047.5
1236479,13.125,1841.875,-2047.5
1236488,380.625,1631.875,-1977.5
1236488,380.625,1631.875,-1977.5
1236499,634.375,1916.25,-1951.25
1236499,634.375,1916.25,-1951.25
1236510,708.75,2082.5,-1946.875
1236510,708.75,2082.5,-1946.875
1236520,1019.375,2121.875,-1767.5
1236520,1019.375,2121.875,-1767.5
1236531,1299.375,2419.375,-1728.125
1236531,1299.375,2419.375,-1728.125
1236541,1316.875,2681.875,-1553.125
1236541,1316.875,2681.875,-1553.125
1236551,844.375,1986.25,-1736.875
1236551,844.375,1986.25,-1736.875
1236561,564.375,945.0,-1938.125
1236561,564.375,945.0,-1938.125
1236572,586.25,441.875,-2025.625
1236572,586.25,441.875,-2025.625
1236582,1124.375,166.25,-2257.5
1236582,1124.375,166.25,-2257.5
1236592,1894.375,490.0,-2113.125
1236592,1894.375,490.0,-2113.125
1236603,1872.5,568.75,-2261.875
1236603,1872.5,568.75,-2261.875
1236613,1763.125,-118.125,-2205.0
1236613,1763.125,-118.125,-2205.0
1236623,1548.75,-853.125,-1916.25
1236623,1548.75,-853.125,-1916.25
1236633,1360.625,-1321.25,-1583.75
1236633,1360.625,-1321.25,-1583.75
1236644,1413.125,-1596.875,-931.875
1236644,1413.125,-1596.875,-931.875
1236654,831.25,-1640.625,-551.25
1236654,831.25,-1640.625,-551.25
1236664,30.625,-1505.0,-686.875
1236664,30.625,-1505.0,-686.875
1236675,376.25,-1496.25,-398.125
1236675,376.25,-1496.25,-398.125
1236685,1015.0,-1351.875,-100.625
1236685,1015.0,-1351.875,-100.625
1236695,1868.125,-1662.5,4.375
1236695,1868.125,-1662.5,4.375
1236706,2476.25,-1220.625,148.75
1236706,2476.25,-1220.625,148.75
1236716,2279.375,-1120.0,341.25
1236716,2279.375,-1120.0,341.25
1236727,2113.125,-875.0,647.5
1236727,2113.125,-875.0,647.5
1236737,1106.875,-227.5,297.5
1236737,1106.875,-227.5,297.5
1236747,1128.75,56.875,656.25
1236747,1128.75,56.875,656.25
1236757,708.75,131.25,892.5
1236757,708.75,131.25,892.5
1236768,455.0,-35.0,1172.5
1236768,455.0,-35.0,1172.5
1236778,840.0,-74.375,1277.5
1236778,840.0,-74.375,1277.5
1236788,966.875,157.5,1141.875
1236788,966.875,157.5,1141.875
1236799,1001.875,420.0,914.375
1236799,1001.875,420.0,914.375
1236809,1041.25,393.75,1032.5
1236809,1041.25,393.75,1032.5
1236819,857.5,-293.125,1443.75
1236819,857.5,-293.125,1443.75
1236830,-196.875,-1163.75,1426.25
1236830,-196.875,-1163.75,1426.25
1236839,-205.625,-2130.625,1391.25
1236839,-205.625,-2130.625,1391.25
1236850,761.25,-2887.5,1229.375
1236850,761.25,-2887.5,1229.375
1236860,358.75,-1916.25,945.0
1236860,358.75,-1916.25,945.0
1236871,-1268.75,-3014.375,826.875
1236871,-1268.75,-3014.375,826.875
1236881,-3206.875,-6641.25,568.75
1236881,-3206.875,-6641.25,568.75
1236892,-4418.75,-7568.75,984.375
1236892,-4418.75,-7568.75,984.375
1236902,-3285.625,-6011.25,1548.75
1236902,-3285.625,-6011.25,1548.75
1236912,-2502.5,-3906.875,2156.875
1236912,-2502.5,-3906.875,2156.875
1236923,-2611.875,-3469.375,2327.5
1236923,-2611.875,-3469.375,2327.5
1236933,-3626.875,-1435.0,2060.625
1236933,-3626.875,-1435.0,2060.625
1236943,-5915.0,770.0,1850.625
1236943,-5915.0,770.0,1850.625
1236953,-5770.625,135.625,-1649.375
1236953,-5770.625,135.625,-1649.375
1236964,-9782.5,1680.0,214.375
1236964,-9782.5,1680.0,214.375
1236974,-16638.125,4361.875,2393.125
1236974,-16638.125,4361.875,2393.125
1236984,-12919.375,3447.5,4760.0
1236984,-12919.375,3447.5,4760.0
1236995,-11375.0,660.625,4068.75
1236995,-11375.0,660.625,4068.75
1237005,-7231.875,1321.25,459.375
1237005,-7231.875,1321.25,459.375
1237015,-105.0,1194.375,-4458.125
1237015,-105.0,1194.375,-4458.125
1237025,-700.0,-105.0,-4261.25
1237025,-700.0,-105.0,-4261.25
1237036,1198.75,3027.5,-3338.125
1237036,1198.75,3027.5,-3338.125
1237046,-3080.0,4401.25,-2366.875
1237046,-3080.0,4401.25,-2366.875
1237057,-4961.25,5971.875,-1071.875
1237057,-4961.25,5971.875,-1071.875
1237067,-7153.125,10145.625,-1391.25
1237067,-7153.125,10145.625,-1391.25
1237078,-5508.125,10539.375,-590.625
1237078,-5508.125,10539.375,-590.625
1237088,-2878.75,8806.875,463.75
1237088,-2878.75,8806.875,463.75
1237098,-170.625,5923.75,1242.5
1237098,-170.625,5923.75,1242.5
1237108,1623.125,2441.25,1675.625
1237108,1623.125,2441.25,1675.625
1237118,2559.375,-1093.75,2358.125
1237118,2559.375,-1093.75,2358.125
1237129,1850.625,-4353.125,2651.25
1237129,1850.625,-4353.125,2651.25
1237139,612.5,-6930.0,1820.0
1237139,612.5,-6930.0,1820.0
1237149,249.375,-8273.125,695.625
1237149,249.375,-8273.125,695.625
1237160,1745.625,-7949.375,-765.625
1237160,1745.625,-7949.375,-765.625
1237170,3653.125,-7131.25,-1903.125
1237170,3653.125,-7131.25,-1903.125
1237180,4970.0,-6746.25,-2200.625
1237180,4970.0,-6746.25,-2200.625
1237191,4764.375,-7669.375,-1465.625
1237191,4764.375,-7669.375,-1465.625
1237201,3211.25,-9073.75,-490.0
1237201,3211.25,-9073.75,-490.0
1237211,1754.375,-9813.125,328.125
1237211,1754.375,-9813.125,328.125
1237222,603.75,-9642.5,1120.0
1237222,603.75,-9642.5,1120.0
1237232,-280.0,-8456.875,1369.375
1237232,-280.0,-8456.875,1369.375
1237242,-883.75,-6475.0,1207.5
1237242,-883.75,-6475.0,1207.5
1237253,-459.375,-3828.125,1067.5
1237253,-459.375,-3828.125,1067.5
1237263,218.75,-1220.625,441.875
1237263,218.75,-1220.625,441.875
1237274,507.5,481.25,-61.25
1237274,507.5,481.25,-61.25
1237283,542.5,1561.875,-494.375
1237283,542.5,1561.875,-494.375
1237294,-516.25,2266.25,-266.875
1237294,-516.25,2266.25,-266.875
1237304,-2003.75,2043.125,406.875
1237304,-2003.75,2043.125,406.875
1237314,-3097.5,1198.75,1054.375
1237314,-3097.5,1198.75,1054.375
1237325,-3167.5,796.25,1561.875
1237325,-3167.5,796.25,1561.875
1237335,-2677.5,350.0,1946.875
1237335,-2677.5,350.0,1946.875
1237346,-2992.5,288.75,1894.375
1237346,-2992.5,288.75,1894.375
1237356,-2935.625,266.875,1526.875
1237356,-2935.625,266.875,1526.875
1237366,-2056.25,555.625,1421.875
1237366,-2056.25,555.625,1421.875
1237376,-1351.875,498.75,1045.625
1237376,-1351.875,498.75,1045.625
1237387,-288.75,332.5,595.0
1237387,-288.75,332.5,595.0
1237397,791.875,463.75,61.25
1237397,791.875,463.75,61.25
1237407,800.625,293.125,-258.125
1237407,800.625,293.125,-258.125
1237418,796.25,-743.75,-78.75
1237418,796.25,-743.75,-78.75
1237428,485.625,-1903.125,310.625
1237428,485.625,-1903.125,310.625
1237438,-385.0,-2896.25,805.0
1237438,-385.0,-2896.25,805.0
1237449,-1544.375,-3850.0,853.125
1237449,-1544.375,-3850.0,853.125
1237459,-1890.0,-4519.375,726.25
1237459,-1890.0,-4519.375,726.25
1237469,-1697.5,-4103.75,406.875
1237469,-1697.5,-4103.75,406.875
1237480,-581.875,-2926.875,-157.5
1237480,-581.875,-2926.875,-157.5
1237490,953.75,-1417.5,-463.75
1237490,953.75,-1417.5,-463.75
1237500,1312.5,-656.25,-765.625
1237500,1312.5,-656.25,-765.625
1237511,1330.0,-966.875,-625.625
1237511,1330.0,-966.875,-625.625
1237521,1001.875,-1225.0,-363.125
1237521,1001.875,-1225.0,-363.125
1237531,568.75,-1601.25,-91.875
1237531,568.75,-1601.25,-91.875
1237542,-271.25,-2170.0,8.75
1237542,-271.25,-2170.0,8.75
1237552,-988.75,-2576.875,74.375
1237552,-988.75,-2576.875,74.375
1237562,-966.875,-2213.75,78.75
1237562,-966.875,-2213.75,78.75
1237573,-1124.375,-1955.625,-175.0
1237573,-1124.375,-1955.625,-175.0
1237582,-1063.125,-1741.25,-507.5
1237582,-1063.125,-1741.25,-507.5
1237593,-507.5,-1365.0,-420.0
1237593,-507.5,-1365.0,-420.0
1237603,-301.875,-1181.25,-490.0
1237603,-301.875,-1181.25,-490.0
1237614,-179.375,-1146.25,-336.875
1237614,-179.375,-1146.25,-336.875
1237624,-183.75,-1588.125,-153.125
1237624,-183.75,-1588.125,-153.125
1237634,-218.75,-1955.625,83.125
1237634,-218.75,-1955.625,83.125
1237645,-520.625,-2148.125,350.0
1237645,-520.625,-2148.125,350.0
1237655,-791.875,-2117.5,319.375
1237655,-791.875,-2117.5,319.375
1237665,-345.625,-1828.75,183.75
1237665,-345.625,-1828.75,183.75
1237676,-91.875,-1404.375,-253.75
1237676,-91.875,-1404.375,-253.75
1237686,879.375,-542.5,26.25
1237686,879.375,-542.5,26.25
1237696,616.875,-363.125,301.875
1237696,616.875,-363.125,301.875
1237707,-630.0,-936.25,-21.875
1237707,-630.0,-936.25,-21.875
1237717,-800.625,-1071.875,4.375
1237717,-800.625,-1071.875,4.375
1237727,-446.25,-809.375,87.5
1237727,-446.25,-809.375,87.5
1237738,-157.5,-376.25,-231.875
1237738,-157.5,-376.25,-231.875
1237748,78.75,-210.0,-109.375
1237748,78.75,-210.0,-109.375
1237758,472.5,-74.375,100.625
1237758,472.5,-74.375,100.625
1237768,450.625,-319.375,91.875
1237768,450.625,-319.375,91.875
1237779,183.75,-301.875,-157.5
1237779,183.75,-301.875,-157.5
1237789,433.125,-48.125,-161.875
1237789,433.125,-48.125,-161.875
1237799,354.375,-315.0,-56.875
1237799,354.375,-315.0,-56.875
1237809,-122.5,-796.25,-161.875
1237809,-122.5,-796.25,-161.875
1237820,-65.625,-953.75,-70.0
1237820,-65.625,-953.75,-70.0
1237830,48.125,-1050.0,-87.5
1237830,48.125,-1050.0,-87.5
1237841,301.875,-1120.0,-100.625
1237841,301.875,-1120.0,-100.625
1237851,507.5,-883.75,-262.5
1237851,507.5,-883.75,-262.5
1237861,476.875,-678.125,-328.125
1237861,476.875,-678.125,-328.125
1237872,433.125,-1023.75,-91.875
1237872,433.125,-1023.75,-91.875
1237882,354.375,-1006.25,-109.375
1237882,354.375,-1006.25,-109.375
1237892,245.0,-1229.375,65.625
1237892,245.0,-1229.375,65.625
1237902,406.875,-1439.375,354.375
1237902,406.875,-1439.375,354.375
1237912,472.5,-1391.25,4.375
1237912,472.5,-1391.25,4.375
1237923,525.0,-1343.125,-87.5
1237923,525.0,-1343.125,-87.5
1237934,481.25,-809.375,-336.875
1237934,481.25,-809.375,-336.875
1237944,682.5,-861.875,-363.125
1237944,682.5,-861.875,-363.125
1237954,472.5,-1330.0,-315.0
1237954,472.5,-1330.0,-315.0
1237965,608.125,-1220.625,-140.0
1237965,608.125,-1220.625,-140.0
1237975,341.25,-1111.25,-52.5
1237975,341.25,-1111.25,-52.5
1237985,135.625,-1146.25,-109.375
1237985,135.625,-1146.25,-109.375
1237996,446.25,-1233.75,-26.25
1237996,446.25,-1233.75,-26.25
1238006,673.75,-1207.5,109.375
1238006,673.75,-1207.5,109.375
1238016,743.75,-1128.75,161.875
1238016,743.75,-1128.75,161.875
1238026,669.375,-1295.0,205.625
1238026,669.375,-1295.0,205.625
1238037,507.5,-1417.5,113.75
1238037,507.5,-1417.5,113.75
1238047,538.125,-1295.0,170.625
1238047,538.125,-1295.0,170.625
1238057,249.375,-1111.25,223.125
1238057,249.375,-1111.25,223.125
1238068,-354.375,-1281.875,301.875
1238068,-354.375,-1281.875,301.875
1238078,-665.0,-1456.875,328.125
1238078,-665.0,-1456.875,328.125
1238088,-105.0,-1334.375,380.625
1238088,-105.0,-1334.375,380.625
1238099,297.5,-975.625,-140.0
1238099,297.5,-975.625,-140.0
1238109,1028.125,-485.625,-266.875
1238109,1028.125,-485.625,-266.875
1238119,1701.875,-271.25,-87.5
1238119,1701.875,-271.25,-87.5
1238130,1225.0,-61.25,-35.0
1238130,1225.0,-61.25,-35.0
1238140,367.5,-822.5,371.875
1238140,367.5,-822.5,371.875
1238150,-538.125,-2187.5,485.625
1238150,-538.125,-2187.5,485.625
1238161,-105.0,-2226.875,542.5
1238161,-105.0,-2226.875,542.5
1238171,870.625,-1155.0,787.5
1238171,870.625,-1155.0,787.5
1238181,1019.375,-1076.25,735.0
1238181,1019.375,-1076.25,735.0
1238192,840.0,-1225.0,551.25
1238192,840.0,-1225.0,551.25
1238202,525.0,-945.0,179.375
1238202,525.0,-945.0,179.375
1238212,590.625,-1093.75,-96.25
1238212,590.625,-1093.75,-96.25
1238222,1238.125,-949.375,271.25
1238222,1238.125,-949.375,271.25
1238233,1264.375,-783.125,634.375
1238233,1264.375,-783.125,634.375
1238243,621.25,-1172.5,437.5
1238243,621.25,-1172.5,437.5
1238253,328.125,-1535.625,196.875
1238253,328.125,-1535.625,196.875
1238264,586.25,-1465.625,118.125
1238264,586.25,-1465.625,118.125
1238274,1141.875,-1417.5,61.25
1238274,1141.875,-1417.5,61.25
1238285,1583.75,-1295.0,-21.875
1238285,1583.75,-1295.0,-21.875
1238294,1999.375,-1111.25,363.125
1238294,1999.375,-1111.25,363.125
1238305,1820.0,-1465.625,612.5
1238305,1820.0,-1465.625,612.5
1238315,1448.125,-1942.5,630.0
1238315,1448.125,-1942.5,630.0
1238326,1356.25,-1820.0,490.0
1238326,1356.25,-1820.0,490.0
1238336,1391.25,-1426.25,463.75
1238336,1391.25,-1426.25,463.75
1238346,1264.375,-1710.625,297.5
1238346,1264.375,-1710.625,297.5
1238357,1150.625,-1627.5,-109.375
1238357,1150.625,-1627.5,-109.375
1238367,1693.125,-1220.625,-236.25
1238367,1693.125,-1220.625,-236.25
1238377,2248.75,-791.875,-538.125
1238377,2248.75,-791.875,-538.125
1238387,3255.0,-284.375,-708.75
1238387,3255.0,-284.375,-708.75
1238398,4361.875,516.25,-800.625
1238398,4361.875,516.25,-800.625
1238408,3285.625,1391.25,-665.0
1238408,3285.625,1391.25,-665.0
1238418,288.75,643.125,205.625
1238418,288.75,643.125,205.625
1238429,-2616.25,-953.75,1583.75
1238429,-2616.25,-953.75,1583.75
1238438,-3968.125,-1960.0,2108.75
1238438,-3968.125,-1960.0,2108.75
1238449,-2738.75,-1190.0,1898.75
1238449,-2738.75,-1190.0,1898.75
1238460,153.125,459.375,1421.875
1238460,153.125,459.375,1421.875
1238470,1806.875,1951.25,625.625
1238470,1806.875,1951.25,625.625
1238480,1675.625,2528.75,455.0
1238480,1675.625,2528.75,455.0
1238491,371.875,1273.125,380.625
1238491,371.875,1273.125,380.625
1238501,-555.625,-223.125,-43.75
1238501,-555.625,-223.125,-43.75
1238511,-223.125,-599.375,-148.75
1238511,-223.125,-599.375,-148.75
1238522,420.0,-822.5,-306.25
1238522,420.0,-822.5,-306.25
1238532,1238.125,-634.375,-450.625
1238532,1238.125,-634.375,-450.625
1238542,2065.0,-192.5,-459.375
1238542,2065.0,-192.5,-459.375
1238553,2327.5,363.125,-774.375
1238553,2327.5,363.125,-774.375
1238563,2528.75,993.125,-796.25
1238563,2528.75,993.125,-796.25
1238573,2839.375,1557.5,-595.0
1238573,2839.375,1557.5,-595.0
1238584,2629.375,2038.75,-765.625
1238584,2629.375,2038.75,-765.625
1238594,2454.375,2121.875,-1001.875
1238594,2454.375,2121.875,-1001.875
1238604,1990.625,2117.5,-1176.875
1238604,1990.625,2117.5,-1176.875
1238615,1942.5,2016.875,-1242.5
1238615,1942.5,2016.875,-1242.5
1238625,2178.75,2165.625,-1185.625
1238625,2178.75,2165.625,-1185.625
1238635,2371.25,2113.125,-1430.625
1238635,2371.25,2113.125,-1430.625
1238645,2248.75,1920.625,-1715.0
1238645,2248.75,1920.625,-1715.0
1238655,2091.25,1688.75,-1911.875
1238655,2091.25,1688.75,-1911.875
1238666,2003.75,1465.625,-1767.5
1238666,2003.75,1465.625,-1767.5
1238677,1343.125,1763.125,-2178.75
1238677,1343.125,1763.125,-2178.75
1238687,2148.125,1955.625,-2060.625
1238687,2148.125,1955.625,-2060.625
1238697,2410.625,2008.125,-1968.75
1238697,2410.625,2008.125,-1968.75
1238707,2244.375,1771.875,-2056.25
1238707,2244.375,1771.875,-2056.25
1238718,2161.25,1216.25,-1815.625
1238718,2161.25,1216.25,-1815.625
1238728,1579.375,883.75,-1802.5
1238728,1579.375,883.75,-1802.5
1238738,1649.375,643.125,-1478.75
1238738,1649.375,643.125,-1478.75
1238748,1347.5,726.25,-1491.875
1238748,1347.5,726.25,-1491.875
1238759,1124.375,931.875,-1553.125
1238759,1124.375,931.875,-1553.125
1238769,1312.5,1128.75,-1666.875
1238769,1312.5,1128.75,-1666.875
1238780,1360.625,1203.125,-1693.125
1238780,1360.625,1203.125,-1693.125
1238790,1133.125,1264.375,-1645.0
1238790,1133.125,1264.375,-1645.0
1238800,691.25,1190.0,-1706.25
1238800,691.25,1190.0,-1706.25
1238811,660.625,1058.75,-1671.25
1238811,660.625,1058.75,-1671.25
1238821,1120.0,1207.5,-1330.0
1238821,1120.0,1207.5,-1330.0
1238832,984.375,1207.5,-1268.75
1238832,984.375,1207.5,-1268.75
1238841,940.625,1093.75,-1356.25
1238841,940.625,1093.75,-1356.25
1238852,945.0,1347.5,-1369.375
1238852,945.0,1347.5,-1369.375
1238862,590.625,2082.5,-1592.5
1238862,590.625,2082.5,-1592.5
1238873,223.125,2695.0,-1885.625
1238873,223.125,2695.0,-1885.625
1238883,350.0,3176.25,-1876.875
1238883,350.0,3176.25,-1876.875
1238893,525.0,3548.125,-1968.75
1238893,525.0,3548.125,-1968.75
1238904,581.875,3456.25,-1995.0
1238904,581.875,3456.25,-1995.0
1238914,748.125,2891.875,-1561.875
1238914,748.125,2891.875,-1561.875
1238924,857.5,2340.625,-984.375
1238924,857.5,2340.625,-984.375
1238934,-61.25,1881.25,-1106.875
1238934,-61.25,1881.25,-1106.875
1238945,-595.0,1045.625,-1382.5
1238945,-595.0,1045.625,-1382.5
1238955,-192.5,332.5,-1264.375
1238955,-192.5,332.5,-1264.375
