1234612,226.5625,750.0,625.0,125.0,-843.75,554.6875,328.125,-890.625,351.5625,578.125,-804.6875,-62.5,476.5625,-859.375,203.125
1234612,226.5625,750.0,625.0,125.0,-843.75,554.6875,328.125,-890.625,351.5625,578.125,-804.6875,-62.5,476.5625,-859.375,203.125
1234619,226.5625,750.0,632.8125,125.0,-843.75,554.6875,328.125,-890.625,343.75,585.9375,-804.6875,-70.3125,484.375,-867.1875,195.3125
1234619,226.5625,750.0,632.8125,125.0,-843.75,554.6875,328.125,-890.625,343.75,585.9375,-804.6875,-70.3125,484.375,-867.1875,195.3125
1234619,218.75,757.8125,625.0,125.0,-851.5625,562.5,328.125,-890.625,343.75,578.125,-796.875,-70.3125,484.375,-859.375,203.125
1234619,218.75,757.8125,625.0,125.0,-851.5625,562.5,328.125,-890.625,343.75,578.125,-796.875,-70.3125,484.375,-859.375,203.125
1234628,226.5625,750.0,625.0,117.1875,-851.5625,546.875,328.125,-898.4375,343.75,585.9375,-804.6875,-70.3125,476.5625,-859.375,203.125
1234628,226.5625,750.0,625.0,117.1875,-851.5625,546.875,328.125,-898.4375,343.75,585.9375,-804.6875,-70.3125,476.5625,-859.375,203.125
1234773,226.5625,750.0,617.1875,117.1875,-843.75,554.6875,328.125,-890.625,343.75,578.125,-812.5,-70.3125,484.375,-859.375,218.75
1234773,226.5625,750.0,617.1875,117.1875,-843.75,554.6875,328.125,-890.625,343.75,578.125,-812.5,-70.3125,484.375,-859.375,218.75
1234780,226.5625,750.0,625.0,117.1875,-843.75,562.5,328.125,-890.625,351.5625,578.125,-804.6875,-70.3125,476.5625,-859.375,203.125
1234780,226.5625,750.0,625.0,117.1875,-843.75,562.5,328.125,-890.625,351.5625,578.125,-804.6875,-70.3125,476.5625,-859.375,203.125
1234781,226.5625,750.0,625.0,117.1875,-843.75,562.5,328.125,-898.4375,351.5625,578.125,-804.6875,-70.3125,476.5625,-859.375,203.125
1234781,226.5625,750.0,625.0,117.1875,-843.75,562.5,328.125,-898.4375,351.5625,578.125,-804.6875,-70.3125,476.5625,-859.375,203.125
1234789,226.5625,750.0,632.8125,117.1875,-843.75,554.6875,328.125,-898.4375,335.9375,578.125,-796.875,-70.3125,468.75,-867.1875,195.3125
1234789,226.5625,750.0,632.8125,117.1875,-843.75,554.6875,328.125,-898.4375,335.9375,578.125,-796.875,-70.3125,468.75,-867.1875,195.3125
1234934,218.75,750.0,625.0,101.5625,-859.375,562.5,328.125,-898.4375,351.5625,585.9375,-820.3125,-78.125,476.5625,-867.1875,210.9375
1234934,218.75,750.0,625.0,101.5625,-859.375,562.5,328.125,-898.4375,351.5625,585.9375,-820.3125,-78.125,476.5625,-867.1875,210.9375
1234941,218.75,750.0,632.8125,117.1875,-867.1875,554.6875,328.125,-906.25,359.375,585.9375,-812.5,-70.3125,484.375,-859.375,210.9375
1234941,218.75,750.0,632.8125,117.1875,-867.1875,554.6875,328.125,-906.25,359.375,585.9375,-812.5,-70.3125,484.375,-859.375,210.9375
1234941,226.5625,750.0,625.0,117.1875,-851.5625,554.6875,328.125,-898.4375,343.75,578.125,-812.5,-70.3125,484.375,-875.0,203.125
1234941,226.5625,750.0,625.0,117.1875,-851.5625,554.6875,328.125,-898.4375,343.75,578.125,-812.5,-70.3125,484.375,-875.0,203.125
1234950,218.75,750.0,632.8125,117.1875,-851.5625,554.6875,328.125,-890.625,343.75,578.125,-812.5,-62.5,484.375,-859.375,195.3125
1234950,218.75,750.0,632.8125,117.1875,-851.5625,554.6875,328.125,-890.625,343.75,578.125,-812.5,-62.5,484.375,-859.375,195.3125
1235096,226.5625,765.625,625.0,125.0,-843.75,570.3125,335.9375,-890.625,351.5625,578.125,-804.6875,-62.5,476.5625,-851.5625,195.3125
1235096,226.5625,765.625,625.0,125.0,-843.75,570.3125,335.9375,-890.625,351.5625,578.125,-804.6875,-62.5,476.5625,-851.5625,195.3125
1235104,242.1875,757.8125,617.1875,109.375,-843.75,554.6875,328.125,-890.625,359.375,570.3125,-804.6875,-78.125,476.5625,-867.1875,203.125
1235104,242.1875,757.8125,617.1875,109.375,-843.75,554.6875,328.125,-890.625,359.375,570.3125,-804.6875,-78.125,476.5625,-867.1875,203.125
1235104,234.375,750.0,617.1875,132.8125,-843.75,562.5,320.3125,-890.625,359.375,578.125,-796.875,-70.3125,476.5625,-851.5625,203.125
1235104,234.375,750.0,617.1875,132.8125,-843.75,562.5,320.3125,-890.625,359.375,578.125,-796.875,-70.3125,476.5625,-851.5625,203.125
1235112,226.5625,757.8125,617.1875,125.0,-843.75,554.6875,335.9375,-890.625,351.5625,578.125,-796.875,-78.125,476.5625,-851.5625,203.125
1235112,226.5625,757.8125,617.1875,125.0,-843.75,554.6875,335.9375,-890.625,351.5625,578.125,-796.875,-78.125,476.5625,-851.5625,203.125
1235177,226.5625,765.625,617.1875,125.0,-843.75,562.5,328.125,-890.625,351.5625,578.125,-804.6875,-70.3125,476.5625,-859.375,210.9375
1235177,226.5625,765.625,617.1875,125.0,-843.75,562.5,328.125,-890.625,351.5625,578.125,-804.6875,-70.3125,476.5625,-859.375,210.9375
1235184,226.5625,757.8125,617.1875,117.1875,-843.75,562.5,328.125,-898.4375,359.375,585.9375,-804.6875,-78.125,468.75,-867.1875,203.125
1235184,226.5625,757.8125,617.1875,117.1875,-843.75,562.5,328.125,-898.4375,359.375,585.9375,-804.6875,-78.125,468.75,-867.1875,203.125
1235185,226.5625,757.8125,617.1875,125.0,-851.5625,562.5,335.9375,-898.4375,359.375,578.125,-804.6875,-70.3125,476.5625,-859.375,203.125
1235185,226.5625,757.8125,617.1875,125.0,-851.5625,562.5,335.9375,-898.4375,359.375,578.125,-804.6875,-70.3125,476.5625,-859.375,203.125
1235193,226.5625,757.8125,625.0,109.375,-843.75,554.6875,328.125,-890.625,351.5625,585.9375,-812.5,-78.125,476.5625,-867.1875,210.9375
1235193,226.5625,757.8125,625.0,109.375,-843.75,554.6875,328.125,-890.625,351.5625,585.9375,-812.5,-78.125,476.5625,-867.1875,210.9375
1235257,226.5625,757.8125,625.0,117.1875,-835.9375,554.6875,328.125,-890.625,359.375,570.3125,-804.6875,-70.3125,476.5625,-851.5625,203.125
1235257,226.5625,757.8125,625.0,117.1875,-835.9375,554.6875,328.125,-890.625,359.375,570.3125,-804.6875,-70.3125,476.5625,-851.5625,203.125
1235265,234.375,757.8125,617.1875,125.0,-835.9375,570.3125,335.9375,-882.8125,359.375,578.125,-796.875,-62.5,476.5625,-851.5625,203.125
1235265,234.375,757.8125,617.1875,125.0,-835.9375,570.3125,335.9375,-882.8125,359.375,578.125,-796.875,-62.5,476.5625,-851.5625,203.125
1235265,226.5625,757.8125,617.1875,125.0,-843.75,562.5,335.9375,-890.625,351.5625,578.125,-804.6875,-70.3125,484.375,-859.375,203.125
1235265,226.5625,757.8125,617.1875,125.0,-843.75,562.5,335.9375,-890.625,351.5625,578.125,-804.6875,-70.3125,484.375,-859.375,203.125
1235273,234.375,757.8125,617.1875,117.1875,-843.75,562.5,328.125,-898.4375,351.5625,570.3125,-812.5,-62.5,484.375,-859.375,210.9375
1235273,234.375,757.8125,617.1875,117.1875,-843.75,562.5,328.125,-898.4375,351.5625,570.3125,-812.5,-62.5,484.375,-859.375,210.9375
1235338,226.5625,750.0,617.1875,117.1875,-843.75,562.5,335.9375,-898.4375,343.75,578.125,-804.6875,-70.3125,484.375,-867.1875,210.9375
1235338,226.5625,750.0,617.1875,117.1875,-843.75,562.5,335.9375,-898.4375,343.75,578.125,-804.6875,-70.3125,484.375,-867.1875,210.9375
1235346,226.5625,750.0,625.0,117.1875,-835.9375,562.5,335.9375,-898.4375,351.5625,578.125,-804.6875,-70.3125,492.1875,-859.375,210.9375
1235346,226.5625,750.0,625.0,117.1875,-835.9375,562.5,335.9375,-898.4375,351.5625,578.125,-804.6875,-70.3125,492.1875,-859.375,210.9375
1235346,234.375,750.0,625.0,125.0,-843.75,562.5,335.9375,-898.4375,359.375,578.125,-812.5,-70.3125,484.375,-859.375,210.9375
1235346,234.375,750.0,625.0,125.0,-843.75,562.5,335.9375,-898.4375,359.375,578.125,-812.5,-70.3125,484.375,-859.375,210.9375
1235354,226.5625,757.8125,617.1875,117.1875,-843.75,570.3125,335.9375,-898.4375,351.5625,585.9375,-804.6875,-70.3125,476.5625,-859.375,218.75
1235354,226.5625,757.8125,617.1875,117.1875,-843.75,570.3125,335.9375,-898.4375,351.5625,585.9375,-804.6875,-70.3125,476.5625,-859.375,218.75
1235499,234.375,757.8125,617.1875,117.1875,-835.9375,578.125,343.75,-890.625,351.5625,593.75,-804.6875,-54.6875,500.0,-859.375,226.5625
1235499,234.375,757.8125,617.1875,117.1875,-835.9375,578.125,343.75,-890.625,351.5625,593.75,-804.6875,-54.6875,500.0,-859.375,226.5625
1235507,242.1875,757.8125,609.375,117.1875,-851.5625,578.125,335.9375,-898.4375,343.75,578.125,-773.4375,-93.75,562.5,-789.0625,226.5625
1235507,242.1875,757.8125,609.375,117.1875,-851.5625,578.125,335.9375,-898.4375,343.75,578.125,-773.4375,-93.75,562.5,-789.0625,226.5625
1235507,242.1875,757.8125,601.5625,93.75,-843.75,554.6875,328.125,-875.0,343.75,625.0,-820.3125,-54.6875,484.375,-921.875,226.5625
1235507,242.1875,757.8125,601.5625,93.75,-843.75,554.6875,328.125,-875.0,343.75,625.0,-820.3125,-54.6875,484.375,-921.875,226.5625
1235514,234.375,757.8125,625.0,140.625,-843.75,585.9375,351.5625,-890.625,367.1875,609.375,-835.9375,-70.3125,515.625,-875.0,218.75
1235514,234.375,757.8125,625.0,140.625,-843.75,585.9375,351.5625,-890.625,367.1875,609.375,-835.9375,-70.3125,515.625,-875.0,218.75
1235580,273.4375,718.75,570.3125,101.5625,-835.9375,585.9375,351.5625,-882.8125,351.5625,609.375,-781.25,-46.875,531.25,-812.5,218.75
1235580,273.4375,718.75,570.3125,101.5625,-835.9375,585.9375,351.5625,-882.8125,351.5625,609.375,-781.25,-46.875,531.25,-812.5,218.75
1235588,273.4375,757.8125,578.125,148.4375,-835.9375,601.5625,390.625,-906.25,367.1875,617.1875,-789.0625,-7.8125,570.3125,-851.5625,234.375
1235588,273.4375,757.8125,578.125,148.4375,-835.9375,601.5625,390.625,-906.25,367.1875,617.1875,-789.0625,-7.8125,570.3125,-851.5625,234.375
1235588,304.6875,789.0625,585.9375,93.75,-843.75,523.4375,375.0,-968.75,382.8125,710.9375,-789.0625,-31.25,578.125,-843.75,234.375
1235588,304.6875,789.0625,585.9375,93.75,-843.75,523.4375,375.0,-968.75,382.8125,710.9375,-789.0625,-31.25,578.125,-843.75,234.375
1235596,296.875,789.0625,601.5625,125.0,-875.0,664.0625,281.25,-640.625,328.125,593.75,-750.0,-54.6875,625.0,-804.6875,265.625
1235596,296.875,789.0625,601.5625,125.0,-875.0,664.0625,281.25,-640.625,328.125,593.75,-750.0,-54.6875,625.0,-804.6875,265.625
1235741,414.0625,1085.9375,500.0,398.4375,-843.75,992.1875,593.75,-992.1875,679.6875,851.5625,-914.0625,218.75,710.9375,-898.4375,421.875
1235741,414.0625,1085.9375,500.0,398.4375,-843.75,992.1875,593.75,-992.1875,679.6875,851.5625,-914.0625,218.75,710.9375,-898.4375,421.875
1235749,421.875,1093.75,507.8125,382.8125,-812.5,953.125,578.125,-984.375,656.25,851.5625,-921.875,210.9375,710.9375,-875.0,437.5
1235749,421.875,1093.75,507.8125,382.8125,-812.5,953.125,578.125,-984.375,656.25,851.5625,-921.875,210.9375,710.9375,-875.0,437.5
1235749,445.3125,1078.125,554.6875,351.5625,-851.5625,914.0625,562.5,-976.5625,632.8125,843.75,-914.0625,195.3125,718.75,-859.375,460.9375
1235749,445.3125,1078.125,554.6875,351.5625,-851.5625,914.0625,562.5,-976.5625,632.8125,843.75,-914.0625,195.3125,718.75,-859.375,460.9375
1235757,460.9375,1054.6875,562.5,343.75,-820.3125,890.625,562.5,-968.75,625.0,843.75,-906.25,203.125,734.375,-843.75,476.5625
1235757,460.9375,1054.6875,562.5,343.75,-820.3125,890.625,562.5,-968.75,625.0,843.75,-906.25,203.125,734.375,-843.75,476.5625
1235902,218.75,1093.75,179.6875,281.25,-929.6875,507.8125,656.25,-953.125,406.25,812.5,-789.0625,-70.3125,531.25,-867.1875,195.3125
1235902,218.75,1093.75,179.6875,281.25,-929.6875,507.8125,656.25,-953.125,406.25,812.5,-789.0625,-70.3125,531.25,-867.1875,195.3125
1235910,296.875,1164.0625,187.5,234.375,-929.6875,468.75,632.8125,-906.25,453.125,726.5625,-718.75,-39.0625,484.375,-914.0625,179.6875
1235910,296.875,1164.0625,187.5,234.375,-929.6875,468.75,632.8125,-906.25,453.125,726.5625,-718.75,-39.0625,484.375,-914.0625,179.6875
1235910,335.9375,1312.5,187.5,257.8125,-804.6875,507.8125,632.8125,-875.0,445.3125,718.75,-757.8125,-46.875,429.6875,-890.625,156.25
1235910,335.9375,1312.5,187.5,257.8125,-804.6875,507.8125,632.8125,-875.0,445.3125,718.75,-757.8125,-46.875,429.6875,-890.625,156.25
1235918,226.5625,1218.75,343.75,242.1875,-812.5,492.1875,585.9375,-828.125,367.1875,609.375,-671.875,-78.125,523.4375,-867.1875,226.5625
1235918,226.5625,1218.75,343.75,242.1875,-812.5,492.1875,585.9375,-828.125,367.1875,609.375,-671.875,-78.125,523.4375,-867.1875,226.5625
1236039,-39.0625,773.4375,7.8125,-54.6875,-546.875,531.25,125.0,-687.5,304.6875,218.75,-726.5625,-39.0625,140.625,-765.625,117.1875
1236039,-39.0625,773.4375,7.8125,-54.6875,-546.875,531.25,125.0,-687.5,304.6875,218.75,-726.5625,-39.0625,140.625,-765.625,117.1875
1236047,-125.0,781.25,7.8125,-54.6875,-585.9375,484.375,109.375,-734.375,289.0625,218.75,-773.4375,-31.25,125.0,-789.0625,148.4375
1236047,-125.0,781.25,7.8125,-54.6875,-585.9375,484.375,109.375,-734.375,289.0625,218.75,-773.4375,-31.25,125.0,-789.0625,148.4375
1236055,-140.625,750.0,31.25,-101.5625,-625.0,453.125,109.375,-765.625,273.4375,218.75,-796.875,-31.25,101.5625,-812.5,179.6875
1236055,-140.625,750.0,31.25,-101.5625,-625.0,453.125,109.375,-765.625,273.4375,218.75,-796.875,-31.25,101.5625,-812.5,179.6875
1236055,-109.375,726.5625,54.6875,-125.0,-632.8125,460.9375,62.5,-773.4375,281.25,195.3125,-804.6875,0.0,78.125,-820.3125,203.125
1236055,-109.375,726.5625,54.6875,-125.0,-632.8125,460.9375,62.5,-773.4375,281.25,195.3125,-804.6875,0.0,78.125,-820.3125,203.125
1236201,-414.0625,671.875,539.0625,-664.0625,-835.9375,398.4375,-515.625,-960.9375,265.625,-351.5625,-1046.875,-78.125,-468.75,-945.3125,195.3125
1236201,-414.0625,671.875,539.0625,-664.0625,-835.9375,398.4375,-515.625,-960.9375,265.625,-351.5625,-1046.875,-78.125,-468.75,-945.3125,195.3125
1236208,-343.75,742.1875,546.875,-710.9375,-875.0,320.3125,-546.875,-1023.4375,234.375,-343.75,-1093.75,-85.9375,-468.75,-976.5625,210.9375
1236208,-343.75,742.1875,546.875,-710.9375,-875.0,320.3125,-546.875,-1023.4375,234.375,-343.75,-1093.75,-85.9375,-468.75,-976.5625,210.9375
1236216,-507.8125,617.1875,492.1875,-679.6875,-976.5625,453.125,-546.875,-992.1875,289.0625,-375.0,-1125.0,-93.75,-476.5625,-1031.25,242.1875
1236216,-507.8125,617.1875,492.1875,-679.6875,-976.5625,453.125,-546.875,-992.1875,289.0625,-375.0,-1125.0,-93.75,-476.5625,-1031.25,242.1875
1236217,-460.9375,593.75,656.25,-562.5,-789.0625,492.1875,-429.6875,-984.375,304.6875,-320.3125,-1109.375,-93.75,-445.3125,-1007.8125,195.3125
1236217,-460.9375,593.75,656.25,-562.5,-789.0625,492.1875,-429.6875,-984.375,304.6875,-320.3125,-1109.375,-93.75,-445.3125,-1007.8125,195.3125
1236386,117.1875,1046.875,-867.1875,257.8125,101.5625,835.9375,679.6875,-328.125,429.6875,546.875,-328.125,125.0,351.5625,-609.375,156.25
1236386,117.1875,1046.875,-867.1875,257.8125,101.5625,835.9375,679.6875,-328.125,429.6875,546.875,-328.125,125.0,351.5625,-609.375,156.25
1236394,85.9375,968.75,-945.3125,320.3125,234.375,914.0625,703.125,-242.1875,507.8125,632.8125,-343.75,140.625,445.3125,-531.25,195.3125
1236394,85.9375,968.75,-945.3125,320.3125,234.375,914.0625,703.125,-242.1875,507.8125,632.8125,-343.75,140.625,445.3125,-531.25,195.3125
1236394,101.5625,906.25,-992.1875,390.625,335.9375,960.9375,789.0625,-210.9375,523.4375,656.25,-367.1875,187.5,531.25,-492.1875,296.875
1236394,101.5625,906.25,-992.1875,390.625,335.9375,960.9375,789.0625,-210.9375,523.4375,656.25,-367.1875,187.5,531.25,-492.1875,296.875
1236402,156.25,867.1875,-1031.25,421.875,390.625,1015.625,820.3125,-226.5625,570.3125,781.25,-218.75,289.0625,617.1875,-429.6875,375.0
1236402,156.25,867.1875,-1031.25,421.875,390.625,1015.625,820.3125,-226.5625,570.3125,781.25,-218.75,289.0625,617.1875,-429.6875,375.0
1236524,226.5625,-687.5,-1640.625,343.75,2281.25,210.9375,703.125,1539.0625,789.0625,1007.8125,1398.4375,882.8125,1328.125,1179.6875,484.375
1236524,226.5625,-687.5,-1640.625,343.75,2281.25,210.9375,703.125,1539.0625,789.0625,1007.8125,1398.4375,882.8125,1328.125,1179.6875,484.375
1236531,210.9375,-562.5,-1695.3125,492.1875,2015.625,125.0,804.6875,1617.1875,773.4375,765.625,1539.0625,781.25,1117.1875,1265.625,351.5625
1236531,210.9375,-562.5,-1695.3125,492.1875,2015.625,125.0,804.6875,1617.1875,773.4375,765.625,1539.0625,781.25,1117.1875,1265.625,351.5625
1236539,203.125,-484.375,-1328.125,562.5,1968.75,31.25,664.0625,1843.75,835.9375,570.3125,1710.9375,937.5,1015.625,1609.375,265.625
1236539,203.125,-484.375,-1328.125,562.5,1968.75,31.25,664.0625,1843.75,835.9375,570.3125,1710.9375,937.5,1015.625,1609.375,265.625
1236539,460.9375,-375.0,-1265.625,437.5,2250.0,39.0625,546.875,2054.6875,921.875,445.3125,2023.4375,867.1875,867.1875,1867.1875,382.8125
1236539,460.9375,-375.0,-1265.625,437.5,2250.0,39.0625,546.875,2054.6875,921.875,445.3125,2023.4375,867.1875,867.1875,1867.1875,382.8125
1236684,242.1875,-156.25,-953.125,257.8125,796.875,625.0,664.0625,398.4375,687.5,742.1875,437.5,554.6875,757.8125,414.0625,515.625
1236684,242.1875,-156.25,-953.125,257.8125,796.875,625.0,664.0625,398.4375,687.5,742.1875,437.5,554.6875,757.8125,414.0625,515.625
1236685,226.5625,-171.875,-968.75,234.375,789.0625,601.5625,632.8125,429.6875,671.875,695.3125,445.3125,554.6875,710.9375,429.6875,476.5625
1236685,226.5625,-171.875,-968.75,234.375,789.0625,601.5625,632.8125,429.6875,671.875,695.3125,445.3125,554.6875,710.9375,429.6875,476.5625
1236693,226.5625,-171.875,-960.9375,234.375,804.6875,601.5625,609.375,437.5,671.875,679.6875,453.125,539.0625,703.125,421.875,468.75
1236693,226.5625,-171.875,-960.9375,234.375,804.6875,601.5625,609.375,437.5,671.875,679.6875,453.125,539.0625,703.125,421.875,468.75
1236701,226.5625,-179.6875,-960.9375,250.0,796.875,632.8125,617.1875,406.25,664.0625,679.6875,421.875,539.0625,695.3125,398.4375,484.375
1236701,226.5625,-179.6875,-960.9375,250.0,796.875,632.8125,617.1875,406.25,664.0625,679.6875,421.875,539.0625,695.3125,398.4375,484.375
1236846,226.5625,-140.625,-945.3125,218.75,687.5,664.0625,632.8125,289.0625,679.6875,734.375,320.3125,539.0625,726.5625,304.6875,523.4375
1236846,226.5625,-140.625,-945.3125,218.75,687.5,664.0625,632.8125,289.0625,679.6875,734.375,320.3125,539.0625,726.5625,304.6875,523.4375
1236846,226.5625,-140.625,-937.5,210.9375,679.6875,664.0625,632.8125,273.4375,679.6875,734.375,304.6875,546.875,734.375,296.875,546.875
1236846,226.5625,-140.625,-937.5,210.9375,679.6875,664.0625,632.8125,273.4375,679.6875,734.375,304.6875,546.875,734.375,296.875,546.875
1236854,226.5625,-140.625,-937.5,210.9375,671.875,679.6875,632.8125,265.625,679.6875,734.375,304.6875,539.0625,726.5625,281.25,554.6875
1236854,226.5625,-140.625,-937.5,210.9375,671.875,679.6875,632.8125,265.625,679.6875,734.375,304.6875,539.0625,726.5625,281.25,554.6875
1236862,226.5625,-148.4375,-953.125,218.75,671.875,671.875,640.625,273.4375,687.5,742.1875,312.5,539.0625,750.0,281.25,539.0625
1236862,226.5625,-148.4375,-953.125,218.75,671.875,671.875,640.625,273.4375,687.5,742.1875,312.5,539.0625,750.0,281.25,539.0625
1237007,234.375,-140.625,-968.75,242.1875,695.3125,710.9375,679.6875,281.25,687.5,773.4375,328.125,531.25,781.25,289.0625,539.0625
1237007,234.375,-140.625,-968.75,242.1875,695.3125,710.9375,679.6875,281.25,687.5,773.4375,328.125,531.25,781.25,289.0625,539.0625
1237007,242.1875,-132.8125,-968.75,234.375,679.6875,710.9375,679.6875,281.25,687.5,773.4375,328.125,539.0625,781.25,289.0625,531.25
1237007,242.1875,-132.8125,-968.75,234.375,679.6875,710.9375,679.6875,281.25,687.5,773.4375,328.125,539.0625,781.25,289.0625,531.25
1237015,234.375,-132.8125,-976.5625,234.375,671.875,703.125,679.6875,281.25,687.5,789.0625,328.125,531.25,781.25,289.0625,531.25
1237015,234.375,-132.8125,-976.5625,234.375,671.875,703.125,679.6875,281.25,687.5,789.0625,328.125,531.25,781.25,289.0625,531.25
1237023,234.375,-132.8125,-960.9375,234.375,671.875,703.125,671.875,273.4375,687.5,781.25,328.125,531.25,773.4375,281.25,531.25
1237023,234.375,-132.8125,-960.9375,234.375,671.875,703.125,671.875,273.4375,687.5,781.25,328.125,531.25,773.4375,281.25,531.25
1237168,234.375,-140.625,-968.75,226.5625,679.6875,710.9375,679.6875,281.25,687.5,781.25,328.125,531.25,773.4375,289.0625,539.0625
1237168,234.375,-140.625,-968.75,226.5625,679.6875,710.9375,679.6875,281.25,687.5,781.25,328.125,531.25,773.4375,289.0625,539.0625
1237168,234.375,-132.8125,-968.75,226.5625,671.875,710.9375,679.6875,281.25,687.5,781.25,320.3125,539.0625,789.0625,289.0625,546.875
1237168,234.375,-132.8125,-968.75,226.5625,671.875,710.9375,679.6875,281.25,687.5,781.25,320.3125,539.0625,789.0625,289.0625,546.875
1237176,226.5625,-140.625,-976.5625,234.375,664.0625,703.125,695.3125,273.4375,695.3125,789.0625,320.3125,531.25,796.875,281.25,546.875
1237176,226.5625,-140.625,-976.5625,234.375,664.0625,703.125,695.3125,273.4375,695.3125,789.0625,320.3125,531.25,796.875,281.25,546.875
1237184,226.5625,-156.25,-968.75,226.5625,671.875,703.125,687.5,273.4375,695.3125,796.875,328.125,531.25,789.0625,289.0625,539.0625
1237184,226.5625,-156.25,-968.75,226.5625,671.875,703.125,687.5,273.4375,695.3125,796.875,328.125,531.25,789.0625,289.0625,539.0625
1237289,242.1875,-101.5625,-960.9375,234.375,640.625,718.75,679.6875,242.1875,671.875,773.4375,296.875,523.4375,765.625,257.8125,546.875
1237289,242.1875,-101.5625,-960.9375,234.375,640.625,718.75,679.6875,242.1875,671.875,773.4375,296.875,523.4375,765.625,257.8125,546.875
1237289,234.375,-101.5625,-945.3125,226.5625,632.8125,710.9375,671.875,242.1875,664.0625,757.8125,296.875,523.4375,765.625,257.8125,546.875
1237289,234.375,-101.5625,-945.3125,226.5625,632.8125,710.9375,671.875,242.1875,664.0625,757.8125,296.875,523.4375,765.625,257.8125,546.875
1237297,242.1875,-109.375,-945.3125,226.5625,640.625,703.125,664.0625,257.8125,671.875,765.625,304.6875,531.25,750.0,265.625,539.0625
1237297,242.1875,-109.375,-945.3125,226.5625,640.625,703.125,664.0625,257.8125,671.875,765.625,304.6875,531.25,750.0,265.625,539.0625
1237305,226.5625,-117.1875,-945.3125,226.5625,656.25,710.9375,656.25,265.625,671.875,757.8125,312.5,523.4375,757.8125,281.25,531.25
1237305,226.5625,-117.1875,-945.3125,226.5625,656.25,710.9375,656.25,265.625,671.875,757.8125,312.5,523.4375,757.8125,281.25,531.25
