1208703,774.375,-2327.5,4.375
1208703,774.375,-2327.5,4.375
1208714,739.375,-1631.875,-315.0
1208714,739.375,-1631.875,-315.0
1208724,918.75,-1225.0,-476.875
1208724,918.75,-1225.0,-476.875
1208734,896.875,-1338.75,-529.375
1208734,896.875,-1338.75,-529.375
1208744,770.0,-1675.625,-476.875
1208744,770.0,-1675.625,-476.875
1208755,848.75,-2082.5,-310.625
1208755,848.75,-2082.5,-310.625
1208765,686.875,-1789.375,-210.0
1208765,686.875,-1789.375,-210.0
1208776,520.625,-1299.375,-214.375
1208776,520.625,-1299.375,-214.375
1208786,393.75,-1561.875,-385.0
1208786,393.75,-1561.875,-385.0
1208796,573.125,-1631.875,-415.625
1208796,573.125,-1631.875,-415.625
1208807,656.25,-1421.875,-406.875
1208807,656.25,-1421.875,-406.875
1208817,765.625,-1273.125,-455.0
1208817,765.625,-1273.125,-455.0
1208827,1351.875,-1036.875,-367.5
1208827,1351.875,-1036.875,-367.5
1208837,1605.625,-363.125,-350.0
1208837,1605.625,-363.125,-350.0
1208847,1163.75,39.375,-437.5
1208847,1163.75,39.375,-437.5
1208858,306.25,-336.875,-516.25
1208858,306.25,-336.875,-516.25
1208868,113.75,-301.875,-595.0
1208868,113.75,-301.875,-595.0
1208879,192.5,-463.75,-402.5
1208879,192.5,-463.75,-402.5
1208889,144.375,-914.375,-498.75
1208889,144.375,-914.375,-498.75
1208899,721.875,-1229.375,-560.0
1208899,721.875,-1229.375,-560.0
1208910,875.0,-1260.0,-700.0
1208910,875.0,-1260.0,-700.0
1208920,980.0,-1465.625,-813.75
1208920,980.0,-1465.625,-813.75
1208930,1299.375,-1540.0,-643.125
1208930,1299.375,-1540.0,-643.125
1208941,761.25,-1561.875,-494.375
1208941,761.25,-1561.875,-494.375
1208951,65.625,-2283.75,-678.125
1208951,65.625,-2283.75,-678.125
1208961,166.25,-2756.25,-599.375
1208961,166.25,-2756.25,-599.375
1208972,-56.875,-2493.75,-1067.5
1208972,-56.875,-2493.75,-1067.5
1208982,354.375,-1758.75,-1312.5
1208982,354.375,-1758.75,-1312.5
1208992,980.0,-1671.25,-2231.25
1208992,980.0,-1671.25,-2231.25
1209002,-918.75,-5425.0,-1688.75
1209002,-918.75,-5425.0,-1688.75
1209013,1019.375,-2891.875,-980.0
1209013,1019.375,-2891.875,-980.0
1209023,1592.5,-1085.0,-1141.875
1209023,1592.5,-1085.0,-1141.875
1209033,170.625,-3635.625,-1526.875
1209033,170.625,-3635.625,-1526.875
1209044,1054.375,-3666.25,-984.375
1209044,1054.375,-3666.25,-984.375
1209054,1417.5,-3495.625,-498.75
1209054,1417.5,-3495.625,-498.75
1209064,485.625,-3920.0,-468.125
1209064,485.625,-3920.0,-468.125
1209074,-538.125,-4221.875,-573.125
1209074,-538.125,-4221.875,-573.125
1209085,-1981.875,-4191.25,-993.125
1209085,-1981.875,-4191.25,-993.125
1209095,-2043.125,-3736.25,-1194.375
1209095,-2043.125,-3736.25,-1194.375
1209106,-21.875,-2108.75,-643.125
1209106,-21.875,-2108.75,-643.125
1209116,271.25,-980.0,-634.375
1209116,271.25,-980.0,-634.375
1209127,8.75,-1951.25,-735.0
1209127,8.75,-1951.25,-735.0
1209136,686.875,-2655.625,-476.875
1209136,686.875,-2655.625,-476.875
1209147,1085.0,-2743.125,-345.625
1209147,1085.0,-2743.125,-345.625
1209157,1295.0,-2887.5,-78.75
1209157,1295.0,-2887.5,-78.75
1209168,1080.625,-2817.5,192.5
1209168,1080.625,-2817.5,192.5
1209178,170.625,-3609.375,459.375
1209178,170.625,-3609.375,459.375
1209188,-380.625,-4510.625,866.25
1209188,-380.625,-4510.625,866.25
1209199,-1706.25,-6098.75,936.25
1209199,-1706.25,-6098.75,936.25
1209209,-2161.25,-7293.125,1225.0
1209209,-2161.25,-7293.125,1225.0
1209219,-2244.375,-7262.5,1233.75
1209219,-2244.375,-7262.5,1233.75
1209229,-2441.25,-6838.125,1378.125
1209229,-2441.25,-6838.125,1378.125
1209240,-1806.875,-6400.625,1548.75
1209240,-1806.875,-6400.625,1548.75
1209250,-1522.5,-7013.125,1478.75
1209250,-1522.5,-7013.125,1478.75
1209260,-2450.0,-7765.625,-1264.375
1209260,-2450.0,-7765.625,-1264.375
1209271,-5175.625,-9524.375,-3561.25
1209271,-5175.625,-9524.375,-3561.25
1209281,-3224.375,-7713.125,1299.375
1209281,-3224.375,-7713.125,1299.375
1209291,393.75,-5446.875,2336.25
1209291,393.75,-5446.875,2336.25
1209302,-3626.875,-5333.125,682.5
1209302,-3626.875,-5333.125,682.5
1209312,-5315.625,-4943.75,533.75
1209312,-5315.625,-4943.75,533.75
1209322,-5245.625,-4108.125,1054.375
1209322,-5245.625,-4108.125,1054.375
1209333,-6037.5,-3880.625,695.625
1209333,-6037.5,-3880.625,695.625
1209343,-5350.625,-3128.125,918.75
1209343,-5350.625,-3128.125,918.75
1209353,-4414.375,-2778.125,1312.5
1209353,-4414.375,-2778.125,1312.5
1209364,-4060.0,-1960.0,953.75
1209364,-4060.0,-1960.0,953.75
1209374,-3171.875,-1526.875,1321.25
1209374,-3171.875,-1526.875,1321.25
1209384,-2371.25,-1763.125,1050.0
1209384,-2371.25,-1763.125,1050.0
1209395,-2730.0,-511.875,1155.0
1209395,-2730.0,-511.875,1155.0
1209405,-4423.125,-437.5,818.125
1209405,-4423.125,-437.5,818.125
1209415,-1133.125,-2436.875,1063.125
1209415,-1133.125,-2436.875,1063.125
1209425,13435.625,-3937.5,-3338.125
1209425,13435.625,-3937.5,-3338.125
1209436,-13238.75,16909.375,879.375
1209436,-13238.75,16909.375,879.375
1209446,-32051.25,1128.75,6221.25
1209446,-32051.25,1128.75,6221.25
1209456,-9983.75,-22911.875,10915.625
1209456,-9983.75,-22911.875,10915.625
1209467,3613.75,-3425.625,7148.75
1209467,3613.75,-3425.625,7148.75
1209477,2428.125,5267.5,-3228.75
1209477,2428.125,5267.5,-3228.75
1209487,-126.875,1872.5,-7621.25
1209487,-126.875,1872.5,-7621.25
1209498,-3010.0,4786.25,-7153.125
1209498,-3010.0,4786.25,-7153.125
1209508,-8146.25,7638.75,-4558.75
1209508,-8146.25,7638.75,-4558.75
1209518,-10071.25,8150.625,-1548.75
1209518,-10071.25,8150.625,-1548.75
1209529,-7984.375,8916.25,301.875
1209529,-7984.375,8916.25,301.875
1209538,-6343.75,9953.125,853.125
1209538,-6343.75,9953.125,853.125
1209549,-4659.375,9826.25,389.375
1209549,-4659.375,9826.25,389.375
1209560,-1277.5,8378.125,35.0
1209560,-1277.5,8378.125,35.0
1209570,240.625,5670.0,-433.125
1209570,240.625,5670.0,-433.125
1209580,-188.125,2940.0,-1666.875
1209580,-188.125,2940.0,-1666.875
1209591,-1098.125,472.5,-2546.25
1209591,-1098.125,472.5,-2546.25
1209601,-1903.125,-2581.25,-2388.75
1209601,-1903.125,-2581.25,-2388.75
1209611,-2725.625,-5276.25,-1732.5
1209611,-2725.625,-5276.25,-1732.5
1209622,-2406.25,-7065.625,-669.375
1209622,-2406.25,-7065.625,-669.375
1209632,-551.25,-8360.625,192.5
1209632,-551.25,-8360.625,192.5
1209641,1290.625,-9156.875,306.25
1209641,1290.625,-9156.875,306.25
1209652,3780.0,-9485.0,-341.25
1209652,3780.0,-9485.0,-341.25
1209663,5197.5,-8159.375,-682.5
1209663,5197.5,-8159.375,-682.5
1209673,4558.75,-7288.75,-43.75
1209673,4558.75,-7288.75,-43.75
1209683,1461.25,-7135.625,774.375
1209683,1461.25,-7135.625,774.375
1209694,-2471.875,-7166.25,1631.875
1209694,-2471.875,-7166.25,1631.875
1209704,-3609.375,-6103.125,2485.0
1209704,-3609.375,-6103.125,2485.0
1209715,-3220.0,-3329.375,2471.875
1209715,-3220.0,-3329.375,2471.875
1209725,-2082.5,-651.875,2060.625
1209725,-2082.5,-651.875,2060.625
1209735,-958.125,1255.625,1544.375
1209735,-958.125,1255.625,1544.375
1209745,-161.875,3858.75,621.25
1209745,-161.875,3858.75,621.25
1209756,-402.5,5744.375,-70.0
1209756,-402.5,5744.375,-70.0
1209766,-1561.875,5311.25,13.125
1209766,-1561.875,5311.25,13.125
1209776,-2323.125,3526.25,433.125
1209776,-2323.125,3526.25,433.125
1209787,-2065.0,2038.75,651.875
1209787,-2065.0,2038.75,651.875
1209796,-910.0,1793.75,590.625
1209796,-910.0,1793.75,590.625
1209805,-459.375,2130.625,288.75
1209805,-459.375,2130.625,288.75
1209818,-673.75,2244.375,43.75
1209818,-673.75,2244.375,43.75
1209829,-490.0,1981.875,13.125
1209829,-490.0,1981.875,13.125
1209838,-297.5,1198.75,266.875
1209838,-297.5,1198.75,266.875
1209848,-546.875,166.25,271.25
1209848,-546.875,166.25,271.25
1209859,-262.5,-923.125,490.0
1209859,-262.5,-923.125,490.0
1209870,-437.5,-2143.75,616.875
1209870,-437.5,-2143.75,616.875
1209879,-910.0,-3145.625,135.625
1209879,-910.0,-3145.625,135.625
1209890,-695.625,-3342.5,-214.375
1209890,-695.625,-3342.5,-214.375
1209900,-183.75,-2817.5,-118.125
1209900,-183.75,-2817.5,-118.125
1209911,91.875,-1995.0,39.375
1209911,91.875,-1995.0,39.375
1209921,603.75,-1535.625,-183.75
1209921,603.75,-1535.625,-183.75
1209931,1430.625,-1338.75,-520.625
1209931,1430.625,-1338.75,-520.625
1209942,2034.375,-1076.25,-638.75
1209942,2034.375,-1076.25,-638.75
1209952,1855.0,-739.375,-507.5
1209952,1855.0,-739.375,-507.5
1209962,1281.875,-551.25,-205.625
1209962,1281.875,-551.25,-205.625
1209972,310.625,-971.25,157.5
1209972,310.625,-971.25,157.5
1209983,-945.0,-1413.125,297.5
1209983,-945.0,-1413.125,297.5
1209993,-1102.5,-1220.625,485.625
1209993,-1102.5,-1220.625,485.625
1210003,-861.875,-783.125,420.0
1210003,-861.875,-783.125,420.0
1210014,-231.875,-476.875,354.375
1210014,-231.875,-476.875,354.375
1210025,183.75,-306.25,393.75
1210025,183.75,-306.25,393.75
1210034,560.0,-472.5,310.625
1210034,560.0,-472.5,310.625
1210045,914.375,-319.375,433.125
1210045,914.375,-319.375,433.125
1210054,1036.875,-310.625,341.25
1210054,1036.875,-310.625,341.25
1210065,822.5,-551.25,315.0
1210065,822.5,-551.25,315.0
1210075,144.375,-945.0,179.375
1210075,144.375,-945.0,179.375
1210086,0.0,-1500.625,223.125
1210086,0.0,-1500.625,223.125
1210096,651.875,-1658.125,389.375
1210096,651.875,-1658.125,389.375
1210106,1050.0,-1185.625,227.5
1210106,1050.0,-1185.625,227.5
1210117,1662.5,-525.0,507.5
1210117,1662.5,-525.0,507.5
1210127,1465.625,-472.5,704.375
1210127,1465.625,-472.5,704.375
1210138,590.625,-1063.125,555.625
1210138,590.625,-1063.125,555.625
1210148,918.75,-717.5,538.125
1210148,918.75,-717.5,538.125
1210158,1106.875,144.375,297.5
1210158,1106.875,144.375,297.5
1210168,730.625,135.625,-74.375
1210168,730.625,135.625,-74.375
1210180,1045.625,354.375,-87.5
1210180,1045.625,354.375,-87.5
1210189,1785.0,1312.5,240.625
1210189,1785.0,1312.5,240.625
1210199,1308.125,1850.625,345.625
1210199,1308.125,1850.625,345.625
1210210,262.5,1596.875,-135.625
1210210,262.5,1596.875,-135.625
1210220,533.75,1522.5,17.5
1210220,533.75,1522.5,17.5
1210230,1019.375,1710.625,354.375
1210230,1019.375,1710.625,354.375
1210240,1063.125,1531.25,354.375
1210240,1063.125,1531.25,354.375
1210251,293.125,997.5,-669.375
1210251,293.125,997.5,-669.375
1210261,-415.625,1583.75,-1229.375
1210261,-415.625,1583.75,-1229.375
1210272,1898.75,1876.875,231.875
1210272,1898.75,1876.875,231.875
1210282,914.375,1513.75,315.0
1210282,914.375,1513.75,315.0
1210292,-161.875,1093.75,-179.375
1210292,-161.875,1093.75,-179.375
1210302,-341.25,634.375,-398.125
1210302,-341.25,634.375,-398.125
1210313,446.25,1080.625,-341.25
1210313,446.25,1080.625,-341.25
1210323,1260.0,1570.625,-13.125
1210323,1260.0,1570.625,-13.125
1210334,813.75,1666.875,-227.5
1210334,813.75,1666.875,-227.5
1210344,503.125,1561.875,-380.625
1210344,503.125,1561.875,-380.625
1210354,245.0,1640.625,-323.75
1210354,245.0,1640.625,-323.75
1210365,350.0,1658.125,-240.625
1210365,350.0,1658.125,-240.625
1210375,490.0,1767.5,-166.25
1210375,490.0,1767.5,-166.25
1210385,525.0,1881.25,-336.875
1210385,525.0,1881.25,-336.875
1210395,818.125,1841.875,-323.75
1210395,818.125,1841.875,-323.75
1210405,1028.125,1811.25,-122.5
1210405,1028.125,1811.25,-122.5
1210416,573.125,1898.75,-231.875
1210416,573.125,1898.75,-231.875
1210426,459.375,2135.0,-210.0
1210426,459.375,2135.0,-210.0
1210437,507.5,2296.875,-100.625
1210437,507.5,2296.875,-100.625
1210447,494.375,2095.625,-4.375
1210447,494.375,2095.625,-4.375
1210457,879.375,2428.125,48.125
1210457,879.375,2428.125,48.125
1210468,1373.75,2458.75,-30.625
1210468,1373.75,2458.75,-30.625
1210478,1592.5,2336.25,13.125
1210478,1592.5,2336.25,13.125
1210488,1382.5,1920.625,100.625
1210488,1382.5,1920.625,100.625
1210498,1176.875,1640.625,91.875
1210498,1176.875,1640.625,91.875
1210509,1382.5,1666.875,-56.875
1210509,1382.5,1666.875,-56.875
1210519,1185.625,936.25,-192.5
1210519,1185.625,936.25,-192.5
1210529,1443.75,971.25,-161.875
1210529,1443.75,971.25,-161.875
1210540,1461.25,1255.625,-590.625
1210540,1461.25,1255.625,-590.625
1210550,1623.125,1522.5,-691.25
1210550,1623.125,1522.5,-691.25
1210560,1430.625,1439.375,-389.375
1210560,1430.625,1439.375,-389.375
1210570,560.0,730.625,-643.125
1210570,560.0,730.625,-643.125
1210581,1080.625,428.75,-341.25
1210581,1080.625,428.75,-341.25
1210591,1583.75,923.125,-433.125
1210591,1583.75,923.125,-433.125
1210602,1347.5,1548.75,-665.0
1210602,1347.5,1548.75,-665.0
1210612,743.75,1907.5,-660.625
1210612,743.75,1907.5,-660.625
1210622,398.125,1693.125,-975.625
1210622,398.125,1693.125,-975.625
1210633,1159.375,1754.375,-1006.25
1210633,1159.375,1754.375,-1006.25
1210643,1496.25,1841.875,-818.125
1210643,1496.25,1841.875,-818.125
1210653,1518.125,1194.375,-87.5
1210653,1518.125,1194.375,-87.5
1210664,555.625,651.875,35.0
1210664,555.625,651.875,35.0
1210674,218.75,717.5,-126.875
1210674,218.75,717.5,-126.875
1210683,166.25,1001.875,-253.75
1210683,166.25,1001.875,-253.75
1210695,748.125,1120.0,-551.25
1210695,748.125,1120.0,-551.25
1210705,1828.75,1806.875,-800.625
1210705,1828.75,1806.875,-800.625
1210715,2489.375,2117.5,-971.25
1210715,2489.375,2117.5,-971.25
1210726,2743.125,1583.75,-1063.125
1210726,2743.125,1583.75,-1063.125
1210736,2489.375,966.875,-1015.0
1210736,2489.375,966.875,-1015.0
1210746,2091.25,240.625,-966.875
1210746,2091.25,240.625,-966.875
1210757,1798.125,-87.5,-861.875
1210757,1798.125,-87.5,-861.875
1210767,1518.125,-192.5,-927.5
1210767,1518.125,-192.5,-927.5
1210777,1330.0,-245.0,-896.875
1210777,1330.0,-245.0,-896.875
1210787,1461.25,-227.5,-844.375
1210787,1461.25,-227.5,-844.375
1210797,1487.5,-573.125,-1155.0
1210797,1487.5,-573.125,-1155.0
1210808,1745.625,-476.875,-1264.375
1210808,1745.625,-476.875,-1264.375
1210818,1981.875,-74.375,-1334.375
1210818,1981.875,-74.375,-1334.375
1210828,1885.625,380.625,-1566.25
1210828,1885.625,380.625,-1566.25
1210839,2270.625,752.5,-1811.25
1210839,2270.625,752.5,-1811.25
1210849,2800.0,1220.625,-1929.375
1210849,2800.0,1220.625,-1929.375
1210860,2716.875,1666.875,-2003.75
1210860,2716.875,1666.875,-2003.75
1210870,2323.125,1955.625,-1968.75
1210870,2323.125,1955.625,-1968.75
1210880,1662.5,2060.625,-1876.875
1210880,1662.5,2060.625,-1876.875
1210891,1470.0,1719.375,-1465.625
1210891,1470.0,1719.375,-1465.625
1210901,892.5,1255.625,-481.25
1210901,892.5,1255.625,-481.25
1210911,-455.0,122.5,218.75
1210911,-455.0,122.5,218.75
1210922,-306.25,-612.5,490.0
1210922,-306.25,-612.5,490.0
1210932,-927.5,-8.75,1124.375
1210932,-927.5,-8.75,1124.375
1210942,-695.625,-949.375,520.625
1210942,-695.625,-949.375,520.625
1210953,525.0,-678.125,258.125
1210953,525.0,-678.125,258.125
1210963,1575.0,-476.875,-105.0
1210963,1575.0,-476.875,-105.0
1210973,975.625,-166.25,-13.125
1210973,975.625,-166.25,-13.125
1210983,354.375,-984.375,420.0
1210983,354.375,-984.375,420.0
1210994,109.375,-1793.75,752.5
1210994,109.375,-1793.75,752.5
1211004,-83.125,-1863.75,822.5
1211004,-83.125,-1863.75,822.5
1211014,-345.625,-1487.5,586.25
1211014,-345.625,-1487.5,586.25
1211025,-74.375,-1325.625,231.875
1211025,-74.375,-1325.625,231.875
1211034,-336.875,-258.125,-1273.125
1211034,-336.875,-258.125,-1273.125
1211045,1185.625,1321.25,-678.125
1211045,1185.625,1321.25,-678.125
1211056,1019.375,1330.0,-153.125
1211056,1019.375,1330.0,-153.125
1211066,-231.875,1369.375,-122.5
1211066,-231.875,1369.375,-122.5
1211077,-371.875,1850.625,166.25
1211077,-371.875,1850.625,166.25
1211087,-1093.75,2183.125,-293.125
1211087,-1093.75,2183.125,-293.125
1211097,-1207.5,2305.625,-616.875
1211097,-1207.5,2305.625,-616.875
1211107,-538.125,1815.625,-616.875
1211107,-538.125,1815.625,-616.875
1211118,-30.625,1369.375,-1124.375
1211118,-30.625,1369.375,-1124.375
1211128,1168.125,1448.125,-1076.25
1211128,1168.125,1448.125,-1076.25
1211138,1723.75,1058.75,-1023.75
1211138,1723.75,1058.75,-1023.75
1211149,1141.875,-48.125,-1181.25
1211149,1141.875,-48.125,-1181.25
1211159,669.375,-1448.125,-1312.5
1211159,669.375,-1448.125,-1312.5
1211169,826.875,-2734.375,-883.75
1211169,826.875,-2734.375,-883.75
1211180,306.25,-2813.125,-1028.125
1211180,306.25,-2813.125,-1028.125
1211190,-275.625,-2769.375,-1658.125
1211190,-275.625,-2769.375,-1658.125
1211200,826.875,-2502.5,-1671.25
1211200,826.875,-2502.5,-1671.25
1211211,1645.0,-2336.25,-1518.125
1211211,1645.0,-2336.25,-1518.125
1211221,1575.0,-2861.25,-1487.5
1211221,1575.0,-2861.25,-1487.5
1211231,1273.125,-3425.625,-1330.0
1211231,1273.125,-3425.625,-1330.0
1211241,573.125,-4204.375,-1220.625
1211241,573.125,-4204.375,-1220.625
1211252,415.625,-4659.375,-1176.875
1211252,415.625,-4659.375,-1176.875
1211262,826.875,-4309.375,-1225.0
1211262,826.875,-4309.375,-1225.0
1211273,931.875,-3469.375,-1146.25
1211273,931.875,-3469.375,-1146.25
1211282,1111.25,-2795.625,-980.0
1211282,1111.25,-2795.625,-980.0
1211293,997.5,-2047.5,-980.0
1211293,997.5,-2047.5,-980.0
1211303,463.75,-1964.375,-1251.25
1211303,463.75,-1964.375,-1251.25
1211314,695.625,-1850.625,-1089.375
1211314,695.625,-1850.625,-1089.375
1211324,656.25,-2117.5,-914.375
1211324,656.25,-2117.5,-914.375
1211334,131.25,-2476.25,-603.75
1211334,131.25,-2476.25,-603.75
1211345,-196.875,-2555.0,-612.5
1211345,-196.875,-2555.0,-612.5
1211355,-546.875,-2244.375,-888.125
1211355,-546.875,-2244.375,-888.125
1211365,-704.375,-1478.75,-940.625
1211365,-704.375,-1478.75,-940.625
1211376,-1421.875,-822.5,-1408.75
1211376,-1421.875,-822.5,-1408.75
1211386,-2712.5,-236.25,-2130.625
1211386,-2712.5,-236.25,-2130.625
1211396,-3395.0,-581.875,-2546.25
1211396,-3395.0,-581.875,-2546.25
1211406,-2056.25,-743.75,-1640.625
1211406,-2056.25,-743.75,-1640.625
1211417,-1535.625,-730.625,-840.0
1211417,-1535.625,-730.625,-840.0
1211428,-3193.75,-888.125,-1496.25
1211428,-3193.75,-888.125,-1496.25
1211437,-3202.5,-713.125,-1688.75
1211437,-3202.5,-713.125,-1688.75
1211448,-1938.125,621.25,-1505.0
1211448,-1938.125,621.25,-1505.0
1211458,-3797.5,1876.875,-3325.0
1211458,-3797.5,1876.875,-3325.0
1211469,-4208.75,1798.125,-3688.125
1211469,-4208.75,1798.125,-3688.125
1211479,-2996.875,1964.375,-3171.875
1211479,-2996.875,1964.375,-3171.875
1211489,-2734.375,1601.25,-2292.5
1211489,-2734.375,1601.25,-2292.5
1211499,-3723.125,-581.875,-2423.75
1211499,-3723.125,-581.875,-2423.75
1211509,-4991.875,-1579.375,-3018.75
1211509,-4991.875,-1579.375,-3018.75
1211518,-6461.875,-2393.125,-4160.625
1211518,-6461.875,-2393.125,-4160.625
1211530,-9765.0,-2581.25,-5783.75
1211530,-9765.0,-2581.25,-5783.75
1211541,-9563.75,-5184.375,-5048.75
1211541,-9563.75,-5184.375,-5048.75
1211551,-9445.625,-7030.625,-5403.125
1211551,-9445.625,-7030.625,-5403.125
1211561,-6947.5,-6133.75,-4585.0
1211561,-6947.5,-6133.75,-4585.0
1211572,-5884.375,-5630.625,-5013.75
1211572,-5884.375,-5630.625,-5013.75
1211582,-5783.75,-3850.0,-9331.875
1211582,-5783.75,-3850.0,-9331.875
1211592,-6400.625,-4563.125,-14673.75
1211592,-6400.625,-4563.125,-14673.75
1211603,-9196.25,-5617.5,-12092.5
1211603,-9196.25,-5617.5,-12092.5
1211613,-5897.5,-5258.75,-7000.0
1211613,-5897.5,-5258.75,-7000.0
1211623,-5573.75,-2961.875,-7328.125
1211623,-5573.75,-2961.875,-7328.125
1211633,-10753.75,-5333.125,-11480.0
1211633,-10753.75,-5333.125,-11480.0
1211644,-11051.25,-7153.125,-13295.625
1211644,-11051.25,-7153.125,-13295.625
1211654,-10425.625,-5941.25,-12486.25
1211654,-10425.625,-5941.25,-12486.25
1211665,-10600.625,-6903.75,-11173.75
1211665,-10600.625,-6903.75,-11173.75
1211675,-10832.5,-7091.875,-8356.25
1211675,-10832.5,-7091.875,-8356.25
1211685,-9913.75,-8846.25,-5735.625
1211685,-9913.75,-8846.25,-5735.625
1211696,-7249.375,-6081.25,-4095.0
1211696,-7249.375,-6081.25,-4095.0
1211706,-7551.25,-4961.25,-3696.875
1211706,-7551.25,-4961.25,-3696.875
1211716,-8894.375,-5656.875,-4571.875
1211716,-8894.375,-5656.875,-4571.875
1211726,-8500.625,-4344.375,-4541.25
1211726,-8500.625,-4344.375,-4541.25
1211737,-8264.375,-3845.625,-6615.0
1211737,-8264.375,-3845.625,-6615.0
1211747,-9436.875,-3176.25,-6348.125
1211747,-9436.875,-3176.25,-6348.125
1211757,-6479.375,-2384.375,-3635.625
1211757,-6479.375,-2384.375,-3635.625
1211768,-3206.875,-1837.5,-1347.5
1211768,-3206.875,-1837.5,-1347.5
1211778,12110.0,-19923.75,20912.5
1211778,12110.0,-19923.75,20912.5
