1226832,-288.75,-6558.125,988.75
1226832,-288.75,-6558.125,988.75
1226841,-3115.0,-8557.5,-1063.125
1226841,-3115.0,-8557.5,-1063.125
1226852,-3158.75,-8229.375,-13.125
1226852,-3158.75,-8229.375,-13.125
1226863,-5534.375,-7210.0,603.75
1226863,-5534.375,-7210.0,603.75
1226873,-4620.0,-4003.125,415.625
1226873,-4620.0,-4003.125,415.625
1226883,-2209.375,-704.375,1496.25
1226883,-2209.375,-704.375,1496.25
1226893,-433.125,4353.125,-2183.125
1226893,-433.125,4353.125,-2183.125
1226904,730.625,1894.375,-2480.625
1226904,730.625,1894.375,-2480.625
1226914,3666.25,4961.25,122.5
1226914,3666.25,4961.25,122.5
1226924,-818.125,2375.625,-1251.25
1226924,-818.125,2375.625,-1251.25
1226935,341.25,-385.0,306.25
1226935,341.25,-385.0,306.25
1226945,441.875,-253.75,503.125
1226945,441.875,-253.75,503.125
1226955,-170.625,-1343.125,424.375
1226955,-170.625,-1343.125,424.375
1226966,415.625,-1185.625,52.5
1226966,415.625,-1185.625,52.5
1226976,367.5,-1981.875,-91.875
1226976,367.5,-1981.875,-91.875
1226986,669.375,-2384.375,-389.375
1226986,669.375,-2384.375,-389.375
1226997,1268.75,-3058.125,-385.0
1226997,1268.75,-3058.125,-385.0
1227007,1277.5,-3451.875,-284.375
1227007,1277.5,-3451.875,-284.375
1227017,1334.375,-3600.625,-284.375
1227017,1334.375,-3600.625,-284.375
1227028,1220.625,-3823.75,-262.5
1227028,1220.625,-3823.75,-262.5
1227038,1124.375,-4033.75,-481.25
1227038,1124.375,-4033.75,-481.25
1227048,1133.125,-3863.125,-616.875
1227048,1133.125,-3863.125,-616.875
1227059,1474.375,-3447.5,-735.0
1227059,1474.375,-3447.5,-735.0
1227069,1575.0,-2791.25,-704.375
1227069,1575.0,-2791.25,-704.375
1227079,1430.625,-1881.25,-542.5
1227079,1430.625,-1881.25,-542.5
1227090,901.25,-1526.875,-389.375
1227090,901.25,-1526.875,-389.375
1227100,-210.0,-1631.875,-586.25
1227100,-210.0,-1631.875,-586.25
1227110,-726.25,-2152.5,-748.125
1227110,-726.25,-2152.5,-748.125
1227120,-695.625,-2148.125,-371.875
1227120,-695.625,-2148.125,-371.875
1227131,-1120.0,-2117.5,-214.375
1227131,-1120.0,-2117.5,-214.375
1227141,-1977.5,-2323.125,-463.75
1227141,-1977.5,-2323.125,-463.75
1227151,-2060.625,-1951.25,-822.5
1227151,-2060.625,-1951.25,-822.5
1227162,-1491.875,-1535.625,-1312.5
1227162,-1491.875,-1535.625,-1312.5
1227172,-704.375,-1299.375,-1448.125
1227172,-704.375,-1299.375,-1448.125
1227182,411.25,-923.125,-1343.125
1227182,411.25,-923.125,-1343.125
1227193,988.75,-848.75,-1365.0
1227193,988.75,-848.75,-1365.0
1227203,1181.25,-1378.125,-1281.875
1227203,1181.25,-1378.125,-1281.875
1227214,1172.5,-2086.875,-962.5
1227214,1172.5,-2086.875,-962.5
1227223,1006.25,-2699.375,-686.875
1227223,1006.25,-2699.375,-686.875
1227234,433.125,-2856.875,-844.375
1227234,433.125,-2856.875,-844.375
1227245,-100.625,-3171.875,-743.75
1227245,-100.625,-3171.875,-743.75
1227255,-389.375,-3220.0,-713.125
1227255,-389.375,-3220.0,-713.125
1227265,-310.625,-3062.5,-800.625
1227265,-310.625,-3062.5,-800.625
1227275,-56.875,-3001.25,-756.875
1227275,-56.875,-3001.25,-756.875
1227286,301.875,-3145.625,-765.625
1227286,301.875,-3145.625,-765.625
1227297,805.0,-3176.25,-704.375
1227297,805.0,-3176.25,-704.375
1227306,1386.875,-3281.25,-446.25
1227306,1386.875,-3281.25,-446.25
1227317,1141.875,-3565.625,-245.0
1227317,1141.875,-3565.625,-245.0
1227327,861.875,-3880.625,-13.125
1227327,861.875,-3880.625,-13.125
1227337,210.0,-4103.75,-126.875
1227337,210.0,-4103.75,-126.875
1227347,-183.75,-4060.0,-109.375
1227347,-183.75,-4060.0,-109.375
1227358,17.5,-4453.75,-105.0
1227358,17.5,-4453.75,-105.0
1227368,188.125,-4488.75,-258.125
1227368,188.125,-4488.75,-258.125
1227378,271.25,-3701.25,-936.25
1227378,271.25,-3701.25,-936.25
1227389,-1054.375,-6269.375,739.375
1227389,-1054.375,-6269.375,739.375
1227399,568.75,-3832.5,1570.625
1227399,568.75,-3832.5,1570.625
1227409,-166.25,-2620.625,1211.875
1227409,-166.25,-2620.625,1211.875
1227420,-87.5,-3386.25,1220.625
1227420,-87.5,-3386.25,1220.625
1227430,-595.0,-4068.75,1225.0
1227430,-595.0,-4068.75,1225.0
1227440,-590.625,-4156.25,1299.375
1227440,-590.625,-4156.25,1299.375
1227450,293.125,-3771.25,1592.5
1227450,293.125,-3771.25,1592.5
1227461,813.75,-3290.0,1592.5
1227461,813.75,-3290.0,1592.5
1227471,818.125,-3005.625,1627.5
1227471,818.125,-3005.625,1627.5
1227482,411.25,-3491.25,1614.375
1227482,411.25,-3491.25,1614.375
1227493,175.0,-4077.5,1894.375
1227493,175.0,-4077.5,1894.375
1227502,74.375,-4182.5,2218.125
1227502,74.375,-4182.5,2218.125
1227512,791.875,-4125.625,2506.875
1227512,791.875,-4125.625,2506.875
1227523,800.625,-3600.625,2572.5
1227523,800.625,-3600.625,2572.5
1227533,61.25,-3438.75,2178.75
1227533,61.25,-3438.75,2178.75
1227544,87.5,-3180.625,2038.75
1227544,87.5,-3180.625,2038.75
1227554,26.25,-2931.25,2196.25
1227554,26.25,-2931.25,2196.25
1227564,-161.875,-3088.75,3136.875
1227564,-161.875,-3088.75,3136.875
1227574,8.75,-3863.125,3101.875
1227574,8.75,-3863.125,3101.875
1227585,-455.0,-3771.25,3062.5
1227585,-455.0,-3771.25,3062.5
1227595,-17.5,-3250.625,3421.25
1227595,-17.5,-3250.625,3421.25
1227606,271.25,-2970.625,3014.375
1227606,271.25,-2970.625,3014.375
1227616,371.875,-3075.625,2546.25
1227616,371.875,-3075.625,2546.25
1227626,533.75,-3578.75,2795.625
1227626,533.75,-3578.75,2795.625
1227637,126.875,-4173.75,2782.5
1227637,126.875,-4173.75,2782.5
1227647,218.75,-4738.125,2266.25
1227647,218.75,-4738.125,2266.25
1227657,-170.625,-4103.75,1785.0
1227657,-170.625,-4103.75,1785.0
1227667,1435.0,-1426.25,1723.75
1227667,1435.0,-1426.25,1723.75
1227678,1627.5,-2620.625,3526.25
1227678,1627.5,-2620.625,3526.25
1227688,323.75,-5713.75,2918.125
1227688,323.75,-5713.75,2918.125
1227698,65.625,-3119.375,2327.5
1227698,65.625,-3119.375,2327.5
1227709,-791.875,-3001.25,3473.75
1227709,-791.875,-3001.25,3473.75
1227719,-3176.25,-2778.125,3163.125
1227719,-3176.25,-2778.125,3163.125
1227729,-2944.375,-778.75,2668.75
1227729,-2944.375,-778.75,2668.75
1227740,-2336.25,1281.875,2375.625
1227740,-2336.25,1281.875,2375.625
1227750,2012.5,1693.125,651.875
1227750,2012.5,1693.125,651.875
1227760,3408.125,5893.125,634.375
1227760,3408.125,5893.125,634.375
1227771,389.375,8570.625,-945.0
1227771,389.375,8570.625,-945.0
1227781,-1001.875,6864.375,-1019.375
1227781,-1001.875,6864.375,-1019.375
1227791,-2874.375,6256.25,-1610.0
1227791,-2874.375,6256.25,-1610.0
1227802,1242.5,6208.125,-3228.75
1227802,1242.5,6208.125,-3228.75
1227812,5311.25,11987.5,-4003.125
1227812,5311.25,11987.5,-4003.125
1227822,5425.0,12394.375,-4213.125
1227822,5425.0,12394.375,-4213.125
1227833,984.375,10298.75,-2651.25
1227833,984.375,10298.75,-2651.25
1227843,-332.5,7122.5,-555.625
1227843,-332.5,7122.5,-555.625
1227853,-4296.25,5215.0,-1496.25
1227853,-4296.25,5215.0,-1496.25
1227863,-4576.25,5048.75,-1264.375
1227863,-4576.25,5048.75,-1264.375
1227874,-4449.375,3469.375,-1211.875
1227874,-4449.375,3469.375,-1211.875
1227884,-3530.625,910.0,-971.25
1227884,-3530.625,910.0,-971.25
1227894,-1470.0,-616.875,-424.375
1227894,-1470.0,-616.875,-424.375
1227905,-463.75,-2353.75,-450.625
1227905,-463.75,-2353.75,-450.625
1227915,-1063.125,-4510.625,-656.25
1227915,-1063.125,-4510.625,-656.25
1227925,-765.625,-6540.625,-271.25
1227925,-765.625,-6540.625,-271.25
1227936,126.875,-7166.25,-135.625
1227936,126.875,-7166.25,-135.625
1227946,564.375,-7056.875,-879.375
1227946,564.375,-7056.875,-879.375
1227957,-17.5,-7704.375,-1999.375
1227957,-17.5,-7704.375,-1999.375
1227967,-65.625,-7713.125,-2458.75
1227967,-65.625,-7713.125,-2458.75
1227977,516.25,-7301.875,-2310.0
1227977,516.25,-7301.875,-2310.0
1227988,1763.125,-6667.5,-1776.25
1227988,1763.125,-6667.5,-1776.25
1227998,2078.125,-6111.875,-1496.25
1227998,2078.125,-6111.875,-1496.25
1228008,2423.75,-5915.0,-1356.25
1228008,2423.75,-5915.0,-1356.25
1228018,2511.25,-5565.0,-621.25
1228018,2511.25,-5565.0,-621.25
1228029,1478.75,-5188.75,358.75
1228029,1478.75,-5188.75,358.75
1228039,-721.875,-4738.125,805.0
1228039,-721.875,-4738.125,805.0
1228048,-2240.0,-3574.375,1058.75
1228048,-2240.0,-3574.375,1058.75
1228059,-2778.125,-1561.875,1023.75
1228059,-2778.125,-1561.875,1023.75
1228070,-2765.0,411.25,695.625
1228070,-2765.0,411.25,695.625
1228080,-2148.125,2016.875,284.375
1228080,-2148.125,2016.875,284.375
1228089,-1846.25,2905.0,-210.0
1228089,-1846.25,2905.0,-210.0
1228101,-1767.5,2935.625,-323.75
1228101,-1767.5,2935.625,-323.75
1228111,-1723.75,3097.5,-179.375
1228111,-1723.75,3097.5,-179.375
1228121,-1557.5,3215.625,61.25
1228121,-1557.5,3215.625,61.25
1228132,-1557.5,3119.375,288.75
1228132,-1557.5,3119.375,288.75
1228142,-1557.5,2712.5,450.625
1228142,-1557.5,2712.5,450.625
1228153,-1946.875,2638.125,643.125
1228153,-1946.875,2638.125,643.125
1228163,-2506.875,2458.75,643.125
1228163,-2506.875,2458.75,643.125
1228173,-2865.625,1566.25,634.375
1228173,-2865.625,1566.25,634.375
1228183,-2445.625,1356.25,608.125
1228183,-2445.625,1356.25,608.125
1228194,-1334.375,1715.0,791.875
1228194,-1334.375,1715.0,791.875
1228204,-993.125,1951.25,590.625
1228204,-993.125,1951.25,590.625
1228214,-1351.875,1273.125,205.625
1228214,-1351.875,1273.125,205.625
1228224,-1430.625,354.375,4.375
1228224,-1430.625,354.375,4.375
1228235,-511.875,-546.875,-148.75
1228235,-511.875,-546.875,-148.75
1228245,341.25,-507.5,-441.875
1228245,341.25,-507.5,-441.875
1228255,1172.5,-656.25,-481.25
1228255,1172.5,-656.25,-481.25
1228266,1553.125,-1172.5,-148.75
1228266,1553.125,-1172.5,-148.75
1228276,1295.0,-1684.375,328.125
1228276,1295.0,-1684.375,328.125
1228286,805.0,-1750.0,446.25
1228286,805.0,-1750.0,446.25
1228297,-96.25,-2695.0,144.375
1228297,-96.25,-2695.0,144.375
1228308,393.75,-3036.25,126.875
1228308,393.75,-3036.25,126.875
1228317,1290.625,-2349.375,-35.0
1228317,1290.625,-2349.375,-35.0
1228327,2003.75,-1697.5,-262.5
1228327,2003.75,-1697.5,-262.5
1228337,1811.25,-1470.0,-542.5
1228337,1811.25,-1470.0,-542.5
1228348,1229.375,-1465.625,-774.375
1228348,1229.375,-1465.625,-774.375
1228359,1058.75,-1268.75,-560.0
1228359,1058.75,-1268.75,-560.0
1228369,1006.25,-809.375,-301.875
1228369,1006.25,-809.375,-301.875
1228379,713.125,-813.75,-35.0
1228379,713.125,-813.75,-35.0
1228390,380.625,-1203.125,-122.5
1228390,380.625,-1203.125,-122.5
1228400,857.5,-1085.0,4.375
1228400,857.5,-1085.0,4.375
1228410,1032.5,-595.0,56.875
1228410,1032.5,-595.0,56.875
1228421,896.875,-765.625,140.0
1228421,896.875,-765.625,140.0
1228431,520.625,-896.875,105.0
1228431,520.625,-896.875,105.0
1228441,918.75,-459.375,301.875
1228441,918.75,-459.375,301.875
1228451,927.5,131.25,511.875
1228451,927.5,131.25,511.875
1228462,1487.5,818.125,332.5
1228462,1487.5,818.125,332.5
1228472,1575.0,415.625,175.0
1228472,1575.0,415.625,175.0
1228482,306.25,424.375,-455.0
1228482,306.25,424.375,-455.0
1228493,1540.0,651.875,472.5
1228493,1540.0,651.875,472.5
1228502,1417.5,787.5,608.125
1228502,1417.5,787.5,608.125
1228513,678.125,1071.875,463.75
1228513,678.125,1071.875,463.75
1228524,590.625,1334.375,638.75
1228524,590.625,1334.375,638.75
1228534,616.875,1360.625,840.0
1228534,616.875,1360.625,840.0
1228545,818.125,1277.5,660.625
1228545,818.125,1277.5,660.625
1228554,1303.75,1351.875,231.875
1228554,1303.75,1351.875,231.875
1228565,1811.25,1688.75,183.75
1228565,1811.25,1688.75,183.75
1228575,1929.375,2003.75,153.125
1228575,1929.375,2003.75,153.125
1228586,1640.625,1557.5,122.5
1228586,1640.625,1557.5,122.5
1228596,888.125,1028.125,-927.5
1228596,888.125,1028.125,-927.5
1228606,1045.625,2445.625,-905.625
1228606,1045.625,2445.625,-905.625
1228617,1798.125,1631.875,319.375
1228617,1798.125,1631.875,319.375
1228627,420.0,927.5,-280.0
1228627,420.0,927.5,-280.0
1228637,1509.375,1176.875,-4.375
1228637,1509.375,1176.875,-4.375
1228648,1098.125,1295.0,17.5
1228648,1098.125,1295.0,17.5
1228658,647.5,463.75,-78.75
1228658,647.5,463.75,-78.75
1228668,1220.625,30.625,-43.75
1228668,1220.625,30.625,-43.75
1228679,1141.875,459.375,-577.5
1228679,1141.875,459.375,-577.5
1228689,1776.25,809.375,-13.125
1228689,1776.25,809.375,-13.125
1228700,1636.25,599.375,161.875
1228700,1636.25,599.375,161.875
1228709,1308.125,625.625,-236.25
1228709,1308.125,625.625,-236.25
1228720,1614.375,647.5,-249.375
1228720,1614.375,647.5,-249.375
1228730,1255.625,625.625,-266.875
1228730,1255.625,625.625,-266.875
1228740,1006.25,52.5,-253.75
1228740,1006.25,52.5,-253.75
1228751,560.0,-673.75,-341.25
1228751,560.0,-673.75,-341.25
1228761,516.25,-752.5,-236.25
1228761,516.25,-752.5,-236.25
1228771,455.0,-783.125,-424.375
1228771,455.0,-783.125,-424.375
1228782,971.25,-590.625,-656.25
1228782,971.25,-590.625,-656.25
1228792,1995.0,4.375,-708.75
1228792,1995.0,4.375,-708.75
1228802,2340.625,249.375,-840.0
1228802,2340.625,249.375,-840.0
1228813,2528.75,-126.875,-805.0
1228813,2528.75,-126.875,-805.0
1228823,2485.0,-765.625,-708.75
1228823,2485.0,-765.625,-708.75
1228833,2664.375,-1194.375,-774.375
1228833,2664.375,-1194.375,-774.375
1228844,2738.75,-1316.875,-1106.875
1228844,2738.75,-1316.875,-1106.875
1228854,2738.75,-1299.375,-1277.5
1228854,2738.75,-1299.375,-1277.5
1228864,2795.625,-993.125,-1483.125
1228864,2795.625,-993.125,-1483.125
1228875,2086.875,-297.5,-1640.625
1228875,2086.875,-297.5,-1640.625
1228885,1487.5,179.375,-1426.25
1228885,1487.5,179.375,-1426.25
1228895,-236.25,883.75,-161.875
1228895,-236.25,883.75,-161.875
1228903,-2349.375,297.5,787.5
1228903,-2349.375,297.5,787.5
1228916,-3574.375,-573.125,1194.375
1228916,-3574.375,-573.125,1194.375
1228926,-2756.25,21.875,1242.5
1228926,-2756.25,21.875,1242.5
1228936,-1522.5,1286.25,848.75
1228936,-1522.5,1286.25,848.75
1228947,-861.875,1973.125,590.625
1228947,-861.875,1973.125,590.625
1228957,-1006.25,2848.125,297.5
1228957,-1006.25,2848.125,297.5
1228967,-1588.125,3561.25,-96.25
1228967,-1588.125,3561.25,-96.25
1228978,-1421.875,3443.125,-468.125
1228978,-1421.875,3443.125,-468.125
1228988,-840.0,3718.75,-621.25
1228988,-840.0,3718.75,-621.25
1228998,-437.5,4068.75,-686.875
1228998,-437.5,4068.75,-686.875
1229009,-826.875,3591.875,-931.875
1229009,-826.875,3591.875,-931.875
1229019,-1443.75,2966.25,-1128.75
1229019,-1443.75,2966.25,-1128.75
1229029,-1408.75,2909.375,-1176.875
1229029,-1408.75,2909.375,-1176.875
1229040,-1246.875,3714.375,-1618.75
1229040,-1246.875,3714.375,-1618.75
1229050,-516.25,4471.25,-1881.25
1229050,-516.25,4471.25,-1881.25
1229060,376.25,5031.25,-2156.875
1229060,376.25,5031.25,-2156.875
1229071,1190.0,5206.25,-2235.625
1229071,1190.0,5206.25,-2235.625
1229081,1461.25,4707.5,-1986.25
1229081,1461.25,4707.5,-1986.25
1229091,1680.0,3766.875,-1653.75
1229091,1680.0,3766.875,-1653.75
1229102,1421.875,2471.875,-1557.5
1229102,1421.875,2471.875,-1557.5
1229112,1281.875,1417.5,-1513.75
1229112,1281.875,1417.5,-1513.75
1229121,1627.5,857.5,-1645.0
1229121,1627.5,857.5,-1645.0
1229132,2747.5,1076.25,-2104.375
1229132,2747.5,1076.25,-2104.375
1229143,4217.5,2152.5,-2266.25
1229143,4217.5,2152.5,-2266.25
1229153,4379.375,2922.5,-2493.75
1229153,4379.375,2922.5,-2493.75
1229163,3893.75,2817.5,-2712.5
1229163,3893.75,2817.5,-2712.5
1229174,3180.625,2078.125,-2751.875
1229174,3180.625,2078.125,-2751.875
1229184,2660.0,1150.625,-2314.375
1229184,2660.0,1150.625,-2314.375
1229195,1618.75,188.125,-2222.5
1229195,1618.75,188.125,-2222.5
1229205,901.25,-153.125,-2301.25
1229205,901.25,-153.125,-2301.25
1229215,704.375,-726.25,-2091.25
1229215,704.375,-726.25,-2091.25
1229225,586.25,-861.875,-1824.375
1229225,586.25,-861.875,-1824.375
1229236,490.0,-730.625,-1649.375
1229236,490.0,-730.625,-1649.375
1229245,-371.875,-498.75,-2034.375
1229245,-371.875,-498.75,-2034.375
1229256,-507.5,-643.125,-2226.875
1229256,-507.5,-643.125,-2226.875
1229267,-577.5,-656.25,-2218.125
1229267,-577.5,-656.25,-2218.125
1229277,-669.375,-800.625,-1999.375
1229277,-669.375,-800.625,-1999.375
1229287,-1015.0,-809.375,-1706.25
1229287,-1015.0,-809.375,-1706.25
1229298,-2165.625,-647.5,-1898.75
1229298,-2165.625,-647.5,-1898.75
1229308,-3150.0,-1041.25,-2296.875
1229308,-3150.0,-1041.25,-2296.875
1229318,-4235.0,-433.125,-2896.25
1229318,-4235.0,-433.125,-2896.25
1229328,-7004.375,472.5,-4305.0
1229328,-7004.375,472.5,-4305.0
1229339,-8316.875,-1238.125,-5460.0
1229339,-8316.875,-1238.125,-5460.0
1229349,-7144.375,-1347.5,-4523.75
1229349,-7144.375,-1347.5,-4523.75
1229360,-6890.625,-1605.625,-3955.0
1229360,-6890.625,-1605.625,-3955.0
1229370,-6746.25,-2690.625,-3902.5
1229370,-6746.25,-2690.625,-3902.5
1229380,-6671.875,-2738.75,-3666.25
1229380,-6671.875,-2738.75,-3666.25
1229391,-6650.0,-3093.125,-2996.875
1229391,-6650.0,-3093.125,-2996.875
1229401,-7000.0,-4414.375,-2476.25
1229401,-7000.0,-4414.375,-2476.25
1229411,-8268.75,-5936.875,-3504.375
1229411,-8268.75,-5936.875,-3504.375
1229421,-9699.375,-7153.125,-6208.125
1229421,-9699.375,-7153.125,-6208.125
1229432,-9690.625,-7341.25,-7468.125
1229432,-9690.625,-7341.25,-7468.125
1229442,-11405.625,-6671.875,-10145.625
1229442,-11405.625,-6671.875,-10145.625
1229451,-14818.125,-5201.875,-11462.5
1229451,-14818.125,-5201.875,-11462.5
1229463,-11865.0,-5271.875,-10215.625
1229463,-11865.0,-5271.875,-10215.625
1229473,-8386.875,-4331.25,-8728.125
1229473,-8386.875,-4331.25,-8728.125
1229482,-7953.75,-3360.0,-10106.25
1229482,-7953.75,-3360.0,-10106.25
1229494,-12394.375,-4204.375,-11843.125
1229494,-12394.375,-4204.375,-11843.125
1229504,-11904.375,-5201.875,-10727.5
1229504,-11904.375,-5201.875,-10727.5
1229515,-11090.625,-5840.625,-8776.25
1229515,-11090.625,-5840.625,-8776.25
1229524,-9480.625,-3018.75,-6781.25
1229524,-9480.625,-3018.75,-6781.25
1229535,-9078.125,-3552.5,-6615.0
1229535,-9078.125,-3552.5,-6615.0
1229545,-7402.5,-4480.0,-5652.5
1229545,-7402.5,-4480.0,-5652.5
1229556,-5018.125,-1548.75,-2940.0
1229556,-5018.125,-1548.75,-2940.0
1229566,-1925.0,-1907.5,-1531.25
1229566,-1925.0,-1907.5,-1531.25
1229576,-494.375,-1526.875,-1242.5
1229576,-494.375,-1526.875,-1242.5
1229587,2454.375,-2113.125,-953.75
1229587,2454.375,-2113.125,-953.75
1229597,10049.375,-3990.0,5709.375
1229597,10049.375,-3990.0,5709.375
1229607,9826.25,-5455.625,2843.75
1229607,9826.25,-5455.625,2843.75
1229617,6615.0,-227.5,-2288.125
1229617,6615.0,-227.5,-2288.125
1229628,4987.5,-13068.125,6199.375
1229628,4987.5,-13068.125,6199.375
1229638,1373.75,-4646.25,3574.375
1229638,1373.75,-4646.25,3574.375
1229648,6028.75,3959.375,3955.0
1229648,6028.75,3959.375,3955.0
1229658,6330.625,-3521.875,5928.125
1229658,6330.625,-3521.875,5928.125
1229669,1680.0,-161.875,3272.5
1229669,1680.0,-161.875,3272.5
1229679,3058.125,1303.75,2773.75
1229679,3058.125,1303.75,2773.75
1229690,4095.0,-306.25,2948.75
1229690,4095.0,-306.25,2948.75
1229700,4042.5,-1855.0,3631.25
1229700,4042.5,-1855.0,3631.25
1229710,4204.375,-3132.5,3998.75
1229710,4204.375,-3132.5,3998.75
1229721,2651.25,-5245.625,3823.75
1229721,2651.25,-5245.625,3823.75
1229731,2896.25,-5950.0,3863.125
1229731,2896.25,-5950.0,3863.125
1229741,1872.5,-7568.75,3351.25
1229741,1872.5,-7568.75,3351.25
1229752,3574.375,-8675.625,3425.625
1229752,3574.375,-8675.625,3425.625
1229762,4436.25,-7901.25,3080.0
1229762,4436.25,-7901.25,3080.0
1229772,3504.375,-8045.625,2266.25
1229772,3504.375,-8045.625,2266.25
1229783,3237.5,-7848.75,2415.0
1229783,3237.5,-7848.75,2415.0
1229793,2410.625,-6820.625,2979.375
1229793,2410.625,-6820.625,2979.375
1229803,1155.0,-7253.75,2712.5
1229803,1155.0,-7253.75,2712.5
1229813,1483.125,-5936.875,2205.0
1229813,1483.125,-5936.875,2205.0
1229824,3946.25,-4690.0,2253.125
1229824,3946.25,-4690.0,2253.125
1229834,3762.5,-4440.625,2078.125
1229834,3762.5,-4440.625,2078.125
1229844,3819.375,-4217.5,1820.0
1229844,3819.375,-4217.5,1820.0
1229855,3543.75,-3574.375,1518.125
1229855,3543.75,-3574.375,1518.125
1229865,2559.375,-3981.25,1776.25
1229865,2559.375,-3981.25,1776.25
1229875,2283.75,-3500.0,2139.375
1229875,2283.75,-3500.0,2139.375
1229885,2275.0,-2349.375,2611.875
1229885,2275.0,-2349.375,2611.875
1229896,796.25,-1430.625,2568.125
1229896,796.25,-1430.625,2568.125
1229906,-420.0,-783.125,2283.75
1229906,-420.0,-783.125,2283.75
