1234612,-65.625,0.0,4.375
1234612,-65.625,0.0,4.375
1234621,-61.25,-8.75,4.375
1234621,-61.25,-8.75,4.375
1234773,-113.75,8.75,0.0
1234773,-113.75,8.75,0.0
1234783,-100.625,-4.375,8.75
1234783,-100.625,-4.375,8.75
1234934,-52.5,-21.875,-13.125
1234934,-52.5,-21.875,-13.125
1234944,-100.625,8.75,-4.375
1234944,-100.625,8.75,-4.375
1235096,-113.75,13.125,4.375
1235096,-113.75,13.125,4.375
1235106,-87.5,13.125,-13.125
1235106,-87.5,13.125,-13.125
1235177,-61.25,-43.75,0.0
1235177,-61.25,-43.75,0.0
1235186,-48.125,-52.5,-8.75
1235186,-48.125,-52.5,-8.75
1235258,-74.375,-26.25,48.125
1235258,-74.375,-26.25,48.125
1235267,-56.875,-43.75,30.625
1235267,-56.875,-43.75,30.625
1235338,-96.25,8.75,43.75
1235338,-96.25,8.75,43.75
1235348,-109.375,21.875,78.75
1235348,-109.375,21.875,78.75
1235499,-376.25,-61.25,822.5
1235499,-376.25,-61.25,822.5
1235509,-428.75,0.0,945.0
1235509,-428.75,0.0,945.0
1235580,-844.375,175.0,1859.375
1235580,-844.375,175.0,1859.375
1235590,-1163.75,157.5,1898.75
1235590,-1163.75,157.5,1898.75
1235741,-4283.125,2463.125,-2165.625
1235741,-4283.125,2463.125,-2165.625
1235752,-4138.75,2795.625,-3185.0
1235752,-4138.75,2795.625,-3185.0
1235903,-18445.0,15233.75,-11851.875
1235903,-18445.0,15233.75,-11851.875
1235913,-17696.875,16721.25,-11156.25
1235913,-17696.875,16721.25,-11156.25
1236044,2008.125,11313.75,-7822.5
1236044,2008.125,11313.75,-7822.5
1236054,2126.25,10565.625,-7577.5
1236054,2126.25,10565.625,-7577.5
1236206,-1299.375,-822.5,-560.0
1236206,-1299.375,-822.5,-560.0
1236216,-1750.0,-1802.5,-56.875
1236216,-1750.0,-1802.5,-56.875
1236387,-22334.375,-21490.0,468.125
1236387,-22334.375,-21490.0,468.125
1236397,-20335.0,-20300.0,-183.75
1236397,-20335.0,-20300.0,-183.75
1236529,-52635.625,-12171.25,-2891.875
1236529,-52635.625,-12171.25,-2891.875
1236539,-39558.75,-8058.75,1128.75
1236539,-39558.75,-8058.75,1128.75
1236690,-1811.25,-398.125,166.25
1236690,-1811.25,-398.125,166.25
1236701,-1312.5,-437.5,-153.125
1236701,-1312.5,-437.5,-153.125
1236842,-26.25,227.5,266.875
1236842,-26.25,227.5,266.875
1236852,148.75,231.875,262.5
1236852,148.75,231.875,262.5
1237003,26.25,-153.125,-201.25
1237003,26.25,-153.125,-201.25
1237013,4.375,-140.0,-126.875
1237013,4.375,-140.0,-126.875
1237164,148.75,100.625,48.125
1237164,148.75,100.625,48.125
1237175,135.625,87.5,70.0
1237175,135.625,87.5,70.0
1237286,17.5,135.625,122.5
1237286,17.5,135.625,122.5
1237296,52.5,148.75,70.0
1237296,52.5,148.75,70.0
