1303557,-62.5,734.375,679.6875,-109.375,-843.75,554.6875,31.25,-1007.8125,-46.875,429.6875,-890.625,-117.1875,523.4375,-835.9375,7.8125
1303557,-62.5,734.375,679.6875,-109.375,-843.75,554.6875,31.25,-1007.8125,-46.875,429.6875,-890.625,-117.1875,523.4375,-835.9375,7.8125
1303565,-62.5,734.375,679.6875,-109.375,-843.75,570.3125,39.0625,-1007.8125,-46.875,437.5,-882.8125,-140.625,531.25,-835.9375,15.625
1303565,-62.5,734.375,679.6875,-109.375,-843.75,570.3125,39.0625,-1007.8125,-46.875,437.5,-882.8125,-140.625,531.25,-835.9375,15.625
1303572,-62.5,718.75,679.6875,-109.375,-843.75,562.5,39.0625,-1015.625,-39.0625,429.6875,-882.8125,-125.0,523.4375,-851.5625,23.4375
1303572,-62.5,718.75,679.6875,-109.375,-843.75,562.5,39.0625,-1015.625,-39.0625,429.6875,-882.8125,-125.0,523.4375,-851.5625,23.4375
1303572,-62.5,734.375,695.3125,-101.5625,-843.75,570.3125,31.25,-1015.625,-39.0625,429.6875,-890.625,-140.625,531.25,-843.75,15.625
1303572,-62.5,734.375,695.3125,-101.5625,-843.75,570.3125,31.25,-1015.625,-39.0625,429.6875,-890.625,-140.625,531.25,-843.75,15.625
1303597,-62.5,726.5625,687.5,-109.375,-851.5625,570.3125,39.0625,-1023.4375,-39.0625,437.5,-890.625,-132.8125,539.0625,-851.5625,23.4375
1303597,-62.5,726.5625,687.5,-109.375,-851.5625,570.3125,39.0625,-1023.4375,-39.0625,437.5,-890.625,-132.8125,539.0625,-851.5625,23.4375
1303605,-62.5,742.1875,687.5,-109.375,-867.1875,562.5,31.25,-1023.4375,-39.0625,437.5,-890.625,-132.8125,531.25,-843.75,15.625
1303605,-62.5,742.1875,687.5,-109.375,-867.1875,562.5,31.25,-1023.4375,-39.0625,437.5,-890.625,-132.8125,531.25,-843.75,15.625
1303613,-62.5,734.375,695.3125,-109.375,-859.375,562.5,31.25,-1023.4375,-39.0625,437.5,-890.625,-125.0,539.0625,-843.75,23.4375
1303613,-62.5,734.375,695.3125,-109.375,-859.375,562.5,31.25,-1023.4375,-39.0625,437.5,-890.625,-125.0,539.0625,-843.75,23.4375
1303613,-70.3125,734.375,687.5,-109.375,-859.375,562.5,39.0625,-1023.4375,-31.25,445.3125,-890.625,-132.8125,546.875,-851.5625,15.625
1303613,-70.3125,734.375,687.5,-109.375,-859.375,562.5,39.0625,-1023.4375,-31.25,445.3125,-890.625,-132.8125,546.875,-851.5625,15.625
1303702,-62.5,734.375,687.5,-117.1875,-851.5625,562.5,39.0625,-1023.4375,-31.25,437.5,-890.625,-132.8125,531.25,-843.75,23.4375
1303702,-62.5,734.375,687.5,-117.1875,-851.5625,562.5,39.0625,-1023.4375,-31.25,437.5,-890.625,-132.8125,531.25,-843.75,23.4375
1303702,-70.3125,742.1875,687.5,-109.375,-851.5625,562.5,39.0625,-1015.625,-39.0625,437.5,-882.8125,-125.0,539.0625,-843.75,23.4375
1303702,-70.3125,742.1875,687.5,-109.375,-851.5625,562.5,39.0625,-1015.625,-39.0625,437.5,-882.8125,-125.0,539.0625,-843.75,23.4375
1303710,-62.5,734.375,679.6875,-109.375,-843.75,562.5,39.0625,-1007.8125,-31.25,437.5,-882.8125,-117.1875,539.0625,-843.75,23.4375
1303710,-62.5,734.375,679.6875,-109.375,-843.75,562.5,39.0625,-1007.8125,-31.25,437.5,-882.8125,-117.1875,539.0625,-843.75,23.4375
1303718,-62.5,734.375,687.5,-109.375,-851.5625,562.5,39.0625,-1000.0,-46.875,437.5,-890.625,-125.0,531.25,-843.75,15.625
1303718,-62.5,734.375,687.5,-109.375,-851.5625,562.5,39.0625,-1000.0,-46.875,437.5,-890.625,-125.0,531.25,-843.75,15.625
1303823,-62.5,734.375,679.6875,-101.5625,-851.5625,562.5,39.0625,-1007.8125,-39.0625,437.5,-890.625,-132.8125,539.0625,-843.75,23.4375
1303823,-62.5,734.375,679.6875,-101.5625,-851.5625,562.5,39.0625,-1007.8125,-39.0625,437.5,-890.625,-132.8125,539.0625,-843.75,23.4375
1303823,-62.5,742.1875,687.5,-109.375,-851.5625,562.5,39.0625,-1007.8125,-46.875,445.3125,-890.625,-140.625,539.0625,-843.75,15.625
1303823,-62.5,742.1875,687.5,-109.375,-851.5625,562.5,39.0625,-1007.8125,-46.875,445.3125,-890.625,-140.625,539.0625,-843.75,15.625
1303831,-62.5,734.375,679.6875,-93.75,-843.75,570.3125,39.0625,-1023.4375,-31.25,437.5,-882.8125,-125.0,531.25,-843.75,15.625
1303831,-62.5,734.375,679.6875,-93.75,-843.75,570.3125,39.0625,-1023.4375,-31.25,437.5,-882.8125,-125.0,531.25,-843.75,15.625
1303839,-62.5,742.1875,687.5,-109.375,-851.5625,570.3125,39.0625,-1015.625,-31.25,437.5,-890.625,-132.8125,531.25,-843.75,15.625
1303839,-62.5,742.1875,687.5,-109.375,-851.5625,570.3125,39.0625,-1015.625,-31.25,437.5,-890.625,-132.8125,531.25,-843.75,15.625
1303985,-62.5,742.1875,687.5,-109.375,-851.5625,554.6875,39.0625,-1007.8125,-31.25,437.5,-882.8125,-132.8125,531.25,-835.9375,23.4375
1303985,-62.5,742.1875,687.5,-109.375,-851.5625,554.6875,39.0625,-1007.8125,-31.25,437.5,-882.8125,-132.8125,531.25,-835.9375,23.4375
1303985,-62.5,742.1875,687.5,-109.375,-851.5625,562.5,39.0625,-1015.625,-31.25,445.3125,-890.625,-132.8125,539.0625,-843.75,23.4375
1303985,-62.5,742.1875,687.5,-109.375,-851.5625,562.5,39.0625,-1015.625,-31.25,445.3125,-890.625,-132.8125,539.0625,-843.75,23.4375
1303993,-62.5,734.375,679.6875,-109.375,-851.5625,562.5,39.0625,-1015.625,-31.25,445.3125,-890.625,-132.8125,539.0625,-843.75,15.625
1303993,-62.5,734.375,679.6875,-109.375,-851.5625,562.5,39.0625,-1015.625,-31.25,445.3125,-890.625,-132.8125,539.0625,-843.75,15.625
1304001,-62.5,734.375,671.875,-101.5625,-851.5625,562.5,31.25,-1007.8125,-31.25,437.5,-890.625,-132.8125,531.25,-835.9375,23.4375
1304001,-62.5,734.375,671.875,-101.5625,-851.5625,562.5,31.25,-1007.8125,-31.25,437.5,-890.625,-132.8125,531.25,-835.9375,23.4375
1304146,-54.6875,734.375,679.6875,-101.5625,-843.75,562.5,39.0625,-1007.8125,-31.25,437.5,-882.8125,-125.0,531.25,-843.75,23.4375
1304146,-54.6875,734.375,679.6875,-101.5625,-843.75,562.5,39.0625,-1007.8125,-31.25,437.5,-882.8125,-125.0,531.25,-843.75,23.4375
1304146,-54.6875,734.375,679.6875,-93.75,-851.5625,570.3125,39.0625,-1007.8125,-31.25,445.3125,-882.8125,-132.8125,531.25,-835.9375,23.4375
1304146,-54.6875,734.375,679.6875,-93.75,-851.5625,570.3125,39.0625,-1007.8125,-31.25,445.3125,-882.8125,-132.8125,531.25,-835.9375,23.4375
1304154,-54.6875,734.375,679.6875,-93.75,-851.5625,562.5,39.0625,-1015.625,-31.25,437.5,-882.8125,-125.0,539.0625,-835.9375,23.4375
1304154,-54.6875,734.375,679.6875,-93.75,-851.5625,562.5,39.0625,-1015.625,-31.25,437.5,-882.8125,-125.0,539.0625,-835.9375,23.4375
1304162,-54.6875,734.375,679.6875,-101.5625,-843.75,570.3125,46.875,-1007.8125,-31.25,437.5,-882.8125,-132.8125,539.0625,-835.9375,15.625
1304162,-54.6875,734.375,679.6875,-101.5625,-843.75,570.3125,46.875,-1007.8125,-31.25,437.5,-882.8125,-132.8125,539.0625,-835.9375,15.625
1304307,-46.875,726.5625,687.5,-101.5625,-859.375,562.5,46.875,-1023.4375,-39.0625,453.125,-875.0,-132.8125,539.0625,-851.5625,31.25
1304307,-46.875,726.5625,687.5,-101.5625,-859.375,562.5,46.875,-1023.4375,-39.0625,453.125,-875.0,-132.8125,539.0625,-851.5625,31.25
1304307,-54.6875,726.5625,695.3125,-93.75,-859.375,562.5,46.875,-1007.8125,-39.0625,445.3125,-867.1875,-132.8125,546.875,-835.9375,31.25
1304307,-54.6875,726.5625,695.3125,-93.75,-859.375,562.5,46.875,-1007.8125,-39.0625,445.3125,-867.1875,-132.8125,546.875,-835.9375,31.25
1304315,-54.6875,734.375,679.6875,-93.75,-843.75,570.3125,39.0625,-1007.8125,-31.25,445.3125,-882.8125,-132.8125,539.0625,-828.125,23.4375
1304315,-54.6875,734.375,679.6875,-93.75,-843.75,570.3125,39.0625,-1007.8125,-31.25,445.3125,-882.8125,-132.8125,539.0625,-828.125,23.4375
1304323,-62.5,742.1875,679.6875,-109.375,-843.75,570.3125,39.0625,-1007.8125,-31.25,445.3125,-875.0,-125.0,539.0625,-828.125,23.4375
1304323,-62.5,742.1875,679.6875,-109.375,-843.75,570.3125,39.0625,-1007.8125,-31.25,445.3125,-875.0,-125.0,539.0625,-828.125,23.4375
1304468,-46.875,742.1875,679.6875,-93.75,-851.5625,570.3125,54.6875,-1015.625,-31.25,460.9375,-890.625,-125.0,546.875,-835.9375,46.875
1304468,-46.875,742.1875,679.6875,-93.75,-851.5625,570.3125,54.6875,-1015.625,-31.25,460.9375,-890.625,-125.0,546.875,-835.9375,46.875
1304469,-46.875,742.1875,687.5,-93.75,-859.375,578.125,54.6875,-1015.625,-23.4375,468.75,-890.625,-125.0,562.5,-843.75,46.875
1304469,-46.875,742.1875,687.5,-93.75,-859.375,578.125,54.6875,-1015.625,-23.4375,468.75,-890.625,-125.0,562.5,-843.75,46.875
1304476,-46.875,734.375,687.5,-93.75,-859.375,570.3125,62.5,-1031.25,-23.4375,460.9375,-882.8125,-109.375,546.875,-843.75,39.0625
1304476,-46.875,734.375,687.5,-93.75,-859.375,570.3125,62.5,-1031.25,-23.4375,460.9375,-882.8125,-109.375,546.875,-843.75,39.0625
1304484,-39.0625,734.375,679.6875,-85.9375,-867.1875,578.125,62.5,-1015.625,-15.625,460.9375,-882.8125,-117.1875,546.875,-835.9375,39.0625
1304484,-39.0625,734.375,679.6875,-85.9375,-867.1875,578.125,62.5,-1015.625,-15.625,460.9375,-882.8125,-117.1875,546.875,-835.9375,39.0625
1304508,-31.25,742.1875,687.5,-78.125,-843.75,562.5,70.3125,-1000.0,-15.625,460.9375,-875.0,-117.1875,539.0625,-828.125,31.25
1304508,-31.25,742.1875,687.5,-78.125,-843.75,562.5,70.3125,-1000.0,-15.625,460.9375,-875.0,-117.1875,539.0625,-828.125,31.25
1304509,-23.4375,742.1875,679.6875,-78.125,-843.75,570.3125,70.3125,-1007.8125,-23.4375,453.125,-875.0,-117.1875,546.875,-828.125,39.0625
1304509,-23.4375,742.1875,679.6875,-78.125,-843.75,570.3125,70.3125,-1007.8125,-23.4375,453.125,-875.0,-117.1875,546.875,-828.125,39.0625
1304517,-23.4375,742.1875,679.6875,-85.9375,-843.75,570.3125,62.5,-1007.8125,-15.625,460.9375,-867.1875,-125.0,554.6875,-828.125,39.0625
1304517,-23.4375,742.1875,679.6875,-85.9375,-843.75,570.3125,62.5,-1007.8125,-15.625,460.9375,-867.1875,-125.0,554.6875,-828.125,39.0625
1304525,-15.625,750.0,687.5,-70.3125,-843.75,562.5,70.3125,-1015.625,-15.625,468.75,-867.1875,-125.0,554.6875,-828.125,31.25
1304525,-15.625,750.0,687.5,-70.3125,-843.75,562.5,70.3125,-1015.625,-15.625,468.75,-867.1875,-125.0,554.6875,-828.125,31.25
1304670,109.375,1078.125,625.0,109.375,-1570.3125,1203.125,289.0625,-1562.5,437.5,750.0,-1226.5625,148.4375,679.6875,-1070.3125,226.5625
1304670,109.375,1078.125,625.0,109.375,-1570.3125,1203.125,289.0625,-1562.5,437.5,750.0,-1226.5625,148.4375,679.6875,-1070.3125,226.5625
1304670,179.6875,1179.6875,585.9375,304.6875,-914.0625,1257.8125,265.625,-1734.375,531.25,804.6875,-1148.4375,234.375,671.875,-1101.5625,257.8125
1304670,179.6875,1179.6875,585.9375,304.6875,-914.0625,1257.8125,265.625,-1734.375,531.25,804.6875,-1148.4375,234.375,671.875,-1101.5625,257.8125
1304678,203.125,1320.3125,609.375,312.5,-718.75,1304.6875,312.5,-1539.0625,492.1875,757.8125,-1117.1875,273.4375,734.375,-1101.5625,281.25
1304678,203.125,1320.3125,609.375,312.5,-718.75,1304.6875,312.5,-1539.0625,492.1875,757.8125,-1117.1875,273.4375,734.375,-1101.5625,281.25
1304686,164.0625,1351.5625,578.125,218.75,-789.0625,1242.1875,367.1875,-1406.25,531.25,789.0625,-1195.3125,218.75,742.1875,-1125.0,304.6875
1304686,164.0625,1351.5625,578.125,218.75,-789.0625,1242.1875,367.1875,-1406.25,531.25,789.0625,-1195.3125,218.75,742.1875,-1125.0,304.6875
1304767,-156.25,843.75,453.125,-132.8125,-765.625,843.75,109.375,-1101.5625,335.9375,593.75,-976.5625,203.125,718.75,-882.8125,359.375
1304767,-156.25,843.75,453.125,-132.8125,-765.625,843.75,109.375,-1101.5625,335.9375,593.75,-976.5625,203.125,718.75,-882.8125,359.375
1304774,-195.3125,875.0,453.125,-148.4375,-718.75,851.5625,78.125,-1109.375,304.6875,578.125,-992.1875,187.5,695.3125,-898.4375,335.9375
1304774,-195.3125,875.0,453.125,-148.4375,-718.75,851.5625,78.125,-1109.375,304.6875,578.125,-992.1875,187.5,695.3125,-898.4375,335.9375
1304782,-242.1875,914.0625,437.5,-179.6875,-781.25,812.5,62.5,-1109.375,296.875,554.6875,-1007.8125,148.4375,671.875,-914.0625,304.6875
1304782,-242.1875,914.0625,437.5,-179.6875,-781.25,812.5,62.5,-1109.375,296.875,554.6875,-1007.8125,148.4375,671.875,-914.0625,304.6875
1304783,-273.4375,929.6875,421.875,-203.125,-765.625,804.6875,46.875,-1109.375,281.25,546.875,-1007.8125,140.625,656.25,-921.875,273.4375
1304783,-273.4375,929.6875,421.875,-203.125,-765.625,804.6875,46.875,-1109.375,281.25,546.875,-1007.8125,140.625,656.25,-921.875,273.4375
1304831,-414.0625,781.25,445.3125,-367.1875,-757.8125,617.1875,-85.9375,-1054.6875,54.6875,382.8125,-992.1875,-78.125,539.0625,-976.5625,46.875
1304831,-414.0625,781.25,445.3125,-367.1875,-757.8125,617.1875,-85.9375,-1054.6875,54.6875,382.8125,-992.1875,-78.125,539.0625,-976.5625,46.875
1304831,-476.5625,734.375,445.3125,-351.5625,-765.625,617.1875,-78.125,-1039.0625,78.125,398.4375,-968.75,-78.125,554.6875,-945.3125,39.0625
1304831,-476.5625,734.375,445.3125,-351.5625,-765.625,617.1875,-78.125,-1039.0625,78.125,398.4375,-968.75,-78.125,554.6875,-945.3125,39.0625
1304839,-531.25,734.375,460.9375,-367.1875,-726.5625,632.8125,-78.125,-1007.8125,85.9375,390.625,-937.5,-78.125,601.5625,-890.625,62.5
1304839,-531.25,734.375,460.9375,-367.1875,-726.5625,632.8125,-78.125,-1007.8125,85.9375,390.625,-937.5,-78.125,601.5625,-890.625,62.5
1304847,-570.3125,726.5625,414.0625,-367.1875,-695.3125,632.8125,-78.125,-968.75,93.75,390.625,-921.875,-62.5,609.375,-867.1875,78.125
1304847,-570.3125,726.5625,414.0625,-367.1875,-695.3125,632.8125,-78.125,-968.75,93.75,390.625,-921.875,-62.5,609.375,-867.1875,78.125
1304992,921.875,1789.0625,523.4375,-109.375,-1132.8125,710.9375,78.125,-1375.0,15.625,148.4375,-1226.5625,-429.6875,-46.875,-1312.5,-179.6875
1304992,921.875,1789.0625,523.4375,-109.375,-1132.8125,710.9375,78.125,-1375.0,15.625,148.4375,-1226.5625,-429.6875,-46.875,-1312.5,-179.6875
1304992,945.3125,1726.5625,570.3125,-93.75,-1179.6875,718.75,46.875,-1406.25,-23.4375,156.25,-1242.1875,-406.25,-70.3125,-1296.875,-171.875
1304992,945.3125,1726.5625,570.3125,-93.75,-1179.6875,718.75,46.875,-1406.25,-23.4375,156.25,-1242.1875,-406.25,-70.3125,-1296.875,-171.875
1305000,906.25,1640.625,578.125,-85.9375,-1164.0625,750.0,54.6875,-1414.0625,-46.875,125.0,-1257.8125,-429.6875,-78.125,-1312.5,-171.875
1305000,906.25,1640.625,578.125,-85.9375,-1164.0625,750.0,54.6875,-1414.0625,-46.875,125.0,-1257.8125,-429.6875,-78.125,-1312.5,-171.875
1305008,851.5625,1554.6875,585.9375,-39.0625,-1234.375,742.1875,39.0625,-1421.875,-70.3125,132.8125,-1281.25,-460.9375,-54.6875,-1328.125,-164.0625
1305008,851.5625,1554.6875,585.9375,-39.0625,-1234.375,742.1875,39.0625,-1421.875,-70.3125,132.8125,-1281.25,-460.9375,-54.6875,-1328.125,-164.0625
1305153,695.3125,945.3125,62.5,23.4375,-757.8125,625.0,375.0,-929.6875,-70.3125,484.375,-796.875,-335.9375,382.8125,-929.6875,-31.25
1305153,695.3125,945.3125,62.5,23.4375,-757.8125,625.0,375.0,-929.6875,-70.3125,484.375,-796.875,-335.9375,382.8125,-929.6875,-31.25
1305154,679.6875,906.25,23.4375,46.875,-765.625,640.625,382.8125,-921.875,-85.9375,500.0,-796.875,-320.3125,406.25,-921.875,0.0
1305154,679.6875,906.25,23.4375,46.875,-765.625,640.625,382.8125,-921.875,-85.9375,500.0,-796.875,-320.3125,406.25,-921.875,0.0
1305162,695.3125,859.375,0.0,54.6875,-742.1875,656.25,390.625,-921.875,-78.125,507.8125,-789.0625,-320.3125,390.625,-921.875,15.625
1305162,695.3125,859.375,0.0,54.6875,-742.1875,656.25,390.625,-921.875,-78.125,507.8125,-789.0625,-320.3125,390.625,-921.875,15.625
1305170,695.3125,820.3125,-31.25,93.75,-742.1875,671.875,414.0625,-914.0625,-85.9375,500.0,-773.4375,-312.5,414.0625,-914.0625,15.625
1305170,695.3125,820.3125,-31.25,93.75,-742.1875,671.875,414.0625,-914.0625,-85.9375,500.0,-773.4375,-312.5,414.0625,-914.0625,15.625
1305315,578.125,46.875,-796.875,476.5625,203.125,789.0625,906.25,-31.25,328.125,890.625,195.3125,140.625,859.375,31.25,234.375
1305315,578.125,46.875,-796.875,476.5625,203.125,789.0625,906.25,-31.25,328.125,890.625,195.3125,140.625,859.375,31.25,234.375
1305315,546.875,-7.8125,-812.5,492.1875,265.625,757.8125,851.5625,46.875,335.9375,867.1875,242.1875,156.25,890.625,62.5,242.1875
1305315,546.875,-7.8125,-812.5,492.1875,265.625,757.8125,851.5625,46.875,335.9375,867.1875,242.1875,156.25,890.625,62.5,242.1875
1305323,531.25,-15.625,-835.9375,476.5625,320.3125,750.0,882.8125,85.9375,335.9375,867.1875,273.4375,156.25,890.625,109.375,234.375
1305323,531.25,-15.625,-835.9375,476.5625,320.3125,750.0,882.8125,85.9375,335.9375,867.1875,273.4375,156.25,890.625,109.375,234.375
1305331,507.8125,-39.0625,-835.9375,468.75,328.125,718.75,859.375,85.9375,351.5625,828.125,289.0625,179.6875,859.375,109.375,242.1875
1305331,507.8125,-39.0625,-835.9375,468.75,328.125,718.75,859.375,85.9375,351.5625,828.125,289.0625,179.6875,859.375,109.375,242.1875
1305476,750.0,140.625,-859.375,375.0,218.75,1195.3125,765.625,-281.25,578.125,421.875,15.625,187.5,-39.0625,-62.5,39.0625
1305476,750.0,140.625,-859.375,375.0,218.75,1195.3125,765.625,-281.25,578.125,421.875,15.625,187.5,-39.0625,-62.5,39.0625
1305476,656.25,140.625,-851.5625,304.6875,304.6875,1164.0625,726.5625,-218.75,617.1875,429.6875,109.375,148.4375,-54.6875,-7.8125,-179.6875
1305476,656.25,140.625,-851.5625,304.6875,304.6875,1164.0625,726.5625,-218.75,617.1875,429.6875,109.375,148.4375,-54.6875,-7.8125,-179.6875
1305484,554.6875,85.9375,-820.3125,218.75,265.625,1023.4375,671.875,-218.75,585.9375,437.5,140.625,125.0,85.9375,-15.625,-203.125
1305484,554.6875,85.9375,-820.3125,218.75,265.625,1023.4375,671.875,-218.75,585.9375,437.5,140.625,125.0,85.9375,-15.625,-203.125
1305491,476.5625,46.875,-718.75,210.9375,164.0625,882.8125,632.8125,-195.3125,500.0,539.0625,132.8125,140.625,351.5625,7.8125,-85.9375
1305491,476.5625,46.875,-718.75,210.9375,164.0625,882.8125,632.8125,-195.3125,500.0,539.0625,132.8125,140.625,351.5625,7.8125,-85.9375
1305557,625.0,15.625,-875.0,281.25,328.125,1023.4375,898.4375,-62.5,687.5,1023.4375,273.4375,343.75,1046.875,171.875,390.625
1305557,625.0,15.625,-875.0,281.25,328.125,1023.4375,898.4375,-62.5,687.5,1023.4375,273.4375,343.75,1046.875,171.875,390.625
1305557,601.5625,15.625,-882.8125,265.625,328.125,1007.8125,882.8125,-54.6875,695.3125,1000.0,265.625,367.1875,1015.625,187.5,414.0625
1305557,601.5625,15.625,-882.8125,265.625,328.125,1007.8125,882.8125,-54.6875,695.3125,1000.0,265.625,367.1875,1015.625,187.5,414.0625
1305565,593.75,15.625,-882.8125,289.0625,335.9375,992.1875,859.375,-54.6875,695.3125,976.5625,257.8125,382.8125,1000.0,171.875,437.5
1305565,593.75,15.625,-882.8125,289.0625,335.9375,992.1875,859.375,-54.6875,695.3125,976.5625,257.8125,382.8125,1000.0,171.875,437.5
1305573,585.9375,7.8125,-875.0,273.4375,351.5625,1007.8125,835.9375,-62.5,679.6875,953.125,242.1875,382.8125,960.9375,171.875,445.3125
1305573,585.9375,7.8125,-875.0,273.4375,351.5625,1007.8125,835.9375,-62.5,679.6875,953.125,242.1875,382.8125,960.9375,171.875,445.3125
1305718,531.25,-7.8125,-859.375,195.3125,281.25,937.5,734.375,-125.0,656.25,890.625,164.0625,367.1875,875.0,93.75,437.5
1305718,531.25,-7.8125,-859.375,195.3125,281.25,937.5,734.375,-125.0,656.25,890.625,164.0625,367.1875,875.0,93.75,437.5
1305718,531.25,-7.8125,-851.5625,187.5,273.4375,937.5,742.1875,-132.8125,648.4375,890.625,156.25,375.0,867.1875,85.9375,437.5
1305718,531.25,-7.8125,-851.5625,187.5,273.4375,937.5,742.1875,-132.8125,648.4375,890.625,156.25,375.0,867.1875,85.9375,437.5
1305726,531.25,-7.8125,-843.75,187.5,265.625,937.5,734.375,-132.8125,656.25,890.625,148.4375,367.1875,875.0,85.9375,437.5
1305726,531.25,-7.8125,-843.75,187.5,265.625,937.5,734.375,-132.8125,656.25,890.625,148.4375,367.1875,875.0,85.9375,437.5
1305733,523.4375,-7.8125,-851.5625,195.3125,265.625,937.5,742.1875,-140.625,648.4375,890.625,148.4375,367.1875,882.8125,78.125,429.6875
1305733,523.4375,-7.8125,-851.5625,195.3125,265.625,937.5,742.1875,-140.625,648.4375,890.625,148.4375,367.1875,882.8125,78.125,429.6875
1305799,539.0625,0.0,-835.9375,203.125,289.0625,937.5,742.1875,-109.375,632.8125,882.8125,164.0625,367.1875,875.0,109.375,429.6875
1305799,539.0625,0.0,-835.9375,203.125,289.0625,937.5,742.1875,-109.375,632.8125,882.8125,164.0625,367.1875,875.0,109.375,429.6875
1305799,531.25,0.0,-835.9375,195.3125,281.25,945.3125,757.8125,-117.1875,648.4375,875.0,179.6875,367.1875,859.375,109.375,429.6875
1305799,531.25,0.0,-835.9375,195.3125,281.25,945.3125,757.8125,-117.1875,648.4375,875.0,179.6875,367.1875,859.375,109.375,429.6875
1305807,539.0625,0.0,-851.5625,203.125,281.25,945.3125,750.0,-117.1875,656.25,882.8125,179.6875,367.1875,859.375,101.5625,421.875
1305807,539.0625,0.0,-851.5625,203.125,281.25,945.3125,750.0,-117.1875,656.25,882.8125,179.6875,367.1875,859.375,101.5625,421.875
1305815,523.4375,0.0,-835.9375,187.5,281.25,937.5,750.0,-125.0,648.4375,890.625,171.875,367.1875,867.1875,109.375,421.875
1305815,523.4375,0.0,-835.9375,187.5,281.25,937.5,750.0,-125.0,648.4375,890.625,171.875,367.1875,867.1875,109.375,421.875
1305838,562.5,0.0,-843.75,210.9375,250.0,953.125,765.625,-132.8125,648.4375,906.25,171.875,351.5625,890.625,101.5625,421.875
1305838,562.5,0.0,-843.75,210.9375,250.0,953.125,765.625,-132.8125,648.4375,906.25,171.875,351.5625,890.625,101.5625,421.875
1305838,554.6875,0.0,-843.75,210.9375,265.625,960.9375,773.4375,-132.8125,640.625,914.0625,179.6875,343.75,890.625,109.375,414.0625
1305838,554.6875,0.0,-843.75,210.9375,265.625,960.9375,773.4375,-132.8125,640.625,914.0625,179.6875,343.75,890.625,109.375,414.0625
1305847,546.875,0.0,-843.75,203.125,265.625,945.3125,773.4375,-125.0,648.4375,906.25,187.5,351.5625,882.8125,109.375,414.0625
1305847,546.875,0.0,-843.75,203.125,265.625,945.3125,773.4375,-125.0,648.4375,906.25,187.5,351.5625,882.8125,109.375,414.0625
1305855,546.875,-7.8125,-835.9375,203.125,273.4375,953.125,773.4375,-117.1875,648.4375,906.25,179.6875,359.375,890.625,109.375,421.875
1305855,546.875,-7.8125,-835.9375,203.125,273.4375,953.125,773.4375,-117.1875,648.4375,906.25,179.6875,359.375,890.625,109.375,421.875
1306000,539.0625,-7.8125,-843.75,187.5,273.4375,929.6875,742.1875,-125.0,640.625,898.4375,171.875,367.1875,890.625,109.375,437.5
1306000,539.0625,-7.8125,-843.75,187.5,273.4375,929.6875,742.1875,-125.0,640.625,898.4375,171.875,367.1875,890.625,109.375,437.5
1306000,539.0625,0.0,-843.75,187.5,281.25,929.6875,750.0,-125.0,656.25,898.4375,171.875,367.1875,890.625,109.375,429.6875
1306000,539.0625,0.0,-843.75,187.5,281.25,929.6875,750.0,-125.0,656.25,898.4375,171.875,367.1875,890.625,109.375,429.6875
1306008,531.25,7.8125,-843.75,179.6875,273.4375,945.3125,750.0,-132.8125,656.25,898.4375,164.0625,367.1875,890.625,101.5625,437.5
1306008,531.25,7.8125,-843.75,179.6875,273.4375,945.3125,750.0,-132.8125,656.25,898.4375,164.0625,367.1875,890.625,101.5625,437.5
1306016,531.25,0.0,-851.5625,195.3125,281.25,953.125,750.0,-132.8125,664.0625,906.25,164.0625,375.0,890.625,101.5625,437.5
1306016,531.25,0.0,-851.5625,195.3125,281.25,953.125,750.0,-132.8125,664.0625,906.25,164.0625,375.0,890.625,101.5625,437.5
1306162,523.4375,7.8125,-843.75,179.6875,265.625,953.125,750.0,-132.8125,664.0625,906.25,171.875,382.8125,882.8125,109.375,445.3125
1306162,523.4375,7.8125,-843.75,179.6875,265.625,953.125,750.0,-132.8125,664.0625,906.25,171.875,382.8125,882.8125,109.375,445.3125
1306162,531.25,0.0,-843.75,179.6875,273.4375,937.5,750.0,-140.625,664.0625,898.4375,164.0625,375.0,882.8125,101.5625,445.3125
1306162,531.25,0.0,-843.75,179.6875,273.4375,937.5,750.0,-140.625,664.0625,898.4375,164.0625,375.0,882.8125,101.5625,445.3125
1306169,531.25,0.0,-843.75,187.5,273.4375,945.3125,750.0,-140.625,656.25,898.4375,164.0625,375.0,882.8125,101.5625,453.125
1306169,531.25,0.0,-843.75,187.5,273.4375,945.3125,750.0,-140.625,656.25,898.4375,164.0625,375.0,882.8125,101.5625,453.125
1306177,539.0625,0.0,-835.9375,187.5,273.4375,937.5,742.1875,-140.625,656.25,898.4375,156.25,375.0,882.8125,101.5625,445.3125
1306177,539.0625,0.0,-835.9375,187.5,273.4375,937.5,742.1875,-140.625,656.25,898.4375,156.25,375.0,882.8125,101.5625,445.3125
1306339,515.625,7.8125,-835.9375,179.6875,281.25,945.3125,734.375,-140.625,656.25,875.0,164.0625,382.8125,859.375,109.375,453.125
1306339,515.625,7.8125,-835.9375,179.6875,281.25,945.3125,734.375,-140.625,656.25,875.0,164.0625,382.8125,859.375,109.375,453.125
1306339,531.25,0.0,-843.75,179.6875,281.25,945.3125,742.1875,-125.0,656.25,875.0,171.875,382.8125,859.375,117.1875,445.3125
1306339,531.25,0.0,-843.75,179.6875,281.25,945.3125,742.1875,-125.0,656.25,875.0,171.875,382.8125,859.375,117.1875,445.3125
1306347,523.4375,7.8125,-843.75,171.875,281.25,937.5,734.375,-125.0,656.25,875.0,179.6875,375.0,851.5625,117.1875,445.3125
1306347,523.4375,7.8125,-843.75,171.875,281.25,937.5,734.375,-125.0,656.25,875.0,179.6875,375.0,851.5625,117.1875,445.3125
1306355,523.4375,7.8125,-843.75,179.6875,273.4375,937.5,750.0,-132.8125,664.0625,875.0,179.6875,375.0,859.375,117.1875,437.5
1306355,523.4375,7.8125,-843.75,179.6875,273.4375,937.5,750.0,-132.8125,664.0625,875.0,179.6875,375.0,859.375,117.1875,437.5
