1303559,-26.25,-4.375,0.0
1303559,-26.25,-4.375,0.0
1303569,8.75,-21.875,-21.875
1303569,8.75,-21.875,-21.875
1303600,-52.5,-26.25,4.375
1303600,-52.5,-26.25,4.375
1303610,-74.375,-17.5,26.25
1303610,-74.375,-17.5,26.25
1303701,-105.0,8.75,-21.875
1303701,-105.0,8.75,-21.875
1303711,-126.875,17.5,-4.375
1303711,-126.875,17.5,-4.375
1303822,-65.625,13.125,17.5
1303822,-65.625,13.125,17.5
1303832,-56.875,8.75,-4.375
1303832,-56.875,8.75,-4.375
1303983,0.0,-13.125,35.0
1303983,0.0,-13.125,35.0
1303993,0.0,-8.75,26.25
1303993,0.0,-8.75,26.25
1304145,-4.375,30.625,144.375
1304145,-4.375,30.625,144.375
1304155,8.75,26.25,144.375
1304155,8.75,26.25,144.375
1304306,-21.875,83.125,350.0
1304306,-21.875,83.125,350.0
1304316,-56.875,87.5,385.0
1304316,-56.875,87.5,385.0
1304469,-301.875,56.875,721.875
1304469,-301.875,56.875,721.875
1304478,-271.25,105.0,743.75
1304478,-271.25,105.0,743.75
1304508,-332.5,113.75,708.75
1304508,-332.5,113.75,708.75
1304518,-358.75,91.875,590.625
1304518,-358.75,91.875,590.625
1304670,-3263.75,-3871.875,993.125
1304670,-3263.75,-3871.875,993.125
1304679,-4773.125,-3412.5,-1071.875
1304679,-4773.125,-3412.5,-1071.875
1304770,-1850.625,1610.0,-7113.75
1304770,-1850.625,1610.0,-7113.75
1304781,-3447.5,2769.375,-6895.0
1304781,-3447.5,2769.375,-6895.0
1304831,-5267.5,8373.75,-4624.375
1304831,-5267.5,8373.75,-4624.375
1304841,-5565.0,9996.875,-3600.625
1304841,-5565.0,9996.875,-3600.625
1304992,-13440.0,22465.625,5696.25
1304992,-13440.0,22465.625,5696.25
1305002,-9030.0,16699.375,2830.625
1305002,-9030.0,16699.375,2830.625
1305154,-11707.5,-6431.25,-5831.875
1305154,-11707.5,-6431.25,-5831.875
1305164,-11130.0,-8439.375,-6177.5
1305164,-11130.0,-8439.375,-6177.5
1305315,-15837.5,-11698.75,-8500.625
1305315,-15837.5,-11698.75,-8500.625
1305325,-16060.625,-11751.25,-8435.0
1305325,-16060.625,-11751.25,-8435.0
1305477,1216.25,-3482.5,1575.0
1305477,1216.25,-3482.5,1575.0
1305487,-2419.375,-3123.75,533.75
1305487,-2419.375,-3123.75,533.75
1305557,-2646.875,411.25,1286.25
1305557,-2646.875,411.25,1286.25
1305567,-2546.25,529.375,1566.25
1305567,-2546.25,529.375,1566.25
1305719,17.5,-122.5,-166.25
1305719,17.5,-122.5,-166.25
1305729,-100.625,-83.125,-105.0
1305729,-100.625,-83.125,-105.0
1305800,-8.75,-4.375,-78.75
1305800,-8.75,-4.375,-78.75
1305810,65.625,-13.125,-70.0
1305810,65.625,-13.125,-70.0
1305839,122.5,-96.25,-179.375
1305839,122.5,-96.25,-179.375
1305850,74.375,-61.25,-192.5
1305850,74.375,-61.25,-192.5
1306002,17.5,126.875,48.125
1306002,17.5,126.875,48.125
1306012,17.5,105.0,52.5
1306012,17.5,105.0,52.5
1306163,78.75,91.875,26.25
1306163,78.75,91.875,26.25
1306173,43.75,135.625,52.5
1306173,43.75,135.625,52.5
1306335,65.625,-157.5,-140.0
1306335,65.625,-157.5,-140.0
1306345,52.5,-144.375,-135.625
1306345,52.5,-144.375,-135.625
