1259477,4256.875,-3644.375,975.625
1259477,4256.875,-3644.375,975.625
1259488,3841.25,-3355.625,1111.25
1259488,3841.25,-3355.625,1111.25
1259498,3106.25,-3062.5,1356.25
1259498,3106.25,-3062.5,1356.25
1259508,2865.625,-3036.25,1343.125
1259508,2865.625,-3036.25,1343.125
1259518,2301.25,-2922.5,1312.5
1259518,2301.25,-2922.5,1312.5
1259529,1990.625,-3377.5,1299.375
1259529,1990.625,-3377.5,1299.375
1259539,2305.625,-3906.875,1264.375
1259539,2305.625,-3906.875,1264.375
1259549,2174.375,-3828.125,1439.375
1259549,2174.375,-3828.125,1439.375
1259560,1920.625,-3841.25,1522.5
1259560,1920.625,-3841.25,1522.5
1259570,2782.5,-5009.375,1085.0
1259570,2782.5,-5009.375,1085.0
1259580,2183.125,-6759.375,1321.25
1259580,2183.125,-6759.375,1321.25
1259590,2078.125,-3438.75,1229.375
1259590,2078.125,-3438.75,1229.375
1259601,2800.0,-2861.25,1382.5
1259601,2800.0,-2861.25,1382.5
1259611,3364.375,-3753.75,1470.0
1259611,3364.375,-3753.75,1470.0
1259622,4025.0,-3661.875,1295.0
1259622,4025.0,-3661.875,1295.0
1259632,4042.5,-1964.375,2786.875
1259632,4042.5,-1964.375,2786.875
1259643,6895.0,2187.5,7826.875
1259643,6895.0,2187.5,7826.875
1259652,7450.625,-1010.625,5683.125
1259652,7450.625,-1010.625,5683.125
1259663,2585.625,520.625,2450.0
1259663,2585.625,520.625,2450.0
1259673,2918.125,603.75,3653.125
1259673,2918.125,603.75,3653.125
1259684,315.0,-2253.125,2572.5
1259684,315.0,-2253.125,2572.5
1259694,196.875,-2384.375,721.875
1259694,196.875,-2384.375,721.875
1259704,6304.375,-2611.875,2883.125
1259704,6304.375,-2611.875,2883.125
1259714,5748.75,-2743.125,2695.0
1259714,5748.75,-2743.125,2695.0
1259725,5232.5,-1614.375,4261.25
1259725,5232.5,-1614.375,4261.25
1259735,4755.625,-6308.75,3740.625
1259735,4755.625,-6308.75,3740.625
1259745,818.125,-7634.375,1299.375
1259745,818.125,-7634.375,1299.375
1259756,1933.75,-7297.5,1798.125
1259756,1933.75,-7297.5,1798.125
1259766,2686.25,-6995.625,1496.25
1259766,2686.25,-6995.625,1496.25
1259776,3023.125,-6072.5,2240.0
1259776,3023.125,-6072.5,2240.0
1259787,2804.375,-5556.25,5910.625
1259787,2804.375,-5556.25,5910.625
1259797,993.125,-6890.625,2660.0
1259797,993.125,-6890.625,2660.0
1259807,-1505.0,-4847.5,511.875
1259807,-1505.0,-4847.5,511.875
1259818,245.0,-3946.25,1636.25
1259818,245.0,-3946.25,1636.25
1259828,-153.125,-3294.375,1478.75
1259828,-153.125,-3294.375,1478.75
1259839,-739.375,-2371.25,1325.625
1259839,-739.375,-2371.25,1325.625
1259848,-389.375,-1076.25,1133.125
1259848,-389.375,-1076.25,1133.125
1259859,61.25,608.125,713.125
1259859,61.25,608.125,713.125
1259869,406.875,1824.375,341.25
1259869,406.875,1824.375,341.25
1259880,-354.375,2616.25,21.875
1259880,-354.375,2616.25,21.875
1259890,-1207.5,3005.625,-43.75
1259890,-1207.5,3005.625,-43.75
1259900,-1841.875,4051.25,1273.125
1259900,-1841.875,4051.25,1273.125
1259911,-393.75,3626.875,3911.25
1259911,-393.75,3626.875,3911.25
1259921,-1750.0,1518.125,-253.75
1259921,-1750.0,1518.125,-253.75
1259931,-1509.375,2598.75,-1054.375
1259931,-1509.375,2598.75,-1054.375
1259941,122.5,2450.0,-590.625
1259941,122.5,2450.0,-590.625
1259952,2244.375,2130.625,-240.625
1259952,2244.375,2130.625,-240.625
1259962,7848.75,3718.75,1942.5
1259962,7848.75,3718.75,1942.5
1259972,-15290.625,3294.375,-1194.375
1259972,-15290.625,3294.375,-1194.375
1259983,-35840.0,-10447.5,-2428.125
1259983,-35840.0,-10447.5,-2428.125
1259992,-12989.375,-22260.0,7848.75
1259992,-12989.375,-22260.0,7848.75
1260003,-8312.5,-13326.25,9423.75
1260003,-8312.5,-13326.25,9423.75
1260014,-10106.25,-8964.375,1890.0
1260014,-10106.25,-8964.375,1890.0
1260024,-245.0,-3762.5,-245.0
1260024,-245.0,-3762.5,-245.0
1260035,3539.375,4007.5,-1881.25
1260035,3539.375,4007.5,-1881.25
1260045,1745.625,12805.625,-2511.25
1260045,1745.625,12805.625,-2511.25
1260055,-288.75,14621.25,-1496.25
1260055,-288.75,14621.25,-1496.25
1260065,-5302.5,14905.625,-1089.375
1260065,-5302.5,14905.625,-1089.375
1260075,-7096.25,10653.125,-201.25
1260075,-7096.25,10653.125,-201.25
1260086,-8859.375,7105.0,56.875
1260086,-8859.375,7105.0,56.875
1260096,-9524.375,7021.875,-288.75
1260096,-9524.375,7021.875,-288.75
1260107,-9021.25,8929.375,-651.875
1260107,-9021.25,8929.375,-651.875
1260117,-7796.25,11545.625,-1413.125
1260117,-7796.25,11545.625,-1413.125
1260127,-5188.75,12578.125,-1369.375
1260127,-5188.75,12578.125,-1369.375
1260137,-1859.375,12398.75,-271.25
1260137,-1859.375,12398.75,-271.25
1260148,170.625,8120.0,253.75
1260148,170.625,8120.0,253.75
1260158,892.5,4488.75,4.375
1260158,892.5,4488.75,4.375
1260168,870.625,577.5,236.25
1260168,870.625,577.5,236.25
1260179,1338.75,-3806.25,621.25
1260179,1338.75,-3806.25,621.25
1260190,581.875,-7673.75,-74.375
1260190,581.875,-7673.75,-74.375
1260199,1264.375,-9721.25,-4.375
1260199,1264.375,-9721.25,-4.375
1260210,2345.0,-11042.5,26.25
1260210,2345.0,-11042.5,26.25
1260220,1925.0,-11296.25,-323.75
1260220,1925.0,-11296.25,-323.75
1260231,1369.375,-10985.625,-455.0
1260231,1369.375,-10985.625,-455.0
1260241,905.625,-10399.375,-153.125
1260241,905.625,-10399.375,-153.125
1260251,669.375,-9327.5,345.625
1260251,669.375,-9327.5,345.625
1260261,328.125,-7218.75,700.0
1260261,328.125,-7218.75,700.0
1260272,-678.125,-4703.125,717.5
1260272,-678.125,-4703.125,717.5
1260282,-651.875,-2485.0,888.125
1260282,-651.875,-2485.0,888.125
1260292,166.25,-901.25,1071.875
1260292,166.25,-901.25,1071.875
1260303,542.5,-35.0,1150.625
1260303,542.5,-35.0,1150.625
1260313,-463.75,726.25,1194.375
1260313,-463.75,726.25,1194.375
1260323,-1207.5,1032.5,1255.625
1260323,-1207.5,1032.5,1255.625
1260333,-1920.625,1356.25,1251.25
1260333,-1920.625,1356.25,1251.25
1260344,-2563.75,1802.5,1251.25
1260344,-2563.75,1802.5,1251.25
1260354,-2231.25,2349.375,1203.125
1260354,-2231.25,2349.375,1203.125
1260364,-1439.375,2765.0,1146.25
1260364,-1439.375,2765.0,1146.25
1260374,-1211.875,2935.625,1015.0
1260374,-1211.875,2935.625,1015.0
1260385,-735.0,2331.875,700.0
1260385,-735.0,2331.875,700.0
1260395,-17.5,1347.5,612.5
1260395,-17.5,1347.5,612.5
1260405,463.75,630.0,529.375
1260405,463.75,630.0,529.375
1260416,188.125,328.125,280.0
1260416,188.125,328.125,280.0
1260426,-437.5,-376.25,148.75
1260426,-437.5,-376.25,148.75
1260437,-525.0,-1137.5,-21.875
1260437,-525.0,-1137.5,-21.875
1260447,-166.25,-1684.375,-30.625
1260447,-166.25,-1684.375,-30.625
1260457,-555.625,-1631.875,-21.875
1260457,-555.625,-1631.875,-21.875
1260468,-1076.25,-1408.75,-183.75
1260468,-1076.25,-1408.75,-183.75
1260478,-787.5,-1404.375,-188.125
1260478,-787.5,-1404.375,-188.125
1260488,529.375,-1146.25,48.125
1260488,529.375,-1146.25,48.125
1260499,1308.125,-748.125,56.875
1260499,1308.125,-748.125,56.875
1260509,796.25,-498.75,-26.25
1260509,796.25,-498.75,-26.25
1260519,608.125,-1089.375,56.875
1260519,608.125,-1089.375,56.875
1260530,638.75,-1483.125,140.0
1260530,638.75,-1483.125,140.0
1260540,437.5,-1470.0,179.375
1260540,437.5,-1470.0,179.375
1260550,323.75,-1325.625,78.75
1260550,323.75,-1325.625,78.75
1260560,498.75,-1356.25,83.125
1260560,498.75,-1356.25,83.125
1260571,476.875,-1640.625,91.875
1260571,476.875,-1640.625,91.875
1260581,-96.25,-1885.625,210.0
1260581,-96.25,-1885.625,210.0
1260591,-266.875,-2073.75,363.125
1260591,-266.875,-2073.75,363.125
1260602,-118.125,-1758.75,371.875
1260602,-118.125,-1758.75,371.875
1260612,-441.875,-1260.0,341.25
1260612,-441.875,-1260.0,341.25
1260622,-214.375,-835.625,70.0
1260622,-214.375,-835.625,70.0
1260632,713.125,-516.25,148.75
1260632,713.125,-516.25,148.75
1260643,665.0,-533.75,135.625
1260643,665.0,-533.75,135.625
1260653,673.75,-1028.125,65.625
1260653,673.75,-1028.125,65.625
1260664,844.375,-1518.125,205.625
1260664,844.375,-1518.125,205.625
1260674,398.125,-1509.375,245.0
1260674,398.125,-1509.375,245.0
1260684,-245.0,-1435.0,245.0
1260684,-245.0,-1435.0,245.0
1260695,-481.25,-1448.125,262.5
1260695,-481.25,-1448.125,262.5
1260705,-52.5,-1198.75,201.25
1260705,-52.5,-1198.75,201.25
1260714,770.0,-787.5,113.75
1260714,770.0,-787.5,113.75
1260726,1124.375,-332.5,35.0
1260726,1124.375,-332.5,35.0
1260736,1400.0,-39.375,4.375
1260736,1400.0,-39.375,4.375
1260746,1894.375,39.375,201.25
1260746,1894.375,39.375,201.25
1260756,1338.75,13.125,205.625
1260756,1338.75,13.125,205.625
1260767,-39.375,-441.875,148.75
1260767,-39.375,-441.875,148.75
1260777,-131.25,-822.5,306.25
1260777,-131.25,-822.5,306.25
1260787,-140.0,-437.5,354.375
1260787,-140.0,-437.5,354.375
1260798,-778.75,-542.5,26.25
1260798,-778.75,-542.5,26.25
1260808,148.75,-861.875,56.875
1260808,148.75,-861.875,56.875
1260817,1540.0,-306.25,153.125
1260817,1540.0,-306.25,153.125
1260829,1382.5,371.875,78.75
1260829,1382.5,371.875,78.75
1260839,476.875,586.25,91.875
1260839,476.875,586.25,91.875
1260850,-262.5,56.875,122.5
1260850,-262.5,56.875,122.5
1260860,-17.5,-126.875,144.375
1260860,-17.5,-126.875,144.375
1260870,-288.75,-258.125,26.25
1260870,-288.75,-258.125,26.25
1260881,-271.25,-791.875,78.75
1260881,-271.25,-791.875,78.75
1260891,-516.25,-1233.75,306.25
1260891,-516.25,-1233.75,306.25
1260901,-1421.875,-1505.0,258.125
1260901,-1421.875,-1505.0,258.125
1260911,-1653.75,-1754.375,135.625
1260911,-1653.75,-1754.375,135.625
1260922,-665.0,-1203.125,70.0
1260922,-665.0,-1203.125,70.0
1260932,511.875,-65.625,-35.0
1260932,511.875,-65.625,-35.0
1260942,1102.5,835.625,-271.25
1260942,1102.5,835.625,-271.25
1260953,1159.375,634.375,-284.375
1260953,1159.375,634.375,-284.375
1260963,1015.0,78.75,-113.75
1260963,1015.0,78.75,-113.75
1260973,739.375,-319.375,70.0
1260973,739.375,-319.375,70.0
1260983,118.125,-529.375,170.625
1260983,118.125,-529.375,170.625
1260994,-546.875,-752.5,205.625
1260994,-546.875,-752.5,205.625
1261004,-892.5,-778.75,280.0
1261004,-892.5,-778.75,280.0
1261014,-1115.625,-437.5,345.625
1261014,-1115.625,-437.5,345.625
1261025,-2047.5,433.125,354.375
1261025,-2047.5,433.125,354.375
1261035,-2323.125,840.0,315.0
1261035,-2323.125,840.0,315.0
1261046,-1894.375,1365.0,262.5
1261046,-1894.375,1365.0,262.5
1261056,-1281.875,1789.375,332.5
1261056,-1281.875,1789.375,332.5
1261066,-1063.125,2231.25,446.25
1261066,-1063.125,2231.25,446.25
1261077,-953.75,2130.625,398.125
1261077,-953.75,2130.625,398.125
1261087,-463.75,1715.0,371.875
1261087,-463.75,1715.0,371.875
1261097,-603.75,1610.0,319.375
1261097,-603.75,1610.0,319.375
1261107,-984.375,1601.25,78.75
1261107,-984.375,1601.25,78.75
1261118,-660.625,1640.625,170.625
1261118,-660.625,1640.625,170.625
1261128,-406.875,1614.375,-26.25
1261128,-406.875,1614.375,-26.25
1261138,354.375,1115.625,-39.375
1261138,354.375,1115.625,-39.375
1261149,686.875,936.25,0.0
1261149,686.875,936.25,0.0
1261159,262.5,721.875,-240.625
1261159,262.5,721.875,-240.625
1261169,293.125,481.25,-214.375
1261169,293.125,481.25,-214.375
1261180,717.5,520.625,83.125
1261180,717.5,520.625,83.125
1261190,1246.875,892.5,332.5
1261190,1246.875,892.5,332.5
1261200,1216.25,1369.375,494.375
1261200,1216.25,1369.375,494.375
1261210,866.25,1798.125,568.75
1261210,866.25,1798.125,568.75
1261221,-319.375,2209.375,402.5
1261221,-319.375,2209.375,402.5
1261231,-975.625,1903.125,170.625
1261231,-975.625,1903.125,170.625
1261242,-196.875,1268.75,315.0
1261242,-196.875,1268.75,315.0
1261252,-612.5,1863.75,-210.0
1261252,-612.5,1863.75,-210.0
1261262,520.625,1019.375,280.0
1261262,520.625,1019.375,280.0
1261273,21.875,323.75,166.25
1261273,21.875,323.75,166.25
1261283,-367.5,-4.375,-166.25
1261283,-367.5,-4.375,-166.25
1261293,-476.875,-284.375,-253.75
1261293,-476.875,-284.375,-253.75
1261303,-441.875,-354.375,-371.875
1261303,-441.875,-354.375,-371.875
1261314,-8.75,-288.75,-428.75
1261314,-8.75,-288.75,-428.75
1261324,266.875,-161.875,-441.875
1261324,266.875,-161.875,-441.875
1261334,424.375,13.125,-437.5
1261334,424.375,13.125,-437.5
1261345,520.625,140.0,-459.375
1261345,520.625,140.0,-459.375
1261354,476.875,96.25,-420.0
1261354,476.875,96.25,-420.0
1261365,420.0,113.75,-516.25
1261365,420.0,113.75,-516.25
1261376,542.5,166.25,-520.625
1261376,542.5,166.25,-520.625
1261386,161.875,350.0,-595.0
1261386,161.875,350.0,-595.0
1261397,-87.5,590.625,-686.875
1261397,-87.5,590.625,-686.875
1261406,78.75,896.875,-529.375
1261406,78.75,896.875,-529.375
1261417,-17.5,1435.0,-625.625
1261417,-17.5,1435.0,-625.625
1261426,-293.125,1198.75,-678.125
1261426,-293.125,1198.75,-678.125
1261438,-555.625,931.875,-630.0
1261438,-555.625,931.875,-630.0
1261448,48.125,1098.125,-485.625
1261448,48.125,1098.125,-485.625
1261458,266.875,1478.75,-520.625
1261458,266.875,1478.75,-520.625
1261469,-74.375,1890.0,-660.625
1261469,-74.375,1890.0,-660.625
1261479,-332.5,1872.5,-494.375
1261479,-332.5,1872.5,-494.375
1261489,-1102.5,1671.25,-345.625
1261489,-1102.5,1671.25,-345.625
1261499,-1592.5,1439.375,-297.5
1261499,-1592.5,1439.375,-297.5
1261510,-1211.875,1605.625,-144.375
1261510,-1211.875,1605.625,-144.375
1261520,-446.25,2016.875,-196.875
1261520,-446.25,2016.875,-196.875
1261530,525.0,2196.25,-179.375
1261530,525.0,2196.25,-179.375
1261541,958.125,2047.5,-179.375
1261541,958.125,2047.5,-179.375
1261550,1238.125,1601.25,-253.75
1261550,1238.125,1601.25,-253.75
1261561,1583.75,1220.625,-336.875
1261561,1583.75,1220.625,-336.875
1261572,1995.0,634.375,-192.5
1261572,1995.0,634.375,-192.5
1261582,2008.125,564.375,-48.125
1261582,2008.125,564.375,-48.125
1261593,546.875,612.5,-166.25
1261593,546.875,612.5,-166.25
1261603,-1229.375,175.0,-253.75
1261603,-1229.375,175.0,-253.75
1261612,-1741.25,1128.75,-787.5
1261612,-1741.25,1128.75,-787.5
1261623,-306.25,1163.75,-100.625
1261623,-306.25,1163.75,-100.625
1261632,-1255.625,713.125,-315.0
1261632,-1255.625,713.125,-315.0
1261644,-861.875,914.375,-398.125
1261644,-861.875,914.375,-398.125
1261654,879.375,1715.0,-293.125
1261654,879.375,1715.0,-293.125
1261664,393.75,2498.125,-433.125
1261664,393.75,2498.125,-433.125
1261675,-463.75,1960.0,-551.25
1261675,-463.75,1960.0,-551.25
1261685,-735.0,1001.875,-393.75
1261685,-735.0,1001.875,-393.75
1261694,-1050.0,581.875,-161.875
1261694,-1050.0,581.875,-161.875
1261706,-1321.25,-205.625,-65.625
1261706,-1321.25,-205.625,-65.625
1261716,-1238.125,-1023.75,118.125
1261716,-1238.125,-1023.75,118.125
1261726,-1225.0,-1417.5,144.375
1261726,-1225.0,-1417.5,144.375
1261736,-1281.875,-1102.5,-39.375
1261736,-1281.875,-1102.5,-39.375
1261748,-1785.0,-258.125,-336.875
1261748,-1785.0,-258.125,-336.875
1261757,-1330.0,-83.125,-490.0
1261757,-1330.0,-83.125,-490.0
1261768,275.625,175.0,-494.375
1261768,275.625,175.0,-494.375
1261778,1185.625,188.125,-542.5
1261778,1185.625,188.125,-542.5
1261788,1404.375,-140.0,-328.125
1261788,1404.375,-140.0,-328.125
1261799,800.625,-822.5,-105.0
1261799,800.625,-822.5,-105.0
1261809,-166.25,-1640.625,-87.5
1261809,-166.25,-1640.625,-87.5
1261819,-581.875,-2200.625,56.875
1261819,-581.875,-2200.625,56.875
1261830,-866.25,-2139.375,96.25
1261830,-866.25,-2139.375,96.25
1261840,-896.875,-1907.5,70.0
1261840,-896.875,-1907.5,70.0
1261850,-424.375,-1474.375,8.75
1261850,-424.375,-1474.375,8.75
1261861,-26.25,-1181.25,-192.5
1261861,-26.25,-1181.25,-192.5
1261871,433.125,-1036.875,-262.5
1261871,433.125,-1036.875,-262.5
1261881,717.5,-953.75,-319.375
1261881,717.5,-953.75,-319.375
1261891,612.5,-1085.0,-266.875
1261891,612.5,-1085.0,-266.875
1261901,630.0,-1277.5,-218.75
1261901,630.0,-1277.5,-218.75
1261912,958.125,-1242.5,-153.125
1261912,958.125,-1242.5,-153.125
1261922,367.5,-1443.75,-240.625
1261922,367.5,-1443.75,-240.625
1261933,-319.375,-1841.875,-157.5
1261933,-319.375,-1841.875,-157.5
1261943,-48.125,-1977.5,-100.625
1261943,-48.125,-1977.5,-100.625
1261953,476.875,-1614.375,-179.375
1261953,476.875,-1614.375,-179.375
1261964,988.75,-1408.75,-161.875
1261964,988.75,-1408.75,-161.875
1261974,1395.625,-1334.375,-56.875
1261974,1395.625,-1334.375,-56.875
1261984,1369.375,-861.875,-91.875
1261984,1369.375,-861.875,-91.875
1261995,875.0,-494.375,-43.75
1261995,875.0,-494.375,-43.75
1262005,735.0,-564.375,214.375
1262005,735.0,-564.375,214.375
1262015,577.5,-853.125,319.375
1262015,577.5,-853.125,319.375
1262026,367.5,-1159.375,341.25
1262026,367.5,-1159.375,341.25
1262036,-336.875,-1233.75,144.375
1262036,-336.875,-1233.75,144.375
1262046,-433.125,-1496.25,87.5
1262046,-433.125,-1496.25,87.5
1262056,61.25,-1439.375,-48.125
1262056,61.25,-1439.375,-48.125
1262067,822.5,-1334.375,-48.125
1262067,822.5,-1334.375,-48.125
1262077,997.5,-1290.625,70.0
1262077,997.5,-1290.625,70.0
1262088,927.5,-1435.0,65.625
1262088,927.5,-1435.0,65.625
1262098,450.625,-1859.375,223.125
1262098,450.625,-1859.375,223.125
1262108,-739.375,-2148.125,56.875
1262108,-739.375,-2148.125,56.875
1262118,-411.25,-2428.125,-78.75
1262118,-411.25,-2428.125,-78.75
1262129,288.75,-2362.5,-30.625
1262129,288.75,-2362.5,-30.625
1262138,918.75,-2021.25,-249.375
1262138,918.75,-2021.25,-249.375
1262149,1500.625,-1841.875,-157.5
1262149,1500.625,-1841.875,-157.5
1262160,1715.0,-1841.875,-109.375
1262160,1715.0,-1841.875,-109.375
1262170,1596.875,-2030.0,-153.125
1262170,1596.875,-2030.0,-153.125
1262180,1789.375,-2025.625,-131.25
1262180,1789.375,-2025.625,-131.25
1262191,1290.625,-1868.125,48.125
1262191,1290.625,-1868.125,48.125
1262201,341.25,-1846.25,-8.75
1262201,341.25,-1846.25,-8.75
1262211,113.75,-1846.25,-100.625
1262211,113.75,-1846.25,-100.625
1262222,175.0,-1876.875,-30.625
1262222,175.0,-1876.875,-30.625
1262232,450.625,-1925.0,-43.75
1262232,450.625,-1925.0,-43.75
1262242,612.5,-1793.75,-74.375
1262242,612.5,-1793.75,-74.375
1262253,770.0,-1785.0,0.0
1262253,770.0,-1785.0,0.0
1262263,1264.375,-1850.625,56.875
1262263,1264.375,-1850.625,56.875
1262273,1041.25,-1898.75,105.0
1262273,1041.25,-1898.75,105.0
1262284,485.625,-2016.875,205.625
1262284,485.625,-2016.875,205.625
1262294,647.5,-2078.125,284.375
1262294,647.5,-2078.125,284.375
1262304,905.625,-2051.875,310.625
1262304,905.625,-2051.875,310.625
1262314,774.375,-1859.375,350.0
1262314,774.375,-1859.375,350.0
1262325,389.375,-1898.75,253.75
1262325,389.375,-1898.75,253.75
1262335,87.5,-1701.875,13.125
1262335,87.5,-1701.875,13.125
1262345,787.5,-1596.875,-126.875
1262345,787.5,-1596.875,-126.875
1262356,1483.125,-1246.875,-140.0
1262356,1483.125,-1246.875,-140.0
1262366,2257.5,-966.875,-275.625
1262366,2257.5,-966.875,-275.625
1262376,2371.25,-638.75,-367.5
1262376,2371.25,-638.75,-367.5
1262387,1115.625,-660.625,-494.375
1262387,1115.625,-660.625,-494.375
1262397,682.5,-1465.625,-315.0
1262397,682.5,-1465.625,-315.0
1262407,923.125,-1636.25,-144.375
1262407,923.125,-1636.25,-144.375
1262418,708.75,-1938.125,-367.5
1262418,708.75,-1938.125,-367.5
1262428,1036.875,-2821.875,-590.625
1262428,1036.875,-2821.875,-590.625
1262438,3237.5,-3145.625,-389.375
1262438,3237.5,-3145.625,-389.375
1262449,4484.375,-2633.75,-389.375
1262449,4484.375,-2633.75,-389.375
1262459,3871.875,-2170.0,-717.5
1262459,3871.875,-2170.0,-717.5
1262469,3001.25,-2108.75,-778.75
1262469,3001.25,-2108.75,-778.75
1262480,2401.875,-2051.875,-730.625
1262480,2401.875,-2051.875,-730.625
1262490,1802.5,-1754.375,-761.25
1262490,1802.5,-1754.375,-761.25
1262500,1085.0,-1925.0,-721.875
1262500,1085.0,-1925.0,-721.875
1262511,511.875,-2721.25,-284.375
1262511,511.875,-2721.25,-284.375
1262521,-507.5,-3386.25,-17.5
1262521,-507.5,-3386.25,-17.5
1262531,-923.125,-3377.5,-21.875
1262531,-923.125,-3377.5,-21.875
1262541,-813.75,-2940.0,-210.0
1262541,-813.75,-2940.0,-210.0
1262552,-65.625,-2489.375,-468.125
1262552,-65.625,-2489.375,-468.125
1262562,1054.375,-2563.75,-140.0
1262562,1054.375,-2563.75,-140.0
1262572,1680.0,-2769.375,48.125
1262572,1680.0,-2769.375,48.125
1262583,1605.625,-3285.625,56.875
1262583,1605.625,-3285.625,56.875
