1276154,156.25,671.875,726.5625,-62.5,-882.8125,523.4375,195.3125,-968.75,226.5625,484.375,-859.375,-140.625,570.3125,-812.5,132.8125
1276154,156.25,671.875,726.5625,-62.5,-882.8125,523.4375,195.3125,-968.75,226.5625,484.375,-859.375,-140.625,570.3125,-812.5,132.8125
1276154,156.25,664.0625,726.5625,-62.5,-882.8125,531.25,195.3125,-968.75,234.375,484.375,-859.375,-132.8125,578.125,-812.5,132.8125
1276154,156.25,664.0625,726.5625,-62.5,-882.8125,531.25,195.3125,-968.75,234.375,484.375,-859.375,-132.8125,578.125,-812.5,132.8125
1276162,148.4375,664.0625,726.5625,-62.5,-882.8125,523.4375,203.125,-976.5625,226.5625,484.375,-851.5625,-140.625,570.3125,-812.5,132.8125
1276162,148.4375,664.0625,726.5625,-62.5,-882.8125,523.4375,203.125,-976.5625,226.5625,484.375,-851.5625,-140.625,570.3125,-812.5,132.8125
1276162,156.25,664.0625,734.375,-62.5,-882.8125,523.4375,195.3125,-984.375,234.375,484.375,-867.1875,-132.8125,578.125,-812.5,132.8125
1276162,156.25,664.0625,734.375,-62.5,-882.8125,523.4375,195.3125,-984.375,234.375,484.375,-867.1875,-132.8125,578.125,-812.5,132.8125
1276315,156.25,671.875,726.5625,-62.5,-875.0,531.25,195.3125,-968.75,234.375,476.5625,-851.5625,-140.625,562.5,-812.5,140.625
1276315,156.25,671.875,726.5625,-62.5,-875.0,531.25,195.3125,-968.75,234.375,476.5625,-851.5625,-140.625,562.5,-812.5,140.625
1276315,156.25,671.875,718.75,-70.3125,-875.0,523.4375,195.3125,-968.75,242.1875,484.375,-859.375,-132.8125,562.5,-812.5,148.4375
1276315,156.25,671.875,718.75,-70.3125,-875.0,523.4375,195.3125,-968.75,242.1875,484.375,-859.375,-132.8125,562.5,-812.5,148.4375
1276323,164.0625,671.875,726.5625,-62.5,-875.0,515.625,203.125,-960.9375,242.1875,484.375,-859.375,-132.8125,570.3125,-812.5,140.625
1276323,164.0625,671.875,726.5625,-62.5,-875.0,515.625,203.125,-960.9375,242.1875,484.375,-859.375,-132.8125,570.3125,-812.5,140.625
1276324,156.25,664.0625,718.75,-62.5,-875.0,515.625,203.125,-960.9375,234.375,476.5625,-859.375,-132.8125,562.5,-804.6875,132.8125
1276324,156.25,664.0625,718.75,-62.5,-875.0,515.625,203.125,-960.9375,234.375,476.5625,-859.375,-132.8125,562.5,-804.6875,132.8125
1276475,156.25,656.25,742.1875,-70.3125,-898.4375,515.625,195.3125,-968.75,226.5625,484.375,-867.1875,-148.4375,570.3125,-820.3125,109.375
1276475,156.25,656.25,742.1875,-70.3125,-898.4375,515.625,195.3125,-968.75,226.5625,484.375,-867.1875,-148.4375,570.3125,-820.3125,109.375
1276475,156.25,656.25,742.1875,-62.5,-890.625,515.625,203.125,-976.5625,234.375,476.5625,-859.375,-148.4375,570.3125,-820.3125,125.0
1276475,156.25,656.25,742.1875,-62.5,-890.625,515.625,203.125,-976.5625,234.375,476.5625,-859.375,-148.4375,570.3125,-820.3125,125.0
1276485,156.25,656.25,742.1875,-62.5,-882.8125,515.625,195.3125,-976.5625,226.5625,484.375,-867.1875,-148.4375,570.3125,-812.5,132.8125
1276485,156.25,656.25,742.1875,-62.5,-882.8125,515.625,195.3125,-976.5625,226.5625,484.375,-867.1875,-148.4375,570.3125,-812.5,132.8125
1276485,148.4375,664.0625,742.1875,-70.3125,-882.8125,507.8125,203.125,-960.9375,226.5625,476.5625,-859.375,-148.4375,562.5,-828.125,125.0
1276485,148.4375,664.0625,742.1875,-70.3125,-882.8125,507.8125,203.125,-960.9375,226.5625,476.5625,-859.375,-148.4375,562.5,-828.125,125.0
1276637,156.25,664.0625,734.375,-78.125,-890.625,523.4375,187.5,-960.9375,226.5625,460.9375,-851.5625,-140.625,562.5,-812.5,117.1875
1276637,156.25,664.0625,734.375,-78.125,-890.625,523.4375,187.5,-960.9375,226.5625,460.9375,-851.5625,-140.625,562.5,-812.5,117.1875
1276638,148.4375,664.0625,734.375,-70.3125,-875.0,515.625,195.3125,-968.75,234.375,460.9375,-859.375,-148.4375,554.6875,-812.5,125.0
1276638,148.4375,664.0625,734.375,-70.3125,-875.0,515.625,195.3125,-968.75,234.375,460.9375,-859.375,-148.4375,554.6875,-812.5,125.0
1276646,148.4375,664.0625,734.375,-70.3125,-882.8125,515.625,187.5,-960.9375,226.5625,468.75,-859.375,-132.8125,570.3125,-820.3125,132.8125
1276646,148.4375,664.0625,734.375,-70.3125,-882.8125,515.625,187.5,-960.9375,226.5625,468.75,-859.375,-132.8125,570.3125,-820.3125,132.8125
1276646,148.4375,656.25,742.1875,-78.125,-890.625,515.625,187.5,-968.75,226.5625,476.5625,-867.1875,-140.625,570.3125,-812.5,132.8125
1276646,148.4375,656.25,742.1875,-78.125,-890.625,515.625,187.5,-968.75,226.5625,476.5625,-867.1875,-140.625,570.3125,-812.5,132.8125
1276799,156.25,671.875,734.375,-70.3125,-882.8125,523.4375,195.3125,-976.5625,234.375,484.375,-867.1875,-148.4375,578.125,-820.3125,125.0
1276799,156.25,671.875,734.375,-70.3125,-882.8125,523.4375,195.3125,-976.5625,234.375,484.375,-867.1875,-148.4375,578.125,-820.3125,125.0
1276799,148.4375,671.875,734.375,-70.3125,-875.0,515.625,195.3125,-976.5625,234.375,484.375,-867.1875,-140.625,570.3125,-812.5,132.8125
1276799,148.4375,671.875,734.375,-70.3125,-875.0,515.625,195.3125,-976.5625,234.375,484.375,-867.1875,-140.625,570.3125,-812.5,132.8125
1276808,156.25,671.875,734.375,-62.5,-882.8125,523.4375,187.5,-976.5625,226.5625,484.375,-867.1875,-148.4375,570.3125,-812.5,125.0
1276808,156.25,671.875,734.375,-62.5,-882.8125,523.4375,187.5,-976.5625,226.5625,484.375,-867.1875,-148.4375,570.3125,-812.5,125.0
1276808,164.0625,664.0625,734.375,-70.3125,-882.8125,515.625,210.9375,-976.5625,234.375,515.625,-875.0,-85.9375,570.3125,-804.6875,140.625
1276808,164.0625,664.0625,734.375,-70.3125,-882.8125,515.625,210.9375,-976.5625,234.375,515.625,-875.0,-85.9375,570.3125,-804.6875,140.625
1276959,171.875,656.25,734.375,-54.6875,-875.0,523.4375,218.75,-960.9375,218.75,476.5625,-851.5625,-148.4375,585.9375,-804.6875,132.8125
1276959,171.875,656.25,734.375,-54.6875,-875.0,523.4375,218.75,-960.9375,218.75,476.5625,-851.5625,-148.4375,585.9375,-804.6875,132.8125
1276961,171.875,664.0625,734.375,-46.875,-875.0,523.4375,210.9375,-960.9375,234.375,484.375,-859.375,-140.625,578.125,-804.6875,117.1875
1276961,171.875,664.0625,734.375,-46.875,-875.0,523.4375,210.9375,-960.9375,234.375,484.375,-859.375,-140.625,578.125,-804.6875,117.1875
1276969,171.875,656.25,734.375,-46.875,-875.0,523.4375,210.9375,-953.125,218.75,484.375,-851.5625,-148.4375,578.125,-804.6875,125.0
1276969,171.875,656.25,734.375,-46.875,-875.0,523.4375,210.9375,-953.125,218.75,484.375,-851.5625,-148.4375,578.125,-804.6875,125.0
1276969,156.25,656.25,726.5625,-46.875,-875.0,523.4375,226.5625,-953.125,226.5625,492.1875,-851.5625,-148.4375,578.125,-796.875,117.1875
1276969,156.25,656.25,726.5625,-46.875,-875.0,523.4375,226.5625,-953.125,226.5625,492.1875,-851.5625,-148.4375,578.125,-796.875,117.1875
1277122,187.5,656.25,726.5625,-39.0625,-875.0,523.4375,210.9375,-960.9375,218.75,492.1875,-843.75,-140.625,585.9375,-796.875,117.1875
1277122,187.5,656.25,726.5625,-39.0625,-875.0,523.4375,210.9375,-960.9375,218.75,492.1875,-843.75,-140.625,585.9375,-796.875,117.1875
1277122,179.6875,664.0625,718.75,-39.0625,-875.0,531.25,218.75,-953.125,234.375,492.1875,-843.75,-148.4375,585.9375,-804.6875,109.375
1277122,179.6875,664.0625,718.75,-39.0625,-875.0,531.25,218.75,-953.125,234.375,492.1875,-843.75,-148.4375,585.9375,-804.6875,109.375
1277130,179.6875,648.4375,726.5625,-39.0625,-882.8125,523.4375,234.375,-960.9375,242.1875,500.0,-843.75,-140.625,578.125,-796.875,109.375
1277130,179.6875,648.4375,726.5625,-39.0625,-882.8125,523.4375,234.375,-960.9375,242.1875,500.0,-843.75,-140.625,578.125,-796.875,109.375
1277130,179.6875,656.25,734.375,-39.0625,-882.8125,531.25,234.375,-968.75,234.375,500.0,-851.5625,-140.625,593.75,-804.6875,125.0
1277130,179.6875,656.25,734.375,-39.0625,-882.8125,531.25,234.375,-968.75,234.375,500.0,-851.5625,-140.625,593.75,-804.6875,125.0
1277202,234.375,648.4375,742.1875,-15.625,-921.875,515.625,242.1875,-992.1875,218.75,523.4375,-867.1875,-171.875,593.75,-812.5,117.1875
1277202,234.375,648.4375,742.1875,-15.625,-921.875,515.625,242.1875,-992.1875,218.75,523.4375,-867.1875,-171.875,593.75,-812.5,117.1875
1277202,257.8125,640.625,734.375,-15.625,-929.6875,539.0625,250.0,-1000.0,226.5625,523.4375,-867.1875,-140.625,617.1875,-812.5,109.375
1277202,257.8125,640.625,734.375,-15.625,-929.6875,539.0625,250.0,-1000.0,226.5625,523.4375,-867.1875,-140.625,617.1875,-812.5,109.375
1277211,281.25,648.4375,734.375,-7.8125,-929.6875,539.0625,257.8125,-1023.4375,226.5625,539.0625,-882.8125,-164.0625,640.625,-835.9375,109.375
1277211,281.25,648.4375,734.375,-7.8125,-929.6875,539.0625,257.8125,-1023.4375,226.5625,539.0625,-882.8125,-164.0625,640.625,-835.9375,109.375
1277211,296.875,664.0625,726.5625,-23.4375,-960.9375,546.875,273.4375,-1070.3125,234.375,554.6875,-898.4375,-171.875,632.8125,-843.75,140.625
1277211,296.875,664.0625,726.5625,-23.4375,-960.9375,546.875,273.4375,-1070.3125,234.375,554.6875,-898.4375,-171.875,632.8125,-843.75,140.625
1277364,187.5,1109.375,554.6875,0.0,-914.0625,898.4375,273.4375,-1117.1875,546.875,679.6875,-1085.9375,187.5,710.9375,-929.6875,500.0
1277364,187.5,1109.375,554.6875,0.0,-914.0625,898.4375,273.4375,-1117.1875,546.875,679.6875,-1085.9375,187.5,710.9375,-929.6875,500.0
1277364,93.75,1187.5,445.3125,-62.5,-812.5,976.5625,250.0,-1093.75,539.0625,664.0625,-1085.9375,210.9375,726.5625,-929.6875,539.0625
1277364,93.75,1187.5,445.3125,-62.5,-812.5,976.5625,250.0,-1093.75,539.0625,664.0625,-1085.9375,210.9375,726.5625,-929.6875,539.0625
1277372,-117.1875,1328.125,562.5,-39.0625,-710.9375,1046.875,218.75,-1070.3125,562.5,664.0625,-1085.9375,250.0,734.375,-937.5,562.5
1277372,-117.1875,1328.125,562.5,-39.0625,-710.9375,1046.875,218.75,-1070.3125,562.5,664.0625,-1085.9375,250.0,734.375,-937.5,562.5
1277372,-62.5,1218.75,734.375,-54.6875,-734.375,1000.0,210.9375,-1062.5,578.125,703.125,-1070.3125,320.3125,734.375,-906.25,546.875
1277372,-62.5,1218.75,734.375,-54.6875,-734.375,1000.0,210.9375,-1062.5,578.125,703.125,-1070.3125,320.3125,734.375,-906.25,546.875
1277525,484.375,1390.625,15.625,-46.875,-1117.1875,851.5625,640.625,-1234.375,468.75,742.1875,-1039.0625,-15.625,421.875,-1015.625,218.75
1277525,484.375,1390.625,15.625,-46.875,-1117.1875,851.5625,640.625,-1234.375,468.75,742.1875,-1039.0625,-15.625,421.875,-1015.625,218.75
1277525,507.8125,1421.875,-7.8125,-23.4375,-960.9375,851.5625,679.6875,-1218.75,468.75,796.875,-1093.75,-70.3125,445.3125,-1109.375,281.25
1277525,507.8125,1421.875,-7.8125,-23.4375,-960.9375,851.5625,679.6875,-1218.75,468.75,796.875,-1093.75,-70.3125,445.3125,-1109.375,281.25
1277533,507.8125,1414.0625,-15.625,0.0,-898.4375,812.5,648.4375,-1203.125,492.1875,773.4375,-1054.6875,-39.0625,437.5,-1109.375,296.875
1277533,507.8125,1414.0625,-15.625,0.0,-898.4375,812.5,648.4375,-1203.125,492.1875,773.4375,-1054.6875,-39.0625,437.5,-1109.375,296.875
1277533,523.4375,1382.8125,-39.0625,-7.8125,-914.0625,796.875,609.375,-1179.6875,484.375,726.5625,-984.375,-23.4375,445.3125,-1054.6875,250.0
1277533,523.4375,1382.8125,-39.0625,-7.8125,-914.0625,796.875,609.375,-1179.6875,484.375,726.5625,-984.375,-23.4375,445.3125,-1054.6875,250.0
1277686,289.0625,765.625,31.25,-132.8125,-781.25,531.25,250.0,-945.3125,46.875,445.3125,-875.0,-210.9375,375.0,-968.75,179.6875
1277686,289.0625,765.625,31.25,-132.8125,-781.25,531.25,250.0,-945.3125,46.875,445.3125,-875.0,-210.9375,375.0,-968.75,179.6875
1277686,289.0625,742.1875,31.25,-125.0,-726.5625,507.8125,218.75,-906.25,39.0625,421.875,-843.75,-203.125,367.1875,-921.875,156.25
1277686,289.0625,742.1875,31.25,-125.0,-726.5625,507.8125,218.75,-906.25,39.0625,421.875,-843.75,-203.125,367.1875,-921.875,156.25
1277694,312.5,718.75,7.8125,-85.9375,-703.125,507.8125,257.8125,-882.8125,39.0625,421.875,-812.5,-210.9375,375.0,-906.25,132.8125
1277694,312.5,718.75,7.8125,-85.9375,-703.125,507.8125,257.8125,-882.8125,39.0625,421.875,-812.5,-210.9375,375.0,-906.25,132.8125
1277695,320.3125,703.125,-15.625,-70.3125,-671.875,523.4375,281.25,-851.5625,31.25,421.875,-781.25,-218.75,382.8125,-890.625,132.8125
1277695,320.3125,703.125,-15.625,-70.3125,-671.875,523.4375,281.25,-851.5625,31.25,421.875,-781.25,-218.75,382.8125,-890.625,132.8125
1277840,539.0625,320.3125,-632.8125,312.5,242.1875,734.375,679.6875,-140.625,242.1875,718.75,54.6875,15.625,679.6875,-70.3125,132.8125
1277840,539.0625,320.3125,-632.8125,312.5,242.1875,734.375,679.6875,-140.625,242.1875,718.75,54.6875,15.625,679.6875,-70.3125,132.8125
1277848,562.5,195.3125,-617.1875,320.3125,187.5,718.75,703.125,-132.8125,234.375,734.375,54.6875,23.4375,734.375,-46.875,171.875
1277848,562.5,195.3125,-617.1875,320.3125,187.5,718.75,703.125,-132.8125,234.375,734.375,54.6875,23.4375,734.375,-46.875,171.875
1277848,570.3125,85.9375,-648.4375,312.5,117.1875,679.6875,718.75,-117.1875,210.9375,765.625,93.75,31.25,781.25,-39.0625,210.9375
1277848,570.3125,85.9375,-648.4375,312.5,117.1875,679.6875,718.75,-117.1875,210.9375,765.625,93.75,31.25,781.25,-39.0625,210.9375
1277856,546.875,7.8125,-679.6875,335.9375,7.8125,671.875,742.1875,-101.5625,234.375,828.125,117.1875,39.0625,835.9375,-15.625,234.375
1277856,546.875,7.8125,-679.6875,335.9375,7.8125,671.875,742.1875,-101.5625,234.375,828.125,117.1875,39.0625,835.9375,-15.625,234.375
1278017,632.8125,23.4375,-1101.5625,312.5,242.1875,1445.3125,859.375,-578.125,695.3125,851.5625,-62.5,273.4375,328.125,-125.0,257.8125
1278017,632.8125,23.4375,-1101.5625,312.5,242.1875,1445.3125,859.375,-578.125,695.3125,851.5625,-62.5,273.4375,328.125,-125.0,257.8125
1278017,562.5,39.0625,-867.1875,210.9375,78.125,1132.8125,671.875,-546.875,515.625,914.0625,-171.875,273.4375,609.375,-156.25,500.0
1278017,562.5,39.0625,-867.1875,210.9375,78.125,1132.8125,671.875,-546.875,515.625,914.0625,-171.875,273.4375,609.375,-156.25,500.0
1278025,453.125,62.5,-734.375,171.875,140.625,914.0625,585.9375,-335.9375,453.125,843.75,-62.5,265.625,843.75,-78.125,609.375
1278025,453.125,62.5,-734.375,171.875,140.625,914.0625,585.9375,-335.9375,453.125,843.75,-62.5,265.625,843.75,-78.125,609.375
1278033,375.0,-15.625,-695.3125,140.625,148.4375,765.625,578.125,-210.9375,500.0,828.125,62.5,289.0625,851.5625,39.0625,570.3125
1278033,375.0,-15.625,-695.3125,140.625,148.4375,765.625,578.125,-210.9375,500.0,828.125,62.5,289.0625,851.5625,39.0625,570.3125
1278179,429.6875,-101.5625,-882.8125,148.4375,406.25,906.25,726.5625,-23.4375,671.875,812.5,351.5625,375.0,757.8125,312.5,445.3125
1278179,429.6875,-101.5625,-882.8125,148.4375,406.25,906.25,726.5625,-23.4375,671.875,812.5,351.5625,375.0,757.8125,312.5,445.3125
1278179,406.25,-101.5625,-882.8125,148.4375,398.4375,906.25,742.1875,-31.25,679.6875,804.6875,343.75,382.8125,773.4375,312.5,468.75
1278179,406.25,-101.5625,-882.8125,148.4375,398.4375,906.25,742.1875,-31.25,679.6875,804.6875,343.75,382.8125,773.4375,312.5,468.75
1278186,382.8125,-93.75,-890.625,125.0,406.25,914.0625,734.375,-39.0625,679.6875,812.5,343.75,390.625,765.625,304.6875,476.5625
1278186,382.8125,-93.75,-890.625,125.0,406.25,914.0625,734.375,-39.0625,679.6875,812.5,343.75,390.625,765.625,304.6875,476.5625
1278194,390.625,-117.1875,-898.4375,132.8125,421.875,914.0625,710.9375,-39.0625,687.5,804.6875,335.9375,398.4375,757.8125,304.6875,484.375
1278194,390.625,-117.1875,-898.4375,132.8125,421.875,914.0625,710.9375,-39.0625,687.5,804.6875,335.9375,398.4375,757.8125,304.6875,484.375
1278340,453.125,-93.75,-898.4375,140.625,382.8125,929.6875,734.375,-46.875,687.5,835.9375,351.5625,375.0,796.875,312.5,468.75
1278340,453.125,-93.75,-898.4375,140.625,382.8125,929.6875,734.375,-46.875,687.5,835.9375,351.5625,375.0,796.875,312.5,468.75
1278340,453.125,-101.5625,-890.625,140.625,390.625,929.6875,734.375,-54.6875,687.5,843.75,351.5625,390.625,804.6875,312.5,476.5625
1278340,453.125,-101.5625,-890.625,140.625,390.625,929.6875,734.375,-54.6875,687.5,843.75,351.5625,390.625,804.6875,312.5,476.5625
1278348,437.5,-101.5625,-898.4375,132.8125,390.625,929.6875,734.375,-54.6875,695.3125,843.75,351.5625,382.8125,812.5,312.5,500.0
1278348,437.5,-101.5625,-898.4375,132.8125,390.625,929.6875,734.375,-54.6875,695.3125,843.75,351.5625,382.8125,812.5,312.5,500.0
1278355,437.5,-101.5625,-906.25,132.8125,398.4375,914.0625,726.5625,-39.0625,695.3125,859.375,351.5625,406.25,820.3125,312.5,500.0
1278355,437.5,-101.5625,-906.25,132.8125,398.4375,914.0625,726.5625,-39.0625,695.3125,859.375,351.5625,406.25,820.3125,312.5,500.0
1278501,429.6875,-101.5625,-890.625,132.8125,398.4375,906.25,718.75,-39.0625,695.3125,820.3125,359.375,390.625,789.0625,312.5,468.75
1278501,429.6875,-101.5625,-890.625,132.8125,398.4375,906.25,718.75,-39.0625,695.3125,820.3125,359.375,390.625,789.0625,312.5,468.75
1278501,429.6875,-93.75,-890.625,125.0,390.625,914.0625,718.75,-54.6875,695.3125,828.125,359.375,390.625,781.25,320.3125,476.5625
1278501,429.6875,-93.75,-890.625,125.0,390.625,914.0625,718.75,-54.6875,695.3125,828.125,359.375,390.625,781.25,320.3125,476.5625
1278509,429.6875,-93.75,-882.8125,125.0,390.625,906.25,710.9375,-46.875,687.5,820.3125,351.5625,382.8125,796.875,304.6875,476.5625
1278509,429.6875,-93.75,-882.8125,125.0,390.625,906.25,710.9375,-46.875,687.5,820.3125,351.5625,382.8125,796.875,304.6875,476.5625
1278517,421.875,-93.75,-882.8125,125.0,390.625,898.4375,695.3125,-46.875,687.5,812.5,351.5625,390.625,781.25,312.5,476.5625
1278517,421.875,-93.75,-882.8125,125.0,390.625,898.4375,695.3125,-46.875,687.5,812.5,351.5625,390.625,781.25,312.5,476.5625
1278662,398.4375,-93.75,-875.0,93.75,398.4375,898.4375,687.5,-54.6875,710.9375,812.5,335.9375,414.0625,765.625,296.875,507.8125
1278662,398.4375,-93.75,-875.0,93.75,398.4375,898.4375,687.5,-54.6875,710.9375,812.5,335.9375,414.0625,765.625,296.875,507.8125
1278662,468.75,-70.3125,-898.4375,109.375,398.4375,898.4375,687.5,-46.875,695.3125,804.6875,335.9375,406.25,757.8125,312.5,500.0
1278662,468.75,-70.3125,-898.4375,109.375,398.4375,898.4375,687.5,-46.875,695.3125,804.6875,335.9375,406.25,757.8125,312.5,500.0
1278670,429.6875,-78.125,-882.8125,109.375,406.25,898.4375,679.6875,-46.875,687.5,789.0625,351.5625,406.25,742.1875,312.5,492.1875
1278670,429.6875,-78.125,-882.8125,109.375,406.25,898.4375,679.6875,-46.875,687.5,789.0625,351.5625,406.25,742.1875,312.5,492.1875
1278677,429.6875,-85.9375,-898.4375,109.375,414.0625,906.25,687.5,-31.25,703.125,789.0625,351.5625,406.25,742.1875,320.3125,484.375
1278677,429.6875,-85.9375,-898.4375,109.375,414.0625,906.25,687.5,-31.25,703.125,789.0625,351.5625,406.25,742.1875,320.3125,484.375
1278823,429.6875,-93.75,-898.4375,109.375,390.625,914.0625,710.9375,-62.5,710.9375,820.3125,351.5625,406.25,781.25,304.6875,492.1875
1278823,429.6875,-93.75,-898.4375,109.375,390.625,914.0625,710.9375,-62.5,710.9375,820.3125,351.5625,406.25,781.25,304.6875,492.1875
1278824,437.5,-93.75,-890.625,109.375,382.8125,906.25,710.9375,-54.6875,695.3125,820.3125,343.75,398.4375,789.0625,304.6875,492.1875
1278824,437.5,-93.75,-890.625,109.375,382.8125,906.25,710.9375,-54.6875,695.3125,820.3125,343.75,398.4375,789.0625,304.6875,492.1875
1278831,437.5,-85.9375,-890.625,109.375,390.625,898.4375,703.125,-54.6875,695.3125,820.3125,343.75,398.4375,796.875,304.6875,476.5625
1278831,437.5,-85.9375,-890.625,109.375,390.625,898.4375,703.125,-54.6875,695.3125,820.3125,343.75,398.4375,796.875,304.6875,476.5625
1278839,437.5,-78.125,-890.625,117.1875,390.625,906.25,703.125,-54.6875,695.3125,828.125,343.75,390.625,789.0625,304.6875,484.375
1278839,437.5,-78.125,-890.625,117.1875,390.625,906.25,703.125,-54.6875,695.3125,828.125,343.75,390.625,789.0625,304.6875,484.375
1278985,421.875,-78.125,-914.0625,101.5625,390.625,921.875,703.125,-62.5,710.9375,820.3125,343.75,414.0625,781.25,296.875,500.0
1278985,421.875,-78.125,-914.0625,101.5625,390.625,921.875,703.125,-62.5,710.9375,820.3125,343.75,414.0625,781.25,296.875,500.0
1278985,421.875,-78.125,-890.625,109.375,398.4375,914.0625,703.125,-62.5,710.9375,820.3125,328.125,421.875,773.4375,296.875,500.0
1278985,421.875,-78.125,-890.625,109.375,398.4375,914.0625,703.125,-62.5,710.9375,820.3125,328.125,421.875,773.4375,296.875,500.0
1278993,421.875,-85.9375,-890.625,109.375,390.625,914.0625,695.3125,-62.5,710.9375,820.3125,335.9375,406.25,773.4375,304.6875,500.0
1278993,421.875,-85.9375,-890.625,109.375,390.625,914.0625,695.3125,-62.5,710.9375,820.3125,335.9375,406.25,773.4375,304.6875,500.0
1279001,414.0625,-78.125,-890.625,109.375,398.4375,906.25,695.3125,-62.5,703.125,804.6875,328.125,406.25,773.4375,304.6875,492.1875
1279001,414.0625,-78.125,-890.625,109.375,398.4375,906.25,695.3125,-62.5,703.125,804.6875,328.125,406.25,773.4375,304.6875,492.1875
1279147,421.875,-70.3125,-882.8125,101.5625,406.25,898.4375,687.5,-46.875,710.9375,804.6875,335.9375,406.25,765.625,296.875,492.1875
1279147,421.875,-70.3125,-882.8125,101.5625,406.25,898.4375,687.5,-46.875,710.9375,804.6875,335.9375,406.25,765.625,296.875,492.1875
1279147,414.0625,-78.125,-890.625,101.5625,390.625,906.25,679.6875,-54.6875,710.9375,812.5,328.125,414.0625,765.625,289.0625,492.1875
1279147,414.0625,-78.125,-890.625,101.5625,390.625,906.25,679.6875,-54.6875,710.9375,812.5,328.125,414.0625,765.625,289.0625,492.1875
1279155,414.0625,-78.125,-898.4375,93.75,406.25,898.4375,695.3125,-54.6875,710.9375,804.6875,335.9375,398.4375,773.4375,296.875,492.1875
1279155,414.0625,-78.125,-898.4375,93.75,406.25,898.4375,695.3125,-54.6875,710.9375,804.6875,335.9375,398.4375,773.4375,296.875,492.1875
1279163,421.875,-70.3125,-898.4375,93.75,390.625,906.25,695.3125,-46.875,703.125,812.5,335.9375,406.25,781.25,304.6875,492.1875
1279163,421.875,-70.3125,-898.4375,93.75,390.625,906.25,695.3125,-46.875,703.125,812.5,335.9375,406.25,781.25,304.6875,492.1875
