1277595,1518.125,1185.625,551.25
1277595,1518.125,1185.625,551.25
1277606,3443.125,905.625,1264.375
1277606,3443.125,905.625,1264.375
1277616,2957.5,-1211.875,1671.25
1277616,2957.5,-1211.875,1671.25
1277626,3696.875,-2563.75,3648.75
1277626,3696.875,-2563.75,3648.75
1277636,3119.375,-5573.75,2721.25
1277636,3119.375,-5573.75,2721.25
1277647,1106.875,-5538.75,1715.0
1277647,1106.875,-5538.75,1715.0
1277657,3281.25,-5779.375,3027.5
1277657,3281.25,-5779.375,3027.5
1277667,2401.875,-6055.0,3101.875
1277667,2401.875,-6055.0,3101.875
1277678,2660.0,-5556.25,4996.25
1277678,2660.0,-5556.25,4996.25
1277689,1395.625,-6746.25,3556.875
1277689,1395.625,-6746.25,3556.875
1277698,56.875,-6527.5,2948.75
1277698,56.875,-6527.5,2948.75
1277709,818.125,-6492.5,4086.25
1277709,818.125,-6492.5,4086.25
1277719,183.75,-5766.25,4585.0
1277719,183.75,-5766.25,4585.0
1277729,-183.75,-5166.875,3202.5
1277729,-183.75,-5166.875,3202.5
1277740,-131.25,-4326.875,2791.25
1277740,-131.25,-4326.875,2791.25
1277750,-818.125,-4156.25,3543.75
1277750,-818.125,-4156.25,3543.75
1277760,-984.375,-3710.0,1645.0
1277760,-984.375,-3710.0,1645.0
1277771,-953.75,-2178.75,638.75
1277771,-953.75,-2178.75,638.75
1277781,-122.5,-923.125,2095.625
1277781,-122.5,-923.125,2095.625
1277791,371.875,433.125,1513.75
1277791,371.875,433.125,1513.75
1277802,-975.625,1487.5,-450.625
1277802,-975.625,1487.5,-450.625
1277812,-857.5,1360.625,52.5
1277812,-857.5,1360.625,52.5
1277822,-341.25,2008.125,1211.875
1277822,-341.25,2008.125,1211.875
1277832,-555.625,2126.25,-109.375
1277832,-555.625,2126.25,-109.375
1277843,-1255.625,3132.5,-249.375
1277843,-1255.625,3132.5,-249.375
1277853,577.5,3075.625,1128.75
1277853,577.5,3075.625,1128.75
1277863,8159.375,2821.875,4.375
1277863,8159.375,2821.875,4.375
1277874,7866.25,8526.875,1190.0
1277874,7866.25,8526.875,1190.0
1277885,-24815.0,6444.375,-2082.5
1277885,-24815.0,6444.375,-2082.5
1277894,-38473.75,-9240.0,-1356.25
1277894,-38473.75,-9240.0,-1356.25
1277905,-6094.375,-16489.375,7708.75
1277905,-6094.375,-16489.375,7708.75
1277915,12438.125,-6374.375,7450.625
1277915,12438.125,-6374.375,7450.625
1277925,10058.125,4296.25,1413.125
1277925,10058.125,4296.25,1413.125
1277936,953.75,7424.375,-2244.375
1277936,953.75,7424.375,-2244.375
1277946,-2423.75,1986.25,-1417.5
1277946,-2423.75,1986.25,-1417.5
1277956,-5162.5,1190.0,-555.625
1277956,-5162.5,1190.0,-555.625
1277967,-4637.5,717.5,-2327.5
1277967,-4637.5,717.5,-2327.5
1277977,-6168.75,2458.75,1168.125
1277977,-6168.75,2458.75,1168.125
1277987,-8771.875,4935.0,-30.625
1277987,-8771.875,4935.0,-30.625
1277998,-7161.875,1050.0,555.625
1277998,-7161.875,1050.0,555.625
1278008,-6317.5,402.5,310.625
1278008,-6317.5,402.5,310.625
1278018,-5985.0,2043.125,-301.875
1278018,-5985.0,2043.125,-301.875
1278028,-5136.25,4891.25,-433.125
1278028,-5136.25,4891.25,-433.125
1278039,-3233.125,7901.25,599.375
1278039,-3233.125,7901.25,599.375
1278049,-2808.75,6199.375,568.75
1278049,-2808.75,6199.375,568.75
1278059,-1330.0,1544.375,796.25
1278059,-1330.0,1544.375,796.25
1278070,1662.5,161.875,-546.875
1278070,1662.5,161.875,-546.875
1278081,2270.625,-1741.25,-1071.875
1278081,2270.625,-1741.25,-1071.875
1278090,2760.625,-4628.75,-621.25
1278090,2760.625,-4628.75,-621.25
1278101,3268.125,-6383.125,-638.75
1278101,3268.125,-6383.125,-638.75
1278111,918.75,-8487.5,-411.25
1278111,918.75,-8487.5,-411.25
1278121,-1089.375,-10084.375,-223.125
1278121,-1089.375,-10084.375,-223.125
1278132,-2086.875,-10189.375,-179.375
1278132,-2086.875,-10189.375,-179.375
1278142,-2406.25,-9003.75,179.375
1278142,-2406.25,-9003.75,179.375
1278152,-1505.0,-7078.75,608.125
1278152,-1505.0,-7078.75,608.125
1278163,-61.25,-4733.75,726.25
1278163,-61.25,-4733.75,726.25
1278173,1395.625,-2463.125,599.375
1278173,1395.625,-2463.125,599.375
1278183,2856.875,-1089.375,853.125
1278183,2856.875,-1089.375,853.125
1278194,2655.625,-503.125,796.25
1278194,2655.625,-503.125,796.25
1278204,1881.25,-573.125,940.625
1278204,1881.25,-573.125,940.625
1278214,1133.125,-739.375,1330.0
1278214,1133.125,-739.375,1330.0
1278225,-643.125,-1273.125,1141.875
1278225,-643.125,-1273.125,1141.875
1278235,-1225.0,-2069.375,1168.125
1278235,-1225.0,-2069.375,1168.125
1278245,-170.625,-2708.125,1588.125
1278245,-170.625,-2708.125,1588.125
1278255,262.5,-2314.375,1566.25
1278255,262.5,-2314.375,1566.25
1278266,-179.375,-1658.125,1456.875
1278266,-179.375,-1658.125,1456.875
1278277,-726.25,-1736.875,1553.125
1278277,-726.25,-1736.875,1553.125
1278286,-1286.25,-1478.75,1496.25
1278286,-1286.25,-1478.75,1496.25
1278297,-1566.25,-1067.5,1343.125
1278297,-1566.25,-1067.5,1343.125
1278307,-1098.125,-1229.375,1260.0
1278307,-1098.125,-1229.375,1260.0
1278317,-678.125,-1732.5,1347.5
1278317,-678.125,-1732.5,1347.5
1278328,-805.0,-2008.125,1203.125
1278328,-805.0,-2008.125,1203.125
1278338,-1688.75,-1863.75,826.875
1278338,-1688.75,-1863.75,826.875
1278348,-2288.125,-1312.5,415.625
1278348,-2288.125,-1312.5,415.625
1278359,-1439.375,-463.75,105.0
1278359,-1439.375,-463.75,105.0
1278369,8.75,371.875,30.625
1278369,8.75,371.875,30.625
1278379,818.125,739.375,-52.5
1278379,818.125,739.375,-52.5
1278390,1198.75,74.375,-56.875
1278390,1198.75,74.375,-56.875
1278400,1067.5,-1255.625,-87.5
1278400,1067.5,-1255.625,-87.5
1278410,420.0,-2436.875,-153.125
1278410,420.0,-2436.875,-153.125
1278421,126.875,-2979.375,-148.75
1278421,126.875,-2979.375,-148.75
1278431,455.0,-3141.25,91.875
1278431,455.0,-3141.25,91.875
1278441,476.875,-2988.125,288.75
1278441,476.875,-2988.125,288.75
1278451,166.25,-2616.25,345.625
1278451,166.25,-2616.25,345.625
1278462,-109.375,-2148.125,280.0
1278462,-109.375,-2148.125,280.0
1278472,74.375,-1728.125,236.25
1278472,74.375,-1728.125,236.25
1278482,179.375,-1636.25,350.0
1278482,179.375,-1636.25,350.0
1278493,380.625,-1824.375,542.5
1278493,380.625,-1824.375,542.5
1278503,1054.375,-2130.625,700.0
1278503,1054.375,-2130.625,700.0
1278513,1535.625,-2187.5,717.5
1278513,1535.625,-2187.5,717.5
1278524,-39.375,-2143.75,704.375
1278524,-39.375,-2143.75,704.375
1278534,-1330.0,-2576.875,651.875
1278534,-1330.0,-2576.875,651.875
1278544,-188.125,-2804.375,861.875
1278544,-188.125,-2804.375,861.875
1278555,796.25,-2126.25,853.125
1278555,796.25,-2126.25,853.125
1278565,1155.0,-1356.25,651.875
1278565,1155.0,-1356.25,651.875
1278576,595.0,-1155.0,643.125
1278576,595.0,-1155.0,643.125
1278586,-507.5,-1365.0,573.125
1278586,-507.5,-1365.0,573.125
1278596,-888.125,-1544.375,686.875
1278596,-888.125,-1544.375,686.875
1278606,-612.5,-1496.25,730.625
1278606,-612.5,-1496.25,730.625
1278617,-258.125,-1168.125,586.25
1278617,-258.125,-1168.125,586.25
1278627,258.125,-918.75,420.0
1278627,258.125,-918.75,420.0
1278637,1076.25,-866.25,420.0
1278637,1076.25,-866.25,420.0
1278647,1089.375,-800.625,472.5
1278647,1089.375,-800.625,472.5
1278658,568.75,-621.25,415.625
1278658,568.75,-621.25,415.625
1278668,35.0,-494.375,262.5
1278668,35.0,-494.375,262.5
1278678,-48.125,-402.5,319.375
1278678,-48.125,-402.5,319.375
1278689,8.75,-420.0,463.75
1278689,8.75,-420.0,463.75
1278699,-78.75,-424.375,441.875
1278699,-78.75,-424.375,441.875
1278709,218.75,-481.25,406.875
1278709,218.75,-481.25,406.875
1278720,529.375,-621.25,345.625
1278720,529.375,-621.25,345.625
1278730,140.0,-630.0,236.25
1278730,140.0,-630.0,236.25
1278741,-196.875,-796.25,144.375
1278741,-196.875,-796.25,144.375
1278751,-236.25,-980.0,113.75
1278751,-236.25,-980.0,113.75
1278761,-21.875,-1063.125,83.125
1278761,-21.875,-1063.125,83.125
1278771,721.875,-1080.625,271.25
1278771,721.875,-1080.625,271.25
1278782,713.125,-1120.0,183.75
1278782,713.125,-1120.0,183.75
1278792,280.0,-1207.5,148.75
1278792,280.0,-1207.5,148.75
1278802,4.375,-1526.875,179.375
1278802,4.375,-1526.875,179.375
1278813,-231.875,-1631.875,135.625
1278813,-231.875,-1631.875,135.625
1278823,122.5,-1500.625,65.625
1278823,122.5,-1500.625,65.625
1278833,783.125,-1343.125,74.375
1278833,783.125,-1343.125,74.375
1278844,704.375,-1211.875,35.0
1278844,704.375,-1211.875,35.0
1278854,660.625,-1260.0,140.0
1278854,660.625,-1260.0,140.0
1278864,319.375,-1373.75,175.0
1278864,319.375,-1373.75,175.0
1278874,-245.0,-1439.375,140.0
1278874,-245.0,-1439.375,140.0
1278885,-13.125,-1509.375,122.5
1278885,-13.125,-1509.375,122.5
1278896,577.5,-1426.25,253.75
1278896,577.5,-1426.25,253.75
1278905,441.875,-1032.5,126.875
1278905,441.875,-1032.5,126.875
1278916,398.125,-949.375,122.5
1278916,398.125,-949.375,122.5
1278926,459.375,-1098.125,214.375
1278926,459.375,-1098.125,214.375
1278937,380.625,-739.375,166.25
1278937,380.625,-739.375,166.25
1278947,214.375,-616.875,113.75
1278947,214.375,-616.875,113.75
1278957,183.75,-748.125,126.875
1278957,183.75,-748.125,126.875
1278968,546.875,-818.125,131.25
1278968,546.875,-818.125,131.25
1278978,1058.75,-682.5,148.75
1278978,1058.75,-682.5,148.75
1278988,651.875,-686.875,-122.5
1278988,651.875,-686.875,-122.5
1278998,8.75,-997.5,-140.0
1278998,8.75,-997.5,-140.0
1279009,113.75,-931.875,188.125
1279009,113.75,-931.875,188.125
1279019,-923.125,-695.625,161.875
1279019,-923.125,-695.625,161.875
1279029,-1767.5,-1023.75,-8.75
1279029,-1767.5,-1023.75,-8.75
1279040,-350.0,-1767.5,205.625
1279040,-350.0,-1767.5,205.625
1279050,1133.125,-1491.875,380.625
1279050,1133.125,-1491.875,380.625
1279060,682.5,-472.5,258.125
1279060,682.5,-472.5,258.125
1279071,-498.75,-560.0,17.5
1279071,-498.75,-560.0,17.5
1279081,-573.125,-1255.625,61.25
1279081,-573.125,-1255.625,61.25
1279092,-555.625,-1102.5,192.5
1279092,-555.625,-1102.5,192.5
1279101,-805.0,-796.25,236.25
1279101,-805.0,-796.25,236.25
1279112,-665.0,-1273.125,398.125
1279112,-665.0,-1273.125,398.125
1279122,-1176.875,-1540.0,336.875
1279122,-1176.875,-1540.0,336.875
1279133,-1570.625,-1693.125,306.25
1279133,-1570.625,-1693.125,306.25
1279143,-1089.375,-1631.875,166.25
1279143,-1089.375,-1631.875,166.25
1279153,-297.5,-1058.75,56.875
1279153,-297.5,-1058.75,56.875
1279164,389.375,-420.0,-52.5
1279164,389.375,-420.0,-52.5
1279174,984.375,-468.125,-135.625
1279174,984.375,-468.125,-135.625
1279184,1653.75,-844.375,-39.375
1279184,1653.75,-844.375,-39.375
1279194,1680.0,-1233.75,70.0
1279194,1680.0,-1233.75,70.0
1279205,866.25,-1518.125,-13.125
1279205,866.25,-1518.125,-13.125
1279215,520.625,-1846.25,196.875
1279215,520.625,-1846.25,196.875
1279225,-210.0,-1911.875,236.25
1279225,-210.0,-1911.875,236.25
1279236,-656.25,-1859.375,249.375
1279236,-656.25,-1859.375,249.375
1279246,-713.125,-1496.25,231.875
1279246,-713.125,-1496.25,231.875
1279256,-708.75,-818.125,297.5
1279256,-708.75,-818.125,297.5
1279267,245.0,-280.0,262.5
1279267,245.0,-280.0,262.5
1279277,905.625,205.625,144.375
1279277,905.625,205.625,144.375
1279287,1146.25,398.125,56.875
1279287,1146.25,398.125,56.875
1279297,1360.625,153.125,74.375
1279297,1360.625,153.125,74.375
1279308,1404.375,-43.75,201.25
1279308,1404.375,-43.75,201.25
1279318,1163.75,-170.625,166.25
1279318,1163.75,-170.625,166.25
1279329,170.625,-459.375,113.75
1279329,170.625,-459.375,113.75
1279339,21.875,-853.125,284.375
1279339,21.875,-853.125,284.375
1279349,599.375,-1054.375,411.25
1279349,599.375,-1054.375,411.25
1279360,450.625,-905.625,332.5
1279360,450.625,-905.625,332.5
1279370,-280.0,-923.125,266.875
1279370,-280.0,-923.125,266.875
1279380,-546.875,-1028.125,341.25
1279380,-546.875,-1028.125,341.25
1279390,-345.625,-726.25,328.125
1279390,-345.625,-726.25,328.125
1279400,-56.875,-520.625,227.5
1279400,-56.875,-520.625,227.5
1279411,293.125,-455.0,161.875
1279411,293.125,-455.0,161.875
1279421,398.125,-262.5,166.25
1279421,398.125,-262.5,166.25
1279432,231.875,-358.75,223.125
1279432,231.875,-358.75,223.125
1279442,26.25,-595.0,275.625
1279442,26.25,-595.0,275.625
1279452,140.0,-730.625,236.25
1279452,140.0,-730.625,236.25
1279463,210.0,-770.0,293.125
1279463,210.0,-770.0,293.125
1279473,161.875,-962.5,354.375
1279473,161.875,-962.5,354.375
1279483,380.625,-1006.25,398.125
1279483,380.625,-1006.25,398.125
1279494,717.5,-936.25,183.75
1279494,717.5,-936.25,183.75
1279504,835.625,-739.375,131.25
1279504,835.625,-739.375,131.25
1279514,936.25,-888.125,166.25
1279514,936.25,-888.125,166.25
1279524,1106.875,-1071.875,183.75
1279524,1106.875,-1071.875,183.75
1279535,1028.125,-958.125,284.375
1279535,1028.125,-958.125,284.375
1279545,1023.75,-525.0,284.375
1279545,1023.75,-525.0,284.375
1279555,1146.25,-288.75,135.625
1279555,1146.25,-288.75,135.625
1279566,1198.75,-65.625,201.25
1279566,1198.75,-65.625,201.25
1279576,857.5,-83.125,4.375
1279576,857.5,-83.125,4.375
1279586,756.875,21.875,-61.25
1279586,756.875,21.875,-61.25
1279597,459.375,-91.875,56.875
1279597,459.375,-91.875,56.875
1279607,-26.25,-131.25,105.0
1279607,-26.25,-131.25,105.0
1279617,-358.75,43.75,144.375
1279617,-358.75,43.75,144.375
1279628,-253.75,323.75,161.875
1279628,-253.75,323.75,161.875
1279638,315.0,393.75,175.0
1279638,315.0,393.75,175.0
1279648,595.0,393.75,253.75
1279648,595.0,393.75,253.75
1279659,376.25,770.0,249.375
1279659,376.25,770.0,249.375
1279669,271.25,1067.5,183.75
1279669,271.25,1067.5,183.75
1279679,525.0,914.375,306.25
1279679,525.0,914.375,306.25
1279690,-245.0,914.375,249.375
1279690,-245.0,914.375,249.375
1279700,-455.0,752.5,406.875
1279700,-455.0,752.5,406.875
1279710,-476.875,336.875,476.875
1279710,-476.875,336.875,476.875
1279721,-910.0,131.25,398.125
1279721,-910.0,131.25,398.125
1279731,-1128.75,70.0,280.0
1279731,-1128.75,70.0,280.0
1279741,-660.625,332.5,310.625
1279741,-660.625,332.5,310.625
1279752,-288.75,651.875,253.75
1279752,-288.75,651.875,253.75
1279762,-275.625,800.625,78.75
1279762,-275.625,800.625,78.75
1279772,-258.125,962.5,-13.125
1279772,-258.125,962.5,-13.125
1279783,0.0,1290.625,-13.125
1279783,0.0,1290.625,-13.125
1279793,-415.625,1369.375,-118.125
1279793,-415.625,1369.375,-118.125
1279802,-813.75,1032.5,-144.375
1279802,-813.75,1032.5,-144.375
1279813,-227.5,1085.0,21.875
1279813,-227.5,1085.0,21.875
1279824,-568.75,1255.625,126.875
1279824,-568.75,1255.625,126.875
1279833,-1841.875,835.625,-35.0
1279833,-1841.875,835.625,-35.0
1279844,-1028.125,245.0,0.0
1279844,-1028.125,245.0,0.0
1279855,831.25,183.75,227.5
1279855,831.25,183.75,227.5
1279865,1150.625,1343.125,240.625
1279865,1150.625,1343.125,240.625
1279875,-70.0,1898.75,-105.0
1279875,-70.0,1898.75,-105.0
1279886,-1150.625,1360.625,-122.5
1279886,-1150.625,1360.625,-122.5
1279896,-682.5,695.625,30.625
1279896,-682.5,695.625,30.625
1279905,-192.5,573.125,205.625
1279905,-192.5,573.125,205.625
1279917,-822.5,503.125,245.0
1279917,-822.5,503.125,245.0
1279927,-1229.375,-70.0,310.625
1279927,-1229.375,-70.0,310.625
1279937,-1483.125,-402.5,301.875
1279937,-1483.125,-402.5,301.875
1279948,-1185.625,-100.625,201.25
1279948,-1185.625,-100.625,201.25
1279958,-643.125,367.5,-8.75
1279958,-643.125,367.5,-8.75
1279968,96.25,1036.875,-166.25
1279968,96.25,1036.875,-166.25
1279978,415.625,1474.375,-424.375
1279978,415.625,1474.375,-424.375
1279989,883.75,1133.125,-350.0
1279989,883.75,1133.125,-350.0
1279999,616.875,490.0,-284.375
1279999,616.875,490.0,-284.375
1280009,280.0,131.25,-275.625
1280009,280.0,131.25,-275.625
1280020,-30.625,-131.25,-87.5
1280020,-30.625,-131.25,-87.5
1280030,-608.125,-52.5,-83.125
1280030,-608.125,-52.5,-83.125
1280040,-796.25,105.0,-153.125
1280040,-796.25,105.0,-153.125
1280051,-953.75,415.625,-122.5
1280051,-953.75,415.625,-122.5
1280061,-953.75,612.5,-100.625
1280061,-953.75,612.5,-100.625
1280071,-651.875,774.375,-218.75
1280071,-651.875,774.375,-218.75
1280082,-450.625,1089.375,-323.75
1280082,-450.625,1089.375,-323.75
1280092,-91.875,1080.625,-437.5
1280092,-91.875,1080.625,-437.5
1280102,520.625,1102.5,-393.75
1280102,520.625,1102.5,-393.75
1280113,988.75,1281.875,-223.125
1280113,988.75,1281.875,-223.125
1280123,358.75,1535.625,-376.25
1280123,358.75,1535.625,-376.25
1280133,-896.875,1290.625,-463.75
1280133,-896.875,1290.625,-463.75
1280144,-1391.25,1071.875,-463.75
1280144,-1391.25,1071.875,-463.75
1280154,-564.375,1225.0,-376.25
1280154,-564.375,1225.0,-376.25
1280164,179.375,1391.25,-223.125
1280164,179.375,1391.25,-223.125
1280175,-35.0,1456.875,-140.0
1280175,-35.0,1456.875,-140.0
1280185,-603.75,1207.5,-188.125
1280185,-603.75,1207.5,-188.125
1280195,-765.625,1133.125,-240.625
1280195,-765.625,1133.125,-240.625
1280205,-805.0,1255.625,-91.875
1280205,-805.0,1255.625,-91.875
1280216,-743.75,1141.875,-258.125
1280216,-743.75,1141.875,-258.125
1280226,-595.0,988.75,-336.875
1280226,-595.0,988.75,-336.875
1280236,-363.125,634.375,-236.25
1280236,-363.125,634.375,-236.25
1280247,354.375,468.125,-148.75
1280247,354.375,468.125,-148.75
1280257,297.5,647.5,-306.25
1280257,297.5,647.5,-306.25
1280267,-13.125,494.375,-245.0
1280267,-13.125,494.375,-245.0
1280278,-196.875,363.125,-118.125
1280278,-196.875,363.125,-118.125
1280288,-621.25,350.0,-126.875
1280288,-621.25,350.0,-126.875
1280298,-931.875,323.75,-148.75
1280298,-931.875,323.75,-148.75
1280309,-1001.875,450.625,-258.125
1280309,-1001.875,450.625,-258.125
1280319,-835.625,516.25,-249.375
1280319,-835.625,516.25,-249.375
1280329,-481.25,581.875,-262.5
1280329,-481.25,581.875,-262.5
1280340,-323.75,625.625,-354.375
1280340,-323.75,625.625,-354.375
1280350,-293.125,651.875,-415.625
1280350,-293.125,651.875,-415.625
1280360,-161.875,621.25,-376.25
1280360,-161.875,621.25,-376.25
1280371,-236.25,490.0,-371.875
1280371,-236.25,490.0,-371.875
1280381,-310.625,437.5,-376.25
1280381,-310.625,437.5,-376.25
1280391,-231.875,345.625,-393.75
1280391,-231.875,345.625,-393.75
1280401,-153.125,83.125,-350.0
1280401,-153.125,83.125,-350.0
1280412,96.25,-61.25,-319.375
1280412,96.25,-61.25,-319.375
1280422,140.0,-131.25,-319.375
1280422,140.0,-131.25,-319.375
1280432,218.75,-183.75,-345.625
1280432,218.75,-183.75,-345.625
1280443,52.5,-240.625,-350.0
1280443,52.5,-240.625,-350.0
1280453,-245.0,-122.5,-520.625
1280453,-245.0,-122.5,-520.625
1280463,-61.25,-65.625,-433.125
1280463,-61.25,-65.625,-433.125
1280474,183.75,-231.875,-389.375
1280474,183.75,-231.875,-389.375
1280484,376.25,-446.25,-310.625
1280484,376.25,-446.25,-310.625
1280495,678.125,-651.875,-262.5
1280495,678.125,-651.875,-262.5
1280505,761.25,-940.625,-140.0
1280505,761.25,-940.625,-140.0
1280515,503.125,-971.25,-231.875
1280515,503.125,-971.25,-231.875
1280525,240.625,-743.75,-266.875
1280525,240.625,-743.75,-266.875
1280536,74.375,-910.0,-175.0
1280536,74.375,-910.0,-175.0
1280546,-87.5,-1181.25,-249.375
1280546,-87.5,-1181.25,-249.375
1280556,205.625,-1233.75,-140.0
1280556,205.625,-1233.75,-140.0
1280567,958.125,-1233.75,-52.5
1280567,958.125,-1233.75,-52.5
1280577,975.625,-962.5,-166.25
1280577,975.625,-962.5,-166.25
1280587,708.75,-1054.375,-262.5
1280587,708.75,-1054.375,-262.5
1280598,918.75,-1343.125,-131.25
1280598,918.75,-1343.125,-131.25
1280608,953.75,-1268.75,-131.25
1280608,953.75,-1268.75,-131.25
1280618,-126.875,-1575.0,-306.25
1280618,-126.875,-1575.0,-306.25
1280628,-415.625,-2152.5,-170.625
1280628,-415.625,-2152.5,-170.625
1280639,1386.875,-2135.0,135.625
1280639,1386.875,-2135.0,135.625
1280649,1929.375,-988.75,179.375
1280649,1929.375,-988.75,179.375
1280659,708.75,-538.125,0.0
1280659,708.75,-538.125,0.0
1280670,91.875,-1015.0,-91.875
1280670,91.875,-1015.0,-91.875
