1250501,2616.25,1050.0,-249.375
1250501,2616.25,1050.0,-249.375
1250511,2043.125,818.125,-100.625
1250511,2043.125,818.125,-100.625
1250521,1981.875,818.125,13.125
1250521,1981.875,818.125,13.125
1250532,1785.0,472.5,39.375
1250532,1785.0,472.5,39.375
1250542,2148.125,424.375,100.625
1250542,2148.125,424.375,100.625
1250552,2528.75,332.5,210.0
1250552,2528.75,332.5,210.0
1250563,2528.75,-258.125,214.375
1250563,2528.75,-258.125,214.375
1250573,2493.75,-1001.875,455.0
1250573,2493.75,-1001.875,455.0
1250583,2375.625,-1483.125,691.25
1250583,2375.625,-1483.125,691.25
1250594,1916.25,-1448.125,818.125
1250594,1916.25,-1448.125,818.125
1250604,1373.75,-1229.375,647.5
1250604,1373.75,-1229.375,647.5
1250614,1181.25,-1194.375,678.125
1250614,1181.25,-1194.375,678.125
1250624,507.5,-1242.5,240.625
1250624,507.5,-1242.5,240.625
1250635,109.375,-2541.875,-148.75
1250635,109.375,-2541.875,-148.75
1250645,-17.5,-271.25,166.25
1250645,-17.5,-271.25,166.25
1250655,380.625,1596.875,-35.0
1250655,380.625,1596.875,-35.0
1250666,266.875,1513.75,-336.875
1250666,266.875,1513.75,-336.875
1250676,520.625,2292.5,-498.75
1250676,520.625,2292.5,-498.75
1250686,494.375,2384.375,-551.25
1250686,494.375,2384.375,-551.25
1250697,61.25,2362.5,-853.125
1250697,61.25,2362.5,-853.125
1250707,-144.375,1951.25,-888.125
1250707,-144.375,1951.25,-888.125
1250717,-424.375,1413.125,-686.875
1250717,-424.375,1413.125,-686.875
1250728,-857.5,1137.5,-564.375
1250728,-857.5,1137.5,-564.375
1250738,-1645.0,1483.125,-656.25
1250738,-1645.0,1483.125,-656.25
1250748,-2008.125,2043.125,-861.875
1250748,-2008.125,2043.125,-861.875
1250759,-2791.25,2240.0,-1465.625
1250759,-2791.25,2240.0,-1465.625
1250769,-3403.75,2349.375,-1885.625
1250769,-3403.75,2349.375,-1885.625
1250779,4830.0,3898.125,-2493.75
1250779,4830.0,3898.125,-2493.75
1250790,12346.25,13492.5,2905.0
1250790,12346.25,13492.5,2905.0
1250799,-41256.25,15071.875,9703.75
1250799,-41256.25,15071.875,9703.75
1250810,-58161.25,-13111.875,9003.75
1250810,-58161.25,-13111.875,9003.75
1250821,-19083.75,-18545.625,10661.875
1250821,-19083.75,-18545.625,10661.875
1250831,13536.25,-1386.875,-179.375
1250831,13536.25,-1386.875,-179.375
1250841,13011.25,8706.25,-6566.875
1250841,13011.25,8706.25,-6566.875
1250851,8526.875,9235.625,-6663.125
1250851,8526.875,9235.625,-6663.125
1250862,9983.75,9716.875,-3644.375
1250862,9983.75,9716.875,-3644.375
1250872,2336.25,10976.875,-1430.625
1250872,2336.25,10976.875,-1430.625
1250882,-8898.75,11270.0,-1159.375
1250882,-8898.75,11270.0,-1159.375
1250893,-10106.25,9721.25,288.75
1250893,-10106.25,9721.25,288.75
1250903,-8715.0,8421.875,345.625
1250903,-8715.0,8421.875,345.625
1250913,-6908.125,6973.75,-153.125
1250913,-6908.125,6973.75,-153.125
1250924,-4051.25,6623.75,-564.375
1250924,-4051.25,6623.75,-564.375
1250934,-1951.25,8986.25,-1238.125
1250934,-1951.25,8986.25,-1238.125
1250944,-621.25,12481.875,-1640.625
1250944,-621.25,12481.875,-1640.625
1250954,726.25,14896.875,-1767.5
1250954,726.25,14896.875,-1767.5
1250965,1015.0,12070.625,-1680.0
1250965,1015.0,12070.625,-1680.0
1250975,-402.5,8015.0,-1041.25
1250975,-402.5,8015.0,-1041.25
1250985,-2222.5,2673.125,-245.0
1250985,-2222.5,2673.125,-245.0
1250996,-2699.375,-2406.25,105.0
1250996,-2699.375,-2406.25,105.0
1251006,-2078.125,-5075.0,118.125
1251006,-2078.125,-5075.0,118.125
1251017,-1028.125,-7315.0,227.5
1251017,-1028.125,-7315.0,227.5
1251027,-945.0,-9056.25,516.25
1251027,-945.0,-9056.25,516.25
1251037,-1448.125,-10530.625,936.25
1251037,-1448.125,-10530.625,936.25
1251047,-2091.25,-11086.25,1233.75
1251047,-2091.25,-11086.25,1233.75
1251058,-2664.375,-10351.25,1303.75
1251058,-2664.375,-10351.25,1303.75
1251068,-2244.375,-8566.25,1015.0
1251068,-2244.375,-8566.25,1015.0
1251078,-293.125,-5823.125,695.625
1251078,-293.125,-5823.125,695.625
1251089,1789.375,-2961.875,603.75
1251089,1789.375,-2961.875,603.75
1251099,2721.25,-1032.5,756.875
1251099,2721.25,-1032.5,756.875
1251110,2646.875,-218.75,848.75
1251110,2646.875,-218.75,848.75
1251119,2441.25,-376.25,1067.5
1251119,2441.25,-376.25,1067.5
1251130,1741.25,-1015.0,1408.75
1251130,1741.25,-1015.0,1408.75
1251140,507.5,-1767.5,1627.5
1251140,507.5,-1767.5,1627.5
1251151,-625.625,-2388.75,1911.875
1251151,-625.625,-2388.75,1911.875
1251161,-1369.375,-2537.5,2008.125
1251161,-1369.375,-2537.5,2008.125
1251171,-2078.125,-2436.875,2143.75
1251171,-2078.125,-2436.875,2143.75
1251182,-2305.625,-2366.875,2095.625
1251182,-2305.625,-2366.875,2095.625
1251192,-2025.625,-2375.625,1894.375
1251192,-2025.625,-2375.625,1894.375
1251202,-1461.25,-2165.625,1662.5
1251202,-1461.25,-2165.625,1662.5
1251213,-236.25,-1942.5,1120.0
1251213,-236.25,-1942.5,1120.0
1251223,1036.875,-1885.625,783.125
1251223,1036.875,-1885.625,783.125
1251233,490.0,-1723.75,485.625
1251233,490.0,-1723.75,485.625
1251243,293.125,-1741.25,590.625
1251243,293.125,-1741.25,590.625
1251254,-266.875,-1006.25,459.375
1251254,-266.875,-1006.25,459.375
1251265,-170.625,-498.75,183.75
1251265,-170.625,-498.75,183.75
1251274,498.75,-463.75,218.75
1251274,498.75,-463.75,218.75
1251285,262.5,-376.25,498.75
1251285,262.5,-376.25,498.75
1251295,-332.5,-166.25,761.25
1251295,-332.5,-166.25,761.25
1251306,-1456.875,144.375,643.125
1251306,-1456.875,144.375,643.125
1251316,-1942.5,-393.75,678.125
1251316,-1942.5,-393.75,678.125
1251326,-1251.25,-743.75,573.125
1251326,-1251.25,-743.75,573.125
1251336,-144.375,-708.75,402.5
1251336,-144.375,-708.75,402.5
1251347,879.375,-315.0,476.875
1251347,879.375,-315.0,476.875
1251357,905.625,-363.125,376.25
1251357,905.625,-363.125,376.25
1251367,840.0,-1093.75,275.625
1251367,840.0,-1093.75,275.625
1251378,1194.375,-1754.375,411.25
1251378,1194.375,-1754.375,411.25
1251388,1273.125,-2126.25,476.875
1251388,1273.125,-2126.25,476.875
1251398,1395.625,-2371.25,700.0
1251398,1395.625,-2371.25,700.0
1251408,1295.0,-2498.125,717.5
1251408,1295.0,-2498.125,717.5
1251418,455.0,-2725.625,603.75
1251418,455.0,-2725.625,603.75
1251429,144.375,-3101.875,700.0
1251429,144.375,-3101.875,700.0
1251440,367.5,-3066.875,822.5
1251440,367.5,-3066.875,822.5
1251450,643.125,-2852.5,813.75
1251450,643.125,-2852.5,813.75
1251460,1041.25,-2467.5,656.25
1251460,1041.25,-2467.5,656.25
1251470,1435.0,-2489.375,616.875
1251470,1435.0,-2489.375,616.875
1251481,1465.625,-2620.625,546.875
1251481,1465.625,-2620.625,546.875
1251491,1268.75,-2843.75,673.75
1251491,1268.75,-2843.75,673.75
1251502,1128.75,-3062.5,634.375
1251502,1128.75,-3062.5,634.375
1251512,708.75,-2493.75,595.0
1251512,708.75,-2493.75,595.0
1251522,332.5,-2012.5,398.125
1251522,332.5,-2012.5,398.125
1251532,472.5,-1806.875,428.75
1251532,472.5,-1806.875,428.75
1251543,402.5,-1430.625,494.375
1251543,402.5,-1430.625,494.375
1251553,345.625,-883.75,455.0
1251553,345.625,-883.75,455.0
1251563,752.5,-700.0,402.5
1251563,752.5,-700.0,402.5
1251574,621.25,-621.25,214.375
1251574,621.25,-621.25,214.375
1251584,678.125,-603.75,135.625
1251584,678.125,-603.75,135.625
1251594,818.125,-542.5,175.0
1251594,818.125,-542.5,175.0
1251605,608.125,-822.5,205.625
1251605,608.125,-822.5,205.625
1251615,433.125,-861.875,280.0
1251615,433.125,-861.875,280.0
1251625,161.875,-787.5,258.125
1251625,161.875,-787.5,258.125
1251636,358.75,-940.625,236.25
1251636,358.75,-940.625,236.25
1251646,520.625,-1211.875,301.875
1251646,520.625,-1211.875,301.875
1251657,223.125,-1478.75,253.75
1251657,223.125,-1478.75,253.75
1251666,678.125,-1522.5,245.0
1251666,678.125,-1522.5,245.0
1251677,1120.0,-910.0,83.125
1251677,1120.0,-910.0,83.125
1251687,958.125,-721.875,13.125
1251687,958.125,-721.875,13.125
1251697,1150.625,-1089.375,-21.875
1251697,1150.625,-1089.375,-21.875
1251708,1413.125,-700.0,113.75
1251708,1413.125,-700.0,113.75
1251718,240.625,-778.75,144.375
1251718,240.625,-778.75,144.375
1251729,-245.0,-2034.375,118.125
1251729,-245.0,-2034.375,118.125
1251739,752.5,-2572.5,175.0
1251739,752.5,-2572.5,175.0
1251749,1723.75,-2130.625,100.625
1251749,1723.75,-2130.625,100.625
1251759,1920.625,-1246.875,262.5
1251759,1920.625,-1246.875,262.5
1251770,245.0,-1185.625,218.75
1251770,245.0,-1185.625,218.75
1251780,-748.125,-2165.625,205.625
1251780,-748.125,-2165.625,205.625
1251790,-35.0,-2401.875,463.75
1251790,-35.0,-2401.875,463.75
1251801,-376.25,-2253.125,542.5
1251801,-376.25,-2253.125,542.5
1251811,-1290.625,-2371.25,455.0
1251811,-1290.625,-2371.25,455.0
1251821,-1745.625,-2926.875,577.5
1251821,-1745.625,-2926.875,577.5
1251832,-1623.125,-3167.5,612.5
1251832,-1623.125,-3167.5,612.5
1251842,-1176.875,-2703.75,398.125
1251842,-1176.875,-2703.75,398.125
1251853,210.0,-1605.625,144.375
1251853,210.0,-1605.625,144.375
1251863,971.25,-411.25,-61.25
1251863,971.25,-411.25,-61.25
1251873,402.5,13.125,-398.125
1251873,402.5,13.125,-398.125
1251883,625.625,-1198.75,-288.75
1251883,625.625,-1198.75,-288.75
1251893,656.25,-2655.625,0.0
1251893,656.25,-2655.625,0.0
1251904,284.375,-3294.375,196.875
1251904,284.375,-3294.375,196.875
1251914,315.0,-3281.25,437.5
1251914,315.0,-3281.25,437.5
1251925,468.125,-2940.0,590.625
1251925,468.125,-2940.0,590.625
1251935,-61.25,-2445.625,581.875
1251935,-61.25,-2445.625,581.875
1251945,-511.875,-1898.75,603.75
1251945,-511.875,-1898.75,603.75
1251955,-463.75,-1233.75,459.375
1251955,-463.75,-1233.75,459.375
1251966,-131.25,-564.375,398.125
1251966,-131.25,-564.375,398.125
1251976,-105.0,-61.25,271.25
1251976,-105.0,-61.25,271.25
1251986,249.375,-96.25,323.75
1251986,249.375,-96.25,323.75
1251997,306.25,-170.625,258.125
1251997,306.25,-170.625,258.125
1252007,686.875,-560.0,385.0
1252007,686.875,-560.0,385.0
1252017,-306.25,-1137.5,371.875
1252017,-306.25,-1137.5,371.875
1252028,-494.375,-1085.0,415.625
1252028,-494.375,-1085.0,415.625
1252038,100.625,-813.75,336.875
1252038,100.625,-813.75,336.875
1252048,603.75,-791.875,100.625
1252048,603.75,-791.875,100.625
1252058,914.375,-818.125,205.625
1252058,914.375,-818.125,205.625
1252069,350.0,-980.0,231.875
1252069,350.0,-980.0,231.875
1252078,-297.5,-1404.375,415.625
1252078,-297.5,-1404.375,415.625
1252090,-595.0,-1605.625,555.625
1252090,-595.0,-1605.625,555.625
1252100,-446.25,-1470.0,376.25
1252100,-446.25,-1470.0,376.25
1252110,179.375,-1111.25,192.5
1252110,179.375,-1111.25,192.5
1252121,595.0,-791.875,8.75
1252121,595.0,-791.875,8.75
1252131,870.625,-743.75,-39.375
1252131,870.625,-743.75,-39.375
1252141,568.75,-682.5,56.875
1252141,568.75,-682.5,56.875
1252152,437.5,-993.125,201.25
1252152,437.5,-993.125,201.25
1252162,507.5,-1216.25,253.75
1252162,507.5,-1216.25,253.75
1252172,678.125,-1001.875,236.25
1252172,678.125,-1001.875,236.25
1252182,896.875,-840.0,227.5
1252182,896.875,-840.0,227.5
1252193,984.375,-542.5,-21.875
1252193,984.375,-542.5,-21.875
1252203,940.625,-424.375,-210.0
1252203,940.625,-424.375,-210.0
1252213,1093.75,-796.25,-100.625
1252213,1093.75,-796.25,-100.625
1252223,756.875,-918.75,-35.0
1252223,756.875,-918.75,-35.0
1252234,516.25,-993.125,21.875
1252234,516.25,-993.125,21.875
1252244,371.875,-1137.5,87.5
1252244,371.875,-1137.5,87.5
1252255,192.5,-1242.5,179.375
1252255,192.5,-1242.5,179.375
1252265,170.625,-1351.875,328.125
1252265,170.625,-1351.875,328.125
1252275,-153.125,-1461.25,385.0
1252275,-153.125,-1461.25,385.0
1252286,-192.5,-1351.875,485.625
1252286,-192.5,-1351.875,485.625
1252296,-441.875,-1312.5,533.75
1252296,-441.875,-1312.5,533.75
1252306,-315.0,-1128.75,376.25
1252306,-315.0,-1128.75,376.25
1252317,-385.0,-1386.875,818.125
1252317,-385.0,-1386.875,818.125
1252327,-1960.0,-1028.125,503.125
1252327,-1960.0,-1028.125,503.125
1252337,-1859.375,-1071.875,433.125
1252337,-1859.375,-1071.875,433.125
1252348,-1207.5,-1032.5,555.625
1252348,-1207.5,-1032.5,555.625
1252358,-923.125,-813.75,481.25
1252358,-923.125,-813.75,481.25
1252368,-748.125,-721.875,367.5
1252368,-748.125,-721.875,367.5
1252378,-376.25,-660.625,393.75
1252378,-376.25,-660.625,393.75
1252389,-83.125,-573.125,398.125
1252389,-83.125,-573.125,398.125
1252399,-170.625,-511.875,223.125
1252399,-170.625,-511.875,223.125
1252409,-231.875,-673.75,249.375
1252409,-231.875,-673.75,249.375
1252420,-345.625,-945.0,389.375
1252420,-345.625,-945.0,389.375
1252430,-463.75,-1176.875,428.75
1252430,-463.75,-1176.875,428.75
1252440,-437.5,-1382.5,297.5
1252440,-437.5,-1382.5,297.5
1252450,-196.875,-1658.125,170.625
1252450,-196.875,-1658.125,170.625
1252461,608.125,-1334.375,-30.625
1252461,608.125,-1334.375,-30.625
1252472,1045.625,-914.375,-91.875
1252472,1045.625,-914.375,-91.875
1252482,205.625,-748.125,-345.625
1252482,205.625,-748.125,-345.625
1252492,581.875,-1168.125,-87.5
1252492,581.875,-1168.125,-87.5
1252502,809.375,-1015.0,179.375
1252502,809.375,-1015.0,179.375
1252513,-196.875,-1330.0,131.25
1252513,-196.875,-1330.0,131.25
1252523,-275.625,-1977.5,-135.625
1252523,-275.625,-1977.5,-135.625
1252533,735.0,-1776.25,-87.5
1252533,735.0,-1776.25,-87.5
1252544,1299.375,-826.875,-288.75
1252544,1299.375,-826.875,-288.75
1252554,1076.25,113.75,-240.625
1252554,1076.25,113.75,-240.625
1252564,-266.875,8.75,-52.5
1252564,-266.875,8.75,-52.5
1252574,-1120.0,-805.0,144.375
1252574,-1120.0,-805.0,144.375
1252585,-1220.625,-1334.375,336.875
1252585,-1220.625,-1334.375,336.875
1252595,-1400.0,-1662.5,525.0
1252595,-1400.0,-1662.5,525.0
1252605,-1614.375,-2170.0,844.375
1252605,-1614.375,-2170.0,844.375
1252616,-2625.0,-2541.875,752.5
1252616,-2625.0,-2541.875,752.5
1252626,-3193.75,-2695.0,516.25
1252626,-3193.75,-2695.0,516.25
1252636,-2721.25,-2296.875,686.875
1252636,-2721.25,-2296.875,686.875
1252647,-2165.625,-1487.5,800.625
1252647,-2165.625,-1487.5,800.625
1252657,-1531.25,-673.75,354.375
1252657,-1531.25,-673.75,354.375
1252667,-581.875,-818.125,153.125
1252667,-581.875,-818.125,153.125
1252678,140.0,-1076.25,61.25
1252678,140.0,-1076.25,61.25
1252688,140.0,-1395.625,157.5
1252688,140.0,-1395.625,157.5
1252699,-236.25,-1706.25,100.625
1252699,-236.25,-1706.25,100.625
1252709,-507.5,-1693.125,288.75
1252709,-507.5,-1693.125,288.75
1252719,-1010.625,-1435.0,516.25
1252719,-1010.625,-1435.0,516.25
1252729,-1378.125,-1198.75,665.0
1252729,-1378.125,-1198.75,665.0
1252740,-1487.5,-923.125,735.0
1252740,-1487.5,-923.125,735.0
1252750,-1321.25,-529.375,630.0
1252750,-1321.25,-529.375,630.0
1252759,-721.875,0.0,420.0
1252759,-721.875,0.0,420.0
1252770,-306.25,490.0,236.25
1252770,-306.25,490.0,236.25
1252781,-39.375,883.75,78.75
1252781,-39.375,883.75,78.75
1252791,345.625,809.375,-4.375
1252791,345.625,809.375,-4.375
1252801,866.25,595.0,262.5
1252801,866.25,595.0,262.5
1252812,-183.75,686.875,284.375
1252812,-183.75,686.875,284.375
1252822,-721.875,542.5,328.125
1252822,-721.875,542.5,328.125
1252832,26.25,210.0,424.375
1252832,26.25,210.0,424.375
1252843,783.125,568.75,118.125
1252843,783.125,568.75,118.125
1252853,1015.0,476.875,131.25
1252853,1015.0,476.875,131.25
1252864,393.75,516.25,188.125
1252864,393.75,516.25,188.125
1252874,-945.0,503.125,175.0
1252874,-945.0,503.125,175.0
1252884,-1435.0,367.5,126.875
1252884,-1435.0,367.5,126.875
1252895,-1198.75,682.5,144.375
1252895,-1198.75,682.5,144.375
1252905,-350.0,1211.875,65.625
1252905,-350.0,1211.875,65.625
1252915,109.375,1391.25,100.625
1252915,109.375,1391.25,100.625
1252925,249.375,1557.5,30.625
1252925,249.375,1557.5,30.625
1252936,389.375,1531.25,78.75
1252936,389.375,1531.25,78.75
1252946,586.25,1071.875,61.25
1252946,586.25,1071.875,61.25
1252956,608.125,818.125,87.5
1252956,608.125,818.125,87.5
1252967,380.625,691.25,170.625
1252967,380.625,691.25,170.625
1252977,-249.375,218.75,65.625
1252977,-249.375,218.75,65.625
1252987,-424.375,-188.125,113.75
1252987,-424.375,-188.125,113.75
1252997,-56.875,-65.625,135.625
1252997,-56.875,-65.625,135.625
1253008,236.25,288.75,135.625
1253008,236.25,288.75,135.625
1253019,166.25,730.625,175.0
1253019,166.25,730.625,175.0
1253028,13.125,1054.375,126.875
1253028,13.125,1054.375,126.875
1253039,52.5,1238.125,148.75
1253039,52.5,1238.125,148.75
1253049,-179.375,1102.5,153.125
1253049,-179.375,1102.5,153.125
1253060,-385.0,844.375,113.75
1253060,-385.0,844.375,113.75
1253070,-411.25,555.625,188.125
1253070,-411.25,555.625,188.125
1253080,-971.25,743.75,-52.5
1253080,-971.25,743.75,-52.5
1253090,-389.375,787.5,109.375
1253090,-389.375,787.5,109.375
1253101,-245.0,826.875,122.5
1253101,-245.0,826.875,122.5
1253111,-271.25,1032.5,-78.75
1253111,-271.25,1032.5,-78.75
1253121,118.125,1041.25,-70.0
1253121,118.125,1041.25,-70.0
1253132,323.75,1032.5,-166.25
1253132,323.75,1032.5,-166.25
1253142,472.5,1071.875,-210.0
1253142,472.5,1071.875,-210.0
1253152,293.125,1080.625,-223.125
1253152,293.125,1080.625,-223.125
1253163,-78.75,660.625,-280.0
1253163,-78.75,660.625,-280.0
1253173,52.5,446.25,-144.375
1253173,52.5,446.25,-144.375
1253183,236.25,879.375,-245.0
1253183,236.25,879.375,-245.0
1253194,218.75,1330.0,-332.5
1253194,218.75,1330.0,-332.5
1253204,385.0,1863.75,-188.125
1253204,385.0,1863.75,-188.125
1253215,708.75,2196.25,-157.5
1253215,708.75,2196.25,-157.5
1253224,433.125,1736.875,-131.25
1253224,433.125,1736.875,-131.25
1253235,-39.375,1286.25,-26.25
1253235,-39.375,1286.25,-26.25
1253245,-511.875,910.0,-157.5
1253245,-511.875,910.0,-157.5
1253256,170.625,818.125,-262.5
1253256,170.625,818.125,-262.5
1253266,783.125,1054.375,-175.0
1253266,783.125,1054.375,-175.0
1253276,481.25,717.5,-210.0
1253276,481.25,717.5,-210.0
1253287,735.0,1015.0,-455.0
1253287,735.0,1015.0,-455.0
1253297,1745.625,966.875,-450.625
1253297,1745.625,966.875,-450.625
1253307,1645.0,844.375,-577.5
1253307,1645.0,844.375,-577.5
1253317,1133.125,-192.5,-730.625
1253317,1133.125,-192.5,-730.625
1253327,1575.0,-345.625,-643.125
1253327,1575.0,-345.625,-643.125
1253338,2406.25,380.625,-608.125
1253338,2406.25,380.625,-608.125
1253348,2152.5,1159.375,-350.0
1253348,2152.5,1159.375,-350.0
1253359,192.5,192.5,-428.75
1253359,192.5,192.5,-428.75
1253369,-323.75,813.75,-975.625
1253369,-323.75,813.75,-975.625
1253379,564.375,590.625,-245.0
1253379,564.375,590.625,-245.0
1253390,-367.5,17.5,-201.25
1253390,-367.5,17.5,-201.25
1253400,-560.0,-345.625,227.5
1253400,-560.0,-345.625,227.5
1253410,-739.375,-354.375,319.375
1253410,-739.375,-354.375,319.375
1253421,-914.375,56.875,262.5
1253421,-914.375,56.875,262.5
1253431,-647.5,708.75,131.25
1253431,-647.5,708.75,131.25
1253441,-266.875,1360.625,13.125
1253441,-266.875,1360.625,13.125
1253451,30.625,1951.25,-118.125
1253451,30.625,1951.25,-118.125
1253462,485.625,1964.375,-105.0
1253462,485.625,1964.375,-105.0
1253472,463.75,1509.375,-87.5
1253472,463.75,1509.375,-87.5
1253483,214.375,577.5,39.375
1253483,214.375,577.5,39.375
1253493,-336.875,-367.5,65.625
1253493,-336.875,-367.5,65.625
1253503,-586.25,-945.0,170.625
1253503,-586.25,-945.0,170.625
1253513,-455.0,-945.0,21.875
1253513,-455.0,-945.0,21.875
1253524,-398.125,-424.375,26.25
1253524,-398.125,-424.375,26.25
1253534,-612.5,-43.75,74.375
1253534,-612.5,-43.75,74.375
1253544,-848.75,280.0,-144.375
1253544,-848.75,280.0,-144.375
1253555,-748.125,468.125,-126.875
1253555,-748.125,468.125,-126.875
1253565,-660.625,503.125,-240.625
1253565,-660.625,503.125,-240.625
1253575,-446.25,468.125,-262.5
1253575,-446.25,468.125,-262.5
1253586,-240.625,450.625,-406.875
1253586,-240.625,450.625,-406.875
1253596,1098.125,363.125,-446.25
1253596,1098.125,363.125,-446.25
1253606,1032.5,253.75,-306.25
1253606,1032.5,253.75,-306.25
1253617,555.625,-258.125,-210.0
1253617,555.625,-258.125,-210.0
