1285030,-13.125,-17.5,-96.25
1285030,-13.125,-17.5,-96.25
1285041,-4.375,-21.875,-105.0
1285041,-4.375,-21.875,-105.0
1285192,13.125,-26.25,-61.25
1285192,13.125,-26.25,-61.25
1285202,-4.375,-21.875,-48.125
1285202,-4.375,-21.875,-48.125
1285353,-26.25,4.375,13.125
1285353,-26.25,4.375,13.125
1285364,8.75,-17.5,-8.75
1285364,8.75,-17.5,-8.75
1285596,-56.875,4.375,-13.125
1285596,-56.875,4.375,-13.125
1285606,-61.25,4.375,0.0
1285606,-61.25,4.375,0.0
1285747,-78.75,21.875,30.625
1285747,-78.75,21.875,30.625
1285757,-61.25,21.875,30.625
1285757,-61.25,21.875,30.625
1285908,-43.75,-8.75,13.125
1285908,-43.75,-8.75,13.125
1285919,-26.25,-13.125,26.25
1285919,-26.25,-13.125,26.25
1286050,-43.75,8.75,-4.375
1286050,-43.75,8.75,-4.375
1286060,-4.375,-13.125,-13.125
1286060,-4.375,-13.125,-13.125
1286231,-105.0,8.75,43.75
1286231,-105.0,8.75,43.75
1286241,-87.5,4.375,26.25
1286241,-87.5,4.375,26.25
1286312,-74.375,13.125,52.5
1286312,-74.375,13.125,52.5
1286322,-52.5,4.375,43.75
1286322,-52.5,4.375,43.75
1286413,-8.75,-30.625,126.875
1286413,-8.75,-30.625,126.875
1286423,4.375,-30.625,126.875
1286423,4.375,-30.625,126.875
1286575,-8.75,-306.25,826.875
1286575,-8.75,-306.25,826.875
1286585,91.875,-485.625,949.375
1286585,91.875,-485.625,949.375
1286736,-5915.0,1010.625,608.125
1286736,-5915.0,1010.625,608.125
1286746,-5845.0,2633.75,-831.25
1286746,-5845.0,2633.75,-831.25
1286897,-22890.0,27715.625,21.875
1286897,-22890.0,27715.625,21.875
1286908,-24062.5,28354.375,494.375
1286908,-24062.5,28354.375,494.375
1287059,-14192.5,-11716.25,-6256.25
1287059,-14192.5,-11716.25,-6256.25
1287069,-14669.375,-11760.0,-5503.75
1287069,-14669.375,-11760.0,-5503.75
1287220,-12705.0,-10880.625,-3465.0
1287220,-12705.0,-10880.625,-3465.0
1287230,-12643.75,-11309.375,-3902.5
1287230,-12643.75,-11309.375,-3902.5
1287392,-3255.0,-1067.5,393.75
1287392,-3255.0,-1067.5,393.75
1287402,-2205.0,-953.75,223.125
1287402,-2205.0,-953.75,223.125
1287553,201.25,-275.625,113.75
1287553,201.25,-275.625,113.75
1287564,406.875,-345.625,-109.375
1287564,406.875,-345.625,-109.375
1287715,153.125,21.875,-91.875
1287715,153.125,21.875,-91.875
1287724,109.375,13.125,-83.125
1287724,109.375,13.125,-83.125
1287876,70.0,8.75,-17.5
1287876,70.0,8.75,-17.5
1287887,48.125,-13.125,-30.625
1287887,48.125,-13.125,-30.625
1288038,-210.0,43.75,48.125
1288038,-210.0,43.75,48.125
1288048,-205.625,96.25,74.375
1288048,-205.625,96.25,74.375
