1268557,-74.375,315.0,-218.75
1268557,-74.375,315.0,-218.75
1268567,-380.625,-577.5,-315.0
1268567,-380.625,-577.5,-315.0
1268577,-1456.875,-1295.0,-358.75
1268577,-1456.875,-1295.0,-358.75
1268587,-1496.25,-2406.25,-590.625
1268587,-1496.25,-2406.25,-590.625
1268598,-516.25,-3596.25,-376.25
1268598,-516.25,-3596.25,-376.25
1268609,-503.125,-4445.0,380.625
1268609,-503.125,-4445.0,380.625
1268619,-1063.125,-3587.5,-17.5
1268619,-1063.125,-3587.5,-17.5
1268629,-1023.75,-3495.625,-78.75
1268629,-1023.75,-3495.625,-78.75
1268639,-1815.625,-3136.875,-78.75
1268639,-1815.625,-3136.875,-78.75
1268648,-4383.75,-2883.125,-402.5
1268648,-4383.75,-2883.125,-402.5
1268660,-7765.625,-3381.875,-376.25
1268660,-7765.625,-3381.875,-376.25
1268670,-8566.25,-3215.625,577.5
1268670,-8566.25,-3215.625,577.5
1268681,-7538.125,-2091.25,-345.625
1268681,-7538.125,-2091.25,-345.625
1268691,-3871.875,-2651.25,26.25
1268691,-3871.875,-2651.25,26.25
1268701,-883.75,-914.375,113.75
1268701,-883.75,-914.375,113.75
1268711,4720.625,5376.875,-905.625
1268711,4720.625,5376.875,-905.625
1268722,4711.875,3482.5,-463.75
1268722,4711.875,3482.5,-463.75
1268732,3093.125,2248.75,-1010.625
1268732,3093.125,2248.75,-1010.625
1268742,2839.375,1330.0,-800.625
1268742,2839.375,1330.0,-800.625
1268752,586.25,-796.25,-800.625
1268752,586.25,-796.25,-800.625
1268763,-485.625,-2034.375,-704.375
1268763,-485.625,-2034.375,-704.375
1268773,-525.0,-2655.625,-463.75
1268773,-525.0,-2655.625,-463.75
1268784,-389.375,-3163.125,-857.5
1268784,-389.375,-3163.125,-857.5
1268794,-227.5,-5582.5,-910.0
1268794,-227.5,-5582.5,-910.0
1268805,1295.0,-4615.625,-293.125
1268805,1295.0,-4615.625,-293.125
1268815,1968.75,-2730.0,-472.5
1268815,1968.75,-2730.0,-472.5
1268825,2038.75,-1890.0,-516.25
1268825,2038.75,-1890.0,-516.25
1268835,1579.375,-1120.0,-393.75
1268835,1579.375,-1120.0,-393.75
1268846,1312.5,-1295.0,-175.0
1268846,1312.5,-1295.0,-175.0
1268856,2130.625,-1028.125,258.125
1268856,2130.625,-1028.125,258.125
1268866,2388.75,-1041.25,525.0
1268866,2388.75,-1041.25,525.0
1268877,2769.375,-1168.125,1255.625
1268877,2769.375,-1168.125,1255.625
1268887,3723.125,-1264.375,4011.875
1268887,3723.125,-1264.375,4011.875
1268897,2778.125,-3600.625,4278.75
1268897,2778.125,-3600.625,4278.75
1268908,1645.0,-2366.875,1977.5
1268908,1645.0,-2366.875,1977.5
1268918,3810.625,-840.0,2051.875
1268918,3810.625,-840.0,2051.875
1268928,4970.0,153.125,2874.375
1268928,4970.0,153.125,2874.375
1268938,3766.875,-39.375,2953.125
1268938,3766.875,-39.375,2953.125
1268949,2800.0,-1566.25,2524.375
1268949,2800.0,-1566.25,2524.375
1268959,3259.375,-4711.875,3395.0
1268959,3259.375,-4711.875,3395.0
1268968,3311.875,-5805.625,1933.75
1268968,3311.875,-5805.625,1933.75
1268979,3377.5,-6160.0,1063.125
1268979,3377.5,-6160.0,1063.125
1268990,2712.5,-6947.5,2458.75
1268990,2712.5,-6947.5,2458.75
1269000,3381.875,-5901.875,3858.75
1269000,3381.875,-5901.875,3858.75
1269011,3115.0,-5372.5,1741.25
1269011,3115.0,-5372.5,1741.25
1269021,1785.0,-5460.0,1251.25
1269021,1785.0,-5460.0,1251.25
1269031,2231.25,-6890.625,3486.875
1269031,2231.25,-6890.625,3486.875
1269042,2559.375,-5582.5,5311.25
1269042,2559.375,-5582.5,5311.25
1269052,2288.125,-2655.625,3333.75
1269052,2288.125,-2655.625,3333.75
1269062,2638.125,-735.0,3955.0
1269062,2638.125,-735.0,3955.0
1269073,2384.375,-65.625,3880.625
1269073,2384.375,-65.625,3880.625
1269083,1671.25,113.75,3613.75
1269083,1671.25,113.75,3613.75
1269093,1697.5,-883.75,3364.375
1269093,1697.5,-883.75,3364.375
1269104,367.5,-783.125,2909.375
1269104,367.5,-783.125,2909.375
1269114,-984.375,-1465.625,2778.125
1269114,-984.375,-1465.625,2778.125
1269124,-984.375,-2314.375,3071.25
1269124,-984.375,-2314.375,3071.25
1269135,-1330.0,-2244.375,2568.125
1269135,-1330.0,-2244.375,2568.125
1269145,-958.125,-1588.125,1207.5
1269145,-958.125,-1588.125,1207.5
1269155,-1225.0,-1238.125,415.625
1269155,-1225.0,-1238.125,415.625
1269165,-1491.875,-905.625,398.125
1269165,-1491.875,-905.625,398.125
1269176,-1636.25,43.75,-183.75
1269176,-1636.25,43.75,-183.75
1269186,-1518.125,1036.875,-96.25
1269186,-1518.125,1036.875,-96.25
1269196,-1435.0,1281.875,21.875
1269196,-1435.0,1281.875,21.875
1269207,-1553.125,1719.375,-748.125
1269207,-1553.125,1719.375,-748.125
1269217,-1281.875,2498.125,-1321.25
1269217,-1281.875,2498.125,-1321.25
1269228,-328.125,3395.0,-446.25
1269228,-328.125,3395.0,-446.25
1269238,-293.125,4838.75,-1373.75
1269238,-293.125,4838.75,-1373.75
1269248,-1771.875,6055.0,-2673.125
1269248,-1771.875,6055.0,-2673.125
1269259,-1365.0,5770.625,-2537.5
1269259,-1365.0,5770.625,-2537.5
1269269,-1789.375,5127.5,-2730.0
1269269,-1789.375,5127.5,-2730.0
1269279,-2043.125,4703.125,-2791.25
1269279,-2043.125,4703.125,-2791.25
1269289,4900.0,5604.375,-3123.75
1269289,4900.0,5604.375,-3123.75
1269300,5083.75,8636.25,-2725.625
1269300,5083.75,8636.25,-2725.625
1269310,-22303.75,7367.5,-3723.125
1269310,-22303.75,7367.5,-3723.125
1269320,-31666.25,-6426.875,-3053.75
1269320,-31666.25,-6426.875,-3053.75
1269331,-3714.375,-12123.125,2410.625
1269331,-3714.375,-12123.125,2410.625
1269341,9664.375,-1036.875,1850.625
1269341,9664.375,-1036.875,1850.625
1269351,4821.25,6816.25,-2712.5
1269351,4821.25,6816.25,-2712.5
1269361,608.125,4143.125,-3758.125
1269361,608.125,4143.125,-3758.125
1269372,-2419.375,2126.25,-2940.0
1269372,-2419.375,2126.25,-2940.0
1269382,-2747.5,4046.875,-3290.0
1269382,-2747.5,4046.875,-3290.0
1269392,-813.75,10268.125,-3889.375
1269392,-813.75,10268.125,-3889.375
1269403,393.75,14008.75,-2760.625
1269403,393.75,14008.75,-2760.625
1269413,-1872.5,8990.625,-940.625
1269413,-1872.5,8990.625,-940.625
1269424,-4637.5,4576.25,-288.75
1269424,-4637.5,4576.25,-288.75
1269434,-6886.25,2668.75,341.25
1269434,-6886.25,2668.75,341.25
1269444,-9616.25,2708.125,424.375
1269444,-9616.25,2708.125,424.375
1269454,-9349.375,4366.25,625.625
1269454,-9349.375,4366.25,625.625
1269464,-8925.0,5460.0,-70.0
1269464,-8925.0,5460.0,-70.0
1269475,-5315.625,4746.875,-516.25
1269475,-5315.625,4746.875,-516.25
1269485,332.5,4235.0,-630.0
1269485,332.5,4235.0,-630.0
1269496,3386.25,3955.0,-1216.25
1269496,3386.25,3955.0,-1216.25
1269506,4991.875,3250.625,-1491.875
1269506,4991.875,3250.625,-1491.875
1269516,4554.375,2375.625,-1050.0
1269516,4554.375,2375.625,-1050.0
1269527,2331.875,975.625,-848.75
1269527,2331.875,975.625,-848.75
1269537,595.0,-581.875,-612.5
1269537,595.0,-581.875,-612.5
1269547,-857.5,-1636.25,-625.625
1269547,-857.5,-1636.25,-625.625
1269558,-1894.375,-2441.25,-700.0
1269558,-1894.375,-2441.25,-700.0
1269568,-2113.125,-2695.0,-577.5
1269568,-2113.125,-2695.0,-577.5
1269578,-1365.0,-1990.625,-96.25
1269578,-1365.0,-1990.625,-96.25
1269588,-743.75,-1015.0,126.875
1269588,-743.75,-1015.0,126.875
1269599,-988.75,-113.75,-157.5
1269599,-988.75,-113.75,-157.5
1269609,-43.75,643.125,-113.75
1269609,-43.75,643.125,-113.75
1269619,1478.75,1671.25,52.5
1269619,1478.75,1671.25,52.5
1269630,1631.875,3062.5,245.0
1269630,1631.875,3062.5,245.0
1269640,-196.875,3443.125,8.75
1269640,-196.875,3443.125,8.75
1269651,-1382.5,2808.75,-205.625
1269651,-1382.5,2808.75,-205.625
1269661,-927.5,2235.625,52.5
1269661,-927.5,2235.625,52.5
1269671,-835.625,2331.875,170.625
1269671,-835.625,2331.875,170.625
1269681,-1308.125,2047.5,258.125
1269681,-1308.125,2047.5,258.125
1269692,-1793.75,1601.25,507.5
1269692,-1793.75,1601.25,507.5
1269702,-2493.75,1321.25,673.75
1269702,-2493.75,1321.25,673.75
1269712,-2633.75,1623.125,455.0
1269712,-2633.75,1623.125,455.0
1269723,-1885.625,2148.125,179.375
1269723,-1885.625,2148.125,179.375
1269733,-411.25,2625.0,-43.75
1269733,-411.25,2625.0,-43.75
1269743,682.5,2581.25,-105.0
1269743,682.5,2581.25,-105.0
1269754,761.25,1968.75,-258.125
1269754,761.25,1968.75,-258.125
1269764,0.0,765.625,-551.25
1269764,0.0,765.625,-551.25
1269774,-293.125,1246.875,-918.75
1269774,-293.125,1246.875,-918.75
1269784,1080.625,-835.625,87.5
1269784,1080.625,-835.625,87.5
1269795,-1242.5,-1023.75,-227.5
1269795,-1242.5,-1023.75,-227.5
1269805,-1955.625,-918.75,-179.375
1269805,-1955.625,-918.75,-179.375
1269816,-1666.875,-896.875,-39.375
1269816,-1666.875,-896.875,-39.375
1269826,-1098.125,-288.75,-140.0
1269826,-1098.125,-288.75,-140.0
1269836,-787.5,603.75,-227.5
1269836,-787.5,603.75,-227.5
1269847,-713.125,1229.375,-590.625
1269847,-713.125,1229.375,-590.625
1269857,-192.5,1745.625,-525.0
1269857,-192.5,1745.625,-525.0
1269867,48.125,1855.0,-485.625
1269867,48.125,1855.0,-485.625
1269877,424.375,1990.625,-328.125
1269877,424.375,1990.625,-328.125
1269888,1058.75,1990.625,-26.25
1269888,1058.75,1990.625,-26.25
1269898,-463.75,2100.0,-210.0
1269898,-463.75,2100.0,-210.0
1269908,-1233.75,1754.375,-170.625
1269908,-1233.75,1754.375,-170.625
1269919,-210.0,1360.625,153.125
1269919,-210.0,1360.625,153.125
1269929,21.875,1233.75,96.25
1269929,21.875,1233.75,96.25
1269939,-183.75,730.625,293.125
1269939,-183.75,730.625,293.125
1269950,-481.25,240.625,450.625
1269950,-481.25,240.625,450.625
1269960,-1098.125,17.5,450.625
1269960,-1098.125,17.5,450.625
1269971,-936.25,-245.0,476.875
1269971,-936.25,-245.0,476.875
1269981,100.625,-380.625,332.5
1269981,100.625,-380.625,332.5
1269991,888.125,-288.75,157.5
1269991,888.125,-288.75,157.5
1270001,800.625,-109.375,144.375
1270001,800.625,-109.375,144.375
1270012,765.625,-113.75,83.125
1270012,765.625,-113.75,83.125
1270022,818.125,-236.25,4.375
1270022,818.125,-236.25,4.375
1270032,1054.375,-630.0,96.25
1270032,1054.375,-630.0,96.25
1270043,953.75,-612.5,8.75
1270043,953.75,-612.5,8.75
1270053,721.875,-896.875,-8.75
1270053,721.875,-896.875,-8.75
1270063,551.25,-1150.625,-17.5
1270063,551.25,-1150.625,-17.5
1270073,555.625,-1155.0,43.75
1270073,555.625,-1155.0,43.75
1270084,367.5,-778.75,-166.25
1270084,367.5,-778.75,-166.25
1270094,218.75,-669.375,-118.125
1270094,218.75,-669.375,-118.125
1270104,581.875,-861.875,-43.75
1270104,581.875,-861.875,-43.75
1270115,1141.875,-1028.125,4.375
1270115,1141.875,-1028.125,4.375
1270125,1023.75,-1163.75,-8.75
1270125,1023.75,-1163.75,-8.75
1270135,1041.25,-1404.375,153.125
1270135,1041.25,-1404.375,153.125
1270146,1194.375,-1736.875,148.75
1270146,1194.375,-1736.875,148.75
1270156,1382.5,-1955.625,96.25
1270156,1382.5,-1955.625,96.25
1270167,1789.375,-1986.25,52.5
1270167,1789.375,-1986.25,52.5
1270177,1623.125,-1942.5,70.0
1270177,1623.125,-1942.5,70.0
1270187,1312.5,-2078.125,4.375
1270187,1312.5,-2078.125,4.375
1270197,1610.0,-2121.875,113.75
1270197,1610.0,-2121.875,113.75
1270208,1365.0,-2191.875,205.625
1270208,1365.0,-2191.875,205.625
1270218,774.375,-2336.25,258.125
1270218,774.375,-2336.25,258.125
1270228,568.75,-2380.0,437.5
1270228,568.75,-2380.0,437.5
1270239,297.5,-1999.375,420.0
1270239,297.5,-1999.375,420.0
1270249,560.0,-1688.75,398.125
1270249,560.0,-1688.75,398.125
1270258,879.375,-1408.75,446.25
1270258,879.375,-1408.75,446.25
1270269,1023.75,-1260.0,358.75
1270269,1023.75,-1260.0,358.75
1270281,1054.375,-1395.625,363.125
1270281,1054.375,-1395.625,363.125
1270290,555.625,-1382.5,420.0
1270290,555.625,-1382.5,420.0
1270300,485.625,-1605.625,393.75
1270300,485.625,-1605.625,393.75
1270311,800.625,-1881.25,301.875
1270311,800.625,-1881.25,301.875
1270322,774.375,-1837.5,310.625
1270322,774.375,-1837.5,310.625
1270331,135.625,-1977.5,131.25
1270331,135.625,-1977.5,131.25
1270342,140.0,-2673.125,205.625
1270342,140.0,-2673.125,205.625
1270352,1286.25,-2734.375,363.125
1270352,1286.25,-2734.375,363.125
1270363,1010.625,-2279.375,148.75
1270363,1010.625,-2279.375,148.75
1270373,573.125,-2275.0,78.75
1270373,573.125,-2275.0,78.75
1270383,2261.875,-2480.625,223.125
1270383,2261.875,-2480.625,223.125
1270394,2874.375,-2091.25,332.5
1270394,2874.375,-2091.25,332.5
1270404,1483.125,-1631.875,240.625
1270404,1483.125,-1631.875,240.625
1270414,520.625,-1780.625,288.75
1270414,520.625,-1780.625,288.75
1270424,-205.625,-2170.0,367.5
1270424,-205.625,-2170.0,367.5
1270435,-490.0,-2336.25,560.0
1270435,-490.0,-2336.25,560.0
1270445,-87.5,-2428.125,647.5
1270445,-87.5,-2428.125,647.5
1270455,214.375,-2751.875,717.5
1270455,214.375,-2751.875,717.5
1270465,-245.0,-3145.625,826.875
1270465,-245.0,-3145.625,826.875
1270477,-630.0,-3241.875,822.5
1270477,-630.0,-3241.875,822.5
1270486,-980.0,-2712.5,704.375
1270486,-980.0,-2712.5,704.375
1270496,-520.625,-2156.875,520.625
1270496,-520.625,-2156.875,520.625
1270507,376.25,-1500.625,350.0
1270507,376.25,-1500.625,350.0
1270517,1347.5,-1369.375,297.5
1270517,1347.5,-1369.375,297.5
1270526,2143.75,-1706.25,253.75
1270526,2143.75,-1706.25,253.75
1270538,2611.875,-2388.75,310.625
1270538,2611.875,-2388.75,310.625
1270548,2104.375,-3075.625,433.125
1270548,2104.375,-3075.625,433.125
1270559,962.5,-3508.75,546.875
1270559,962.5,-3508.75,546.875
1270568,179.375,-3740.625,621.25
1270568,179.375,-3740.625,621.25
1270579,-293.125,-3661.875,656.25
1270579,-293.125,-3661.875,656.25
1270589,-420.0,-3171.875,603.75
1270589,-420.0,-3171.875,603.75
1270600,-253.75,-2638.125,638.75
1270600,-253.75,-2638.125,638.75
1270610,210.0,-2318.75,437.5
1270610,210.0,-2318.75,437.5
1270620,472.5,-2126.25,354.375
1270620,472.5,-2126.25,354.375
1270631,564.375,-1811.25,179.375
1270631,564.375,-1811.25,179.375
1270641,1190.0,-1710.625,310.625
1270641,1190.0,-1710.625,310.625
1270651,2008.125,-1544.375,310.625
1270651,2008.125,-1544.375,310.625
1270662,1421.875,-1382.5,306.25
1270662,1421.875,-1382.5,306.25
1270671,-118.125,-1728.125,214.375
1270671,-118.125,-1728.125,214.375
1270682,-105.0,-2187.5,293.125
1270682,-105.0,-2187.5,293.125
1270692,940.625,-1968.75,455.0
1270692,940.625,-1968.75,455.0
1270703,774.375,-1579.375,358.75
1270703,774.375,-1579.375,358.75
1270713,354.375,-1798.125,280.0
1270713,354.375,-1798.125,280.0
1270723,205.625,-2043.125,420.0
1270723,205.625,-2043.125,420.0
1270734,-39.375,-2038.75,446.25
1270734,-39.375,-2038.75,446.25
1270744,131.25,-1789.375,455.0
1270744,131.25,-1789.375,455.0
1270755,227.5,-1474.375,424.375
1270755,227.5,-1474.375,424.375
1270765,647.5,-1343.125,280.0
1270765,647.5,-1343.125,280.0
1270775,1426.25,-1264.375,288.75
1270775,1426.25,-1264.375,288.75
1270785,1566.25,-1303.75,301.875
1270785,1566.25,-1303.75,301.875
1270796,914.375,-1461.25,240.625
1270796,914.375,-1461.25,240.625
1270806,796.25,-1916.25,170.625
1270806,796.25,-1916.25,170.625
1270816,1089.375,-2060.625,266.875
1270816,1089.375,-2060.625,266.875
1270827,945.0,-2143.75,367.5
1270827,945.0,-2143.75,367.5
1270837,625.625,-1951.25,341.25
1270837,625.625,-1951.25,341.25
1270847,713.125,-1907.5,284.375
1270847,713.125,-1907.5,284.375
1270857,896.875,-1758.75,227.5
1270857,896.875,-1758.75,227.5
1270868,914.375,-1408.75,109.375
1270868,914.375,-1408.75,109.375
1270878,1308.125,-1386.875,126.875
1270878,1308.125,-1386.875,126.875
1270889,1181.25,-1273.125,266.875
1270889,1181.25,-1273.125,266.875
1270899,284.375,-1334.375,245.0
1270899,284.375,-1334.375,245.0
1270910,-100.625,-1894.375,236.25
1270910,-100.625,-1894.375,236.25
1270919,175.0,-2117.5,131.25
1270919,175.0,-2117.5,131.25
1270930,581.875,-1806.875,249.375
1270930,581.875,-1806.875,249.375
1270940,966.875,-1246.875,78.75
1270940,966.875,-1246.875,78.75
1270951,980.0,-861.875,52.5
1270951,980.0,-861.875,52.5
1270961,560.0,-896.875,70.0
1270961,560.0,-896.875,70.0
1270971,542.5,-1093.75,52.5
1270971,542.5,-1093.75,52.5
1270982,625.625,-1268.75,118.125
1270982,625.625,-1268.75,118.125
1270992,625.625,-1330.0,113.75
1270992,625.625,-1330.0,113.75
1271002,665.0,-1343.125,140.0
1271002,665.0,-1343.125,140.0
1271012,415.625,-1356.25,118.125
1271012,415.625,-1356.25,118.125
1271023,161.875,-1483.125,148.75
1271023,161.875,-1483.125,148.75
1271033,266.875,-1640.625,253.75
1271033,266.875,-1640.625,253.75
1271043,542.5,-1395.625,210.0
1271043,542.5,-1395.625,210.0
1271054,783.125,-918.75,113.75
1271054,783.125,-918.75,113.75
1271065,870.625,-726.25,188.125
1271065,870.625,-726.25,188.125
1271074,840.0,-756.875,78.75
1271074,840.0,-756.875,78.75
1271085,1098.125,-936.25,78.75
1271085,1098.125,-936.25,78.75
1271095,914.375,-945.0,157.5
1271095,914.375,-945.0,157.5
1271105,446.25,-892.5,-4.375
1271105,446.25,-892.5,-4.375
1271116,866.25,-975.625,-52.5
1271116,866.25,-975.625,-52.5
1271126,1478.75,-901.25,-48.125
1271126,1478.75,-901.25,-48.125
1271136,1106.875,-988.75,-196.875
1271136,1106.875,-988.75,-196.875
1271146,735.0,-1535.625,-275.625
1271146,735.0,-1535.625,-275.625
1271157,1198.75,-1741.25,131.25
1271157,1198.75,-1741.25,131.25
1271167,511.875,-1736.875,-43.75
1271167,511.875,-1736.875,-43.75
1271178,-109.375,-1903.125,-218.75
1271178,-109.375,-1903.125,-218.75
1271188,879.375,-2226.875,-105.0
1271188,879.375,-2226.875,-105.0
1271198,2030.0,-1789.375,43.75
1271198,2030.0,-1789.375,43.75
1271208,1500.625,-778.75,-113.75
1271208,1500.625,-778.75,-113.75
1271219,236.25,-691.25,-122.5
1271219,236.25,-691.25,-122.5
1271229,-188.125,-748.125,-65.625
1271229,-188.125,-748.125,-65.625
1271239,201.25,-525.0,-87.5
1271239,201.25,-525.0,-87.5
1271250,223.125,-638.75,87.5
1271250,223.125,-638.75,87.5
1271260,-192.5,-1001.875,122.5
1271260,-192.5,-1001.875,122.5
1271270,-765.625,-1631.875,258.125
1271270,-765.625,-1631.875,258.125
1271281,-1715.0,-1885.625,170.625
1271281,-1715.0,-1885.625,170.625
1271291,-1631.875,-1837.5,74.375
1271291,-1631.875,-1837.5,74.375
1271301,-630.0,-1133.125,-52.5
1271301,-630.0,-1133.125,-52.5
1271312,608.125,-437.5,-249.375
1271312,608.125,-437.5,-249.375
1271322,1693.125,-253.75,-376.25
1271322,1693.125,-253.75,-376.25
1271332,2091.25,-472.5,-297.5
1271332,2091.25,-472.5,-297.5
1271343,2082.5,-1373.75,-218.75
1271343,2082.5,-1373.75,-218.75
1271353,1417.5,-2279.375,21.875
1271353,1417.5,-2279.375,21.875
1271363,525.0,-3010.0,118.125
1271363,525.0,-3010.0,118.125
1271374,-65.625,-3045.0,253.75
1271374,-65.625,-3045.0,253.75
1271384,-643.125,-2673.125,266.875
1271384,-643.125,-2673.125,266.875
1271394,-800.625,-2191.875,253.75
1271394,-800.625,-2191.875,253.75
1271405,-879.375,-1575.0,170.625
1271405,-879.375,-1575.0,170.625
1271415,-787.5,-1036.875,91.875
1271415,-787.5,-1036.875,91.875
1271425,-463.75,-861.875,157.5
1271425,-463.75,-861.875,157.5
1271435,-406.875,-883.75,70.0
1271435,-406.875,-883.75,70.0
1271446,-511.875,-1050.0,83.125
1271446,-511.875,-1050.0,83.125
1271456,-166.25,-1089.375,96.25
1271456,-166.25,-1089.375,96.25
1271466,393.75,-914.375,87.5
1271466,393.75,-914.375,87.5
1271476,284.375,-735.0,-74.375
1271476,284.375,-735.0,-74.375
1271487,201.25,-743.75,-161.875
1271487,201.25,-743.75,-161.875
1271497,975.625,-923.125,-113.75
1271497,975.625,-923.125,-113.75
1271508,1470.0,-835.625,-26.25
1271508,1470.0,-835.625,-26.25
1271518,1242.5,-809.375,70.0
1271518,1242.5,-809.375,70.0
1271528,205.625,-1277.5,240.625
1271528,205.625,-1277.5,240.625
1271539,-1141.875,-1290.625,175.0
1271539,-1141.875,-1290.625,175.0
1271549,-756.875,-1430.625,140.0
1271549,-756.875,-1430.625,140.0
1271559,-188.125,-1041.25,-43.75
1271559,-188.125,-1041.25,-43.75
1271570,748.125,-393.75,-218.75
1271570,748.125,-393.75,-218.75
1271580,1601.25,-70.0,-196.875
1271580,1601.25,-70.0,-196.875
1271590,1251.25,83.125,-227.5
1271590,1251.25,83.125,-227.5
1271600,424.375,-262.5,-280.0
1271600,424.375,-262.5,-280.0
1271611,-4.375,-835.625,-258.125
1271611,-4.375,-835.625,-258.125
1271621,-205.625,-1058.75,-126.875
1271621,-205.625,-1058.75,-126.875
