1294162,54.6875,789.0625,632.8125,-70.3125,-875.0,539.0625,125.0,-1000.0,0.0,492.1875,-851.5625,-156.25,546.875,-828.125,62.5
1294162,54.6875,789.0625,632.8125,-70.3125,-875.0,539.0625,125.0,-1000.0,0.0,492.1875,-851.5625,-156.25,546.875,-828.125,62.5
1294162,54.6875,789.0625,632.8125,-62.5,-875.0,539.0625,125.0,-1007.8125,7.8125,492.1875,-851.5625,-156.25,546.875,-835.9375,54.6875
1294162,54.6875,789.0625,632.8125,-62.5,-875.0,539.0625,125.0,-1007.8125,7.8125,492.1875,-851.5625,-156.25,546.875,-835.9375,54.6875
1294170,62.5,781.25,632.8125,-62.5,-875.0,539.0625,132.8125,-1007.8125,0.0,484.375,-851.5625,-164.0625,554.6875,-835.9375,62.5
1294170,62.5,781.25,632.8125,-62.5,-875.0,539.0625,132.8125,-1007.8125,0.0,484.375,-851.5625,-164.0625,554.6875,-835.9375,62.5
1294275,54.6875,789.0625,625.0,-70.3125,-867.1875,531.25,132.8125,-1007.8125,7.8125,484.375,-851.5625,-156.25,562.5,-828.125,62.5
1294275,54.6875,789.0625,625.0,-70.3125,-867.1875,531.25,132.8125,-1007.8125,7.8125,484.375,-851.5625,-156.25,562.5,-828.125,62.5
1294283,62.5,781.25,632.8125,-62.5,-867.1875,539.0625,125.0,-1000.0,0.0,484.375,-859.375,-156.25,554.6875,-828.125,62.5
1294283,62.5,781.25,632.8125,-62.5,-867.1875,539.0625,125.0,-1000.0,0.0,484.375,-859.375,-156.25,554.6875,-828.125,62.5
1294283,62.5,789.0625,640.625,-70.3125,-875.0,539.0625,125.0,-1007.8125,7.8125,484.375,-859.375,-156.25,546.875,-828.125,54.6875
1294283,62.5,789.0625,640.625,-70.3125,-875.0,539.0625,125.0,-1007.8125,7.8125,484.375,-859.375,-156.25,546.875,-828.125,54.6875
1294291,54.6875,781.25,632.8125,-62.5,-875.0,539.0625,125.0,-1007.8125,7.8125,476.5625,-843.75,-164.0625,554.6875,-828.125,54.6875
1294291,54.6875,781.25,632.8125,-62.5,-875.0,539.0625,125.0,-1007.8125,7.8125,476.5625,-843.75,-164.0625,554.6875,-828.125,54.6875
1294436,54.6875,773.4375,625.0,-62.5,-882.8125,539.0625,117.1875,-1015.625,0.0,492.1875,-851.5625,-164.0625,562.5,-835.9375,54.6875
1294436,54.6875,773.4375,625.0,-62.5,-882.8125,539.0625,117.1875,-1015.625,0.0,492.1875,-851.5625,-164.0625,562.5,-835.9375,54.6875
1294444,54.6875,781.25,632.8125,-62.5,-875.0,531.25,132.8125,-1007.8125,7.8125,484.375,-851.5625,-156.25,554.6875,-835.9375,54.6875
1294444,54.6875,781.25,632.8125,-62.5,-875.0,531.25,132.8125,-1007.8125,7.8125,484.375,-851.5625,-156.25,554.6875,-835.9375,54.6875
1294444,54.6875,789.0625,640.625,-70.3125,-875.0,531.25,125.0,-1015.625,0.0,484.375,-851.5625,-164.0625,554.6875,-828.125,62.5
1294444,54.6875,789.0625,640.625,-70.3125,-875.0,531.25,125.0,-1015.625,0.0,484.375,-851.5625,-164.0625,554.6875,-828.125,62.5
1294452,62.5,781.25,640.625,-70.3125,-867.1875,539.0625,125.0,-1007.8125,7.8125,492.1875,-859.375,-156.25,554.6875,-835.9375,54.6875
1294452,62.5,781.25,640.625,-70.3125,-867.1875,539.0625,125.0,-1007.8125,7.8125,492.1875,-859.375,-156.25,554.6875,-835.9375,54.6875
1294598,54.6875,789.0625,625.0,-62.5,-867.1875,531.25,125.0,-1000.0,7.8125,484.375,-851.5625,-156.25,554.6875,-828.125,62.5
1294598,54.6875,789.0625,625.0,-62.5,-867.1875,531.25,125.0,-1000.0,7.8125,484.375,-851.5625,-156.25,554.6875,-828.125,62.5
1294606,54.6875,781.25,625.0,-62.5,-875.0,539.0625,125.0,-1007.8125,7.8125,484.375,-851.5625,-156.25,554.6875,-828.125,54.6875
1294606,54.6875,781.25,625.0,-62.5,-875.0,539.0625,125.0,-1007.8125,7.8125,484.375,-851.5625,-156.25,554.6875,-828.125,54.6875
1294606,62.5,781.25,625.0,-70.3125,-867.1875,539.0625,125.0,-1015.625,7.8125,484.375,-851.5625,-156.25,554.6875,-828.125,62.5
1294606,62.5,781.25,625.0,-70.3125,-867.1875,539.0625,125.0,-1015.625,7.8125,484.375,-851.5625,-156.25,554.6875,-828.125,62.5
1294614,54.6875,781.25,632.8125,-62.5,-875.0,539.0625,125.0,-1007.8125,7.8125,484.375,-851.5625,-156.25,554.6875,-828.125,62.5
1294614,54.6875,781.25,632.8125,-62.5,-875.0,539.0625,125.0,-1007.8125,7.8125,484.375,-851.5625,-156.25,554.6875,-828.125,62.5
1294759,54.6875,781.25,632.8125,-62.5,-875.0,546.875,125.0,-1007.8125,7.8125,492.1875,-859.375,-164.0625,546.875,-835.9375,46.875
1294759,54.6875,781.25,632.8125,-62.5,-875.0,546.875,125.0,-1007.8125,7.8125,492.1875,-859.375,-164.0625,546.875,-835.9375,46.875
1294767,54.6875,789.0625,632.8125,-62.5,-867.1875,546.875,125.0,-1007.8125,0.0,484.375,-851.5625,-156.25,546.875,-828.125,62.5
1294767,54.6875,789.0625,632.8125,-62.5,-867.1875,546.875,125.0,-1007.8125,0.0,484.375,-851.5625,-156.25,546.875,-828.125,62.5
1294767,54.6875,781.25,625.0,-62.5,-882.8125,531.25,125.0,-1007.8125,0.0,492.1875,-859.375,-156.25,554.6875,-835.9375,46.875
1294767,54.6875,781.25,625.0,-62.5,-882.8125,531.25,125.0,-1007.8125,0.0,492.1875,-859.375,-156.25,554.6875,-835.9375,46.875
1294775,46.875,789.0625,632.8125,-62.5,-867.1875,539.0625,125.0,-1007.8125,0.0,492.1875,-859.375,-156.25,562.5,-835.9375,54.6875
1294775,46.875,789.0625,632.8125,-62.5,-867.1875,539.0625,125.0,-1007.8125,0.0,492.1875,-859.375,-156.25,562.5,-835.9375,54.6875
1295025,78.125,789.0625,625.0,-70.3125,-898.4375,539.0625,132.8125,-1023.4375,15.625,507.8125,-867.1875,-156.25,562.5,-867.1875,70.3125
1295025,78.125,789.0625,625.0,-70.3125,-898.4375,539.0625,132.8125,-1023.4375,15.625,507.8125,-867.1875,-156.25,562.5,-867.1875,70.3125
1295025,78.125,773.4375,625.0,-78.125,-898.4375,539.0625,140.625,-1031.25,23.4375,507.8125,-867.1875,-140.625,617.1875,-882.8125,109.375
1295025,78.125,773.4375,625.0,-78.125,-898.4375,539.0625,140.625,-1031.25,23.4375,507.8125,-867.1875,-140.625,617.1875,-882.8125,109.375
1295033,70.3125,804.6875,632.8125,-54.6875,-875.0,570.3125,140.625,-1015.625,15.625,492.1875,-851.5625,-164.0625,562.5,-820.3125,85.9375
1295033,70.3125,804.6875,632.8125,-54.6875,-875.0,570.3125,140.625,-1015.625,15.625,492.1875,-851.5625,-164.0625,562.5,-820.3125,85.9375
1295033,70.3125,820.3125,625.0,-54.6875,-882.8125,570.3125,109.375,-1015.625,23.4375,500.0,-882.8125,-125.0,570.3125,-804.6875,70.3125
1295033,70.3125,820.3125,625.0,-54.6875,-882.8125,570.3125,109.375,-1015.625,23.4375,500.0,-882.8125,-125.0,570.3125,-804.6875,70.3125
1295041,78.125,804.6875,640.625,-62.5,-875.0,562.5,132.8125,-1023.4375,23.4375,515.625,-859.375,-140.625,562.5,-828.125,70.3125
1295041,78.125,804.6875,640.625,-62.5,-875.0,562.5,132.8125,-1023.4375,23.4375,515.625,-859.375,-140.625,562.5,-828.125,70.3125
1295048,54.6875,781.25,625.0,-70.3125,-890.625,562.5,125.0,-1031.25,31.25,507.8125,-867.1875,-140.625,570.3125,-843.75,78.125
1295048,54.6875,781.25,625.0,-70.3125,-890.625,562.5,125.0,-1031.25,31.25,507.8125,-867.1875,-140.625,570.3125,-843.75,78.125
1295048,62.5,773.4375,656.25,-70.3125,-882.8125,554.6875,132.8125,-1031.25,15.625,492.1875,-867.1875,-148.4375,578.125,-867.1875,85.9375
1295048,62.5,773.4375,656.25,-70.3125,-882.8125,554.6875,132.8125,-1031.25,15.625,492.1875,-867.1875,-148.4375,578.125,-867.1875,85.9375
1295057,78.125,804.6875,617.1875,-70.3125,-890.625,546.875,93.75,-1046.875,7.8125,507.8125,-882.8125,-148.4375,593.75,-882.8125,101.5625
1295057,78.125,804.6875,617.1875,-70.3125,-890.625,546.875,93.75,-1046.875,7.8125,507.8125,-882.8125,-148.4375,593.75,-882.8125,101.5625
1295202,242.1875,1000.0,492.1875,31.25,-789.0625,812.5,328.125,-1007.8125,328.125,765.625,-835.9375,125.0,828.125,-734.375,406.25
1295202,242.1875,1000.0,492.1875,31.25,-789.0625,812.5,328.125,-1007.8125,328.125,765.625,-835.9375,125.0,828.125,-734.375,406.25
1295210,195.3125,1023.4375,421.875,0.0,-750.0,796.875,320.3125,-992.1875,343.75,773.4375,-812.5,156.25,789.0625,-695.3125,359.375
1295210,195.3125,1023.4375,421.875,0.0,-750.0,796.875,320.3125,-992.1875,343.75,773.4375,-812.5,156.25,789.0625,-695.3125,359.375
1295210,218.75,1000.0,398.4375,23.4375,-734.375,812.5,328.125,-1007.8125,359.375,695.3125,-804.6875,101.5625,765.625,-710.9375,320.3125
1295210,218.75,1000.0,398.4375,23.4375,-734.375,812.5,328.125,-1007.8125,359.375,695.3125,-804.6875,101.5625,765.625,-710.9375,320.3125
1295219,265.625,1156.25,359.375,7.8125,-718.75,859.375,328.125,-953.125,367.1875,695.3125,-796.875,62.5,742.1875,-781.25,281.25
1295219,265.625,1156.25,359.375,7.8125,-718.75,859.375,328.125,-953.125,367.1875,695.3125,-796.875,62.5,742.1875,-781.25,281.25
1295364,62.5,1101.5625,437.5,-109.375,-1101.5625,679.6875,148.4375,-1289.0625,140.625,593.75,-1164.0625,-265.625,687.5,-1078.125,46.875
1295364,62.5,1101.5625,437.5,-109.375,-1101.5625,679.6875,148.4375,-1289.0625,140.625,593.75,-1164.0625,-265.625,687.5,-1078.125,46.875
1295371,93.75,1140.625,429.6875,-93.75,-1117.1875,718.75,171.875,-1281.25,78.125,585.9375,-1101.5625,-328.125,671.875,-1125.0,31.25
1295371,93.75,1140.625,429.6875,-93.75,-1117.1875,718.75,171.875,-1281.25,78.125,585.9375,-1101.5625,-328.125,671.875,-1125.0,31.25
1295372,117.1875,1187.5,421.875,-70.3125,-1117.1875,726.5625,148.4375,-1265.625,31.25,570.3125,-1046.875,-359.375,648.4375,-1117.1875,-7.8125
1295372,117.1875,1187.5,421.875,-70.3125,-1117.1875,726.5625,148.4375,-1265.625,31.25,570.3125,-1046.875,-359.375,648.4375,-1117.1875,-7.8125
1295380,164.0625,1195.3125,437.5,-85.9375,-1078.125,687.5,156.25,-1234.375,31.25,554.6875,-1054.6875,-382.8125,625.0,-1117.1875,-54.6875
1295380,164.0625,1195.3125,437.5,-85.9375,-1078.125,687.5,156.25,-1234.375,31.25,554.6875,-1054.6875,-382.8125,625.0,-1117.1875,-54.6875
1295525,390.625,921.875,734.375,-140.625,-1171.875,242.1875,132.8125,-1101.5625,39.0625,304.6875,-953.125,-414.0625,250.0,-1031.25,-140.625
1295525,390.625,921.875,734.375,-140.625,-1171.875,242.1875,132.8125,-1101.5625,39.0625,304.6875,-953.125,-414.0625,250.0,-1031.25,-140.625
1295532,343.75,828.125,640.625,-234.375,-1210.9375,195.3125,-23.4375,-1078.125,-156.25,281.25,-921.875,-398.4375,242.1875,-1054.6875,-117.1875
1295532,343.75,828.125,640.625,-234.375,-1210.9375,195.3125,-23.4375,-1078.125,-156.25,281.25,-921.875,-398.4375,242.1875,-1054.6875,-117.1875
1295532,218.75,757.8125,484.375,-218.75,-1156.25,187.5,-46.875,-1085.9375,-273.4375,265.625,-945.3125,-429.6875,265.625,-1046.875,-101.5625
1295532,218.75,757.8125,484.375,-218.75,-1156.25,187.5,-46.875,-1085.9375,-273.4375,265.625,-945.3125,-429.6875,265.625,-1046.875,-101.5625
1295541,187.5,726.5625,468.75,-195.3125,-1046.875,171.875,-15.625,-1117.1875,-320.3125,242.1875,-968.75,-476.5625,289.0625,-1085.9375,-70.3125
1295541,187.5,726.5625,468.75,-195.3125,-1046.875,171.875,-15.625,-1117.1875,-320.3125,242.1875,-968.75,-476.5625,289.0625,-1085.9375,-70.3125
1295687,421.875,570.3125,-414.0625,218.75,-203.125,687.5,609.375,-398.4375,187.5,710.9375,-296.875,-85.9375,640.625,-468.75,109.375
1295687,421.875,570.3125,-414.0625,218.75,-203.125,687.5,609.375,-398.4375,187.5,710.9375,-296.875,-85.9375,640.625,-468.75,109.375
1295694,421.875,546.875,-460.9375,250.0,-171.875,703.125,656.25,-414.0625,195.3125,726.5625,-289.0625,-62.5,671.875,-437.5,148.4375
1295694,421.875,546.875,-460.9375,250.0,-171.875,703.125,656.25,-414.0625,195.3125,726.5625,-289.0625,-62.5,671.875,-437.5,148.4375
1295695,414.0625,531.25,-492.1875,250.0,-156.25,742.1875,710.9375,-375.0,218.75,781.25,-257.8125,-39.0625,710.9375,-414.0625,156.25
1295695,414.0625,531.25,-492.1875,250.0,-156.25,742.1875,710.9375,-375.0,218.75,781.25,-257.8125,-39.0625,710.9375,-414.0625,156.25
1295703,429.6875,500.0,-531.25,273.4375,-125.0,773.4375,726.5625,-375.0,226.5625,789.0625,-226.5625,0.0,734.375,-382.8125,187.5
1295703,429.6875,500.0,-531.25,273.4375,-125.0,773.4375,726.5625,-375.0,226.5625,789.0625,-226.5625,0.0,734.375,-382.8125,187.5
1295848,781.25,265.625,-578.125,351.5625,-23.4375,718.75,609.375,-281.25,156.25,695.3125,-70.3125,-7.8125,640.625,-226.5625,171.875
1295848,781.25,265.625,-578.125,351.5625,-23.4375,718.75,609.375,-281.25,156.25,695.3125,-70.3125,-7.8125,640.625,-226.5625,171.875
1295856,859.375,312.5,-531.25,375.0,-109.375,695.3125,632.8125,-289.0625,78.125,632.8125,-93.75,-85.9375,578.125,-234.375,117.1875
1295856,859.375,312.5,-531.25,375.0,-109.375,695.3125,632.8125,-289.0625,78.125,632.8125,-93.75,-85.9375,578.125,-234.375,117.1875
1295856,-1000.0,-3234.375,-1093.75,328.125,-7.8125,843.75,710.9375,-289.0625,132.8125,664.0625,-31.25,-109.375,531.25,-250.0,46.875
1295856,-1000.0,-3234.375,-1093.75,328.125,-7.8125,843.75,710.9375,-289.0625,132.8125,664.0625,-31.25,-109.375,531.25,-250.0,46.875
1295864,648.4375,-984.375,-1679.6875,703.125,-242.1875,968.75,1546.875,-265.625,812.5,1195.3125,414.0625,148.4375,820.3125,93.75,-78.125
1295864,648.4375,-984.375,-1679.6875,703.125,-242.1875,968.75,1546.875,-265.625,812.5,1195.3125,414.0625,148.4375,820.3125,93.75,-78.125
1296025,437.5,-101.5625,-937.5,179.6875,421.875,1007.8125,789.0625,-54.6875,804.6875,976.5625,226.5625,468.75,953.125,164.0625,500.0
1296025,437.5,-101.5625,-937.5,179.6875,421.875,1007.8125,789.0625,-54.6875,804.6875,976.5625,226.5625,468.75,953.125,164.0625,500.0
1296033,445.3125,-101.5625,-929.6875,203.125,429.6875,1000.0,789.0625,-31.25,781.25,953.125,250.0,468.75,953.125,187.5,500.0
1296033,445.3125,-101.5625,-929.6875,203.125,429.6875,1000.0,789.0625,-31.25,781.25,953.125,250.0,468.75,953.125,187.5,500.0
1296033,445.3125,-101.5625,-921.875,210.9375,437.5,984.375,781.25,-7.8125,781.25,929.6875,257.8125,468.75,937.5,195.3125,492.1875
1296033,445.3125,-101.5625,-921.875,210.9375,437.5,984.375,781.25,-7.8125,781.25,929.6875,257.8125,468.75,937.5,195.3125,492.1875
1296041,429.6875,-109.375,-898.4375,195.3125,429.6875,953.125,765.625,-15.625,765.625,906.25,250.0,453.125,914.0625,187.5,476.5625
1296041,429.6875,-109.375,-898.4375,195.3125,429.6875,953.125,765.625,-15.625,765.625,906.25,250.0,453.125,914.0625,187.5,476.5625
1296186,476.5625,-78.125,-890.625,140.625,296.875,968.75,742.1875,-164.0625,726.5625,945.3125,132.8125,398.4375,953.125,54.6875,445.3125
1296186,476.5625,-78.125,-890.625,140.625,296.875,968.75,742.1875,-164.0625,726.5625,945.3125,132.8125,398.4375,953.125,54.6875,445.3125
1296193,468.75,-70.3125,-882.8125,117.1875,304.6875,953.125,718.75,-148.4375,726.5625,937.5,140.625,398.4375,945.3125,54.6875,460.9375
1296193,468.75,-70.3125,-882.8125,117.1875,304.6875,953.125,718.75,-148.4375,726.5625,937.5,140.625,398.4375,945.3125,54.6875,460.9375
1296193,476.5625,-70.3125,-875.0,109.375,312.5,945.3125,703.125,-148.4375,718.75,921.875,132.8125,406.25,921.875,54.6875,460.9375
1296193,476.5625,-70.3125,-875.0,109.375,312.5,945.3125,703.125,-148.4375,718.75,921.875,132.8125,406.25,921.875,54.6875,460.9375
1296201,468.75,-62.5,-867.1875,117.1875,304.6875,929.6875,703.125,-148.4375,710.9375,914.0625,132.8125,406.25,898.4375,54.6875,453.125
1296201,468.75,-62.5,-867.1875,117.1875,304.6875,929.6875,703.125,-148.4375,710.9375,914.0625,132.8125,406.25,898.4375,54.6875,453.125
1296348,484.375,-85.9375,-875.0,132.8125,343.75,945.3125,695.3125,-109.375,703.125,882.8125,164.0625,421.875,882.8125,101.5625,460.9375
1296348,484.375,-85.9375,-875.0,132.8125,343.75,945.3125,695.3125,-109.375,703.125,882.8125,164.0625,421.875,882.8125,101.5625,460.9375
1296355,484.375,-85.9375,-875.0,132.8125,328.125,945.3125,695.3125,-125.0,710.9375,890.625,156.25,414.0625,875.0,101.5625,468.75
1296355,484.375,-85.9375,-875.0,132.8125,328.125,945.3125,695.3125,-125.0,710.9375,890.625,156.25,414.0625,875.0,101.5625,468.75
1296355,484.375,-85.9375,-867.1875,132.8125,328.125,937.5,695.3125,-125.0,718.75,882.8125,164.0625,421.875,882.8125,93.75,460.9375
1296355,484.375,-85.9375,-867.1875,132.8125,328.125,937.5,695.3125,-125.0,718.75,882.8125,164.0625,421.875,882.8125,93.75,460.9375
1296363,484.375,-78.125,-867.1875,140.625,343.75,945.3125,703.125,-125.0,718.75,882.8125,148.4375,414.0625,867.1875,93.75,460.9375
1296363,484.375,-78.125,-867.1875,140.625,343.75,945.3125,703.125,-125.0,718.75,882.8125,148.4375,414.0625,867.1875,93.75,460.9375
1296509,476.5625,-85.9375,-867.1875,109.375,320.3125,937.5,679.6875,-140.625,710.9375,867.1875,140.625,406.25,859.375,78.125,460.9375
1296509,476.5625,-85.9375,-867.1875,109.375,320.3125,937.5,679.6875,-140.625,710.9375,867.1875,140.625,406.25,859.375,78.125,460.9375
1296517,476.5625,-93.75,-875.0,117.1875,328.125,929.6875,679.6875,-132.8125,718.75,875.0,148.4375,414.0625,851.5625,85.9375,453.125
1296517,476.5625,-93.75,-875.0,117.1875,328.125,929.6875,679.6875,-132.8125,718.75,875.0,148.4375,414.0625,851.5625,85.9375,453.125
1296517,484.375,-78.125,-875.0,117.1875,328.125,929.6875,679.6875,-125.0,710.9375,882.8125,156.25,421.875,867.1875,93.75,453.125
1296517,484.375,-78.125,-875.0,117.1875,328.125,929.6875,679.6875,-125.0,710.9375,882.8125,156.25,421.875,867.1875,93.75,453.125
1296525,476.5625,-78.125,-867.1875,109.375,328.125,929.6875,687.5,-125.0,710.9375,882.8125,148.4375,421.875,890.625,85.9375,468.75
1296525,476.5625,-78.125,-867.1875,109.375,328.125,929.6875,687.5,-125.0,710.9375,882.8125,148.4375,421.875,890.625,85.9375,468.75
1296670,476.5625,-78.125,-875.0,125.0,335.9375,945.3125,679.6875,-125.0,718.75,867.1875,156.25,421.875,859.375,93.75,460.9375
1296670,476.5625,-78.125,-875.0,125.0,335.9375,945.3125,679.6875,-125.0,718.75,867.1875,156.25,421.875,859.375,93.75,460.9375
1296678,476.5625,-93.75,-875.0,117.1875,343.75,937.5,687.5,-125.0,726.5625,875.0,156.25,421.875,859.375,101.5625,460.9375
1296678,476.5625,-93.75,-875.0,117.1875,343.75,937.5,687.5,-125.0,726.5625,875.0,156.25,421.875,859.375,101.5625,460.9375
1296678,468.75,-78.125,-875.0,117.1875,335.9375,921.875,679.6875,-117.1875,718.75,859.375,164.0625,421.875,867.1875,101.5625,468.75
1296678,468.75,-78.125,-875.0,117.1875,335.9375,921.875,679.6875,-117.1875,718.75,859.375,164.0625,421.875,867.1875,101.5625,468.75
1296686,468.75,-85.9375,-867.1875,117.1875,335.9375,921.875,679.6875,-117.1875,718.75,867.1875,156.25,414.0625,859.375,101.5625,468.75
1296686,468.75,-85.9375,-867.1875,117.1875,335.9375,921.875,679.6875,-117.1875,718.75,867.1875,156.25,414.0625,859.375,101.5625,468.75
1296831,468.75,-85.9375,-875.0,109.375,328.125,937.5,687.5,-132.8125,718.75,882.8125,148.4375,414.0625,867.1875,85.9375,460.9375
1296831,468.75,-85.9375,-875.0,109.375,328.125,937.5,687.5,-132.8125,718.75,882.8125,148.4375,414.0625,867.1875,85.9375,460.9375
1296839,476.5625,-85.9375,-867.1875,125.0,328.125,937.5,679.6875,-125.0,718.75,875.0,156.25,406.25,867.1875,85.9375,445.3125
1296839,476.5625,-85.9375,-867.1875,125.0,328.125,937.5,679.6875,-125.0,718.75,875.0,156.25,406.25,867.1875,85.9375,445.3125
1296839,476.5625,-85.9375,-867.1875,117.1875,320.3125,937.5,687.5,-125.0,718.75,875.0,156.25,421.875,867.1875,93.75,453.125
1296839,476.5625,-85.9375,-867.1875,117.1875,320.3125,937.5,687.5,-125.0,718.75,875.0,156.25,421.875,867.1875,93.75,453.125
1296848,468.75,-78.125,-875.0,117.1875,335.9375,937.5,671.875,-125.0,710.9375,875.0,156.25,429.6875,867.1875,93.75,460.9375
1296848,468.75,-78.125,-875.0,117.1875,335.9375,937.5,671.875,-125.0,710.9375,875.0,156.25,429.6875,867.1875,93.75,460.9375
1296993,476.5625,-78.125,-851.5625,125.0,335.9375,929.6875,664.0625,-117.1875,718.75,859.375,156.25,414.0625,851.5625,101.5625,453.125
1296993,476.5625,-78.125,-851.5625,125.0,335.9375,929.6875,664.0625,-117.1875,718.75,859.375,156.25,414.0625,851.5625,101.5625,453.125
1297001,476.5625,-85.9375,-867.1875,109.375,328.125,937.5,671.875,-125.0,703.125,851.5625,156.25,406.25,843.75,101.5625,445.3125
1297001,476.5625,-85.9375,-867.1875,109.375,328.125,937.5,671.875,-125.0,703.125,851.5625,156.25,406.25,843.75,101.5625,445.3125
1297001,484.375,-85.9375,-867.1875,125.0,335.9375,929.6875,687.5,-117.1875,718.75,867.1875,164.0625,414.0625,859.375,101.5625,445.3125
1297001,484.375,-85.9375,-867.1875,125.0,335.9375,929.6875,687.5,-117.1875,718.75,867.1875,164.0625,414.0625,859.375,101.5625,445.3125
1297009,476.5625,-85.9375,-875.0,117.1875,328.125,937.5,687.5,-125.0,726.5625,875.0,164.0625,421.875,867.1875,109.375,453.125
1297009,476.5625,-85.9375,-875.0,117.1875,328.125,937.5,687.5,-125.0,726.5625,875.0,164.0625,421.875,867.1875,109.375,453.125
