1294154,-113.75,4.375,0.0
1294154,-113.75,4.375,0.0
1294164,-48.125,-8.75,4.375
1294164,-48.125,-8.75,4.375
1294174,-17.5,-4.375,-4.375
1294174,-17.5,-4.375,-4.375
1294275,-78.75,-4.375,13.125
1294275,-78.75,-4.375,13.125
1294285,-65.625,0.0,26.25
1294285,-65.625,0.0,26.25
1294437,-61.25,0.0,-8.75
1294437,-61.25,0.0,-8.75
1294446,-65.625,4.375,0.0
1294446,-65.625,4.375,0.0
1294598,-26.25,-8.75,-26.25
1294598,-26.25,-8.75,-26.25
1294608,-21.875,-13.125,-30.625
1294608,-21.875,-13.125,-30.625
1294759,30.625,-30.625,-52.5
1294759,30.625,-30.625,-52.5
1294769,48.125,-43.75,-74.375
1294769,48.125,-43.75,-74.375
1295021,214.375,-157.5,83.125
1295021,214.375,-157.5,83.125
1295032,96.25,-218.75,30.625
1295032,96.25,-218.75,30.625
1295042,70.0,-280.0,183.75
1295042,70.0,-280.0,183.75
1295051,144.375,-336.875,280.0
1295051,144.375,-336.875,280.0
1295203,-2498.125,2909.375,660.625
1295203,-2498.125,2909.375,660.625
1295213,-4020.625,3793.125,546.875
1295213,-4020.625,3793.125,546.875
1295365,-12985.0,18571.875,-1443.75
1295365,-12985.0,18571.875,-1443.75
1295375,-12985.0,19499.375,-1872.5
1295375,-12985.0,19499.375,-1872.5
1295526,-6566.875,3701.25,-3893.75
1295526,-6566.875,3701.25,-3893.75
1295536,-6523.125,1260.0,-4156.25
1295536,-6523.125,1260.0,-4156.25
1295688,-17023.125,-14284.375,-2401.875
1295688,-17023.125,-14284.375,-2401.875
1295698,-17023.125,-13650.0,-2331.875
1295698,-17023.125,-13650.0,-2331.875
1295849,-16327.5,-11274.375,-3731.875
1295849,-16327.5,-11274.375,-3731.875
1295859,-17675.0,-9506.875,-2502.5
1295859,-17675.0,-9506.875,-2502.5
1296020,-2218.125,-1356.25,1741.25
1296020,-2218.125,-1356.25,1741.25
1296031,-2178.75,-1036.875,1421.875
1296031,-2178.75,-1036.875,1421.875
1296182,96.25,-428.75,-752.5
1296182,96.25,-428.75,-752.5
1296192,-301.875,-210.0,-507.5
1296192,-301.875,-210.0,-507.5
1296344,30.625,21.875,-170.625
1296344,30.625,21.875,-170.625
1296354,-61.25,4.375,-153.125
1296354,-61.25,4.375,-153.125
1296505,218.75,118.125,70.0
1296505,218.75,118.125,70.0
1296515,223.125,122.5,-26.25
1296515,223.125,122.5,-26.25
1296666,-144.375,65.625,0.0
1296666,-144.375,65.625,0.0
1296677,-188.125,43.75,-39.375
1296677,-188.125,43.75,-39.375
1296828,-52.5,17.5,13.125
1296828,-52.5,17.5,13.125
1296838,-61.25,35.0,17.5
1296838,-61.25,35.0,17.5
1296989,-144.375,61.25,43.75
1296989,-144.375,61.25,43.75
1297000,-8.75,0.0,-13.125
1297000,-8.75,0.0,-13.125
