1285026,101.5625,828.125,570.3125,-62.5,-875.0,539.0625,109.375,-1015.625,70.3125,476.5625,-867.1875,-132.8125,562.5,-820.3125,70.3125
1285026,101.5625,828.125,570.3125,-62.5,-875.0,539.0625,109.375,-1015.625,70.3125,476.5625,-867.1875,-132.8125,562.5,-820.3125,70.3125
1285033,101.5625,820.3125,570.3125,-54.6875,-867.1875,546.875,117.1875,-1015.625,70.3125,484.375,-867.1875,-140.625,562.5,-820.3125,78.125
1285033,101.5625,820.3125,570.3125,-54.6875,-867.1875,546.875,117.1875,-1015.625,70.3125,484.375,-867.1875,-140.625,562.5,-820.3125,78.125
1285033,109.375,828.125,562.5,-54.6875,-867.1875,539.0625,117.1875,-1000.0,70.3125,476.5625,-859.375,-148.4375,562.5,-820.3125,70.3125
1285033,109.375,828.125,562.5,-54.6875,-867.1875,539.0625,117.1875,-1000.0,70.3125,476.5625,-859.375,-148.4375,562.5,-820.3125,70.3125
1285042,109.375,835.9375,570.3125,-54.6875,-867.1875,539.0625,109.375,-1000.0,70.3125,476.5625,-867.1875,-140.625,562.5,-828.125,70.3125
1285042,109.375,835.9375,570.3125,-54.6875,-867.1875,539.0625,109.375,-1000.0,70.3125,476.5625,-867.1875,-140.625,562.5,-828.125,70.3125
1285187,93.75,828.125,578.125,-54.6875,-867.1875,539.0625,109.375,-1007.8125,62.5,476.5625,-867.1875,-148.4375,570.3125,-820.3125,70.3125
1285187,93.75,828.125,578.125,-54.6875,-867.1875,539.0625,109.375,-1007.8125,62.5,476.5625,-867.1875,-148.4375,570.3125,-820.3125,70.3125
1285195,93.75,820.3125,570.3125,-62.5,-867.1875,546.875,101.5625,-1007.8125,62.5,476.5625,-867.1875,-140.625,562.5,-812.5,85.9375
1285195,93.75,820.3125,570.3125,-62.5,-867.1875,546.875,101.5625,-1007.8125,62.5,476.5625,-867.1875,-140.625,562.5,-812.5,85.9375
1285195,93.75,820.3125,562.5,-54.6875,-867.1875,539.0625,109.375,-1007.8125,62.5,476.5625,-859.375,-140.625,562.5,-828.125,78.125
1285195,93.75,820.3125,562.5,-54.6875,-867.1875,539.0625,109.375,-1007.8125,62.5,476.5625,-859.375,-140.625,562.5,-828.125,78.125
1285203,101.5625,812.5,578.125,-54.6875,-875.0,539.0625,101.5625,-1007.8125,62.5,476.5625,-875.0,-148.4375,562.5,-820.3125,70.3125
1285203,101.5625,812.5,578.125,-54.6875,-875.0,539.0625,101.5625,-1007.8125,62.5,476.5625,-875.0,-148.4375,562.5,-820.3125,70.3125
1285349,101.5625,820.3125,578.125,-54.6875,-867.1875,531.25,117.1875,-1007.8125,62.5,468.75,-867.1875,-148.4375,554.6875,-820.3125,70.3125
1285349,101.5625,820.3125,578.125,-54.6875,-867.1875,531.25,117.1875,-1007.8125,62.5,468.75,-867.1875,-148.4375,554.6875,-820.3125,70.3125
1285356,101.5625,828.125,570.3125,-54.6875,-867.1875,546.875,109.375,-1000.0,54.6875,468.75,-851.5625,-148.4375,562.5,-812.5,70.3125
1285356,101.5625,828.125,570.3125,-54.6875,-867.1875,546.875,109.375,-1000.0,54.6875,468.75,-851.5625,-148.4375,562.5,-812.5,70.3125
1285357,93.75,820.3125,570.3125,-54.6875,-867.1875,546.875,109.375,-1000.0,62.5,468.75,-851.5625,-148.4375,562.5,-820.3125,62.5
1285357,93.75,820.3125,570.3125,-54.6875,-867.1875,546.875,109.375,-1000.0,62.5,468.75,-851.5625,-148.4375,562.5,-820.3125,62.5
1285364,101.5625,820.3125,578.125,-54.6875,-859.375,546.875,101.5625,-1007.8125,54.6875,468.75,-851.5625,-148.4375,554.6875,-820.3125,62.5
1285364,101.5625,820.3125,578.125,-54.6875,-859.375,546.875,101.5625,-1007.8125,54.6875,468.75,-851.5625,-148.4375,554.6875,-820.3125,62.5
1285590,93.75,828.125,562.5,-62.5,-867.1875,554.6875,101.5625,-1000.0,62.5,476.5625,-867.1875,-132.8125,570.3125,-828.125,70.3125
1285590,93.75,828.125,562.5,-62.5,-867.1875,554.6875,101.5625,-1000.0,62.5,476.5625,-867.1875,-132.8125,570.3125,-828.125,70.3125
1285598,93.75,835.9375,570.3125,-62.5,-867.1875,554.6875,109.375,-1015.625,62.5,476.5625,-867.1875,-140.625,562.5,-828.125,78.125
1285598,93.75,835.9375,570.3125,-62.5,-867.1875,554.6875,109.375,-1015.625,62.5,476.5625,-867.1875,-140.625,562.5,-828.125,78.125
1285599,85.9375,828.125,570.3125,-62.5,-875.0,554.6875,101.5625,-1007.8125,62.5,476.5625,-867.1875,-140.625,562.5,-820.3125,78.125
1285599,85.9375,828.125,570.3125,-62.5,-875.0,554.6875,101.5625,-1007.8125,62.5,476.5625,-867.1875,-140.625,562.5,-820.3125,78.125
1285606,101.5625,828.125,570.3125,-54.6875,-875.0,546.875,109.375,-1007.8125,62.5,476.5625,-867.1875,-140.625,562.5,-828.125,62.5
1285606,101.5625,828.125,570.3125,-54.6875,-875.0,546.875,109.375,-1007.8125,62.5,476.5625,-867.1875,-140.625,562.5,-828.125,62.5
1285751,101.5625,828.125,562.5,-62.5,-859.375,546.875,109.375,-1007.8125,70.3125,468.75,-859.375,-140.625,562.5,-820.3125,70.3125
1285751,101.5625,828.125,562.5,-62.5,-859.375,546.875,109.375,-1007.8125,70.3125,468.75,-859.375,-140.625,562.5,-820.3125,70.3125
1285751,93.75,828.125,570.3125,-54.6875,-867.1875,546.875,109.375,-1007.8125,62.5,476.5625,-867.1875,-140.625,570.3125,-820.3125,70.3125
1285751,93.75,828.125,570.3125,-54.6875,-867.1875,546.875,109.375,-1007.8125,62.5,476.5625,-867.1875,-140.625,570.3125,-820.3125,70.3125
1285760,93.75,820.3125,570.3125,-46.875,-867.1875,546.875,109.375,-1007.8125,62.5,460.9375,-867.1875,-140.625,570.3125,-820.3125,78.125
1285760,93.75,820.3125,570.3125,-46.875,-867.1875,546.875,109.375,-1007.8125,62.5,460.9375,-867.1875,-140.625,570.3125,-820.3125,78.125
1285760,101.5625,820.3125,570.3125,-54.6875,-867.1875,539.0625,101.5625,-1007.8125,70.3125,468.75,-867.1875,-140.625,562.5,-828.125,70.3125
1285760,101.5625,820.3125,570.3125,-54.6875,-867.1875,539.0625,101.5625,-1007.8125,70.3125,468.75,-867.1875,-140.625,562.5,-828.125,70.3125
1285912,101.5625,828.125,570.3125,-62.5,-867.1875,539.0625,109.375,-1007.8125,62.5,476.5625,-867.1875,-140.625,562.5,-828.125,70.3125
1285912,101.5625,828.125,570.3125,-62.5,-867.1875,539.0625,109.375,-1007.8125,62.5,476.5625,-867.1875,-140.625,562.5,-828.125,70.3125
1285913,101.5625,828.125,570.3125,-62.5,-867.1875,554.6875,109.375,-1007.8125,54.6875,468.75,-859.375,-140.625,562.5,-820.3125,70.3125
1285913,101.5625,828.125,570.3125,-62.5,-867.1875,554.6875,109.375,-1007.8125,54.6875,468.75,-859.375,-140.625,562.5,-820.3125,70.3125
1285921,101.5625,828.125,570.3125,-54.6875,-867.1875,546.875,109.375,-1000.0,62.5,468.75,-867.1875,-140.625,562.5,-812.5,78.125
1285921,101.5625,828.125,570.3125,-54.6875,-867.1875,546.875,109.375,-1000.0,62.5,468.75,-867.1875,-140.625,562.5,-812.5,78.125
1285921,101.5625,828.125,570.3125,-54.6875,-875.0,546.875,109.375,-1007.8125,62.5,468.75,-867.1875,-148.4375,554.6875,-820.3125,70.3125
1285921,101.5625,828.125,570.3125,-54.6875,-875.0,546.875,109.375,-1007.8125,62.5,468.75,-867.1875,-148.4375,554.6875,-820.3125,70.3125
1286050,101.5625,828.125,570.3125,-62.5,-859.375,546.875,109.375,-1007.8125,62.5,476.5625,-867.1875,-132.8125,554.6875,-828.125,85.9375
1286050,101.5625,828.125,570.3125,-62.5,-859.375,546.875,109.375,-1007.8125,62.5,476.5625,-867.1875,-132.8125,554.6875,-828.125,85.9375
1286058,101.5625,835.9375,570.3125,-62.5,-859.375,554.6875,117.1875,-1015.625,62.5,476.5625,-867.1875,-140.625,554.6875,-820.3125,78.125
1286058,101.5625,835.9375,570.3125,-62.5,-859.375,554.6875,117.1875,-1015.625,62.5,476.5625,-867.1875,-140.625,554.6875,-820.3125,78.125
1286058,109.375,828.125,562.5,-54.6875,-867.1875,546.875,101.5625,-1007.8125,70.3125,468.75,-867.1875,-140.625,554.6875,-820.3125,78.125
1286058,109.375,828.125,562.5,-54.6875,-867.1875,546.875,101.5625,-1007.8125,70.3125,468.75,-867.1875,-140.625,554.6875,-820.3125,78.125
1286066,101.5625,828.125,570.3125,-62.5,-867.1875,546.875,101.5625,-1007.8125,62.5,468.75,-867.1875,-148.4375,554.6875,-828.125,78.125
1286066,101.5625,828.125,570.3125,-62.5,-867.1875,546.875,101.5625,-1007.8125,62.5,468.75,-867.1875,-148.4375,554.6875,-828.125,78.125
1286235,109.375,828.125,562.5,-54.6875,-867.1875,554.6875,109.375,-1000.0,70.3125,468.75,-867.1875,-140.625,562.5,-820.3125,78.125
1286235,109.375,828.125,562.5,-54.6875,-867.1875,554.6875,109.375,-1000.0,70.3125,468.75,-867.1875,-140.625,562.5,-820.3125,78.125
1286236,109.375,828.125,570.3125,-54.6875,-859.375,554.6875,109.375,-1007.8125,62.5,468.75,-859.375,-132.8125,562.5,-820.3125,62.5
1286236,109.375,828.125,570.3125,-54.6875,-859.375,554.6875,109.375,-1007.8125,62.5,468.75,-859.375,-132.8125,562.5,-820.3125,62.5
1286244,109.375,828.125,562.5,-46.875,-867.1875,546.875,109.375,-1000.0,70.3125,476.5625,-859.375,-132.8125,562.5,-812.5,70.3125
1286244,109.375,828.125,562.5,-46.875,-867.1875,546.875,109.375,-1000.0,70.3125,476.5625,-859.375,-132.8125,562.5,-812.5,70.3125
1286244,101.5625,835.9375,570.3125,-46.875,-859.375,554.6875,117.1875,-1000.0,62.5,476.5625,-859.375,-140.625,562.5,-812.5,78.125
1286244,101.5625,835.9375,570.3125,-46.875,-859.375,554.6875,117.1875,-1000.0,62.5,476.5625,-859.375,-140.625,562.5,-812.5,78.125
1286316,109.375,828.125,562.5,-54.6875,-867.1875,539.0625,109.375,-1000.0,78.125,468.75,-867.1875,-148.4375,562.5,-820.3125,70.3125
1286316,109.375,828.125,562.5,-54.6875,-867.1875,539.0625,109.375,-1000.0,78.125,468.75,-867.1875,-148.4375,562.5,-820.3125,70.3125
1286316,109.375,828.125,554.6875,-54.6875,-867.1875,546.875,109.375,-1007.8125,62.5,484.375,-859.375,-132.8125,554.6875,-820.3125,85.9375
1286316,109.375,828.125,554.6875,-54.6875,-867.1875,546.875,109.375,-1007.8125,62.5,484.375,-859.375,-132.8125,554.6875,-820.3125,85.9375
1286323,109.375,835.9375,554.6875,-54.6875,-859.375,546.875,109.375,-1007.8125,62.5,468.75,-867.1875,-132.8125,554.6875,-820.3125,85.9375
1286323,109.375,835.9375,554.6875,-54.6875,-859.375,546.875,109.375,-1007.8125,62.5,468.75,-867.1875,-132.8125,554.6875,-820.3125,85.9375
1286323,109.375,835.9375,554.6875,-46.875,-859.375,546.875,101.5625,-1000.0,70.3125,476.5625,-859.375,-132.8125,554.6875,-828.125,78.125
1286323,109.375,835.9375,554.6875,-46.875,-859.375,546.875,101.5625,-1000.0,70.3125,476.5625,-859.375,-132.8125,554.6875,-828.125,78.125
1286413,109.375,828.125,570.3125,-54.6875,-867.1875,546.875,109.375,-1007.8125,70.3125,476.5625,-859.375,-140.625,570.3125,-828.125,70.3125
1286413,109.375,828.125,570.3125,-54.6875,-867.1875,546.875,109.375,-1007.8125,70.3125,476.5625,-859.375,-140.625,570.3125,-828.125,70.3125
1286421,101.5625,820.3125,570.3125,-54.6875,-867.1875,562.5,117.1875,-1007.8125,70.3125,476.5625,-867.1875,-140.625,562.5,-820.3125,85.9375
1286421,101.5625,820.3125,570.3125,-54.6875,-867.1875,562.5,117.1875,-1007.8125,70.3125,476.5625,-867.1875,-140.625,562.5,-820.3125,85.9375
1286421,109.375,820.3125,570.3125,-54.6875,-867.1875,546.875,109.375,-1015.625,78.125,476.5625,-859.375,-156.25,554.6875,-820.3125,78.125
1286421,109.375,820.3125,570.3125,-54.6875,-867.1875,546.875,109.375,-1015.625,78.125,476.5625,-859.375,-156.25,554.6875,-820.3125,78.125
1286429,109.375,828.125,562.5,-54.6875,-867.1875,539.0625,109.375,-1000.0,62.5,476.5625,-859.375,-140.625,570.3125,-828.125,78.125
1286429,109.375,828.125,562.5,-54.6875,-867.1875,539.0625,109.375,-1000.0,62.5,476.5625,-859.375,-140.625,570.3125,-828.125,78.125
1286575,156.25,820.3125,562.5,-46.875,-867.1875,539.0625,140.625,-1000.0,70.3125,445.3125,-726.5625,-156.25,601.5625,-835.9375,93.75
1286575,156.25,820.3125,562.5,-46.875,-867.1875,539.0625,140.625,-1000.0,70.3125,445.3125,-726.5625,-156.25,601.5625,-835.9375,93.75
1286582,148.4375,843.75,562.5,-39.0625,-851.5625,562.5,125.0,-1023.4375,70.3125,570.3125,-929.6875,-101.5625,593.75,-812.5,93.75
1286582,148.4375,843.75,562.5,-39.0625,-851.5625,562.5,125.0,-1023.4375,70.3125,570.3125,-929.6875,-101.5625,593.75,-812.5,93.75
1286582,140.625,851.5625,554.6875,-7.8125,-835.9375,570.3125,93.75,-1015.625,54.6875,500.0,-867.1875,-117.1875,601.5625,-804.6875,85.9375
1286582,140.625,851.5625,554.6875,-7.8125,-835.9375,570.3125,93.75,-1015.625,54.6875,500.0,-867.1875,-117.1875,601.5625,-804.6875,85.9375
1286590,148.4375,835.9375,570.3125,-23.4375,-867.1875,570.3125,179.6875,-1023.4375,109.375,539.0625,-859.375,-109.375,640.625,-820.3125,132.8125
1286590,148.4375,835.9375,570.3125,-23.4375,-867.1875,570.3125,179.6875,-1023.4375,109.375,539.0625,-859.375,-109.375,640.625,-820.3125,132.8125
1286735,195.3125,1375.0,390.625,164.0625,-875.0,1171.875,429.6875,-1328.125,703.125,1007.8125,-1132.8125,382.8125,906.25,-968.75,585.9375
1286735,195.3125,1375.0,390.625,164.0625,-875.0,1171.875,429.6875,-1328.125,703.125,1007.8125,-1132.8125,382.8125,906.25,-968.75,585.9375
1286743,179.6875,1390.625,406.25,156.25,-835.9375,1187.5,406.25,-1320.3125,671.875,898.4375,-1148.4375,312.5,882.8125,-960.9375,593.75
1286743,179.6875,1390.625,406.25,156.25,-835.9375,1187.5,406.25,-1320.3125,671.875,898.4375,-1148.4375,312.5,882.8125,-960.9375,593.75
1286743,195.3125,1421.875,414.0625,164.0625,-851.5625,1187.5,398.4375,-1273.4375,625.0,882.8125,-1109.375,281.25,890.625,-992.1875,601.5625
1286743,195.3125,1421.875,414.0625,164.0625,-851.5625,1187.5,398.4375,-1273.4375,625.0,882.8125,-1109.375,281.25,890.625,-992.1875,601.5625
1286751,218.75,1437.5,382.8125,156.25,-828.125,1164.0625,382.8125,-1242.1875,609.375,882.8125,-1101.5625,257.8125,914.0625,-984.375,593.75
1286751,218.75,1437.5,382.8125,156.25,-828.125,1164.0625,382.8125,-1242.1875,609.375,882.8125,-1101.5625,257.8125,914.0625,-984.375,593.75
1286897,46.875,1070.3125,148.4375,-289.0625,-1218.75,312.5,-156.25,-1500.0,-226.5625,375.0,-1210.9375,-343.75,296.875,-1234.375,-7.8125
1286897,46.875,1070.3125,148.4375,-289.0625,-1218.75,312.5,-156.25,-1500.0,-226.5625,375.0,-1210.9375,-343.75,296.875,-1234.375,-7.8125
1286904,117.1875,1117.1875,179.6875,-289.0625,-882.8125,156.25,-62.5,-914.0625,234.375,390.625,-1117.1875,-156.25,328.125,-1289.0625,62.5
1286904,117.1875,1117.1875,179.6875,-289.0625,-882.8125,156.25,-62.5,-914.0625,234.375,390.625,-1117.1875,-156.25,328.125,-1289.0625,62.5
1286905,179.6875,1187.5,226.5625,-312.5,-1179.6875,265.625,304.6875,-1601.5625,70.3125,546.875,-1289.0625,-273.4375,312.5,-1296.875,101.5625
1286905,179.6875,1187.5,226.5625,-312.5,-1179.6875,265.625,304.6875,-1601.5625,70.3125,546.875,-1289.0625,-273.4375,312.5,-1296.875,101.5625
1286913,242.1875,1281.25,273.4375,-328.125,-1570.3125,226.5625,203.125,-1570.3125,156.25,585.9375,-1289.0625,-250.0,351.5625,-1359.375,164.0625
1286913,242.1875,1281.25,273.4375,-328.125,-1570.3125,226.5625,203.125,-1570.3125,156.25,585.9375,-1289.0625,-250.0,351.5625,-1359.375,164.0625
1287058,203.125,585.9375,-39.0625,-117.1875,-562.5,320.3125,171.875,-632.8125,-54.6875,335.9375,-601.5625,-265.625,359.375,-726.5625,0.0
1287058,203.125,585.9375,-39.0625,-117.1875,-562.5,320.3125,171.875,-632.8125,-54.6875,335.9375,-601.5625,-265.625,359.375,-726.5625,0.0
1287066,210.9375,546.875,-78.125,-85.9375,-523.4375,335.9375,218.75,-585.9375,-31.25,343.75,-539.0625,-226.5625,367.1875,-679.6875,0.0
1287066,210.9375,546.875,-78.125,-85.9375,-523.4375,335.9375,218.75,-585.9375,-31.25,343.75,-539.0625,-226.5625,367.1875,-679.6875,0.0
1287066,257.8125,523.4375,-109.375,-78.125,-492.1875,335.9375,250.0,-578.125,-39.0625,343.75,-515.625,-210.9375,359.375,-640.625,-15.625
1287066,257.8125,523.4375,-109.375,-78.125,-492.1875,335.9375,250.0,-578.125,-39.0625,343.75,-515.625,-210.9375,359.375,-640.625,-15.625
1287074,304.6875,523.4375,-148.4375,-39.0625,-460.9375,335.9375,242.1875,-546.875,-39.0625,359.375,-484.375,-210.9375,367.1875,-609.375,-7.8125
1287074,304.6875,523.4375,-148.4375,-39.0625,-460.9375,335.9375,242.1875,-546.875,-39.0625,359.375,-484.375,-210.9375,367.1875,-609.375,-7.8125
1287219,484.375,109.375,-718.75,289.0625,125.0,687.5,679.6875,-78.125,289.0625,695.3125,109.375,117.1875,664.0625,0.0,195.3125
1287219,484.375,109.375,-718.75,289.0625,125.0,687.5,679.6875,-78.125,289.0625,695.3125,109.375,117.1875,664.0625,0.0,195.3125
1287227,500.0,93.75,-710.9375,328.125,148.4375,703.125,710.9375,-93.75,289.0625,687.5,109.375,125.0,679.6875,-7.8125,203.125
1287227,500.0,93.75,-710.9375,328.125,148.4375,703.125,710.9375,-93.75,289.0625,687.5,109.375,125.0,679.6875,-7.8125,203.125
1287227,515.625,85.9375,-703.125,382.8125,164.0625,757.8125,726.5625,-62.5,273.4375,695.3125,117.1875,117.1875,664.0625,23.4375,210.9375
1287227,515.625,85.9375,-703.125,382.8125,164.0625,757.8125,726.5625,-62.5,273.4375,695.3125,117.1875,117.1875,664.0625,23.4375,210.9375
1287235,531.25,78.125,-718.75,398.4375,203.125,781.25,734.375,-54.6875,296.875,664.0625,117.1875,109.375,640.625,23.4375,195.3125
1287235,531.25,78.125,-718.75,398.4375,203.125,781.25,734.375,-54.6875,296.875,664.0625,117.1875,109.375,640.625,23.4375,195.3125
1287389,242.1875,70.3125,-750.0,54.6875,218.75,734.375,601.5625,-179.6875,625.0,828.125,46.875,414.0625,835.9375,15.625,515.625
1287389,242.1875,70.3125,-750.0,54.6875,218.75,734.375,601.5625,-179.6875,625.0,828.125,46.875,414.0625,835.9375,15.625,515.625
1287397,234.375,46.875,-789.0625,78.125,250.0,804.6875,617.1875,-187.5,625.0,843.75,46.875,406.25,796.875,7.8125,492.1875
1287397,234.375,46.875,-789.0625,78.125,250.0,804.6875,617.1875,-187.5,625.0,843.75,46.875,406.25,796.875,7.8125,492.1875
1287405,296.875,70.3125,-812.5,109.375,234.375,851.5625,679.6875,-171.875,640.625,843.75,70.3125,390.625,796.875,15.625,460.9375
1287405,296.875,70.3125,-812.5,109.375,234.375,851.5625,679.6875,-171.875,640.625,843.75,70.3125,390.625,796.875,15.625,460.9375
1287405,335.9375,62.5,-828.125,117.1875,265.625,882.8125,664.0625,-187.5,625.0,828.125,93.75,375.0,789.0625,46.875,421.875
1287405,335.9375,62.5,-828.125,117.1875,265.625,882.8125,664.0625,-187.5,625.0,828.125,93.75,375.0,789.0625,46.875,421.875
1287550,382.8125,46.875,-906.25,148.4375,351.5625,953.125,718.75,-125.0,695.3125,867.1875,140.625,429.6875,835.9375,101.5625,492.1875
1287550,382.8125,46.875,-906.25,148.4375,351.5625,953.125,718.75,-125.0,695.3125,867.1875,140.625,429.6875,835.9375,101.5625,492.1875
1287557,382.8125,54.6875,-914.0625,140.625,351.5625,937.5,718.75,-125.0,695.3125,882.8125,140.625,437.5,843.75,101.5625,507.8125
1287557,382.8125,54.6875,-914.0625,140.625,351.5625,937.5,718.75,-125.0,695.3125,882.8125,140.625,437.5,843.75,101.5625,507.8125
1287566,414.0625,54.6875,-898.4375,132.8125,335.9375,945.3125,718.75,-125.0,695.3125,875.0,132.8125,437.5,859.375,93.75,500.0
1287566,414.0625,54.6875,-898.4375,132.8125,335.9375,945.3125,718.75,-125.0,695.3125,875.0,132.8125,437.5,859.375,93.75,500.0
1287566,414.0625,62.5,-898.4375,140.625,328.125,945.3125,718.75,-148.4375,679.6875,890.625,125.0,421.875,859.375,70.3125,500.0
1287566,414.0625,62.5,-898.4375,140.625,328.125,945.3125,718.75,-148.4375,679.6875,890.625,125.0,421.875,859.375,70.3125,500.0
1287711,437.5,46.875,-898.4375,148.4375,304.6875,945.3125,734.375,-156.25,679.6875,898.4375,125.0,398.4375,867.1875,70.3125,484.375
1287711,437.5,46.875,-898.4375,148.4375,304.6875,945.3125,734.375,-156.25,679.6875,898.4375,125.0,398.4375,867.1875,70.3125,484.375
1287718,437.5,62.5,-906.25,132.8125,304.6875,945.3125,726.5625,-156.25,664.0625,890.625,117.1875,414.0625,875.0,70.3125,484.375
1287718,437.5,62.5,-906.25,132.8125,304.6875,945.3125,726.5625,-156.25,664.0625,890.625,117.1875,414.0625,875.0,70.3125,484.375
1287727,429.6875,54.6875,-906.25,132.8125,304.6875,945.3125,734.375,-148.4375,671.875,890.625,132.8125,414.0625,867.1875,70.3125,484.375
1287727,429.6875,54.6875,-906.25,132.8125,304.6875,945.3125,734.375,-148.4375,671.875,890.625,132.8125,414.0625,867.1875,70.3125,484.375
1287727,437.5,54.6875,-914.0625,140.625,304.6875,945.3125,726.5625,-156.25,671.875,890.625,125.0,406.25,867.1875,70.3125,492.1875
1287727,437.5,54.6875,-914.0625,140.625,304.6875,945.3125,726.5625,-156.25,671.875,890.625,125.0,406.25,867.1875,70.3125,492.1875
1287873,437.5,70.3125,-890.625,148.4375,320.3125,945.3125,718.75,-148.4375,664.0625,875.0,117.1875,390.625,843.75,78.125,476.5625
1287873,437.5,70.3125,-890.625,148.4375,320.3125,945.3125,718.75,-148.4375,664.0625,875.0,117.1875,390.625,843.75,78.125,476.5625
1287880,429.6875,54.6875,-906.25,140.625,304.6875,945.3125,726.5625,-148.4375,671.875,875.0,125.0,406.25,843.75,70.3125,460.9375
1287880,429.6875,54.6875,-906.25,140.625,304.6875,945.3125,726.5625,-148.4375,671.875,875.0,125.0,406.25,843.75,70.3125,460.9375
1287889,429.6875,54.6875,-906.25,148.4375,304.6875,953.125,734.375,-148.4375,679.6875,898.4375,132.8125,406.25,859.375,78.125,460.9375
1287889,429.6875,54.6875,-906.25,148.4375,304.6875,953.125,734.375,-148.4375,679.6875,898.4375,132.8125,406.25,859.375,78.125,460.9375
1287889,421.875,54.6875,-906.25,140.625,304.6875,945.3125,742.1875,-148.4375,679.6875,898.4375,125.0,406.25,867.1875,78.125,476.5625
1287889,421.875,54.6875,-906.25,140.625,304.6875,945.3125,742.1875,-148.4375,679.6875,898.4375,125.0,406.25,867.1875,78.125,476.5625
1288034,429.6875,54.6875,-898.4375,148.4375,304.6875,945.3125,742.1875,-148.4375,664.0625,898.4375,132.8125,390.625,875.0,78.125,468.75
1288034,429.6875,54.6875,-898.4375,148.4375,304.6875,945.3125,742.1875,-148.4375,664.0625,898.4375,132.8125,390.625,875.0,78.125,468.75
1288042,429.6875,54.6875,-898.4375,148.4375,296.875,945.3125,734.375,-148.4375,671.875,890.625,132.8125,398.4375,859.375,70.3125,468.75
1288042,429.6875,54.6875,-898.4375,148.4375,296.875,945.3125,734.375,-148.4375,671.875,890.625,132.8125,398.4375,859.375,70.3125,468.75
1288050,437.5,54.6875,-898.4375,148.4375,304.6875,937.5,718.75,-148.4375,664.0625,882.8125,125.0,398.4375,859.375,70.3125,476.5625
1288050,437.5,54.6875,-898.4375,148.4375,304.6875,937.5,718.75,-148.4375,664.0625,882.8125,125.0,398.4375,859.375,70.3125,476.5625
1288050,421.875,54.6875,-898.4375,148.4375,296.875,937.5,726.5625,-140.625,656.25,882.8125,132.8125,398.4375,859.375,78.125,468.75
1288050,421.875,54.6875,-898.4375,148.4375,296.875,937.5,726.5625,-140.625,656.25,882.8125,132.8125,398.4375,859.375,78.125,468.75
