1267300,21.875,-48.125,8.75
1267300,21.875,-48.125,8.75
1267309,4.375,-4.375,4.375
1267309,4.375,-4.375,4.375
1267360,-13.125,0.0,48.125
1267360,-13.125,0.0,48.125
1267370,-8.75,-4.375,43.75
1267370,-8.75,-4.375,43.75
1267421,-39.375,4.375,-61.25
1267421,-39.375,4.375,-61.25
1267430,-48.125,21.875,-48.125
1267430,-48.125,21.875,-48.125
1267582,-4.375,0.0,30.625
1267582,-4.375,0.0,30.625
1267592,-126.875,61.25,-4.375
1267592,-126.875,61.25,-4.375
1267682,-113.75,26.25,70.0
1267682,-113.75,26.25,70.0
1267693,-100.625,30.625,91.875
1267693,-100.625,30.625,91.875
1267844,-791.875,214.375,516.25
1267844,-791.875,214.375,516.25
1267854,-708.75,201.25,774.375
1267854,-708.75,201.25,774.375
1268005,-5919.375,1916.25,3775.625
1268005,-5919.375,1916.25,3775.625
1268016,-5429.375,1548.75,3010.0
1268016,-5429.375,1548.75,3010.0
1268167,-3447.5,4086.25,-4803.75
1268167,-3447.5,4086.25,-4803.75
1268177,-3801.875,4335.625,-4742.5
1268177,-3801.875,4335.625,-4742.5
1268328,-9296.875,10473.75,-3644.375
1268328,-9296.875,10473.75,-3644.375
1268338,-10434.375,9948.75,-2769.375
1268338,-10434.375,9948.75,-2769.375
1268490,-13873.125,-634.375,-148.75
1268490,-13873.125,-634.375,-148.75
1268500,-14599.375,-258.125,288.75
1268500,-14599.375,-258.125,288.75
1268651,-14354.375,-8198.75,-5670.0
1268651,-14354.375,-8198.75,-5670.0
1268662,-15120.0,-7686.875,-5976.25
1268662,-15120.0,-7686.875,-5976.25
1268732,-16021.25,-8995.0,-7485.625
1268732,-16021.25,-8995.0,-7485.625
1268742,-15010.625,-10762.5,-8150.625
1268742,-15010.625,-10762.5,-8150.625
1268893,-831.25,-3123.75,831.25
1268893,-831.25,-3123.75,831.25
1269066,1316.875,-476.875,-476.875
1269066,1316.875,-476.875,-476.875
1269075,857.5,-166.25,-240.625
1269075,857.5,-166.25,-240.625
1269146,78.75,170.625,280.0
1269146,78.75,170.625,280.0
1269156,122.5,4.375,48.125
1269156,122.5,4.375,48.125
1269308,-26.25,52.5,83.125
1269308,-26.25,52.5,83.125
1269317,-30.625,30.625,65.625
1269317,-30.625,30.625,65.625
1269469,30.625,70.0,-35.0
1269469,30.625,70.0,-35.0
1269479,52.5,52.5,-30.625
1269479,52.5,52.5,-30.625
1269631,-48.125,-48.125,-96.25
1269631,-48.125,-48.125,-96.25
1269640,-65.625,-48.125,-87.5
1269640,-65.625,-48.125,-87.5
1269711,-52.5,52.5,-30.625
1269711,-52.5,52.5,-30.625
1269721,-39.375,17.5,-8.75
1269721,-39.375,17.5,-8.75
1269872,43.75,-30.625,-192.5
1269872,43.75,-30.625,-192.5
1269882,17.5,-4.375,-249.375
1269882,17.5,-4.375,-249.375
1269953,-8.75,-13.125,-288.75
1269953,-8.75,-13.125,-288.75
1269963,-61.25,13.125,-310.625
1269963,-61.25,13.125,-310.625
1270034,61.25,-52.5,-122.5
1270034,61.25,-52.5,-122.5
1270044,70.0,-61.25,-113.75
1270044,70.0,-61.25,-113.75
1270195,0.0,17.5,-179.375
1270195,0.0,17.5,-179.375
1270205,-30.625,48.125,-297.5
1270205,-30.625,48.125,-297.5
1270275,-17.5,8.75,-367.5
1270275,-17.5,8.75,-367.5
1270286,-61.25,-48.125,-288.75
1270286,-61.25,-48.125,-288.75
1270437,-21.875,-65.625,-144.375
1270437,-21.875,-65.625,-144.375
1270447,-61.25,-56.875,-126.875
1270447,-61.25,-56.875,-126.875
