1719370,-171.875,757.8125,679.6875,-109.375,-828.125,593.75,195.3125,-921.875,367.1875,382.8125,-921.875,7.8125,429.6875,-898.4375,-15.625
1719370,-171.875,757.8125,679.6875,-109.375,-828.125,593.75,195.3125,-921.875,367.1875,382.8125,-921.875,7.8125,429.6875,-898.4375,-15.625
1719370,-171.875,726.5625,671.875,-117.1875,-835.9375,585.9375,195.3125,-921.875,351.5625,367.1875,-929.6875,7.8125,429.6875,-898.4375,-23.4375
1719370,-171.875,726.5625,671.875,-117.1875,-835.9375,585.9375,195.3125,-921.875,351.5625,367.1875,-929.6875,7.8125,429.6875,-898.4375,-23.4375
1719378,-164.0625,710.9375,679.6875,-109.375,-828.125,593.75,187.5,-929.6875,351.5625,375.0,-921.875,0.0,437.5,-906.25,-23.4375
1719378,-164.0625,710.9375,679.6875,-109.375,-828.125,593.75,187.5,-929.6875,351.5625,375.0,-921.875,0.0,437.5,-906.25,-23.4375
1719386,-179.6875,718.75,687.5,-117.1875,-835.9375,585.9375,195.3125,-929.6875,359.375,382.8125,-937.5,0.0,429.6875,-898.4375,-23.4375
1719386,-179.6875,718.75,687.5,-117.1875,-835.9375,585.9375,195.3125,-929.6875,359.375,382.8125,-937.5,0.0,429.6875,-898.4375,-23.4375
1719531,-171.875,726.5625,671.875,-109.375,-820.3125,593.75,195.3125,-929.6875,359.375,375.0,-921.875,7.8125,421.875,-898.4375,-15.625
1719531,-171.875,726.5625,671.875,-109.375,-820.3125,593.75,195.3125,-929.6875,359.375,375.0,-921.875,7.8125,421.875,-898.4375,-15.625
1719531,-171.875,726.5625,671.875,-109.375,-820.3125,593.75,203.125,-914.0625,359.375,367.1875,-921.875,15.625,421.875,-890.625,-15.625
1719531,-171.875,726.5625,671.875,-109.375,-820.3125,593.75,203.125,-914.0625,359.375,367.1875,-921.875,15.625,421.875,-890.625,-15.625
1719539,-164.0625,726.5625,671.875,-101.5625,-812.5,593.75,203.125,-914.0625,367.1875,359.375,-914.0625,15.625,421.875,-890.625,-7.8125
1719539,-164.0625,726.5625,671.875,-101.5625,-812.5,593.75,203.125,-914.0625,367.1875,359.375,-914.0625,15.625,421.875,-890.625,-7.8125
1719548,-164.0625,734.375,671.875,-109.375,-812.5,593.75,195.3125,-914.0625,359.375,375.0,-914.0625,15.625,421.875,-890.625,-15.625
1719548,-164.0625,734.375,671.875,-109.375,-812.5,593.75,195.3125,-914.0625,359.375,375.0,-914.0625,15.625,421.875,-890.625,-15.625
1719709,-164.0625,734.375,664.0625,-109.375,-828.125,601.5625,187.5,-937.5,359.375,367.1875,-929.6875,15.625,421.875,-906.25,0.0
1719709,-164.0625,734.375,664.0625,-109.375,-828.125,601.5625,187.5,-937.5,359.375,367.1875,-929.6875,15.625,421.875,-906.25,0.0
1719717,-164.0625,742.1875,664.0625,-117.1875,-820.3125,609.375,187.5,-929.6875,359.375,375.0,-937.5,7.8125,421.875,-898.4375,-7.8125
1719717,-164.0625,742.1875,664.0625,-117.1875,-820.3125,609.375,187.5,-929.6875,359.375,375.0,-937.5,7.8125,421.875,-898.4375,-7.8125
1719725,-171.875,742.1875,671.875,-125.0,-828.125,601.5625,187.5,-929.6875,375.0,375.0,-921.875,15.625,421.875,-906.25,-7.8125
1719725,-171.875,742.1875,671.875,-125.0,-828.125,601.5625,187.5,-929.6875,375.0,375.0,-921.875,15.625,421.875,-906.25,-7.8125
1719725,-171.875,734.375,664.0625,-109.375,-820.3125,601.5625,195.3125,-921.875,367.1875,367.1875,-921.875,23.4375,421.875,-898.4375,0.0
1719725,-171.875,734.375,664.0625,-109.375,-820.3125,601.5625,195.3125,-921.875,367.1875,367.1875,-921.875,23.4375,421.875,-898.4375,0.0
1719733,-171.875,742.1875,671.875,-109.375,-820.3125,601.5625,195.3125,-921.875,375.0,375.0,-929.6875,15.625,421.875,-906.25,-7.8125
1719733,-171.875,742.1875,671.875,-109.375,-820.3125,601.5625,195.3125,-921.875,375.0,375.0,-929.6875,15.625,421.875,-906.25,-7.8125
1719733,-171.875,734.375,671.875,-125.0,-820.3125,609.375,195.3125,-929.6875,367.1875,367.1875,-937.5,23.4375,429.6875,-906.25,-7.8125
1719733,-171.875,734.375,671.875,-125.0,-820.3125,609.375,195.3125,-929.6875,367.1875,367.1875,-937.5,23.4375,429.6875,-906.25,-7.8125
1719741,-164.0625,734.375,664.0625,-109.375,-828.125,601.5625,195.3125,-929.6875,367.1875,375.0,-929.6875,15.625,421.875,-898.4375,-7.8125
1719741,-164.0625,734.375,664.0625,-109.375,-828.125,601.5625,195.3125,-929.6875,367.1875,375.0,-929.6875,15.625,421.875,-898.4375,-7.8125
1719749,-164.0625,734.375,664.0625,-117.1875,-828.125,609.375,187.5,-929.6875,375.0,375.0,-929.6875,15.625,429.6875,-906.25,-7.8125
1719749,-164.0625,734.375,664.0625,-117.1875,-828.125,609.375,187.5,-929.6875,375.0,375.0,-929.6875,15.625,429.6875,-906.25,-7.8125
1719894,-171.875,734.375,664.0625,-117.1875,-820.3125,601.5625,195.3125,-929.6875,367.1875,382.8125,-929.6875,15.625,429.6875,-906.25,-7.8125
1719894,-171.875,734.375,664.0625,-117.1875,-820.3125,601.5625,195.3125,-929.6875,367.1875,382.8125,-929.6875,15.625,429.6875,-906.25,-7.8125
1719894,-156.25,734.375,679.6875,-109.375,-828.125,601.5625,210.9375,-929.6875,359.375,375.0,-929.6875,15.625,437.5,-906.25,-7.8125
1719894,-156.25,734.375,679.6875,-109.375,-828.125,601.5625,210.9375,-929.6875,359.375,375.0,-929.6875,15.625,437.5,-906.25,-7.8125
1719902,-164.0625,734.375,664.0625,-109.375,-835.9375,593.75,195.3125,-929.6875,367.1875,382.8125,-929.6875,7.8125,421.875,-906.25,-15.625
1719902,-164.0625,734.375,664.0625,-109.375,-835.9375,593.75,195.3125,-929.6875,367.1875,382.8125,-929.6875,7.8125,421.875,-906.25,-15.625
1719910,-171.875,734.375,671.875,-109.375,-835.9375,593.75,203.125,-929.6875,359.375,382.8125,-929.6875,7.8125,429.6875,-898.4375,-15.625
1719910,-171.875,734.375,671.875,-109.375,-835.9375,593.75,203.125,-929.6875,359.375,382.8125,-929.6875,7.8125,429.6875,-898.4375,-15.625
1720056,-164.0625,742.1875,671.875,-117.1875,-828.125,601.5625,195.3125,-929.6875,359.375,375.0,-929.6875,7.8125,429.6875,-898.4375,-15.625
1720056,-164.0625,742.1875,671.875,-117.1875,-828.125,601.5625,195.3125,-929.6875,359.375,375.0,-929.6875,7.8125,429.6875,-898.4375,-15.625
1720056,-164.0625,734.375,671.875,-109.375,-828.125,601.5625,195.3125,-929.6875,367.1875,375.0,-929.6875,15.625,429.6875,-906.25,-15.625
1720056,-164.0625,734.375,671.875,-109.375,-828.125,601.5625,195.3125,-929.6875,367.1875,375.0,-929.6875,15.625,429.6875,-906.25,-15.625
1720064,-171.875,742.1875,679.6875,-109.375,-828.125,593.75,195.3125,-929.6875,367.1875,382.8125,-937.5,15.625,429.6875,-906.25,-15.625
1720064,-171.875,742.1875,679.6875,-109.375,-828.125,593.75,195.3125,-929.6875,367.1875,382.8125,-937.5,15.625,429.6875,-906.25,-15.625
1720072,-156.25,734.375,671.875,-109.375,-835.9375,593.75,195.3125,-929.6875,367.1875,375.0,-937.5,15.625,421.875,-898.4375,-7.8125
1720072,-156.25,734.375,671.875,-109.375,-835.9375,593.75,195.3125,-929.6875,367.1875,375.0,-937.5,15.625,421.875,-898.4375,-7.8125
1720136,-156.25,742.1875,679.6875,-109.375,-820.3125,593.75,187.5,-929.6875,367.1875,382.8125,-921.875,15.625,429.6875,-898.4375,0.0
1720136,-156.25,742.1875,679.6875,-109.375,-820.3125,593.75,187.5,-929.6875,367.1875,382.8125,-921.875,15.625,429.6875,-898.4375,0.0
1720136,-164.0625,734.375,671.875,-109.375,-828.125,601.5625,195.3125,-929.6875,367.1875,375.0,-929.6875,15.625,429.6875,-898.4375,-7.8125
1720136,-164.0625,734.375,671.875,-109.375,-828.125,601.5625,195.3125,-929.6875,367.1875,375.0,-929.6875,15.625,429.6875,-898.4375,-7.8125
1720144,-164.0625,750.0,664.0625,-109.375,-820.3125,601.5625,195.3125,-929.6875,375.0,382.8125,-929.6875,15.625,429.6875,-906.25,-7.8125
1720144,-164.0625,750.0,664.0625,-109.375,-820.3125,601.5625,195.3125,-929.6875,375.0,382.8125,-929.6875,15.625,429.6875,-906.25,-7.8125
1720152,-164.0625,742.1875,679.6875,-109.375,-828.125,601.5625,195.3125,-921.875,367.1875,375.0,-929.6875,7.8125,421.875,-906.25,-15.625
1720152,-164.0625,742.1875,679.6875,-109.375,-828.125,601.5625,195.3125,-921.875,367.1875,375.0,-929.6875,7.8125,421.875,-906.25,-15.625
1720297,-164.0625,742.1875,671.875,-117.1875,-828.125,593.75,195.3125,-929.6875,367.1875,367.1875,-929.6875,23.4375,437.5,-906.25,-7.8125
1720297,-164.0625,742.1875,671.875,-117.1875,-828.125,593.75,195.3125,-929.6875,367.1875,367.1875,-929.6875,23.4375,437.5,-906.25,-7.8125
1720298,-171.875,742.1875,671.875,-117.1875,-835.9375,601.5625,187.5,-929.6875,367.1875,382.8125,-921.875,7.8125,429.6875,-906.25,0.0
1720298,-171.875,742.1875,671.875,-117.1875,-835.9375,601.5625,187.5,-929.6875,367.1875,382.8125,-921.875,7.8125,429.6875,-906.25,0.0
1720305,-164.0625,734.375,664.0625,-117.1875,-828.125,593.75,195.3125,-929.6875,367.1875,367.1875,-937.5,7.8125,429.6875,-906.25,-7.8125
1720305,-164.0625,734.375,664.0625,-117.1875,-828.125,593.75,195.3125,-929.6875,367.1875,367.1875,-937.5,7.8125,429.6875,-906.25,-7.8125
1720313,-171.875,734.375,671.875,-117.1875,-835.9375,601.5625,195.3125,-937.5,367.1875,375.0,-937.5,7.8125,421.875,-914.0625,-15.625
1720313,-171.875,734.375,671.875,-117.1875,-835.9375,601.5625,195.3125,-937.5,367.1875,375.0,-937.5,7.8125,421.875,-914.0625,-15.625
1720458,-164.0625,734.375,679.6875,-109.375,-828.125,601.5625,195.3125,-937.5,359.375,382.8125,-937.5,15.625,437.5,-898.4375,-7.8125
1720458,-164.0625,734.375,679.6875,-109.375,-828.125,601.5625,195.3125,-937.5,359.375,382.8125,-937.5,15.625,437.5,-898.4375,-7.8125
1720458,-164.0625,734.375,679.6875,-109.375,-835.9375,601.5625,195.3125,-937.5,359.375,390.625,-937.5,23.4375,429.6875,-906.25,0.0
1720458,-164.0625,734.375,679.6875,-109.375,-835.9375,601.5625,195.3125,-937.5,359.375,390.625,-937.5,23.4375,429.6875,-906.25,0.0
1720467,-164.0625,734.375,671.875,-109.375,-835.9375,601.5625,203.125,-929.6875,375.0,367.1875,-929.6875,15.625,437.5,-906.25,-7.8125
1720467,-164.0625,734.375,671.875,-109.375,-835.9375,601.5625,203.125,-929.6875,375.0,367.1875,-929.6875,15.625,437.5,-906.25,-7.8125
1720475,-164.0625,742.1875,671.875,-101.5625,-828.125,609.375,203.125,-929.6875,382.8125,382.8125,-929.6875,23.4375,429.6875,-898.4375,-15.625
1720475,-164.0625,742.1875,671.875,-101.5625,-828.125,609.375,203.125,-929.6875,382.8125,382.8125,-929.6875,23.4375,429.6875,-898.4375,-15.625
1720620,-179.6875,742.1875,679.6875,-117.1875,-859.375,609.375,195.3125,-953.125,375.0,382.8125,-953.125,7.8125,421.875,-898.4375,-39.0625
1720620,-179.6875,742.1875,679.6875,-117.1875,-859.375,609.375,195.3125,-953.125,375.0,382.8125,-953.125,7.8125,421.875,-898.4375,-39.0625
1720620,-164.0625,734.375,671.875,-117.1875,-859.375,617.1875,203.125,-960.9375,375.0,375.0,-945.3125,7.8125,421.875,-898.4375,-15.625
1720620,-164.0625,734.375,671.875,-117.1875,-859.375,617.1875,203.125,-960.9375,375.0,375.0,-945.3125,7.8125,421.875,-898.4375,-15.625
1720628,-171.875,750.0,695.3125,-109.375,-867.1875,609.375,210.9375,-960.9375,382.8125,382.8125,-953.125,7.8125,429.6875,-929.6875,-15.625
1720628,-171.875,750.0,695.3125,-109.375,-867.1875,609.375,210.9375,-960.9375,382.8125,382.8125,-953.125,7.8125,429.6875,-929.6875,-15.625
1720636,-171.875,734.375,671.875,-117.1875,-859.375,617.1875,195.3125,-953.125,375.0,382.8125,-945.3125,15.625,429.6875,-929.6875,0.0
1720636,-171.875,734.375,671.875,-117.1875,-859.375,617.1875,195.3125,-953.125,375.0,382.8125,-945.3125,15.625,429.6875,-929.6875,0.0
1720781,-164.0625,945.3125,546.875,-140.625,-914.0625,750.0,218.75,-1101.5625,476.5625,531.25,-1125.0,62.5,570.3125,-1023.4375,187.5
1720781,-164.0625,945.3125,546.875,-140.625,-914.0625,750.0,218.75,-1101.5625,476.5625,531.25,-1125.0,62.5,570.3125,-1023.4375,187.5
1720781,-140.625,968.75,570.3125,-148.4375,-898.4375,765.625,218.75,-1085.9375,476.5625,531.25,-1101.5625,85.9375,601.5625,-1039.0625,218.75
1720781,-140.625,968.75,570.3125,-148.4375,-898.4375,765.625,218.75,-1085.9375,476.5625,531.25,-1101.5625,85.9375,601.5625,-1039.0625,218.75
1720789,-125.0,1007.8125,593.75,-148.4375,-867.1875,781.25,210.9375,-1101.5625,476.5625,531.25,-1117.1875,109.375,601.5625,-1054.6875,226.5625
1720789,-125.0,1007.8125,593.75,-148.4375,-867.1875,781.25,210.9375,-1101.5625,476.5625,531.25,-1117.1875,109.375,601.5625,-1054.6875,226.5625
1720797,-109.375,1046.875,601.5625,-140.625,-890.625,796.875,187.5,-1101.5625,468.75,539.0625,-1132.8125,93.75,585.9375,-1062.5,218.75
1720797,-109.375,1046.875,601.5625,-140.625,-890.625,796.875,187.5,-1101.5625,468.75,539.0625,-1132.8125,93.75,585.9375,-1062.5,218.75
1720942,328.125,1218.75,539.0625,62.5,-906.25,1070.3125,375.0,-1187.5,593.75,679.6875,-1039.0625,171.875,1046.875,-921.875,507.8125
1720942,328.125,1218.75,539.0625,62.5,-906.25,1070.3125,375.0,-1187.5,593.75,679.6875,-1039.0625,171.875,1046.875,-921.875,507.8125
1720943,359.375,1031.25,546.875,46.875,-796.875,1125.0,351.5625,-1343.75,554.6875,804.6875,-1054.6875,382.8125,1093.75,-812.5,554.6875
1720943,359.375,1031.25,546.875,46.875,-796.875,1125.0,351.5625,-1343.75,554.6875,804.6875,-1054.6875,382.8125,1093.75,-812.5,554.6875
1720950,367.1875,1046.875,531.25,39.0625,-835.9375,1109.375,382.8125,-1421.875,554.6875,796.875,-1140.625,414.0625,1054.6875,-804.6875,640.625
1720950,367.1875,1046.875,531.25,39.0625,-835.9375,1109.375,382.8125,-1421.875,554.6875,796.875,-1140.625,414.0625,1054.6875,-804.6875,640.625
1720958,367.1875,1140.625,515.625,39.0625,-859.375,1125.0,421.875,-1320.3125,585.9375,890.625,-1265.625,437.5,992.1875,-812.5,687.5
1720958,367.1875,1140.625,515.625,39.0625,-859.375,1125.0,421.875,-1320.3125,585.9375,890.625,-1265.625,437.5,992.1875,-812.5,687.5
1721103,-984.375,-46.875,-132.8125,-648.4375,-625.0,-250.0,-218.75,-664.0625,-234.375,250.0,-726.5625,-148.4375,609.375,-843.75,140.625
1721103,-984.375,-46.875,-132.8125,-648.4375,-625.0,-250.0,-218.75,-664.0625,-234.375,250.0,-726.5625,-148.4375,609.375,-843.75,140.625
1721104,-976.5625,-117.1875,-125.0,-710.9375,-656.25,-320.3125,-226.5625,-671.875,-257.8125,226.5625,-742.1875,-203.125,632.8125,-804.6875,195.3125
1721104,-976.5625,-117.1875,-125.0,-710.9375,-656.25,-320.3125,-226.5625,-671.875,-257.8125,226.5625,-742.1875,-203.125,632.8125,-804.6875,195.3125
1721111,-984.375,-171.875,-140.625,-773.4375,-710.9375,-382.8125,-257.8125,-703.125,-281.25,171.875,-765.625,-226.5625,609.375,-812.5,195.3125
1721111,-984.375,-171.875,-140.625,-773.4375,-710.9375,-382.8125,-257.8125,-703.125,-281.25,171.875,-765.625,-226.5625,609.375,-812.5,195.3125
1721119,-984.375,-203.125,-171.875,-820.3125,-726.5625,-437.5,-304.6875,-781.25,-312.5,140.625,-804.6875,-242.1875,531.25,-835.9375,140.625
1721119,-984.375,-203.125,-171.875,-820.3125,-726.5625,-437.5,-304.6875,-781.25,-312.5,140.625,-804.6875,-242.1875,531.25,-835.9375,140.625
1721265,187.5,671.875,-226.5625,-62.5,195.3125,671.875,-367.1875,-140.625,351.5625,-492.1875,-250.0,187.5,-453.125,-171.875,132.8125
1721265,187.5,671.875,-226.5625,-62.5,195.3125,671.875,-367.1875,-140.625,351.5625,-492.1875,-250.0,187.5,-453.125,-171.875,132.8125
1721265,164.0625,703.125,-304.6875,-117.1875,250.0,609.375,-273.4375,-62.5,445.3125,-343.75,-195.3125,398.4375,-304.6875,-23.4375,312.5
1721265,164.0625,703.125,-304.6875,-117.1875,250.0,609.375,-273.4375,-62.5,445.3125,-343.75,-195.3125,398.4375,-304.6875,-23.4375,312.5
1721272,132.8125,765.625,-390.625,-109.375,351.5625,570.3125,-242.1875,156.25,554.6875,-234.375,-70.3125,578.125,-265.625,101.5625,507.8125
1721272,132.8125,765.625,-390.625,-109.375,351.5625,570.3125,-242.1875,156.25,554.6875,-234.375,-70.3125,578.125,-265.625,101.5625,507.8125
1721281,93.75,828.125,-421.875,-132.8125,429.6875,546.875,-164.0625,257.8125,632.8125,-226.5625,31.25,710.9375,-281.25,148.4375,585.9375
1721281,93.75,828.125,-421.875,-132.8125,429.6875,546.875,-164.0625,257.8125,632.8125,-226.5625,31.25,710.9375,-281.25,148.4375,585.9375
1721426,117.1875,1257.8125,-31.25,78.125,-562.5,1062.5,46.875,-1031.25,710.9375,-78.125,-1125.0,539.0625,-320.3125,-1046.875,593.75
1721426,117.1875,1257.8125,-31.25,78.125,-562.5,1062.5,46.875,-1031.25,710.9375,-78.125,-1125.0,539.0625,-320.3125,-1046.875,593.75
1721427,187.5,1328.125,62.5,140.625,-671.875,1078.125,31.25,-1085.9375,664.0625,-85.9375,-1171.875,507.8125,-335.9375,-1109.375,531.25
1721427,187.5,1328.125,62.5,140.625,-671.875,1078.125,31.25,-1085.9375,664.0625,-85.9375,-1171.875,507.8125,-335.9375,-1109.375,531.25
1721434,273.4375,1320.3125,117.1875,125.0,-773.4375,1054.6875,62.5,-1210.9375,640.625,-54.6875,-1296.875,453.125,-335.9375,-1164.0625,500.0
1721434,273.4375,1320.3125,117.1875,125.0,-773.4375,1054.6875,62.5,-1210.9375,640.625,-54.6875,-1296.875,453.125,-335.9375,-1164.0625,500.0
1721442,304.6875,1359.375,132.8125,179.6875,-835.9375,1085.9375,70.3125,-1265.625,632.8125,0.0,-1320.3125,421.875,-281.25,-1234.375,500.0
1721442,304.6875,1359.375,132.8125,179.6875,-835.9375,1085.9375,70.3125,-1265.625,632.8125,0.0,-1320.3125,421.875,-281.25,-1234.375,500.0
1721588,-85.9375,304.6875,-1421.875,625.0,1187.5,820.3125,726.5625,695.3125,1117.1875,226.5625,546.875,1343.75,-195.3125,476.5625,1242.1875
1721588,-85.9375,304.6875,-1421.875,625.0,1187.5,820.3125,726.5625,695.3125,1117.1875,226.5625,546.875,1343.75,-195.3125,476.5625,1242.1875
1721588,-62.5,250.0,-1421.875,593.75,1171.875,695.3125,734.375,812.5,1117.1875,218.75,632.8125,1414.0625,-250.0,648.4375,1289.0625
1721588,-62.5,250.0,-1421.875,593.75,1171.875,695.3125,734.375,812.5,1117.1875,218.75,632.8125,1414.0625,-250.0,648.4375,1289.0625
1721595,-125.0,117.1875,-1648.4375,539.0625,1328.125,718.75,726.5625,984.375,1164.0625,234.375,734.375,1476.5625,-273.4375,718.75,1367.1875
1721595,-125.0,117.1875,-1648.4375,539.0625,1328.125,718.75,726.5625,984.375,1164.0625,234.375,734.375,1476.5625,-273.4375,718.75,1367.1875
1721603,-46.875,156.25,-1515.625,453.125,1054.6875,531.25,562.5,984.375,1046.875,109.375,718.75,1398.4375,-304.6875,820.3125,1406.25
1721603,-46.875,156.25,-1515.625,453.125,1054.6875,531.25,562.5,984.375,1046.875,109.375,718.75,1398.4375,-304.6875,820.3125,1406.25
1721749,234.375,1984.375,-453.125,867.1875,-125.0,1437.5,406.25,-617.1875,898.4375,-132.8125,-468.75,679.6875,-468.75,-460.9375,195.3125
1721749,234.375,1984.375,-453.125,867.1875,-125.0,1437.5,406.25,-617.1875,898.4375,-132.8125,-468.75,679.6875,-468.75,-460.9375,195.3125
1721749,171.875,1960.9375,-304.6875,570.3125,-250.0,1335.9375,406.25,-867.1875,867.1875,-70.3125,-656.25,632.8125,-398.4375,-687.5,125.0
1721749,171.875,1960.9375,-304.6875,570.3125,-250.0,1335.9375,406.25,-867.1875,867.1875,-70.3125,-656.25,632.8125,-398.4375,-687.5,125.0
1721757,62.5,1734.375,-109.375,257.8125,-343.75,960.9375,375.0,-1070.3125,851.5625,15.625,-960.9375,671.875,-359.375,-1031.25,265.625
1721757,62.5,1734.375,-109.375,257.8125,-343.75,960.9375,375.0,-1070.3125,851.5625,15.625,-960.9375,671.875,-359.375,-1031.25,265.625
1721765,-195.3125,882.8125,-117.1875,-273.4375,-585.9375,750.0,257.8125,-1171.875,750.0,273.4375,-1273.4375,765.625,-140.625,-1343.75,734.375
1721765,-195.3125,882.8125,-117.1875,-273.4375,-585.9375,750.0,257.8125,-1171.875,750.0,273.4375,-1273.4375,765.625,-140.625,-1343.75,734.375
1721910,242.1875,859.375,-414.0625,460.9375,85.9375,875.0,625.0,-351.5625,968.75,273.4375,-523.4375,1039.0625,-250.0,-515.625,1132.8125
1721910,242.1875,859.375,-414.0625,460.9375,85.9375,875.0,625.0,-351.5625,968.75,273.4375,-523.4375,1039.0625,-250.0,-515.625,1132.8125
1721910,398.4375,703.125,-468.75,257.8125,-304.6875,632.8125,421.875,-375.0,773.4375,242.1875,-585.9375,945.3125,-218.75,-484.375,1164.0625
1721910,398.4375,703.125,-468.75,257.8125,-304.6875,632.8125,421.875,-375.0,773.4375,242.1875,-585.9375,945.3125,-218.75,-484.375,1164.0625
1721918,242.1875,398.4375,-617.1875,437.5,304.6875,820.3125,406.25,-281.25,718.75,203.125,-546.875,867.1875,-226.5625,-492.1875,1109.375
1721918,242.1875,398.4375,-617.1875,437.5,304.6875,820.3125,406.25,-281.25,718.75,203.125,-546.875,867.1875,-226.5625,-492.1875,1109.375
1721926,101.5625,265.625,-875.0,648.4375,726.5625,1000.0,523.4375,-234.375,820.3125,195.3125,-367.1875,976.5625,-273.4375,-375.0,1070.3125
1721926,101.5625,265.625,-875.0,648.4375,726.5625,1000.0,523.4375,-234.375,820.3125,195.3125,-367.1875,976.5625,-273.4375,-375.0,1070.3125
1722071,-23.4375,-156.25,-1195.3125,281.25,945.3125,531.25,484.375,703.125,859.375,179.6875,429.6875,1132.8125,-234.375,429.6875,1164.0625
1722071,-23.4375,-156.25,-1195.3125,281.25,945.3125,531.25,484.375,703.125,859.375,179.6875,429.6875,1132.8125,-234.375,429.6875,1164.0625
1722071,-15.625,-7.8125,-1132.8125,484.375,937.5,640.625,523.4375,632.8125,867.1875,140.625,406.25,1125.0,-257.8125,382.8125,1281.25
1722071,-15.625,-7.8125,-1132.8125,484.375,937.5,640.625,523.4375,632.8125,867.1875,140.625,406.25,1125.0,-257.8125,382.8125,1281.25
1722079,15.625,54.6875,-1156.25,421.875,867.1875,421.875,585.9375,523.4375,875.0,203.125,335.9375,1179.6875,-273.4375,296.875,1218.75
1722079,15.625,54.6875,-1156.25,421.875,867.1875,421.875,585.9375,523.4375,875.0,203.125,335.9375,1179.6875,-273.4375,296.875,1218.75
1722087,171.875,187.5,-1039.0625,492.1875,687.5,640.625,601.5625,500.0,898.4375,273.4375,257.8125,1148.4375,-226.5625,320.3125,1148.4375
1722087,171.875,187.5,-1039.0625,492.1875,687.5,640.625,601.5625,500.0,898.4375,273.4375,257.8125,1148.4375,-226.5625,320.3125,1148.4375
