1693516,643.125,-4978.75,971.25
1693516,643.125,-4978.75,971.25
1693526,901.25,-4510.625,1023.75
1693526,901.25,-4510.625,1023.75
1693537,826.875,-4873.75,966.875
1693537,826.875,-4873.75,966.875
1693547,660.625,-4891.25,813.75
1693547,660.625,-4891.25,813.75
1693557,813.75,-4130.0,660.625
1693557,813.75,-4130.0,660.625
1693567,1019.375,-3565.625,538.125
1693567,1019.375,-3565.625,538.125
1693578,1176.875,-2900.625,490.0
1693578,1176.875,-2900.625,490.0
1693588,1124.375,-2218.125,511.875
1693588,1124.375,-2218.125,511.875
1693598,1308.125,-2165.625,560.0
1693598,1308.125,-2165.625,560.0
1693609,1150.625,-2485.0,660.625
1693609,1150.625,-2485.0,660.625
1693620,770.0,-3027.5,888.125
1693620,770.0,-3027.5,888.125
1693629,411.25,-3486.875,931.875
1693629,411.25,-3486.875,931.875
1693640,258.125,-2905.0,988.75
1693640,258.125,-2905.0,988.75
1693650,455.0,-2021.25,787.5
1693650,455.0,-2021.25,787.5
1693661,691.25,-1316.875,476.875
1693661,691.25,-1316.875,476.875
1693671,953.75,-861.875,590.625
1693671,953.75,-861.875,590.625
1693681,1185.625,-875.0,673.75
1693681,1185.625,-875.0,673.75
1693691,1268.75,-1159.375,861.875
1693691,1268.75,-1159.375,861.875
1693702,1146.25,-1452.5,1023.75
1693702,1146.25,-1452.5,1023.75
1693712,708.75,-1522.5,1085.0
1693712,708.75,-1522.5,1085.0
1693722,568.75,-1286.25,958.125
1693722,568.75,-1286.25,958.125
1693733,756.875,-1233.75,1080.625
1693733,756.875,-1233.75,1080.625
1693743,266.875,-1566.25,1316.875
1693743,266.875,-1566.25,1316.875
1693753,-376.25,-1815.625,1343.125
1693753,-376.25,-1815.625,1343.125
1693763,-389.375,-2423.75,1526.875
1693763,-389.375,-2423.75,1526.875
1693774,-113.75,-3517.5,1715.0
1693774,-113.75,-3517.5,1715.0
1693784,420.0,-5184.375,1911.875
1693784,420.0,-5184.375,1911.875
1693794,748.125,-6335.0,2240.0
1693794,748.125,-6335.0,2240.0
1693805,669.375,-6956.25,2664.375
1693805,669.375,-6956.25,2664.375
1693816,-966.875,-8430.625,3447.5
1693816,-966.875,-8430.625,3447.5
1693825,-3443.125,-11497.5,4620.0
1693825,-3443.125,-11497.5,4620.0
1693835,-5796.875,-17552.5,6510.0
1693835,-5796.875,-17552.5,6510.0
1693846,-8133.125,-23323.125,9038.75
1693846,-8133.125,-23323.125,9038.75
1693857,-9782.5,-30030.0,13750.625
1693857,-9782.5,-30030.0,13750.625
1693867,-12271.875,-36728.125,18025.0
1693867,-12271.875,-36728.125,18025.0
1693877,-18781.875,-48055.0,19945.625
1693877,-18781.875,-48055.0,19945.625
1693887,-23940.0,-59062.5,25095.0
1693887,-23940.0,-59062.5,25095.0
1693898,-28048.125,-71246.875,29443.75
1693898,-28048.125,-71246.875,29443.75
1693908,-28131.25,-84354.375,36028.125
1693908,-28131.25,-84354.375,36028.125
1693918,-29933.75,-97418.125,46440.625
1693918,-29933.75,-97418.125,46440.625
1693929,-42616.875,-114471.875,60112.5
1693929,-42616.875,-114471.875,60112.5
1693939,-62151.25,-131088.125,78015.0
1693939,-62151.25,-131088.125,78015.0
1693948,-84446.25,-143355.625,97693.75
1693948,-84446.25,-143355.625,97693.75
1693959,-103018.125,-143355.625,127023.75
1693959,-103018.125,-143355.625,127023.75
1693970,-107450.0,-143119.375,-143360.0
1693970,-107450.0,-143119.375,-143360.0
1693980,-88248.125,-143355.625,135310.0
1693980,-88248.125,-143355.625,135310.0
1693990,-62457.5,-143355.625,102116.875
1693990,-62457.5,-143355.625,102116.875
1694001,-136093.125,-143355.625,92338.75
1694001,-136093.125,-143355.625,92338.75
1694012,-118636.875,-143355.625,92513.75
1694012,-118636.875,-143355.625,92513.75
1694021,-72843.75,-143355.625,101736.25
1694021,-72843.75,-143355.625,101736.25
1694032,-91686.875,-143355.625,112866.25
1694032,-91686.875,-143355.625,112866.25
1694042,-112043.75,-143355.625,115701.25
1694042,-112043.75,-143355.625,115701.25
1694052,-119520.625,-143355.625,138499.375
1694052,-119520.625,-143355.625,138499.375
1694062,-135415.0,-143355.625,-143360.0
1694062,-135415.0,-143355.625,-143360.0
1694073,-143119.375,-143355.625,140350.0
1694073,-143119.375,-143355.625,140350.0
1694083,-143360.0,-143355.625,143180.625
1694083,-143360.0,-143355.625,143180.625
1694094,-143246.25,-138293.75,-143360.0
1694094,-143246.25,-138293.75,-143360.0
1694104,-143198.125,-107511.25,143311.875
1694104,-143198.125,-107511.25,143311.875
1694114,-141299.375,-79458.75,143351.25
1694114,-141299.375,-79458.75,143351.25
1694125,-142769.375,-71382.5,-143360.0
1694125,-142769.375,-71382.5,-143360.0
1694135,-143360.0,-74081.875,-143360.0
1694135,-143360.0,-74081.875,-143360.0
1694145,-143346.875,-75866.875,-143360.0
1694145,-143346.875,-75866.875,-143360.0
1694156,-143342.5,-72126.25,-143360.0
1694156,-143342.5,-72126.25,-143360.0
1694167,-143360.0,-64833.125,-143360.0
1694167,-143360.0,-64833.125,-143360.0
1694176,-143360.0,-53165.0,-143360.0
1694176,-143360.0,-53165.0,-143360.0
1694186,-143360.0,-38311.875,-143360.0
1694186,-143360.0,-38311.875,-143360.0
1694197,-143360.0,-25200.0,-143360.0
1694197,-143360.0,-25200.0,-143360.0
1694207,-143360.0,-14564.375,-143360.0
1694207,-143360.0,-14564.375,-143360.0
1694217,-143360.0,-7192.5,-143360.0
1694217,-143360.0,-7192.5,-143360.0
1694228,-143360.0,-3990.0,-143360.0
1694228,-143360.0,-3990.0,-143360.0
1694238,-143045.0,-2716.875,-143360.0
1694238,-143045.0,-2716.875,-143360.0
1694248,-136010.0,-4130.0,-143360.0
1694248,-136010.0,-4130.0,-143360.0
1694258,-122062.5,-9795.625,-143360.0
1694258,-122062.5,-9795.625,-143360.0
1694269,-109252.5,-16165.625,-143360.0
1694269,-109252.5,-16165.625,-143360.0
1694279,-98940.625,-24928.75,-143360.0
1694279,-98940.625,-24928.75,-143360.0
1694290,-85260.0,-32099.375,143045.0
1694290,-85260.0,-32099.375,143045.0
1694300,-70468.125,-28848.75,141907.5
1694300,-70468.125,-28848.75,141907.5
1694310,-60112.5,-21695.625,143167.5
1694310,-60112.5,-21695.625,143167.5
1694321,-65327.5,-26503.75,-143360.0
1694321,-65327.5,-26503.75,-143360.0
1694331,-91323.75,-58480.625,142970.625
1694331,-91323.75,-58480.625,142970.625
1694341,-131608.75,-100345.0,129294.375
1694341,-131608.75,-100345.0,129294.375
1694352,-143360.0,-119520.625,105883.75
1694352,-143360.0,-119520.625,105883.75
1694362,-140940.625,-104400.625,89276.25
1694362,-140940.625,-104400.625,89276.25
1694372,-120855.0,-67711.875,67029.375
1694372,-120855.0,-67711.875,67029.375
1694383,-108902.5,-25532.5,44458.75
1694383,-108902.5,-25532.5,44458.75
1694393,-109370.625,4799.375,31640.0
1694393,-109370.625,4799.375,31640.0
1694404,-111396.25,14280.0,21503.125
1694404,-111396.25,14280.0,21503.125
1694413,-117840.625,11200.0,12088.125
1694413,-117840.625,11200.0,12088.125
1694424,-122495.625,6965.0,6243.125
1694424,-122495.625,6965.0,6243.125
1694434,-116768.75,4795.0,1233.75
1694434,-116768.75,4795.0,1233.75
1694444,-101972.5,7958.125,-3416.875
1694444,-101972.5,7958.125,-3416.875
1694455,-84787.5,14726.25,-6391.875
1694455,-84787.5,14726.25,-6391.875
1694465,-68289.375,17745.0,-10548.125
1694465,-68289.375,17745.0,-10548.125
1694475,-57859.375,17189.375,-14415.625
1694475,-57859.375,17189.375,-14415.625
1694486,-49126.875,13243.125,-15951.25
1694486,-49126.875,13243.125,-15951.25
1694496,-37996.875,8588.125,-15010.625
1694496,-37996.875,8588.125,-15010.625
1694507,-27435.625,2117.5,-12525.625
1694507,-27435.625,2117.5,-12525.625
1694517,-21078.75,-9012.5,-10946.25
1694517,-21078.75,-9012.5,-10946.25
1694527,-19267.5,-20216.875,-9664.375
1694527,-19267.5,-20216.875,-9664.375
1694537,-13453.125,-24705.625,-8378.125
1694537,-13453.125,-24705.625,-8378.125
1694548,-15251.25,-3176.25,-14218.75
1694548,-15251.25,-3176.25,-14218.75
1694558,-29400.0,37677.5,-28231.875
1694558,-29400.0,37677.5,-28231.875
1694568,-19153.75,80434.375,-47053.125
1694568,-19153.75,80434.375,-47053.125
1694579,30616.25,72161.25,-24215.625
1694579,30616.25,72161.25,-24215.625
1694589,83090.0,-32869.375,-31268.125
1694589,83090.0,-32869.375,-31268.125
1694599,31871.875,-96538.75,-25812.5
1694599,31871.875,-96538.75,-25812.5
1694609,-16576.875,-125755.0,-20912.5
1694609,-16576.875,-125755.0,-20912.5
1694620,1461.25,-112848.75,-17858.75
1694620,1461.25,-112848.75,-17858.75
1694630,40324.375,-67300.625,-20300.0
1694630,40324.375,-67300.625,-20300.0
1694640,47950.0,-35446.25,-19862.5
1694640,47950.0,-35446.25,-19862.5
1694651,34881.875,-21293.125,-20492.5
1694651,34881.875,-21293.125,-20492.5
1694661,20278.125,-10583.125,-27720.0
1694661,20278.125,-10583.125,-27720.0
1694672,16769.375,8518.125,-38136.875
1694672,16769.375,8518.125,-38136.875
1694682,31325.0,45027.5,-49958.125
1694682,31325.0,45027.5,-49958.125
1694692,51065.0,80981.25,-54936.875
1694692,51065.0,80981.25,-54936.875
1694703,67991.875,108902.5,-56984.375
1694703,67991.875,108902.5,-56984.375
1694713,76632.5,110928.125,-51721.25
1694713,76632.5,110928.125,-51721.25
1694723,78789.375,95401.25,-41855.625
1694723,78789.375,95401.25,-41855.625
1694733,64850.625,78929.375,-29076.25
1694733,64850.625,78929.375,-29076.25
1694744,43080.625,56739.375,-14896.875
1694744,43080.625,56739.375,-14896.875
1694754,27523.125,39344.375,-5858.125
1694754,27523.125,39344.375,-5858.125
1694763,18305.0,30826.25,1850.625
1694763,18305.0,30826.25,1850.625
1694775,14056.875,26499.375,9546.25
1694775,14056.875,26499.375,9546.25
1694785,14901.25,25869.375,14586.25
1694785,14901.25,25869.375,14586.25
1694795,15430.625,29386.875,18795.0
1694795,15430.625,29386.875,18795.0
1694806,15058.75,33101.25,22544.375
1694806,15058.75,33101.25,22544.375
1694816,14223.125,33586.875,23091.25
1694816,14223.125,33586.875,23091.25
1694826,13326.25,30756.25,24206.875
1694826,13326.25,30756.25,24206.875
1694836,8548.75,29421.875,26460.0
1694836,8548.75,29421.875,26460.0
1694846,5630.625,23756.25,27050.625
1694846,5630.625,23756.25,27050.625
1694857,9069.375,13645.625,26315.625
1694857,9069.375,13645.625,26315.625
1694868,9113.125,10342.5,23887.5
1694868,9113.125,10342.5,23887.5
1694878,3517.5,11138.75,20356.875
1694878,3517.5,11138.75,20356.875
1694888,4545.625,1601.25,16498.125
1694888,4545.625,1601.25,16498.125
1694899,7708.75,-9970.625,16318.75
1694899,7708.75,-9970.625,16318.75
1694909,8426.25,-18143.125,14564.375
1694909,8426.25,-18143.125,14564.375
1694919,3762.5,-28678.125,11738.125
1694919,3762.5,-28678.125,11738.125
1694929,2681.875,-41505.625,11917.5
1694929,2681.875,-41505.625,11917.5
1694940,2051.875,-44878.75,8981.875
1694940,2051.875,-44878.75,8981.875
1694950,1548.75,-44450.0,5600.0
1694950,1548.75,-44450.0,5600.0
1694960,1631.875,-42573.125,3854.375
1694960,1631.875,-42573.125,3854.375
1694971,-2218.125,-32204.375,1268.75
1694971,-2218.125,-32204.375,1268.75
1694981,-7363.125,-14516.25,-1430.625
1694981,-7363.125,-14516.25,-1430.625
1694991,-10342.5,-4125.625,-6212.5
1694991,-10342.5,-4125.625,-6212.5
1695002,-15010.625,-2865.625,-6846.875
1695002,-15010.625,-2865.625,-6846.875
1695012,-18895.625,12853.75,-9362.5
1695012,-18895.625,12853.75,-9362.5
1695022,-16686.25,26114.375,-11007.5
1695022,-16686.25,26114.375,-11007.5
1695033,-12875.625,23336.25,-7730.625
1695033,-12875.625,23336.25,-7730.625
1695043,-14980.0,22876.875,-5788.125
1695043,-14980.0,22876.875,-5788.125
1695053,-8181.25,21625.625,-1881.25
1695053,-8181.25,21625.625,-1881.25
1695064,840.0,15898.75,1330.0
1695064,840.0,15898.75,1330.0
1695074,-940.625,10180.625,3053.75
1695074,-940.625,10180.625,3053.75
1695084,-2563.75,5595.625,4690.0
1695084,-2563.75,5595.625,4690.0
1695094,2183.125,-752.5,4287.5
1695094,2183.125,-752.5,4287.5
1695105,11510.625,1216.25,3806.25
1695105,11510.625,1216.25,3806.25
1695115,15723.75,6133.75,4125.625
1695115,15723.75,6133.75,4125.625
1695125,21643.125,2874.375,1596.875
1695125,21643.125,2874.375,1596.875
1695136,21809.375,1771.875,700.0
1695136,21809.375,1771.875,700.0
1695146,15071.875,-1089.375,3167.5
1695146,15071.875,-1089.375,3167.5
1695156,14529.375,-1316.875,5862.5
1695156,14529.375,-1316.875,5862.5
1695166,9668.75,-6527.5,7949.375
1695166,9668.75,-6527.5,7949.375
1695177,2493.75,-11996.25,11239.375
1695177,2493.75,-11996.25,11239.375
1695187,1128.75,-8010.625,13085.625
1695187,1128.75,-8010.625,13085.625
1695198,4488.75,-6199.375,13991.25
1695198,4488.75,-6199.375,13991.25
1695208,11882.5,-9047.5,12473.125
1695208,11882.5,-9047.5,12473.125
1695219,14717.5,-5963.125,11720.625
1695219,14717.5,-5963.125,11720.625
1695229,17482.5,-2931.25,11252.5
1695229,17482.5,-2931.25,11252.5
1695239,21358.75,2038.75,9791.25
1695239,21358.75,2038.75,9791.25
1695249,17902.5,5652.5,8938.125
1695249,17902.5,5652.5,8938.125
1695260,13142.5,5210.625,12858.125
1695260,13142.5,5210.625,12858.125
1695270,16327.5,-4821.25,15338.75
1695270,16327.5,-4821.25,15338.75
1695280,5000.625,-7144.375,15605.625
1695280,5000.625,-7144.375,15605.625
1695291,-4488.75,-6768.125,13125.0
1695291,-4488.75,-6768.125,13125.0
1695301,1688.75,-4322.5,8531.25
1695301,1688.75,-4322.5,8531.25
1695311,6794.375,-3010.0,7144.375
1695311,6794.375,-3010.0,7144.375
1695321,9703.75,-3666.25,4515.0
1695321,9703.75,-3666.25,4515.0
1695332,12092.5,-6365.625,2800.0
1695332,12092.5,-6365.625,2800.0
1695342,7131.25,-10338.125,2060.625
1695342,7131.25,-10338.125,2060.625
1695352,284.375,-12573.75,1137.5
1695352,284.375,-12573.75,1137.5
1695363,2384.375,-16638.125,-341.25
1695363,2384.375,-16638.125,-341.25
1695373,363.125,-17797.5,-2835.0
1695373,363.125,-17797.5,-2835.0
1695383,-4808.125,-12302.5,-5674.375
1695383,-4808.125,-12302.5,-5674.375
1695394,-5197.5,-634.375,-8439.375
1695394,-5197.5,-634.375,-8439.375
1695404,-5753.125,7196.875,-10941.875
1695404,-5753.125,7196.875,-10941.875
1695415,-5740.0,7656.25,-12810.0
1695415,-5740.0,7656.25,-12810.0
1695425,-13505.625,4707.5,-10998.75
1695425,-13505.625,4707.5,-10998.75
1695435,-18843.125,8295.0,-9961.875
1695435,-18843.125,8295.0,-9961.875
1695445,-14131.25,14389.375,-9988.125
1695445,-14131.25,14389.375,-9988.125
1695456,-11340.0,9533.125,-8955.625
1695456,-11340.0,9533.125,-8955.625
1695466,-12871.25,9559.375,-9191.875
1695466,-12871.25,9559.375,-9191.875
1695476,-15456.875,17106.25,-7341.25
1695476,-15456.875,17106.25,-7341.25
1695487,-5915.0,16878.75,-6943.125
1695487,-5915.0,16878.75,-6943.125
1695496,-5989.375,14573.125,-7651.875
1695496,-5989.375,14573.125,-7651.875
1695506,-12814.375,9918.125,-3933.125
1695506,-12814.375,9918.125,-3933.125
1695517,-231.875,7630.0,-3189.375
1695517,-231.875,7630.0,-3189.375
1695528,8636.25,10793.125,-3416.875
1695528,8636.25,10793.125,-3416.875
1695538,11974.375,2209.375,-1697.5
1695538,11974.375,2209.375,-1697.5
1695548,13251.875,-1828.75,-1080.625
1695548,13251.875,-1828.75,-1080.625
1695559,10145.625,-4466.875,2765.0
1695559,10145.625,-4466.875,2765.0
1695570,12070.625,-3635.625,6365.625
1695570,12070.625,-3635.625,6365.625
1695579,12018.125,1395.625,9918.125
1695579,12018.125,1395.625,9918.125
1695590,6501.25,118.125,9012.5
1695590,6501.25,118.125,9012.5
1695600,-463.75,-3014.375,10320.625
1695600,-463.75,-3014.375,10320.625
1695611,6138.125,-6475.0,13562.5
1695611,6138.125,-6475.0,13562.5
1695621,12670.0,-6597.5,13243.125
1695621,12670.0,-6597.5,13243.125
1695631,10189.375,-3771.25,15032.5
1695631,10189.375,-3771.25,15032.5
1695641,9594.375,665.0,18633.125
1695641,9594.375,665.0,18633.125
1695652,11274.375,39.375,21140.0
1695652,11274.375,39.375,21140.0
1695662,7105.0,-1063.125,21966.875
1695662,7105.0,-1063.125,21966.875
1695672,2563.75,2983.75,23751.875
1695672,2563.75,2983.75,23751.875
1695683,3937.5,8050.0,22373.75
1695683,3937.5,8050.0,22373.75
1695693,4624.375,11235.0,18186.875
1695693,4624.375,11235.0,18186.875
1695703,-560.0,20444.375,14945.0
1695703,-560.0,20444.375,14945.0
1695714,-1780.625,25344.375,13846.875
1695714,-1780.625,25344.375,13846.875
1695724,10001.25,19018.125,11983.125
1695724,10001.25,19018.125,11983.125
1695734,6641.25,20470.625,9786.875
1695734,6641.25,20470.625,9786.875
1695744,-945.0,21262.5,6352.5
1695744,-945.0,21262.5,6352.5
1695755,5626.25,19980.625,196.875
1695755,5626.25,19980.625,196.875
1695765,11458.125,12932.5,564.375
1695765,11458.125,12932.5,564.375
1695775,16913.75,393.75,-332.5
1695775,16913.75,393.75,-332.5
1695786,17272.5,-10823.75,-673.75
1695786,17272.5,-10823.75,-673.75
1695796,9248.75,-24570.0,1610.0
1695796,9248.75,-24570.0,1610.0
1695806,5267.5,-32580.625,1461.25
1695806,5267.5,-32580.625,1461.25
1695817,10281.25,-40407.5,450.625
1695817,10281.25,-40407.5,450.625
1695827,9353.75,-48580.0,-1010.625
1695827,9353.75,-48580.0,-1010.625
1695837,2366.875,-41750.625,-3648.75
1695837,2366.875,-41750.625,-3648.75
1695848,249.375,-26565.0,-7341.25
1695848,249.375,-26565.0,-7341.25
1695858,2345.0,-11567.5,-13606.25
1695858,2345.0,-11567.5,-13606.25
1695868,-743.75,-192.5,-15286.25
1695868,-743.75,-192.5,-15286.25
1695879,-9030.0,-2056.25,-14945.0
1695879,-9030.0,-2056.25,-14945.0
1695889,-16480.625,2139.375,-15697.5
1695889,-16480.625,2139.375,-15697.5
1695899,-18134.375,7573.125,-14091.875
1695899,-18134.375,7573.125,-14091.875
1695910,-17578.75,11628.75,-14078.75
1695910,-17578.75,11628.75,-14078.75
1695920,-16498.125,17850.0,-11051.25
1695920,-16498.125,17850.0,-11051.25
1695930,-10876.25,19853.75,-8303.75
1695930,-10876.25,19853.75,-8303.75
1695941,-11305.0,19315.625,-7599.375
1695941,-11305.0,19315.625,-7599.375
1695951,-13706.875,14840.0,-3710.0
1695951,-13706.875,14840.0,-3710.0
1695961,-8054.375,10189.375,-599.375
1695961,-8054.375,10189.375,-599.375
1695971,-2734.375,8098.125,65.625
1695971,-2734.375,8098.125,65.625
1695982,2568.125,8491.875,651.875
1695982,2568.125,8491.875,651.875
1695992,6575.625,5293.75,1750.0
1695992,6575.625,5293.75,1750.0
1696002,13352.5,2314.375,1071.875
1696002,13352.5,2314.375,1071.875
1696013,13680.625,-56.875,2082.5
1696013,13680.625,-56.875,2082.5
1696023,15290.625,-1413.125,5105.625
1696023,15290.625,-1413.125,5105.625
1696034,15981.875,-3434.375,7183.75
1696034,15981.875,-3434.375,7183.75
1696044,10368.75,-9213.75,10443.125
1696044,10368.75,-9213.75,10443.125
1696054,6807.5,-12866.875,13728.75
1696054,6807.5,-12866.875,13728.75
1696064,4904.375,-12171.25,15885.625
1696064,4904.375,-12171.25,15885.625
1696075,3858.75,-11103.75,16506.875
1696075,3858.75,-11103.75,16506.875
1696085,7328.125,-11698.75,15080.625
1696085,7328.125,-11698.75,15080.625
1696095,8732.5,-7966.875,13820.625
1696095,8732.5,-7966.875,13820.625
1696105,7853.125,-1163.75,13938.75
1696105,7853.125,-1163.75,13938.75
1696116,10408.125,4453.75,11926.25
1696116,10408.125,4453.75,11926.25
1696126,10443.125,7253.75,8780.625
1696126,10443.125,7253.75,8780.625
1696137,5127.5,11515.0,7511.875
1696137,5127.5,11515.0,7511.875
1696147,1229.375,14595.0,9533.125
1696147,1229.375,14595.0,9533.125
1696157,8863.75,7328.125,10355.625
1696157,8863.75,7328.125,10355.625
1696167,2209.375,6505.625,10828.125
1696167,2209.375,6505.625,10828.125
1696178,-9926.875,7253.75,10863.125
1696178,-9926.875,7253.75,10863.125
1696188,-6536.25,4191.25,5761.875
1696188,-6536.25,4191.25,5761.875
1696199,-3311.875,892.5,4738.125
1696199,-3311.875,892.5,4738.125
1696209,3211.25,-2900.625,4886.875
1696209,3211.25,-2900.625,4886.875
1696219,6921.25,-6221.25,1767.5
1696219,6921.25,-6221.25,1767.5
1696229,2909.375,-15443.75,4108.125
1696229,2909.375,-15443.75,4108.125
1696240,-2878.75,-22369.375,2345.0
1696240,-2878.75,-22369.375,2345.0
1696250,-5613.125,-29124.375,3500.0
1696250,-5613.125,-29124.375,3500.0
1696260,-2205.0,-32812.5,1238.125
1696260,-2205.0,-32812.5,1238.125
1696269,-7376.25,-26976.25,1194.375
1696269,-7376.25,-26976.25,1194.375
1696281,-5783.75,-22238.125,-4147.5
1696281,-5783.75,-22238.125,-4147.5
1696290,-5276.25,-13558.125,-8137.5
1696290,-5276.25,-13558.125,-8137.5
1696302,-9086.875,-9498.125,-10622.5
1696302,-9086.875,-9498.125,-10622.5
1696312,-9782.5,-4248.125,-15312.5
1696312,-9782.5,-4248.125,-15312.5
1696322,-11593.75,2091.25,-19118.75
1696322,-11593.75,2091.25,-19118.75
1696333,-10320.625,6387.5,-21161.875
1696333,-10320.625,6387.5,-21161.875
1696343,-2668.75,8605.625,-22491.875
1696343,-2668.75,8605.625,-22491.875
1696353,988.75,3268.125,-20251.875
1696353,988.75,3268.125,-20251.875
1696363,-2218.125,1124.375,-17062.5
1696363,-2218.125,1124.375,-17062.5
1696374,-8531.25,5893.125,-14490.0
1696374,-8531.25,5893.125,-14490.0
1696384,-7730.625,-227.5,-6654.375
1696384,-7730.625,-227.5,-6654.375
1696394,-5197.5,-6781.25,-5285.0
1696394,-5197.5,-6781.25,-5285.0
1696405,-10355.625,-8981.875,-1741.25
1696405,-10355.625,-8981.875,-1741.25
1696415,-7927.5,-5643.75,-809.375
1696415,-7927.5,-5643.75,-809.375
1696426,-7861.875,4313.75,-336.875
1696426,-7861.875,4313.75,-336.875
1696436,-1977.5,4751.25,131.25
1696436,-1977.5,4751.25,131.25
1696446,3972.5,6050.625,-1386.875
1696446,3972.5,6050.625,-1386.875
1696457,774.375,3469.375,997.5
1696457,774.375,3469.375,997.5
1696467,1531.25,7463.75,726.25
1696467,1531.25,7463.75,726.25
1696477,9423.75,6658.75,3491.25
1696477,9423.75,6658.75,3491.25
1696487,10255.0,1828.75,6138.125
1696487,10255.0,1828.75,6138.125
1696497,5271.875,-5289.375,8526.875
1696497,5271.875,-5289.375,8526.875
1696508,3941.875,-8872.5,10486.875
1696508,3941.875,-8872.5,10486.875
1696518,5223.75,-8225.0,12477.5
1696518,5223.75,-8225.0,12477.5
1696529,6059.375,-6566.875,14748.125
1696529,6059.375,-6566.875,14748.125
1696539,5481.875,-5193.125,16590.0
1696539,5481.875,-5193.125,16590.0
1696549,3154.375,-5919.375,18318.125
1696549,3154.375,-5919.375,18318.125
1696559,3298.75,-7455.0,19971.875
1696559,3298.75,-7455.0,19971.875
1696570,6689.375,-9695.0,19394.375
1696570,6689.375,-9695.0,19394.375
1696580,12411.875,-14083.125,18825.625
1696580,12411.875,-14083.125,18825.625
1696591,16957.5,-10185.0,15868.125
1696591,16957.5,-10185.0,15868.125
1696601,6545.0,11151.875,15798.125
1696601,6545.0,11151.875,15798.125
