1701090,-54.6875,828.125,562.5,-7.8125,-726.5625,718.75,203.125,-890.625,421.875,437.5,-890.625,109.375,460.9375,-828.125,335.9375
1701090,-54.6875,828.125,562.5,-7.8125,-726.5625,718.75,203.125,-890.625,421.875,437.5,-890.625,109.375,460.9375,-828.125,335.9375
1701099,-62.5,820.3125,570.3125,-15.625,-726.5625,718.75,203.125,-898.4375,421.875,437.5,-890.625,117.1875,460.9375,-835.9375,328.125
1701099,-62.5,820.3125,570.3125,-15.625,-726.5625,718.75,203.125,-898.4375,421.875,437.5,-890.625,117.1875,460.9375,-835.9375,328.125
1701099,-62.5,820.3125,578.125,-31.25,-734.375,718.75,203.125,-906.25,421.875,437.5,-898.4375,109.375,453.125,-828.125,328.125
1701099,-62.5,820.3125,578.125,-31.25,-734.375,718.75,203.125,-906.25,421.875,437.5,-898.4375,109.375,453.125,-828.125,328.125
1701106,-62.5,828.125,578.125,-23.4375,-734.375,710.9375,187.5,-906.25,421.875,429.6875,-890.625,109.375,460.9375,-835.9375,328.125
1701106,-62.5,828.125,578.125,-23.4375,-734.375,710.9375,187.5,-906.25,421.875,429.6875,-890.625,109.375,460.9375,-835.9375,328.125
1701252,-62.5,835.9375,570.3125,-23.4375,-734.375,703.125,203.125,-914.0625,414.0625,437.5,-898.4375,101.5625,453.125,-835.9375,320.3125
1701252,-62.5,835.9375,570.3125,-23.4375,-734.375,703.125,203.125,-914.0625,414.0625,437.5,-898.4375,101.5625,453.125,-835.9375,320.3125
1701260,-54.6875,828.125,570.3125,-15.625,-742.1875,703.125,210.9375,-882.8125,429.6875,429.6875,-890.625,109.375,453.125,-828.125,335.9375
1701260,-54.6875,828.125,570.3125,-15.625,-742.1875,703.125,210.9375,-882.8125,429.6875,429.6875,-890.625,109.375,453.125,-828.125,335.9375
1701260,-54.6875,828.125,570.3125,-7.8125,-726.5625,710.9375,195.3125,-898.4375,437.5,429.6875,-890.625,109.375,453.125,-820.3125,328.125
1701260,-54.6875,828.125,570.3125,-7.8125,-726.5625,710.9375,195.3125,-898.4375,437.5,429.6875,-890.625,109.375,453.125,-820.3125,328.125
1701267,-54.6875,835.9375,562.5,-15.625,-726.5625,718.75,195.3125,-898.4375,421.875,429.6875,-898.4375,125.0,460.9375,-828.125,328.125
1701267,-54.6875,835.9375,562.5,-15.625,-726.5625,718.75,195.3125,-898.4375,421.875,429.6875,-898.4375,125.0,460.9375,-828.125,328.125
1701414,-62.5,828.125,578.125,-15.625,-742.1875,718.75,203.125,-906.25,421.875,429.6875,-906.25,125.0,398.4375,-835.9375,335.9375
1701414,-62.5,828.125,578.125,-15.625,-742.1875,718.75,203.125,-906.25,421.875,429.6875,-906.25,125.0,398.4375,-835.9375,335.9375
1701421,-62.5,828.125,578.125,-15.625,-742.1875,710.9375,210.9375,-906.25,421.875,437.5,-875.0,109.375,468.75,-859.375,312.5
1701421,-62.5,828.125,578.125,-15.625,-742.1875,710.9375,210.9375,-906.25,421.875,437.5,-875.0,109.375,468.75,-859.375,312.5
1701421,-62.5,828.125,562.5,-15.625,-718.75,718.75,203.125,-882.8125,429.6875,445.3125,-906.25,109.375,460.9375,-820.3125,328.125
1701421,-62.5,828.125,562.5,-15.625,-718.75,718.75,203.125,-882.8125,429.6875,445.3125,-906.25,109.375,460.9375,-820.3125,328.125
1701429,-62.5,835.9375,562.5,-23.4375,-726.5625,726.5625,203.125,-898.4375,421.875,421.875,-906.25,117.1875,445.3125,-820.3125,343.75
1701429,-62.5,835.9375,562.5,-23.4375,-726.5625,726.5625,203.125,-898.4375,421.875,421.875,-906.25,117.1875,445.3125,-820.3125,343.75
1701575,-62.5,828.125,578.125,-23.4375,-734.375,718.75,187.5,-906.25,421.875,437.5,-898.4375,109.375,453.125,-835.9375,320.3125
1701575,-62.5,828.125,578.125,-23.4375,-734.375,718.75,187.5,-906.25,421.875,437.5,-898.4375,109.375,453.125,-835.9375,320.3125
1701582,-62.5,835.9375,578.125,-23.4375,-734.375,710.9375,195.3125,-906.25,421.875,429.6875,-898.4375,109.375,453.125,-835.9375,328.125
1701582,-62.5,835.9375,578.125,-23.4375,-734.375,710.9375,195.3125,-906.25,421.875,429.6875,-898.4375,109.375,453.125,-835.9375,328.125
1701583,-62.5,828.125,570.3125,-23.4375,-734.375,703.125,187.5,-898.4375,429.6875,429.6875,-890.625,109.375,453.125,-843.75,328.125
1701583,-62.5,828.125,570.3125,-23.4375,-734.375,703.125,187.5,-898.4375,429.6875,429.6875,-890.625,109.375,453.125,-843.75,328.125
1701591,-62.5,820.3125,578.125,-23.4375,-734.375,710.9375,187.5,-898.4375,414.0625,421.875,-898.4375,109.375,453.125,-828.125,320.3125
1701591,-62.5,820.3125,578.125,-23.4375,-734.375,710.9375,187.5,-898.4375,414.0625,421.875,-898.4375,109.375,453.125,-828.125,320.3125
1701736,-62.5,835.9375,578.125,-23.4375,-726.5625,710.9375,203.125,-906.25,414.0625,437.5,-890.625,109.375,453.125,-828.125,320.3125
1701736,-62.5,835.9375,578.125,-23.4375,-726.5625,710.9375,203.125,-906.25,414.0625,437.5,-890.625,109.375,453.125,-828.125,320.3125
1701744,-70.3125,828.125,570.3125,-23.4375,-726.5625,710.9375,195.3125,-898.4375,421.875,437.5,-890.625,117.1875,453.125,-828.125,335.9375
1701744,-70.3125,828.125,570.3125,-23.4375,-726.5625,710.9375,195.3125,-898.4375,421.875,437.5,-890.625,117.1875,453.125,-828.125,335.9375
1701744,-70.3125,828.125,578.125,-23.4375,-734.375,710.9375,187.5,-898.4375,429.6875,437.5,-898.4375,109.375,453.125,-828.125,328.125
1701744,-70.3125,828.125,578.125,-23.4375,-734.375,710.9375,187.5,-898.4375,429.6875,437.5,-898.4375,109.375,453.125,-828.125,328.125
1701752,-62.5,820.3125,570.3125,-23.4375,-734.375,710.9375,195.3125,-914.0625,421.875,429.6875,-890.625,117.1875,453.125,-835.9375,335.9375
1701752,-62.5,820.3125,570.3125,-23.4375,-734.375,710.9375,195.3125,-914.0625,421.875,429.6875,-890.625,117.1875,453.125,-835.9375,335.9375
1701897,-62.5,828.125,570.3125,-23.4375,-734.375,710.9375,203.125,-906.25,421.875,429.6875,-898.4375,117.1875,460.9375,-835.9375,328.125
1701897,-62.5,828.125,570.3125,-23.4375,-734.375,710.9375,203.125,-906.25,421.875,429.6875,-898.4375,117.1875,460.9375,-835.9375,328.125
1701905,-62.5,828.125,570.3125,-15.625,-734.375,710.9375,195.3125,-898.4375,421.875,437.5,-906.25,117.1875,453.125,-835.9375,312.5
1701905,-62.5,828.125,570.3125,-15.625,-734.375,710.9375,195.3125,-898.4375,421.875,437.5,-906.25,117.1875,453.125,-835.9375,312.5
1701905,-62.5,828.125,578.125,-23.4375,-734.375,718.75,187.5,-898.4375,429.6875,437.5,-890.625,117.1875,453.125,-835.9375,328.125
1701905,-62.5,828.125,578.125,-23.4375,-734.375,718.75,187.5,-898.4375,429.6875,437.5,-890.625,117.1875,453.125,-835.9375,328.125
1701913,-62.5,828.125,585.9375,-23.4375,-734.375,710.9375,203.125,-898.4375,421.875,437.5,-898.4375,117.1875,445.3125,-835.9375,320.3125
1701913,-62.5,828.125,585.9375,-23.4375,-734.375,710.9375,203.125,-898.4375,421.875,437.5,-898.4375,117.1875,445.3125,-835.9375,320.3125
1702058,-62.5,820.3125,578.125,-31.25,-742.1875,710.9375,187.5,-921.875,414.0625,429.6875,-906.25,101.5625,453.125,-835.9375,320.3125
1702058,-62.5,820.3125,578.125,-31.25,-742.1875,710.9375,187.5,-921.875,414.0625,429.6875,-906.25,101.5625,453.125,-835.9375,320.3125
1702066,-70.3125,820.3125,578.125,-31.25,-742.1875,703.125,195.3125,-914.0625,421.875,437.5,-898.4375,101.5625,453.125,-843.75,328.125
1702066,-70.3125,820.3125,578.125,-31.25,-742.1875,703.125,195.3125,-914.0625,421.875,437.5,-898.4375,101.5625,453.125,-843.75,328.125
1702066,-62.5,820.3125,570.3125,-31.25,-742.1875,703.125,187.5,-914.0625,414.0625,429.6875,-898.4375,109.375,445.3125,-843.75,312.5
1702066,-62.5,820.3125,570.3125,-31.25,-742.1875,703.125,187.5,-914.0625,414.0625,429.6875,-898.4375,109.375,445.3125,-843.75,312.5
1702073,-62.5,820.3125,578.125,-31.25,-734.375,703.125,187.5,-906.25,421.875,437.5,-906.25,101.5625,445.3125,-835.9375,328.125
1702073,-62.5,820.3125,578.125,-31.25,-734.375,703.125,187.5,-906.25,421.875,437.5,-906.25,101.5625,445.3125,-835.9375,328.125
1702156,-62.5,828.125,578.125,-23.4375,-734.375,710.9375,203.125,-906.25,429.6875,437.5,-898.4375,101.5625,460.9375,-835.9375,328.125
1702156,-62.5,828.125,578.125,-23.4375,-734.375,710.9375,203.125,-906.25,429.6875,437.5,-898.4375,101.5625,460.9375,-835.9375,328.125
1702163,-62.5,835.9375,570.3125,-23.4375,-734.375,718.75,195.3125,-914.0625,429.6875,437.5,-890.625,109.375,460.9375,-843.75,328.125
1702163,-62.5,835.9375,570.3125,-23.4375,-734.375,718.75,195.3125,-914.0625,429.6875,437.5,-890.625,109.375,460.9375,-843.75,328.125
1702171,-62.5,828.125,570.3125,-23.4375,-734.375,718.75,195.3125,-914.0625,429.6875,429.6875,-906.25,109.375,453.125,-835.9375,328.125
1702171,-62.5,828.125,570.3125,-23.4375,-734.375,718.75,195.3125,-914.0625,429.6875,429.6875,-906.25,109.375,453.125,-835.9375,328.125
1702172,-62.5,828.125,570.3125,-23.4375,-734.375,718.75,195.3125,-906.25,429.6875,429.6875,-898.4375,117.1875,453.125,-835.9375,328.125
1702172,-62.5,828.125,570.3125,-23.4375,-734.375,718.75,195.3125,-906.25,429.6875,429.6875,-898.4375,117.1875,453.125,-835.9375,328.125
1702317,-62.5,828.125,578.125,-15.625,-734.375,710.9375,195.3125,-906.25,414.0625,429.6875,-906.25,109.375,453.125,-843.75,328.125
1702317,-62.5,828.125,578.125,-15.625,-734.375,710.9375,195.3125,-906.25,414.0625,429.6875,-906.25,109.375,453.125,-843.75,328.125
1702325,-62.5,820.3125,578.125,-23.4375,-734.375,710.9375,195.3125,-906.25,421.875,429.6875,-898.4375,101.5625,453.125,-843.75,320.3125
1702325,-62.5,820.3125,578.125,-23.4375,-734.375,710.9375,195.3125,-906.25,421.875,429.6875,-898.4375,101.5625,453.125,-843.75,320.3125
1702333,-62.5,828.125,578.125,-23.4375,-742.1875,718.75,203.125,-906.25,421.875,437.5,-898.4375,109.375,460.9375,-835.9375,328.125
1702333,-62.5,828.125,578.125,-23.4375,-742.1875,718.75,203.125,-906.25,421.875,437.5,-898.4375,109.375,460.9375,-835.9375,328.125
1702333,-62.5,820.3125,578.125,-23.4375,-734.375,718.75,195.3125,-914.0625,421.875,429.6875,-906.25,101.5625,460.9375,-835.9375,320.3125
1702333,-62.5,820.3125,578.125,-23.4375,-734.375,718.75,195.3125,-914.0625,421.875,429.6875,-906.25,101.5625,460.9375,-835.9375,320.3125
1702478,-62.5,828.125,578.125,-15.625,-750.0,710.9375,203.125,-906.25,421.875,429.6875,-898.4375,109.375,453.125,-835.9375,320.3125
1702478,-62.5,828.125,578.125,-15.625,-750.0,710.9375,203.125,-906.25,421.875,429.6875,-898.4375,109.375,453.125,-835.9375,320.3125
1702486,-62.5,820.3125,578.125,-23.4375,-734.375,710.9375,195.3125,-906.25,414.0625,429.6875,-898.4375,109.375,453.125,-835.9375,320.3125
1702486,-62.5,820.3125,578.125,-23.4375,-734.375,710.9375,195.3125,-906.25,414.0625,429.6875,-898.4375,109.375,453.125,-835.9375,320.3125
1702494,-62.5,828.125,578.125,-23.4375,-734.375,710.9375,195.3125,-898.4375,421.875,429.6875,-898.4375,117.1875,453.125,-843.75,320.3125
1702494,-62.5,828.125,578.125,-23.4375,-734.375,710.9375,195.3125,-898.4375,421.875,429.6875,-898.4375,117.1875,453.125,-843.75,320.3125
1702494,-62.5,828.125,570.3125,-23.4375,-734.375,710.9375,195.3125,-906.25,421.875,437.5,-890.625,109.375,453.125,-835.9375,320.3125
1702494,-62.5,828.125,570.3125,-23.4375,-734.375,710.9375,195.3125,-906.25,421.875,437.5,-890.625,109.375,453.125,-835.9375,320.3125
1702639,-62.5,828.125,570.3125,-15.625,-734.375,726.5625,187.5,-921.875,406.25,445.3125,-890.625,132.8125,460.9375,-820.3125,320.3125
1702639,-62.5,828.125,570.3125,-15.625,-734.375,726.5625,187.5,-921.875,406.25,445.3125,-890.625,132.8125,460.9375,-820.3125,320.3125
1702647,-70.3125,828.125,578.125,-23.4375,-726.5625,710.9375,187.5,-921.875,421.875,406.25,-921.875,101.5625,445.3125,-835.9375,328.125
1702647,-70.3125,828.125,578.125,-23.4375,-726.5625,710.9375,187.5,-921.875,421.875,406.25,-921.875,101.5625,445.3125,-835.9375,328.125
1702655,-62.5,820.3125,562.5,-15.625,-726.5625,718.75,203.125,-882.8125,429.6875,445.3125,-929.6875,101.5625,453.125,-875.0,335.9375
1702655,-62.5,820.3125,562.5,-15.625,-726.5625,718.75,203.125,-882.8125,429.6875,445.3125,-929.6875,101.5625,453.125,-875.0,335.9375
1702655,-62.5,835.9375,570.3125,-23.4375,-734.375,726.5625,242.1875,-882.8125,460.9375,445.3125,-890.625,93.75,460.9375,-851.5625,312.5
1702655,-62.5,835.9375,570.3125,-23.4375,-734.375,726.5625,242.1875,-882.8125,460.9375,445.3125,-890.625,93.75,460.9375,-851.5625,312.5
1702800,-62.5,820.3125,570.3125,-15.625,-718.75,726.5625,203.125,-898.4375,429.6875,437.5,-890.625,117.1875,445.3125,-835.9375,320.3125
1702800,-62.5,820.3125,570.3125,-15.625,-718.75,726.5625,203.125,-898.4375,429.6875,437.5,-890.625,117.1875,445.3125,-835.9375,320.3125
1702808,-54.6875,820.3125,585.9375,0.0,-726.5625,726.5625,210.9375,-898.4375,421.875,445.3125,-898.4375,117.1875,453.125,-835.9375,312.5
1702808,-54.6875,820.3125,585.9375,0.0,-726.5625,726.5625,210.9375,-898.4375,421.875,445.3125,-898.4375,117.1875,453.125,-835.9375,312.5
1702816,-54.6875,835.9375,562.5,-7.8125,-726.5625,726.5625,203.125,-906.25,429.6875,445.3125,-898.4375,117.1875,460.9375,-835.9375,320.3125
1702816,-54.6875,835.9375,562.5,-7.8125,-726.5625,726.5625,203.125,-906.25,429.6875,445.3125,-898.4375,117.1875,460.9375,-835.9375,320.3125
1702816,-46.875,835.9375,570.3125,0.0,-726.5625,718.75,218.75,-898.4375,429.6875,453.125,-898.4375,109.375,460.9375,-828.125,312.5
1702816,-46.875,835.9375,570.3125,0.0,-726.5625,718.75,218.75,-898.4375,429.6875,453.125,-898.4375,109.375,460.9375,-828.125,312.5
1702962,242.1875,1640.625,671.875,281.25,-921.875,1382.8125,578.125,-1367.1875,992.1875,914.0625,-1304.6875,601.5625,773.4375,-1109.375,867.1875
1702962,242.1875,1640.625,671.875,281.25,-921.875,1382.8125,578.125,-1367.1875,992.1875,914.0625,-1304.6875,601.5625,773.4375,-1109.375,867.1875
1702969,148.4375,1523.4375,640.625,257.8125,-945.3125,1453.125,609.375,-1437.5,1054.6875,968.75,-1367.1875,648.4375,812.5,-1140.625,992.1875
1702969,148.4375,1523.4375,640.625,257.8125,-945.3125,1453.125,609.375,-1437.5,1054.6875,968.75,-1367.1875,648.4375,812.5,-1140.625,992.1875
1702977,54.6875,1335.9375,640.625,289.0625,-984.375,1500.0,656.25,-1484.375,1101.5625,976.5625,-1453.125,695.3125,843.75,-1234.375,1148.4375
1702977,54.6875,1335.9375,640.625,289.0625,-984.375,1500.0,656.25,-1484.375,1101.5625,976.5625,-1453.125,695.3125,843.75,-1234.375,1148.4375
1702977,23.4375,1195.3125,601.5625,296.875,-1031.25,1507.8125,679.6875,-1523.4375,1125.0,976.5625,-1531.25,734.375,882.8125,-1343.75,1343.75
1702977,23.4375,1195.3125,601.5625,296.875,-1031.25,1507.8125,679.6875,-1523.4375,1125.0,976.5625,-1531.25,734.375,882.8125,-1343.75,1343.75
1703122,-585.9375,710.9375,554.6875,-406.25,-1257.8125,234.375,-78.125,-1273.4375,-312.5,109.375,-1039.0625,-429.6875,187.5,-875.0,23.4375
1703122,-585.9375,710.9375,554.6875,-406.25,-1257.8125,234.375,-78.125,-1273.4375,-312.5,109.375,-1039.0625,-429.6875,187.5,-875.0,23.4375
1703123,-250.0,695.3125,859.375,-421.875,-1367.1875,132.8125,-132.8125,-1367.1875,-398.4375,164.0625,-1210.9375,-546.875,101.5625,-1109.375,-31.25
1703123,-250.0,695.3125,859.375,-421.875,-1367.1875,132.8125,-132.8125,-1367.1875,-398.4375,164.0625,-1210.9375,-546.875,101.5625,-1109.375,-31.25
1703131,7.8125,578.125,1039.0625,-414.0625,-1445.3125,-23.4375,-250.0,-1437.5,-484.375,125.0,-1304.6875,-679.6875,85.9375,-1343.75,-101.5625
1703131,7.8125,578.125,1039.0625,-414.0625,-1445.3125,-23.4375,-250.0,-1437.5,-484.375,125.0,-1304.6875,-679.6875,85.9375,-1343.75,-101.5625
1703139,125.0,484.375,1046.875,-539.0625,-1523.4375,-140.625,-343.75,-1515.625,-585.9375,31.25,-1343.75,-835.9375,-62.5,-1375.0,-343.75
1703139,125.0,484.375,1046.875,-539.0625,-1523.4375,-140.625,-343.75,-1515.625,-585.9375,31.25,-1343.75,-835.9375,-62.5,-1375.0,-343.75
1703284,-23.4375,289.0625,210.9375,-710.9375,-117.1875,-78.125,-156.25,-23.4375,468.75,62.5,-210.9375,312.5,195.3125,-203.125,234.375
1703284,-23.4375,289.0625,210.9375,-710.9375,-117.1875,-78.125,-156.25,-23.4375,468.75,62.5,-210.9375,312.5,195.3125,-203.125,234.375
1703284,-117.1875,437.5,23.4375,-593.75,125.0,39.0625,-93.75,54.6875,468.75,70.3125,-210.9375,328.125,125.0,-218.75,171.875
1703284,-117.1875,437.5,23.4375,-593.75,125.0,39.0625,-93.75,54.6875,468.75,70.3125,-210.9375,328.125,125.0,-218.75,171.875
1703292,-164.0625,406.25,-109.375,-484.375,203.125,195.3125,-31.25,23.4375,453.125,85.9375,-156.25,328.125,140.625,-203.125,195.3125
1703292,-164.0625,406.25,-109.375,-484.375,203.125,195.3125,-31.25,23.4375,453.125,85.9375,-156.25,328.125,140.625,-203.125,195.3125
1703300,-148.4375,375.0,-265.625,-437.5,242.1875,390.625,54.6875,101.5625,523.4375,156.25,-148.4375,367.1875,148.4375,-187.5,257.8125
1703300,-148.4375,375.0,-265.625,-437.5,242.1875,390.625,54.6875,101.5625,523.4375,156.25,-148.4375,367.1875,148.4375,-187.5,257.8125
1703445,226.5625,1156.25,-234.375,39.0625,-484.375,828.125,500.0,-609.375,250.0,367.1875,-687.5,-70.3125,171.875,-820.3125,-7.8125
1703445,226.5625,1156.25,-234.375,39.0625,-484.375,828.125,500.0,-609.375,250.0,367.1875,-687.5,-70.3125,171.875,-820.3125,-7.8125
1703445,242.1875,1164.0625,-132.8125,7.8125,-585.9375,742.1875,445.3125,-765.625,242.1875,343.75,-828.125,-93.75,132.8125,-937.5,23.4375
1703445,242.1875,1164.0625,-132.8125,7.8125,-585.9375,742.1875,445.3125,-765.625,242.1875,343.75,-828.125,-93.75,132.8125,-937.5,23.4375
1703454,265.625,1179.6875,-15.625,-31.25,-742.1875,687.5,398.4375,-898.4375,203.125,312.5,-937.5,-132.8125,62.5,-1031.25,23.4375
1703454,265.625,1179.6875,-15.625,-31.25,-742.1875,687.5,398.4375,-898.4375,203.125,312.5,-937.5,-132.8125,62.5,-1031.25,23.4375
1703462,273.4375,1195.3125,93.75,-46.875,-921.875,640.625,359.375,-1031.25,171.875,250.0,-1039.0625,-171.875,15.625,-1125.0,15.625
1703462,273.4375,1195.3125,93.75,-46.875,-921.875,640.625,359.375,-1031.25,171.875,250.0,-1039.0625,-171.875,15.625,-1125.0,15.625
1703607,39.0625,734.375,-101.5625,-156.25,-523.4375,492.1875,351.5625,-546.875,250.0,382.8125,-617.1875,15.625,320.3125,-703.125,101.5625
1703607,39.0625,734.375,-101.5625,-156.25,-523.4375,492.1875,351.5625,-546.875,250.0,382.8125,-617.1875,15.625,320.3125,-703.125,101.5625
1703607,117.1875,726.5625,-101.5625,15.625,-429.6875,617.1875,414.0625,-578.125,242.1875,390.625,-648.4375,7.8125,242.1875,-734.375,117.1875
1703607,117.1875,726.5625,-101.5625,15.625,-429.6875,617.1875,414.0625,-578.125,242.1875,390.625,-648.4375,7.8125,242.1875,-734.375,117.1875
1703615,226.5625,617.1875,-85.9375,78.125,-429.6875,632.8125,429.6875,-601.5625,226.5625,390.625,-648.4375,0.0,250.0,-726.5625,140.625
1703615,226.5625,617.1875,-85.9375,78.125,-429.6875,632.8125,429.6875,-601.5625,226.5625,390.625,-648.4375,0.0,250.0,-726.5625,140.625
1703623,273.4375,750.0,-125.0,132.8125,-468.75,640.625,484.375,-617.1875,203.125,437.5,-656.25,-15.625,281.25,-734.375,117.1875
1703623,273.4375,750.0,-125.0,132.8125,-468.75,640.625,484.375,-617.1875,203.125,437.5,-656.25,-15.625,281.25,-734.375,117.1875
1703768,125.0,882.8125,-1757.8125,445.3125,1335.9375,1437.5,1234.375,1007.8125,578.125,1109.375,828.125,585.9375,1093.75,578.125,250.0
1703768,125.0,882.8125,-1757.8125,445.3125,1335.9375,1437.5,1234.375,1007.8125,578.125,1109.375,828.125,585.9375,1093.75,578.125,250.0
1703768,164.0625,937.5,-1726.5625,304.6875,1421.875,1437.5,1101.5625,1070.3125,617.1875,937.5,875.0,640.625,906.25,656.25,273.4375
1703768,164.0625,937.5,-1726.5625,304.6875,1421.875,1437.5,1101.5625,1070.3125,617.1875,937.5,875.0,640.625,906.25,656.25,273.4375
1703776,203.125,953.125,-1679.6875,265.625,1390.625,1367.1875,992.1875,1023.4375,632.8125,835.9375,812.5,703.125,820.3125,640.625,359.375
1703776,203.125,953.125,-1679.6875,265.625,1390.625,1367.1875,992.1875,1023.4375,632.8125,835.9375,812.5,703.125,820.3125,640.625,359.375
1703784,195.3125,835.9375,-1601.5625,187.5,1289.0625,1312.5,937.5,953.125,664.0625,820.3125,726.5625,710.9375,851.5625,562.5,406.25
1703784,195.3125,835.9375,-1601.5625,187.5,1289.0625,1312.5,937.5,953.125,664.0625,820.3125,726.5625,710.9375,851.5625,562.5,406.25
1703929,1031.25,2921.875,148.4375,921.875,-984.375,992.1875,757.8125,-1671.875,-195.3125,218.75,-1546.875,-632.8125,-453.125,-1617.1875,-242.1875
1703929,1031.25,2921.875,148.4375,921.875,-984.375,992.1875,757.8125,-1671.875,-195.3125,218.75,-1546.875,-632.8125,-453.125,-1617.1875,-242.1875
1703929,875.0,1312.5,359.375,296.875,-1023.4375,664.0625,484.375,-1164.0625,-203.125,421.875,-1046.875,-656.25,156.25,-1203.125,-515.625
1703929,875.0,1312.5,359.375,296.875,-1023.4375,664.0625,484.375,-1164.0625,-203.125,421.875,-1046.875,-656.25,156.25,-1203.125,-515.625
1703937,453.125,882.8125,484.375,-109.375,-1632.8125,414.0625,406.25,-1343.75,-78.125,351.5625,-1242.1875,-593.75,93.75,-1414.0625,-382.8125
1703937,453.125,882.8125,484.375,-109.375,-1632.8125,414.0625,406.25,-1343.75,-78.125,351.5625,-1242.1875,-593.75,93.75,-1414.0625,-382.8125
1703945,398.4375,1593.75,593.75,179.6875,-1796.875,343.75,468.75,-1765.625,-156.25,421.875,-1648.4375,-679.6875,54.6875,-1789.0625,-242.1875
1703945,398.4375,1593.75,593.75,179.6875,-1796.875,343.75,468.75,-1765.625,-156.25,421.875,-1648.4375,-679.6875,54.6875,-1789.0625,-242.1875
