1711624,297.5,-1596.875,564.375
1711624,297.5,-1596.875,564.375
1711634,376.25,-1229.375,625.625
1711634,376.25,-1229.375,625.625
1711644,350.0,-905.625,581.875
1711644,350.0,-905.625,581.875
1711655,463.75,-730.625,393.75
1711655,463.75,-730.625,393.75
1711664,853.125,-726.25,398.125
1711664,853.125,-726.25,398.125
1711675,1168.125,-861.875,275.625
1711675,1168.125,-861.875,275.625
1711685,936.25,-765.625,315.0
1711685,936.25,-765.625,315.0
1711696,717.5,-595.0,240.625
1711696,717.5,-595.0,240.625
1711706,918.75,-586.25,183.75
1711706,918.75,-586.25,183.75
1711716,1089.375,-822.5,183.75
1711716,1089.375,-822.5,183.75
1711727,896.875,-1076.25,236.25
1711727,896.875,-1076.25,236.25
1711738,380.625,-1321.25,455.0
1711738,380.625,-1321.25,455.0
1711747,-577.5,-1058.75,380.625
1711747,-577.5,-1058.75,380.625
1711758,-787.5,-1076.25,323.75
1711758,-787.5,-1076.25,323.75
1711768,126.875,-1076.25,354.375
1711768,126.875,-1076.25,354.375
1711779,848.75,-940.625,363.125
1711779,848.75,-940.625,363.125
1711789,1041.25,-914.375,385.0
1711789,1041.25,-914.375,385.0
1711799,1610.0,-735.0,319.375
1711799,1610.0,-735.0,319.375
1711809,1631.875,-717.5,271.25
1711809,1631.875,-717.5,271.25
1711820,1185.625,-1124.375,249.375
1711820,1185.625,-1124.375,249.375
1711830,892.5,-1583.75,358.75
1711830,892.5,-1583.75,358.75
1711840,-175.0,-1426.25,280.0
1711840,-175.0,-1426.25,280.0
1711851,-455.0,-1570.625,507.5
1711851,-455.0,-1570.625,507.5
1711861,-660.625,-1583.75,437.5
1711861,-660.625,-1583.75,437.5
1711871,-625.625,-1417.5,126.875
1711871,-625.625,-1417.5,126.875
1711882,752.5,-910.0,376.25
1711882,752.5,-910.0,376.25
1711892,-21.875,-1067.5,546.875
1711892,-21.875,-1067.5,546.875
1711902,-892.5,-1089.375,341.25
1711902,-892.5,-1089.375,341.25
1711912,-52.5,-778.75,481.25
1711912,-52.5,-778.75,481.25
1711923,-8.75,-700.0,380.625
1711923,-8.75,-700.0,380.625
1711933,100.625,-966.875,393.75
1711933,100.625,-966.875,393.75
1711943,446.25,-1273.125,258.125
1711943,446.25,-1273.125,258.125
1711954,840.0,-1631.875,144.375
1711954,840.0,-1631.875,144.375
1711964,1137.5,-2091.25,376.25
1711964,1137.5,-2091.25,376.25
1711975,1006.25,-2415.0,533.75
1711975,1006.25,-2415.0,533.75
1711985,1356.25,-3657.5,844.375
1711985,1356.25,-3657.5,844.375
1711995,1111.25,-4987.5,643.125
1711995,1111.25,-4987.5,643.125
1712006,2773.75,-6895.0,1159.375
1712006,2773.75,-6895.0,1159.375
1712016,3911.25,-10176.25,1763.125
1712016,3911.25,-10176.25,1763.125
1712026,2695.0,-14218.75,1855.0
1712026,2695.0,-14218.75,1855.0
1712036,1894.375,-18055.625,2406.25
1712036,1894.375,-18055.625,2406.25
1712046,2480.625,-22846.25,4151.875
1712046,2480.625,-22846.25,4151.875
1712057,1846.25,-28354.375,5989.375
1712057,1846.25,-28354.375,5989.375
1712067,-581.875,-32698.75,9839.375
1712067,-581.875,-32698.75,9839.375
1712078,-5814.375,-40127.5,15343.125
1712078,-5814.375,-40127.5,15343.125
1712088,-3832.5,-53108.125,15500.625
1712088,-3832.5,-53108.125,15500.625
1712098,-9034.375,-61976.25,15540.0
1712098,-9034.375,-61976.25,15540.0
1712108,-23069.375,-69868.75,22995.0
1712108,-23069.375,-69868.75,22995.0
1712119,-47429.375,-90230.0,28074.375
1712119,-47429.375,-90230.0,28074.375
1712130,-56686.875,-97715.625,39611.25
1712130,-56686.875,-97715.625,39611.25
1712139,-37108.75,-101946.25,44581.25
1712139,-37108.75,-101946.25,44581.25
1712150,-37314.375,-116659.375,44883.125
1712150,-37314.375,-116659.375,44883.125
1712160,-34063.75,-121323.125,49367.5
1712160,-34063.75,-121323.125,49367.5
1712170,-20024.375,-122346.875,64596.875
1712170,-20024.375,-122346.875,64596.875
1712181,-44358.125,-136154.375,71911.875
1712181,-44358.125,-136154.375,71911.875
1712191,-105612.5,-143355.625,69811.875
1712191,-105612.5,-143355.625,69811.875
1712202,-143360.0,-143355.625,79240.0
1712202,-143360.0,-143355.625,79240.0
1712211,-133748.125,-143180.625,99207.5
1712211,-133748.125,-143180.625,99207.5
1712222,-99194.375,-135445.625,100900.625
1712222,-99194.375,-135445.625,100900.625
1712232,-82057.5,-119525.0,104965.0
1712232,-82057.5,-119525.0,104965.0
1712243,-99063.125,-113820.0,108815.0
1712243,-99063.125,-113820.0,108815.0
1712253,-114773.75,-121078.125,112363.125
1712253,-114773.75,-121078.125,112363.125
1712263,-124551.875,-129819.375,120540.0
1712263,-124551.875,-129819.375,120540.0
1712274,-143360.0,-131254.375,126573.125
1712274,-143360.0,-131254.375,126573.125
1712284,-143360.0,-115171.875,118212.5
1712284,-143360.0,-115171.875,118212.5
1712294,-143027.5,-83216.875,121743.125
1712294,-143027.5,-83216.875,121743.125
1712305,-143333.75,-49927.5,133122.5
1712305,-143333.75,-49927.5,133122.5
1712315,-143360.0,-32471.25,143294.375
1712315,-143360.0,-32471.25,143294.375
1712326,-143355.625,-37174.375,-143360.0
1712326,-143355.625,-37174.375,-143360.0
1712335,-143360.0,-54818.75,143202.5
1712335,-143360.0,-54818.75,143202.5
1712346,-143360.0,-74313.75,143338.125
1712346,-143360.0,-74313.75,143338.125
1712356,-143360.0,-83383.125,-143360.0
1712356,-143360.0,-83383.125,-143360.0
1712366,-143360.0,-82079.375,143355.625
1712366,-143360.0,-82079.375,143355.625
1712377,-143360.0,-79296.875,-143360.0
1712377,-143360.0,-79296.875,-143360.0
1712387,-143360.0,-77096.25,-143360.0
1712387,-143360.0,-77096.25,-143360.0
1712398,-143360.0,-72598.75,-143360.0
1712398,-143360.0,-72598.75,-143360.0
1712408,-143360.0,-65555.0,-143360.0
1712408,-143360.0,-65555.0,-143360.0
1712418,-143360.0,-59381.875,-143360.0
1712418,-143360.0,-59381.875,-143360.0
1712428,-143360.0,-56043.75,-143360.0
1712428,-143360.0,-56043.75,-143360.0
1712439,-143360.0,-56914.375,-143360.0
1712439,-143360.0,-56914.375,-143360.0
1712449,-143360.0,-59998.75,-143360.0
1712449,-143360.0,-59998.75,-143360.0
1712459,-143360.0,-61761.875,-143360.0
1712459,-143360.0,-61761.875,-143360.0
1712470,-143360.0,-65856.875,-143360.0
1712470,-143360.0,-65856.875,-143360.0
1712480,-143360.0,-72887.5,-143360.0
1712480,-143360.0,-72887.5,-143360.0
1712490,-143360.0,-79104.375,-143360.0
1712490,-143360.0,-79104.375,-143360.0
1712501,-143360.0,-79900.625,-143360.0
1712501,-143360.0,-79900.625,-143360.0
1712511,-141732.5,-70245.0,-143360.0
1712511,-141732.5,-70245.0,-143360.0
1712521,-127124.375,-52425.625,141544.375
1712521,-127124.375,-52425.625,141544.375
1712531,-107791.25,-39908.75,135550.625
1712531,-107791.25,-39908.75,135550.625
1712542,-94793.125,-35271.25,129701.25
1712542,-94793.125,-35271.25,129701.25
1712552,-89503.75,-39016.25,123484.375
1712552,-89503.75,-39016.25,123484.375
1712562,-88550.0,-46729.375,116138.75
1712562,-88550.0,-46729.375,116138.75
1712573,-84358.75,-53313.75,110429.375
1712573,-84358.75,-53313.75,110429.375
1712583,-74523.75,-55461.875,106701.875
1712583,-74523.75,-55461.875,106701.875
1712593,-62251.875,-57190.0,103788.125
1712593,-62251.875,-57190.0,103788.125
1712604,-52526.25,-61346.25,98201.25
1712604,-52526.25,-61346.25,98201.25
1712614,-45819.375,-67305.0,87793.125
1712614,-45819.375,-67305.0,87793.125
1712625,-39410.0,-68941.25,76475.0
1712625,-39410.0,-68941.25,76475.0
1712635,-29618.75,-61315.625,69418.125
1712635,-29618.75,-61315.625,69418.125
1712645,-16135.0,-56166.25,67169.375
1712645,-16135.0,-56166.25,67169.375
1712655,-11965.625,-58165.625,61228.125
1712655,-11965.625,-58165.625,61228.125
1712666,-23069.375,-60869.375,56756.875
1712666,-23069.375,-60869.375,56756.875
1712676,-29295.0,-66150.0,55444.375
1712676,-29295.0,-66150.0,55444.375
1712686,-28087.5,-71089.375,52753.75
1712686,-28087.5,-71089.375,52753.75
1712697,-28844.375,-71723.75,48146.875
1712697,-28844.375,-71723.75,48146.875
1712707,-28704.375,-67991.875,41829.375
1712707,-28704.375,-67991.875,41829.375
1712717,-26206.25,-62978.125,34772.5
1712717,-26206.25,-62978.125,34772.5
1712728,-25392.5,-61691.875,27536.25
1712728,-25392.5,-61691.875,27536.25
1712738,-25961.25,-55374.375,18532.5
1712738,-25961.25,-55374.375,18532.5
1712748,-18571.875,-29973.125,9918.125
1712748,-18571.875,-29973.125,9918.125
1712759,-2913.75,-5188.75,660.625
1712759,-2913.75,-5188.75,660.625
1712769,8701.875,8071.875,-5245.625
1712769,8701.875,8071.875,-5245.625
1712779,4204.375,9380.0,-4637.5
1712779,4204.375,9380.0,-4637.5
1712789,-16454.375,18191.25,28258.125
1712789,-16454.375,18191.25,28258.125
1712800,-73246.25,52119.375,139370.0
1712800,-73246.25,52119.375,139370.0
1712810,-122171.875,12810.0,125855.625
1712810,-122171.875,12810.0,125855.625
1712820,-68543.125,-49875.0,-4283.125
1712820,-68543.125,-49875.0,-4283.125
1712831,7113.75,-48435.625,-42726.25
1712831,7113.75,-48435.625,-42726.25
1712840,12923.75,-22413.125,-8229.375
1712840,12923.75,-22413.125,-8229.375
1712851,-5893.125,-18554.375,-12744.375
1712851,-5893.125,-18554.375,-12744.375
1712861,468.125,-13243.125,-23043.125
1712861,468.125,-13243.125,-23043.125
1712872,14227.5,-1522.5,-20203.75
1712872,14227.5,-1522.5,-20203.75
1712882,20912.5,6164.375,-19468.75
1712882,20912.5,6164.375,-19468.75
1712893,23301.25,23065.0,-22710.625
1712893,23301.25,23065.0,-22710.625
1712903,30690.625,55234.375,-18659.375
1712903,30690.625,55234.375,-18659.375
1712912,47945.625,80696.875,-14866.25
1712912,47945.625,80696.875,-14866.25
1712924,60764.375,86677.5,-20020.0
1712924,60764.375,86677.5,-20020.0
1712934,60108.125,86681.875,-24723.125
1712934,60108.125,86681.875,-24723.125
1712945,52093.125,88865.0,-20457.5
1712945,52093.125,88865.0,-20457.5
1712955,51016.875,79130.625,-7927.5
1712955,51016.875,79130.625,-7927.5
1712965,48068.125,65235.625,-12219.375
1712965,48068.125,65235.625,-12219.375
1712975,42905.625,46641.875,-15312.5
1712975,42905.625,46641.875,-15312.5
1712986,38985.625,28883.75,-16310.0
1712986,38985.625,28883.75,-16310.0
1712996,31290.0,21647.5,-13234.375
1712996,31290.0,21647.5,-13234.375
1713006,25519.375,18698.75,-13230.0
1713006,25519.375,18698.75,-13230.0
1713017,18204.375,11838.75,-14402.5
1713017,18204.375,11838.75,-14402.5
1713027,15137.5,9550.625,-10552.5
1713027,15137.5,9550.625,-10552.5
1713037,19858.125,17080.0,-3876.25
1713037,19858.125,17080.0,-3876.25
1713047,23708.125,24963.75,4519.375
1713047,23708.125,24963.75,4519.375
1713058,23489.375,28385.0,9559.375
1713058,23489.375,28385.0,9559.375
1713068,22636.25,31845.625,14021.875
1713068,22636.25,31845.625,14021.875
1713078,23524.375,33188.75,14669.375
1713078,23524.375,33188.75,14669.375
1713089,20422.5,31920.0,11340.0
1713089,20422.5,31920.0,11340.0
1713099,23003.75,30008.125,18436.25
1713099,23003.75,30008.125,18436.25
1713109,32711.875,32948.125,23975.0
1713109,32711.875,32948.125,23975.0
1713120,37756.25,25081.875,26359.375
1713120,37756.25,25081.875,26359.375
1713130,29942.5,6492.5,27523.125
1713130,29942.5,6492.5,27523.125
1713141,11003.125,-3736.25,27133.75
1713141,11003.125,-3736.25,27133.75
1713150,-1933.75,-8045.625,23432.5
1713150,-1933.75,-8045.625,23432.5
1713161,402.5,-15929.375,22338.75
1713161,402.5,-15929.375,22338.75
1713171,6129.375,-25760.0,20072.5
1713171,6129.375,-25760.0,20072.5
1713182,2887.5,-28910.0,17316.25
1713182,2887.5,-28910.0,17316.25
1713192,4.375,-29938.125,12092.5
1713192,4.375,-29938.125,12092.5
1713202,813.75,-32593.75,7555.625
1713202,813.75,-32593.75,7555.625
1713213,1863.75,-35275.625,5123.125
1713213,1863.75,-35275.625,5123.125
1713223,-1658.125,-29522.5,3377.5
1713223,-1658.125,-29522.5,3377.5
1713233,-5324.375,-17731.875,3031.875
1713233,-5324.375,-17731.875,3031.875
1713243,-7131.25,-7665.0,-3290.0
1713243,-7131.25,-7665.0,-3290.0
1713254,-9563.75,-5110.0,-2244.375
1713254,-9563.75,-5110.0,-2244.375
1713264,-5674.375,-3705.625,-8054.375
1713264,-5674.375,-3705.625,-8054.375
1713274,-3036.25,5845.0,-14529.375
1713274,-3036.25,5845.0,-14529.375
1713285,-1693.125,15487.5,-16703.75
1713285,-1693.125,15487.5,-16703.75
1713295,-2073.75,30795.625,-17727.5
1713295,-2073.75,30795.625,-17727.5
1713305,3946.25,32672.5,-21118.125
1713305,3946.25,32672.5,-21118.125
1713316,-2454.375,33626.25,-21192.5
1713316,-2454.375,33626.25,-21192.5
1713325,-6015.625,27352.5,-17281.25
1713325,-6015.625,27352.5,-17281.25
1713337,3793.125,25353.125,-28385.0
1713337,3793.125,25353.125,-28385.0
1713347,11886.875,30279.375,-29487.5
1713347,11886.875,30279.375,-29487.5
1713357,14818.125,27947.5,-32475.625
1713357,14818.125,27947.5,-32475.625
1713367,17250.625,25948.125,-31911.25
1713367,17250.625,25948.125,-31911.25
1713378,24220.0,21393.75,-24058.125
1713378,24220.0,21393.75,-24058.125
1713388,27584.375,17460.625,-16935.625
1713388,27584.375,17460.625,-16935.625
1713398,28245.0,14205.625,-5862.5
1713398,28245.0,14205.625,-5862.5
1713409,34076.875,14520.625,6190.625
1713409,34076.875,14520.625,6190.625
1713419,37524.375,17158.75,13243.125
1713419,37524.375,17158.75,13243.125
1713429,36846.25,14437.5,15964.375
1713429,36846.25,14437.5,15964.375
1713439,35564.375,9016.875,17543.75
1713439,35564.375,9016.875,17543.75
1713450,31014.375,7796.25,15238.125
1713450,31014.375,7796.25,15238.125
1713460,24342.5,13641.25,10688.125
1713460,24342.5,13641.25,10688.125
1713471,25318.125,19954.375,6461.875
1713471,25318.125,19954.375,6461.875
1713481,23948.75,25060.0,4690.0
1713481,23948.75,25060.0,4690.0
1713492,22334.375,18375.0,4221.875
1713492,22334.375,18375.0,4221.875
1713501,23187.5,4873.75,122.5
1713501,23187.5,4873.75,122.5
1713512,15671.25,2944.375,-7822.5
1713512,15671.25,2944.375,-7822.5
1713522,14328.125,9296.875,-12604.375
1713522,14328.125,9296.875,-12604.375
1713533,21463.75,15408.75,-14166.25
1713533,21463.75,15408.75,-14166.25
1713542,22194.375,3985.625,-9415.0
1713542,22194.375,3985.625,-9415.0
1713553,18095.0,-19718.125,-1338.75
1713553,18095.0,-19718.125,-1338.75
1713563,-595.0,-32515.0,301.875
1713563,-595.0,-32515.0,301.875
1713574,-14621.25,-34978.125,8246.875
1713574,-14621.25,-34978.125,8246.875
1713583,-3893.75,-36483.125,8098.125
1713583,-3893.75,-36483.125,8098.125
1713594,1080.625,-37970.625,2642.5
1713594,1080.625,-37970.625,2642.5
1713605,-5963.125,-32143.125,-1146.25
1713605,-5963.125,-32143.125,-1146.25
1713615,-4865.0,-14809.375,-7848.75
1713615,-4865.0,-14809.375,-7848.75
1713625,5000.625,2104.375,-16445.625
1713625,5000.625,2104.375,-16445.625
1713636,7271.25,7100.625,-23191.875
1713636,7271.25,7100.625,-23191.875
1713646,-901.25,3473.75,-21061.25
1713646,-901.25,3473.75,-21061.25
1713655,-4235.0,13396.25,-20986.875
1713655,-4235.0,13396.25,-20986.875
1713666,-4020.625,24010.0,-23537.5
1713666,-4020.625,24010.0,-23537.5
1713677,-10928.75,21013.125,-23471.875
1713677,-10928.75,21013.125,-23471.875
1713688,-14608.125,24710.0,-18738.125
1713688,-14608.125,24710.0,-18738.125
1713697,-4694.375,29653.75,-13877.5
1713697,-4694.375,29653.75,-13877.5
1713708,-4331.25,31128.125,-13466.25
1713708,-4331.25,31128.125,-13466.25
1713718,-12696.25,29636.25,-9721.25
1713718,-12696.25,29636.25,-9721.25
1713728,-11904.375,21853.125,-12381.25
1713728,-11904.375,21853.125,-12381.25
1713739,-1509.375,23441.25,-11226.25
1713739,-1509.375,23441.25,-11226.25
1713749,11300.625,19267.5,-8216.25
1713749,11300.625,19267.5,-8216.25
1713758,18528.125,4353.125,-13610.625
1713758,18528.125,4353.125,-13610.625
1713769,17578.75,-818.125,-12385.625
1713769,17578.75,-818.125,-12385.625
1713780,24959.375,-8745.625,-10836.875
1713780,24959.375,-8745.625,-10836.875
1713790,29343.125,866.25,-9450.0
1713790,29343.125,866.25,-9450.0
1713801,30266.25,5267.5,-4497.5
1713801,30266.25,5267.5,-4497.5
1713811,25563.125,183.75,-1071.875
1713811,25563.125,183.75,-1071.875
1713821,15820.0,-8028.125,6216.875
1713821,15820.0,-8028.125,6216.875
1713831,11256.875,-13619.375,12626.25
1713831,11256.875,-13619.375,12626.25
1713842,8758.75,-15526.875,18781.875
1713842,8758.75,-15526.875,18781.875
1713852,6825.0,-16323.125,21196.875
1713852,6825.0,-16323.125,21196.875
1713863,6947.5,-9528.75,21800.625
1713863,6947.5,-9528.75,21800.625
1713873,11991.875,791.875,20387.5
1713873,11991.875,791.875,20387.5
1713883,19009.375,9926.875,16410.625
1713883,19009.375,9926.875,16410.625
1713893,24211.25,13965.0,13899.375
1713893,24211.25,13965.0,13899.375
1713904,17985.625,18252.5,13444.375
1713904,17985.625,18252.5,13444.375
1713914,12236.875,13168.75,15255.625
1713914,12236.875,13168.75,15255.625
1713924,11151.875,1513.75,13531.875
1713924,11151.875,1513.75,13531.875
1713935,1955.625,-1168.125,13221.25
1713935,1955.625,-1168.125,13221.25
1713945,-2463.125,2060.625,10036.25
1713945,-2463.125,2060.625,10036.25
1713955,3570.0,1439.375,4668.125
1713955,3570.0,1439.375,4668.125
1713966,9730.0,-4156.25,6282.5
1713966,9730.0,-4156.25,6282.5
1713976,7358.75,-9948.75,2699.375
1713976,7358.75,-9948.75,2699.375
1713986,1378.125,-11878.125,1163.75
1713986,1378.125,-11878.125,1163.75
1713997,660.625,-14590.625,-669.375
1713997,660.625,-14590.625,-669.375
1714007,-1675.625,-14179.375,-1710.625
1714007,-1675.625,-14179.375,-1710.625
1714017,-8465.625,-7529.375,-3005.625
1714017,-8465.625,-7529.375,-3005.625
1714028,-12031.25,-354.375,-7770.0
1714028,-12031.25,-354.375,-7770.0
1714038,-10793.125,3968.125,-9148.125
1714038,-10793.125,3968.125,-9148.125
1714048,-9073.75,4011.875,-10276.875
1714048,-9073.75,4011.875,-10276.875
1714059,-8715.0,10478.125,-15837.5
1714059,-8715.0,10478.125,-15837.5
1714069,-12000.625,18672.5,-16393.125
1714069,-12000.625,18672.5,-16393.125
1714079,-7450.625,19661.25,-14818.125
1714079,-7450.625,19661.25,-14818.125
1714090,-4523.75,23016.875,-16996.875
1714090,-4523.75,23016.875,-16996.875
1714100,-14030.625,26236.875,-13785.625
1714100,-14030.625,26236.875,-13785.625
1714110,-13475.0,26035.625,-15181.25
1714110,-13475.0,26035.625,-15181.25
1714120,-3657.5,28993.125,-16861.25
1714120,-3657.5,28993.125,-16861.25
1714130,3845.625,24626.875,-16751.875
1714130,3845.625,24626.875,-16751.875
1714141,4081.875,16611.875,-21236.25
1714141,4081.875,16611.875,-21236.25
1714151,11099.375,5241.25,-17841.25
1714151,11099.375,5241.25,-17841.25
1714162,19591.25,-1028.125,-19897.5
1714162,19591.25,-1028.125,-19897.5
1714172,11935.0,6759.375,-13947.5
1714172,11935.0,6759.375,-13947.5
1714183,13488.125,3705.625,-8150.625
1714183,13488.125,3705.625,-8150.625
1714193,13781.25,-2585.625,-6479.375
1714193,13781.25,-2585.625,-6479.375
1714203,2835.0,-14148.75,3920.0
1714203,2835.0,-14148.75,3920.0
1714213,577.5,-21498.75,11843.125
1714213,577.5,-21498.75,11843.125
1714224,4585.0,-20776.875,13803.125
1714224,4585.0,-20776.875,13803.125
1714234,6746.25,-23607.5,16966.25
1714234,6746.25,-23607.5,16966.25
1714244,5884.375,-18987.5,20978.125
1714244,5884.375,-18987.5,20978.125
1714255,7774.375,-9406.25,18169.375
1714255,7774.375,-9406.25,18169.375
1714265,9327.5,3110.625,16086.875
1714265,9327.5,3110.625,16086.875
1714276,16043.125,3871.875,13645.625
1714276,16043.125,3871.875,13645.625
1714286,15610.0,6851.25,12464.375
1714286,15610.0,6851.25,12464.375
1714296,10561.25,5648.125,17504.375
1714296,10561.25,5648.125,17504.375
1714306,10823.75,-4309.375,16922.5
1714306,10823.75,-4309.375,16922.5
1714317,5009.375,-12337.5,18497.5
1714317,5009.375,-12337.5,18497.5
1714327,-1684.375,-18768.75,17171.875
1714327,-1684.375,-18768.75,17171.875
1714337,-2183.125,-21275.625,12831.875
1714337,-2183.125,-21275.625,12831.875
1714348,1798.125,-20085.625,13037.5
1714348,1798.125,-20085.625,13037.5
1714358,6291.25,-18046.875,10880.625
1714358,6291.25,-18046.875,10880.625
1714368,4046.875,-18843.125,3928.75
1714368,4046.875,-18843.125,3928.75
1714379,-2463.125,-18121.25,468.125
1714379,-2463.125,-18121.25,468.125
1714389,-3771.25,-13720.0,-2703.75
1714389,-3771.25,-13720.0,-2703.75
1714399,-4318.125,-6129.375,-7936.25
1714399,-4318.125,-6129.375,-7936.25
1714409,-6282.5,2996.875,-11567.5
1714409,-6282.5,2996.875,-11567.5
1714420,-1583.75,9060.625,-16940.0
1714420,-1583.75,9060.625,-16940.0
1714430,-2187.5,14485.625,-17228.75
1714430,-2187.5,14485.625,-17228.75
1714440,-6685.0,9471.875,-16817.5
1714440,-6685.0,9471.875,-16817.5
1714451,-10950.625,12315.625,-19048.75
1714451,-10950.625,12315.625,-19048.75
1714461,-10101.875,14511.875,-15605.625
1714461,-10101.875,14511.875,-15605.625
1714471,-4873.75,17631.25,-16200.625
1714471,-4873.75,17631.25,-16200.625
1714482,-11379.375,23677.5,-14752.5
1714482,-11379.375,23677.5,-14752.5
1714492,-16646.875,23695.0,-14328.125
1714492,-16646.875,23695.0,-14328.125
1714502,-10836.875,24443.125,-15487.5
1714502,-10836.875,24443.125,-15487.5
1714513,-4217.5,27278.125,-13300.0
1714513,-4217.5,27278.125,-13300.0
1714523,1360.625,18900.0,-14958.125
1714523,1360.625,18900.0,-14958.125
1714533,8636.25,9489.375,-16734.375
1714533,8636.25,9489.375,-16734.375
1714544,10399.375,6488.125,-17185.0
1714544,10399.375,6488.125,-17185.0
1714553,15036.875,11790.625,-10933.125
1714553,15036.875,11790.625,-10933.125
1714564,26079.375,15120.0,-13545.0
1714564,26079.375,15120.0,-13545.0
1714575,19188.75,13286.875,-12512.5
1714575,19188.75,13286.875,-12512.5
1714585,8592.5,1995.0,-1098.125
1714585,8592.5,1995.0,-1098.125
1714595,11379.375,-12398.75,4020.625
1714595,11379.375,-12398.75,4020.625
1714605,8133.125,-20925.625,10058.125
1714605,8133.125,-20925.625,10058.125
1714616,1448.125,-19998.125,17093.125
1714616,1448.125,-19998.125,17093.125
1714626,3810.625,-18650.625,19560.625
1714626,3810.625,-18650.625,19560.625
1714636,7756.875,-14721.875,19538.75
1714636,7756.875,-14721.875,19538.75
1714646,10075.625,-6002.5,21118.125
1714646,10075.625,-6002.5,21118.125
1714657,11821.25,3154.375,17871.875
1714657,11821.25,3154.375,17871.875
1714667,15356.25,5328.75,16095.625
1714667,15356.25,5328.75,16095.625
1714678,16878.75,6912.5,15102.5
1714678,16878.75,6912.5,15102.5
1714688,11003.125,7735.0,17963.75
1714688,11003.125,7735.0,17963.75
1714699,9222.5,1172.5,18825.625
1714699,9222.5,1172.5,18825.625
1714709,5547.5,-1968.75,20706.875
1714709,5547.5,-1968.75,20706.875
1714719,1176.875,-8225.0,16835.0
1714719,1176.875,-8225.0,16835.0
