1702586,-2480.625,-12967.5,5018.125
1702586,-2480.625,-12967.5,5018.125
1702595,-2795.625,-13177.5,4344.375
1702595,-2795.625,-13177.5,4344.375
1702606,-2830.625,-15080.625,4060.0
1702606,-2830.625,-15080.625,4060.0
1702616,-1605.625,-15955.625,3736.25
1702616,-1605.625,-15955.625,3736.25
1702627,-3180.625,-17906.875,4668.125
1702627,-3180.625,-17906.875,4668.125
1702637,-4585.0,-22382.5,6978.125
1702637,-4585.0,-22382.5,6978.125
1702647,-5053.125,-25913.125,11943.75
1702647,-5053.125,-25913.125,11943.75
1702658,-7253.75,-29028.125,18751.25
1702658,-7253.75,-29028.125,18751.25
1702668,-7914.375,-31574.375,20050.625
1702668,-7914.375,-31574.375,20050.625
1702678,-17762.5,-38276.875,21966.875
1702678,-17762.5,-38276.875,21966.875
1702688,-13339.375,-40446.875,27965.0
1702688,-13339.375,-40446.875,27965.0
1702698,-14126.875,-39895.625,31731.875
1702698,-14126.875,-39895.625,31731.875
1702709,-21910.0,-47565.0,33604.375
1702709,-21910.0,-47565.0,33604.375
1702719,-27628.125,-51423.75,36001.875
1702719,-27628.125,-51423.75,36001.875
1702730,-17701.25,-46711.875,19967.5
1702730,-17701.25,-46711.875,19967.5
1702740,10495.625,-14380.625,7516.25
1702740,10495.625,-14380.625,7516.25
1702750,6391.875,-23086.875,23113.125
1702750,6391.875,-23086.875,23113.125
1702760,-7770.0,-57190.0,21249.375
1702760,-7770.0,-57190.0,21249.375
1702771,-16388.75,-64780.625,22618.75
1702771,-16388.75,-64780.625,22618.75
1702782,-10101.875,-57242.5,18221.875
1702782,-10101.875,-57242.5,18221.875
1702792,336.875,-50500.625,16520.0
1702792,336.875,-50500.625,16520.0
1702802,16047.5,-56323.75,9607.5
1702802,16047.5,-56323.75,9607.5
1702812,5140.625,-55623.75,-704.375
1702812,5140.625,-55623.75,-704.375
1702822,-49805.0,-49030.625,10250.625
1702822,-49805.0,-49030.625,10250.625
1702833,-47656.875,-48068.125,10521.875
1702833,-47656.875,-48068.125,10521.875
1702843,-17543.75,-39786.25,6510.0
1702843,-17543.75,-39786.25,6510.0
1702854,-26215.0,-34216.875,9043.125
1702854,-26215.0,-34216.875,9043.125
1702864,-45066.875,-49017.5,9738.75
1702864,-45066.875,-49017.5,9738.75
1702874,-43828.75,-54481.875,17364.375
1702874,-43828.75,-54481.875,17364.375
1702884,-53611.25,-49555.625,17718.75
1702884,-53611.25,-49555.625,17718.75
1702895,-61595.625,-51130.625,3115.0
1702895,-61595.625,-51130.625,3115.0
1702904,-72423.75,-51275.0,1325.625
1702904,-72423.75,-51275.0,1325.625
1702915,-105420.0,-59670.625,1421.875
1702915,-105420.0,-59670.625,1421.875
1702926,-104173.125,-53431.875,1382.5
1702926,-104173.125,-53431.875,1382.5
1702937,-100065.0,-49774.375,1032.5
1702937,-100065.0,-49774.375,1032.5
1702946,-120798.125,-56363.125,11620.0
1702946,-120798.125,-56363.125,11620.0
1702957,-143360.0,-85015.0,15120.0
1702957,-143360.0,-85015.0,15120.0
1702967,-143360.0,-121756.25,13597.5
1702967,-143360.0,-121756.25,13597.5
1702977,-142874.375,-130431.875,14673.75
1702977,-142874.375,-130431.875,14673.75
1702988,-143360.0,-121240.0,16769.375
1702988,-143360.0,-121240.0,16769.375
1702998,-143360.0,-118317.5,15063.125
1702998,-143360.0,-118317.5,15063.125
1703008,-143351.25,-131175.625,30152.5
1703008,-143351.25,-131175.625,30152.5
1703019,-143360.0,-143355.625,75061.875
1703019,-143360.0,-143355.625,75061.875
1703029,-143360.0,-143355.625,127452.5
1703029,-143360.0,-143355.625,127452.5
1703039,-143360.0,-143093.125,130414.375
1703039,-143360.0,-143093.125,130414.375
1703050,-143360.0,-142196.25,142541.875
1703050,-143360.0,-142196.25,142541.875
1703060,-143360.0,-118422.5,-143360.0
1703060,-143360.0,-118422.5,-143360.0
1703070,-143360.0,-86756.25,143158.75
1703070,-143360.0,-86756.25,143158.75
1703080,-143360.0,-73185.0,143311.875
1703080,-143360.0,-73185.0,143311.875
1703092,-143360.0,-83680.625,-143360.0
1703092,-143360.0,-83680.625,-143360.0
1703101,-143360.0,-105695.625,143355.625
1703101,-143360.0,-105695.625,143355.625
1703111,-143360.0,-113631.875,-143360.0
1703111,-143360.0,-113631.875,-143360.0
1703122,-143360.0,-101950.625,-143360.0
1703122,-143360.0,-101950.625,-143360.0
1703132,-143360.0,-88357.5,-143360.0
1703132,-143360.0,-88357.5,-143360.0
1703142,-143360.0,-85741.25,-143360.0
1703142,-143360.0,-85741.25,-143360.0
1703153,-143360.0,-87421.25,-143360.0
1703153,-143360.0,-87421.25,-143360.0
1703163,-143360.0,-85404.375,-143360.0
1703163,-143360.0,-85404.375,-143360.0
1703173,-141312.5,-79992.5,-143360.0
1703173,-141312.5,-79992.5,-143360.0
1703184,-132168.75,-79336.25,-143360.0
1703184,-132168.75,-79336.25,-143360.0
1703194,-120417.5,-80316.25,-143360.0
1703194,-120417.5,-80316.25,-143360.0
1703204,-108193.75,-80841.25,-143360.0
1703204,-108193.75,-80841.25,-143360.0
1703215,-92828.75,-82971.875,-143360.0
1703215,-92828.75,-82971.875,-143360.0
1703225,-78605.625,-83908.125,-143360.0
1703225,-78605.625,-83908.125,-143360.0
1703235,-66788.75,-88506.25,-143360.0
1703235,-66788.75,-88506.25,-143360.0
1703246,-58393.125,-94806.25,-143360.0
1703246,-58393.125,-94806.25,-143360.0
1703256,-64211.875,-99255.625,-143360.0
1703256,-64211.875,-99255.625,-143360.0
1703266,-70083.125,-104549.375,143115.0
1703266,-70083.125,-104549.375,143115.0
1703277,-68407.5,-108097.5,131241.25
1703277,-68407.5,-108097.5,131241.25
1703286,-67116.875,-102313.75,106054.375
1703286,-67116.875,-102313.75,106054.375
1703297,-64903.125,-87364.375,85299.375
1703297,-64903.125,-87364.375,85299.375
1703306,-57636.25,-68333.125,62956.25
1703306,-57636.25,-68333.125,62956.25
1703318,-48724.375,-46781.875,40827.5
1703318,-48724.375,-46781.875,40827.5
1703328,-37371.25,-25025.0,26018.125
1703328,-37371.25,-25025.0,26018.125
1703338,-19236.875,-6426.875,14358.75
1703338,-19236.875,-6426.875,14358.75
1703349,-3106.25,7109.375,787.5
1703349,-3106.25,7109.375,787.5
1703359,1995.0,16305.625,-11011.875
1703359,1995.0,16305.625,-11011.875
1703369,-1693.125,22456.875,-15960.0
1703369,-1693.125,22456.875,-15960.0
1703380,-5551.875,23226.875,-15421.875
1703380,-5551.875,23226.875,-15421.875
1703390,-9489.375,20960.625,-15898.75
1703390,-9489.375,20960.625,-15898.75
1703400,-14988.75,16957.5,-16463.125
1703400,-14988.75,16957.5,-16463.125
1703411,-18690.0,12175.625,-19066.25
1703411,-18690.0,12175.625,-19066.25
1703421,-17749.375,8964.375,-24845.625
1703421,-17749.375,8964.375,-24845.625
1703431,-12053.125,11305.0,-31675.0
1703431,-12053.125,11305.0,-31675.0
1703441,-682.5,18707.5,-40779.375
1703441,-682.5,18707.5,-40779.375
1703452,9699.375,28175.0,-48986.875
1703452,9699.375,28175.0,-48986.875
1703462,15150.625,35756.875,-51283.75
1703462,15150.625,35756.875,-51283.75
1703473,22986.25,36618.75,-49459.375
1703473,22986.25,36618.75,-49459.375
1703483,26971.875,33495.0,-45618.125
1703483,26971.875,33495.0,-45618.125
1703493,19818.75,29281.875,-31399.375
1703493,19818.75,29281.875,-31399.375
1703503,10198.125,32790.625,-4007.5
1703503,10198.125,32790.625,-4007.5
1703513,26731.25,47337.5,19740.0
1703513,26731.25,47337.5,19740.0
1703524,54328.75,62120.625,6903.75
1703524,54328.75,62120.625,6903.75
1703534,46580.625,63126.875,-10211.25
1703534,46580.625,63126.875,-10211.25
1703545,23716.875,50627.5,-11095.0
1703545,23716.875,50627.5,-11095.0
1703555,25729.375,41203.75,-9393.125
1703555,25729.375,41203.75,-9393.125
1703565,42748.125,37537.5,-9318.75
1703565,42748.125,37537.5,-9318.75
1703576,46952.5,28214.375,-9428.125
1703576,46952.5,28214.375,-9428.125
1703586,35735.0,13483.75,-5005.0
1703586,35735.0,13483.75,-5005.0
1703596,18138.75,3845.625,-1579.375
1703596,18138.75,3845.625,-1579.375
1703607,7323.75,-5083.75,-1802.5
1703607,7323.75,-5083.75,-1802.5
1703617,9305.625,-8990.625,-2441.25
1703617,9305.625,-8990.625,-2441.25
1703627,9410.625,-905.625,-5228.125
1703627,9410.625,-905.625,-5228.125
1703638,7008.75,2384.375,-6138.125
1703638,7008.75,2384.375,-6138.125
1703648,12779.375,5788.125,-11515.0
1703648,12779.375,5788.125,-11515.0
1703658,11108.125,13348.125,-14135.625
1703658,11108.125,13348.125,-14135.625
1703669,7319.375,16231.25,-11711.875
1703669,7319.375,16231.25,-11711.875
1703679,10045.0,19105.625,-9100.0
1703679,10045.0,19105.625,-9100.0
1703689,18278.75,21341.25,-7756.875
1703689,18278.75,21341.25,-7756.875
1703700,25265.625,23235.625,-10465.0
1703700,25265.625,23235.625,-10465.0
1703710,22150.625,35813.75,-10513.125
1703710,22150.625,35813.75,-10513.125
1703720,19166.875,41868.75,-7870.625
1703720,19166.875,41868.75,-7870.625
1703730,29820.0,31683.75,-4256.875
1703730,29820.0,31683.75,-4256.875
1703741,33534.375,25016.25,-4475.625
1703741,33534.375,25016.25,-4475.625
1703751,16730.0,28796.25,-5499.375
1703751,16730.0,28796.25,-5499.375
1703761,5215.0,29343.125,-1723.75
1703761,5215.0,29343.125,-1723.75
1703772,21870.625,9515.625,1929.375
1703772,21870.625,9515.625,1929.375
1703782,27094.375,-8605.625,2905.0
1703782,27094.375,-8605.625,2905.0
1703793,205.625,-21000.0,13383.125
1703793,205.625,-21000.0,13383.125
1703802,-6396.25,-45810.625,21647.5
1703802,-6396.25,-45810.625,21647.5
1703813,336.875,-62444.375,17893.75
1703813,336.875,-62444.375,17893.75
1703823,-6916.875,-64050.0,20527.5
1703823,-6916.875,-64050.0,20527.5
1703834,-4690.0,-72454.375,16117.5
1703834,-4690.0,-72454.375,16117.5
1703844,-166.25,-65108.75,7157.5
1703844,-166.25,-65108.75,7157.5
1703854,-9279.375,-35520.625,5096.875
1703854,-9279.375,-35520.625,5096.875
1703865,-3036.25,-11773.125,651.875
1703865,-3036.25,-11773.125,651.875
1703875,6488.125,-2852.5,-8400.0
1703875,6488.125,-2852.5,-8400.0
1703885,3543.75,2235.625,-7087.5
1703885,3543.75,2235.625,-7087.5
1703896,-3325.0,13903.75,-11488.75
1703896,-3325.0,13903.75,-11488.75
1703906,-15286.25,27864.375,-6711.25
1703906,-15286.25,27864.375,-6711.25
1703916,-8561.875,31206.875,-9988.125
1703916,-8561.875,31206.875,-9988.125
1703926,-6601.875,31486.875,-11742.5
1703926,-6601.875,31486.875,-11742.5
1703937,-8798.125,38014.375,-4725.0
1703937,-8798.125,38014.375,-4725.0
1703947,7354.375,42599.375,-4165.0
1703947,7354.375,42599.375,-4165.0
1703957,16533.125,44800.0,-3670.625
1703957,16533.125,44800.0,-3670.625
1703968,15544.375,39641.875,1986.25
1703968,15544.375,39641.875,1986.25
1703978,24364.375,31548.125,-332.5
1703978,24364.375,31548.125,-332.5
1703989,37861.25,32698.75,2629.375
1703989,37861.25,32698.75,2629.375
1703999,46204.375,30603.125,-581.875
1703999,46204.375,30603.125,-581.875
1704009,39685.625,20925.625,-5131.875
1704009,39685.625,20925.625,-5131.875
1704020,28363.125,11768.75,-3154.375
1704020,28363.125,11768.75,-3154.375
1704029,25694.375,1369.375,-253.75
1704029,25694.375,1369.375,-253.75
1704040,22172.5,-6829.375,3478.125
1704040,22172.5,-6829.375,3478.125
1704050,10841.25,-11926.25,9808.75
1704050,10841.25,-11926.25,9808.75
1704061,2016.875,-13938.75,15443.75
1704061,2016.875,-13938.75,15443.75
1704071,-542.5,-16944.375,18449.375
1704071,-542.5,-16944.375,18449.375
1704081,-1710.625,-20374.375,19468.75
1704081,-1710.625,-20374.375,19468.75
1704091,-2817.5,-19385.625,18655.0
1704091,-2817.5,-19385.625,18655.0
1704103,-3797.5,-13221.25,14665.0
1704103,-3797.5,-13221.25,14665.0
1704112,-6431.25,691.25,12748.75
1704112,-6431.25,691.25,12748.75
1704123,-4073.125,8758.75,12407.5
1704123,-4073.125,8758.75,12407.5
1704133,6335.0,7752.5,14223.125
1704133,6335.0,7752.5,14223.125
1704144,11335.625,56.875,19420.625
1704144,11335.625,56.875,19420.625
1704153,4318.125,-11851.875,15951.25
1704153,4318.125,-11851.875,15951.25
1704164,-16498.125,-3583.125,15885.625
1704164,-16498.125,-3583.125,15885.625
1704173,-15671.25,-5608.75,17049.375
1704173,-15671.25,-5608.75,17049.375
1704185,-2883.125,-2611.875,11156.25
1704185,-2883.125,-2611.875,11156.25
1704195,1531.25,-1824.375,23034.375
1704195,1531.25,-1824.375,23034.375
1704205,11099.375,-12328.75,22531.25
1704205,11099.375,-12328.75,22531.25
1704215,12521.25,-8872.5,23021.25
1704215,12521.25,-8872.5,23021.25
1704226,9401.875,-2450.0,18029.375
1704226,9401.875,-2450.0,18029.375
1704236,9450.0,643.125,10329.375
1704236,9450.0,643.125,10329.375
1704246,5556.25,-30.625,3206.875
1704246,5556.25,-30.625,3206.875
1704257,-3933.125,1220.625,-1137.5
1704257,-3933.125,1220.625,-1137.5
1704267,-11554.375,9205.0,-4033.75
1704267,-11554.375,9205.0,-4033.75
1704277,-12446.875,15951.25,-9585.625
1704277,-12446.875,15951.25,-9585.625
1704288,-15767.5,21078.75,-14980.0
1704288,-15767.5,21078.75,-14980.0
1704299,-17631.25,16620.625,-13317.5
1704299,-17631.25,16620.625,-13317.5
1704308,-11856.25,16813.125,-24255.0
1704308,-11856.25,16813.125,-24255.0
1704319,-25515.0,24491.25,-16961.875
1704319,-25515.0,24491.25,-16961.875
1704329,-19726.875,6960.625,-23244.375
1704329,-19726.875,6960.625,-23244.375
1704340,-19145.0,3508.75,-30423.75
1704340,-19145.0,3508.75,-30423.75
1704350,-23651.25,6558.125,-16471.875
1704350,-23651.25,6558.125,-16471.875
1704360,-14507.5,14520.625,-13571.25
1704360,-14507.5,14520.625,-13571.25
1704370,-11510.625,11996.25,-16778.125
1704370,-11510.625,11996.25,-16778.125
1704380,-18900.0,11401.25,-16296.875
1704380,-18900.0,11401.25,-16296.875
1704391,-9292.5,6190.625,-9393.125
1704391,-9292.5,6190.625,-9393.125
1704401,12810.0,-4025.0,-13558.125
1704401,12810.0,-4025.0,-13558.125
1704411,3920.0,-5753.125,-12805.625
1704411,3920.0,-5753.125,-12805.625
1704422,-1277.5,-12788.125,-2786.875
1704422,-1277.5,-12788.125,-2786.875
1704432,8754.375,-10530.625,-2253.125
1704432,8754.375,-10530.625,-2253.125
1704442,10180.625,-13076.875,910.0
1704442,10180.625,-13076.875,910.0
1704453,3259.375,-13295.625,7319.375
1704453,3259.375,-13295.625,7319.375
1704463,-2445.625,-9463.125,9642.5
1704463,-2445.625,-9463.125,9642.5
1704473,-2025.625,-7056.875,11033.75
1704473,-2025.625,-7056.875,11033.75
1704484,2686.25,-3434.375,13461.875
1704484,2686.25,-3434.375,13461.875
1704494,8662.5,-3985.625,15268.75
1704494,8662.5,-3985.625,15268.75
1704504,10478.125,-3749.375,14822.5
1704504,10478.125,-3749.375,14822.5
1704515,11458.125,-2555.0,13116.25
1704515,11458.125,-2555.0,13116.25
1704525,14533.75,3058.125,13251.875
1704525,14533.75,3058.125,13251.875
1704535,21472.5,4414.375,7984.375
1704535,21472.5,4414.375,7984.375
1704546,13685.0,21420.0,7936.25
1704546,13685.0,21420.0,7936.25
1704556,12018.125,22264.375,8194.375
1704556,12018.125,22264.375,8194.375
1704566,20868.75,13807.5,7721.875
1704566,20868.75,13807.5,7721.875
1704577,25235.0,-595.0,8295.0
1704577,25235.0,-595.0,8295.0
1704587,13733.125,-634.375,2690.625
1704587,13733.125,-634.375,2690.625
1704597,-9406.25,11475.625,8176.875
1704597,-9406.25,11475.625,8176.875
1704608,1343.125,-2677.5,7927.5
1704608,1343.125,-2677.5,7927.5
1704618,15242.5,-9603.125,-4217.5
1704618,15242.5,-9603.125,-4217.5
1704628,1478.75,-21870.625,3062.5
1704628,1478.75,-21870.625,3062.5
1704638,-9988.125,-44992.5,5827.5
1704638,-9988.125,-44992.5,5827.5
1704649,-17946.25,-46646.25,2821.875
1704649,-17946.25,-46646.25,2821.875
1704659,-21656.25,-43509.375,1448.125
1704659,-21656.25,-43509.375,1448.125
1704669,-19455.625,-37419.375,-2826.25
1704669,-19455.625,-37419.375,-2826.25
1704680,-18821.25,-22890.0,-6335.0
1704680,-18821.25,-22890.0,-6335.0
1704690,-13575.625,-12206.25,-10552.5
1704690,-13575.625,-12206.25,-10552.5
1704700,-12910.625,-1115.625,-15837.5
1704700,-12910.625,-1115.625,-15837.5
1704711,-21949.375,11847.5,-15036.875
1704711,-21949.375,11847.5,-15036.875
1704721,-11921.875,13641.25,-15960.0
1704721,-11921.875,13641.25,-15960.0
1704731,-6059.375,13387.5,-20632.5
1704731,-6059.375,13387.5,-20632.5
1704742,-15321.25,11991.875,-13230.0
1704742,-15321.25,11991.875,-13230.0
1704752,-12048.75,18392.5,-13186.25
1704752,-12048.75,18392.5,-13186.25
1704762,-8483.125,23047.5,-14306.25
1704762,-8483.125,23047.5,-14306.25
1704773,-8050.0,18431.875,-13965.0
1704773,-8050.0,18431.875,-13965.0
1704783,-10517.5,18506.25,-13781.25
1704783,-10517.5,18506.25,-13781.25
1704793,-673.75,12442.5,-11081.875
1704793,-673.75,12442.5,-11081.875
1704804,12779.375,7717.5,-14691.25
1704804,12779.375,7717.5,-14691.25
1704814,10189.375,-1155.0,-13470.625
1704814,10189.375,-1155.0,-13470.625
1704824,7196.875,-7678.125,-10088.75
1704824,7196.875,-7678.125,-10088.75
1704834,11348.75,-7787.5,-8623.125
1704834,11348.75,-7787.5,-8623.125
1704845,14428.75,-8785.0,-5420.625
1704845,14428.75,-8785.0,-5420.625
1704855,11396.875,-10241.875,-1391.25
1704855,11396.875,-10241.875,-1391.25
1704865,7630.0,-10180.625,1911.875
1704865,7630.0,-10180.625,1911.875
1704876,4208.75,-8964.375,4768.75
1704876,4208.75,-8964.375,4768.75
1704886,2213.75,-8658.125,8404.375
1704886,2213.75,-8658.125,8404.375
1704896,3893.75,-11913.125,9305.625
1704896,3893.75,-11913.125,9305.625
1704906,5013.75,-15605.625,9743.125
1704906,5013.75,-15605.625,9743.125
1704917,2957.5,-12613.125,11694.375
1704917,2957.5,-12613.125,11694.375
1704927,5429.375,-7135.625,12495.0
1704927,5429.375,-7135.625,12495.0
1704938,7236.25,2848.125,11795.0
1704938,7236.25,2848.125,11795.0
1704948,4961.25,6566.875,12586.875
1704948,4961.25,6566.875,12586.875
1704958,9948.75,1378.125,12796.875
1704958,9948.75,1378.125,12796.875
1704969,15820.0,3246.25,15666.875
1704969,15820.0,3246.25,15666.875
1704979,19989.375,-1487.5,16384.375
1704979,19989.375,-1487.5,16384.375
1704989,12958.75,-385.0,10548.125
1704989,12958.75,-385.0,10548.125
1705000,-2139.375,2821.875,15452.5
1705000,-2139.375,2821.875,15452.5
1705010,8181.25,-8290.625,11235.0
1705010,8181.25,-8290.625,11235.0
1705020,19941.25,-4536.875,6466.25
1705020,19941.25,-4536.875,6466.25
1705031,15557.5,-13006.875,7660.625
1705031,15557.5,-13006.875,7660.625
1705041,6610.625,-27864.375,3224.375
1705041,6610.625,-27864.375,3224.375
1705051,-3058.125,-21205.625,3797.5
1705051,-3058.125,-21205.625,3797.5
1705061,13.125,-20028.75,3128.125
1705061,13.125,-20028.75,3128.125
1705072,8522.5,-22028.125,-1443.75
1705072,8522.5,-22028.125,-1443.75
1705082,1964.375,-15728.125,-5906.25
1705082,1964.375,-15728.125,-5906.25
1705092,-14568.75,-148.75,-4396.875
1705092,-14568.75,-148.75,-4396.875
1705103,-9839.375,10451.875,-7266.875
1705103,-9839.375,10451.875,-7266.875
1705113,-927.5,17447.5,-14441.875
1705113,-927.5,17447.5,-14441.875
1705123,-7188.125,18108.125,-15697.5
1705123,-7188.125,18108.125,-15697.5
1705134,-12254.375,20930.0,-15010.625
1705134,-12254.375,20930.0,-15010.625
1705144,-5280.625,25703.125,-14848.75
1705144,-5280.625,25703.125,-14848.75
1705154,3889.375,25160.625,-14931.875
1705154,3889.375,25160.625,-14931.875
1705165,5792.5,19433.75,-14017.5
1705165,5792.5,19433.75,-14017.5
1705175,4655.0,13230.0,-11698.75
1705175,4655.0,13230.0,-11698.75
1705185,5547.5,10259.375,-8631.875
1705185,5547.5,10259.375,-8631.875
1705196,6606.25,8054.375,-5381.25
1705196,6606.25,8054.375,-5381.25
1705206,5302.5,6619.375,-3508.75
1705206,5302.5,6619.375,-3508.75
1705216,3342.5,4755.625,-1649.375
1705216,3342.5,4755.625,-1649.375
1705227,2690.625,3259.375,-135.625
1705227,2690.625,3259.375,-135.625
1705237,1841.875,2117.5,1356.25
1705237,1841.875,2117.5,1356.25
1705247,625.625,-494.375,3381.875
1705247,625.625,-494.375,3381.875
1705257,1106.875,-2712.5,5560.625
1705257,1106.875,-2712.5,5560.625
1705268,2445.625,-4668.125,7140.0
1705268,2445.625,-4668.125,7140.0
1705278,2345.0,-7179.375,8583.75
1705278,2345.0,-7179.375,8583.75
1705289,2498.125,-9073.75,9380.0
1705289,2498.125,-9073.75,9380.0
1705299,1666.875,-9030.0,8986.25
1705299,1666.875,-9030.0,8986.25
1705309,-280.0,-9336.25,9458.75
1705309,-280.0,-9336.25,9458.75
1705319,-1251.25,-8938.125,9458.75
1705319,-1251.25,-8938.125,9458.75
1705330,-1750.0,-6562.5,8793.75
1705330,-1750.0,-6562.5,8793.75
1705340,-249.375,-4746.875,8260.0
1705340,-249.375,-4746.875,8260.0
1705351,1815.625,-1435.0,6851.25
1705351,1815.625,-1435.0,6851.25
1705361,2918.125,1474.375,5871.25
1705361,2918.125,1474.375,5871.25
1705371,3399.375,2992.5,4795.0
1705371,3399.375,2992.5,4795.0
1705381,2148.125,3486.875,3692.5
1705381,2148.125,3486.875,3692.5
1705392,1706.25,3521.875,2970.625
1705392,1706.25,3521.875,2970.625
1705402,2156.875,5508.125,1487.5
1705402,2156.875,5508.125,1487.5
1705412,2896.25,8242.5,319.375
1705412,2896.25,8242.5,319.375
1705423,3403.75,11208.75,-1876.875
1705423,3403.75,11208.75,-1876.875
1705433,2791.25,13514.375,-3758.125
1705433,2791.25,13514.375,-3758.125
1705443,3093.125,14752.5,-5022.5
1705443,3093.125,14752.5,-5022.5
1705454,3460.625,15942.5,-5932.5
1705454,3460.625,15942.5,-5932.5
1705464,3797.5,16393.125,-6496.875
1705464,3797.5,16393.125,-6496.875
1705474,4410.0,16095.625,-6864.375
1705474,4410.0,16095.625,-6864.375
1705485,4550.0,15207.5,-7581.875
1705485,4550.0,15207.5,-7581.875
1705495,4291.875,15251.25,-8649.375
1705495,4291.875,15251.25,-8649.375
1705506,5595.625,17290.0,-10364.375
1705506,5595.625,17290.0,-10364.375
1705515,7993.125,20693.75,-12866.875
1705515,7993.125,20693.75,-12866.875
1705526,11213.125,22553.125,-15719.375
1705526,11213.125,22553.125,-15719.375
1705536,14555.625,24535.0,-19315.625
1705536,14555.625,24535.0,-19315.625
1705547,18305.0,27317.5,-22452.5
1705547,18305.0,27317.5,-22452.5
1705557,24403.75,27531.875,-24924.375
1705557,24403.75,27531.875,-24924.375
1705567,29054.375,26088.125,-26193.125
1705567,29054.375,26088.125,-26193.125
1705576,32261.25,26569.375,-26403.125
1705576,32261.25,26569.375,-26403.125
1705588,35949.375,24478.125,-28393.75
1705588,35949.375,24478.125,-28393.75
1705598,34059.375,22124.375,-27698.125
1705598,34059.375,22124.375,-27698.125
1705608,31346.875,18672.5,-27225.625
1705608,31346.875,18672.5,-27225.625
1705619,29837.5,16865.625,-27033.125
1705619,29837.5,16865.625,-27033.125
1705629,27387.5,16953.125,-25843.125
1705629,27387.5,16953.125,-25843.125
1705639,27475.0,14822.5,-24202.5
1705639,27475.0,14822.5,-24202.5
1705650,29316.875,14030.625,-23909.375
1705650,29316.875,14030.625,-23909.375
1705660,31119.375,13580.0,-24933.125
1705660,31119.375,13580.0,-24933.125
