1710234,-304.6875,679.6875,679.6875,-70.3125,-734.375,703.125,156.25,-968.75,242.1875,414.0625,-898.4375,23.4375,492.1875,-828.125,289.0625
1710234,-304.6875,679.6875,679.6875,-70.3125,-734.375,703.125,156.25,-968.75,242.1875,414.0625,-898.4375,23.4375,492.1875,-828.125,289.0625
1710234,-304.6875,679.6875,687.5,-85.9375,-742.1875,710.9375,156.25,-984.375,242.1875,484.375,-898.4375,54.6875,500.0,-812.5,304.6875
1710234,-304.6875,679.6875,687.5,-85.9375,-742.1875,710.9375,156.25,-984.375,242.1875,484.375,-898.4375,54.6875,500.0,-812.5,304.6875
1710242,-304.6875,679.6875,695.3125,-78.125,-750.0,703.125,171.875,-984.375,242.1875,468.75,-898.4375,31.25,507.8125,-820.3125,312.5
1710242,-304.6875,679.6875,695.3125,-78.125,-750.0,703.125,171.875,-984.375,242.1875,468.75,-898.4375,31.25,507.8125,-820.3125,312.5
1710251,-304.6875,671.875,687.5,-78.125,-750.0,703.125,164.0625,-984.375,242.1875,437.5,-914.0625,39.0625,492.1875,-835.9375,296.875
1710251,-304.6875,671.875,687.5,-78.125,-750.0,703.125,164.0625,-984.375,242.1875,437.5,-914.0625,39.0625,492.1875,-835.9375,296.875
1710395,-312.5,687.5,679.6875,-85.9375,-750.0,703.125,156.25,-984.375,250.0,453.125,-906.25,39.0625,515.625,-835.9375,304.6875
1710395,-312.5,687.5,679.6875,-85.9375,-750.0,703.125,156.25,-984.375,250.0,453.125,-906.25,39.0625,515.625,-835.9375,304.6875
1710396,-304.6875,671.875,687.5,-85.9375,-750.0,703.125,156.25,-984.375,234.375,445.3125,-906.25,39.0625,507.8125,-835.9375,296.875
1710396,-304.6875,671.875,687.5,-85.9375,-750.0,703.125,156.25,-984.375,234.375,445.3125,-906.25,39.0625,507.8125,-835.9375,296.875
1710404,-312.5,687.5,687.5,-85.9375,-742.1875,710.9375,156.25,-984.375,242.1875,453.125,-906.25,39.0625,507.8125,-828.125,296.875
1710404,-312.5,687.5,687.5,-85.9375,-742.1875,710.9375,156.25,-984.375,242.1875,453.125,-906.25,39.0625,507.8125,-828.125,296.875
1710412,-304.6875,687.5,679.6875,-85.9375,-742.1875,703.125,156.25,-984.375,242.1875,445.3125,-906.25,46.875,500.0,-820.3125,296.875
1710412,-304.6875,687.5,679.6875,-85.9375,-742.1875,703.125,156.25,-984.375,242.1875,445.3125,-906.25,46.875,500.0,-820.3125,296.875
1710557,-304.6875,679.6875,679.6875,-85.9375,-742.1875,703.125,148.4375,-976.5625,242.1875,445.3125,-898.4375,39.0625,500.0,-820.3125,304.6875
1710557,-304.6875,679.6875,679.6875,-85.9375,-742.1875,703.125,148.4375,-976.5625,242.1875,445.3125,-898.4375,39.0625,500.0,-820.3125,304.6875
1710557,-296.875,687.5,679.6875,-78.125,-742.1875,703.125,156.25,-976.5625,242.1875,445.3125,-898.4375,39.0625,500.0,-820.3125,304.6875
1710557,-296.875,687.5,679.6875,-78.125,-742.1875,703.125,156.25,-976.5625,242.1875,445.3125,-898.4375,39.0625,500.0,-820.3125,304.6875
1710565,-304.6875,679.6875,679.6875,-78.125,-742.1875,703.125,156.25,-976.5625,242.1875,445.3125,-898.4375,46.875,500.0,-828.125,304.6875
1710565,-304.6875,679.6875,679.6875,-78.125,-742.1875,703.125,156.25,-976.5625,242.1875,445.3125,-898.4375,46.875,500.0,-828.125,304.6875
1710573,-304.6875,679.6875,679.6875,-78.125,-742.1875,710.9375,156.25,-976.5625,242.1875,453.125,-898.4375,39.0625,500.0,-820.3125,304.6875
1710573,-304.6875,679.6875,679.6875,-78.125,-742.1875,710.9375,156.25,-976.5625,242.1875,453.125,-898.4375,39.0625,500.0,-820.3125,304.6875
1710638,-296.875,679.6875,687.5,-70.3125,-734.375,710.9375,164.0625,-976.5625,250.0,460.9375,-882.8125,31.25,500.0,-812.5,296.875
1710638,-296.875,679.6875,687.5,-70.3125,-734.375,710.9375,164.0625,-976.5625,250.0,460.9375,-882.8125,31.25,500.0,-812.5,296.875
1710638,-296.875,679.6875,679.6875,-78.125,-734.375,703.125,171.875,-976.5625,242.1875,460.9375,-898.4375,46.875,507.8125,-820.3125,296.875
1710638,-296.875,679.6875,679.6875,-78.125,-734.375,703.125,171.875,-976.5625,242.1875,460.9375,-898.4375,46.875,507.8125,-820.3125,296.875
1710646,-304.6875,687.5,687.5,-70.3125,-750.0,703.125,171.875,-976.5625,250.0,460.9375,-898.4375,46.875,507.8125,-812.5,312.5
1710646,-304.6875,687.5,687.5,-70.3125,-750.0,703.125,171.875,-976.5625,250.0,460.9375,-898.4375,46.875,507.8125,-812.5,312.5
1710654,-296.875,687.5,679.6875,-78.125,-742.1875,710.9375,164.0625,-968.75,250.0,468.75,-890.625,46.875,507.8125,-820.3125,304.6875
1710654,-296.875,687.5,679.6875,-78.125,-742.1875,710.9375,164.0625,-968.75,250.0,468.75,-890.625,46.875,507.8125,-820.3125,304.6875
1710799,-296.875,679.6875,679.6875,-70.3125,-734.375,710.9375,164.0625,-968.75,242.1875,453.125,-898.4375,39.0625,507.8125,-820.3125,312.5
1710799,-296.875,679.6875,679.6875,-70.3125,-734.375,710.9375,164.0625,-968.75,242.1875,453.125,-898.4375,39.0625,507.8125,-820.3125,312.5
1710799,-289.0625,679.6875,687.5,-70.3125,-734.375,703.125,171.875,-976.5625,242.1875,453.125,-890.625,46.875,507.8125,-812.5,304.6875
1710799,-289.0625,679.6875,687.5,-70.3125,-734.375,703.125,171.875,-976.5625,242.1875,453.125,-890.625,46.875,507.8125,-812.5,304.6875
1710806,-289.0625,679.6875,671.875,-70.3125,-742.1875,710.9375,164.0625,-968.75,242.1875,460.9375,-882.8125,46.875,507.8125,-812.5,312.5
1710806,-289.0625,679.6875,671.875,-70.3125,-742.1875,710.9375,164.0625,-968.75,242.1875,460.9375,-882.8125,46.875,507.8125,-812.5,312.5
1710815,-296.875,687.5,671.875,-70.3125,-734.375,703.125,164.0625,-968.75,250.0,453.125,-890.625,54.6875,500.0,-812.5,304.6875
1710815,-296.875,687.5,671.875,-70.3125,-734.375,703.125,164.0625,-968.75,250.0,453.125,-890.625,54.6875,500.0,-812.5,304.6875
1710960,-296.875,679.6875,679.6875,-70.3125,-742.1875,710.9375,164.0625,-968.75,250.0,453.125,-882.8125,39.0625,492.1875,-812.5,312.5
1710960,-296.875,679.6875,679.6875,-70.3125,-742.1875,710.9375,164.0625,-968.75,250.0,453.125,-882.8125,39.0625,492.1875,-812.5,312.5
1710960,-296.875,679.6875,679.6875,-70.3125,-742.1875,703.125,164.0625,-976.5625,250.0,453.125,-890.625,54.6875,507.8125,-804.6875,304.6875
1710960,-296.875,679.6875,679.6875,-70.3125,-742.1875,703.125,164.0625,-976.5625,250.0,453.125,-890.625,54.6875,507.8125,-804.6875,304.6875
1710968,-296.875,671.875,687.5,-70.3125,-734.375,703.125,164.0625,-976.5625,250.0,453.125,-898.4375,39.0625,500.0,-820.3125,304.6875
1710968,-296.875,671.875,687.5,-70.3125,-734.375,703.125,164.0625,-976.5625,250.0,453.125,-898.4375,39.0625,500.0,-820.3125,304.6875
1710976,-296.875,679.6875,679.6875,-78.125,-742.1875,710.9375,164.0625,-960.9375,250.0,453.125,-890.625,39.0625,507.8125,-812.5,296.875
1710976,-296.875,679.6875,679.6875,-78.125,-742.1875,710.9375,164.0625,-960.9375,250.0,453.125,-890.625,39.0625,507.8125,-812.5,296.875
1711041,-296.875,687.5,671.875,-70.3125,-734.375,710.9375,164.0625,-968.75,257.8125,453.125,-898.4375,46.875,500.0,-812.5,312.5
1711041,-296.875,687.5,671.875,-70.3125,-734.375,710.9375,164.0625,-968.75,257.8125,453.125,-898.4375,46.875,500.0,-812.5,312.5
1711041,-296.875,687.5,671.875,-70.3125,-726.5625,718.75,171.875,-968.75,242.1875,460.9375,-898.4375,39.0625,507.8125,-812.5,304.6875
1711041,-296.875,687.5,671.875,-70.3125,-726.5625,718.75,171.875,-968.75,242.1875,460.9375,-898.4375,39.0625,507.8125,-812.5,304.6875
1711049,-296.875,679.6875,687.5,-78.125,-734.375,710.9375,171.875,-968.75,242.1875,453.125,-890.625,46.875,507.8125,-820.3125,312.5
1711049,-296.875,679.6875,687.5,-78.125,-734.375,710.9375,171.875,-968.75,242.1875,453.125,-890.625,46.875,507.8125,-820.3125,312.5
1711057,-289.0625,687.5,679.6875,-70.3125,-742.1875,703.125,171.875,-968.75,257.8125,453.125,-890.625,46.875,500.0,-804.6875,304.6875
1711057,-289.0625,687.5,679.6875,-70.3125,-742.1875,703.125,171.875,-968.75,257.8125,453.125,-890.625,46.875,500.0,-804.6875,304.6875
1711202,-296.875,687.5,687.5,-78.125,-742.1875,718.75,171.875,-976.5625,257.8125,453.125,-898.4375,46.875,507.8125,-820.3125,304.6875
1711202,-296.875,687.5,687.5,-78.125,-742.1875,718.75,171.875,-976.5625,257.8125,453.125,-898.4375,46.875,507.8125,-820.3125,304.6875
1711202,-296.875,687.5,679.6875,-78.125,-742.1875,710.9375,164.0625,-976.5625,250.0,453.125,-898.4375,46.875,507.8125,-812.5,296.875
1711202,-296.875,687.5,679.6875,-78.125,-742.1875,710.9375,164.0625,-976.5625,250.0,453.125,-898.4375,46.875,507.8125,-812.5,296.875
1711210,-296.875,679.6875,679.6875,-70.3125,-742.1875,710.9375,164.0625,-976.5625,257.8125,445.3125,-890.625,46.875,507.8125,-820.3125,296.875
1711210,-296.875,679.6875,679.6875,-70.3125,-742.1875,710.9375,164.0625,-976.5625,257.8125,445.3125,-890.625,46.875,507.8125,-820.3125,296.875
1711217,-296.875,687.5,671.875,-70.3125,-742.1875,710.9375,171.875,-976.5625,250.0,453.125,-898.4375,54.6875,507.8125,-820.3125,304.6875
1711217,-296.875,687.5,671.875,-70.3125,-742.1875,710.9375,171.875,-976.5625,250.0,453.125,-898.4375,54.6875,507.8125,-820.3125,304.6875
1711362,-296.875,687.5,679.6875,-78.125,-734.375,710.9375,164.0625,-968.75,250.0,453.125,-898.4375,46.875,500.0,-804.6875,296.875
1711362,-296.875,687.5,679.6875,-78.125,-734.375,710.9375,164.0625,-968.75,250.0,453.125,-898.4375,46.875,500.0,-804.6875,296.875
1711362,-296.875,679.6875,671.875,-78.125,-734.375,718.75,164.0625,-968.75,257.8125,445.3125,-882.8125,39.0625,500.0,-820.3125,296.875
1711362,-296.875,679.6875,671.875,-78.125,-734.375,718.75,164.0625,-968.75,257.8125,445.3125,-882.8125,39.0625,500.0,-820.3125,296.875
1711371,-296.875,687.5,671.875,-78.125,-734.375,703.125,164.0625,-968.75,250.0,445.3125,-890.625,39.0625,500.0,-812.5,296.875
1711371,-296.875,687.5,671.875,-78.125,-734.375,703.125,164.0625,-968.75,250.0,445.3125,-890.625,39.0625,500.0,-812.5,296.875
1711379,-296.875,687.5,679.6875,-78.125,-734.375,710.9375,164.0625,-968.75,250.0,453.125,-890.625,39.0625,500.0,-812.5,296.875
1711379,-296.875,687.5,679.6875,-78.125,-734.375,710.9375,164.0625,-968.75,250.0,453.125,-890.625,39.0625,500.0,-812.5,296.875
1711524,-304.6875,687.5,687.5,-70.3125,-734.375,718.75,156.25,-960.9375,250.0,453.125,-898.4375,46.875,500.0,-820.3125,296.875
1711524,-304.6875,687.5,687.5,-70.3125,-734.375,718.75,156.25,-960.9375,250.0,453.125,-898.4375,46.875,500.0,-820.3125,296.875
1711524,-296.875,679.6875,679.6875,-78.125,-742.1875,703.125,164.0625,-968.75,242.1875,445.3125,-890.625,39.0625,507.8125,-820.3125,296.875
1711524,-296.875,679.6875,679.6875,-78.125,-742.1875,703.125,164.0625,-968.75,242.1875,445.3125,-890.625,39.0625,507.8125,-820.3125,296.875
1711532,-296.875,687.5,679.6875,-78.125,-742.1875,703.125,164.0625,-968.75,250.0,453.125,-898.4375,39.0625,515.625,-820.3125,289.0625
1711532,-296.875,687.5,679.6875,-78.125,-742.1875,703.125,164.0625,-968.75,250.0,453.125,-898.4375,39.0625,515.625,-820.3125,289.0625
1711541,-296.875,687.5,679.6875,-70.3125,-734.375,710.9375,171.875,-976.5625,250.0,453.125,-898.4375,39.0625,507.8125,-820.3125,289.0625
1711541,-296.875,687.5,679.6875,-70.3125,-734.375,710.9375,171.875,-976.5625,250.0,453.125,-898.4375,39.0625,507.8125,-820.3125,289.0625
1711685,-296.875,687.5,671.875,-78.125,-726.5625,718.75,164.0625,-968.75,257.8125,445.3125,-890.625,39.0625,507.8125,-812.5,289.0625
1711685,-296.875,687.5,671.875,-78.125,-726.5625,718.75,164.0625,-968.75,257.8125,445.3125,-890.625,39.0625,507.8125,-812.5,289.0625
1711685,-296.875,695.3125,679.6875,-78.125,-734.375,703.125,164.0625,-968.75,250.0,445.3125,-898.4375,31.25,500.0,-820.3125,296.875
1711685,-296.875,695.3125,679.6875,-78.125,-734.375,703.125,164.0625,-968.75,250.0,445.3125,-898.4375,31.25,500.0,-820.3125,296.875
1711694,-296.875,679.6875,679.6875,-85.9375,-734.375,710.9375,164.0625,-976.5625,250.0,445.3125,-898.4375,39.0625,500.0,-820.3125,296.875
1711694,-296.875,679.6875,679.6875,-85.9375,-734.375,710.9375,164.0625,-976.5625,250.0,445.3125,-898.4375,39.0625,500.0,-820.3125,296.875
1711702,-304.6875,687.5,679.6875,-78.125,-742.1875,710.9375,164.0625,-968.75,257.8125,445.3125,-898.4375,39.0625,500.0,-820.3125,304.6875
1711702,-304.6875,687.5,679.6875,-78.125,-742.1875,710.9375,164.0625,-968.75,257.8125,445.3125,-898.4375,39.0625,500.0,-820.3125,304.6875
1711847,-296.875,695.3125,679.6875,-78.125,-734.375,734.375,164.0625,-976.5625,273.4375,453.125,-898.4375,46.875,492.1875,-828.125,296.875
1711847,-296.875,695.3125,679.6875,-78.125,-734.375,734.375,164.0625,-976.5625,273.4375,453.125,-898.4375,46.875,492.1875,-828.125,296.875
1711847,-296.875,695.3125,679.6875,-78.125,-742.1875,742.1875,171.875,-992.1875,265.625,453.125,-921.875,54.6875,507.8125,-835.9375,281.25
1711847,-296.875,695.3125,679.6875,-78.125,-742.1875,742.1875,171.875,-992.1875,265.625,453.125,-921.875,54.6875,507.8125,-835.9375,281.25
1711855,-296.875,695.3125,687.5,-78.125,-750.0,750.0,156.25,-1000.0,273.4375,453.125,-921.875,46.875,500.0,-851.5625,312.5
1711855,-296.875,695.3125,687.5,-78.125,-750.0,750.0,156.25,-1000.0,273.4375,453.125,-921.875,46.875,500.0,-851.5625,312.5
1711863,-296.875,695.3125,679.6875,-78.125,-742.1875,742.1875,156.25,-992.1875,273.4375,445.3125,-929.6875,62.5,500.0,-835.9375,328.125
1711863,-296.875,695.3125,679.6875,-78.125,-742.1875,742.1875,156.25,-992.1875,273.4375,445.3125,-929.6875,62.5,500.0,-835.9375,328.125
1712008,23.4375,1148.4375,632.8125,125.0,-937.5,1437.5,453.125,-1390.625,773.4375,1085.9375,-1414.0625,796.875,945.3125,-992.1875,1171.875
1712008,23.4375,1148.4375,632.8125,125.0,-937.5,1437.5,453.125,-1390.625,773.4375,1085.9375,-1414.0625,796.875,945.3125,-992.1875,1171.875
1712009,31.25,1218.75,632.8125,117.1875,-921.875,1421.875,234.375,-1406.25,820.3125,1164.0625,-1468.75,710.9375,1000.0,-1007.8125,1210.9375
1712009,31.25,1218.75,632.8125,117.1875,-921.875,1421.875,234.375,-1406.25,820.3125,1164.0625,-1468.75,710.9375,1000.0,-1007.8125,1210.9375
1712017,93.75,1367.1875,609.375,140.625,-898.4375,1421.875,546.875,-1343.75,750.0,1156.25,-1585.9375,703.125,992.1875,-1015.625,1218.75
1712017,93.75,1367.1875,609.375,140.625,-898.4375,1421.875,546.875,-1343.75,750.0,1156.25,-1585.9375,703.125,992.1875,-1015.625,1218.75
1712025,179.6875,1437.5,656.25,109.375,-914.0625,1421.875,539.0625,-1476.5625,859.375,1164.0625,-1507.8125,812.5,968.75,-1101.5625,1273.4375
1712025,179.6875,1437.5,656.25,109.375,-914.0625,1421.875,539.0625,-1476.5625,859.375,1164.0625,-1507.8125,812.5,968.75,-1101.5625,1273.4375
1712170,-921.875,539.0625,179.6875,-375.0,-859.375,429.6875,46.875,-1078.125,0.0,414.0625,-992.1875,-109.375,570.3125,-1000.0,117.1875
1712170,-921.875,539.0625,179.6875,-375.0,-859.375,429.6875,46.875,-1078.125,0.0,414.0625,-992.1875,-109.375,570.3125,-1000.0,117.1875
1712170,-898.4375,539.0625,179.6875,-390.625,-859.375,359.375,31.25,-1070.3125,-54.6875,390.625,-976.5625,-140.625,539.0625,-937.5,93.75
1712170,-898.4375,539.0625,179.6875,-390.625,-859.375,359.375,31.25,-1070.3125,-54.6875,390.625,-976.5625,-140.625,539.0625,-937.5,93.75
1712178,-882.8125,539.0625,171.875,-421.875,-890.625,289.0625,7.8125,-1070.3125,-117.1875,359.375,-968.75,-187.5,523.4375,-921.875,62.5
1712178,-882.8125,539.0625,171.875,-421.875,-890.625,289.0625,7.8125,-1070.3125,-117.1875,359.375,-968.75,-187.5,523.4375,-921.875,62.5
1712186,-835.9375,492.1875,195.3125,-437.5,-898.4375,210.9375,-31.25,-1054.6875,-179.6875,296.875,-968.75,-265.625,476.5625,-906.25,23.4375
1712186,-835.9375,492.1875,195.3125,-437.5,-898.4375,210.9375,-31.25,-1054.6875,-179.6875,296.875,-968.75,-265.625,476.5625,-906.25,23.4375
1712331,-328.125,85.9375,-257.8125,-328.125,-210.9375,203.125,-414.0625,-296.875,-156.25,-367.1875,-382.8125,-179.6875,-195.3125,-281.25,-39.0625
1712331,-328.125,85.9375,-257.8125,-328.125,-210.9375,203.125,-414.0625,-296.875,-156.25,-367.1875,-382.8125,-179.6875,-195.3125,-281.25,-39.0625
1712331,-257.8125,101.5625,-195.3125,-351.5625,-210.9375,171.875,-437.5,-257.8125,-203.125,-328.125,-289.0625,-171.875,-140.625,-265.625,-31.25
1712331,-257.8125,101.5625,-195.3125,-351.5625,-210.9375,171.875,-437.5,-257.8125,-203.125,-328.125,-289.0625,-171.875,-140.625,-265.625,-31.25
1712339,-210.9375,132.8125,-156.25,-359.375,-179.6875,125.0,-476.5625,-242.1875,-250.0,-343.75,-226.5625,-125.0,-125.0,-265.625,-23.4375
1712339,-210.9375,132.8125,-156.25,-359.375,-179.6875,125.0,-476.5625,-242.1875,-250.0,-343.75,-226.5625,-125.0,-125.0,-265.625,-23.4375
1712347,-148.4375,187.5,-132.8125,-398.4375,-132.8125,62.5,-570.3125,-265.625,-281.25,-296.875,-226.5625,-101.5625,-164.0625,-195.3125,39.0625
1712347,-148.4375,187.5,-132.8125,-398.4375,-132.8125,62.5,-570.3125,-265.625,-281.25,-296.875,-226.5625,-101.5625,-164.0625,-195.3125,39.0625
1712507,109.375,1117.1875,-195.3125,-171.875,-625.0,773.4375,257.8125,-851.5625,585.9375,289.0625,-968.75,218.75,62.5,-976.5625,390.625
1712507,109.375,1117.1875,-195.3125,-171.875,-625.0,773.4375,257.8125,-851.5625,585.9375,289.0625,-968.75,218.75,62.5,-976.5625,390.625
1712507,359.375,1140.625,-109.375,-62.5,-570.3125,804.6875,156.25,-851.5625,515.625,179.6875,-945.3125,140.625,-15.625,-945.3125,296.875
1712507,359.375,1140.625,-109.375,-62.5,-570.3125,804.6875,156.25,-851.5625,515.625,179.6875,-945.3125,140.625,-15.625,-945.3125,296.875
1712515,437.5,1179.6875,-54.6875,-39.0625,-492.1875,812.5,39.0625,-843.75,429.6875,101.5625,-976.5625,101.5625,-31.25,-976.5625,289.0625
1712515,437.5,1179.6875,-54.6875,-39.0625,-492.1875,812.5,39.0625,-843.75,429.6875,101.5625,-976.5625,101.5625,-31.25,-976.5625,289.0625
1712515,453.125,1234.375,-140.625,-7.8125,-500.0,796.875,31.25,-843.75,390.625,101.5625,-984.375,85.9375,-7.8125,-976.5625,343.75
1712515,453.125,1234.375,-140.625,-7.8125,-500.0,796.875,31.25,-843.75,390.625,101.5625,-984.375,85.9375,-7.8125,-976.5625,343.75
1712669,-62.5,421.875,-1382.8125,750.0,476.5625,1179.6875,1281.25,39.0625,929.6875,1445.3125,-132.8125,679.6875,1414.0625,-265.625,687.5
1712669,-62.5,421.875,-1382.8125,750.0,476.5625,1179.6875,1281.25,39.0625,929.6875,1445.3125,-132.8125,679.6875,1414.0625,-265.625,687.5
1712669,93.75,648.4375,-1289.0625,687.5,460.9375,1171.875,1171.875,39.0625,914.0625,1296.875,-117.1875,710.9375,1242.1875,-203.125,718.75
1712669,93.75,648.4375,-1289.0625,687.5,460.9375,1171.875,1171.875,39.0625,914.0625,1296.875,-117.1875,710.9375,1242.1875,-203.125,718.75
1712677,289.0625,851.5625,-1265.625,632.8125,554.6875,1085.9375,1007.8125,148.4375,906.25,1125.0,-78.125,734.375,1078.125,-140.625,726.5625
1712677,289.0625,851.5625,-1265.625,632.8125,554.6875,1085.9375,1007.8125,148.4375,906.25,1125.0,-78.125,734.375,1078.125,-140.625,726.5625
1712678,312.5,781.25,-1257.8125,500.0,625.0,1023.4375,867.1875,265.625,890.625,953.125,31.25,742.1875,929.6875,-7.8125,664.0625
1712678,312.5,781.25,-1257.8125,500.0,625.0,1023.4375,867.1875,265.625,890.625,953.125,31.25,742.1875,929.6875,-7.8125,664.0625
1712766,93.75,296.875,-1210.9375,539.0625,820.3125,906.25,882.8125,492.1875,851.5625,976.5625,242.1875,773.4375,1054.6875,132.8125,625.0
1712766,93.75,296.875,-1210.9375,539.0625,820.3125,906.25,882.8125,492.1875,851.5625,976.5625,242.1875,773.4375,1054.6875,132.8125,625.0
1712774,117.1875,265.625,-1179.6875,515.625,765.625,890.625,875.0,445.3125,828.125,984.375,218.75,765.625,1054.6875,117.1875,617.1875
1712774,117.1875,265.625,-1179.6875,515.625,765.625,890.625,875.0,445.3125,828.125,984.375,218.75,765.625,1054.6875,117.1875,617.1875
1712774,140.625,296.875,-1164.0625,492.1875,718.75,890.625,859.375,429.6875,812.5,976.5625,203.125,742.1875,1046.875,101.5625,625.0
1712774,140.625,296.875,-1164.0625,492.1875,718.75,890.625,859.375,429.6875,812.5,976.5625,203.125,742.1875,1046.875,101.5625,625.0
1712782,132.8125,421.875,-1148.4375,539.0625,750.0,890.625,875.0,421.875,835.9375,953.125,171.875,726.5625,984.375,78.125,625.0
1712782,132.8125,421.875,-1148.4375,539.0625,750.0,890.625,875.0,421.875,835.9375,953.125,171.875,726.5625,984.375,78.125,625.0
1712928,296.875,1164.0625,406.25,46.875,-1226.5625,757.8125,296.875,-1601.5625,296.875,460.9375,-1570.3125,-203.125,70.3125,-1585.9375,250.0
1712928,296.875,1164.0625,406.25,46.875,-1226.5625,757.8125,296.875,-1601.5625,296.875,460.9375,-1570.3125,-203.125,70.3125,-1585.9375,250.0
1712936,218.75,1203.125,437.5,31.25,-1289.0625,742.1875,226.5625,-1609.375,273.4375,359.375,-1570.3125,-218.75,0.0,-1585.9375,218.75
1712936,218.75,1203.125,437.5,31.25,-1289.0625,742.1875,226.5625,-1609.375,273.4375,359.375,-1570.3125,-218.75,0.0,-1585.9375,218.75
1712936,218.75,1179.6875,460.9375,31.25,-1328.125,773.4375,187.5,-1640.625,250.0,312.5,-1570.3125,-210.9375,-70.3125,-1593.75,210.9375
1712936,218.75,1179.6875,460.9375,31.25,-1328.125,773.4375,187.5,-1640.625,250.0,312.5,-1570.3125,-210.9375,-70.3125,-1593.75,210.9375
1712944,242.1875,1164.0625,453.125,7.8125,-1132.8125,742.1875,148.4375,-1640.625,265.625,273.4375,-1585.9375,-226.5625,-78.125,-1554.6875,210.9375
1712944,242.1875,1164.0625,453.125,7.8125,-1132.8125,742.1875,148.4375,-1640.625,265.625,273.4375,-1585.9375,-226.5625,-78.125,-1554.6875,210.9375
1713089,390.625,382.8125,-1085.9375,500.0,851.5625,648.4375,632.8125,679.6875,898.4375,648.4375,437.5,1031.25,671.875,421.875,1093.75
1713089,390.625,382.8125,-1085.9375,500.0,851.5625,648.4375,632.8125,679.6875,898.4375,648.4375,437.5,1031.25,671.875,421.875,1093.75
1713097,281.25,335.9375,-1343.75,570.3125,1328.125,703.125,617.1875,679.6875,890.625,531.25,453.125,1007.8125,703.125,367.1875,1109.375
1713097,281.25,335.9375,-1343.75,570.3125,1328.125,703.125,617.1875,679.6875,890.625,531.25,453.125,1007.8125,703.125,367.1875,1109.375
1713098,187.5,156.25,-1406.25,703.125,1156.25,765.625,664.0625,820.3125,914.0625,554.6875,460.9375,1062.5,632.8125,593.75,1054.6875
1713098,187.5,156.25,-1406.25,703.125,1156.25,765.625,664.0625,820.3125,914.0625,554.6875,460.9375,1062.5,632.8125,593.75,1054.6875
1713106,46.875,117.1875,-1539.0625,640.625,1289.0625,679.6875,757.8125,976.5625,992.1875,562.5,820.3125,1148.4375,695.3125,679.6875,1109.375
1713106,46.875,117.1875,-1539.0625,640.625,1289.0625,679.6875,757.8125,976.5625,992.1875,562.5,820.3125,1148.4375,695.3125,679.6875,1109.375
