1719366,-100.625,-30.625,-35.0
1719366,-100.625,-30.625,-35.0
1719376,-70.0,-61.25,-52.5
1719376,-70.0,-61.25,-52.5
1719527,-183.75,26.25,126.875
1719527,-183.75,26.25,126.875
1719538,-170.625,30.625,131.25
1719538,-170.625,30.625,131.25
1719709,-43.75,-4.375,8.75
1719709,-43.75,-4.375,8.75
1719719,-43.75,0.0,8.75
1719719,-43.75,0.0,8.75
1719729,-21.875,-8.75,0.0
1719729,-21.875,-8.75,0.0
1719740,-21.875,-13.125,0.0
1719740,-21.875,-13.125,0.0
1719891,-35.0,13.125,-30.625
1719891,-35.0,13.125,-30.625
1719901,-39.375,8.75,-30.625
1719901,-39.375,8.75,-30.625
1720052,-13.125,-8.75,-39.375
1720052,-13.125,-8.75,-39.375
1720063,-26.25,-13.125,-48.125
1720063,-26.25,-13.125,-48.125
1720133,-4.375,-21.875,-26.25
1720133,-4.375,-21.875,-26.25
1720143,21.875,-26.25,-39.375
1720143,21.875,-26.25,-39.375
1720294,-35.0,-4.375,-70.0
1720294,-35.0,-4.375,-70.0
1720305,-17.5,-17.5,-61.25
1720305,-17.5,-17.5,-61.25
1720456,-39.375,-21.875,-48.125
1720456,-39.375,-21.875,-48.125
1720466,-56.875,-21.875,-61.25
1720466,-56.875,-21.875,-61.25
1720618,-341.25,96.25,262.5
1720618,-341.25,96.25,262.5
1720628,-472.5,122.5,350.0
1720628,-472.5,122.5,350.0
1720779,-5280.625,-1645.0,2887.5
1720779,-5280.625,-1645.0,2887.5
1720789,-5166.875,-1216.25,2336.25
1720789,-5166.875,-1216.25,2336.25
1720940,-3469.375,-2047.5,7271.25
1720940,-3469.375,-2047.5,7271.25
1720950,-3981.25,-2030.0,7310.625
1720950,-3981.25,-2030.0,7310.625
1721102,-13833.75,19101.25,-11987.5
1721102,-13833.75,19101.25,-11987.5
1721112,-16804.375,23585.625,-8290.625
1721112,-16804.375,23585.625,-8290.625
1721263,-7809.375,7345.625,65.625
1721263,-7809.375,7345.625,65.625
1721272,-8614.375,3963.75,831.25
1721272,-8614.375,3963.75,831.25
1721425,-2051.875,3675.0,6785.625
1721425,-2051.875,3675.0,6785.625
1721435,-1093.75,2012.5,5958.75
1721435,-1093.75,2012.5,5958.75
1721586,-4633.125,-6321.875,-5355.0
1721586,-4633.125,-6321.875,-5355.0
1721595,-4803.75,-4475.625,-5219.375
1721595,-4803.75,-4475.625,-5219.375
1721748,2323.125,6103.125,5320.0
1721748,2323.125,6103.125,5320.0
1721758,7787.5,6138.125,2065.0
1721758,7787.5,6138.125,2065.0
1721909,-1855.0,-3920.0,-10640.0
1721909,-1855.0,-3920.0,-10640.0
1721918,345.625,-5814.375,-10622.5
1721918,345.625,-5814.375,-10622.5
1722071,6488.125,3342.5,3972.5
1722071,6488.125,3342.5,3972.5
1722081,4681.25,5110.0,5691.875
1722081,4681.25,5110.0,5691.875
