1728215,-17.5,-4.375,-21.875
1728215,-17.5,-4.375,-21.875
1728226,-13.125,-17.5,-26.25
1728226,-13.125,-17.5,-26.25
1728378,-48.125,8.75,4.375
1728378,-48.125,8.75,4.375
1728388,-35.0,8.75,8.75
1728388,-35.0,8.75,8.75
1728538,17.5,-17.5,-30.625
1728538,17.5,-17.5,-30.625
1728550,21.875,-17.5,-35.0
1728550,21.875,-17.5,-35.0
1728692,-30.625,-13.125,-30.625
1728692,-30.625,-13.125,-30.625
1728701,30.625,-26.25,-8.75
1728701,30.625,-26.25,-8.75
1728711,74.375,-26.25,0.0
1728711,74.375,-26.25,0.0
1728853,-39.375,-4.375,30.625
1728853,-39.375,-4.375,30.625
1728862,-61.25,0.0,26.25
1728862,-61.25,0.0,26.25
1729014,-17.5,0.0,26.25
1729014,-17.5,0.0,26.25
1729024,-26.25,-4.375,-4.375
1729024,-26.25,-4.375,-4.375
1729175,-8.75,-13.125,8.75
1729175,-8.75,-13.125,8.75
1729185,-48.125,13.125,13.125
1729185,-48.125,13.125,13.125
1729337,26.25,-13.125,-43.75
1729337,26.25,-13.125,-43.75
1729347,56.875,-13.125,-30.625
1729347,56.875,-13.125,-30.625
1729498,74.375,-35.0,0.0
1729498,74.375,-35.0,0.0
1729508,13.125,-13.125,43.75
1729508,13.125,-13.125,43.75
1729660,-30.625,-13.125,-8.75
1729660,-30.625,-13.125,-8.75
1729670,0.0,-13.125,-21.875
1729670,0.0,-13.125,-21.875
1729820,-21.875,0.0,-35.0
1729820,-21.875,0.0,-35.0
1729831,-8.75,-4.375,-39.375
1729831,-8.75,-4.375,-39.375
1729983,113.75,17.5,-48.125
1729983,113.75,17.5,-48.125
1729993,118.125,30.625,-26.25
1729993,118.125,30.625,-26.25
1730104,-1876.875,-179.375,2362.5
1730104,-1876.875,-179.375,2362.5
1730114,-1710.625,-188.125,3268.125
1730114,-1710.625,-188.125,3268.125
1730175,-3692.5,1076.25,7752.5
1730175,-3692.5,1076.25,7752.5
1730184,-2358.125,1483.125,9327.5
1730184,-2358.125,1483.125,9327.5
1730336,-12538.75,9314.375,-11497.5
1730336,-12538.75,9314.375,-11497.5
1730346,-13339.375,9393.125,-12044.375
1730346,-13339.375,9393.125,-12044.375
1730417,-20247.5,21297.5,-10395.0
1730417,-20247.5,21297.5,-10395.0
1730427,-22050.0,20930.0,-9034.375
1730427,-22050.0,20930.0,-9034.375
1730498,-24101.875,20055.0,-437.5
1730498,-24101.875,20055.0,-437.5
1730507,-21822.5,16988.125,-761.25
1730507,-21822.5,16988.125,-761.25
1730659,-7021.875,1815.625,8430.625
1730659,-7021.875,1815.625,8430.625
1730669,-4834.375,918.75,7525.0
1730669,-4834.375,918.75,7525.0
1730819,-1601.25,-2148.125,166.25
1730819,-1601.25,-2148.125,166.25
1730830,-2170.0,-3618.125,774.375
1730830,-2170.0,-3618.125,774.375
1730982,-5530.0,48.125,-236.25
1730982,-5530.0,48.125,-236.25
1730992,-2765.0,-6356.875,-2235.625
1730992,-2765.0,-6356.875,-2235.625
1731062,21.875,4860.625,4803.75
1731062,21.875,4860.625,4803.75
1731071,-227.5,6081.25,4987.5
1731071,-227.5,6081.25,4987.5
1731143,-2231.25,6142.5,6750.625
1731143,-2231.25,6142.5,6750.625
1731153,923.125,6050.625,5158.125
1731153,923.125,6050.625,5158.125
1731305,-1045.625,-4891.25,-9905.0
1731305,-1045.625,-4891.25,-9905.0
1731315,-1067.5,-5569.375,-10211.25
1731315,-1067.5,-5569.375,-10211.25
