1737287,-156.25,757.8125,656.25,-62.5,-750.0,687.5,195.3125,-976.5625,203.125,546.875,-835.9375,101.5625,609.375,-742.1875,304.6875
1737287,-156.25,757.8125,656.25,-62.5,-750.0,687.5,195.3125,-976.5625,203.125,546.875,-835.9375,101.5625,609.375,-742.1875,304.6875
1737293,-164.0625,750.0,656.25,-54.6875,-757.8125,687.5,203.125,-976.5625,203.125,539.0625,-828.125,101.5625,601.5625,-734.375,296.875
1737293,-164.0625,750.0,656.25,-54.6875,-757.8125,687.5,203.125,-976.5625,203.125,539.0625,-828.125,101.5625,601.5625,-734.375,296.875
1737303,-156.25,742.1875,656.25,-62.5,-750.0,695.3125,195.3125,-968.75,203.125,539.0625,-828.125,93.75,609.375,-742.1875,296.875
1737303,-156.25,742.1875,656.25,-62.5,-750.0,695.3125,195.3125,-968.75,203.125,539.0625,-828.125,93.75,609.375,-742.1875,296.875
1737303,-156.25,750.0,656.25,-54.6875,-750.0,687.5,195.3125,-976.5625,203.125,539.0625,-835.9375,101.5625,601.5625,-750.0,304.6875
1737303,-156.25,750.0,656.25,-54.6875,-750.0,687.5,195.3125,-976.5625,203.125,539.0625,-835.9375,101.5625,601.5625,-750.0,304.6875
1737448,-171.875,750.0,656.25,-62.5,-757.8125,695.3125,195.3125,-976.5625,210.9375,539.0625,-835.9375,85.9375,601.5625,-742.1875,304.6875
1737448,-171.875,750.0,656.25,-62.5,-757.8125,695.3125,195.3125,-976.5625,210.9375,539.0625,-835.9375,85.9375,601.5625,-742.1875,304.6875
1737456,-164.0625,734.375,648.4375,-62.5,-757.8125,687.5,195.3125,-984.375,203.125,539.0625,-835.9375,93.75,601.5625,-742.1875,304.6875
1737456,-164.0625,734.375,648.4375,-62.5,-757.8125,687.5,195.3125,-984.375,203.125,539.0625,-835.9375,93.75,601.5625,-742.1875,304.6875
1737464,-156.25,750.0,664.0625,-62.5,-750.0,687.5,187.5,-976.5625,195.3125,539.0625,-835.9375,101.5625,593.75,-734.375,304.6875
1737464,-156.25,750.0,664.0625,-62.5,-750.0,687.5,187.5,-976.5625,195.3125,539.0625,-835.9375,101.5625,593.75,-734.375,304.6875
1737464,-164.0625,750.0,664.0625,-70.3125,-750.0,695.3125,195.3125,-968.75,195.3125,531.25,-835.9375,101.5625,609.375,-734.375,304.6875
1737464,-164.0625,750.0,664.0625,-70.3125,-750.0,695.3125,195.3125,-968.75,195.3125,531.25,-835.9375,101.5625,609.375,-734.375,304.6875
1737609,-171.875,742.1875,656.25,-62.5,-765.625,695.3125,179.6875,-984.375,195.3125,539.0625,-851.5625,85.9375,601.5625,-757.8125,312.5
1737609,-171.875,742.1875,656.25,-62.5,-765.625,695.3125,179.6875,-984.375,195.3125,539.0625,-851.5625,85.9375,601.5625,-757.8125,312.5
1737616,-171.875,750.0,664.0625,-70.3125,-765.625,687.5,187.5,-992.1875,195.3125,539.0625,-843.75,93.75,609.375,-757.8125,296.875
1737616,-171.875,750.0,664.0625,-70.3125,-765.625,687.5,187.5,-992.1875,195.3125,539.0625,-843.75,93.75,609.375,-757.8125,296.875
1737625,-164.0625,742.1875,664.0625,-70.3125,-765.625,679.6875,179.6875,-984.375,187.5,546.875,-843.75,85.9375,601.5625,-750.0,304.6875
1737625,-164.0625,742.1875,664.0625,-70.3125,-765.625,679.6875,179.6875,-984.375,187.5,546.875,-843.75,85.9375,601.5625,-750.0,304.6875
1737625,-164.0625,750.0,656.25,-70.3125,-757.8125,695.3125,187.5,-984.375,210.9375,531.25,-843.75,78.125,609.375,-750.0,296.875
1737625,-164.0625,750.0,656.25,-70.3125,-757.8125,695.3125,187.5,-984.375,210.9375,531.25,-843.75,78.125,609.375,-750.0,296.875
1737770,-156.25,750.0,656.25,-62.5,-750.0,695.3125,187.5,-976.5625,195.3125,539.0625,-843.75,101.5625,609.375,-742.1875,312.5
1737770,-156.25,750.0,656.25,-62.5,-750.0,695.3125,187.5,-976.5625,195.3125,539.0625,-843.75,101.5625,609.375,-742.1875,312.5
1737778,-156.25,757.8125,664.0625,-62.5,-750.0,687.5,195.3125,-976.5625,203.125,539.0625,-843.75,101.5625,609.375,-750.0,304.6875
1737778,-156.25,757.8125,664.0625,-62.5,-750.0,687.5,195.3125,-976.5625,203.125,539.0625,-843.75,101.5625,609.375,-750.0,304.6875
1737786,-164.0625,750.0,664.0625,-62.5,-757.8125,695.3125,195.3125,-984.375,203.125,539.0625,-843.75,93.75,609.375,-742.1875,304.6875
1737786,-164.0625,750.0,664.0625,-62.5,-757.8125,695.3125,195.3125,-984.375,203.125,539.0625,-843.75,93.75,609.375,-742.1875,304.6875
1737786,-164.0625,757.8125,664.0625,-62.5,-757.8125,687.5,195.3125,-968.75,203.125,531.25,-835.9375,93.75,593.75,-742.1875,304.6875
1737786,-164.0625,757.8125,664.0625,-62.5,-757.8125,687.5,195.3125,-968.75,203.125,531.25,-835.9375,93.75,593.75,-742.1875,304.6875
1737850,-156.25,742.1875,656.25,-54.6875,-750.0,695.3125,187.5,-976.5625,203.125,539.0625,-828.125,101.5625,601.5625,-742.1875,304.6875
1737850,-156.25,742.1875,656.25,-54.6875,-750.0,695.3125,187.5,-976.5625,203.125,539.0625,-828.125,101.5625,601.5625,-742.1875,304.6875
1737859,-164.0625,742.1875,656.25,-62.5,-757.8125,695.3125,187.5,-968.75,195.3125,539.0625,-835.9375,93.75,609.375,-750.0,312.5
1737859,-164.0625,742.1875,656.25,-62.5,-757.8125,695.3125,187.5,-968.75,195.3125,539.0625,-835.9375,93.75,609.375,-750.0,312.5
1737867,-171.875,750.0,640.625,-62.5,-750.0,687.5,187.5,-968.75,203.125,531.25,-835.9375,101.5625,601.5625,-742.1875,312.5
1737867,-171.875,750.0,640.625,-62.5,-750.0,687.5,187.5,-968.75,203.125,531.25,-835.9375,101.5625,601.5625,-742.1875,312.5
1737867,-156.25,750.0,656.25,-62.5,-757.8125,695.3125,195.3125,-976.5625,203.125,531.25,-835.9375,93.75,593.75,-734.375,304.6875
1737867,-156.25,750.0,656.25,-62.5,-757.8125,695.3125,195.3125,-976.5625,203.125,531.25,-835.9375,93.75,593.75,-734.375,304.6875
1737932,-156.25,750.0,656.25,-62.5,-757.8125,703.125,195.3125,-984.375,195.3125,531.25,-835.9375,101.5625,601.5625,-750.0,304.6875
1737932,-156.25,750.0,656.25,-62.5,-757.8125,703.125,195.3125,-984.375,195.3125,531.25,-835.9375,101.5625,601.5625,-750.0,304.6875
1737940,-164.0625,750.0,656.25,-62.5,-757.8125,695.3125,195.3125,-976.5625,203.125,539.0625,-835.9375,101.5625,609.375,-734.375,304.6875
1737940,-164.0625,750.0,656.25,-62.5,-757.8125,695.3125,195.3125,-976.5625,203.125,539.0625,-835.9375,101.5625,609.375,-734.375,304.6875
1737948,-164.0625,750.0,656.25,-54.6875,-757.8125,695.3125,195.3125,-976.5625,210.9375,531.25,-828.125,85.9375,601.5625,-742.1875,304.6875
1737948,-164.0625,750.0,656.25,-54.6875,-757.8125,695.3125,195.3125,-976.5625,210.9375,531.25,-828.125,85.9375,601.5625,-742.1875,304.6875
1737948,-164.0625,750.0,648.4375,-54.6875,-750.0,695.3125,195.3125,-976.5625,210.9375,546.875,-843.75,93.75,609.375,-742.1875,312.5
1737948,-164.0625,750.0,648.4375,-54.6875,-750.0,695.3125,195.3125,-976.5625,210.9375,546.875,-843.75,93.75,609.375,-742.1875,312.5
1738093,-164.0625,750.0,664.0625,-62.5,-757.8125,695.3125,195.3125,-976.5625,203.125,531.25,-835.9375,93.75,601.5625,-742.1875,296.875
1738093,-164.0625,750.0,664.0625,-62.5,-757.8125,695.3125,195.3125,-976.5625,203.125,531.25,-835.9375,93.75,601.5625,-742.1875,296.875
1738101,-156.25,750.0,648.4375,-54.6875,-757.8125,687.5,195.3125,-976.5625,203.125,531.25,-835.9375,93.75,601.5625,-742.1875,304.6875
1738101,-156.25,750.0,648.4375,-54.6875,-757.8125,687.5,195.3125,-976.5625,203.125,531.25,-835.9375,93.75,601.5625,-742.1875,304.6875
1738109,-164.0625,742.1875,656.25,-62.5,-742.1875,695.3125,195.3125,-976.5625,195.3125,531.25,-843.75,93.75,593.75,-742.1875,312.5
1738109,-164.0625,742.1875,656.25,-62.5,-742.1875,695.3125,195.3125,-976.5625,195.3125,531.25,-843.75,93.75,593.75,-742.1875,312.5
1738109,-164.0625,750.0,648.4375,-54.6875,-750.0,695.3125,195.3125,-984.375,203.125,539.0625,-843.75,85.9375,609.375,-750.0,304.6875
1738109,-164.0625,750.0,648.4375,-54.6875,-750.0,695.3125,195.3125,-984.375,203.125,539.0625,-843.75,85.9375,609.375,-750.0,304.6875
1738253,-156.25,750.0,656.25,-54.6875,-750.0,695.3125,187.5,-968.75,203.125,531.25,-828.125,93.75,593.75,-734.375,304.6875
1738253,-156.25,750.0,656.25,-54.6875,-750.0,695.3125,187.5,-968.75,203.125,531.25,-828.125,93.75,593.75,-734.375,304.6875
1738262,-156.25,742.1875,664.0625,-54.6875,-750.0,703.125,195.3125,-968.75,203.125,531.25,-835.9375,93.75,601.5625,-742.1875,296.875
1738262,-156.25,742.1875,664.0625,-54.6875,-750.0,703.125,195.3125,-968.75,203.125,531.25,-835.9375,93.75,601.5625,-742.1875,296.875
1738270,-156.25,750.0,656.25,-54.6875,-750.0,703.125,187.5,-984.375,203.125,531.25,-835.9375,101.5625,601.5625,-742.1875,304.6875
1738270,-156.25,750.0,656.25,-54.6875,-750.0,703.125,187.5,-984.375,203.125,531.25,-835.9375,101.5625,601.5625,-742.1875,304.6875
1738271,-164.0625,742.1875,656.25,-54.6875,-750.0,695.3125,195.3125,-976.5625,210.9375,539.0625,-843.75,101.5625,601.5625,-742.1875,304.6875
1738271,-164.0625,742.1875,656.25,-54.6875,-750.0,695.3125,195.3125,-976.5625,210.9375,539.0625,-843.75,101.5625,601.5625,-742.1875,304.6875
1738416,-156.25,750.0,656.25,-62.5,-750.0,695.3125,195.3125,-976.5625,210.9375,539.0625,-835.9375,109.375,601.5625,-742.1875,312.5
1738416,-156.25,750.0,656.25,-62.5,-750.0,695.3125,195.3125,-976.5625,210.9375,539.0625,-835.9375,109.375,601.5625,-742.1875,312.5
1738422,-164.0625,742.1875,664.0625,-62.5,-750.0,695.3125,187.5,-984.375,210.9375,531.25,-835.9375,101.5625,601.5625,-742.1875,312.5
1738422,-164.0625,742.1875,664.0625,-62.5,-750.0,695.3125,187.5,-984.375,210.9375,531.25,-835.9375,101.5625,601.5625,-742.1875,312.5
1738432,-164.0625,742.1875,656.25,-54.6875,-750.0,695.3125,195.3125,-976.5625,210.9375,539.0625,-835.9375,101.5625,601.5625,-750.0,312.5
1738432,-164.0625,742.1875,656.25,-54.6875,-750.0,695.3125,195.3125,-976.5625,210.9375,539.0625,-835.9375,101.5625,601.5625,-750.0,312.5
1738432,-156.25,750.0,656.25,-62.5,-750.0,695.3125,195.3125,-976.5625,203.125,531.25,-843.75,93.75,593.75,-742.1875,304.6875
1738432,-156.25,750.0,656.25,-62.5,-750.0,695.3125,195.3125,-976.5625,203.125,531.25,-843.75,93.75,593.75,-742.1875,304.6875
1738577,-164.0625,742.1875,648.4375,-62.5,-757.8125,695.3125,187.5,-976.5625,203.125,531.25,-835.9375,101.5625,601.5625,-750.0,304.6875
1738577,-164.0625,742.1875,648.4375,-62.5,-757.8125,695.3125,187.5,-976.5625,203.125,531.25,-835.9375,101.5625,601.5625,-750.0,304.6875
1738585,-164.0625,742.1875,656.25,-62.5,-757.8125,695.3125,187.5,-976.5625,203.125,539.0625,-843.75,93.75,601.5625,-742.1875,296.875
1738585,-164.0625,742.1875,656.25,-62.5,-757.8125,695.3125,187.5,-976.5625,203.125,539.0625,-843.75,93.75,601.5625,-742.1875,296.875
1738593,-156.25,750.0,656.25,-70.3125,-757.8125,687.5,179.6875,-976.5625,203.125,539.0625,-835.9375,85.9375,601.5625,-750.0,304.6875
1738593,-156.25,750.0,656.25,-70.3125,-757.8125,687.5,179.6875,-976.5625,203.125,539.0625,-835.9375,85.9375,601.5625,-750.0,304.6875
1738593,-164.0625,750.0,656.25,-62.5,-750.0,695.3125,187.5,-976.5625,203.125,539.0625,-835.9375,93.75,601.5625,-742.1875,304.6875
1738593,-164.0625,750.0,656.25,-62.5,-750.0,695.3125,187.5,-976.5625,203.125,539.0625,-835.9375,93.75,601.5625,-742.1875,304.6875
1738738,-164.0625,750.0,656.25,-70.3125,-757.8125,695.3125,195.3125,-984.375,195.3125,539.0625,-835.9375,101.5625,593.75,-742.1875,296.875
1738738,-164.0625,750.0,656.25,-70.3125,-757.8125,695.3125,195.3125,-984.375,195.3125,539.0625,-835.9375,101.5625,593.75,-742.1875,296.875
1738746,-164.0625,742.1875,648.4375,-62.5,-757.8125,687.5,187.5,-984.375,187.5,531.25,-835.9375,85.9375,601.5625,-734.375,296.875
1738746,-164.0625,742.1875,648.4375,-62.5,-757.8125,687.5,187.5,-984.375,187.5,531.25,-835.9375,85.9375,601.5625,-734.375,296.875
1738754,-171.875,750.0,656.25,-78.125,-757.8125,687.5,187.5,-976.5625,195.3125,531.25,-835.9375,93.75,601.5625,-742.1875,296.875
1738754,-171.875,750.0,656.25,-78.125,-757.8125,687.5,187.5,-976.5625,195.3125,531.25,-835.9375,93.75,601.5625,-742.1875,296.875
1738754,-171.875,750.0,656.25,-70.3125,-757.8125,695.3125,187.5,-976.5625,195.3125,531.25,-835.9375,93.75,585.9375,-750.0,296.875
1738754,-171.875,750.0,656.25,-70.3125,-757.8125,695.3125,187.5,-976.5625,195.3125,531.25,-835.9375,93.75,585.9375,-750.0,296.875
1738899,-171.875,742.1875,648.4375,-70.3125,-757.8125,695.3125,187.5,-968.75,203.125,539.0625,-843.75,85.9375,601.5625,-742.1875,296.875
1738899,-171.875,742.1875,648.4375,-70.3125,-757.8125,695.3125,187.5,-968.75,203.125,539.0625,-843.75,85.9375,601.5625,-742.1875,296.875
1738907,-171.875,742.1875,656.25,-70.3125,-750.0,687.5,187.5,-984.375,203.125,523.4375,-828.125,93.75,593.75,-742.1875,296.875
1738907,-171.875,742.1875,656.25,-70.3125,-750.0,687.5,187.5,-984.375,203.125,523.4375,-828.125,93.75,593.75,-742.1875,296.875
1738915,-171.875,742.1875,656.25,-70.3125,-750.0,687.5,187.5,-976.5625,195.3125,539.0625,-835.9375,93.75,609.375,-742.1875,304.6875
1738915,-171.875,742.1875,656.25,-70.3125,-750.0,687.5,187.5,-976.5625,195.3125,539.0625,-835.9375,93.75,609.375,-742.1875,304.6875
1738915,-164.0625,750.0,656.25,-70.3125,-750.0,687.5,187.5,-984.375,195.3125,539.0625,-835.9375,101.5625,601.5625,-734.375,296.875
1738915,-164.0625,750.0,656.25,-70.3125,-750.0,687.5,187.5,-984.375,195.3125,539.0625,-835.9375,101.5625,601.5625,-734.375,296.875
1739061,-117.1875,851.5625,718.75,-31.25,-828.125,835.9375,281.25,-1054.6875,312.5,664.0625,-937.5,164.0625,773.4375,-820.3125,445.3125
1739061,-117.1875,851.5625,718.75,-31.25,-828.125,835.9375,281.25,-1054.6875,312.5,664.0625,-937.5,164.0625,773.4375,-820.3125,445.3125
1739069,-70.3125,843.75,695.3125,-78.125,-914.0625,828.125,304.6875,-1132.8125,312.5,703.125,-945.3125,148.4375,750.0,-843.75,460.9375
1739069,-70.3125,843.75,695.3125,-78.125,-914.0625,828.125,304.6875,-1132.8125,312.5,703.125,-945.3125,148.4375,750.0,-843.75,460.9375
1739077,-46.875,820.3125,710.9375,-31.25,-875.0,820.3125,296.875,-1125.0,304.6875,710.9375,-921.875,156.25,781.25,-851.5625,460.9375
1739077,-46.875,820.3125,710.9375,-31.25,-875.0,820.3125,296.875,-1125.0,304.6875,710.9375,-921.875,156.25,781.25,-851.5625,460.9375
1739077,-39.0625,859.375,710.9375,-23.4375,-882.8125,851.5625,312.5,-1140.625,304.6875,742.1875,-945.3125,171.875,789.0625,-828.125,468.75
1739077,-39.0625,859.375,710.9375,-23.4375,-882.8125,851.5625,312.5,-1140.625,304.6875,742.1875,-945.3125,171.875,789.0625,-828.125,468.75
1739222,54.6875,1460.9375,562.5,296.875,-984.375,1531.25,726.5625,-1539.0625,804.6875,1203.125,-1250.0,539.0625,1023.4375,-1046.875,867.1875
1739222,54.6875,1460.9375,562.5,296.875,-984.375,1531.25,726.5625,-1539.0625,804.6875,1203.125,-1250.0,539.0625,1023.4375,-1046.875,867.1875
1739230,39.0625,1453.125,578.125,250.0,-992.1875,1375.0,718.75,-1570.3125,710.9375,1187.5,-1273.4375,500.0,1062.5,-976.5625,984.375
1739230,39.0625,1453.125,578.125,250.0,-992.1875,1375.0,718.75,-1570.3125,710.9375,1187.5,-1273.4375,500.0,1062.5,-976.5625,984.375
1739238,39.0625,1421.875,593.75,164.0625,-1015.625,1281.25,687.5,-1531.25,640.625,1156.25,-1234.375,437.5,1000.0,-1093.75,812.5
1739238,39.0625,1421.875,593.75,164.0625,-1015.625,1281.25,687.5,-1531.25,640.625,1156.25,-1234.375,437.5,1000.0,-1093.75,812.5
1739238,39.0625,1406.25,562.5,148.4375,-1078.125,1210.9375,648.4375,-1507.8125,570.3125,1109.375,-1203.125,351.5625,984.375,-1078.125,664.0625
1739238,39.0625,1406.25,562.5,148.4375,-1078.125,1210.9375,648.4375,-1507.8125,570.3125,1109.375,-1203.125,351.5625,984.375,-1078.125,664.0625
1739383,15.625,1101.5625,468.75,-664.0625,-656.25,7.8125,-851.5625,-796.875,-609.375,-726.5625,-765.625,-781.25,-578.125,-921.875,-750.0
1739383,15.625,1101.5625,468.75,-664.0625,-656.25,7.8125,-851.5625,-796.875,-609.375,-726.5625,-765.625,-781.25,-578.125,-921.875,-750.0
1739391,-15.625,1140.625,500.0,-656.25,-656.25,23.4375,-851.5625,-781.25,-578.125,-757.8125,-750.0,-742.1875,-648.4375,-882.8125,-757.8125
1739391,-15.625,1140.625,500.0,-656.25,-656.25,23.4375,-851.5625,-781.25,-578.125,-757.8125,-750.0,-742.1875,-648.4375,-882.8125,-757.8125
1739399,-54.6875,1125.0,492.1875,-593.75,-656.25,78.125,-820.3125,-820.3125,-531.25,-742.1875,-726.5625,-664.0625,-593.75,-859.375,-671.875
1739399,-54.6875,1125.0,492.1875,-593.75,-656.25,78.125,-820.3125,-820.3125,-531.25,-742.1875,-726.5625,-664.0625,-593.75,-859.375,-671.875
1739399,-54.6875,1039.0625,476.5625,-546.875,-679.6875,125.0,-734.375,-812.5,-437.5,-601.5625,-765.625,-539.0625,-539.0625,-828.125,-500.0
1739399,-54.6875,1039.0625,476.5625,-546.875,-679.6875,125.0,-734.375,-812.5,-437.5,-601.5625,-765.625,-539.0625,-539.0625,-828.125,-500.0
1739545,-312.5,125.0,-859.375,-250.0,734.375,648.4375,15.625,507.8125,921.875,7.8125,179.6875,953.125,-539.0625,23.4375,500.0
1739545,-312.5,125.0,-859.375,-250.0,734.375,648.4375,15.625,507.8125,921.875,7.8125,179.6875,953.125,-539.0625,23.4375,500.0
1739552,-273.4375,187.5,-812.5,-273.4375,617.1875,593.75,-85.9375,429.6875,851.5625,-156.25,31.25,859.375,-687.5,-93.75,382.8125
1739552,-273.4375,187.5,-812.5,-273.4375,617.1875,593.75,-85.9375,429.6875,851.5625,-156.25,31.25,859.375,-687.5,-93.75,382.8125
1739560,-218.75,195.3125,-750.0,-320.3125,476.5625,523.4375,-164.0625,195.3125,804.6875,-367.1875,-62.5,812.5,-812.5,-242.1875,265.625
1739560,-218.75,195.3125,-750.0,-320.3125,476.5625,523.4375,-164.0625,195.3125,804.6875,-367.1875,-62.5,812.5,-812.5,-242.1875,265.625
1739561,-148.4375,210.9375,-718.75,-343.75,375.0,484.375,-203.125,93.75,750.0,-390.625,-171.875,742.1875,-796.875,-187.5,179.6875
1739561,-148.4375,210.9375,-718.75,-343.75,375.0,484.375,-203.125,93.75,750.0,-390.625,-171.875,742.1875,-796.875,-187.5,179.6875
1739706,210.9375,1187.5,-390.625,734.375,-132.8125,1242.1875,570.3125,-835.9375,742.1875,289.0625,-742.1875,757.8125,-351.5625,-781.25,640.625
1739706,210.9375,1187.5,-390.625,734.375,-132.8125,1242.1875,570.3125,-835.9375,742.1875,289.0625,-742.1875,757.8125,-351.5625,-781.25,640.625
1739713,70.3125,1250.0,-664.0625,898.4375,-15.625,1367.1875,835.9375,-750.0,914.0625,429.6875,-648.4375,945.3125,-312.5,-648.4375,851.5625
1739713,70.3125,1250.0,-664.0625,898.4375,-15.625,1367.1875,835.9375,-750.0,914.0625,429.6875,-648.4375,945.3125,-312.5,-648.4375,851.5625
1739722,-62.5,1281.25,-757.8125,1085.9375,15.625,1343.75,1007.8125,-750.0,1015.625,585.9375,-640.625,1179.6875,-382.8125,-546.875,1117.1875
1739722,-62.5,1281.25,-757.8125,1085.9375,15.625,1343.75,1007.8125,-750.0,1015.625,585.9375,-640.625,1179.6875,-382.8125,-546.875,1117.1875
1739722,54.6875,1226.5625,-937.5,1093.75,398.4375,1421.875,1171.875,-609.375,1140.625,703.125,-609.375,1382.8125,-390.625,-617.1875,1492.1875
1739722,54.6875,1226.5625,-937.5,1093.75,398.4375,1421.875,1171.875,-609.375,1140.625,703.125,-609.375,1382.8125,-390.625,-617.1875,1492.1875
1739867,-117.1875,250.0,-1140.625,351.5625,828.125,703.125,460.9375,554.6875,914.0625,-46.875,421.875,1070.3125,-718.75,351.5625,710.9375
1739867,-117.1875,250.0,-1140.625,351.5625,828.125,703.125,460.9375,554.6875,914.0625,-46.875,421.875,1070.3125,-718.75,351.5625,710.9375
1739867,-31.25,429.6875,-1117.1875,375.0,796.875,804.6875,445.3125,500.0,929.6875,-117.1875,406.25,1031.25,-726.5625,296.875,671.875
1739867,-31.25,429.6875,-1117.1875,375.0,796.875,804.6875,445.3125,500.0,929.6875,-117.1875,406.25,1031.25,-726.5625,296.875,671.875
1739875,70.3125,695.3125,-1023.4375,500.0,796.875,937.5,453.125,429.6875,921.875,-125.0,335.9375,984.375,-710.9375,250.0,570.3125
1739875,70.3125,695.3125,-1023.4375,500.0,796.875,937.5,453.125,429.6875,921.875,-125.0,335.9375,984.375,-710.9375,250.0,570.3125
1739883,70.3125,953.125,-1023.4375,593.75,703.125,953.125,507.8125,265.625,953.125,-117.1875,257.8125,976.5625,-687.5,203.125,500.0
1739883,70.3125,953.125,-1023.4375,593.75,703.125,953.125,507.8125,265.625,953.125,-117.1875,257.8125,976.5625,-687.5,203.125,500.0
1740028,320.3125,1437.5,171.875,39.0625,-1406.25,695.3125,-54.6875,-1195.3125,507.8125,-93.75,-1085.9375,484.375,-398.4375,-984.375,273.4375
1740028,320.3125,1437.5,171.875,39.0625,-1406.25,695.3125,-54.6875,-1195.3125,507.8125,-93.75,-1085.9375,484.375,-398.4375,-984.375,273.4375
1740028,406.25,1164.0625,304.6875,23.4375,-484.375,906.25,-101.5625,-1000.0,445.3125,-218.75,-1093.75,289.0625,-367.1875,-1125.0,109.375
1740028,406.25,1164.0625,304.6875,23.4375,-484.375,906.25,-101.5625,-1000.0,445.3125,-218.75,-1093.75,289.0625,-367.1875,-1125.0,109.375
1740035,85.9375,937.5,-164.0625,23.4375,-273.4375,1031.25,-39.0625,-835.9375,515.625,-140.625,-921.875,343.75,-234.375,-1023.4375,164.0625
1740035,85.9375,937.5,-164.0625,23.4375,-273.4375,1031.25,-39.0625,-835.9375,515.625,-140.625,-921.875,343.75,-234.375,-1023.4375,164.0625
1740044,-125.0,867.1875,-359.375,296.875,-156.25,1078.125,203.125,-820.3125,609.375,-15.625,-757.8125,515.625,-210.9375,-765.625,367.1875
1740044,-125.0,867.1875,-359.375,296.875,-156.25,1078.125,203.125,-820.3125,609.375,-15.625,-757.8125,515.625,-210.9375,-765.625,367.1875
1740189,-23.4375,85.9375,-1476.5625,421.875,1406.25,656.25,484.375,1140.625,937.5,-296.875,1054.6875,1046.875,-882.8125,929.6875,546.875
1740189,-23.4375,85.9375,-1476.5625,421.875,1406.25,656.25,484.375,1140.625,937.5,-296.875,1054.6875,1046.875,-882.8125,929.6875,546.875
1740190,15.625,117.1875,-1421.875,414.0625,1359.375,679.6875,484.375,1140.625,929.6875,-250.0,1046.875,1007.8125,-851.5625,898.4375,523.4375
1740190,15.625,117.1875,-1421.875,414.0625,1359.375,679.6875,484.375,1140.625,929.6875,-250.0,1046.875,1007.8125,-851.5625,898.4375,523.4375
1740198,54.6875,265.625,-1367.1875,453.125,1304.6875,703.125,531.25,1046.875,953.125,-195.3125,1000.0,1039.0625,-796.875,875.0,546.875
1740198,54.6875,265.625,-1367.1875,453.125,1304.6875,703.125,531.25,1046.875,953.125,-195.3125,1000.0,1039.0625,-796.875,875.0,546.875
1740206,109.375,476.5625,-1289.0625,523.4375,1125.0,781.25,570.3125,953.125,968.75,-117.1875,929.6875,1054.6875,-781.25,835.9375,531.25
1740206,109.375,476.5625,-1289.0625,523.4375,1125.0,781.25,570.3125,953.125,968.75,-117.1875,929.6875,1054.6875,-781.25,835.9375,531.25
