1701090,0.0,-8.75,-70.0
1701090,0.0,-8.75,-70.0
1701100,17.5,-17.5,-61.25
1701100,17.5,-17.5,-61.25
1701251,-87.5,21.875,-4.375
1701251,-87.5,21.875,-4.375
1701261,-39.375,8.75,-43.75
1701261,-39.375,8.75,-43.75
1701412,-8.75,-13.125,-70.0
1701412,-8.75,-13.125,-70.0
1701423,-30.625,4.375,-83.125
1701423,-30.625,4.375,-83.125
1701575,8.75,0.0,-109.375
1701575,8.75,0.0,-109.375
1701584,0.0,-8.75,-91.875
1701584,0.0,-8.75,-91.875
1701736,-21.875,0.0,-100.625
1701736,-21.875,0.0,-100.625
1701746,-17.5,0.0,-96.25
1701746,-17.5,0.0,-96.25
1701897,-8.75,-17.5,-35.0
1701897,-8.75,-17.5,-35.0
1701907,-39.375,-8.75,-61.25
1701907,-39.375,-8.75,-61.25
1702059,35.0,-56.875,13.125
1702059,35.0,-56.875,13.125
1702068,13.125,-52.5,21.875
1702068,13.125,-52.5,21.875
1702159,-26.25,-17.5,13.125
1702159,-26.25,-17.5,13.125
1702170,-56.875,-8.75,8.75
1702170,-56.875,-8.75,8.75
1702321,52.5,-35.0,-65.625
1702321,52.5,-35.0,-65.625
1702331,17.5,-26.25,-52.5
1702331,17.5,-26.25,-52.5
1702482,-17.5,-35.0,0.0
1702482,-17.5,-35.0,0.0
1702493,-35.0,-26.25,0.0
1702493,-35.0,-26.25,0.0
1702644,-56.875,-61.25,39.375
1702644,-56.875,-61.25,39.375
1702654,-61.25,-78.75,78.75
1702654,-61.25,-78.75,78.75
1702806,70.0,-26.25,-21.875
1702806,70.0,-26.25,-21.875
1702816,113.75,-8.75,-113.75
1702816,113.75,-8.75,-113.75
1702967,1732.5,-4733.75,-4554.375
1702967,1732.5,-4733.75,-4554.375
1703118,-17421.25,23572.5,-7787.5
1703118,-17421.25,23572.5,-7787.5
1703128,-18331.25,28778.75,-6107.5
1703128,-18331.25,28778.75,-6107.5
1703280,-14590.625,10941.875,3731.875
1703280,-14590.625,10941.875,3731.875
1703290,-15592.5,6505.625,3543.75
1703290,-15592.5,6505.625,3543.75
1703441,-3045.0,9555.0,7280.0
1703441,-3045.0,9555.0,7280.0
1703451,-625.625,8522.5,7581.875
1703451,-625.625,8522.5,7581.875
1703603,-4602.5,-2743.125,3163.125
1703603,-4602.5,-2743.125,3163.125
1703613,-5385.625,-3548.125,3911.25
1703613,-5385.625,-3548.125,3911.25
1703764,-15649.375,4261.25,-1806.875
1703764,-15649.375,4261.25,-1806.875
1703774,-10705.625,1706.25,-1356.25
1703774,-10705.625,1706.25,-1356.25
1703926,-2786.875,13645.625,4016.25
1703926,-2786.875,13645.625,4016.25
1703936,5035.625,10399.375,2555.0
1703936,5035.625,10399.375,2555.0
