1684467,647.5,-1509.375,459.375
1684467,647.5,-1509.375,459.375
1684477,476.875,-1435.0,301.875
1684477,476.875,-1435.0,301.875
1684488,560.0,-1754.375,240.625
1684488,560.0,-1754.375,240.625
1684498,743.75,-1938.125,529.375
1684498,743.75,-1938.125,529.375
1684508,148.75,-2323.125,577.5
1684508,148.75,-2323.125,577.5
1684519,271.25,-2830.625,835.625
1684519,271.25,-2830.625,835.625
1684529,870.625,-3027.5,962.5
1684529,870.625,-3027.5,962.5
1684539,1163.75,-3119.375,905.625
1684539,1163.75,-3119.375,905.625
1684550,975.625,-3311.875,835.625
1684550,975.625,-3311.875,835.625
1684560,1211.875,-3705.625,840.0
1684560,1211.875,-3705.625,840.0
1684570,1303.75,-3710.0,918.75
1684570,1303.75,-3710.0,918.75
1684581,704.375,-3850.0,835.625
1684581,704.375,-3850.0,835.625
1684591,433.125,-4016.25,739.375
1684591,433.125,-4016.25,739.375
1684601,1019.375,-3683.75,888.125
1684601,1019.375,-3683.75,888.125
1684612,1023.75,-4392.5,1163.75
1684612,1023.75,-4392.5,1163.75
1684622,861.875,-5866.875,1448.125
1684622,861.875,-5866.875,1448.125
1684632,402.5,-6475.0,1631.875
1684632,402.5,-6475.0,1631.875
1684643,700.0,-6330.625,1872.5
1684643,700.0,-6330.625,1872.5
1684653,56.875,-7739.375,2012.5
1684653,56.875,-7739.375,2012.5
1684663,-126.875,-7993.125,1806.875
1684663,-126.875,-7993.125,1806.875
1684673,892.5,-7651.875,1540.0
1684673,892.5,-7651.875,1540.0
1684684,1850.625,-6540.625,1330.0
1684684,1850.625,-6540.625,1330.0
1684693,1115.625,-5827.5,1421.875
1684693,1115.625,-5827.5,1421.875
1684703,-336.875,-6461.875,1421.875
1684703,-336.875,-6461.875,1421.875
1684715,-61.25,-6479.375,1561.875
1684715,-61.25,-6479.375,1561.875
1684725,406.875,-6448.75,1710.625
1684725,406.875,-6448.75,1710.625
1684736,328.125,-6133.75,1671.25
1684736,328.125,-6133.75,1671.25
1684746,345.625,-5713.75,1557.5
1684746,345.625,-5713.75,1557.5
1684756,350.0,-5215.0,1404.375
1684756,350.0,-5215.0,1404.375
1684766,350.0,-4235.0,1141.875
1684766,350.0,-4235.0,1141.875
1684777,376.25,-3740.625,669.375
1684777,376.25,-3740.625,669.375
1684787,1050.0,-3666.25,595.0
1684787,1050.0,-3666.25,595.0
1684797,1780.625,-4151.875,472.5
1684797,1780.625,-4151.875,472.5
1684808,2178.75,-5127.5,1015.0
1684808,2178.75,-5127.5,1015.0
1684818,1820.0,-6527.5,1846.25
1684818,1820.0,-6527.5,1846.25
1684828,420.0,-9572.5,2629.375
1684828,420.0,-9572.5,2629.375
1684839,-2003.75,-13943.125,4532.5
1684839,-2003.75,-13943.125,4532.5
1684849,-3303.125,-18795.0,6663.125
1684849,-3303.125,-18795.0,6663.125
1684859,-5788.125,-25602.5,7441.875
1684859,-5788.125,-25602.5,7441.875
1684869,-7507.5,-28861.875,4921.875
1684869,-7507.5,-28861.875,4921.875
1684880,-4143.125,-28936.25,5293.75
1684880,-4143.125,-28936.25,5293.75
1684891,-3666.25,-38185.0,11147.5
1684891,-3666.25,-38185.0,11147.5
1684900,-4130.0,-45386.25,14096.25
1684900,-4130.0,-45386.25,14096.25
1684911,-240.625,-69195.0,29395.625
1684911,-240.625,-69195.0,29395.625
1684921,-11528.125,-115250.625,31526.25
1684921,-11528.125,-115250.625,31526.25
1684932,-60125.625,-143355.625,15618.75
1684932,-60125.625,-143355.625,15618.75
1684942,-36015.0,-143355.625,20453.125
1684942,-36015.0,-143355.625,20453.125
1684952,-35437.5,-142743.125,1820.0
1684952,-35437.5,-142743.125,1820.0
1684962,-49883.75,-143355.625,-4532.5
1684962,-49883.75,-143355.625,-4532.5
1684973,-23712.5,-139938.75,-1666.875
1684973,-23712.5,-139938.75,-1666.875
1684983,5040.0,-91336.875,-271.25
1684983,5040.0,-91336.875,-271.25
1684993,-170.625,-34553.75,-1404.375
1684993,-170.625,-34553.75,-1404.375
1685004,411.25,-12810.0,9450.0
1685004,411.25,-12810.0,9450.0
1685014,12989.375,1448.125,18156.25
1685014,12989.375,1448.125,18156.25
1685024,9401.875,6413.75,30528.75
1685024,9401.875,6413.75,30528.75
1685035,-4554.375,8487.5,36102.5
1685035,-4554.375,8487.5,36102.5
1685045,-29557.5,7805.0,45587.5
1685045,-29557.5,7805.0,45587.5
1685055,-49651.875,3963.75,58340.625
1685055,-49651.875,3963.75,58340.625
1685066,-64426.25,-315.0,72817.5
1685066,-64426.25,-315.0,72817.5
1685076,-83006.875,-14240.625,89136.25
1685076,-83006.875,-14240.625,89136.25
1685087,-97807.5,-22981.875,102803.75
1685087,-97807.5,-22981.875,102803.75
1685096,-106946.875,-26648.125,119498.75
1685096,-106946.875,-26648.125,119498.75
1685107,-116278.75,-36172.5,130913.125
1685107,-116278.75,-36172.5,130913.125
1685117,-132916.875,-46235.0,136123.75
1685117,-132916.875,-46235.0,136123.75
1685127,-143360.0,-54363.75,142240.0
1685127,-143360.0,-54363.75,142240.0
1685138,-143360.0,-58498.125,-143360.0
1685138,-143360.0,-58498.125,-143360.0
1685148,-143123.75,-59237.5,143316.25
1685148,-143123.75,-59237.5,143316.25
1685159,-143360.0,-62820.625,143325.0
1685159,-143360.0,-62820.625,143325.0
1685169,-143360.0,-67799.375,-143360.0
1685169,-143360.0,-67799.375,-143360.0
1685179,-143355.625,-67221.875,-143360.0
1685179,-143355.625,-67221.875,-143360.0
1685189,-143360.0,-60816.875,-143360.0
1685189,-143360.0,-60816.875,-143360.0
1685200,-143360.0,-55877.5,-143360.0
1685200,-143360.0,-55877.5,-143360.0
1685210,-143360.0,-53952.5,-143360.0
1685210,-143360.0,-53952.5,-143360.0
1685220,-143360.0,-58607.5,-143360.0
1685220,-143360.0,-58607.5,-143360.0
1685231,-143360.0,-65266.25,-143360.0
1685231,-143360.0,-65266.25,-143360.0
1685241,-143360.0,-64505.0,-143360.0
1685241,-143360.0,-64505.0,-143360.0
1685251,-143360.0,-61875.625,-143360.0
1685251,-143360.0,-61875.625,-143360.0
1685262,-143360.0,-68451.25,-143360.0
1685262,-143360.0,-68451.25,-143360.0
1685272,-143360.0,-80202.5,-143360.0
1685272,-143360.0,-80202.5,-143360.0
1685282,-143360.0,-84813.75,-143360.0
1685282,-143360.0,-84813.75,-143360.0
1685292,-143360.0,-82232.5,-143360.0
1685292,-143360.0,-82232.5,-143360.0
1685303,-143360.0,-75390.0,-143360.0
1685303,-143360.0,-75390.0,-143360.0
1685313,-143360.0,-60637.5,140573.125
1685313,-143360.0,-60637.5,140573.125
1685323,-143360.0,-39536.875,125260.625
1685323,-143360.0,-39536.875,125260.625
1685334,-142143.75,-20365.625,110429.375
1685334,-142143.75,-20365.625,110429.375
1685344,-129556.875,-10801.875,100375.625
1685344,-129556.875,-10801.875,100375.625
1685355,-115552.5,-12656.875,94307.5
1685355,-115552.5,-12656.875,94307.5
1685365,-106610.0,-17486.875,89254.375
1685365,-106610.0,-17486.875,89254.375
1685375,-100668.75,-21358.75,83531.875
1685375,-100668.75,-21358.75,83531.875
1685385,-96871.25,-28481.25,79121.875
1685385,-96871.25,-28481.25,79121.875
1685396,-91853.125,-39138.75,74781.875
1685396,-91853.125,-39138.75,74781.875
1685406,-86371.25,-49791.875,70000.0
1685406,-86371.25,-49791.875,70000.0
1685416,-79795.625,-58358.125,66526.25
1685416,-79795.625,-58358.125,66526.25
1685427,-71264.375,-60690.0,62391.875
1685427,-71264.375,-60690.0,62391.875
1685437,-61814.375,-59290.0,57365.0
1685437,-61814.375,-59290.0,57365.0
1685447,-51909.375,-57010.625,50583.75
1685447,-51909.375,-57010.625,50583.75
1685458,-42940.625,-52101.875,42078.75
1685458,-42940.625,-52101.875,42078.75
1685468,-34173.125,-44038.75,32541.25
1685468,-34173.125,-44038.75,32541.25
1685477,-22671.25,-37065.0,23870.0
1685477,-22671.25,-37065.0,23870.0
1685488,-12718.125,-32921.875,14783.125
1685488,-12718.125,-32921.875,14783.125
1685499,-6308.75,-29968.75,6540.625
1685499,-6308.75,-29968.75,6540.625
1685509,389.375,-26810.0,822.5
1685509,389.375,-26810.0,822.5
1685520,5709.375,-22413.125,-3766.875
1685520,5709.375,-22413.125,-3766.875
1685530,4663.75,-17574.375,-8386.875
1685530,4663.75,-17574.375,-8386.875
1685540,-2253.125,-14052.5,-11830.0
1685540,-2253.125,-14052.5,-11830.0
1685550,-8693.125,-13803.125,-11217.5
1685550,-8693.125,-13803.125,-11217.5
1685561,-12057.5,-13825.0,-8233.75
1685561,-12057.5,-13825.0,-8233.75
1685571,-14035.0,-13558.125,-5495.0
1685571,-14035.0,-13558.125,-5495.0
1685581,-17062.5,-12236.875,-2117.5
1685581,-17062.5,-12236.875,-2117.5
1685592,-18423.125,-12656.875,3303.125
1685592,-18423.125,-12656.875,3303.125
1685602,-18200.0,-14516.25,6352.5
1685602,-18200.0,-14516.25,6352.5
1685612,-19368.125,-17303.125,6737.5
1685612,-19368.125,-17303.125,6737.5
1685623,-21844.375,-25252.5,7949.375
1685623,-21844.375,-25252.5,7949.375
1685633,-24696.875,-33845.0,7831.25
1685633,-24696.875,-33845.0,7831.25
1685643,-32707.5,-24609.375,8421.875
1685643,-32707.5,-24609.375,8421.875
1685654,-41037.5,4331.25,17688.125
1685654,-41037.5,4331.25,17688.125
1685664,-5543.125,-5416.25,2511.25
1685664,-5543.125,-5416.25,2511.25
1685673,16572.5,-13584.375,-12976.25
1685673,16572.5,-13584.375,-12976.25
1685685,17.5,-20068.125,-3123.75
1685685,17.5,-20068.125,-3123.75
1685695,12429.375,-20978.125,-6177.5
1685695,12429.375,-20978.125,-6177.5
1685705,36566.25,-16178.75,-10399.375
1685705,36566.25,-16178.75,-10399.375
1685716,36010.625,-22610.0,-5888.75
1685716,36010.625,-22610.0,-5888.75
1685726,18948.125,-26740.0,-406.875
1685726,18948.125,-26740.0,-406.875
1685736,2541.875,-40897.5,5306.875
1685736,2541.875,-40897.5,5306.875
1685747,-8299.375,-56603.75,8338.75
1685747,-8299.375,-56603.75,8338.75
1685757,-14192.5,-53248.125,6715.625
1685757,-14192.5,-53248.125,6715.625
1685767,-8798.125,-36968.75,8872.5
1685767,-8798.125,-36968.75,8872.5
1685778,6715.625,-17377.5,4497.5
1685778,6715.625,-17377.5,4497.5
1685788,6720.0,1045.625,-8115.625
1685788,6720.0,1045.625,-8115.625
1685798,3793.125,6685.0,-10215.625
1685798,3793.125,6685.0,-10215.625
1685808,12276.25,5110.0,-11690.0
1685808,12276.25,5110.0,-11690.0
1685819,11379.375,2848.125,-12022.5
1685819,11379.375,2848.125,-12022.5
1685829,5512.5,2944.375,-8680.0
1685829,5512.5,2944.375,-8680.0
1685839,9611.875,6055.0,-5280.625
1685839,9611.875,6055.0,-5280.625
1685850,17040.625,4707.5,-2358.125
1685850,17040.625,4707.5,-2358.125
1685860,16366.875,-695.625,1610.0
1685860,16366.875,-695.625,1610.0
1685870,13273.75,-1487.5,7004.375
1685870,13273.75,-1487.5,7004.375
1685881,16156.875,-665.0,8439.375
1685881,16156.875,-665.0,8439.375
1685890,8413.125,16003.75,11611.25
1685890,8413.125,16003.75,11611.25
1685901,1855.0,27755.0,17644.375
1685901,1855.0,27755.0,17644.375
1685912,15942.5,9922.5,21892.5
1685912,15942.5,9922.5,21892.5
1685922,16275.0,-14354.375,13216.875
1685922,16275.0,-14354.375,13216.875
1685932,-23721.25,-266.875,8841.875
1685932,-23721.25,-266.875,8841.875
1685943,-11510.625,-9130.625,11418.75
1685943,-11510.625,-9130.625,11418.75
1685953,32392.5,-8894.375,3885.0
1685953,32392.5,-8894.375,3885.0
1685963,31578.75,-27711.25,3815.0
1685963,31578.75,-27711.25,3815.0
1685974,5976.25,-60624.375,-1763.125
1685974,5976.25,-60624.375,-1763.125
1685984,-4007.5,-67046.875,-525.0
1685984,-4007.5,-67046.875,-525.0
1685994,12766.25,-67795.0,-1855.0
1685994,12766.25,-67795.0,-1855.0
1686004,9708.125,-68088.125,-888.125
1686004,9708.125,-68088.125,-888.125
1686015,-16358.125,-65852.5,-1929.375
1686015,-16358.125,-65852.5,-1929.375
1686025,-26862.5,-45626.875,-3290.0
1686025,-26862.5,-45626.875,-3290.0
1686035,-19985.0,-18396.875,-3500.0
1686035,-19985.0,-18396.875,-3500.0
1686046,-13125.0,-5066.25,-5302.5
1686046,-13125.0,-5066.25,-5302.5
1686056,-19608.75,2568.125,-11318.125
1686056,-19608.75,2568.125,-11318.125
1686066,-34313.125,19158.125,-13370.0
1686066,-34313.125,19158.125,-13370.0
1686077,-30340.625,42525.0,-9835.0
1686077,-30340.625,42525.0,-9835.0
1686087,-13908.125,53777.5,-18659.375
1686087,-13908.125,53777.5,-18659.375
1686098,-11987.5,55750.625,-17828.125
1686098,-11987.5,55750.625,-17828.125
1686108,-15732.5,55803.125,-13405.0
1686108,-15732.5,55803.125,-13405.0
1686118,-8583.75,46195.625,-14227.5
1686118,-8583.75,46195.625,-14227.5
1686128,-6483.75,36500.625,-13890.625
1686128,-6483.75,36500.625,-13890.625
1686139,-7288.75,23681.875,-10858.75
1686139,-7288.75,23681.875,-10858.75
1686149,1303.75,9940.0,-8063.125
1686149,1303.75,9940.0,-8063.125
1686159,2016.875,-105.0,-8728.125
1686159,2016.875,-105.0,-8728.125
1686170,-4663.75,-10753.75,-7389.375
1686170,-4663.75,-10753.75,-7389.375
1686180,-4060.0,-12390.0,-4620.0
1686180,-4060.0,-12390.0,-4620.0
1686190,2266.25,-11033.75,-1815.625
1686190,2266.25,-11033.75,-1815.625
1686201,896.875,-10058.125,1343.125
1686201,896.875,-10058.125,1343.125
1686211,-7367.5,-8190.0,3731.875
1686211,-7367.5,-8190.0,3731.875
1686221,-8470.0,-7739.375,4602.5
1686221,-8470.0,-7739.375,4602.5
1686231,-1693.125,-11130.0,3307.5
1686231,-1693.125,-11130.0,3307.5
1686242,1085.0,-12810.0,3710.0
1686242,1085.0,-12810.0,3710.0
1686252,8045.625,-15596.875,5639.375
1686252,8045.625,-15596.875,5639.375
1686262,10959.375,-3141.25,3530.625
1686262,10959.375,-3141.25,3530.625
1686273,1417.5,14616.875,5289.375
1686273,1417.5,14616.875,5289.375
1686283,8251.25,10990.0,3307.5
1686283,8251.25,10990.0,3307.5
1686294,24180.625,-11777.5,4361.875
1686294,24180.625,-11777.5,4361.875
1686303,12280.625,-22798.125,-1417.5
1686303,12280.625,-22798.125,-1417.5
1686314,-20658.75,3640.0,3333.75
1686314,-20658.75,3640.0,3333.75
1686325,1653.75,5976.25,700.0
1686325,1653.75,5976.25,700.0
1686335,35336.875,-3994.375,-1662.5
1686335,35336.875,-3994.375,-1662.5
1686345,15763.125,-20536.25,8942.5
1686345,15763.125,-20536.25,8942.5
1686355,-4230.625,-48365.625,3832.5
1686355,-4230.625,-48365.625,3832.5
1686365,-7896.875,-43526.875,4978.75
1686365,-7896.875,-43526.875,4978.75
1686376,5516.875,-49170.625,2655.625
1686376,5516.875,-49170.625,2655.625
1686386,7905.625,-50019.375,83.125
1686386,7905.625,-50019.375,83.125
1686397,-3023.125,-48811.875,-835.625
1686397,-3023.125,-48811.875,-835.625
1686407,-1649.375,-41571.25,-5866.875
1686407,-1649.375,-41571.25,-5866.875
1686417,-223.125,-20361.25,-10705.625
1686417,-223.125,-20361.25,-10705.625
1686427,-4375.0,1946.875,-13090.0
1686427,-4375.0,1946.875,-13090.0
1686438,-2690.625,8916.25,-17771.25
1686438,-2690.625,8916.25,-17771.25
1686449,-1614.375,13693.75,-17115.0
1686449,-1614.375,13693.75,-17115.0
1686458,-1058.75,11567.5,-17342.5
1686458,-1058.75,11567.5,-17342.5
1686469,-8693.125,14249.375,-16773.75
1686469,-8693.125,14249.375,-16773.75
1686479,-20265.0,36798.125,-8273.125
1686479,-20265.0,36798.125,-8273.125
1686489,-8408.75,37366.875,-9331.875
1686489,-8408.75,37366.875,-9331.875
1686500,-7004.375,32926.25,-19481.875
1686500,-7004.375,32926.25,-19481.875
1686510,-17688.125,28376.25,-8255.625
1686510,-17688.125,28376.25,-8255.625
1686520,-11270.0,36382.5,-7201.25
1686520,-11270.0,36382.5,-7201.25
1686531,-6081.25,38255.0,-10985.625
1686531,-6081.25,38255.0,-10985.625
1686541,-5306.875,28087.5,-14678.125
1686541,-5306.875,28087.5,-14678.125
1686551,-8798.125,23856.875,-9489.375
1686551,-8798.125,23856.875,-9489.375
1686562,5884.375,9738.75,-3679.375
1686562,5884.375,9738.75,-3679.375
1686572,14630.0,-4436.25,-9804.375
1686572,14630.0,-4436.25,-9804.375
1686582,-577.5,-10850.0,-7100.625
1686582,-577.5,-10850.0,-7100.625
1686591,-420.0,-13755.0,-236.25
1686591,-420.0,-13755.0,-236.25
1686603,10845.625,-15680.0,4134.375
1686603,10845.625,-15680.0,4134.375
1686613,2003.75,-19184.375,7476.875
1686613,2003.75,-19184.375,7476.875
1686623,-5805.625,-23073.75,11563.125
1686623,-5805.625,-23073.75,11563.125
1686634,393.75,-20164.375,12792.5
1686634,393.75,-20164.375,12792.5
1686645,3438.75,-18830.0,14476.875
1686645,3438.75,-18830.0,14476.875
1686654,1351.875,-18585.0,17268.125
1686654,1351.875,-18585.0,17268.125
1686665,2130.625,-16721.25,18230.625
1686665,2130.625,-16721.25,18230.625
1686675,4821.25,-16559.375,17793.125
1686675,4821.25,-16559.375,17793.125
1686686,4265.625,-10963.75,17727.5
1686686,4265.625,-10963.75,17727.5
1686696,6282.5,-1155.0,18873.75
1686696,6282.5,-1155.0,18873.75
1686706,11510.625,7630.0,17132.5
1686706,11510.625,7630.0,17132.5
1686717,9397.5,12127.5,14275.625
1686717,9397.5,12127.5,14275.625
1686726,-424.375,22522.5,14599.375
1686726,-424.375,22522.5,14599.375
1686737,-459.375,28765.625,12359.375
1686737,-459.375,28765.625,12359.375
1686747,5591.25,26009.375,11611.25
1686747,5591.25,26009.375,11611.25
1686758,11051.25,11475.625,10027.5
1686758,11051.25,11475.625,10027.5
1686768,-800.625,18519.375,1246.875
1686768,-800.625,18519.375,1246.875
1686778,-13636.875,39541.25,5341.875
1686778,-13636.875,39541.25,5341.875
1686789,9773.75,37511.25,1260.0
1686789,9773.75,37511.25,1260.0
1686798,23445.625,23139.375,-161.875
1686798,23445.625,23139.375,-161.875
1686809,5263.125,3325.0,-83.125
1686809,5263.125,3325.0,-83.125
1686820,-14945.0,-13606.25,3727.5
1686820,-14945.0,-13606.25,3727.5
1686830,-14560.0,-21367.5,5276.25
1686830,-14560.0,-21367.5,5276.25
1686841,-12753.125,-27203.75,1623.125
1686841,-12753.125,-27203.75,1623.125
1686850,-19617.5,-24731.875,560.0
1686850,-19617.5,-24731.875,560.0
1686861,-16603.125,-16253.125,-3517.5
1686861,-16603.125,-16253.125,-3517.5
1686871,-8526.875,-1273.125,-9266.25
1686871,-8526.875,-1273.125,-9266.25
1686881,-7280.0,13628.125,-13356.875
1686881,-7280.0,13628.125,-13356.875
1686892,-7135.625,10867.5,-12560.625
1686892,-7135.625,10867.5,-12560.625
1686902,-10443.125,-4589.375,-12941.25
1686902,-10443.125,-4589.375,-12941.25
1686913,-21875.0,-13965.0,-12976.25
1686913,-21875.0,-13965.0,-12976.25
1686923,-27435.625,-8649.375,-7546.875
1686923,-27435.625,-8649.375,-7546.875
1686933,-22531.25,8260.0,-4891.25
1686933,-22531.25,8260.0,-4891.25
1686943,-20186.25,17189.375,-5648.125
1686943,-20186.25,17189.375,-5648.125
1686954,-20361.25,16117.5,-7056.875
1686954,-20361.25,16117.5,-7056.875
1686964,-16769.375,11296.25,-6706.875
1686964,-16769.375,11296.25,-6706.875
1686974,-13466.25,8960.0,-7083.125
1686974,-13466.25,8960.0,-7083.125
1686985,-14380.625,12551.875,-6461.875
1686985,-14380.625,12551.875,-6461.875
1686996,-6960.625,11825.625,-7879.375
1686996,-6960.625,11825.625,-7879.375
1687005,3828.125,11073.125,-10338.125
1687005,3828.125,11073.125,-10338.125
1687016,7306.25,10959.375,-9345.0
1687016,7306.25,10959.375,-9345.0
1687026,12381.25,3955.0,-9642.5
1687026,12381.25,3955.0,-9642.5
1687036,15365.0,3570.0,-9725.625
1687036,15365.0,3570.0,-9725.625
1687047,14140.0,319.375,-5188.75
1687047,14140.0,319.375,-5188.75
1687057,14892.5,-4130.0,-892.5
1687057,14892.5,-4130.0,-892.5
1687067,11038.125,-10005.625,3504.375
1687067,11038.125,-10005.625,3504.375
1687078,4681.25,-17298.75,8850.625
1687078,4681.25,-17298.75,8850.625
1687088,3001.25,-20251.875,13545.0
1687088,3001.25,-20251.875,13545.0
1687098,4025.0,-20934.375,17351.25
1687098,4025.0,-20934.375,17351.25
1687109,4991.875,-23756.25,17705.625
1687109,4991.875,-23756.25,17705.625
1687119,5923.75,-25388.125,16113.125
1687119,5923.75,-25388.125,16113.125
1687129,7901.25,-18786.25,16156.875
1687129,7901.25,-18786.25,16156.875
1687139,10316.25,-6111.875,17990.0
1687139,10316.25,-6111.875,17990.0
1687149,14140.0,1561.875,15754.375
1687149,14140.0,1561.875,15754.375
1687160,13133.75,6549.375,12963.125
1687160,13133.75,6549.375,12963.125
1687170,7293.125,12481.875,14704.375
1687170,7293.125,12481.875,14704.375
1687181,12341.875,8688.75,14323.75
1687181,12341.875,8688.75,14323.75
1687190,13720.0,3150.0,14017.5
1687190,13720.0,3150.0,14017.5
1687201,1015.0,4033.75,12840.625
1687201,1015.0,4033.75,12840.625
1687212,-2467.5,14525.0,8903.125
1687212,-2467.5,14525.0,8903.125
1687222,3797.5,27356.875,6033.125
1687222,3797.5,27356.875,6033.125
1687232,9826.25,20068.125,8461.25
1687232,9826.25,20068.125,8461.25
1687243,7161.875,1426.25,5009.375
1687243,7161.875,1426.25,5009.375
1687253,-8058.75,-12158.125,2143.75
1687253,-8058.75,-12158.125,2143.75
1687263,-15750.0,-9323.125,4243.75
1687263,-15750.0,-9323.125,4243.75
1687274,-6645.625,-4038.125,4480.0
1687274,-6645.625,-4038.125,4480.0
1687284,-6308.75,-4790.625,490.0
1687284,-6308.75,-4790.625,490.0
1687294,-16940.0,-9953.125,-2213.75
1687294,-16940.0,-9953.125,-2213.75
1687305,-15159.375,-8588.125,-6899.375
1687305,-15159.375,-8588.125,-6899.375
1687315,-9839.375,4348.75,-9235.625
1687315,-9839.375,4348.75,-9235.625
1687325,-4930.625,8876.875,-11208.75
1687325,-4930.625,8876.875,-11208.75
1687336,-4641.875,10972.5,-15601.25
1687336,-4641.875,10972.5,-15601.25
1687346,-10889.375,12245.625,-16362.5
1687346,-10889.375,12245.625,-16362.5
1687356,-6636.875,15964.375,-16782.5
1687356,-6636.875,15964.375,-16782.5
1687366,1754.375,20103.125,-16913.75
1687366,1754.375,20103.125,-16913.75
1687376,2436.875,17893.75,-15732.5
1687376,2436.875,17893.75,-15732.5
1687387,1255.625,15990.625,-14367.5
1687387,1255.625,15990.625,-14367.5
1687397,2511.25,15168.125,-11392.5
1687397,2511.25,15168.125,-11392.5
1687408,3228.75,12713.75,-8299.375
1687408,3228.75,12713.75,-8299.375
1687418,2760.625,9611.875,-5726.875
1687418,2760.625,9611.875,-5726.875
1687428,3045.0,7673.75,-2944.375
1687428,3045.0,7673.75,-2944.375
1687439,4620.0,5591.25,-266.875
1687439,4620.0,5591.25,-266.875
1687449,5333.125,3233.125,2126.25
1687449,5333.125,3233.125,2126.25
1687459,4580.625,350.0,3771.25
1687459,4580.625,350.0,3771.25
1687470,3845.625,-2537.5,6055.0
1687470,3845.625,-2537.5,6055.0
1687480,3994.375,-4830.0,8496.25
1687480,3994.375,-4830.0,8496.25
1687491,3578.75,-8137.5,10368.75
1687491,3578.75,-8137.5,10368.75
1687501,2191.875,-11134.375,11633.125
1687501,2191.875,-11134.375,11633.125
1687511,1325.625,-12906.25,12687.5
1687511,1325.625,-12906.25,12687.5
1687521,923.125,-13523.125,13120.625
1687521,923.125,-13523.125,13120.625
1687532,590.625,-12311.25,12473.125
1687532,590.625,-12311.25,12473.125
1687542,1373.75,-11506.25,11843.125
1687542,1373.75,-11506.25,11843.125
1687552,3097.5,-11108.125,10766.875
1687552,3097.5,-11108.125,10766.875
1687562,2528.75,-10053.75,8395.625
1687562,2528.75,-10053.75,8395.625
