1737289,-17.5,-17.5,4.375
1737289,-17.5,-17.5,4.375
1737299,-8.75,-17.5,-13.125
1737299,-8.75,-17.5,-13.125
1737450,8.75,-17.5,-13.125
1737450,8.75,-17.5,-13.125
1737461,4.375,-13.125,-4.375
1737461,4.375,-13.125,-4.375
1737612,26.25,-35.0,17.5
1737612,26.25,-35.0,17.5
1737621,-26.25,-17.5,65.625
1737621,-26.25,-17.5,65.625
1737773,-56.875,0.0,-4.375
1737773,-56.875,0.0,-4.375
1737783,-43.75,4.375,-8.75
1737783,-43.75,4.375,-8.75
1737854,-43.75,-4.375,-17.5
1737854,-43.75,-4.375,-17.5
1737864,-43.75,-17.5,-8.75
1737864,-43.75,-17.5,-8.75
1737935,0.0,-8.75,-39.375
1737935,0.0,-8.75,-39.375
1737945,-4.375,-13.125,-56.875
1737945,-4.375,-13.125,-56.875
1738096,-8.75,-13.125,0.0
1738096,-8.75,-13.125,0.0
1738106,-35.0,0.0,4.375
1738106,-35.0,0.0,4.375
1738258,-13.125,4.375,-13.125
1738258,-13.125,4.375,-13.125
1738268,-26.25,0.0,-30.625
1738268,-26.25,0.0,-30.625
1738419,-30.625,-4.375,-100.625
1738419,-30.625,-4.375,-100.625
1738430,-48.125,8.75,-87.5
1738430,-48.125,8.75,-87.5
1738581,-35.0,-39.375,-100.625
1738581,-35.0,-39.375,-100.625
1738591,-61.25,-26.25,-100.625
1738591,-61.25,-26.25,-100.625
1738742,-39.375,-30.625,-113.75
1738742,-39.375,-30.625,-113.75
1738752,-48.125,-13.125,-109.375
1738752,-48.125,-13.125,-109.375
1738904,-91.875,8.75,-161.875
1738904,-91.875,8.75,-161.875
1738914,-61.25,4.375,-148.75
1738914,-61.25,4.375,-148.75
1739065,-2323.125,857.5,2769.375
1739065,-2323.125,857.5,2769.375
1739075,-2213.75,1190.0,3946.25
1739075,-2213.75,1190.0,3946.25
1739227,-14682.5,13365.625,-9716.875
1739227,-14682.5,13365.625,-9716.875
1739237,-15316.875,14516.25,-11834.375
1739237,-15316.875,14516.25,-11834.375
1739388,-23152.5,23839.375,-638.75
1739388,-23152.5,23839.375,-638.75
1739398,-19092.5,19985.0,-2826.25
1739398,-19092.5,19985.0,-2826.25
1739550,-5941.25,4501.875,4414.375
1739550,-5941.25,4501.875,4414.375
1739560,-6466.25,3797.5,5998.125
1739560,-6466.25,3797.5,5998.125
1739711,1041.25,-8868.125,-2170.0
1739711,1041.25,-8868.125,-2170.0
1739720,560.0,-5936.875,-5066.25
1739720,560.0,-5936.875,-5066.25
1739862,-2638.125,6960.625,6584.375
1739862,-2638.125,6960.625,6584.375
1739873,-2183.125,6868.75,7345.625
1739873,-2183.125,6868.75,7345.625
1740024,-857.5,-6820.625,-5586.875
1740024,-857.5,-6820.625,-5586.875
1740033,1036.875,-10259.375,-6816.25
1740033,1036.875,-10259.375,-6816.25
1740185,490.0,236.25,1225.0
1740185,490.0,236.25,1225.0
1740196,1806.875,739.375,1885.625
1740196,1806.875,739.375,1885.625
