1728214,-257.8125,695.3125,687.5,-156.25,-773.4375,656.25,78.125,-1000.0,171.875,359.375,-937.5,0.0,492.1875,-835.9375,242.1875
1728214,-257.8125,695.3125,687.5,-156.25,-773.4375,656.25,78.125,-1000.0,171.875,359.375,-937.5,0.0,492.1875,-835.9375,242.1875
1728214,-265.625,695.3125,679.6875,-164.0625,-765.625,648.4375,70.3125,-1000.0,164.0625,367.1875,-937.5,-7.8125,492.1875,-851.5625,242.1875
1728214,-265.625,695.3125,679.6875,-164.0625,-765.625,648.4375,70.3125,-1000.0,164.0625,367.1875,-937.5,-7.8125,492.1875,-851.5625,242.1875
1728223,-273.4375,695.3125,687.5,-164.0625,-781.25,656.25,78.125,-1000.0,164.0625,367.1875,-937.5,7.8125,492.1875,-843.75,242.1875
1728223,-273.4375,695.3125,687.5,-164.0625,-781.25,656.25,78.125,-1000.0,164.0625,367.1875,-937.5,7.8125,492.1875,-843.75,242.1875
1728231,-273.4375,687.5,687.5,-171.875,-781.25,656.25,70.3125,-1007.8125,164.0625,359.375,-937.5,0.0,492.1875,-835.9375,242.1875
1728231,-273.4375,687.5,687.5,-171.875,-781.25,656.25,70.3125,-1007.8125,164.0625,359.375,-937.5,0.0,492.1875,-835.9375,242.1875
1728377,-273.4375,687.5,679.6875,-156.25,-781.25,648.4375,85.9375,-1000.0,164.0625,367.1875,-929.6875,0.0,492.1875,-851.5625,234.375
1728377,-273.4375,687.5,679.6875,-156.25,-781.25,648.4375,85.9375,-1000.0,164.0625,367.1875,-929.6875,0.0,492.1875,-851.5625,234.375
1728377,-265.625,687.5,687.5,-156.25,-773.4375,648.4375,85.9375,-1000.0,164.0625,359.375,-937.5,0.0,492.1875,-843.75,242.1875
1728377,-265.625,687.5,687.5,-156.25,-773.4375,648.4375,85.9375,-1000.0,164.0625,359.375,-937.5,0.0,492.1875,-843.75,242.1875
1728385,-265.625,687.5,687.5,-156.25,-781.25,664.0625,78.125,-1000.0,164.0625,359.375,-929.6875,0.0,492.1875,-843.75,242.1875
1728385,-265.625,687.5,687.5,-156.25,-781.25,664.0625,78.125,-1000.0,164.0625,359.375,-929.6875,0.0,492.1875,-843.75,242.1875
1728393,-265.625,687.5,687.5,-156.25,-773.4375,656.25,70.3125,-1000.0,171.875,367.1875,-945.3125,7.8125,492.1875,-843.75,242.1875
1728393,-265.625,687.5,687.5,-156.25,-773.4375,656.25,70.3125,-1000.0,171.875,367.1875,-945.3125,7.8125,492.1875,-843.75,242.1875
1728537,-273.4375,687.5,687.5,-164.0625,-773.4375,656.25,78.125,-992.1875,171.875,367.1875,-929.6875,0.0,484.375,-843.75,234.375
1728537,-273.4375,687.5,687.5,-164.0625,-773.4375,656.25,78.125,-992.1875,171.875,367.1875,-929.6875,0.0,484.375,-843.75,234.375
1728537,-265.625,687.5,679.6875,-156.25,-773.4375,656.25,78.125,-1007.8125,156.25,359.375,-929.6875,0.0,492.1875,-843.75,242.1875
1728537,-265.625,687.5,679.6875,-156.25,-773.4375,656.25,78.125,-1007.8125,156.25,359.375,-929.6875,0.0,492.1875,-843.75,242.1875
1728546,-265.625,695.3125,695.3125,-156.25,-781.25,664.0625,78.125,-992.1875,171.875,351.5625,-937.5,-7.8125,492.1875,-843.75,242.1875
1728546,-265.625,695.3125,695.3125,-156.25,-781.25,664.0625,78.125,-992.1875,171.875,351.5625,-937.5,-7.8125,492.1875,-843.75,242.1875
1728554,-265.625,687.5,695.3125,-156.25,-781.25,656.25,78.125,-1007.8125,164.0625,367.1875,-937.5,0.0,492.1875,-851.5625,242.1875
1728554,-265.625,687.5,695.3125,-156.25,-781.25,656.25,78.125,-1007.8125,164.0625,367.1875,-937.5,0.0,492.1875,-851.5625,242.1875
1728699,-273.4375,695.3125,687.5,-156.25,-773.4375,648.4375,78.125,-992.1875,164.0625,367.1875,-929.6875,0.0,492.1875,-835.9375,242.1875
1728699,-273.4375,695.3125,687.5,-156.25,-773.4375,648.4375,78.125,-992.1875,164.0625,367.1875,-929.6875,0.0,492.1875,-835.9375,242.1875
1728699,-265.625,687.5,687.5,-164.0625,-773.4375,656.25,78.125,-1000.0,171.875,351.5625,-937.5,0.0,492.1875,-843.75,242.1875
1728699,-265.625,687.5,687.5,-164.0625,-773.4375,656.25,78.125,-1000.0,171.875,351.5625,-937.5,0.0,492.1875,-843.75,242.1875
1728708,-281.25,695.3125,695.3125,-156.25,-781.25,656.25,78.125,-1007.8125,164.0625,351.5625,-937.5,-7.8125,492.1875,-843.75,242.1875
1728708,-281.25,695.3125,695.3125,-156.25,-781.25,656.25,78.125,-1007.8125,164.0625,351.5625,-937.5,-7.8125,492.1875,-843.75,242.1875
1728853,-265.625,687.5,695.3125,-156.25,-781.25,656.25,85.9375,-1000.0,171.875,375.0,-945.3125,0.0,492.1875,-851.5625,242.1875
1728853,-265.625,687.5,695.3125,-156.25,-781.25,656.25,85.9375,-1000.0,171.875,375.0,-945.3125,0.0,492.1875,-851.5625,242.1875
1728860,-257.8125,695.3125,695.3125,-156.25,-781.25,656.25,85.9375,-1000.0,156.25,367.1875,-937.5,-7.8125,492.1875,-843.75,242.1875
1728860,-257.8125,695.3125,695.3125,-156.25,-781.25,656.25,85.9375,-1000.0,156.25,367.1875,-937.5,-7.8125,492.1875,-843.75,242.1875
1728860,-265.625,695.3125,695.3125,-156.25,-781.25,656.25,85.9375,-1000.0,171.875,359.375,-937.5,0.0,492.1875,-851.5625,242.1875
1728860,-265.625,695.3125,695.3125,-156.25,-781.25,656.25,85.9375,-1000.0,171.875,359.375,-937.5,0.0,492.1875,-851.5625,242.1875
1728869,-265.625,695.3125,687.5,-156.25,-781.25,648.4375,78.125,-992.1875,171.875,367.1875,-937.5,0.0,492.1875,-843.75,250.0
1728869,-265.625,695.3125,687.5,-156.25,-781.25,648.4375,78.125,-992.1875,171.875,367.1875,-937.5,0.0,492.1875,-843.75,250.0
1729014,-257.8125,687.5,695.3125,-156.25,-773.4375,656.25,78.125,-1000.0,164.0625,367.1875,-929.6875,0.0,492.1875,-835.9375,234.375
1729014,-257.8125,687.5,695.3125,-156.25,-773.4375,656.25,78.125,-1000.0,164.0625,367.1875,-929.6875,0.0,492.1875,-835.9375,234.375
1729021,-265.625,687.5,695.3125,-156.25,-781.25,656.25,78.125,-992.1875,171.875,367.1875,-929.6875,0.0,492.1875,-835.9375,242.1875
1729021,-265.625,687.5,695.3125,-156.25,-781.25,656.25,78.125,-992.1875,171.875,367.1875,-929.6875,0.0,492.1875,-835.9375,242.1875
1729022,-257.8125,687.5,695.3125,-156.25,-781.25,648.4375,78.125,-1000.0,164.0625,367.1875,-929.6875,0.0,492.1875,-843.75,234.375
1729022,-257.8125,687.5,695.3125,-156.25,-781.25,648.4375,78.125,-1000.0,164.0625,367.1875,-929.6875,0.0,492.1875,-843.75,234.375
1729030,-265.625,695.3125,695.3125,-156.25,-773.4375,648.4375,85.9375,-1000.0,164.0625,359.375,-937.5,7.8125,492.1875,-835.9375,234.375
1729030,-265.625,695.3125,695.3125,-156.25,-773.4375,648.4375,85.9375,-1000.0,164.0625,359.375,-937.5,7.8125,492.1875,-835.9375,234.375
1729175,-265.625,679.6875,703.125,-164.0625,-781.25,648.4375,85.9375,-1007.8125,171.875,367.1875,-937.5,0.0,484.375,-835.9375,234.375
1729175,-265.625,679.6875,703.125,-164.0625,-781.25,648.4375,85.9375,-1007.8125,171.875,367.1875,-937.5,0.0,484.375,-835.9375,234.375
1729183,-265.625,687.5,687.5,-156.25,-781.25,656.25,78.125,-1000.0,156.25,359.375,-945.3125,-7.8125,500.0,-843.75,242.1875
1729183,-265.625,687.5,687.5,-156.25,-781.25,656.25,78.125,-1000.0,156.25,359.375,-945.3125,-7.8125,500.0,-843.75,242.1875
1729183,-265.625,687.5,687.5,-164.0625,-781.25,656.25,78.125,-1007.8125,164.0625,367.1875,-929.6875,-7.8125,492.1875,-843.75,234.375
1729183,-265.625,687.5,687.5,-164.0625,-781.25,656.25,78.125,-1007.8125,164.0625,367.1875,-929.6875,-7.8125,492.1875,-843.75,234.375
1729191,-265.625,687.5,679.6875,-171.875,-781.25,648.4375,78.125,-1007.8125,156.25,359.375,-937.5,-7.8125,484.375,-835.9375,242.1875
1729191,-265.625,687.5,679.6875,-171.875,-781.25,648.4375,78.125,-1007.8125,156.25,359.375,-937.5,-7.8125,484.375,-835.9375,242.1875
1729336,-265.625,679.6875,695.3125,-156.25,-773.4375,656.25,78.125,-1000.0,164.0625,359.375,-937.5,0.0,492.1875,-843.75,242.1875
1729336,-265.625,679.6875,695.3125,-156.25,-773.4375,656.25,78.125,-1000.0,164.0625,359.375,-937.5,0.0,492.1875,-843.75,242.1875
1729344,-273.4375,695.3125,687.5,-156.25,-773.4375,656.25,85.9375,-1000.0,164.0625,359.375,-929.6875,0.0,492.1875,-851.5625,242.1875
1729344,-273.4375,695.3125,687.5,-156.25,-773.4375,656.25,85.9375,-1000.0,164.0625,359.375,-929.6875,0.0,492.1875,-851.5625,242.1875
1729344,-265.625,687.5,687.5,-164.0625,-773.4375,648.4375,85.9375,-1000.0,156.25,367.1875,-945.3125,-7.8125,500.0,-843.75,242.1875
1729344,-265.625,687.5,687.5,-164.0625,-773.4375,648.4375,85.9375,-1000.0,156.25,367.1875,-945.3125,-7.8125,500.0,-843.75,242.1875
1729352,-265.625,679.6875,695.3125,-164.0625,-781.25,648.4375,78.125,-1007.8125,164.0625,359.375,-937.5,-15.625,484.375,-843.75,234.375
1729352,-265.625,679.6875,695.3125,-164.0625,-781.25,648.4375,78.125,-1007.8125,164.0625,359.375,-937.5,-15.625,484.375,-843.75,234.375
1729498,-273.4375,679.6875,703.125,-156.25,-781.25,648.4375,78.125,-1007.8125,156.25,367.1875,-937.5,-7.8125,492.1875,-843.75,234.375
1729498,-273.4375,679.6875,703.125,-156.25,-781.25,648.4375,78.125,-1007.8125,156.25,367.1875,-937.5,-7.8125,492.1875,-843.75,234.375
1729506,-273.4375,679.6875,695.3125,-164.0625,-789.0625,648.4375,78.125,-1015.625,164.0625,359.375,-945.3125,-15.625,492.1875,-843.75,242.1875
1729506,-273.4375,679.6875,695.3125,-164.0625,-789.0625,648.4375,78.125,-1015.625,164.0625,359.375,-945.3125,-15.625,492.1875,-843.75,242.1875
1729506,-265.625,687.5,695.3125,-164.0625,-789.0625,656.25,70.3125,-1015.625,156.25,367.1875,-945.3125,-7.8125,484.375,-843.75,234.375
1729506,-265.625,687.5,695.3125,-164.0625,-789.0625,656.25,70.3125,-1015.625,156.25,367.1875,-945.3125,-7.8125,484.375,-843.75,234.375
1729514,-273.4375,687.5,695.3125,-164.0625,-781.25,656.25,78.125,-1015.625,164.0625,359.375,-937.5,0.0,492.1875,-851.5625,242.1875
1729514,-273.4375,687.5,695.3125,-164.0625,-781.25,656.25,78.125,-1015.625,164.0625,359.375,-937.5,0.0,492.1875,-851.5625,242.1875
1729659,-257.8125,687.5,695.3125,-148.4375,-789.0625,656.25,78.125,-1000.0,164.0625,359.375,-937.5,0.0,492.1875,-843.75,242.1875
1729659,-257.8125,687.5,695.3125,-148.4375,-789.0625,656.25,78.125,-1000.0,164.0625,359.375,-937.5,0.0,492.1875,-843.75,242.1875
1729667,-265.625,695.3125,695.3125,-156.25,-773.4375,656.25,85.9375,-1000.0,171.875,359.375,-937.5,0.0,500.0,-835.9375,234.375
1729667,-265.625,695.3125,695.3125,-156.25,-773.4375,656.25,85.9375,-1000.0,171.875,359.375,-937.5,0.0,500.0,-835.9375,234.375
1729667,-257.8125,687.5,687.5,-148.4375,-781.25,656.25,85.9375,-1000.0,164.0625,359.375,-937.5,7.8125,492.1875,-843.75,234.375
1729667,-257.8125,687.5,687.5,-148.4375,-781.25,656.25,85.9375,-1000.0,164.0625,359.375,-937.5,7.8125,492.1875,-843.75,234.375
1729675,-265.625,695.3125,695.3125,-156.25,-781.25,664.0625,78.125,-1007.8125,164.0625,367.1875,-937.5,0.0,492.1875,-843.75,242.1875
1729675,-265.625,695.3125,695.3125,-156.25,-781.25,664.0625,78.125,-1007.8125,164.0625,367.1875,-937.5,0.0,492.1875,-843.75,242.1875
1729819,-265.625,695.3125,687.5,-156.25,-781.25,664.0625,78.125,-1007.8125,164.0625,367.1875,-945.3125,-7.8125,492.1875,-843.75,234.375
1729819,-265.625,695.3125,687.5,-156.25,-781.25,664.0625,78.125,-1007.8125,164.0625,367.1875,-945.3125,-7.8125,492.1875,-843.75,234.375
1729828,-257.8125,687.5,695.3125,-148.4375,-781.25,656.25,93.75,-1000.0,164.0625,359.375,-937.5,-7.8125,484.375,-843.75,234.375
1729828,-257.8125,687.5,695.3125,-148.4375,-781.25,656.25,93.75,-1000.0,164.0625,359.375,-937.5,-7.8125,484.375,-843.75,234.375
1729828,-265.625,687.5,687.5,-156.25,-781.25,656.25,85.9375,-1000.0,164.0625,367.1875,-937.5,-7.8125,500.0,-843.75,234.375
1729828,-265.625,687.5,687.5,-156.25,-781.25,656.25,85.9375,-1000.0,164.0625,367.1875,-937.5,-7.8125,500.0,-843.75,234.375
1729836,-265.625,687.5,695.3125,-156.25,-781.25,656.25,78.125,-1000.0,156.25,367.1875,-937.5,-7.8125,492.1875,-843.75,242.1875
1729836,-265.625,687.5,695.3125,-156.25,-781.25,656.25,78.125,-1000.0,156.25,367.1875,-937.5,-7.8125,492.1875,-843.75,242.1875
1729981,-265.625,687.5,687.5,-164.0625,-781.25,656.25,85.9375,-1000.0,164.0625,359.375,-937.5,7.8125,492.1875,-843.75,242.1875
1729981,-265.625,687.5,687.5,-164.0625,-781.25,656.25,85.9375,-1000.0,164.0625,359.375,-937.5,7.8125,492.1875,-843.75,242.1875
1729989,-265.625,679.6875,695.3125,-156.25,-781.25,656.25,78.125,-1000.0,164.0625,367.1875,-929.6875,-7.8125,492.1875,-843.75,234.375
1729989,-265.625,679.6875,695.3125,-156.25,-781.25,656.25,78.125,-1000.0,164.0625,367.1875,-929.6875,-7.8125,492.1875,-843.75,234.375
1729989,-265.625,687.5,687.5,-156.25,-773.4375,648.4375,85.9375,-1007.8125,164.0625,367.1875,-929.6875,-7.8125,500.0,-843.75,234.375
1729989,-265.625,687.5,687.5,-156.25,-773.4375,648.4375,85.9375,-1007.8125,164.0625,367.1875,-929.6875,-7.8125,500.0,-843.75,234.375
1729997,-250.0,687.5,687.5,-164.0625,-781.25,656.25,85.9375,-1007.8125,171.875,367.1875,-937.5,0.0,492.1875,-851.5625,242.1875
1729997,-250.0,687.5,687.5,-164.0625,-781.25,656.25,85.9375,-1007.8125,171.875,367.1875,-937.5,0.0,492.1875,-851.5625,242.1875
1730102,-203.125,789.0625,726.5625,93.75,-335.9375,960.9375,70.3125,-984.375,218.75,445.3125,-1015.625,62.5,570.3125,-906.25,375.0
1730102,-203.125,789.0625,726.5625,93.75,-335.9375,960.9375,70.3125,-984.375,218.75,445.3125,-1015.625,62.5,570.3125,-906.25,375.0
1730110,-234.375,789.0625,679.6875,-171.875,-773.4375,906.25,210.9375,-1023.4375,257.8125,460.9375,-1015.625,54.6875,531.25,-875.0,289.0625
1730110,-234.375,789.0625,679.6875,-171.875,-773.4375,906.25,210.9375,-1023.4375,257.8125,460.9375,-1015.625,54.6875,531.25,-875.0,289.0625
1730110,-171.875,750.0,656.25,-171.875,-921.875,773.4375,156.25,-1007.8125,242.1875,406.25,-1007.8125,-15.625,562.5,-890.625,312.5
1730110,-171.875,750.0,656.25,-171.875,-921.875,773.4375,156.25,-1007.8125,242.1875,406.25,-1007.8125,-15.625,562.5,-890.625,312.5
1730118,-171.875,789.0625,718.75,-85.9375,-867.1875,843.75,85.9375,-1054.6875,234.375,460.9375,-1031.25,54.6875,546.875,-906.25,328.125
1730118,-171.875,789.0625,718.75,-85.9375,-867.1875,843.75,85.9375,-1054.6875,234.375,460.9375,-1031.25,54.6875,546.875,-906.25,328.125
1730175,7.8125,960.9375,695.3125,-39.0625,-843.75,1039.0625,429.6875,-1187.5,617.1875,843.75,-1117.1875,437.5,1015.625,-882.8125,867.1875
1730175,7.8125,960.9375,695.3125,-39.0625,-843.75,1039.0625,429.6875,-1187.5,617.1875,843.75,-1117.1875,437.5,1015.625,-882.8125,867.1875
1730183,39.0625,953.125,664.0625,-93.75,-843.75,1093.75,445.3125,-1187.5,742.1875,960.9375,-1281.25,500.0,992.1875,-976.5625,953.125
1730183,39.0625,953.125,664.0625,-93.75,-843.75,1093.75,445.3125,-1187.5,742.1875,960.9375,-1281.25,500.0,992.1875,-976.5625,953.125
1730191,109.375,1015.625,617.1875,-23.4375,-914.0625,1203.125,523.4375,-1250.0,765.625,1015.625,-1382.8125,570.3125,1015.625,-1031.25,1015.625
1730191,109.375,1015.625,617.1875,-23.4375,-914.0625,1203.125,523.4375,-1250.0,765.625,1015.625,-1382.8125,570.3125,1015.625,-1031.25,1015.625
1730191,125.0,1070.3125,578.125,31.25,-796.875,1242.1875,500.0,-1343.75,773.4375,1039.0625,-1328.125,617.1875,1000.0,-1218.75,828.125
1730191,125.0,1070.3125,578.125,31.25,-796.875,1242.1875,500.0,-1343.75,773.4375,1039.0625,-1328.125,617.1875,1000.0,-1218.75,828.125
1730336,-304.6875,1054.6875,625.0,-164.0625,-1039.0625,906.25,242.1875,-1312.5,187.5,656.25,-1125.0,70.3125,757.8125,-1007.8125,234.375
1730336,-304.6875,1054.6875,625.0,-164.0625,-1039.0625,906.25,242.1875,-1312.5,187.5,656.25,-1125.0,70.3125,757.8125,-1007.8125,234.375
1730344,-375.0,1023.4375,554.6875,-195.3125,-1015.625,851.5625,210.9375,-1273.4375,171.875,617.1875,-1085.9375,54.6875,718.75,-1015.625,195.3125
1730344,-375.0,1023.4375,554.6875,-195.3125,-1015.625,851.5625,210.9375,-1273.4375,171.875,617.1875,-1085.9375,54.6875,718.75,-1015.625,195.3125
1730352,-437.5,984.375,523.4375,-226.5625,-992.1875,812.5,187.5,-1226.5625,156.25,585.9375,-1054.6875,39.0625,671.875,-1000.0,171.875
1730352,-437.5,984.375,523.4375,-226.5625,-992.1875,812.5,187.5,-1226.5625,156.25,585.9375,-1054.6875,39.0625,671.875,-1000.0,171.875
1730352,-500.0,960.9375,476.5625,-234.375,-976.5625,757.8125,179.6875,-1195.3125,148.4375,554.6875,-1046.875,31.25,632.8125,-1000.0,156.25
1730352,-500.0,960.9375,476.5625,-234.375,-976.5625,757.8125,179.6875,-1195.3125,148.4375,554.6875,-1046.875,31.25,632.8125,-1000.0,156.25
1730417,-453.125,414.0625,382.8125,-460.9375,-1000.0,-7.8125,-93.75,-1070.3125,-343.75,289.0625,-992.1875,-351.5625,539.0625,-890.625,15.625
1730417,-453.125,414.0625,382.8125,-460.9375,-1000.0,-7.8125,-93.75,-1070.3125,-343.75,289.0625,-992.1875,-351.5625,539.0625,-890.625,15.625
1730425,-414.0625,460.9375,359.375,-468.75,-976.5625,0.0,-93.75,-1093.75,-351.5625,289.0625,-1015.625,-398.4375,523.4375,-828.125,0.0
1730425,-414.0625,460.9375,359.375,-468.75,-976.5625,0.0,-93.75,-1093.75,-351.5625,289.0625,-1015.625,-398.4375,523.4375,-828.125,0.0
1730433,-398.4375,492.1875,320.3125,-468.75,-953.125,0.0,-101.5625,-1070.3125,-351.5625,265.625,-1007.8125,-398.4375,468.75,-820.3125,-101.5625
1730433,-398.4375,492.1875,320.3125,-468.75,-953.125,0.0,-101.5625,-1070.3125,-351.5625,265.625,-1007.8125,-398.4375,468.75,-820.3125,-101.5625
1730433,-429.6875,500.0,265.625,-453.125,-945.3125,31.25,-93.75,-1054.6875,-328.125,273.4375,-984.375,-406.25,398.4375,-882.8125,-156.25
1730433,-429.6875,500.0,265.625,-453.125,-945.3125,31.25,-93.75,-1054.6875,-328.125,273.4375,-984.375,-406.25,398.4375,-882.8125,-156.25
1730498,31.25,750.0,406.25,-460.9375,-695.3125,54.6875,-500.0,-812.5,-390.625,-359.375,-828.125,-546.875,-171.875,-914.0625,-375.0
1730498,31.25,750.0,406.25,-460.9375,-695.3125,54.6875,-500.0,-812.5,-390.625,-359.375,-828.125,-546.875,-171.875,-914.0625,-375.0
1730505,0.0,750.0,375.0,-445.3125,-640.625,85.9375,-523.4375,-820.3125,-375.0,-429.6875,-835.9375,-523.4375,-257.8125,-937.5,-421.875
1730505,0.0,750.0,375.0,-445.3125,-640.625,85.9375,-523.4375,-820.3125,-375.0,-429.6875,-835.9375,-523.4375,-257.8125,-937.5,-421.875
1730513,-23.4375,742.1875,367.1875,-453.125,-664.0625,93.75,-546.875,-828.125,-320.3125,-476.5625,-828.125,-500.0,-390.625,-914.0625,-468.75
1730513,-23.4375,742.1875,367.1875,-453.125,-664.0625,93.75,-546.875,-828.125,-320.3125,-476.5625,-828.125,-500.0,-390.625,-914.0625,-468.75
1730513,-39.0625,695.3125,296.875,-468.75,-671.875,78.125,-539.0625,-828.125,-304.6875,-515.625,-820.3125,-460.9375,-421.875,-851.5625,-515.625
1730513,-39.0625,695.3125,296.875,-468.75,-671.875,78.125,-539.0625,-828.125,-304.6875,-515.625,-820.3125,-460.9375,-421.875,-851.5625,-515.625
1730659,-414.0625,632.8125,-882.8125,-101.5625,789.0625,804.6875,-328.125,507.8125,867.1875,-664.0625,250.0,789.0625,-890.625,281.25,281.25
1730659,-414.0625,632.8125,-882.8125,-101.5625,789.0625,804.6875,-328.125,507.8125,867.1875,-664.0625,250.0,789.0625,-890.625,281.25,281.25
1730667,-421.875,640.625,-835.9375,-117.1875,750.0,812.5,-289.0625,453.125,914.0625,-585.9375,195.3125,835.9375,-890.625,242.1875,328.125
1730667,-421.875,640.625,-835.9375,-117.1875,750.0,812.5,-289.0625,453.125,914.0625,-585.9375,195.3125,835.9375,-890.625,242.1875,328.125
1730675,-398.4375,601.5625,-781.25,-148.4375,656.25,812.5,-226.5625,367.1875,960.9375,-476.5625,109.375,882.8125,-843.75,226.5625,406.25
1730675,-398.4375,601.5625,-781.25,-148.4375,656.25,812.5,-226.5625,367.1875,960.9375,-476.5625,109.375,882.8125,-843.75,226.5625,406.25
1730675,-382.8125,531.25,-757.8125,-156.25,617.1875,812.5,-195.3125,320.3125,976.5625,-398.4375,15.625,929.6875,-812.5,148.4375,507.8125
1730675,-382.8125,531.25,-757.8125,-156.25,617.1875,812.5,-195.3125,320.3125,976.5625,-398.4375,15.625,929.6875,-812.5,148.4375,507.8125
1730819,-31.25,992.1875,-265.625,-70.3125,-359.375,1023.4375,-85.9375,-773.4375,828.125,-85.9375,-976.5625,695.3125,-476.5625,-921.875,703.125
1730819,-31.25,992.1875,-265.625,-70.3125,-359.375,1023.4375,-85.9375,-773.4375,828.125,-85.9375,-976.5625,695.3125,-476.5625,-921.875,703.125
1730828,23.4375,1023.4375,-210.9375,-31.25,-406.25,992.1875,-70.3125,-796.875,789.0625,-101.5625,-968.75,648.4375,-468.75,-914.0625,640.625
1730828,23.4375,1023.4375,-210.9375,-31.25,-406.25,992.1875,-70.3125,-796.875,789.0625,-101.5625,-968.75,648.4375,-468.75,-914.0625,640.625
1730835,78.125,1062.5,-164.0625,23.4375,-445.3125,984.375,-23.4375,-789.0625,757.8125,-15.625,-968.75,625.0,-484.375,-906.25,570.3125
1730835,78.125,1062.5,-164.0625,23.4375,-445.3125,984.375,-23.4375,-789.0625,757.8125,-15.625,-968.75,625.0,-484.375,-906.25,570.3125
1730835,117.1875,1101.5625,-140.625,78.125,-500.0,984.375,23.4375,-828.125,726.5625,0.0,-968.75,601.5625,-484.375,-890.625,492.1875
1730835,117.1875,1101.5625,-140.625,78.125,-500.0,984.375,23.4375,-828.125,726.5625,0.0,-968.75,601.5625,-484.375,-890.625,492.1875
1730982,-62.5,265.625,-1648.4375,226.5625,1703.125,750.0,164.0625,1414.0625,1132.8125,-195.3125,1093.75,1492.1875,-921.875,1187.5,828.125
1730982,-62.5,265.625,-1648.4375,226.5625,1703.125,750.0,164.0625,1414.0625,1132.8125,-195.3125,1093.75,1492.1875,-921.875,1187.5,828.125
1730989,-62.5,234.375,-1617.1875,203.125,1617.1875,710.9375,148.4375,1367.1875,1101.5625,-218.75,1031.25,1351.5625,-929.6875,1281.25,515.625
1730989,-62.5,234.375,-1617.1875,203.125,1617.1875,710.9375,148.4375,1367.1875,1101.5625,-218.75,1031.25,1351.5625,-929.6875,1281.25,515.625
1730996,-132.8125,250.0,-1546.875,148.4375,1531.25,664.0625,85.9375,1335.9375,1023.4375,-367.1875,1046.875,1210.9375,-898.4375,1195.3125,367.1875
1730996,-132.8125,250.0,-1546.875,148.4375,1531.25,664.0625,85.9375,1335.9375,1023.4375,-367.1875,1046.875,1210.9375,-898.4375,1195.3125,367.1875
1730996,-257.8125,234.375,-1546.875,171.875,1484.375,640.625,46.875,1367.1875,953.125,-421.875,1109.375,1078.125,-851.5625,1023.4375,304.6875
1730996,-257.8125,234.375,-1546.875,171.875,1484.375,640.625,46.875,1367.1875,953.125,-421.875,1109.375,1078.125,-851.5625,1023.4375,304.6875
1731062,-54.6875,367.1875,-1054.6875,460.9375,906.25,937.5,484.375,625.0,1046.875,140.625,312.5,1187.5,-546.875,312.5,976.5625
1731062,-54.6875,367.1875,-1054.6875,460.9375,906.25,937.5,484.375,625.0,1046.875,140.625,312.5,1187.5,-546.875,312.5,976.5625
1731070,-7.8125,656.25,-1140.625,601.5625,804.6875,937.5,484.375,460.9375,1023.4375,101.5625,265.625,1125.0,-554.6875,265.625,867.1875
1731070,-7.8125,656.25,-1140.625,601.5625,804.6875,937.5,484.375,460.9375,1023.4375,101.5625,265.625,1125.0,-554.6875,265.625,867.1875
1731078,78.125,914.0625,-1078.125,671.875,789.0625,1070.3125,562.5,398.4375,1093.75,70.3125,210.9375,1085.9375,-593.75,203.125,734.375
1731078,78.125,914.0625,-1078.125,671.875,789.0625,1070.3125,562.5,398.4375,1093.75,70.3125,210.9375,1085.9375,-593.75,203.125,734.375
1731078,-31.25,710.9375,-1125.0,453.125,648.4375,757.8125,617.1875,179.6875,1148.4375,93.75,117.1875,1117.1875,-554.6875,7.8125,781.25
1731078,-31.25,710.9375,-1125.0,453.125,648.4375,757.8125,617.1875,179.6875,1148.4375,93.75,117.1875,1117.1875,-554.6875,7.8125,781.25
1731143,54.6875,1546.875,-101.5625,312.5,-695.3125,1296.875,296.875,-1085.9375,945.3125,62.5,-1117.1875,640.625,-312.5,-1070.3125,437.5
1731143,54.6875,1546.875,-101.5625,312.5,-695.3125,1296.875,296.875,-1085.9375,945.3125,62.5,-1117.1875,640.625,-312.5,-1070.3125,437.5
1731151,31.25,1445.3125,-62.5,242.1875,-781.25,1171.875,195.3125,-1234.375,843.75,31.25,-1281.25,585.9375,-328.125,-1289.0625,539.0625
1731151,31.25,1445.3125,-62.5,242.1875,-781.25,1171.875,195.3125,-1234.375,843.75,31.25,-1281.25,585.9375,-328.125,-1289.0625,539.0625
1731158,0.0,1296.875,171.875,148.4375,-953.125,1148.4375,85.9375,-1351.5625,765.625,62.5,-1468.75,554.6875,-296.875,-1429.6875,617.1875
1731158,0.0,1296.875,171.875,148.4375,-953.125,1148.4375,85.9375,-1351.5625,765.625,62.5,-1468.75,554.6875,-296.875,-1429.6875,617.1875
1731159,0.0,1179.6875,210.9375,23.4375,-1046.875,1062.5,15.625,-1476.5625,703.125,93.75,-1632.8125,546.875,-289.0625,-1570.3125,671.875
1731159,0.0,1179.6875,210.9375,23.4375,-1046.875,1062.5,15.625,-1476.5625,703.125,93.75,-1632.8125,546.875,-289.0625,-1570.3125,671.875
1731304,-148.4375,226.5625,-1390.625,398.4375,1101.5625,851.5625,460.9375,289.0625,1046.875,78.125,54.6875,1164.0625,-585.9375,-15.625,1007.8125
1731304,-148.4375,226.5625,-1390.625,398.4375,1101.5625,851.5625,460.9375,289.0625,1046.875,78.125,54.6875,1164.0625,-585.9375,-15.625,1007.8125
1731312,-242.1875,242.1875,-1406.25,437.5,625.0,750.0,468.75,570.3125,1101.5625,93.75,351.5625,1304.6875,-648.4375,382.8125,1023.4375
1731312,-242.1875,242.1875,-1406.25,437.5,625.0,750.0,468.75,570.3125,1101.5625,93.75,351.5625,1304.6875,-648.4375,382.8125,1023.4375
1731320,-109.375,296.875,-1296.875,398.4375,1031.25,718.75,539.0625,695.3125,1171.875,70.3125,500.0,1390.625,-726.5625,601.5625,1046.875
1731320,-109.375,296.875,-1296.875,398.4375,1031.25,718.75,539.0625,695.3125,1171.875,70.3125,500.0,1390.625,-726.5625,601.5625,1046.875
1731320,117.1875,367.1875,-1242.1875,351.5625,1242.1875,750.0,468.75,929.6875,1195.3125,31.25,640.625,1437.5,-789.0625,718.75,1054.6875
1731320,117.1875,367.1875,-1242.1875,351.5625,1242.1875,750.0,468.75,929.6875,1195.3125,31.25,640.625,1437.5,-789.0625,718.75,1054.6875
