1710233,8.75,-52.5,74.375
1710233,8.75,-52.5,74.375
1710243,-39.375,-48.125,96.25
1710243,-39.375,-48.125,96.25
1710395,-109.375,56.875,17.5
1710395,-109.375,56.875,17.5
1710404,-144.375,96.25,56.875
1710404,-144.375,96.25,56.875
1710556,-13.125,-8.75,13.125
1710556,-13.125,-8.75,13.125
1710566,-21.875,-8.75,21.875
1710566,-21.875,-8.75,21.875
1710637,-4.375,-4.375,17.5
1710637,-4.375,-4.375,17.5
1710647,-4.375,-4.375,26.25
1710647,-4.375,-4.375,26.25
1710798,-56.875,48.125,13.125
1710798,-56.875,48.125,13.125
1710807,-65.625,39.375,4.375
1710807,-65.625,39.375,4.375
1710960,17.5,-26.25,4.375
1710960,17.5,-26.25,4.375
1710970,4.375,-26.25,35.0
1710970,4.375,-26.25,35.0
1711040,-65.625,-17.5,-70.0
1711040,-65.625,-17.5,-70.0
1711050,-43.75,-26.25,-48.125
1711050,-43.75,-26.25,-48.125
1711202,-100.625,-26.25,13.125
1711202,-100.625,-26.25,13.125
1711212,-126.875,-13.125,35.0
1711212,-126.875,-13.125,35.0
1711362,-39.375,-26.25,-4.375
1711362,-39.375,-26.25,-4.375
1711373,-17.5,-35.0,-17.5
1711373,-17.5,-35.0,-17.5
1711525,-30.625,-8.75,-52.5
1711525,-30.625,-8.75,-52.5
1711535,-39.375,0.0,-48.125
1711535,-39.375,0.0,-48.125
1711685,35.0,-30.625,-56.875
1711685,35.0,-30.625,-56.875
1711696,39.375,-39.375,-52.5
1711696,39.375,-39.375,-52.5
1711848,-490.0,196.875,61.25
1711848,-490.0,196.875,61.25
1711858,-612.5,310.625,223.125
1711858,-612.5,310.625,223.125
1712009,-6877.5,1286.25,7993.125
1712009,-6877.5,1286.25,7993.125
1712019,-8592.5,3325.0,6768.125
1712019,-8592.5,3325.0,6768.125
1712171,-20002.5,12718.125,-11256.875
1712171,-20002.5,12718.125,-11256.875
1712181,-21175.0,16148.125,-10530.625
1712181,-21175.0,16148.125,-10530.625
1712332,-17001.25,21231.875,5123.125
1712332,-17001.25,21231.875,5123.125
1712342,-18077.5,21686.875,7048.125
1712342,-18077.5,21686.875,7048.125
1712513,-12608.75,8505.0,12805.625
1712513,-12608.75,8505.0,12805.625
1712665,-7866.25,-4786.25,-1903.125
1712665,-7866.25,-4786.25,-1903.125
1712675,-11016.25,-2913.75,-2126.25
1712675,-11016.25,-2913.75,-2126.25
1712767,1421.875,2581.25,1513.75
1712767,1421.875,2581.25,1513.75
1712776,1141.875,3797.5,2961.875
1712776,1141.875,3797.5,2961.875
1712928,-1343.125,2716.875,3718.75
1712928,-1343.125,2716.875,3718.75
1712938,-3351.25,402.5,3220.0
1712938,-3351.25,402.5,3220.0
1713089,-4799.375,-5490.625,-6965.0
1713089,-4799.375,-5490.625,-6965.0
1713099,-4235.0,-6571.25,-6523.125
1713099,-4235.0,-6571.25,-6523.125
